484	506	482
147	155	115
115	99	111
109	97	105
94	84	101
51	44	37
73	57	49
177	173	197
49	55	53
100	104	87
178	167	193
171	195	169
147	143	174
179	179	185
177	207	194
204	186	204
237	215	209
214	268	248
385	405	405
195	213	208
188	161	157
153	113	129
79	83	75
45	59	53
217	243	243
67	71	64
29	41	22
18	23	26
20	24	16
50	48	56
79	73	70
272	296	296
246	237	208
305	299	298
305	296	318
289	338	287
340	345	338
328	310	319
307	291	298
290	311	299
338	321	352
261	301	291
451	460	478
225	227	222
175	170	148
155	136	143
122	128	125
71	76	73
143	147	145
15	19	21
16	14	13
29	24	19
33	29	27
58	61	54
111	108	104
291	291	276
283	289	285
375	315	331
365	376	357
437	379	400
304	300	311
301	292	319
271	279	303
316	328	323
380	344	374
354	398	384
440	454	472
193	191	184
183	165	178
126	133	136
147	132	128
72	100	99
169	173	154
38	24	41
13	18	14
16	11	16
17	22	19
61	62	73
114	113	113
293	275	275
288	292	292
366	321	364
337	340	307
351	351	362
342	331	376
281	292	303
306	284	299
354	362	359
387	415	400
378	321	317
548	508	564
244	214	213
206	191	178
163	160	164
109	114	130
69	60	59
227	194	198
39	37	59
30	28	21
24	22	20
13	26	22
44	45	38
37	50	35
160	149	142
130	141	155
201	191	183
237	212	244
237	277	242
320	304	292
232	232	248
256	247	227
252	217	221
261	238	241
272	270	279
486	495	451
178	175	211
169	160	152
119	123	119
126	122	149
120	106	103
271	294	282
40	34	46
24	30	30
23	25	16
17	9	11
41	39	34
27	32	32
129	137	122
107	97	85
198	161	180
273	273	280
284	272	260
249	248	265
272	254	286
229	235	221
208	244	261
292	270	252
269	257	261
495	457	502
181	191	149
155	158	171
147	135	138
112	148	134
79	62	73
174	182	178
24	22	22
12	11	19
13	14	30
27	32	22
89	90	96
126	144	150
434	423	393
371	333	365
342	305	332
308	364	366
302	337	351
333	345	312
326	326	319
340	358	351
412	382	359
392	429	415
504	429	433
648	666	622
191	197	183
145	140	155
119	111	115
119	120	154
76	50	45
124	158	139
18	35	16
13	13	10
17	21	9
39	48	35
71	61	59
152	144	146
428	426	408
335	392	373
370	404	397
406	361	370
383	395	423
389	360	339
400	390	339
302	283	311
375	357	368
431	430	395
410	440	432
526	549	564
197	231	214
177	156	158
148	150	156
96	91	104
61	73	56
131	134	137
29	24	22
22	19	15
27	26	18
36	38	34
68	79	90
186	194	201
417	417	427
403	378	410
384	400	393
376	395	411
381	428	375
361	385	374
424	380	378
402	382	402
408	395	451
415	408	388
451	438	456
598	571	564
232	226	268
196	208	172
103	116	114
120	90	104
54	49	53
127	132	122
14	17	26
14	19	22
10	20	13
33	30	37
89	107	102
152	172	141
420	431	450
372	350	349
437	414	429
447	430	422
434	412	419
378	381	383
404	400	386
370	374	369
375	390	396
469	458	477
450	442	427
580	587	581
237	227	232
182	232	177
158	149	139
128	109	113
83	83	86
180	160	148
20	14	25
11	7	14
13	13	15
54	41	56
103	111	92
172	170	158
422	409	446
359	367	346
395	439	391
383	396	393
322	359	390
418	429	385
352	350	354
388	401	394
342	329	393
462	466	449
446	427	441
577	554	597
224	268	256
166	176	166
180	187	206
163	166	155
88	91	91
229	218	201
48	41	47
12	18	21
15	19	17
23	30	26
45	52	50
93	84	75
182	167	200
152	150	143
243	241	225
313	290	276
287	257	273
261	283	259
270	310	307
266	271	278
283	233	247
293	247	258
313	321	327
567	517	545
159	166	141
143	145	136
123	87	104
144	134	156
104	114	124
322	298	327
64	52	52
36	37	44
25	29	28
22	33	20
21	26	22
65	56	64
153	176	156
121	114	107
170	152	167
245	272	277
241	250	235
286	281	288
264	279	246
261	272	260
309	361	306
248	234	280
243	253	220
520	485	494
201	189	185
151	160	141
107	121	132
113	142	115
88	95	93
183	212	220
23	24	25
11	19	9
19	19	20
54	41	40
95	67	82
228	216	226
466	426	422
375	357	392
448	432	432
400	420	442
402	449	421
359	355	390
370	399	392
349	361	377
316	337	326
468	459	445
442	403	384
511	505	474
228	216	234
199	180	179
155	130	129
96	101	103
67	79	80
132	158	148
13	9	11
19	15	16
16	14	21
43	26	36
110	120	110
245	228	237
474	472	492
354	369	389
483	457	438
383	365	386
406	390	451
403	388	414
355	347	318
363	369	345
369	330	384
431	417	434
468	472	481
619	589	608
239	236	240
157	156	183
132	138	159
118	130	117
71	85	70
177	180	152
14	16	22
17	11	10
29	14	29
51	49	42
90	79	104
236	230	226
488	470	466
388	404	397
399	439	423
392	417	406
384	405	395
375	339	377
369	335	329
403	375	414
380	409	357
458	477	415
430	435	456
648	613	644
316	322	301
219	238	192
155	153	142
118	133	122
55	57	58
159	168	188
28	33	32
9	14	18
17	24	20
35	35	30
135	102	115
186	180	158
561	524	529
370	431	392
463	465	488
320	375	371
392	417	411
354	365	402
364	343	358
332	367	337
317	340	336
421	434	444
458	508	496
645	650	573
252	223	269
163	192	214
166	145	152
151	180	154
61	71	74
161	188	156
16	14	11
27	26	26
28	19	21
37	34	35
101	105	121
238	202	237
501	458	473
345	405	386
389	385	384
264	325	304
309	332	315
373	356	347
381	378	330
370	342	366
436	420	421
420	416	415
380	347	372
577	627	601
240	226	235
151	169	193
176	163	164
141	118	113
118	108	107
200	187	232
30	31	25
18	14	16
37	31	35
34	29	36
44	37	47
74	84	76
180	198	177
182	177	162
252	250	239
273	252	262
280	269	292
308	318	327
278	276	285
271	294	284
285	281	275
373	356	337
408	365	410
596	554	547
129	153	150
103	100	114
97	126	101
195	167	201
135	142	135
321	310	279
59	44	46
48	45	51
27	22	24
24	27	23
43	60	53
52	60	42
154	170	158
139	126	125
200	214	221
306	311	292
268	260	246
239	218	217
272	266	259
260	242	250
272	243	277
258	282	277
293	266	266
462	485	462
206	201	194
160	145	151
123	134	136
95	92	101
49	63	64
184	183	169
28	23	27
13	7	14
20	22	25
29	26	32
89	103	92
228	236	211
400	424	401
299	332	331
381	410	390
400	391	408
444	401	420
370	363	365
347	349	350
359	313	352
338	361	348
451	395	463
426	448	445
485	585	506
240	254	243
211	204	218
142	148	132
76	84	98
50	37	55
144	154	145
10	21	17
25	22	22
17	19	12
45	40	51
95	103	95
198	224	232
485	488	537
430	420	391
482	468	488
385	380	345
344	377	378
370	396	404
374	401	413
352	361	361
375	404	406
482	483	503
449	447	425
540	582	574
205	244	222
178	197	206
132	152	147
102	105	119
58	61	73
179	156	198
17	21	15
21	17	13
27	24	21
48	40	33
104	109	118
222	232	210
603	521	548
375	390	349
444	472	430
382	375	398
388	409	406
405	388	385
342	362	354
344	335	362
366	359	377
444	415	436
403	386	455
620	571	628
220	241	238
184	156	162
173	193	164
101	118	95
66	77	59
192	163	170
15	23	20
15	14	14
24	29	35
41	38	40
119	124	114
220	215	199
448	460	489
401	341	373
422	396	423
432	432	436
349	374	389
418	415	425
340	326	347
356	355	407
389	371	400
512	499	521
504	496	465
599	611	642
255	252	221
179	205	194
205	195	225
150	160	145
74	79	62
179	183	192
25	20	20
18	9	13
23	24	22
28	51	32
120	139	129
226	222	253
495	531	541
363	432	370
474	466	480
417	410	420
375	446	363
471	444	446
397	388	370
401	357	378
442	417	442
443	466	476
546	559	547
561	575	590
242	268	254
221	188	192
201	181	179
131	117	116
111	60	64
225	244	233
29	31	42
20	22	27
23	34	28
27	14	18
37	34	38
88	84	72
195	180	204
155	146	144
197	208	205
239	261	264
186	202	191
211	232	201
207	216	215
201	191	214
182	194	177
206	204	198
265	262	278
440	425	430
136	131	109
46	63	68
140	119	110
163	146	177
70	77	78
288	236	219
33	56	38
29	34	39
13	13	20
15	12	17
18	29	27
23	21	29
154	133	130
91	70	62
151	136	145
159	189	157
225	215	215
194	175	192
198	190	176
186	191	229
171	164	149
181	151	172
210	231	227
396	358	373
77	104	104
79	74	96
54	79	57
96	79	81
65	54	76
204	217	240
37	36	36
40	35	35
19	15	12
24	30	30
50	40	47
48	59	56
201	180	189
82	85	68
149	152	149
152	137	196
202	190	212
165	153	155
123	143	138
138	159	156
138	127	122
157	132	163
153	163	152
302	331	315
104	118	98
97	85	84
102	80	93
41	59	54
49	38	49
156	135	164
19	13	12
10	10	11
23	23	22
20	15	26
97	83	92
156	159	167
495	480	517
344	365	342
432	437	460
374	458	446
404	388	378
341	397	358
379	380	402
415	425	427
401	369	403
506	495	540
497	490	512
617	577	588
247	278	266
157	204	187
136	168	141
126	94	115
84	86	67
181	183	172
29	36	21
18	19	13
15	24	17
33	32	37
128	118	140
247	255	247
508	534	499
467	475	458
496	469	461
431	381	495
464	419	523
459	398	429
431	414	384
446	465	394
444	410	461
514	539	536
455	429	422
664	689	715
251	230	256
181	198	172
176	179	155
134	135	133
103	110	104
198	165	200
41	23	23
24	22	23
39	33	26
46	52	51
115	123	108
235	265	233
493	512	489
345	318	359
468	508	483
402	358	367
390	397	368
420	384	409
374	371	410
362	363	377
403	413	402
500	475	492
481	456	477
565	552	568
271	264	239
205	209	205
152	147	173
122	127	94
56	55	58
163	168	157
29	20	28
13	20	16
15	29	19
47	47	31
113	96	104
204	216	194
536	479	464
370	373	352
388	426	415
334	349	358
375	384	379
360	378	364
359	351	342
368	379	361
372	384	359
510	447	507
526	538	558
687	696	663
281	262	276
202	192	225
191	183	155
151	141	171
95	93	96
256	259	243
51	47	46
17	20	29
19	35	27
31	18	20
53	56	61
106	117	111
237	237	220
254	207	238
240	276	261
364	354	341
313	292	331
332	304	311
304	305	307
312	319	322
350	368	319
297	280	290
290	332	319
485	478	457
252	273	246
181	146	155
154	161	164
170	147	134
101	120	120
293	306	324
53	82	66
24	32	35
22	28	28
14	27	21
46	52	47
53	62	56
150	153	162
110	116	127
182	195	179
240	234	242
254	241	245
247	246	271
293	277	283
276	264	264
315	314	298
333	369	350
356	357	353
486	534	533
196	182	197
172	194	179
167	173	176
105	106	116
87	69	85
189	176	148
18	25	16
13	23	11
18	19	17
45	36	38
131	141	125
223	206	231
546	480	522
339	333	377
403	393	403
429	431	397
370	395	417
398	399	410
378	351	353
422	412	420
416	388	408
511	524	483
513	564	554
584	560	606
186	221	214
201	179	174
157	172	158
88	148	113
84	71	63
160	158	124
12	24	31
25	24	19
35	33	22
33	45	41
129	101	108
183	181	214
468	416	435
321	297	326
433	425	445
469	419	460
386	423	388
354	359	369
333	350	330
384	348	373
313	342	309
309	329	354
371	374	374
531	522	556
135	159	151
145	155	147
113	118	136
93	82	74
55	47	40
143	155	131
36	33	34
19	16	17
29	16	24
25	42	39
124	141	125
203	198	225
516	502	480
319	376	332
449	425	379
330	335	326
410	377	410
348	354	357
335	368	324
312	331	325
314	294	314
404	411	376
414	430	386
570	603	591
216	201	215
174	177	162
105	117	127
68	67	69
55	50	70
163	152	155
23	20	23
22	32	21
24	20	25
37	37	32
117	120	128
200	197	203
510	460	487
351	358	379
416	402	435
314	297	322
346	342	376
341	342	344
350	345	327
341	380	341
314	314	277
448	421	431
471	452	414
559	554	542
165	159	180
168	181	195
154	204	175
89	77	95
60	66	65
174	173	194
30	35	29
23	19	18
28	24	19
43	40	36
123	103	140
196	193	203
518	550	511
372	372	365
388	400	402
381	393	359
468	442	454
424	485	440
419	414	391
500	451	415
397	396	394
461	431	397
485	519	524
704	694	665
285	307	318
228	238	215
205	217	196
171	172	167
161	129	139
285	286	296
33	39	28
34	38	46
35	39	30
32	47	48
76	75	61
150	143	139
294	319	286
212	214	214
260	265	269
308	306	282
364	392	386
365	360	363
388	427	398
397	412	384
365	414	384
354	328	320
330	351	338
659	672	623
317	307	304
198	172	169
149	172	143
132	125	141
133	125	126
346	339	364
47	63	33
58	53	53
37	46	55
39	31	35
53	35	46
60	60	51
180	193	186
156	181	174
237	242	209
329	290	331
319	284	295
304	306	298
323	349	334
305	281	294
300	326	289
267	315	291
347	327	329
556	555	574
262	250	253
168	219	201
156	163	161
132	124	121
103	85	95
199	179	230
35	24	28
10	21	17
28	20	15
49	35	40
105	112	95
220	241	226
528	541	493
375	349	384
447	419	415
415	403	410
428	432	433
399	402	401
401	366	381
395	375	422
355	396	362
407	426	409
483	471	507
547	539	633
243	233	250
195	185	170
130	151	151
97	146	128
58	61	51
168	171	201
18	13	16
7	11	10
13	20	18
32	38	32
132	111	116
200	195	196
565	548	556
378	403	370
439	477	441
421	453	470
428	438	481
427	453	439
443	435	421
420	408	437
407	427	471
412	406	421
409	433	425
687	701	686
223	260	229
179	157	197
124	134	135
140	120	142
63	61	67
142	154	165
14	17	14
28	29	30
18	15	17
26	38	45
116	137	146
230	246	211
561	576	552
371	422	389
417	415	415
367	373	377
384	414	402
431	453	439
354	358	347
365	387	356
371	383	389
459	490	417
530	526	512
706	669	714
283	294	259
259	232	227
177	186	167
123	123	134
91	105	88
195	170	148
13	16	15
28	14	16
21	20	18
37	37	50
103	123	117
263	226	248
534	590	547
375	409	363
427	444	468
424	425	403
440	418	409
438	471	461
382	432	450
437	475	456
445	466	453
459	442	469
516	525	547
685	682	686
279	291	298
258	272	292
227	195	214
150	143	151
79	93	117
193	159	170
33	35	23
18	26	23
23	14	18
42	38	37
146	142	147
220	215	237
566	586	565
388	405	416
516	527	529
457	478	465
492	460	491
429	436	409
429	426	454
452	447	451
428	469	423
509	556	494
487	464	481
695	691	710
232	240	258
186	192	173
196	215	228
199	178	157
120	115	123
224	217	201
45	52	47
26	29	22
20	15	32
19	21	21
69	54	64
124	132	109
307	337	311
231	222	219
253	296	291
306	322	321
307	273	288
358	322	367
291	288	336
322	322	322
296	278	271
290	308	323
313	316	327
530	515	539
280	244	263
220	221	210
146	135	151
145	134	152
136	157	170
358	366	336
51	41	68
40	28	37
39	32	32
22	26	25
57	51	47
33	44	51
204	230	228
141	131	158
235	231	239
277	298	270
295	290	287
361	388	366
397	367	365
375	381	362
349	348	365
328	300	359
287	303	308
559	571	590
272	238	247
164	209	204
115	158	142
122	113	129
78	87	76
219	230	219
32	24	18
21	31	35
30	29	27
41	26	35
124	118	144
230	211	235
546	526	559
397	428	438
502	510	495
473	443	468
478	444	460
438	421	455
434	450	450
433	428	371
441	441	462
538	510	488
578	599	570
658	657	602
301	319	267
239	231	210
188	191	193
123	144	131
51	67	72
154	166	166
45	31	34
13	14	9
22	26	22
60	48	53
145	132	142
191	204	220
540	472	497
371	364	332
441	449	455
440	460	435
433	414	419
460	450	469
415	463	415
380	400	426
318	321	329
423	377	437
427	454	430
570	592	593
223	209	211
140	120	134
142	168	143
133	113	115
45	49	45
142	135	153
23	26	29
25	17	30
36	28	32
20	27	29
101	105	83
199	217	215
436	447	442
322	323	357
361	408	388
290	325	319
341	361	381
351	343	312
337	285	340
343	378	350
414	400	382
370	359	396
435	426	453
595	640	640
207	200	202
144	147	155
110	120	125
116	109	117
71	72	59
147	137	134
16	19	16
18	23	25
18	13	18
35	36	39
113	119	94
204	189	181
508	509	479
284	325	319
410	430	389
408	444	447
423	407	404
407	402	446
402	431	392
412	414	435
378	356	366
456	461	427
442	461	487
665	651	664
273	249	254
167	218	196
155	162	147
173	174	156
95	99	63
225	221	217
37	28	32
35	30	20
21	12	20
28	41	31
96	119	110
181	168	168
480	479	493
417	377	387
445	507	498
359	400	382
444	401	395
433	439	421
334	404	353
409	432	397
467	467	513
460	462	420
475	480	460
677	689	623
215	208	212
154	128	127
181	207	214
214	226	192
167	167	175
266	222	267
58	50	47
44	33	33
39	23	19
30	29	26
55	51	53
145	100	139
229	223	241
238	205	224
284	288	281
264	308	281
301	294	311
270	308	298
350	334	333
313	295	325
316	345	361
334	335	334
379	382	336
614	631	626
154	135	145
86	89	101
113	103	124
244	241	240
166	155	145
327	355	341
75	66	63
39	57	48
27	26	43
39	37	30
35	28	32
48	63	51
153	162	197
146	148	140
214	220	194
281	263	281
290	348	318
342	349	349
289	310	316
325	322	335
319	269	307
285	296	338
309	339	339
492	463	511
206	244	210
188	174	200
166	174	192
95	112	120
77	78	64
213	221	181
40	49	41
29	25	20
33	25	26
61	64	55
141	136	146
185	162	185
406	453	442
365	382	338
435	425	408
435	411	381
477	500	486
393	373	410
431	406	403
360	388	371
369	381	405
411	407	428
556	511	531
533	561	549
285	265	286
238	208	229
148	190	153
100	113	111
64	56	59
174	180	190
14	29	33
23	31	26
16	18	21
26	35	28
122	150	129
195	197	206
532	468	485
299	333	313
448	399	464
388	388	396
364	341	345
365	377	372
382	416	396
439	399	396
408	402	382
422	422	446
431	458	483
624	597	561
181	208	191
179	182	175
143	154	123
86	94	85
65	62	58
141	142	151
15	20	13
18	20	22
20	15	16
38	34	33
107	105	114
198	203	184
484	460	452
319	313	338
397	406	407
315	319	332
314	336	359
334	344	354
290	302	315
415	397	409
416	427	397
449	445	479
500	519	531
622	657	641
258	268	272
212	230	200
184	172	181
95	110	101
45	47	38
150	151	160
13	13	18
30	29	27
19	8	14
54	31	49
110	96	88
187	190	212
485	498	475
357	318	341
405	389	413
418	417	431
532	461	453
439	461	458
357	371	356
391	415	421
412	411	338
417	414	426
467	461	490
671	621	666
232	204	219
185	160	147
166	167	159
98	87	105
71	72	74
168	149	170
29	28	28
19	26	22
27	29	33
51	35	41
98	89	89
181	201	210
425	452	424
304	277	310
362	402	389
316	314	343
394	371	336
385	372	369
498	519	527
520	481	526
449	451	469
499	516	495
518	485	439
663	688	645
317	295	274
236	250	237
229	206	203
177	159	185
127	143	125
272	278	258
66	42	49
31	25	28
37	38	33
47	45	41
97	79	72
112	131	100
302	312	283
229	225	228
334	332	319
337	315	305
296	322	312
355	325	329
360	375	355
349	339	367
327	333	336
326	334	317
374	339	365
566	621	537
262	235	229
223	195	210
182	167	182
180	186	193
115	119	127
316	327	358
72	72	57
57	61	44
35	43	35
33	29	22
54	50	48
56	52	72
185	182	183
143	135	131
229	225	258
265	271	253
281	260	276
334	365	359
321	270	300
353	341	328
270	288	302
369	306	344
374	429	387
504	505	556
207	215	214
194	211	179
153	171	151
110	95	99
49	55	59
201	180	208
18	20	18
30	29	24
24	22	22
47	52	27
105	92	95
197	168	161
450	470	451
341	288	298
406	394	424
362	343	367
350	375	346
336	331	281
318	288	303
302	302	358
353	339	329
383	387	374
397	424	411
561	586	559
208	218	197
158	162	158
124	141	150
95	93	108
31	43	53
122	146	132
27	22	18
27	23	16
28	31	21
34	29	45
124	105	106
175	188	160
427	483	464
342	358	353
468	475	513
391	417	395
420	461	448
395	436	401
412	378	410
382	336	335
302	328	311
454	422	403
401	419	417
573	615	562
268	237	254
220	185	224
185	179	152
93	89	94
69	53	62
183	190	168
31	25	28
15	10	14
44	32	34
36	29	28
105	153	141
185	211	194
489	489	478
295	296	288
424	439	443
397	367	409
377	348	375
354	384	349
334	340	344
428	377	379
374	398	394
492	510	499
479	429	471
720	688	691
317	296	270
295	270	237
218	193	203
143	150	132
69	59	61
194	177	181
11	20	15
25	30	25
30	23	23
47	42	39
152	145	159
197	210	185
516	493	562
392	395	375
541	546	539
400	375	400
452	455	387
476	425	460
454	409	428
455	475	450
447	462	448
468	491	487
481	487	461
692	680	708
316	328	323
302	277	294
268	201	209
145	152	159
67	66	67
175	182	168
24	27	23
14	6	9
10	10	12
30	41	34
116	126	119
228	239	243
512	525	523
422	429	408
433	392	419
465	443	459
433	399	404
387	415	402
379	396	410
419	466	403
472	430	419
455	460	440
463	478	476
611	627	580
270	290	300
231	227	216
167	190	178
166	191	157
97	87	78
301	295	288
50	41	59
30	24	23
38	29	35
17	18	25
48	51	47
115	102	93
227	232	249
185	159	189
282	286	292
332	279	314
317	325	315
350	355	370
336	370	305
350	378	352
346	347	343
423	414	414
355	306	334
605	633	599
203	191	222
207	191	190
240	224	186
118	154	135
117	113	108
366	357	305
56	51	65
53	42	37
28	30	25
28	28	17
45	32	36
45	55	56
180	191	178
93	102	92
172	173	183
244	249	258
208	233	236
283	308	263
267	266	256
254	259	275
260	304	250
299	332	296
371	376	379
611	620	618
227	233	212
168	171	174
158	162	134
130	155	149
110	118	115
303	284	263
58	49	55
41	34	48
21	24	40
25	31	34
51	65	54
108	115	126
428	448	438
123	127	113
176	187	164
186	164	182
144	148	149
89	104	90
130	119	115
116	124	126
152	148	163
213	190	194
207	161	183
360	374	346
143	165	153
147	113	133
96	85	106
75	83	85
41	45	45
138	137	141
28	27	22
16	13	16
25	31	22
33	34	43
98	113	82
149	140	164
444	442	491
426	413	431
513	516	534
551	472	521
469	457	490
463	526	501
487	474	478
522	493	446
494	472	457
551	578	601
552	596	572
805	744	793
320	339	342
275	271	272
201	193	176
127	134	116
60	56	47
184	165	141
20	39	26
19	20	24
19	15	14
31	19	18
105	85	111
195	211	170
467	451	457
347	338	315
371	423	390
357	426	400
408	384	423
336	355	352
327	358	356
438	475	468
533	487	543
587	594	585
525	544	550
750	732	686
352	361	345
282	301	296
319	291	331
197	190	208
109	95	104
195	194	185
19	14	21
33	30	15
24	32	33
34	38	37
138	158	147
206	248	248
635	568	568
429	461	414
572	487	519
478	494	490
438	438	469
515	472	527
453	468	420
477	476	468
520	451	487
508	512	538
441	461	477
694	698	759
281	299	304
204	213	195
211	200	220
197	166	183
117	135	144
222	201	193
26	31	27
19	27	18
32	27	29
38	35	34
150	147	122
261	248	243
526	513	526
414	414	434
521	530	564
435	444	454
488	477	501
507	466	479
478	502	459
442	479	429
544	567	534
528	583	611
560	578	597
713	755	734
387	364	364
326	319	307
299	297	292
227	217	225
127	122	119
247	265	255
52	66	55
28	31	30
48	63	58
46	42	37
88	92	70
148	126	125
321	326	272
240	237	231
261	285	298
330	343	334
342	335	321
386	410	406
373	370	351
370	309	366
347	349	393
391	350	386
380	398	410
667	685	659
250	264	257
207	154	190
173	189	190
253	259	289
170	150	157
387	362	362
61	48	74
51	53	62
69	53	44
28	38	31
62	61	61
83	85	76
214	219	196
201	184	161
257	258	294
296	322	329
340	343	334
378	348	338
351	355	342
338	329	373
342	297	342
303	276	290
334	343	324
542	531	567
260	293	272
191	231	234
174	162	164
150	151	125
109	100	98
220	188	201
22	27	23
30	27	24
21	28	19
36	36	38
104	126	115
259	293	263
531	522	490
359	343	361
463	444	475
482	492	539
489	424	458
453	507	484
508	533	499
429	424	438
430	450	417
546	549	531
565	577	560
657	667	672
294	276	272
196	179	178
174	149	156
112	135	128
59	50	61
174	168	172
19	23	13
17	27	21
18	30	9
35	47	23
129	140	131
214	214	208
554	539	520
420	434	440
519	482	504
425	432	446
431	445	462
449	463	438
399	412	409
383	411	386
466	431	470
514	545	539
573	538	552
685	631	650
280	284	265
246	217	202
178	169	196
145	131	151
100	101	88
188	181	169
30	26	26
24	21	27
24	20	23
45	37	30
129	126	122
185	212	223
627	569	647
391	384	383
500	413	414
338	359	374
437	456	453
436	403	443
423	468	406
432	431	403
441	475	456
601	555	596
593	555	619
721	706	669
322	288	272
273	302	288
262	289	280
144	134	141
87	99	86
182	184	173
20	19	15
22	25	33
17	16	22
38	46	46
124	125	122
297	281	301
526	579	568
392	394	421
482	530	519
428	389	414
416	426	447
437	451	413
435	450	445
412	410	383
432	481	440
467	466	476
426	437	446
627	658	643
230	268	252
212	236	221
177	168	182
140	138	138
76	73	85
204	185	204
24	27	16
19	24	20
26	38	25
47	44	44
101	133	93
271	249	262
522	543	517
420	401	454
513	440	470
467	396	449
431	473	441
402	368	389
536	518	490
389	420	406
406	433	411
465	449	435
459	468	463
638	594	619
254	242	221
220	216	206
158	172	168
207	197	173
121	121	116
350	315	324
75	88	79
29	33	21
39	46	57
31	29	52
54	55	60
115	104	112
257	280	264
258	250	258
297	305	295
368	347	334
416	427	393
272	301	284
289	328	285
327	325	317
345	333	339
320	343	326
346	345	399
389	408	397
117	108	106
95	93	71
110	99	76
166	151	161
67	94	84
236	242	269
31	40	36
20	21	24
10	10	13
30	28	26
44	63	51
43	37	35
168	159	136
99	104	96
224	225	224
215	221	233
225	223	243
342	334	344
219	239	233
243	224	233
204	217	189
277	272	243
230	253	219
450	518	445
174	166	181
134	102	109
100	92	102
94	103	90
68	67	65
228	218	218
28	42	47
21	27	28
22	36	21
55	49	53
111	118	97
205	191	209
459	523	498
343	314	341
431	482	443
420	447	442
389	413	393
473	509	450
348	357	380
365	335	305
441	454	444
573	529	594
539	548	565
673	712	712
331	290	284
269	249	310
183	168	183
87	108	93
89	91	94
179	146	173
17	19	19
8	16	18
28	24	28
29	30	28
108	133	125
189	197	204
480	459	473
344	329	366
408	462	432
415	419	479
400	381	407
404	400	441
383	420	390
436	417	414
435	443	420
511	486	531
515	485	483
678	703	680
339	329	317
224	269	268
188	179	188
157	153	155
95	86	89
166	142	164
16	23	16
10	13	12
18	22	28
39	41	53
103	98	110
280	264	271
569	563	543
434	405	424
519	486	477
445	430	466
422	412	418
435	430	422
503	451	412
407	407	395
490	461	443
472	479	482
456	550	474
625	660	636
290	311	285
220	221	255
219	227	224
164	157	161
76	87	70
211	188	181
13	15	16
20	18	13
32	31	41
44	41	48
147	125	120
248	249	254
466	490	473
427	387	395
458	416	452
427	442	471
405	454	431
443	397	470
411	402	392
424	366	377
364	381	361
424	453	432
437	441	483
694	659	626
252	283	260
227	209	212
210	216	203
113	129	117
112	113	106
188	192	186
38	23	24
25	30	21
26	25	22
22	22	23
104	126	143
227	241	238
501	494	525
359	362	384
519	527	501
406	400	429
448	453	413
419	425	450
465	453	478
437	412	424
406	417	381
550	527	567
504	516	530
700	671	668
335	343	303
261	240	250
274	278	285
153	196	154
133	131	132
286	290	266
50	49	63
49	48	42
33	43	38
45	43	61
59	74	48
81	92	72
227	233	225
209	188	216
315	279	288
297	347	349
339	341	372
368	389	385
370	372	363
356	358	380
377	389	390
396	433	418
314	298	308
572	550	581
366	321	333
226	222	210
177	195	157
130	170	146
109	117	102
313	288	303
63	58	53
37	50	49
39	59	50
31	36	25
47	31	35
41	36	40
170	212	209
146	164	155
233	250	251
281	267	294
314	341	315
361	381	372
328	329	347
287	288	291
250	293	288
324	298	287
323	323	344
550	565	544
237	248	208
140	191	179
172	159	164
96	104	101
80	67	57
188	204	165
38	32	36
7	5	15
21	18	19
37	43	41
112	121	120
221	202	192
513	441	461
370	367	384
473	495	499
426	464	426
454	368	437
449	420	437
365	356	391
373	366	324
397	414	406
399	428	417
468	492	505
657	587	600
270	274	284
266	286	273
156	143	162
95	91	96
64	73	73
159	134	142
29	12	27
23	18	17
16	21	23
51	32	39
137	136	157
259	277	240
488	465	492
446	430	405
481	500	462
464	420	442
456	507	462
462	451	477
461	443	394
413	428	414
460	414	426
511	502	476
446	488	497
625	616	603
242	276	263
217	215	245
233	241	244
157	157	130
76	86	87
157	190	193
37	34	25
33	25	31
57	58	60
40	41	39
122	121	122
231	251	254
494	510	542
378	375	388
458	456	487
401	430	421
431	439	412
402	426	438
440	408	375
445	449	477
427	465	462
438	458	447
468	480	475
619	645	605
248	273	257
220	240	238
162	196	183
187	190	197
87	91	67
151	176	158
22	19	17
21	12	17
27	21	28
59	49	50
119	114	122
248	230	243
501	478	466
324	349	341
474	429	466
406	401	385
425	385	392
397	406	402
441	428	454
370	380	371
396	372	388
529	487	431
431	462	458
577	637	634
283	266	253
235	202	243
167	196	200
127	132	130
71	73	81
189	197	174
27	30	38
20	27	17
23	26	30
54	53	38
116	124	134
217	246	234
505	515	516
434	443	436
453	472	440
405	376	438
402	406	408
420	431	403
379	377	356
409	410	447
478	495	474
476	497	457
509	515	546
683	706	680
283	289	271
290	308	292
265	270	234
170	182	169
104	105	109
286	279	281
43	38	41
45	46	30
23	37	22
30	56	41
40	58	47
112	118	116
259	266	297
181	179	148
227	265	243
324	314	316
349	392	330
429	359	364
379	318	357
325	309	328
317	340	312
294	318	297
373	374	358
503	468	458
233	256	211
206	165	183
133	126	123
155	188	186
122	96	113
295	284	296
39	43	42
198	227	221
32	38	38
33	21	33
62	49	70
79	69	87
227	242	223
187	143	141
139	139	160
159	167	168
168	164	195
214	229	218
332	327	328
289	293	313
288	297	281
268	317	283
299	355	305
540	531	547
277	226	246
160	150	145
124	125	130
109	113	88
67	60	54
195	174	185
28	28	20
30	35	27
28	31	26
53	38	42
113	104	116
186	187	182
504	487	524
394	387	389
375	446	412
417	436	425
333	400	404
393	416	407
417	384	424
380	388	410
409	432	406
406	404	390
486	483	449
550	570	579
298	278	285
163	153	151
155	183	181
133	146	119
72	79	77
149	148	138
26	18	30
22	22	15
10	11	12
37	29	42
97	92	97
216	224	218
480	470	468
349	361	381
379	360	407
425	410	418
369	373	350
405	390	372
443	415	440
414	445	473
447	428	469
490	494	470
451	418	452
553	558	555
305	331	282
267	247	298
184	208	215
117	104	113
55	71	64
155	149	156
16	24	20
11	17	20
20	20	21
40	41	44
103	99	117
200	166	170
492	488	468
292	352	327
381	384	410
380	337	352
457	443	438
454	393	403
389	425	386
362	345	366
390	396	399
393	404	458
428	436	453
622	611	574
215	228	256
176	192	180
185	164	148
140	135	158
66	71	94
168	193	165
22	13	20
10	12	17
22	26	27
58	36	51
102	111	84
225	179	199
478	525	460
349	350	341
423	428	421
377	439	351
419	423	426
342	374	316
331	407	361
359	368	375
379	388	362
401	378	385
390	409	417
581	560	543
302	325	303
240	288	271
210	213	197
120	129	126
93	115	86
157	173	165
40	40	32
17	22	14
24	23	24
44	31	39
109	101	113
176	204	188
497	508	470
362	390	342
460	400	424
366	395	405
381	378	371
402	410	412
386	400	380
435	448	422
466	446	452
445	450	481
481	490	424
599	617	646
294	272	269
250	224	197
190	170	222
195	172	180
100	107	92
252	287	285
52	43	45
38	31	40
24	35	29
38	37	34
48	35	37
86	90	85
256	275	260
187	200	206
229	212	264
279	283	259
361	354	366
336	325	337
292	286	235
288	295	309
296	296	289
375	353	317
323	328	318
651	567	651
223	193	195
130	143	126
129	140	133
165	181	215
166	162	152
358	348	350
68	72	83
36	48	41
48	47	40
56	48	40
31	29	26
31	38	32
151	146	144
115	140	131
237	218	232
275	254	257
312	291	299
329	301	282
286	337	315
312	330	297
403	377	379
279	293	283
294	297	281
474	486	490
265	259	251
171	171	164
153	142	149
82	102	88
62	76	70
201	193	178
44	29	47
19	21	14
23	33	20
46	41	37
99	103	101
220	180	174
403	417	464
382	343	351
422	440	428
400	367	400
416	406	368
371	407	358
358	353	324
333	351	307
357	346	390
441	417	445
411	415	413
537	502	554
241	239	228
169	172	166
187	191	194
126	108	97
79	64	58
154	177	166
34	32	25
20	20	13
21	21	26
50	45	29
99	95	126
200	193	171
473	466	477
314	318	298
404	458	413
427	420	395
357	363	347
377	390	380
386	440	379
433	431	411
414	415	419
426	368	335
408	396	405
633	593	608
292	286	258
241	245	231
132	127	138
90	109	95
54	71	68
158	167	169
37	33	49
16	28	21
23	16	13
54	41	41
142	137	130
204	215	244
492	507	483
443	354	418
458	454	454
385	411	361
388	407	382
375	327	348
370	409	381
413	413	391
462	409	438
443	447	445
433	466	456
622	564	587
268	271	271
172	169	210
164	196	159
113	127	107
54	69	75
203	163	162
29	30	25
15	19	7
22	26	34
33	32	28
130	150	138
206	220	205
486	512	485
401	390	401
455	455	446
456	442	431
419	426	415
388	426	446
431	424	439
517	473	475
505	457	474
491	499	527
487	541	541
680	700	741
311	324	335
259	236	264
198	228	222
178	178	167
153	137	154
294	270	278
33	44	37
33	26	26
20	22	23
24	33	38
46	47	36
77	85	96
270	246	248
122	132	114
213	198	197
244	258	256
245	270	247
240	278	271
290	293	296
332	298	309
287	259	303
240	256	216
209	183	216
579	550	555
271	292	298
283	285	270
139	160	170
137	164	151
91	121	110
230	249	292
45	54	51
50	45	50
17	15	24
17	17	19
32	35	43
77	64	63
212	222	214
127	179	159
208	250	210
251	263	263
295	294	275
234	245	252
268	254	231
295	264	283
269	264	272
298	303	332
426	403	404
607	628	615
179	196	208
141	119	139
107	119	130
237	258	246
170	192	192
355	390	343
73	87	74
21	35	33
46	59	47
35	27	16
29	38	42
48	60	45
187	179	203
113	107	117
181	159	163
236	240	246
274	288	312
338	304	350
259	291	284
184	151	203
190	205	180
253	246	270
266	234	233
480	496	487
264	290	229
182	166	184
145	127	164
112	127	112
86	90	81
262	263	228
44	40	40
30	34	38
24	21	22
28	36	35
50	46	48
64	65	77
225	192	240
118	112	143
164	160	152
256	209	192
246	267	290
214	245	215
222	209	225
224	276	247
229	236	226
233	249	230
259	274	270
370	385	366
167	189	188
168	161	173
146	119	128
63	81	84
50	42	50
140	133	149
32	20	26
22	31	29
26	21	27
36	34	32
91	102	100
140	166	145
439	431	487
344	370	346
381	409	360
456	432	440
427	432	420
409	363	395
427	426	436
412	385	400
432	390	478
442	465	429
452	454	463
565	569	581
240	277	252
221	202	209
145	122	153
114	122	127
74	71	89
120	126	129
33	25	23
20	18	31
16	45	32
20	29	26
102	122	107
195	211	203
482	502	455
406	412	424
476	467	440
401	431	415
486	450	429
392	398	371
415	443	416
421	470	443
441	438	444
607	565	542
489	469	533
618	587	605
349	366	330
247	249	221
215	200	207
197	197	160
112	128	101
274	314	287
43	39	46
38	39	37
50	37	41
45	60	53
31	32	56
64	49	70
251	249	242
134	124	133
176	190	201
229	253	202
233	243	220
221	218	218
264	234	272
263	252	229
225	231	236
259	262	258
244	257	235
409	422	382
205	214	225
160	175	192
127	162	146
132	116	114
58	72	81
194	182	192
33	27	36
31	30	24
26	24	18
70	61	59
106	93	108
170	162	188
477	494	482
394	401	372
441	425	461
475	436	461
499	511	459
495	482	440
445	429	443
410	410	456
449	495	491
567	515	583
514	579	503
611	671	590
346	335	365
280	271	253
211	206	184
161	164	152
126	124	132
237	273	245
47	46	50
35	35	25
38	34	40
34	28	20
41	55	42
79	82	73
217	204	212
228	206	212
263	263	291
347	378	379
343	376	387
345	357	368
383	397	411
364	324	386
403	385	399
371	368	431
347	353	320
598	616	665
306	317	297
220	230	220
156	135	150
143	194	172
145	136	141
306	312	329
71	53	71
54	45	42
53	43	47
29	35	38
46	33	48
40	51	55
162	156	174
144	144	100
222	230	216
280	294	285
310	287	255
245	257	256
289	283	249
284	266	279
293	312	283
301	292	290
307	294	294
484	492	530
180	166	179
162	161	153
143	118	124
91	116	108
58	63	53
215	175	176
34	22	26
17	15	11
25	26	33
37	37	35
145	148	159
270	264	260
525	513	475
371	402	359
550	482	547
450	464	469
498	484	465
437	445	442
444	466	456
415	420	416
519	491	474
545	528	565
573	534	562
681	620	677
262	291	285
277	310	290
164	185	193
119	111	124
70	78	78
147	155	152
16	8	14
36	36	33
32	20	22
35	47	44
128	143	155
214	210	233
506	506	487
477	441	450
566	530	546
401	400	402
488	520	533
459	452	427
482	424	471
443	446	459
392	377	418
464	529	488
511	526	546
666	646	643
251	245	234
208	177	221
224	241	233
155	177	174
54	45	60
182	159	175
28	30	35
29	31	29
36	47	40
32	35	26
145	149	119
261	213	245
544	531	489
500	454	503
586	569	582
445	451	478
498	511	497
448	498	490
475	454	469
432	413	415
494	450	492
532	555	590
582	516	546
675	719	704
361	321	361
282	293	260
251	235	219
164	200	189
98	119	112
178	186	192
40	49	47
25	21	31
31	26	34
64	57	51
118	137	125
247	293	273
599	606	617
459	469	502
564	491	571
519	494	473
466	507	467
451	472	437
435	442	451
474	486	466
436	404	463
594	529	553
512	546	503
672	661	661
284	317	279
302	301	301
306	285	283
183	181	188
118	119	135
204	201	229
28	36	23
20	28	25
60	46	57
46	51	39
144	110	142
220	239	248
555	535	562
496	480	492
551	528	533
459	483	445
490	502	565
456	435	474
422	435	469
526	521	527
510	559	500
676	664	622
636	626	646
799	797	807
272	318	286
155	178	189
186	162	178
213	218	218
223	211	215
310	275	285
56	58	69
48	45	45
41	45	48
47	33	34
87	83	101
126	120	104
256	252	253
215	224	220
311	349	334
399	366	363
329	336	318
327	328	322
386	363	332
345	381	343
356	386	349
509	429	453
451	425	416
686	677	632
164	165	190
139	140	131
136	124	132
315	281	307
198	194	190
396	349	337
60	56	73
45	55	47
74	43	74
48	48	53
57	60	52
58	55	77
194	190	192
183	202	162
217	235	221
362	356	331
354	372	370
532	499	503
403	389	387
281	279	279
288	328	318
370	356	368
399	412	364
492	482	488
224	258	231
143	159	164
149	110	140
108	132	106
79	90	96
150	151	149
40	36	26
25	25	21
27	17	14
43	36	32
122	126	134
208	237	214
457	445	469
433	460	431
514	537	494
419	479	454
387	396	426
408	412	464
428	417	422
393	411	397
455	420	392
435	439	427
445	457	436
565	597	583
286	309	305
205	230	185
141	154	143
117	114	116
45	44	55
131	142	151
9	18	17
34	40	35
29	32	29
26	36	30
95	101	104
204	214	189
513	478	467
442	377	376
477	458	497
392	385	413
474	419	387
447	451	384
381	370	357
455	381	380
416	410	456
424	472	475
535	610	506
590	584	599
277	272	277
191	207	262
165	184	183
110	112	112
72	66	91
155	135	146
21	29	18
14	34	27
35	24	30
25	33	33
117	154	122
221	211	225
504	582	567
486	457	481
518	470	502
487	482	508
467	465	460
433	447	465
437	440	429
437	442	404
436	395	431
529	482	511
497	516	474
684	616	696
307	311	319
277	264	255
216	220	198
175	138	190
81	83	64
188	170	160
18	33	28
27	31	33
18	32	24
28	35	39
123	135	133
279	281	266
559	545	520
477	522	507
573	529	562
415	495	466
459	511	523
518	502	492
517	532	536
461	508	470
483	491	445
514	531	531
620	565	561
672	636	637
337	319	302
285	276	271
228	250	278
171	164	165
93	103	110
222	208	208
37	27	34
31	29	36
35	30	33
48	36	45
130	121	132
257	227	256
553	536	558
497	510	486
552	553	566
458	478	490
477	532	583
485	454	458
547	511	463
541	541	527
511	539	531
585	538	604
604	612	608
789	806	779
352	351	350
264	298	269
267	299	270
218	198	198
141	130	152
280	259	242
50	58	75
46	60	53
70	60	49
43	51	49
68	64	61
168	167	193
286	314	286
231	229	238
405	384	394
392	377	371
334	376	366
415	386	416
401	401	362
352	364	341
403	371	367
447	442	461
463	437	458
672	683	693
289	288	313
239	247	244
240	227	219
280	260	261
170	165	179
363	387	342
67	67	63
45	35	44
40	43	52
33	28	32
68	43	51
60	50	45
181	169	156
179	170	218
321	285	291
342	358	368
345	350	341
459	402	457
429	433	450
325	349	326
364	415	347
392	411	449
391	413	432
492	474	530
222	217	257
188	183	204
136	152	159
114	120	135
109	135	103
194	206	214
20	20	34
28	26	18
27	24	32
52	52	38
154	147	116
229	212	234
576	535	548
502	474	506
601	565	601
546	515	489
560	548	499
562	556	490
461	495	461
447	470	451
498	564	521
590	604	564
601	599	594
560	604	605
322	339	314
410	345	387
253	239	218
139	159	164
76	101	86
173	180	177
41	38	26
24	26	23
34	34	39
55	35	42
157	172	175
247	261	245
626	594	591
522	526	518
548	503	518
458	401	467
455	492	466
449	458	444
538	479	482
523	487	506
518	569	514
582	583	580
648	632	670
714	729	727
291	272	281
266	285	279
247	266	259
200	197	199
130	89	135
177	183	164
33	45	34
20	24	16
41	43	38
39	45	43
167	159	197
299	263	310
623	558	594
509	508	514
582	555	538
588	522	557
436	431	460
439	413	399
464	456	477
499	472	468
459	501	491
485	486	495
518	519	508
621	656	693
334	358	364
312	303	318
289	296	315
221	216	207
127	131	147
194	180	201
19	23	26
40	38	26
27	35	41
41	43	44
125	136	150
245	259	260
585	590	569
513	518	537
540	612	593
452	476	470
527	491	443
512	541	522
452	409	425
396	431	433
509	502	520
526	515	541
584	585	579
754	786	747
257	272	271
228	268	241
281	280	273
214	220	222
130	148	131
235	236	217
24	32	29
22	28	30
24	22	21
62	58	67
145	116	140
332	328	302
583	618	606
453	445	452
489	510	523
494	537	524
479	497	478
485	483	503
483	494	495
524	529	521
516	495	516
607	584	602
616	623	564
719	745	703
306	345	330
273	300	282
238	240	248
233	228	220
179	150	162
250	300	287
84	76	73
34	54	46
57	37	40
32	40	41
105	104	80
158	139	156
337	304	282
248	227	227
318	368	317
332	331	339
364	336	380
394	397	379
312	352	313
414	368	375
373	404	416
409	436	406
455	479	501
714	693	691
243	205	222
181	168	187
171	176	172
231	281	275
217	213	193
401	397	416
65	73	74
51	70	72
81	70	75
46	51	41
75	60	82
72	72	70
170	187	205
148	149	185
230	210	235
264	261	284
353	341	315
372	353	391
323	366	359
354	344	297
345	309	337
313	315	313
342	346	374
545	544	550
224	224	208
172	194	176
151	179	155
129	114	127
74	88	78
172	174	201
25	41	32
14	26	28
41	31	23
53	51	50
138	134	102
294	272	230
523	540	530
487	506	439
588	595	557
506	509	521
474	572	492
425	490	442
478	482	473
501	513	460
516	477	484
540	539	553
548	533	522
629	657	673
346	331	340
276	270	292
247	226	207
155	151	160
73	85	88
142	160	155
42	39	34
17	22	25
35	43	42
68	54	54
158	155	141
293	266	276
564	573	562
480	534	482
625	581	597
493	464	487
554	565	577
573	509	545
468	459	423
502	506	552
469	539	541
577	577	550
580	543	527
626	693	708
368	382	386
284	313	296
217	212	208
144	203	169
73	75	80
160	150	168
34	25	35
13	16	16
27	23	29
49	46	55
134	134	139
274	294	282
556	603	572
517	529	535
574	592	619
553	554	556
546	533	528
484	491	469
565	551	526
465	530	443
526	493	502
612	611	619
596	594	615
694	680	724
365	346	382
282	270	276
232	246	239
178	181	210
103	94	94
169	175	190
70	72	81
31	38	26
33	36	41
56	55	58
162	166	152
332	300	302
643	597	661
512	532	507
570	578	606
467	474	484
461	489	450
460	540	489
469	508	502
463	455	452
523	540	549
539	521	568
548	567	596
650	706	677
323	327	310
285	304	328
258	300	277
157	121	159
118	129	120
218	209	188
32	34	43
27	33	24
49	54	44
42	35	40
157	138	180
239	209	219
556	555	582
543	514	548
517	542	523
487	484	497
464	432	459
604	504	549
499	532	469
530	514	528
540	536	540
702	673	655
648	607	588
703	711	707
359	317	340
321	276	283
270	300	294
234	260	212
98	123	107
326	332	352
69	66	67
65	67	51
27	30	37
41	37	33
105	84	82
175	151	182
307	330	341
212	258	238
355	333	371
371	340	391
365	387	397
532	499	525
493	434	510
381	450	453
477	446	428
424	436	409
495	528	491
568	642	651
264	274	261
201	211	199
230	227	206
193	189	189
183	154	146
403	421	396
80	71	89
65	53	47
55	50	66
34	41	52
56	83	56
78	63	84
264	213	220
185	199	204
322	346	313
361	340	383
394	382	418
514	441	478
427	445	416
478	484	484
418	447	427
376	408	377
356	359	356
665	640	625
313	287	276
222	245	236
213	197	198
142	133	130
91	84	88
248	241	240
29	23	27
28	29	18
39	31	38
41	38	35
161	160	162
243	214	236
579	589	605
499	480	488
569	603	627
571	561	555
508	499	516
522	542	518
464	535	492
405	431	434
485	474	476
587	575	616
658	610	610
596	623	585
301	292	288
250	267	260
229	234	239
118	131	120
62	65	64
162	163	154
41	29	34
24	29	29
63	29	57
40	28	45
130	168	132
298	282	277
588	562	597
545	562	568
539	504	539
561	530	548
474	554	491
544	528	528
457	485	488
517	507	562
572	573	530
533	534	521
609	586	571
778	721	746
345	318	307
351	330	343
272	262	264
133	157	157
101	84	127
165	145	179
42	39	48
14	20	19
29	32	32
30	32	25
172	139	159
278	290	283
606	622	621
564	529	517
602	634	606
500	504	496
539	539	519
516	502	526
526	537	505
492	511	522
437	443	496
512	521	505
523	510	519
655	702	706
339	356	339
257	230	258
259	247	229
152	162	171
120	104	101
174	190	184
19	38	26
38	33	24
28	35	31
41	38	50
193	157	169
304	300	277
584	618	639
474	532	465
589	610	614
535	570	551
523	567	505
488	538	530
523	545	574
476	462	457
451	460	471
537	507	525
555	531	526
609	674	582
364	386	364
421	436	456
325	294	309
160	140	148
82	90	97
231	172	194
36	38	36
20	21	28
24	36	34
41	34	49
130	131	132
250	225	246
519	515	549
438	414	424
561	551	565
528	538	513
541	507	507
477	496	435
522	510	526
564	586	551
464	475	476
639	636	599
538	562	565
755	725	713
261	295	285
225	232	206
203	212	208
233	231	289
202	210	223
327	309	328
86	89	72
38	42	47
68	40	45
37	47	43
39	73	44
164	160	153
336	311	343
269	274	275
337	311	347
332	371	314
377	383	394
316	338	346
342	365	366
326	364	366
341	352	355
397	392	389
419	450	447
657	702	694
267	263	275
219	184	205
237	236	189
208	206	205
171	184	191
428	376	396
98	118	103
53	43	50
51	54	54
21	40	32
62	62	73
68	50	52
160	216	169
216	208	212
253	268	260
281	273	312
381	362	365
350	329	327
365	335	369
313	308	340
310	325	321
377	361	356
362	340	316
507	494	509
199	224	247
161	157	193
204	199	185
115	111	101
73	87	74
149	137	147
33	26	29
21	19	18
27	21	17
42	50	48
127	145	150
228	243	240
553	532	595
461	479	455
568	547	558
518	510	445
474	508	491
515	471	475
449	501	400
395	371	379
422	462	400
519	542	550
648	689	683
614	660	621
368	336	375
368	349	331
257	250	201
153	163	161
111	111	95
165	173	189
33	32	42
19	20	38
20	34	30
25	43	34
170	153	147
217	213	207
616	599	628
518	526	519
525	544	562
494	502	403
521	526	519
504	553	553
532	503	511
485	492	431
518	503	550
585	541	536
557	540	574
678	737	659
318	313	329
324	364	299
259	288	241
227	214	214
118	99	98
186	197	200
26	17	32
25	8	17
30	30	37
48	43	46
143	136	137
281	316	326
659	675	693
543	520	494
635	620	603
503	496	494
500	486	514
521	500	490
521	530	484
530	496	515
503	465	513
632	625	631
542	583	574
683	694	716
341	384	341
304	278	260
225	211	255
139	141	134
96	84	78
193	173	190
25	24	30
28	31	25
26	19	27
41	40	40
134	140	146
219	243	223
566	591	561
473	494	508
558	527	571
448	487	496
518	515	510
450	386	432
481	555	525
507	476	537
522	525	535
561	557	534
553	585	594
653	669	699
307	309	278
310	293	296
263	288	243
196	219	222
101	91	132
218	211	200
39	46	35
12	19	17
28	18	29
43	39	51
119	143	134
264	277	286
629	610	622
537	554	552
580	568	616
580	584	530
553	522	557
493	517	524
508	531	525
532	460	539
535	552	521
628	695	670
654	662	653
815	799	811
463	455	451
332	301	290
320	291	293
213	187	210
187	139	222
306	312	296
55	85	73
52	40	48
54	49	52
44	39	30
59	51	54
120	117	100
315	286	286
286	246	238
329	329	327
435	412	440
439	497	479
544	517	476
472	424	458
488	408	461
398	397	407
414	430	460
517	506	485
625	632	606
302	304	307
226	253	241
228	240	224
260	213	226
143	189	173
353	381	354
95	94	91
51	41	53
74	77	68
31	33	30
33	46	40
67	59	71
155	166	148
202	177	171
279	252	259
369	388	361
313	266	313
366	359	346
400	426	382
424	404	397
339	352	361
382	407	372
389	394	418
689	702	578
267	330	320
241	237	241
222	225	212
194	186	175
107	135	128
252	272	255
34	37	34
49	47	37
48	51	62
30	36	50
53	65	52
129	156	161
542	512	486
193	148	175
264	232	243
252	256	277
238	235	226
202	245	235
214	218	212
226	255	212
250	274	242
275	315	293
292	318	308
484	471	512
220	249	229
165	165	150
159	164	157
73	76	83
49	47	51
184	139	137
19	13	20
27	32	27
33	27	29
42	39	35
143	107	124
230	240	214
526	597	572
519	495	474
637	669	679
543	524	560
542	508	504
536	513	495
487	487	539
527	554	537
576	515	499
623	662	680
690	659	662
796	808	830
407	395	400
286	328	333
292	237	278
206	144	189
96	99	115
173	178	170
17	17	19
14	23	29
29	28	31
50	48	48
165	155	152
277	281	304
629	629	640
494	505	483
623	606	610
583	566	522
604	534	546
480	510	523
481	505	494
509	473	470
520	487	538
542	561	577
508	484	527
773	780	752
294	307	284
187	193	192
189	196	238
179	199	180
151	139	159
157	167	156
20	23	15
29	40	42
40	39	42
54	70	54
115	105	135
277	281	255
633	645	613
487	442	433
643	661	589
578	566	578
594	570	599
499	500	508
545	545	557
544	522	566
578	564	546
622	587	614
598	595	578
753	791	749
265	303	319
395	323	378
285	292	291
213	198	189
107	86	93
172	191	183
40	37	33
21	24	26
40	36	49
55	56	40
126	138	133
260	251	277
593	596	621
533	553	533
587	621	647
486	488	505
510	493	470
496	515	506
530	540	479
562	562	523
616	641	637
678	653	679
637	613	623
760	770	775
272	239	263
203	206	229
236	212	236
314	349	332
261	296	299
358	314	310
104	99	111
47	44	36
42	37	52
51	52	39
89	66	85
176	146	141
294	295	297
241	255	240
367	380	347
365	342	375
411	385	412
419	418	432
345	365	375
409	385	376
385	385	393
477	430	464
484	504	494
651	721	704
216	202	212
151	142	161
212	227	224
342	342	357
230	248	243
428	454	435
130	132	145
73	70	71
92	82	74
40	35	36
85	74	71
60	57	77
185	207	227
206	205	209
241	280	275
335	325	321
357	344	369
371	359	376
342	350	344
365	333	365
374	372	392
356	369	333
414	408	451
603	606	564
234	225	233
183	173	147
160	134	122
137	132	135
93	74	85
158	170	170
23	31	25
20	24	23
39	35	32
31	65	45
158	144	161
310	312	292
575	569	603
538	538	515
589	565	586
522	530	495
532	539	530
522	484	513
470	456	495
502	516	490
479	457	488
554	594	560
608	589	560
689	647	665
397	418	378
352	329	350
251	258	226
165	171	141
104	107	107
150	162	179
37	37	36
31	29	31
39	35	32
68	65	62
153	133	122
312	267	272
692	649	586
492	496	453
610	602	636
518	522	529
547	512	494
453	485	527
558	571	537
501	505	521
498	483	533
547	519	548
600	588	581
766	740	758
380	347	368
357	359	348
218	211	203
194	188	171
106	110	106
189	176	207
32	39	37
26	26	19
28	45	28
38	38	36
152	157	173
280	280	296
651	629	652
575	607	572
533	598	549
544	568	556
530	495	526
510	478	458
512	504	560
514	537	507
548	536	490
551	581	561
607	605	611
799	785	782
505	537	535
412	468	448
308	355	334
185	166	189
92	102	89
177	199	187
33	39	31
16	25	18
30	22	37
44	49	46
173	150	151
230	251	248
654	679	668
511	551	507
690	656	675
485	499	506
547	522	503
511	450	498
509	444	482
523	536	512
589	597	582
657	601	609
597	597	583
747	788	779
319	353	338
394	414	411
285	296	317
189	222	219
110	115	133
220	216	173
42	37	40
33	46	33
30	23	26
43	44	39
126	156	134
266	267	264
629	569	621
465	485	485
565	610	593
532	509	477
523	545	533
506	522	526
493	523	541
550	510	568
528	534	527
617	631	613
566	590	578
810	788	797
336	366	367
330	334	313
282	284	299
220	222	225
149	144	142
286	299	322
58	55	78
32	44	37
20	32	27
27	30	31
81	81	75
156	171	163
314	275	328
259	259	246
345	374	329
351	342	365
444	407	418
402	365	357
385	400	396
412	428	425
487	506	493
510	525	574
453	483	431
622	651	674
347	373	390
294	263	286
228	227	263
184	212	198
214	202	214
383	357	344
76	67	70
39	46	30
62	55	43
44	44	39
86	66	56
64	50	61
205	199	201
205	187	212
273	306	260
374	328	335
371	379	369
495	500	498
424	427	437
527	508	512
533	523	470
369	357	368
402	369	379
708	674	668
379	361	328
255	241	221
172	188	185
117	125	130
107	101	98
177	198	165
17	17	30
23	16	19
22	27	26
58	67	52
143	143	151
246	233	231
552	530	508
514	535	509
598	645	632
554	616	583
540	491	508
538	502	546
544	518	571
476	425	448
451	436	450
549	508	526
686	645	673
711	693	755
351	342	334
393	396	382
219	247	285
164	157	146
75	63	82
151	157	152
24	25	31
23	33	23
23	32	20
46	64	46
164	155	154
233	280	255
560	636	601
525	535	572
566	570	582
474	515	523
479	496	536
428	486	490
463	487	475
495	478	477
469	463	459
555	595	601
562	600	550
762	794	765
332	309	337
296	305	256
257	225	242
150	166	159
85	80	98
199	191	174
32	27	38
19	22	20
19	24	19
47	57	46
156	153	106
257	266	261
646	613	616
587	556	520
614	655	591
552	579	641
563	552	555
562	541	538
447	472	472
485	514	496
487	531	562
564	624	577
638	594	675
743	811	738
307	278	267
221	249	281
269	297	309
169	161	165
90	90	84
186	182	165
21	23	25
30	28	37
38	26	40
63	39	46
121	146	136
275	282	277
638	620	604
524	548	523
575	539	630
526	539	511
593	628	575
583	562	580
508	487	508
514	471	533
584	555	563
591	622	587
644	675	671
813	886	814
262	279	275
234	228	233
224	222	245
331	372	364
163	170	167
214	218	199
38	55	47
38	30	31
37	20	32
57	57	59
140	138	175
299	302	251
662	618	628
542	563	591
639	658	659
477	506	485
553	551	559
527	503	545
500	479	487
634	609	641
620	559	625
527	514	503
544	542	522
674	705	691
251	301	290
276	245	269
328	312	347
322	275	335
230	247	222
331	339	343
73	87	83
41	40	35
80	75	83
56	50	60
70	70	77
138	125	138
318	339	304
245	252	244
306	315	345
441	434	409
365	331	378
460	392	418
421	466	429
473	494	458
488	452	446
512	430	500
400	409	396
674	672	653
177	172	179
137	141	155
261	224	225
374	360	375
196	175	198
342	370	364
84	79	91
41	43	59
57	67	57
59	65	57
58	65	62
112	121	97
229	240	215
215	170	218
274	319	313
385	368	388
467	462	445
503	504	477
444	462	458
367	353	380
447	415	459
467	427	426
456	466	429
630	580	607
233	231	266
211	232	250
264	252	265
163	198	172
104	103	99
211	177	199
32	29	30
37	19	26
25	27	31
57	49	55
120	138	113
261	328	288
600	648	640
514	533	519
561	619	625
508	528	519
524	502	509
464	471	480
507	470	494
437	450	461
521	502	531
542	538	521
523	572	497
656	644	724
282	311	296
234	246	238
233	224	203
131	131	138
82	69	62
167	156	185
30	31	32
27	18	22
25	28	34
41	52	42
120	126	134
237	278	272
570	581	625
506	506	522
606	565	574
572	574	594
485	559	516
542	600	587
462	484	488
521	541	542
531	468	493
670	605	584
623	624	613
695	705	731
304	320	337
307	291	304
247	231	240
157	169	171
91	92	94
155	168	172
11	9	21
10	10	14
29	31	32
65	49	54
159	141	137
288	293	308
610	579	624
627	576	573
576	565	574
459	492	533
456	480	493
535	537	513
506	462	467
475	496	473
575	595	586
611	605	611
697	661	651
747	824	781
508	442	498
475	496	513
332	326	308
231	188	208
104	120	111
224	178	195
22	15	17
29	20	31
46	43	34
69	53	49
145	150	147
308	303	304
675	682	652
594	589	552
621	568	604
529	541	541
497	498	517
506	552	534
561	566	573
551	530	497
511	591	534
714	737	694
659	708	695
772	809	861
324	339	336
339	332	351
309	329	337
269	277	275
124	118	125
169	235	200
44	59	46
31	33	30
25	29	30
32	46	38
164	147	153
272	266	268
615	600	574
540	510	544
549	609	530
543	488	532
603	593	596
481	469	476
452	521	519
578	582	588
641	649	651
609	590	616
612	623	615
765	714	798
376	381	388
344	361	331
289	277	302
200	187	198
151	168	172
312	304	248
70	75	76
54	59	35
65	52	55
67	74	61
70	74	70
141	118	131
379	329	331
223	243	229
320	287	306
431	411	433
515	414	467
367	424	378
415	434	410
442	421	479
431	422	411
459	416	442
522	537	496
763	800	754
283	278	263
198	197	197
204	230	210
363	322	345
241	220	228
399	392	343
80	62	72
81	59	72
47	54	64
40	36	48
55	51	61
58	81	85
237	245	222
144	121	115
303	305	339
370	394	386
333	371	382
404	385	397
368	374	374
387	397	382
386	384	396
338	335	346
402	404	371
604	535	605
231	222	248
178	161	182
169	174	143
146	131	137
106	116	82
187	191	170
17	20	20
17	16	19
27	21	17
32	33	34
118	108	117
250	242	251
607	587	615
492	523	531
564	611	605
426	456	512
477	438	486
473	461	475
487	460	424
509	483	489
497	485	573
563	585	563
678	656	690
666	656	680
404	347	416
369	355	389
230	224	248
165	157	136
89	60	72
160	166	148
38	31	35
26	32	36
28	25	24
49	37	51
132	132	141
259	285	281
542	555	583
438	447	443
612	564	558
470	473	457
434	449	483
436	490	486
495	474	450
546	518	546
502	521	534
592	594	597
626	644	642
810	827	801
400	414	362
389	372	425
281	277	299
215	237	219
76	74	94
201	180	173
46	64	53
18	25	22
47	57	52
50	51	45
131	112	130
336	308	335
629	583	648
559	512	613
568	630	597
459	475	453
512	490	523
486	472	480
589	594	541
616	592	608
562	587	597
707	760	749
689	693	700
817	871	777
435	406	464
366	400	380
312	327	335
132	136	137
88	116	84
188	171	179
19	21	24
27	31	27
34	26	34
51	48	43
122	120	105
311	305	330
629	599	643
534	561	551
616	601	594
554	532	555
529	487	499
514	521	503
438	465	501
484	526	493
514	485	506
560	600	552
617	634	594
766	802	787
395	347	373
305	335	331
288	276	254
194	185	199
161	145	144
212	195	174
23	23	28
21	18	16
16	14	23
38	51	53
147	143	160
266	278	271
621	620	638
566	506	519
569	563	629
495	556	482
514	511	509
501	477	512
495	515	509
580	596	577
554	548	523
690	660	615
720	702	707
789	731	817
296	294	337
289	298	271
285	288	292
245	266	252
172	174	174
238	255	260
104	95	72
45	39	41
53	50	52
49	37	49
54	61	63
145	145	125
290	317	319
230	237	233
307	310	292
436	417	440
415	370	399
443	461	445
472	496	479
462	449	453
570	545	542
566	579	596
343	336	367
648	616	615
396	356	376
307	283	281
255	245	231
244	221	232
193	133	164
418	376	392
73	97	89
57	56	56
69	50	74
51	53	41
42	49	49
64	80	83
235	263	220
193	161	170
274	271	282
348	358	320
339	295	358
422	416	411
478	476	479
442	482	476
477	456	436
359	388	355
372	327	372
564	553	562
278	261	245
217	241	225
161	176	185
124	133	119
86	83	83
155	172	146
18	22	18
11	22	21
33	32	21
23	28	43
123	133	166
278	260	299
592	549	548
500	465	478
547	574	573
510	447	494
460	512	475
451	474	469
447	444	465
513	462	526
486	489	470
522	515	591
588	554	612
730	713	714
315	334	294
318	282	290
215	205	191
142	150	151
76	71	73
148	122	168
14	17	22
18	30	22
8	10	15
57	66	67
124	151	147
221	217	233
564	528	537
498	508	495
589	562	566
432	457	455
469	463	467
512	447	533
423	462	449
520	516	518
475	425	415
601	572	558
602	636	596
799	743	729
430	384	412
415	403	380
324	304	296
195	195	206
83	74	92
148	199	160
45	37	53
22	25	22
28	38	34
38	44	36
136	126	134
260	248	265
555	599	616
534	506	481
577	595	610
536	525	572
514	508	521
527	536	514
467	464	473
534	553	574
494	538	503
555	562	551
608	645	618
750	770	735
335	355	315
248	284	283
208	248	254
178	164	158
102	104	83
197	178	192
25	26	25
15	13	14
14	14	21
50	57	43
98	133	89
311	252	292
677	622	697
545	564	539
565	531	563
480	528	516
488	546	477
471	468	538
478	534	528
514	465	509
521	523	515
622	571	535
597	647	634
755	724	788
357	361	371
345	400	347
315	299	288
177	165	180
133	114	103
172	191	197
32	52	41
35	21	24
34	27	23
38	41	36
145	139	132
273	292	274
551	561	695
480	509	524
582	581	585
448	474	453
442	426	421
486	478	470
513	448	408
479	480	513
509	457	446
550	521	585
616	617	597
696	675	694
310	295	325
284	334	296
279	292	295
226	231	228
140	160	168
275	272	248
59	60	58
46	41	43
19	28	30
67	56	49
70	85	70
160	135	175
301	326	312
236	268	277
310	322	323
380	383	409
397	403	349
490	480	470
445	419	432
490	483	468
413	445	417
449	467	460
495	491	535
671	615	624
317	353	355
281	281	277
254	244	236
227	240	232
200	196	217
443	427	438
106	88	71
70	62	72
69	83	71
42	45	44
84	76	75
90	95	86
232	247	244
187	188	186
286	294	271
360	354	372
337	305	361
399	330	354
405	428	403
428	439	447
429	435	470
528	517	477
449	403	445
637	638	619
337	323	338
262	262	248
185	186	226
139	115	127
108	98	88
229	217	212
30	31	30
44	38	38
37	23	23
47	40	37
173	160	148
276	246	279
565	560	569
490	510	541
561	609	599
504	470	528
532	520	539
506	483	499
543	537	549
499	455	539
523	494	472
572	550	614
629	633	651
667	668	655
344	340	286
222	274	288
284	241	274
118	124	122
97	89	83
178	188	183
41	46	40
109	110	117
83	103	102
57	50	49
123	139	134
243	239	254
601	582	601
533	559	528
627	711	661
491	494	427
486	516	516
465	469	463
480	466	483
527	503	490
506	550	480
540	541	545
595	579	530
752	654	719
382	361	336
321	339	318
294	307	292
171	194	149
131	130	125
187	203	197
27	24	32
11	22	25
35	27	36
46	55	49
141	168	171
199	210	221
608	671	553
546	545	554
589	610	593
593	548	530
457	490	461
531	544	474
436	495	500
500	500	480
490	489	528
542	525	532
594	586	577
761	788	779
348	376	368
328	349	314
343	333	336
232	226	214
132	132	144
168	153	170
22	30	26
28	21	31
39	32	39
57	52	55
151	164	125
357	373	377
673	637	680
586	582	576
701	659	689
522	532	562
614	586	664
624	576	576
537	553	580
576	614	545
492	455	491
539	537	558
670	669	678
773	714	757
314	334	348
326	320	352
306	280	322
200	195	205
166	163	155
214	197	210
46	42	43
27	21	20
32	36	23
36	36	30
157	183	177
251	217	279
607	645	625
496	556	513
621	579	588
512	518	523
530	516	480
465	490	534
471	491	505
582	513	585
602	563	571
582	543	557
568	537	564
766	766	771
339	319	312
277	278	285
222	227	219
195	204	170
192	183	187
294	301	324
75	81	79
52	48	54
51	66	45
45	31	42
86	95	59
151	148	140
292	284	293
245	251	247
338	345	310
419	425	360
395	422	389
408	421	417
445	377	441
376	396	387
406	449	456
507	481	523
518	500	529
612	667	625
297	325	286
174	151	180
167	162	172
284	309	279
187	206	214
405	353	374
79	78	80
39	57	60
96	91	87
59	51	46
61	64	53
64	65	62
208	212	209
207	212	165
320	282	288
404	352	365
388	332	353
500	494	461
362	401	370
404	386	374
425	404	408
435	390	425
408	411	373
531	462	484
254	244	224
221	197	240
184	184	177
111	111	113
115	95	84
171	157	176
44	47	44
24	10	23
17	26	21
51	60	57
129	131	144
204	222	260
669	662	614
488	488	490
517	528	521
535	486	482
495	496	529
454	453	527
541	517	514
399	418	409
449	484	432
541	513	536
500	496	449
680	714	700
328	320	305
308	306	286
214	199	223
125	124	123
73	74	55
164	150	153
27	15	23
34	26	16
32	36	23
69	54	65
158	156	155
262	249	226
654	675	614
449	476	497
557	536	566
467	541	481
520	470	471
471	476	456
490	501	500
465	472	491
483	523	504
585	585	568
631	614	554
686	727	784
337	355	317
395	421	423
322	309	327
206	196	189
89	108	87
167	188	206
51	46	27
19	23	28
35	27	20
56	43	53
119	127	136
268	218	241
629	684	655
484	502	503
663	570	609
506	538	523
528	527	503
536	486	521
520	519	506
499	485	454
516	505	487
586	600	611
601	579	613
723	782	766
315	310	300
270	289	279
287	304	310
246	289	246
95	129	135
156	175	198
26	26	19
12	24	19
32	26	22
51	47	43
135	135	149
280	284	261
582	619	605
604	617	604
593	627	608
491	485	478
496	482	509
530	486	487
490	573	526
497	523	539
565	537	535
548	557	591
672	624	670
670	687	683
349	422	369
314	307	300
248	256	248
118	126	139
141	114	125
206	170	198
38	43	44
27	25	31
13	17	11
39	33	36
141	139	149
287	278	265
652	633	583
529	567	540
604	566	603
546	514	485
459	509	520
503	534	490
613	571	555
545	529	551
597	649	546
640	660	632
661	571	627
797	838	830
255	243	259
208	223	208
245	250	240
376	353	397
291	266	280
300	330	325
87	69	97
45	40	37
53	45	54
50	55	44
91	89	83
170	171	151
324	372	338
236	232	230
380	388	391
418	423	430
434	438	430
595	574	544
568	585	564
377	404	395
373	381	406
446	502	460
440	424	445
596	606	662
269	279	270
285	279	239
184	230	200
229	207	222
205	196	214
315	389	326
57	58	59
58	55	75
52	57	57
37	40	48
47	41	54
82	58	81
202	201	198
216	200	216
314	344	285
302	308	336
384	414	387
418	416	383
451	451	493
477	426	455
340	377	379
358	349	354
335	360	359
566	598	601
209	216	232
214	196	189
163	173	183
131	117	114
108	97	84
138	142	147
23	50	38
35	37	26
22	32	38
67	52	39
128	125	129
218	227	238
533	559	558
583	584	617
620	658	658
582	603	639
579	536	561
536	602	540
522	510	537
527	553	526
489	479	484
461	459	497
576	532	527
631	678	689
323	353	338
279	289	326
175	213	180
171	149	145
85	92	95
163	196	164
33	40	34
23	26	30
22	26	33
76	59	43
160	122	160
262	269	244
627	595	609
446	455	490
632	546	569
550	532	497
555	545	481
554	543	541
508	503	467
472	425	449
533	528	508
637	621	622
580	569	569
728	698	730
375	327	347
305	293	275
270	309	303
207	173	180
134	132	109
156	171	138
27	30	44
28	28	21
46	36	44
35	38	41
128	155	135
262	274	257
689	608	668
470	537	461
600	584	612
551	521	623
463	445	491
521	542	546
556	527	545
609	589	539
512	502	491
543	578	555
644	635	633
829	787	821
381	394	363
374	358	375
275	294	274
203	207	226
100	78	93
153	203	146
29	20	41
27	34	32
46	33	39
27	59	41
141	166	170
264	271	237
610	601	635
498	470	520
568	605	588
507	567	540
528	467	534
525	574	526
577	533	542
524	536	520
507	493	500
649	647	674
745	772	686
797	811	757
337	374	384
438	460	410
373	388	341
200	200	197
142	145	119
220	219	209
39	57	53
41	28	24
38	30	29
57	64	47
165	135	165
277	273	295
649	618	604
546	509	553
576	606	607
538	576	548
587	592	602
473	525	515
523	542	510
562	557	549
521	538	615
637	627	674
619	670	613
796	801	837
374	375	375
350	314	374
271	304	270
274	258	246
165	147	182
282	346	309
87	80	94
57	45	58
52	58	63
36	40	42
82	72	69
140	145	119
287	310	306
223	206	227
367	370	359
406	420	396
421	438	426
384	405	414
414	409	444
396	386	405
421	413	420
477	497	467
529	617	624
741	708	727
200	174	176
133	134	137
274	264	223
349	392	365
246	270	214
344	389	337
89	86	92
34	42	29
58	69	64
49	25	35
46	45	42
56	51	47
214	253	206
184	184	179
265	254	267
362	380	364
432	415	455
425	397	402
358	341	359
363	327	351
388	423	397
368	400	432
384	364	384
457	528	505
219	214	216
156	174	156
173	139	161
113	115	139
105	112	114
162	175	188
41	30	31
36	45	31
36	35	39
51	43	58
149	120	140
235	216	235
612	608	603
459	521	520
717	662	693
515	492	489
488	466	507
483	510	481
517	534	513
462	472	454
494	491	443
570	584	519
528	537	544
697	694	709
348	363	364
230	225	242
187	190	172
127	137	138
111	94	88
179	175	171
18	21	33
32	35	45
31	36	47
59	50	65
151	127	157
245	232	280
624	523	590
486	454	497
552	577	580
468	467	438
461	477	518
476	538	528
446	453	447
423	469	438
424	414	457
479	467	470
511	499	480
756	679	707
330	339	326
267	259	290
264	262	244
188	189	186
77	79	80
151	153	177
26	28	29
32	30	30
37	27	38
49	40	37
95	121	108
226	269	242
625	619	611
553	500	500
613	637	655
437	436	460
459	486	478
530	518	542
464	428	461
515	458	483
464	477	470
500	532	516
534	537	499
761	739	719
406	368	357
293	307	324
296	274	275
233	229	236
119	131	134
196	170	167
29	25	20
24	26	30
35	34	33
64	68	56
162	143	165
289	295	288
568	539	608
496	512	503
655	652	636
521	553	510
526	505	505
568	514	554
465	450	497
483	512	447
519	533	471
546	502	539
563	595	547
720	632	656
345	324	342
256	237	252
268	286	301
175	162	178
111	109	86
209	220	199
21	29	17
40	37	25
27	19	25
52	48	59
147	127	172
261	271	260
557	575	592
565	575	555
594	599	615
581	580	565
520	522	541
503	561	488
548	535	573
549	551	500
473	453	487
629	586	674
611	605	599
710	681	696
305	291	320
274	250	268
296	296	309
193	193	188
163	173	166
329	276	335
76	70	94
45	47	52
61	66	70
50	43	43
80	84	81
135	129	134
303	309	316
267	274	282
354	371	360
429	402	406
392	385	400
426	448	415
449	485	492
466	478	444
439	435	441
404	367	384
439	423	515
717	793	788
241	262	254
143	151	161
186	181	163
252	261	281
170	167	160
379	386	405
92	97	81
38	43	43
56	67	78
37	47	35
54	76	74
42	54	57
227	214	216
176	165	192
265	268	258
369	356	352
347	349	344
363	342	341
374	384	391
432	415	408
473	482	484
469	465	544
361	384	388
626	627	599
293	292	298
238	230	224
148	170	173
173	146	149
110	105	86
184	179	217
36	32	42
37	28	46
31	28	38
36	26	39
141	159	166
199	212	223
554	544	568
453	494	467
626	541	578
560	552	525
447	478	461
545	514	487
479	437	482
468	490	461
473	412	442
547	516	552
544	546	568
715	708	720
370	369	353
290	304	297
217	200	203
170	158	188
89	79	87
203	183	153
23	20	25
39	32	42
36	34	21
40	63	61
157	167	141
272	240	223
563	542	563
516	561	558
593	587	584
566	580	568
496	478	487
508	555	537
564	523	548
537	534	531
549	481	485
556	536	583
599	601	604
779	740	749
338	348	325
241	231	207
313	292	297
242	239	240
124	120	133
236	220	229
31	47	31
45	46	34
29	53	34
42	40	47
110	132	126
289	308	286
598	605	645
498	507	504
579	585	559
549	484	510
492	550	569
496	513	498
495	480	549
527	501	522
503	554	531
557	573	627
595	625	601
807	821	797
346	329	318
294	264	302
345	326	365
267	268	288
116	134	142
163	156	145
42	55	45
22	29	18
31	38	36
44	54	40
128	121	129
260	281	307
613	612	581
533	568	553
598	631	594
515	513	489
612	620	649
532	524	537
524	512	499
634	571	540
613	610	599
674	636	652
616	533	548
726	755	757
232	227	210
183	183	175
245	227	228
451	460	492
188	213	184
182	212	202
47	56	48
46	45	51
31	33	34
56	60	57
124	111	127
242	255	246
611	633	651
539	561	507
594	644	617
613	571	647
475	490	520
534	564	557
504	525	554
611	604	586
514	510	470
608	567	569
621	576	608
844	836	789
296	281	305
302	293	311
244	257	227
222	241	242
183	180	187
332	341	322
82	76	76
71	66	65
48	39	48
47	65	62
73	70	82
135	131	121
288	276	284
246	279	311
376	362	401
432	414	398
522	513	524
579	632	612
544	574	562
382	373	368
340	425	375
470	470	458
514	525	509
565	649	598
286	305	287
245	230	236
224	221	188
216	211	199
195	169	170
354	327	363
72	72	53
68	66	58
39	56	51
54	56	55
68	65	76
66	80	85
265	254	272
235	224	232
358	294	332
312	312	328
389	367	383
408	384	431
357	396	389
414	401	366
369	390	373
340	309	337
370	375	364
534	463	487
205	217	211
160	191	153
141	139	170
108	108	118
59	63	69
208	182	194
32	26	23
26	23	31
23	18	14
44	44	56
145	150	164
249	239	261
660	653	599
519	465	465
644	587	628
560	566	587
485	508	509
503	479	436
501	465	483
464	455	458
425	438	442
548	513	544
550	525	552
639	651	655
384	399	366
276	316	291
205	233	229
184	182	177
90	98	89
172	173	171
33	37	44
15	27	28
26	31	40
46	54	42
117	114	120
251	235	251
601	618	571
520	532	557
629	629	667
436	448	484
467	466	484
494	465	492
556	585	532
546	543	565
490	513	511
484	502	538
613	606	612
796	832	851
363	361	391
330	327	307
278	253	274
148	148	147
82	90	93
140	176	188
42	52	54
33	27	26
20	27	38
58	49	45
148	161	131
232	225	264
658	668	696
517	489	517
589	638	629
518	538	500
490	534	530
582	555	505
510	512	561
505	526	549
466	492	482
481	480	515
625	645	596
779	779	749
381	359	336
321	313	291
216	201	225
178	173	173
101	120	120
147	164	171
33	29	23
32	38	31
25	23	32
67	62	52
144	166	135
276	243	250
614	601	647
535	558	510
627	621	604
499	514	549
554	567	547
558	547	558
535	551	530
516	486	444
523	551	522
527	547	545
649	593	670
779	695	703
386	395	352
266	288	326
258	267	301
233	265	223
125	148	163
236	215	190
37	30	38
31	22	22
38	30	34
48	38	28
117	125	123
241	216	236
577	584	614
556	555	572
567	562	591
527	478	512
513	530	529
511	542	547
517	477	520
536	562	530
520	500	515
603	624	610
623	622	610
770	772	785
336	314	356
410	325	346
258	272	274
240	244	244
166	166	177
283	276	287
55	47	54
60	73	55
40	33	39
50	52	58
97	66	89
146	154	178
303	332	322
278	313	299
333	350	345
440	389	436
404	379	403
357	371	356
407	461	452
430	466	440
398	395	401
375	340	338
359	378	355
562	572	577
350	307	330
250	222	254
215	214	195
197	214	203
127	145	107
336	327	289
101	91	102
65	54	45
51	42	43
53	53	52
55	57	55
73	66	68
193	212	222
237	208	179
300	298	305
378	342	347
399	370	380
346	343	304
384	408	399
341	327	315
349	332	342
395	430	400
476	440	437
517	510	556
254	212	258
199	223	241
154	139	150
145	102	136
66	86	85
205	179	183
50	48	40
20	28	28
42	45	27
45	54	51
155	130	137
248	263	270
692	608	700
530	541	554
658	590	647
530	523	543
524	581	582
531	542	493
518	506	513
539	538	566
506	472	481
536	565	534
639	661	625
690	716	742
374	366	349
356	361	340
248	253	268
141	131	123
91	101	90
186	206	165
24	19	23
26	17	22
18	17	24
48	50	50
129	141	136
246	221	227
608	590	586
612	515	575
638	625	641
596	595	597
568	549	630
632	621	661
568	578	587
582	571	568
595	585	583
564	567	536
615	577	576
820	734	735
328	317	335
300	298	303
253	256	272
222	236	242
130	118	133
228	197	192
33	26	37
21	20	19
36	30	41
59	72	69
133	141	152
271	245	265
667	625	643
547	564	497
558	555	559
533	508	563
511	501	524
584	530	535
507	477	486
521	497	524
519	497	496
612	601	610
551	610	587
731	681	773
306	324	355
236	233	234
317	339	314
186	165	173
97	81	95
195	212	212
38	28	28
25	27	24
33	40	35
57	43	29
139	141	140
236	280	239
639	593	588
599	549	544
591	603	648
539	541	549
570	542	601
560	523	560
512	524	493
474	484	465
550	559	570
543	510	547
622	613	630
752	741	762
335	326	327
266	271	263
342	338	322
205	196	228
103	107	100
242	241	254
32	44	46
29	26	28
45	36	41
67	47	59
146	144	139
242	248	230
605	582	600
554	549	573
669	620	659
538	545	516
542	552	548
528	560	520
554	558	586
519	498	560
546	471	527
710	674	684
654	607	666
798	781	762
294	333	301
285	278	274
233	239	235
183	201	181
155	151	156
284	303	257
74	76	84
73	64	53
64	61	62
60	40	46
65	67	60
160	149	155
293	300	370
310	315	288
301	318	354
426	404	411
384	397	417
352	359	366
416	420	442
389	383	392
416	467	404
395	375	391
455	437	382
630	566	644
289	300	311
213	256	245
187	151	164
246	236	253
138	158	166
303	260	336
96	86	76
50	54	52
26	38	37
37	32	28
47	53	61
82	88	92
256	225	251
196	194	198
270	274	297
341	356	305
396	367	405
356	357	381
416	398	413
342	351	369
394	352	374
332	306	301
353	360	380
504	476	483
188	202	227
214	237	205
154	138	152
156	112	142
57	67	49
167	142	164
28	21	33
43	32	30
20	46	29
50	50	45
143	139	140
196	214	217
626	560	648
538	539	481
506	518	588
409	449	459
458	432	455
502	462	415
461	511	478
487	500	516
438	413	440
570	583	592
641	563	598
766	738	757
450	458	466
309	296	314
222	247	259
115	109	125
77	65	73
163	161	159
27	22	17
23	14	19
31	19	29
49	49	57
125	131	139
236	226	239
579	574	586
479	443	430
528	538	521
448	453	443
537	539	553
478	505	541
443	432	445
438	511	475
450	403	409
537	487	470
641	611	586
713	736	699
393	370	342
282	282	281
348	287	266
133	167	186
96	91	96
198	224	195
25	27	40
13	19	20
34	38	43
51	67	32
138	108	142
287	339	309
609	624	656
544	502	546
675	655	622
506	504	488
567	528	478
557	481	489
512	569	537
533	548	544
443	446	465
507	514	494
582	528	559
800	743	759
395	409	408
288	298	333
307	299	279
178	164	191
133	114	134
172	183	201
46	55	39
15	15	16
47	28	29
52	71	53
153	165	158
299	277	274
596	567	583
572	593	562
642	608	635
522	553	469
537	562	548
477	553	518
484	475	544
514	487	541
425	492	427
455	427	428
574	600	577
758	749	737
335	325	336
363	341	375
300	312	311
298	278	292
116	115	125
221	194	203
25	35	35
32	25	22
26	33	21
43	55	43
152	185	154
300	327	295
610	627	606
493	474	492
586	529	519
525	543	505
580	566	563
514	517	537
484	498	491
544	527	502
607	562	602
603	667	634
625	568	593
847	861	905
309	316	336
305	286	322
267	237	258
230	244	235
162	162	147
288	275	259
98	98	77
47	58	59
43	44	52
28	44	27
87	69	88
125	153	131
345	315	348
267	275	258
343	361	381
448	394	361
350	370	369
334	384	329
359	381	359
382	379	370
394	391	396
329	329	344
374	402	405
521	540	583
278	325	284
258	250	255
195	216	206
181	162	197
121	141	127
244	267	263
50	49	46
55	48	36
50	41	55
48	42	35
67	68	64
68	77	73
236	237	224
199	176	165
310	279	247
324	293	260
376	388	349
353	341	364
328	304	337
322	307	305
329	321	310
348	350	364
323	347	329
452	449	499
253	242	230
230	227	229
158	181	159
100	99	120
68	59	58
166	204	170
29	29	30
59	54	42
41	37	48
46	49	51
136	135	126
258	243	220
685	627	589
530	541	530
547	574	595
533	557	528
499	515	538
512	530	527
480	523	496
503	546	560
464	519	464
514	492	535
566	534	563
715	723	736
351	382	355
302	284	301
208	204	239
176	165	205
94	75	104
174	193	211
23	34	26
26	28	24
24	14	25
34	43	34
124	136	129
216	228	232
616	639	592
518	470	511
590	569	573
462	394	419
483	477	492
426	408	410
470	483	459
373	421	432
485	476	473
459	444	499
513	544	516
752	710	717
298	302	301
283	290	282
244	246	261
147	146	135
86	91	94
143	148	160
28	24	20
23	32	30
21	18	22
55	46	42
116	113	147
276	259	237
572	577	597
549	530	492
481	545	559
450	518	505
494	514	554
570	499	575
488	460	498
496	459	531
503	492	483
507	563	528
560	539	518
821	854	820
337	373	311
274	291	302
234	228	253
167	172	156
115	91	116
187	189	175
27	38	30
18	22	19
33	27	30
43	36	32
127	135	147
271	294	284
610	566	584
502	480	505
498	530	537
481	522	542
585	543	574
535	530	542
462	487	520
512	483	524
537	547	547
586	577	574
613	627	648
788	728	743
365	361	318
348	383	315
247	256	242
186	181	204
90	136	99
204	214	217
42	35	33
23	37	24
18	23	26
45	41	52
158	118	123
237	264	257
701	652	673
537	576	577
525	561	539
509	518	533
502	521	525
522	498	533
495	519	507
520	531	498
521	473	501
624	638	578
575	583	586
799	815	744
305	320	326
263	261	244
287	302	269
260	255	241
187	168	150
275	261	266
77	66	80
46	39	49
56	45	52
37	43	36
86	106	94
225	221	197
405	404	494
274	259	307
389	375	363
388	382	373
369	403	369
452	424	433
484	458	448
450	455	452
385	371	374
403	356	349
426	411	385
631	568	676
346	306	319
240	288	267
188	233	206
197	197	169
153	156	174
258	298	321
85	75	77
49	54	61
66	49	57
44	34	36
55	35	43
86	91	101
217	223	249
204	225	218
321	247	274
354	372	350
315	324	330
432	436	408
365	356	333
356	365	409
382	396	383
415	393	379
408	473	392
575	563	602
256	233	227
209	209	244
180	179	172
135	107	137
98	82	90
186	172	179
30	32	30
43	38	40
55	42	48
23	20	28
153	134	148
278	259	337
648	639	639
530	547	490
601	545	561
545	540	522
494	487	478
488	533	483
526	485	536
457	419	409
545	569	598
469	467	465
515	508	527
709	673	673
383	364	351
208	229	251
211	189	217
127	132	134
97	100	110
209	218	221
31	20	25
47	36	21
20	27	18
58	52	46
133	131	149
292	262	277
554	612	592
494	422	491
589	633	556
479	463	449
462	459	485
500	516	516
515	520	551
501	561	536
559	622	595
559	569	505
597	597	615
704	754	737
334	358	360
268	236	253
254	262	259
234	192	214
96	121	127
203	182	191
34	37	28
25	22	27
20	22	33
58	41	41
157	132	122
242	267	244
554	493	558
542	527	517
561	592	592
542	501	508
512	501	475
543	540	546
506	505	527
525	480	511
479	533	451
517	505	530
563	612	549
723	676	688
368	349	348
302	314	326
292	301	312
156	187	203
95	136	123
198	212	209
22	29	45
32	32	41
35	43	39
51	47	35
146	127	166
322	328	259
662	696	657
614	618	625
669	684	656
522	576	578
572	571	581
540	567	514
537	495	481
585	562	640
656	616	603
588	672	623
646	619	623
791	762	744
392	445	408
358	327	376
393	339	363
260	237	242
182	147	156
291	316	282
70	52	46
38	47	44
50	41	33
36	37	33
107	110	90
204	211	247
591	540	592
227	245	254
251	248	236
270	255	293
307	246	253
262	255	246
236	233	222
279	297	283
313	303	341
330	316	350
390	351	362
587	575	548
313	309	281
234	261	222
217	231	186
170	187	166
189	165	170
282	239	272
89	87	83
28	31	28
39	25	33
64	48	54
66	52	54
114	103	93
186	219	204
231	219	231
273	293	304
317	344	365
323	322	355
332	327	384
301	320	318
291	271	267
258	267	288
252	233	264
271	281	291
489	490	542
264	291	279
233	234	259
169	186	189
197	186	173
135	119	140
223	232	190
48	72	59
74	47	71
37	47	41
49	32	29
88	73	74
80	67	81
207	209	189
188	203	204
269	273	269
321	392	367
372	374	385
369	353	353
366	367	418
384	381	396
364	348	356
410	427	435
380	425	474
495	514	502
249	262	237
230	205	207
178	164	164
138	137	154
92	102	96
213	203	187
32	35	26
27	37	32
21	30	21
27	40	38
127	161	130
279	233	241
615	611	649
589	539	536
592	539	586
585	548	601
586	565	564
520	586	560
595	573	548
536	554	557
534	479	495
506	564	518
497	520	540
661	664	609
361	382	368
290	306	307
221	236	220
219	182	201
129	117	97
158	140	150
35	26	39
16	35	28
23	19	35
53	46	60
148	134	152
272	269	258
649	621	631
583	577	552
647	652	690
476	477	506
570	575	564
508	517	485
519	486	502
572	580	589
499	518	488
596	626	607
539	511	506
701	738	719
333	346	350
243	249	255
295	261	289
163	187	171
81	94	98
214	190	207
27	19	32
39	38	28
25	14	23
67	51	44
151	176	172
265	297	306
594	599	583
568	562	542
532	530	566
512	473	492
537	489	488
503	537	467
437	507	489
510	538	504
575	533	533
535	544	535
528	568	528
789	793	750
404	390	400
360	368	395
344	319	341
256	260	271
99	116	91
214	205	194
43	47	28
24	21	17
20	41	46
60	56	45
139	171	154
284	258	293
604	586	630
515	506	550
577	553	571
487	502	511
537	507	536
536	568	559
503	461	535
505	465	460
494	491	493
525	514	509
571	589	593
808	712	736
450	403	410
310	336	321
322	335	311
168	170	146
189	175	175
203	222	209
56	59	44
40	45	38
44	47	41
53	48	39
114	140	127
240	237	245
619	614	642
520	508	514
554	543	565
562	589	579
464	469	454
539	527	568
496	502	490
511	513	482
523	507	519
545	545	537
646	627	576
768	767	797
349	360	411
307	321	319
298	274	281
202	205	192
203	165	198
280	343	326
90	87	72
79	77	81
39	46	52
55	60	60
84	116	106
187	170	170
393	406	428
354	355	332
469	473	459
482	470	489
472	436	455
506	501	491
418	418	433
455	433	441
433	465	506
368	427	469
430	414	419
537	580	557
362	358	365
231	228	254
200	188	213
191	196	220
184	202	192
301	353	331
117	125	114
47	53	55
113	96	123
60	70	63
79	84	58
111	88	99
363	389	387
319	355	320
431	474	426
487	516	509
483	456	467
409	427	406
369	421	451
385	370	326
503	473	479
572	591	533
478	411	438
581	533	596
286	324	297
229	218	235
155	150	151
111	127	103
77	89	94
168	174	164
44	29	41
39	24	27
31	25	23
98	99	87
174	183	185
328	341	314
568	593	623
592	548	585
560	551	502
472	535	524
500	538	515
437	459	488
487	458	473
468	468	503
504	500	475
560	526	502
502	471	457
609	630	564
359	353	337
285	271	296
178	192	227
132	142	162
87	74	74
133	124	124
48	59	40
27	22	23
29	37	39
44	58	41
158	143	155
229	245	230
561	573	592
469	496	459
597	616	631
525	526	506
598	539	568
485	557	516
514	553	552
468	470	488
471	512	450
526	514	496
616	588	623
693	701	728
297	252	275
306	304	275
205	201	226
153	164	156
71	79	72
196	173	179
26	20	18
28	24	19
27	30	36
33	40	37
169	161	173
274	242	248
550	550	564
474	467	469
565	574	562
491	487	527
450	514	506
572	556	555
544	473	524
457	427	437
492	482	490
525	509	542
608	643	595
848	799	818
440	468	430
323	325	268
278	305	280
229	252	259
125	116	132
193	176	186
23	24	28
22	35	30
37	38	28
40	44	36
152	139	142
249	243	256
559	553	568
491	454	398
528	553	511
555	567	586
453	482	452
469	443	475
551	544	570
524	492	498
456	470	466
598	598	589
569	573	564
751	793	804
349	356	359
324	349	318
282	273	247
218	229	239
109	126	131
210	229	188
39	38	45
29	37	48
38	23	35
68	79	69
149	146	183
253	290	318
698	681	655
490	484	517
620	616	620
552	548	518
630	556	560
495	559	531
471	514	443
528	562	570
535	507	433
622	678	601
510	515	514
812	800	830
324	349	318
300	296	264
299	285	265
212	183	209
157	203	174
333	324	334
80	71	99
38	37	39
46	52	63
49	53	50
72	96	94
171	163	144
318	373	343
338	314	304
313	327	348
475	455	429
379	408	430
443	442	434
436	426	434
452	482	462
422	403	437
454	449	461
483	505	522
619	688	634
196	198	217
160	159	160
248	283	273
338	349	343
194	179	149
275	354	297
82	84	81
59	45	66
39	26	38
32	28	33
72	72	74
88	68	72
217	233	204
198	210	176
223	220	237
315	356	340
369	366	408
451	457	468
450	416	421
442	393	384
336	332	349
354	374	370
314	331	313
571	560	549
263	277	251
189	205	188
220	214	190
142	116	138
125	125	121
191	224	200
34	45	29
14	22	23
32	34	29
44	52	40
141	138	140
234	228	250
598	574	646
545	537	523
574	554	559
515	498	505
519	507	501
473	435	447
496	451	500
473	473	542
450	451	457
489	506	502
521	544	533
705	727	722
342	313	371
309	323	324
216	198	223
180	175	189
98	89	100
205	191	209
24	29	20
22	29	27
33	19	31
61	62	58
153	143	150
290	298	309
579	592	533
516	524	510
615	673	656
560	592	590
508	497	454
582	563	574
523	496	531
557	541	564
425	442	474
495	507	537
592	575	571
746	755	799
433	429	412
381	379	379
252	261	265
206	209	195
135	121	133
200	231	221
33	39	48
43	48	32
30	43	49
43	44	40
155	132	152
292	296	273
669	670	701
528	544	520
647	579	657
536	515	535
540	518	603
498	570	533
510	516	517
468	509	500
506	450	476
482	492	566
605	527	550
822	800	769
390	388	393
344	349	356
324	327	318
170	159	174
134	100	118
205	203	194
40	51	27
23	22	19
25	26	32
48	62	42
165	134	171
249	265	258
593	598	609
480	538	475
560	563	535
516	565	552
461	539	478
485	447	430
505	492	451
638	589	597
511	532	532
541	533	578
577	593	540
842	773	725
287	259	287
337	338	335
304	290	278
189	215	206
139	123	143
207	241	209
37	38	44
26	22	24
30	48	36
28	47	50
153	150	148
245	218	235
585	628	607
533	509	491
573	597	569
490	485	455
493	477	447
532	487	450
501	495	487
504	484	504
473	490	482
594	630	600
643	619	622
837	832	831
265	264	266
255	246	271
256	252	291
329	330	361
159	172	172
298	291	300
71	75	58
56	68	69
47	55	50
55	53	54
64	65	66
160	143	157
343	355	347
341	256	290
404	373	343
404	450	409
429	434	426
461	399	443
415	398	397
385	432	397
471	470	465
460	452	479
493	461	454
659	692	696
283	347	307
256	236	228
179	196	160
176	208	199
195	189	200
394	433	381
113	112	131
60	56	76
33	52	45
43	39	45
34	52	47
61	61	58
244	213	253
219	208	227
285	318	309
355	378	337
365	390	374
429	454	464
380	373	337
433	353	393
352	325	353
332	374	355
376	378	361
533	489	524
283	286	275
216	206	200
204	184	184
137	117	126
103	97	111
166	175	150
39	46	22
33	22	26
36	38	30
46	34	55
125	139	153
221	239	224
588	602	600
495	485	463
547	533	597
464	469	479
545	518	509
544	509	493
441	496	456
408	398	422
445	453	459
478	438	465
513	515	531
626	634	642
297	332	326
236	221	237
187	196	189
147	132	149
81	107	80
195	167	161
19	19	16
29	36	32
18	16	31
30	32	37
121	143	117
210	214	202
551	555	521
427	441	453
543	523	553
450	447	472
474	482	499
478	447	486
491	454	483
439	452	391
424	419	436
474	484	452
496	471	526
626	651	694
317	310	319
331	322	325
234	216	216
186	182	198
116	90	126
203	175	208
34	26	22
26	21	21
34	33	27
35	25	35
132	121	146
256	258	241
489	533	545
439	459	420
525	540	538
467	465	484
427	461	439
428	396	444
437	460	483
406	410	448
406	413	377
471	457	452
459	479	480
655	659	613
274	314	295
284	283	308
221	209	205
171	163	188
77	96	76
232	216	183
54	54	42
31	34	24
17	19	21
56	56	43
148	150	140
245	272	265
607	598	617
407	421	453
534	595	569
479	447	489
567	587	529
513	526	529
419	480	487
542	552	476
416	419	461
487	478	485
529	533	560
756	694	630
297	283	267
275	260	285
193	175	175
174	150	185
115	120	100
176	178	222
39	59	47
41	42	40
24	36	29
49	57	54
163	176	134
276	258	265
570	609	603
489	491	472
544	560	516
538	542	546
499	507	505
514	499	476
529	494	514
439	433	458
457	457	445
536	558	534
492	512	503
751	735	699
258	256	250
332	316	320
247	254	224
169	192	196
153	152	161
281	292	258
68	74	82
58	34	58
42	42	42
41	32	36
63	67	62
125	135	134
362	334	358
301	311	296
316	332	269
401	407	438
387	372	379
334	386	371
363	306	344
330	320	344
353	333	349
342	307	337
392	394	373
676	759	737
265	261	280
164	147	163
132	135	134
151	151	155
152	137	162
239	256	224
75	77	66
39	47	49
30	25	19
27	21	29
70	69	55
65	70	85
189	231	198
182	199	167
273	288	298
331	337	345
343	362	363
311	326	327
350	341	354
329	360	297
363	326	349
297	259	290
326	319	338
513	538	548
213	221	210
206	187	160
173	166	181
145	150	131
81	100	90
185	201	167
35	49	37
24	26	24
46	47	35
52	49	55
145	147	139
234	224	235
534	540	560
457	457	488
497	491	540
504	499	488
434	462	460
393	451	405
404	410	427
412	371	402
428	447	485
521	528	476
528	456	528
649	696	648
342	328	317
275	235	257
145	168	157
149	146	121
78	79	72
147	179	148
28	24	17
20	17	15
28	27	33
33	41	45
110	99	117
228	265	246
584	581	606
409	438	398
552	570	553
478	486	472
442	429	407
483	483	496
449	459	469
506	498	493
435	500	439
410	420	413
493	520	523
656	567	598
267	242	269
244	226	237
174	190	206
101	115	148
58	72	60
182	155	178
31	18	33
32	22	29
47	32	43
27	41	34
122	152	158
256	263	266
548	540	550
443	429	488
521	526	518
465	482	531
483	461	495
500	482	465
443	479	434
484	459	458
467	467	417
536	488	518
565	534	521
710	709	707
316	370	329
192	178	210
202	208	215
152	148	160
130	133	117
212	191	195
38	36	38
31	28	32
55	63	46
56	42	50
120	133	130
214	257	225
622	630	642
484	482	466
523	511	500
519	525	502
506	560	546
415	473	501
455	472	468
486	493	525
516	550	534
578	557	620
547	525	612
717	745	699
309	314	316
330	343	356
243	279	257
169	173	157
136	123	127
220	226	238
61	56	49
49	48	50
35	48	41
44	47	51
173	141	148
252	237	254
609	605	621
474	462	460
571	543	517
510	529	544
544	485	531
491	524	518
483	487	501
482	518	525
538	495	479
536	562	530
594	582	567
688	701	727
336	327	337
305	290	282
250	231	249
215	216	206
99	122	115
307	249	300
57	59	68
37	40	35
34	31	40
57	53	51
56	52	47
123	115	100
287	321	285
257	255	243
331	317	331
363	359	349
387	369	342
383	419	416
352	336	335
340	411	339
355	387	342
379	381	353
462	426	454
731	756	717
216	248	216
118	105	105
196	216	196
261	235	252
150	149	187
279	264	285
81	80	62
50	47	39
35	42	31
59	54	43
38	43	48
81	69	64
207	202	211
174	168	165
224	243	211
294	308	312
305	338	322
338	349	355
383	334	379
331	349	316
364	380	359
383	402	407
319	346	281
441	488	490
206	199	202
153	192	201
142	144	140
118	94	71
64	93	98
189	174	175
26	28	28
37	38	35
24	35	29
44	55	59
125	141	146
213	216	179
482	474	476
532	529	525
497	547	484
480	481	468
470	495	496
559	542	504
433	407	439
432	451	458
431	405	471
585	589	534
561	569	550
637	653	550
286	241	287
246	232	219
234	272	232
193	217	194
121	132	114
206	194	241
55	49	44
43	47	50
31	30	27
29	18	23
78	80	69
185	198	193
607	596	610
230	208	212
243	267	248
233	200	220
214	205	226
189	220	210
194	207	203
205	204	175
275	229	263
357	374	350
323	351	335
548	562	562
294	309	299
236	218	212
182	177	204
172	141	135
92	83	94
169	160	179
39	37	55
24	30	37
29	24	54
44	49	46
142	126	151
257	245	242
625	543	581
510	476	525
591	610	612
524	474	519
456	462	476
518	547	515
455	466	452
479	446	472
522	528	547
501	471	516
575	550	572
737	734	774
361	373	396
263	274	267
259	290	252
145	171	150
114	105	81
161	193	184
25	22	22
29	24	29
30	40	33
49	47	37
114	120	120
255	236	260
560	616	594
473	445	456
477	503	507
509	511	509
536	536	531
475	456	475
407	490	429
472	481	436
384	429	408
505	556	491
462	452	447
650	643	637
313	292	300
228	247	242
172	156	157
129	131	114
67	69	62
144	173	186
30	24	30
28	31	36
28	28	35
31	47	37
147	161	148
213	217	224
592	605	622
545	556	483
610	646	611
533	482	526
496	500	544
500	489	487
509	565	506
502	491	506
597	533	558
565	577	527
622	642	632
849	825	868
352	351	372
299	290	273
290	293	280
278	287	233
145	169	119
238	242	240
63	76	91
52	56	56
38	38	43
46	45	49
63	52	55
147	147	154
361	365	312
228	225	238
368	335	335
405	396	397
384	359	376
463	456	455
416	401	393
443	416	476
605	590	562
587	585	605
469	529	492
774	751	692
214	197	203
134	158	171
148	175	164
205	226	245
438	407	399
364	368	397
71	85	73
55	64	51
39	40	39
36	33	28
50	51	65
74	71	73
229	191	188
203	210	200
322	338	312
416	455	417
360	379	347
369	379	393
386	362	419
334	348	371
350	361	379
323	321	344
379	359	377
491	492	490
166	190	184
189	185	180
144	154	134
129	100	123
98	83	84
173	187	182
19	26	26
24	30	25
34	25	34
43	48	54
115	109	117
239	204	231
532	518	495
368	353	392
494	525	475
401	394	426
427	433	433
397	360	386
470	385	405
379	361	399
435	424	405
462	461	418
442	483	477
587	571	630
315	298	302
225	269	249
166	153	164
100	111	94
76	68	68
157	168	140
38	31	30
19	27	35
34	22	36
50	39	49
130	100	130
286	271	231
568	573	612
458	485	478
580	650	590
473	449	415
471	533	564
532	492	538
490	482	486
499	505	471
471	449	488
588	516	533
598	550	565
688	736	748
324	323	290
234	271	269
183	197	197
109	115	111
92	104	113
216	219	203
44	51	42
38	30	30
28	30	27
43	39	43
131	135	145
320	335	308
636	627	669
529	562	562
629	612	594
521	533	506
598	579	612
611	589	609
525	616	556
527	495	524
469	471	519
538	522	531
497	483	494
766	793	803
304	337	340
238	265	249
233	205	224
141	160	127
71	81	106
205	206	207
31	27	30
53	38	42
42	41	37
54	49	58
156	127	124
326	296	305
645	656	680
532	508	526
568	555	638
601	580	607
603	626	628
572	573	582
485	517	513
606	604	581
517	568	525
463	475	540
598	578	635
815	859	707
402	389	378
307	323	294
259	267	258
164	161	174
106	117	107
238	231	251
45	33	33
38	35	41
7	18	16
42	39	55
193	172	196
309	296	339
661	621	664
519	541	527
613	574	558
548	562	547
511	542	541
553	570	544
557	561	572
649	650	635
575	566	559
784	780	709
765	778	749
936	898	926
389	373	398
289	286	295
317	281	285
271	262	281
417	423	447
410	382	393
95	133	121
77	76	86
39	47	40
43	42	42
66	75	63
156	177	182
345	368	369
304	295	292
361	381	364
442	429	403
406	422	371
362	381	383
337	365	354
345	380	386
345	413	370
398	412	394
355	341	371
633	669	669
298	287	297
188	202	202
241	225	240
195	165	165
169	140	163
340	280	338
80	65	72
56	51	56
28	32	37
44	43	37
80	78	68
73	82	86
291	259	266
259	256	279
307	248	279
347	353	357
380	372	373
377	393	438
487	484	437
356	352	362
328	341	301
407	368	361
382	365	402
602	597	642
205	212	216
187	180	204
149	182	154
132	133	127
98	86	93
191	200	215
47	53	36
29	17	30
34	56	40
50	54	51
153	153	148
260	226	239
590	576	627
550	541	561
522	564	543
572	560	532
467	504	494
537	562	511
507	524	493
500	493	516
483	450	455
546	584	491
588	571	578
743	820	764
366	391	374
297	332	334
205	249	210
140	134	133
69	76	83
180	193	187
39	31	34
29	26	30
34	30	27
35	60	40
150	161	127
239	248	271
556	522	564
548	499	551
637	625	599
483	532	476
509	568	554
570	567	548
478	501	494
497	480	480
503	540	523
602	621	564
554	592	581
754	780	704
334	312	338
297	318	295
237	242	224
181	188	203
90	113	96
164	166	165
48	36	44
31	36	34
36	22	30
29	37	36
152	124	158
269	272	256
599	590	539
609	626	637
627	630	635
560	536	558
604	615	617
541	521	554
465	478	465
489	557	566
543	483	498
562	540	554
558	602	560
805	745	740
347	305	307
282	260	256
224	255	235
203	208	216
125	109	109
213	189	217
52	61	46
26	33	28
36	32	40
52	45	60
166	182	149
263	276	285
615	591	594
647	593	529
623	581	596
576	608	559
516	491	536
668	576	584
685	568	609
543	596	528
570	600	598
598	643	645
610	622	622
761	808	721
370	391	375
332	353	327
261	246	240
165	183	182
126	143	141
191	197	183
50	44	41
31	30	26
31	21	20
55	49	48
158	145	112
296	300	295
717	761	771
587	567	577
708	738	724
531	557	588
584	596	525
547	617	606
635	613	597
556	530	527
555	572	543
519	519	496
621	670	651
962	922	953
388	406	406
288	315	299
220	221	209
196	207	221
130	121	107
247	278	271
67	55	58
64	58	49
30	42	40
43	39	40
69	65	67
160	170	183
417	396	416
410	345	390
439	400	469
351	361	376
368	372	391
382	380	364
303	287	320
322	319	299
366	396	354
350	369	356
486	485	473
732	721	695
271	279	266
202	221	223
208	198	230
173	161	152
152	145	149
287	332	324
43	74	71
32	44	51
34	21	29
15	16	37
70	58	65
115	90	101
301	337	312
288	330	327
396	370	354
358	338	343
353	346	348
324	357	285
345	382	339
295	293	286
301	335	317
374	355	373
403	412	404
580	580	549
239	250	223
178	181	189
127	168	155
133	140	162
102	90	82
199	188	179
29	37	38
37	41	41
23	24	17
34	39	50
118	124	96
224	222	209
469	508	497
475	474	469
483	520	524
518	533	490
528	483	510
519	496	488
529	501	507
471	438	489
441	407	475
471	477	557
432	446	489
591	638	633
305	304	287
207	211	245
183	230	204
144	170	150
76	66	77
183	184	170
32	31	32
40	36	46
29	19	23
46	44	55
130	132	133
225	263	210
549	576	521
477	470	497
503	461	509
486	438	469
440	442	424
454	439	415
471	421	495
433	501	459
463	433	442
530	497	520
489	507	437
685	692	652
271	290	260
264	244	265
195	190	192
133	147	169
99	89	114
193	225	190
39	28	32
39	30	41
26	30	26
36	50	39
122	141	126
221	255	234
601	562	573
499	492	516
510	547	518
533	508	499
509	550	529
522	520	533
452	416	482
515	493	523
461	445	503
552	493	471
570	542	545
771	805	782
290	327	303
244	266	250
171	183	210
148	163	142
89	71	93
212	184	180
50	40	52
42	49	39
41	49	43
46	69	63
109	132	144
278	309	316
632	554	586
593	564	541
566	579	577
465	442	466
543	563	504
553	521	465
509	472	506
503	477	494
465	480	513
495	459	502
502	528	535
735	740	786
291	293	280
300	280	303
220	183	174
223	216	226
115	126	127
206	201	211
49	39	44
40	41	41
36	16	26
56	47	49
135	124	121
282	278	263
621	627	624
479	457	439
570	591	588
482	474	496
495	499	462
516	507	461
510	511	500
508	515	455
492	532	492
542	572	521
549	508	534
840	827	850
386	401	365
241	257	268
271	288	264
204	218	234
272	259	240
259	257	265
117	96	82
60	51	70
50	33	37
41	56	55
91	81	93
143	155	178
351	325	320
282	234	223
362	384	395
435	418	448
452	415	422
489	514	522
519	522	552
430	485	469
509	541	582
537	531	562
486	532	533
693	655	654
163	159	169
149	133	180
185	197	207
419	429	406
257	250	243
324	302	327
89	99	101
46	54	50
47	51	38
43	42	25
48	49	59
76	84	89
199	190	204
212	210	198
338	319	310
422	423	437
435	481	485
404	439	411
423	415	419
435	377	383
438	431	443
346	363	364
360	385	376
549	556	518
260	234	246
203	181	194
181	175	179
194	166	168
119	137	136
225	254	244
48	42	33
47	52	59
54	60	55
89	82	83
133	144	139
294	309	308
564	585	603
515	533	534
593	604	618
563	555	564
552	574	600
546	533	541
511	506	478
482	491	516
592	578	584
645	631	583
609	617	583
656	676	640
389	410	434
285	300	288
221	199	209
170	166	167
99	81	91
189	184	221
57	53	73
37	35	25
29	30	24
41	32	37
186	170	197
236	281	267
660	678	645
569	523	550
656	640	659
599	563	584
618	581	608
540	532	602
473	494	515
556	581	574
511	540	584
653	629	609
622	596	586
712	711	776
315	334	349
421	427	414
263	255	297
179	188	187
111	97	90
184	187	192
36	30	37
17	29	28
45	29	44
48	49	45
120	130	135
263	252	271
644	664	634
568	607	545
594	688	655
610	641	621
676	698	629
566	567	571
568	632	586
506	521	525
604	651	591
625	619	607
619	583	574
771	721	747
360	338	364
373	382	367
315	281	305
179	167	182
114	121	141
215	213	200
51	48	33
26	38	31
51	35	35
36	45	46
134	120	133
339	303	333
697	745	738
600	573	596
684	660	662
565	527	547
602	561	612
494	519	523
484	492	507
484	499	490
590	623	523
549	555	558
619	630	666
752	777	799
330	348	362
331	301	313
294	302	298
271	251	264
121	136	138
190	191	214
73	85	74
38	32	38
30	31	33
47	47	53
128	138	155
338	356	339
673	708	788
587	633	546
707	744	741
599	630	620
543	580	593
616	656	592
548	553	551
563	583	573
665	590	620
658	633	676
680	694	722
882	878	821
345	368	374
314	291	332
236	255	232
251	250	262
268	279	276
265	297	300
72	98	94
92	50	61
46	42	43
45	38	47
48	50	42
141	138	140
313	302	305
270	264	259
365	362	382
392	390	404
425	449	420
453	414	437
416	449	455
391	407	400
398	419	366
386	400	391
382	413	376
689	702	670
360	357	318
243	273	272
149	169	167
188	208	179
189	221	217
351	353	384
62	72	76
55	85	61
57	55	66
38	39	42
64	59	62
72	65	88
245	225	249
171	189	195
286	309	304
376	370	364
416	394	430
419	416	426
411	428	377
376	371	347
312	374	368
348	354	357
368	389	368
556	588	611
230	249	255
217	189	220
216	211	209
156	152	170
106	102	123
203	167	188
24	36	43
28	27	33
43	22	38
35	30	31
138	148	144
306	299	291
590	558	579
567	542	564
654	638	650
596	593	562
530	573	569
536	504	494
526	523	539
453	525	500
503	471	475
543	574	575
574	595	555
740	748	697
360	333	361
321	319	306
192	207	184
142	120	131
95	95	104
177	188	182
50	30	50
22	28	15
32	32	45
47	28	33
110	113	141
247	214	262
587	506	569
494	469	520
594	626	621
551	558	553
567	578	553
555	555	533
512	520	535
557	523	520
500	514	488
569	487	569
609	622	602
691	673	711
291	324	314
342	311	330
192	197	175
164	157	140
93	100	87
238	212	214
38	41	35
40	42	31
29	43	29
41	48	41
140	145	132
284	250	223
587	584	629
582	535	529
720	709	742
595	601	609
531	588	589
511	534	522
517	536	493
596	588	609
623	623	566
726	643	640
668	671	650
905	898	890
426	425	381
371	333	347
258	251	281
192	166	169
114	83	106
221	237	230
46	57	45
24	25	13
45	29	31
56	67	86
127	145	142
336	295	327
646	717	642
552	524	557
659	683	643
636	600	644
649	620	579
636	605	618
555	522	541
628	705	641
635	647	630
659	684	706
694	660	665
951	915	950
362	428	373
370	364	368
253	277	254
238	265	274
145	166	150
243	263	217
32	44	44
72	62	64
51	42	49
40	45	49
160	180	163
286	289	288
679	671	698
606	591	598
644	605	616
443	498	510
610	641	587
558	518	547
549	550	571
552	589	594
611	607	597
574	587	609
645	675	657
856	825	838
342	297	342
254	267	263
254	268	236
258	247	249
211	261	246
358	344	329
70	66	68
47	42	49
36	42	32
45	45	36
52	61	51
138	112	159
327	288	322
192	184	206
350	334	344
388	409	345
394	411	440
459	405	427
381	387	380
396	419	402
423	410	387
422	398	402
516	466	532
828	808	741
296	299	279
236	253	245
202	210	209
206	200	253
200	176	188
359	382	361
82	94	80
31	51	62
27	44	32
46	46	52
39	50	42
75	73	90
223	225	215
177	185	177
309	312	305
365	352	354
427	472	443
425	457	466
417	389	378
373	380	390
449	441	406
380	384	411
405	363	402
627	632	679
255	274	251
233	219	218
187	179	191
189	178	183
120	101	122
217	240	203
60	37	52
15	23	26
41	55	43
40	42	41
132	128	108
259	243	245
592	608	605
565	613	551
709	693	656
637	621	682
598	623	594
631	629	674
535	489	516
520	547	520
483	524	469
516	496	531
553	589	571
821	709	749
335	308	286
245	225	269
196	206	224
183	187	191
103	104	105
183	179	206
38	39	50
32	26	36
37	34	29
43	45	31
128	134	116
277	257	246
567	606	594
565	509	521
625	629	686
613	574	565
544	567	565
538	592	544
535	568	558
556	528	520
555	577	545
562	545	513
582	611	650
803	814	861
323	301	297
294	292	294
234	245	263
199	228	203
118	114	115
217	240	214
82	65	67
43	36	35
26	39	39
47	41	39
141	140	121
258	242	235
616	678	667
520	507	516
618	537	614
618	677	650
726	715	679
708	717	713
592	603	595
694	673	668
475	479	471
507	485	486
546	520	565
904	958	944
440	436	456
377	397	380
251	266	269
238	201	236
136	153	153
269	261	266
43	40	49
58	45	40
32	31	25
54	52	65
121	128	141
270	287	282
669	683	664
625	574	618
673	698	631
592	545	612
629	626	671
571	585	598
665	635	689
619	637	635
679	548	651
649	651	663
632	683	705
772	809	832
339	388	372
323	326	327
309	279	265
235	222	207
124	141	141
234	248	243
47	61	57
48	30	43
39	36	39
55	52	46
92	97	116
236	288	246
619	674	624
650	620	666
638	685	653
577	606	623
611	621	607
508	550	561
575	544	577
540	562	535
587	601	611
662	632	654
644	664	690
745	735	707
346	373	342
227	249	249
212	207	181
239	205	207
173	189	177
292	302	319
60	57	56
41	41	32
42	52	49
14	29	30
71	51	51
95	96	83
241	228	239
191	183	190
262	284	277
317	359	352
414	370	379
398	411	439
369	346	352
398	391	404
397	391	367
375	410	389
390	402	374
670	711	710
309	294	291
286	274	278
255	221	250
232	257	235
175	208	189
319	307	332
67	71	70
41	46	45
27	34	37
34	35	44
57	63	68
57	43	54
213	196	214
161	183	161
269	247	278
335	327	325
328	339	314
339	329	350
402	366	370
371	356	397
402	378	361
359	411	367
376	354	377
538	582	563
263	243	248
194	212	192
221	208	241
161	183	157
99	121	117
207	192	179
37	38	37
35	43	38
24	30	23
29	29	21
90	97	97
140	152	163
364	421	384
420	389	402
491	487	486
521	525	564
569	556	556
530	553	545
524	524	522
533	497	485
503	496	500
578	587	595
536	567	568
569	627	638
339	335	316
248	221	249
195	205	225
186	201	167
115	99	112
211	229	187
33	24	18
24	27	26
27	30	22
22	31	23
48	67	52
131	132	129
429	453	414
396	391	436
438	485	492
519	485	520
458	481	497
536	499	494
538	493	504
471	484	446
447	486	485
467	482	475
403	387	393
510	563	511
282	294	234
286	245	283
246	210	181
192	160	152
144	144	136
239	256	254
46	47	63
40	30	42
30	47	30
39	33	31
32	35	52
55	66	62
184	170	153
96	67	77
123	131	112
207	181	210
258	252	245
278	289	275
241	258	273
270	261	231
229	231	218
230	226	236
228	239	215
421	441	429
243	247	233
228	252	261
141	165	162
217	224	194
123	110	125
260	259	221
35	53	39
27	32	38
17	14	15
15	22	12
44	38	42
97	116	95
284	271	263
184	181	192
232	230	236
303	302	284
288	310	269
327	310	323
306	302	277
297	274	277
243	284	283
265	271	281
280	241	257
517	472	503
228	231	207
161	198	167
151	141	130
151	190	171
136	128	102
236	211	201
48	42	35
38	28	34
28	27	23
39	28	31
49	47	43
130	117	129
302	315	324
314	326	312
355	329	362
382	429	414
375	398	342
352	378	368
308	301	358
333	350	367
333	336	317
390	378	405
401	375	399
587	583	602
271	263	290
270	229	242
263	257	238
189	173	218
124	112	129
275	266	274
61	61	71
37	30	32
47	41	35
25	25	27
39	41	42
70	66	71
187	200	157
162	168	148
216	215	224
248	266	259
273	276	266
283	266	290
313	324	323
268	255	232
311	268	285
314	316	332
387	382	367
529	542	553
223	217	234
195	220	208
172	168	160
183	195	192
176	184	169
271	270	269
76	65	67
38	38	34
34	28	23
30	41	29
27	40	42
35	46	42
237	195	194
131	117	132
190	204	195
261	276	311
325	302	290
315	327	317
285	267	289
316	278	286
327	289	347
436	405	401
485	453	470
750	717	806
196	220	197
188	192	159
178	169	197
245	212	238
186	211	195
280	242	258
63	61	69
35	40	32
24	30	29
39	33	38
59	77	61
105	105	113
369	355	362
307	274	304
358	379	356
355	400	384
404	388	356
436	429	435
385	378	345
375	362	334
393	418	384
398	381	385
438	408	420
462	475	450
227	261	232
208	204	200
177	170	158
168	168	169
98	129	111
203	214	178
54	48	52
31	41	33
39	41	39
32	46	32
37	48	43
119	110	118
291	323	347
305	311	296
382	399	360
371	351	344
415	396	375
454	447	458
410	427	403
481	466	469
506	488	458
470	501	475
483	513	501
500	505	528
221	206	218
149	153	163
130	116	122
74	80	65
49	46	38
