110	111	86
197	230	201
217	201	209
186	171	160
141	134	162
80	63	64
92	75	58
46	68	60
48	49	54
69	84	78
139	117	128
189	233	218
185	160	177
169	179	187
168	191	200
225	214	254
227	197	200
277	293	269
192	219	212
202	227	221
217	230	232
217	181	198
173	142	150
110	135	110
66	78	64
118	125	107
83	86	75
51	68	56
41	56	50
64	50	65
81	78	80
130	122	118
219	226	224
287	289	275
306	326	323
293	325	307
344	330	334
329	334	299
354	313	351
310	330	323
325	333	319
300	315	342
247	275	280
282	302	269
221	235	229
216	188	198
189	175	176
134	115	128
45	65	60
54	48	49
37	36	33
34	35	23
43	35	48
62	63	56
112	115	91
158	155	146
230	244	246
381	340	327
369	349	349
389	357	393
340	306	324
315	339	308
326	298	351
313	342	355
272	254	268
380	376	377
335	342	360
264	302	298
252	258	232
221	191	207
179	190	203
132	129	143
64	75	61
61	51	68
50	48	43
37	37	38
30	23	28
46	56	50
114	111	116
158	152	152
240	246	258
360	331	331
359	356	345
358	348	363
373	346	352
315	309	347
305	328	327
358	338	341
385	393	387
385	357	361
284	269	285
277	297	282
284	238	283
262	237	228
197	183	199
141	134	152
73	57	52
77	60	72
88	71	82
52	55	59
42	44	38
33	37	36
48	61	51
74	74	49
124	119	130
171	187	180
237	216	239
255	242	247
277	283	281
276	284	261
180	185	173
183	148	152
167	166	166
183	187	178
225	244	224
208	217	208
231	229	219
228	211	218
213	186	212
199	198	199
115	138	130
119	115	124
86	74	107
73	63	67
51	63	52
45	49	43
51	47	42
52	61	55
88	98	75
151	130	134
218	209	212
279	266	280
288	274	264
279	249	272
258	259	245
205	239	263
285	291	266
302	298	303
263	275	278
269	206	251
222	223	206
207	218	201
184	196	205
134	139	144
71	66	58
51	62	54
59	43	61
38	45	63
32	32	40
64	64	77
122	148	142
227	239	219
343	325	303
356	296	368
386	377	380
293	323	354
319	342	313
327	374	340
378	342	339
396	408	395
408	425	427
473	449	432
355	336	322
292	326	263
279	247	258
213	205	226
174	198	200
135	116	140
60	53	61
40	54	46
45	52	40
49	47	34
40	45	41
56	67	47
127	129	120
277	261	252
330	360	341
365	395	398
386	405	390
381	340	392
374	376	347
395	378	355
362	351	337
397	364	414
444	425	400
440	484	444
319	317	305
268	306	336
249	269	246
226	204	216
176	161	172
115	124	115
41	56	46
39	45	37
45	26	37
46	46	34
36	55	41
67	65	62
153	151	174
208	207	199
327	318	368
387	403	421
419	451	428
428	442	447
359	417	378
408	378	363
420	404	420
454	418	473
441	425	434
449	452	453
386	359	370
337	342	329
289	287	269
199	197	216
167	151	151
99	96	103
51	53	51
48	32	46
40	40	31
28	45	30
29	30	31
68	71	74
139	150	145
223	256	243
375	356	354
388	371	389
445	443	445
451	418	430
402	375	400
397	425	364
377	401	407
440	403	436
474	483	491
471	469	447
311	336	297
264	261	263
234	261	250
262	268	255
234	194	203
155	170	154
96	66	73
62	69	56
54	50	60
44	41	44
56	42	54
85	86	79
150	169	140
241	216	260
371	358	337
376	396	390
378	429	398
406	416	437
374	411	372
371	351	349
363	411	405
431	390	443
429	425	450
447	482	451
372	317	334
272	313	341
301	282	286
231	264	264
220	228	220
166	158	165
80	78	76
74	67	75
61	73	67
62	50	50
32	41	39
51	47	48
80	80	66
105	104	100
151	138	154
199	207	202
299	286	280
305	276	267
301	268	269
240	298	268
280	302	307
301	276	266
261	215	239
319	290	308
279	284	275
233	255	230
211	169	201
235	179	196
164	184	190
156	168	199
146	125	138
133	116	128
96	94	93
66	61	75
69	64	52
43	46	40
54	57	50
80	82	95
111	132	111
129	148	131
179	158	176
210	225	221
255	226	238
265	301	288
317	302	278
314	358	289
304	308	325
279	279	308
269	283	282
296	268	285
235	230	207
208	205	182
149	184	147
153	162	165
56	85	77
66	71	77
49	61	46
37	51	47
46	40	47
79	51	72
208	168	187
282	282	270
306	284	303
408	401	438
474	462	457
427	477	468
407	384	409
361	399	425
310	309	304
356	373	369
333	363	345
439	408	390
426	373	375
355	360	350
299	293	305
242	220	195
172	165	161
130	136	136
49	63	57
38	31	46
28	45	37
50	42	48
41	35	39
80	84	75
162	136	144
299	313	310
356	376	430
421	422	417
470	393	402
407	422	432
414	385	433
383	392	396
366	379	359
408	368	419
460	439	449
493	501	481
367	348	388
307	320	274
232	209	249
213	213	225
195	205	215
110	104	121
77	67	79
71	79	58
43	58	51
56	40	58
45	50	44
89	71	86
131	132	143
302	287	277
393	392	370
422	462	426
439	419	478
412	413	387
389	369	370
337	387	358
414	380	416
416	407	406
499	494	439
452	503	499
378	348	351
412	382	399
357	375	334
227	244	230
172	189	165
123	128	130
54	53	51
66	43	47
33	48	62
35	39	51
44	47	41
74	73	73
176	167	162
313	314	307
380	390	358
428	423	414
390	442	419
403	423	421
388	426	443
348	319	364
406	389	382
348	396	403
385	428	428
490	531	485
376	362	382
349	362	331
291	295	313
246	228	261
187	200	192
141	175	154
64	58	68
52	54	39
40	46	44
49	44	37
45	42	45
78	89	79
190	176	213
305	256	262
372	369	376
348	407	375
334	369	356
302	322	303
346	344	354
373	392	368
397	390	376
462	423	402
468	459	469
415	385	427
323	300	306
307	315	321
273	271	273
238	271	252
215	200	214
168	172	159
84	62	80
68	71	79
67	49	52
63	64	64
43	42	62
33	34	52
66	65	74
101	104	85
159	182	161
259	229	226
250	244	233
263	271	305
293	283	288
317	328	313
278	280	293
260	286	273
312	310	291
379	359	367
331	288	324
262	240	246
193	224	214
168	181	186
189	220	218
231	212	218
139	126	142
143	122	109
120	106	94
82	82	89
58	58	37
39	57	48
52	53	63
81	92	77
144	134	110
165	160	173
235	276	240
275	297	267
251	236	245
262	223	225
267	256	271
279	254	269
293	261	276
294	292	329
282	262	248
254	255	262
227	247	236
195	219	189
162	161	168
119	107	114
52	76	58
69	62	51
45	40	49
48	46	42
37	35	46
74	64	72
164	202	188
236	262	245
280	317	300
356	388	336
394	402	406
449	412	459
413	391	377
343	368	376
410	346	392
393	365	372
458	447	458
456	429	480
286	360	336
317	350	314
269	298	272
253	237	211
137	163	157
85	81	123
43	46	45
43	46	35
30	37	42
48	34	33
36	48	44
84	93	84
172	191	200
265	309	317
408	384	387
420	430	463
476	440	418
395	389	378
359	397	416
377	423	415
369	369	362
384	426	439
511	480	531
498	524	473
320	333	329
306	307	306
255	284	296
205	251	239
152	165	168
110	124	129
63	56	64
41	49	61
57	41	47
43	35	37
46	51	42
76	72	76
207	234	210
315	279	309
396	400	362
450	403	407
438	432	414
389	419	430
428	444	417
384	372	379
353	353	354
377	380	404
436	415	459
451	450	499
369	317	358
309	316	320
295	252	269
235	240	220
176	205	193
129	143	125
70	59	60
51	54	44
43	47	44
34	38	44
57	40	53
101	88	73
190	174	179
255	259	253
372	368	380
425	406	404
446	405	470
386	388	438
441	430	408
360	385	378
343	351	398
409	401	451
524	456	467
523	580	567
362	349	362
356	362	344
283	295	302
285	259	278
211	244	230
153	158	138
57	57	46
57	48	62
43	42	55
50	40	50
38	47	44
88	89	85
176	194	192
311	319	361
369	428	380
404	463	432
461	460	453
458	490	446
463	460	433
411	398	413
412	347	379
437	463	408
462	426	499
563	594	562
358	348	344
269	320	329
312	313	286
283	260	265
229	185	214
171	128	131
90	78	88
77	106	79
49	55	65
60	59	59
44	47	50
54	52	49
76	72	62
104	77	104
154	142	133
174	172	186
236	233	238
203	253	238
196	213	213
196	229	209
241	229	219
203	205	195
183	174	182
249	239	254
223	243	234
184	201	192
161	143	162
163	143	153
179	179	181
158	162	144
114	89	91
86	97	97
79	90	74
68	49	64
48	38	38
33	36	28
31	41	35
55	39	45
87	65	75
123	116	111
165	154	159
199	202	176
179	185	196
213	192	190
212	197	204
185	206	207
184	154	176
216	218	221
211	203	194
151	166	161
125	138	156
130	107	119
112	103	102
109	109	114
89	72	94
78	66	84
62	68	77
61	73	48
44	45	56
54	50	43
68	67	61
49	58	56
74	81	86
99	109	88
156	156	167
169	171	200
191	196	220
208	161	194
142	148	149
155	169	161
189	154	169
180	159	189
143	176	164
161	182	165
140	145	120
122	118	121
106	98	77
84	83	100
39	43	45
43	29	36
39	43	38
39	29	39
45	38	55
61	48	53
151	141	147
271	267	278
365	387	383
413	383	430
395	474	462
432	440	448
368	404	370
373	357	390
408	439	400
413	428	474
551	517	535
500	498	519
383	341	387
344	365	340
273	297	273
221	260	247
168	174	188
139	115	113
57	71	58
57	52	37
40	48	38
40	48	43
48	44	44
75	86	85
216	216	221
338	310	311
415	468	428
475	467	447
488	438	496
474	416	522
468	457	500
456	421	446
484	460	413
430	428	451
520	481	487
493	517	495
395	366	376
360	357	357
310	314	311
269	279	267
203	205	200
163	154	162
58	68	67
69	56	54
47	53	56
72	46	53
51	51	41
86	97	98
211	215	182
323	287	297
335	359	381
378	404	419
446	454	426
400	404	373
442	403	393
443	408	437
389	414	441
399	395	411
513	497	486
537	486	515
335	351	367
330	345	314
338	302	318
234	238	242
166	171	168
124	103	108
46	67	48
54	43	50
43	49	35
36	55	50
43	46	40
94	67	74
178	177	175
321	291	277
384	376	326
347	380	375
371	388	410
383	413	394
365	350	364
378	389	366
381	397	400
404	405	358
514	472	498
550	565	604
414	410	359
369	315	342
282	310	337
292	267	290
247	236	227
165	172	174
78	90	87
102	84	81
81	69	80
62	77	64
48	45	47
45	53	52
86	98	100
129	116	119
202	193	202
267	294	256
359	323	319
343	348	355
337	309	355
293	294	297
329	316	337
371	359	319
296	320	296
301	311	318
248	277	242
279	235	252
239	281	228
229	216	228
219	194	210
184	229	189
135	104	129
130	142	135
87	116	125
61	76	61
36	44	61
41	48	40
51	62	52
59	68	62
101	95	109
149	163	163
211	227	225
236	238	235
253	245	259
276	253	288
280	293	275
294	285	311
353	338	300
401	381	380
308	334	301
262	291	288
219	264	273
237	246	274
181	180	176
142	143	146
80	71	64
61	48	59
51	60	33
36	41	30
54	41	43
99	94	91
197	198	200
338	308	344
375	350	390
386	348	362
408	402	409
423	462	432
389	414	416
402	361	403
427	399	414
452	440	445
534	524	487
524	581	553
366	379	400
321	315	296
241	270	293
245	236	230
158	204	169
126	125	124
55	43	45
49	54	41
36	41	52
58	60	38
43	47	40
95	81	76
145	152	165
245	232	260
392	348	372
372	354	357
461	428	442
431	383	425
391	406	400
360	392	394
359	373	353
391	387	385
336	348	356
355	372	369
308	304	334
282	286	295
197	243	224
185	167	182
151	140	136
90	85	87
51	40	40
56	54	50
53	46	37
32	33	38
39	45	42
80	101	79
146	159	173
291	251	286
351	406	378
413	413	355
408	412	373
386	390	391
402	356	384
344	376	340
348	394	368
314	333	336
409	367	355
426	442	419
345	354	336
333	315	315
287	278	268
207	237	227
109	152	138
96	75	107
44	41	38
47	37	44
43	51	38
46	37	45
46	45	43
78	90	85
197	173	183
261	266	263
405	349	388
370	380	433
357	345	392
364	356	370
352	339	343
342	336	360
388	392	350
335	362	333
416	407	373
504	456	448
348	360	322
267	288	295
269	271	264
236	246	261
157	162	171
106	108	121
45	68	54
65	53	72
54	70	55
56	46	43
37	44	39
86	72	100
163	166	188
288	287	284
412	400	357
362	368	356
381	428	420
426	446	439
484	486	468
502	502	481
478	462	428
458	422	398
438	417	421
523	535	523
376	384	383
392	370	354
354	343	359
244	300	272
230	259	242
247	221	203
118	107	121
119	107	93
78	86	88
77	79	91
57	74	71
61	74	61
119	105	105
159	178	139
230	234	238
255	269	278
298	309	295
364	369	361
359	385	345
378	381	396
410	438	401
341	367	353
377	383	349
401	393	353
320	355	329
373	354	360
287	307	290
234	246	236
212	195	205
220	208	223
155	134	120
123	120	131
108	122	114
106	98	88
62	76	68
47	53	53
45	52	60
93	85	84
145	156	147
208	202	213
279	256	259
294	296	317
328	316	290
333	333	309
325	329	313
292	295	302
292	330	302
391	355	345
307	316	344
305	345	317
295	282	297
232	263	266
191	204	197
188	153	161
73	73	73
59	57	60
52	48	73
56	46	47
58	33	53
63	85	71
214	219	205
313	348	311
440	397	404
404	385	397
441	418	436
453	425	421
389	373	409
386	387	376
392	432	448
445	417	398
394	429	422
497	494	531
380	369	384
351	346	371
281	283	319
200	209	187
153	170	171
86	111	118
48	44	47
44	44	56
38	37	32
23	37	37
35	52	42
86	76	85
194	178	168
309	301	313
414	427	410
402	439	400
479	487	492
427	437	472
418	473	489
486	480	459
445	432	450
447	457	498
422	425	453
441	441	446
418	418	397
393	362	389
293	293	299
194	271	232
157	156	179
116	111	125
48	41	52
34	37	29
45	47	37
38	38	54
33	45	42
64	84	97
192	206	199
319	328	338
366	413	357
401	410	360
430	425	453
426	448	449
410	489	439
379	381	385
393	390	388
419	410	401
455	497	451
499	536	502
435	386	395
382	385	384
383	376	315
286	281	298
214	198	189
132	175	171
54	55	42
53	34	39
47	40	38
46	38	38
36	39	46
71	111	82
244	208	216
286	311	299
451	424	425
401	439	409
432	434	466
455	494	415
405	427	407
423	456	498
464	472	479
496	534	489
458	475	515
537	516	528
395	415	445
392	384	414
376	381	378
320	316	318
216	206	184
158	161	211
51	61	61
60	50	60
63	56	58
47	45	35
57	48	38
101	97	114
212	215	202
298	305	314
419	457	458
495	477	473
498	509	529
480	475	501
466	482	459
446	434	447
481	481	476
466	483	466
499	544	462
509	479	522
350	358	335
325	331	318
264	283	300
294	288	312
274	268	265
211	226	194
88	76	78
104	88	91
83	80	75
60	57	56
38	43	40
42	42	50
94	88	90
144	180	142
236	224	219
302	308	317
299	329	344
321	316	297
337	324	326
331	311	369
325	309	335
289	296	283
299	296	307
322	326	348
278	283	292
275	253	266
293	257	287
240	216	254
229	224	209
211	244	240
142	141	150
138	137	131
124	106	126
74	62	79
56	67	52
41	62	43
54	35	51
87	91	100
140	138	138
184	194	199
262	270	262
266	293	281
334	351	326
370	361	347
361	350	367
395	403	376
391	349	404
326	359	381
301	318	335
355	331	327
267	275	288
222	238	252
168	199	176
143	139	157
77	82	70
87	68	65
63	82	65
46	46	53
56	35	51
82	81	110
215	178	222
297	319	310
438	415	443
458	467	456
524	519	528
476	460	464
453	417	476
463	468	475
467	503	471
471	463	435
543	525	520
595	589	569
372	401	376
408	421	358
373	348	320
284	263	254
181	200	215
118	148	119
44	50	45
47	59	45
51	45	47
33	45	41
50	47	45
81	81	113
197	189	206
318	272	294
395	363	361
434	432	424
459	458	453
467	454	423
441	451	466
457	471	432
407	448	442
370	373	398
431	393	435
432	455	474
348	360	307
325	314	350
243	243	241
206	207	215
177	176	161
113	123	125
40	38	32
38	51	53
45	38	36
58	33	46
32	35	47
73	66	61
170	180	169
243	250	264
316	316	331
358	380	389
339	384	371
324	354	347
359	378	388
354	326	337
360	361	370
452	452	418
401	356	384
403	446	459
378	371	358
320	318	311
266	246	285
177	215	210
160	155	171
125	136	127
53	47	50
43	39	42
34	46	45
43	36	47
33	35	42
71	85	70
182	177	151
270	280	262
377	370	355
342	363	368
419	432	402
419	461	441
403	415	409
416	430	440
439	425	428
421	403	449
430	455	437
496	490	510
366	398	371
380	368	377
295	284	294
264	273	248
218	239	215
173	175	140
78	70	55
82	54	67
72	57	64
51	51	47
33	45	48
77	99	81
183	150	154
261	287	266
385	365	354
375	415	442
449	464	458
436	449	465
436	422	420
388	426	372
445	511	426
457	444	474
437	446	446
496	512	464
396	361	384
308	312	302
300	240	240
241	248	263
264	301	248
247	269	262
111	92	114
116	85	95
103	97	98
73	63	52
55	42	45
53	52	50
98	82	101
149	130	145
203	172	227
298	271	248
283	310	343
313	326	316
303	307	284
290	333	321
321	297	315
311	320	360
302	313	291
363	380	360
330	341	345
253	267	276
188	205	181
184	167	188
226	239	236
277	246	265
172	165	159
150	130	131
121	125	113
105	109	104
69	66	71
36	45	58
44	42	41
64	82	76
108	120	141
196	159	175
247	252	224
277	301	291
282	320	330
334	355	314
308	341	360
344	294	303
327	306	375
335	376	376
299	272	308
251	280	271
251	268	262
234	241	236
176	182	212
133	141	141
74	78	78
89	69	76
77	75	67
51	54	43
57	75	58
100	106	105
160	148	164
240	263	283
354	378	336
399	386	370
468	468	419
467	491	458
417	394	413
472	427	440
383	427	408
419	405	428
398	412	454
553	521	541
357	334	337
343	342	348
354	352	344
243	252	240
143	151	153
112	119	113
47	52	56
56	64	64
51	47	64
37	46	47
38	42	26
84	102	84
162	165	204
300	292	267
371	366	379
347	324	357
413	418	422
400	382	411
394	396	369
386	383	392
453	442	405
449	462	471
450	408	410
408	466	482
397	345	380
289	322	310
269	285	252
240	230	198
150	169	162
126	121	91
56	49	53
38	37	46
27	42	43
40	33	33
34	44	34
66	66	77
184	151	164
241	274	244
360	328	326
370	370	353
335	369	404
380	366	371
319	346	381
344	337	336
384	387	410
438	451	423
480	465	469
478	506	538
412	410	405
317	349	377
313	328	311
283	271	274
202	201	191
103	124	94
34	42	44
34	34	33
46	42	49
46	34	41
40	38	42
95	63	59
158	151	203
245	278	241
367	324	342
373	383	381
466	443	453
497	460	475
507	481	475
425	407	400
395	442	432
429	416	393
427	456	410
478	478	522
415	369	384
381	322	372
264	259	257
231	254	208
167	145	178
131	130	129
57	49	59
53	47	54
48	43	67
55	60	43
55	41	53
78	52	64
152	149	162
231	261	270
324	318	279
316	337	336
360	380	370
376	387	399
392	380	358
503	450	492
554	557	574
503	501	537
528	533	504
513	466	466
373	400	334
346	376	347
368	335	339
312	327	306
251	232	246
231	223	205
94	103	99
102	84	81
91	81	70
73	84	87
72	63	57
65	68	69
99	105	80
171	187	152
276	244	247
345	328	324
338	339	329
316	324	300
325	334	324
364	373	376
372	352	363
328	336	336
336	332	321
336	345	379
302	301	281
325	294	269
300	289	243
252	239	268
253	254	266
221	222	217
105	124	142
110	124	108
118	99	114
104	100	93
53	74	71
64	64	57
61	52	59
81	80	84
152	142	152
196	171	195
241	252	233
255	279	266
320	295	325
346	329	319
342	329	335
337	333	370
346	324	352
378	389	369
327	341	311
273	320	355
288	286	270
228	223	200
158	160	155
111	110	131
59	58	67
56	53	55
58	52	57
49	50	49
53	54	58
77	77	67
190	164	158
265	250	229
326	322	329
407	361	380
380	368	387
378	384	365
338	370	342
362	339	294
342	326	374
336	299	331
365	386	371
425	424	425
330	357	346
343	362	342
252	261	248
211	210	184
142	142	175
77	108	111
33	33	31
41	30	42
33	52	33
45	36	31
37	35	36
87	67	89
152	155	158
225	267	229
356	382	348
416	401	434
423	452	455
447	472	455
417	473	456
434	442	434
431	386	392
332	356	352
432	392	378
431	454	437
343	345	324
330	345	320
292	324	317
290	246	291
172	162	146
129	105	110
50	38	43
57	47	48
43	45	44
49	54	49
62	49	50
69	79	79
152	169	157
276	296	261
337	360	384
377	370	365
407	425	392
424	384	420
359	363	418
368	356	328
405	393	384
455	443	437
473	527	489
508	451	507
424	387	395
404	420	415
416	375	362
329	308	279
210	206	199
149	130	112
56	60	59
61	57	53
53	53	43
58	45	52
44	47	47
94	81	89
180	180	174
315	318	293
380	362	400
469	486	482
457	468	486
460	431	419
506	458	477
478	457	441
445	461	439
531	501	513
498	518	528
494	513	507
402	396	375
453	465	460
393	374	404
359	305	322
234	220	215
127	115	120
45	44	49
48	58	39
42	45	38
41	40	35
26	39	40
77	81	65
183	181	200
278	284	300
432	429	413
413	413	400
475	440	453
472	431	462
447	457	455
415	457	421
447	480	439
454	437	464
528	508	474
448	492	472
339	346	332
344	317	319
310	353	336
274	283	276
220	242	214
187	183	153
98	103	117
102	110	104
74	63	77
74	63	71
55	51	50
52	62	51
111	101	91
144	141	135
185	163	204
260	274	247
325	291	338
329	310	316
326	339	357
345	377	335
357	355	335
320	332	326
376	366	385
403	408	385
335	302	314
277	282	302
278	294	254
287	261	240
238	245	237
191	200	197
130	117	103
145	128	105
122	98	94
84	72	83
60	70	60
46	54	38
51	53	59
67	65	80
113	131	109
160	150	142
203	213	213
222	277	250
239	263	273
298	260	269
267	286	265
248	293	270
308	319	279
376	398	374
308	327	301
299	289	285
271	282	274
229	226	221
190	233	203
201	195	209
115	129	120
121	122	102
122	106	99
78	61	76
54	42	59
46	59	63
92	97	101
109	115	111
158	155	180
177	183	159
220	204	216
216	184	206
155	179	153
145	177	140
140	141	154
144	166	144
209	183	193
234	192	213
228	237	204
198	218	222
194	192	186
174	130	159
101	122	133
85	86	84
40	45	35
56	39	54
35	40	40
39	54	38
51	30	41
58	92	67
144	126	148
226	247	281
410	398	433
482	466	456
534	502	563
508	495	514
462	482	492
533	505	517
534	513	477
533	504	498
586	593	580
568	621	608
467	462	483
484	460	507
411	445	401
293	273	276
175	190	165
109	103	94
48	40	44
43	54	50
42	58	44
46	24	29
39	32	28
70	46	57
164	180	150
271	259	258
373	353	347
366	370	348
358	416	404
401	401	390
364	396	386
364	404	364
422	451	500
544	521	539
589	601	622
600	609	630
419	420	393
472	483	455
426	391	392
394	402	422
293	281	275
170	155	178
49	59	60
47	47	52
62	65	50
50	46	50
43	38	48
78	105	80
194	229	232
336	315	342
500	457	428
518	514	476
515	510	529
531	498	527
512	478	498
469	457	452
486	466	448
506	501	529
566	540	560
502	504	546
372	392	405
405	431	411
356	361	365
262	265	280
246	221	241
192	205	223
75	58	67
64	57	57
54	52	47
58	70	57
41	55	40
101	81	98
248	236	193
317	279	293
415	449	457
512	465	490
490	516	533
467	473	507
480	489	475
526	521	516
502	520	475
587	559	524
511	584	614
563	647	627
415	425	440
470	425	458
444	475	422
410	395	382
294	276	296
205	214	199
88	102	104
84	88	88
75	76	86
73	97	79
63	71	66
69	72	60
135	128	121
180	188	152
275	235	226
298	323	294
306	347	338
325	302	334
379	419	356
418	404	394
403	347	414
322	309	329
365	332	385
357	388	406
360	342	337
353	335	275
284	273	330
257	265	290
289	291	320
278	268	294
159	152	127
141	130	133
107	123	119
111	84	103
86	76	80
68	77	72
70	76	71
108	95	90
200	182	162
232	227	233
286	275	308
303	336	331
391	385	366
356	338	359
359	355	358
360	348	361
302	280	313
394	363	367
320	329	339
330	328	346
298	296	284
223	261	250
194	202	195
177	169	174
74	78	63
74	71	50
60	47	47
61	56	54
50	53	56
70	91	85
214	250	215
319	332	299
419	347	368
400	400	408
519	464	545
499	511	508
487	499	533
531	570	506
444	471	487
430	453	426
549	552	550
590	560	572
406	441	451
433	430	396
331	305	295
226	218	223
168	163	158
116	119	119
47	46	52
43	34	29
45	49	39
49	61	47
40	45	26
93	95	92
165	199	181
325	316	317
479	455	462
445	474	428
506	451	499
432	449	463
432	452	455
423	457	429
445	412	427
476	482	480
494	532	514
592	577	627
420	394	376
394	369	356
371	329	338
287	269	299
221	199	212
146	161	149
57	48	46
48	49	39
55	47	41
46	47	58
51	45	38
95	98	82
164	180	192
358	338	373
425	405	422
461	389	443
433	427	417
408	421	417
465	458	485
434	410	401
473	494	437
469	508	475
534	582	578
655	576	661
450	418	424
456	384	386
373	358	386
360	396	334
231	264	270
144	171	132
56	49	68
51	46	38
57	51	55
42	45	44
42	51	54
90	95	83
222	213	236
323	352	357
398	429	434
471	460	486
467	484	481
424	449	439
468	463	452
448	439	456
440	454	454
474	479	431
472	522	481
479	460	484
329	377	357
351	355	315
283	334	370
276	290	277
225	224	197
124	123	147
49	59	68
76	55	59
51	55	72
57	58	46
50	44	48
88	105	77
217	218	197
301	306	301
420	417	410
457	425	453
522	455	493
478	460	486
441	442	438
511	482	473
447	441	440
444	461	449
446	482	444
451	456	460
358	330	355
316	289	270
313	305	302
293	288	280
250	247	226
220	232	205
123	114	130
150	138	121
93	105	115
92	89	88
72	58	87
57	66	54
99	97	100
147	134	162
217	255	237
338	299	288
342	368	372
410	406	362
336	344	336
265	305	285
323	335	294
340	344	338
353	343	353
366	376	409
213	225	221
167	165	186
133	140	127
179	138	120
187	184	155
150	165	183
97	113	89
81	90	91
57	65	75
47	48	54
46	39	42
34	46	55
52	54	53
71	83	56
85	106	101
178	168	137
201	188	183
225	221	237
274	266	289
273	270	290
250	259	265
233	254	210
245	252	248
299	307	273
266	275	242
242	285	242
191	186	196
170	151	156
154	140	142
121	122	109
83	95	85
87	62	66
56	68	75
35	58	63
59	70	69
94	91	77
186	175	173
261	282	256
371	355	380
391	399	399
429	464	478
397	442	430
454	538	442
447	445	425
390	379	363
422	399	428
564	545	559
551	557	577
419	434	464
453	454	436
389	342	397
302	306	308
144	151	162
117	127	121
51	50	49
48	42	52
41	38	31
44	35	48
40	44	48
67	79	70
159	174	179
256	258	277
373	351	360
389	423	435
439	438	474
418	397	456
414	413	437
420	414	416
444	424	418
441	495	444
489	477	532
557	533	538
469	442	399
448	471	455
345	344	370
264	282	307
213	213	197
139	150	148
57	44	49
49	31	43
32	32	41
40	41	36
43	53	49
69	80	87
226	212	234
338	333	331
452	418	414
478	434	449
481	500	484
499	457	459
421	406	411
512	462	454
436	449	457
521	475	472
466	503	452
488	506	501
367	446	382
371	373	357
360	363	348
307	337	340
240	226	242
130	158	134
61	45	55
68	62	58
47	53	45
51	45	56
47	56	55
101	78	88
231	206	218
272	302	308
385	376	354
440	405	397
452	405	480
444	465	471
412	442	439
429	432	453
473	420	420
447	428	442
422	445	422
417	426	475
386	358	345
377	380	347
343	348	344
285	288	276
215	216	212
164	180	157
61	71	69
58	64	56
66	47	56
56	58	54
40	40	34
76	80	100
200	204	197
257	299	315
378	361	378
432	461	455
498	439	473
448	466	441
448	454	441
452	457	475
473	466	462
444	444	456
535	504	544
581	594	588
387	372	397
460	460	395
348	354	370
356	326	341
263	287	242
191	193	209
93	114	82
107	113	111
101	93	100
69	87	73
60	68	74
76	57	69
76	85	65
112	118	97
179	196	185
295	249	287
320	327	330
340	359	381
344	361	373
382	390	359
349	349	363
356	383	392
347	367	360
394	414	391
339	309	339
346	320	358
356	301	336
277	296	273
235	266	203
177	203	193
87	111	103
128	90	103
108	101	88
84	83	81
60	87	68
44	62	50
48	35	43
74	94	86
130	141	153
167	201	199
259	274	271
293	289	313
325	339	310
334	353	359
319	325	347
307	322	301
337	307	334
374	358	378
292	354	304
307	299	295
241	278	261
223	240	237
200	184	156
135	126	137
69	69	51
66	70	53
41	45	48
37	29	41
47	54	46
92	82	90
198	197	179
259	251	259
389	365	356
478	441	490
438	505	472
499	430	455
450	428	436
388	393	407
407	361	394
404	438	400
438	435	430
482	509	508
408	353	391
390	398	369
363	386	374
242	247	277
158	125	138
102	109	115
45	45	41
36	47	42
45	20	31
53	46	40
59	34	49
95	79	91
208	216	228
333	323	300
408	398	426
452	468	423
476	466	481
516	508	488
451	451	446
497	480	450
430	461	445
469	445	436
470	466	455
525	528	502
378	372	361
356	362	377
302	319	322
309	338	337
236	235	214
150	141	162
45	64	63
41	63	61
58	45	60
90	91	93
50	48	44
72	79	86
203	227	201
327	317	356
354	391	356
438	426	502
434	446	447
431	433	427
438	465	439
440	433	435
495	484	478
438	469	479
455	486	451
463	476	469
371	387	364
347	348	359
316	360	313
276	299	293
248	260	260
151	156	157
58	69	50
40	55	38
53	32	41
43	39	49
52	56	59
80	87	100
218	175	196
303	286	290
335	354	317
393	389	386
443	441	443
448	410	443
405	407	428
468	448	432
420	412	433
444	422	415
470	459	416
517	498	480
340	377	385
343	394	369
371	328	332
257	263	315
198	181	191
118	133	127
43	63	50
55	55	66
52	50	49
44	56	47
52	56	45
99	96	104
186	211	188
271	304	296
418	419	405
433	458	459
467	424	439
401	461	433
445	429	425
450	401	391
417	431	465
466	470	500
497	566	492
551	526	553
367	375	410
378	364	337
404	429	398
347	367	328
251	263	264
181	199	180
92	90	95
97	110	90
105	88	89
60	55	54
49	64	55
58	82	61
90	108	114
128	149	154
209	174	182
240	266	215
303	296	298
306	353	317
371	352	351
349	321	317
370	317	360
356	366	345
353	361	340
371	373	371
279	279	253
258	257	237
266	242	241
206	237	200
231	222	206
203	183	210
143	119	136
138	144	148
105	106	107
103	101	107
89	81	96
75	69	66
97	91	114
100	93	102
122	133	149
203	169	154
196	182	205
177	200	208
172	179	216
252	257	218
306	280	321
314	327	317
299	352	314
334	376	318
284	312	336
312	302	295
284	252	246
203	197	205
181	188	176
141	118	99
70	56	64
52	52	55
55	56	58
58	61	35
61	52	59
102	88	88
171	174	175
254	245	274
394	410	390
422	427	476
438	458	457
379	421	382
367	424	437
383	406	406
431	398	432
441	444	454
437	453	423
488	482	456
353	355	355
320	351	374
305	291	258
239	260	237
192	185	173
118	135	134
58	53	49
51	31	53
46	49	50
29	35	35
31	35	33
64	63	67
184	166	163
280	266	290
329	372	355
377	389	371
434	388	435
396	378	385
420	407	412
436	435	449
473	463	457
448	466	499
495	495	507
509	477	510
363	326	333
390	382	361
328	357	356
295	315	328
147	169	183
114	119	108
55	40	48
39	41	29
30	34	46
32	33	37
46	44	43
74	73	77
154	142	147
287	276	290
336	352	332
373	406	374
355	346	376
444	414	392
484	418	477
426	455	389
379	358	405
390	416	415
443	432	433
425	474	509
380	362	366
334	350	318
276	264	296
265	245	226
198	201	217
147	134	155
55	59	56
50	56	51
51	43	48
37	49	44
54	48	55
70	53	75
188	161	173
288	299	242
330	357	344
450	430	413
388	460	375
404	419	447
384	426	349
338	397	348
373	412	398
403	407	399
418	405	392
426	429	436
326	326	309
363	372	367
372	424	384
302	296	280
193	193	196
139	173	139
45	50	53
44	54	44
56	61	55
56	50	46
52	39	46
67	68	71
155	163	156
272	279	256
344	370	373
451	451	364
455	413	456
373	401	413
399	420	435
414	410	377
449	445	411
472	493	525
487	479	457
486	504	465
399	364	385
343	346	353
318	310	275
278	258	266
224	205	245
195	198	204
105	113	107
113	102	94
91	97	121
59	74	63
47	60	51
38	38	46
70	81	72
151	132	111
175	203	192
241	240	283
298	284	268
322	331	346
352	331	364
317	308	284
296	289	261
278	308	304
360	308	320
319	333	320
327	306	282
283	272	301
239	235	219
228	222	224
221	217	223
243	231	260
149	156	141
144	142	162
142	143	152
93	96	79
69	66	60
48	41	55
44	45	37
68	79	61
105	100	107
174	170	173
249	223	225
285	279	266
306	291	273
297	305	311
310	337	296
356	339	322
364	359	366
336	326	363
298	342	278
290	315	328
272	252	243
209	203	195
162	176	170
135	134	120
61	54	61
72	69	72
47	49	55
59	53	41
55	46	42
66	84	70
174	155	160
243	233	248
368	353	384
413	420	415
417	378	368
438	426	435
403	404	364
359	381	346
349	357	346
380	381	367
437	424	462
454	455	433
332	305	346
327	335	299
276	278	288
253	235	287
173	173	151
125	102	104
72	62	40
49	59	54
42	43	49
53	49	47
44	49	44
64	71	71
179	140	165
253	271	241
340	328	332
376	418	355
433	422	451
411	434	397
396	374	373
395	416	403
429	498	414
444	448	435
437	425	398
430	411	400
370	340	350
402	374	359
317	329	303
282	240	272
149	168	146
86	116	118
50	48	40
56	52	67
46	64	57
57	42	45
43	38	35
88	76	92
186	206	203
297	284	297
384	386	393
473	384	409
424	452	451
422	462	416
401	367	381
379	380	360
437	448	415
468	460	458
465	434	465
489	503	501
349	356	341
360	316	332
299	295	313
225	234	256
197	207	175
103	139	119
44	51	51
46	48	35
49	47	47
50	47	51
47	43	42
91	78	62
201	204	215
287	292	268
396	413	406
405	425	413
448	444	459
468	492	465
438	440	436
442	442	483
505	485	478
539	495	516
542	507	524
499	549	570
388	394	423
409	438	439
359	364	394
291	325	305
249	213	240
223	219	212
75	115	91
93	74	85
73	68	64
68	70	62
66	72	74
50	52	54
83	72	91
84	94	90
114	103	94
183	138	145
218	212	220
261	287	282
274	295	260
272	312	293
289	311	282
307	272	296
285	263	304
301	274	286
299	293	300
366	359	372
340	335	367
272	295	265
190	235	198
165	188	192
83	80	85
77	98	127
87	99	105
70	62	76
30	37	45
33	36	34
79	70	69
81	74	88
140	172	147
163	228	210
271	279	279
284	300	280
270	252	262
268	270	246
325	272	289
253	255	246
254	276	254
392	358	441
347	345	303
284	285	305
222	227	255
195	196	204
270	270	255
272	315	305
126	149	130
143	161	138
107	116	124
86	124	86
68	80	68
50	44	50
54	63	62
65	79	68
84	78	89
142	138	146
189	204	192
258	247	264
298	266	308
310	320	347
281	259	292
219	237	240
250	241	253
286	267	275
276	273	271
269	298	270
269	286	231
236	184	230
157	172	181
160	172	135
88	72	88
99	78	71
78	76	82
66	68	63
47	69	52
55	54	50
62	65	91
70	53	72
101	89	94
138	137	138
226	195	190
261	264	280
253	279	255
227	256	253
243	241	276
254	269	257
259	274	248
297	306	317
220	238	208
228	230	244
222	222	208
165	191	189
142	129	137
83	87	91
45	33	33
48	40	50
43	60	60
40	41	42
47	36	41
80	66	71
141	155	157
221	222	256
348	370	327
371	411	422
442	439	391
444	443	451
417	399	419
442	416	435
450	425	414
488	403	482
419	459	491
510	508	488
368	385	356
334	360	370
302	297	293
221	213	234
151	141	163
105	103	130
37	36	40
49	39	39
44	39	43
29	43	53
34	57	46
62	83	70
150	183	177
276	310	277
434	405	434
443	457	424
473	491	437
441	436	418
402	440	401
454	435	408
465	492	468
439	454	487
580	547	523
548	497	563
371	336	364
391	416	362
331	359	345
314	301	277
252	244	227
209	204	186
88	111	82
79	98	94
90	81	84
87	74	84
77	93	74
51	58	66
59	62	78
79	76	72
110	110	104
148	150	158
221	235	226
221	252	210
266	255	259
281	252	252
277	276	294
272	276	264
280	274	283
305	297	286
206	240	223
245	271	249
238	242	245
180	209	206
174	162	170
124	122	138
53	61	42
65	66	75
74	49	48
51	52	49
77	67	68
94	78	79
174	153	183
278	274	275
370	416	373
419	419	415
510	455	506
483	488	473
492	496	470
481	469	458
477	436	492
458	476	475
528	554	573
556	609	590
397	397	350
374	385	346
364	350	366
349	347	298
196	238	212
205	175	207
77	85	91
91	107	87
74	98	70
67	59	65
57	59	50
44	52	39
79	77	69
113	100	128
226	202	212
281	275	282
293	315	330
400	445	444
325	320	347
323	354	358
385	367	382
380	349	399
368	353	384
397	405	424
310	338	319
352	386	375
329	321	325
272	236	258
216	247	270
203	213	204
111	135	114
119	119	134
126	107	117
104	88	82
50	58	83
54	49	46
55	51	64
71	61	80
134	132	120
207	207	192
266	283	251
288	283	271
239	243	243
273	264	247
301	278	276
293	321	282
327	315	295
306	321	325
298	274	306
255	270	254
215	209	228
224	189	210
155	175	168
119	124	109
61	45	48
72	55	57
69	60	49
45	36	43
39	49	48
80	93	95
217	214	229
350	320	303
450	461	413
480	448	438
496	499	508
515	510	499
448	430	465
476	504	507
452	444	443
535	524	505
525	529	548
594	551	576
438	390	415
417	418	401
366	377	429
273	273	263
144	182	177
110	112	128
46	35	37
30	32	42
54	57	56
55	38	38
43	51	48
74	107	94
214	195	211
327	320	339
452	434	425
513	484	489
459	432	455
488	524	517
484	460	488
494	466	484
493	475	490
441	428	451
466	483	501
518	555	555
393	403	374
347	373	344
287	283	323
313	292	306
248	237	246
109	123	128
53	39	43
66	58	68
54	61	42
56	61	59
38	51	41
97	102	81
253	201	238
340	338	320
489	438	471
556	538	533
514	524	530
473	473	501
479	485	489
461	467	486
498	495	484
507	486	476
522	504	554
622	591	651
413	415	398
418	412	396
405	392	427
358	380	333
261	251	269
143	189	173
57	65	51
65	67	63
55	54	65
55	49	63
74	69	70
84	101	86
211	232	233
393	391	394
472	533	524
532	485	521
519	469	499
517	482	533
435	507	440
470	509	479
508	468	491
460	504	500
540	480	529
598	563	566
399	401	356
396	436	405
425	405	418
400	376	365
245	259	248
170	176	199
49	59	62
60	63	83
72	77	66
82	62	71
48	49	51
116	85	99
174	208	215
359	325	344
466	453	468
528	478	503
531	536	513
504	571	566
489	443	540
439	455	468
565	553	578
525	601	530
603	563	579
673	669	660
461	427	419
348	369	377
313	341	320
266	265	256
291	281	289
277	280	299
143	104	118
119	117	132
102	120	104
84	60	76
60	60	57
77	61	78
127	118	117
170	167	158
242	250	258
312	307	322
330	350	312
364	359	351
328	321	319
338	334	303
382	399	350
363	379	355
420	371	392
480	497	439
358	321	339
303	262	270
250	262	268
206	208	194
317	298	308
292	306	315
156	110	139
144	133	146
137	137	139
112	109	112
100	61	75
62	77	63
69	55	62
96	109	112
172	182	166
197	207	188
262	287	271
353	334	321
459	404	436
428	442	422
368	375	369
342	352	338
354	377	367
438	446	428
333	314	312
270	314	290
259	252	247
205	192	219
153	171	165
122	139	125
46	40	47
63	44	53
57	53	45
35	45	21
53	43	41
90	86	88
174	204	193
306	300	313
407	442	403
453	473	455
454	492	481
449	489	477
421	396	436
442	448	454
423	426	436
473	480	458
449	437	416
468	464	464
334	322	348
399	399	379
308	370	313
219	255	216
156	160	155
83	90	99
38	37	29
29	36	41
50	58	56
37	51	57
42	41	35
65	72	69
166	174	168
281	294	273
460	396	401
460	387	418
420	462	442
480	428	460
453	427	374
430	414	401
443	435	398
457	399	436
460	472	499
518	589	537
369	390	345
367	382	395
332	333	361
228	274	265
176	169	197
116	98	118
36	25	40
47	39	29
47	55	52
46	41	42
32	45	40
80	94	72
189	204	207
337	350	333
423	493	496
501	463	518
539	510	510
467	468	491
487	444	461
446	476	453
450	433	450
445	452	457
513	470	494
523	543	507
449	401	412
437	373	426
370	378	385
319	341	319
230	186	239
141	132	121
57	51	39
45	51	52
67	71	62
44	48	36
28	43	41
76	99	92
239	234	220
375	346	375
462	505	448
514	500	530
513	503	524
459	561	534
503	488	503
538	561	519
553	550	560
467	516	461
539	564	535
607	567	591
431	398	382
437	406	413
415	417	391
303	301	325
230	261	219
150	156	188
70	71	78
82	55	73
73	69	70
50	48	59
56	37	53
98	93	89
248	206	234
363	347	359
455	474	463
545	488	505
487	562	539
489	516	543
485	517	539
567	501	513
597	598	549
593	574	593
506	516	549
654	603	639
464	486	455
495	467	477
409	433	409
337	395	353
275	250	241
202	209	229
93	74	99
85	109	110
109	108	98
100	108	86
68	57	53
59	61	68
148	152	145
174	169	175
257	260	263
380	362	353
406	395	404
375	415	396
365	385	378
409	382	360
387	386	380
377	350	350
405	399	414
491	476	480
360	357	367
335	373	355
372	337	346
356	334	341
331	305	317
275	289	301
121	135	122
145	149	128
123	128	122
88	77	95
66	63	78
68	46	48
62	49	44
95	94	83
159	153	165
252	232	253
336	319	324
319	356	348
419	348	377
433	416	450
379	381	410
381	429	370
393	455	449
435	447	452
316	299	315
292	287	361
281	266	296
227	215	244
148	204	202
155	156	152
70	67	55
51	63	73
66	70	78
40	48	45
42	51	51
108	95	77
253	220	240
367	342	353
511	492	535
561	526	553
602	577	517
528	527	500
546	518	491
515	535	481
530	538	495
522	587	558
567	607	567
614	599	592
409	389	404
376	433	412
507	484	481
324	307	317
214	213	206
112	149	127
39	39	45
66	67	55
56	51	43
55	54	49
61	54	62
121	129	123
228	228	237
352	338	338
536	550	553
533	510	496
517	449	505
464	504	477
476	457	457
534	495	503
569	524	548
535	558	523
571	584	544
689	671	702
455	472	484
449	417	422
368	399	375
311	353	360
271	261	267
179	138	189
52	42	49
50	68	65
57	69	50
52	54	30
45	51	57
123	119	127
276	250	279
407	357	392
542	519	550
525	506	504
583	554	586
506	455	488
452	435	418
465	440	448
532	519	519
497	502	506
493	514	512
538	538	534
383	396	420
388	402	424
424	447	453
425	420	426
293	303	299
175	172	199
48	47	51
51	51	64
71	69	76
54	58	43
50	57	70
100	107	109
214	237	242
357	351	356
529	506	530
520	545	504
467	522	517
530	527	520
525	544	509
496	459	455
405	490	463
545	527	561
537	509	533
583	621	593
454	435	435
414	429	436
334	358	346
376	360	382
300	311	273
184	226	192
63	54	66
64	102	72
65	54	69
44	58	53
67	66	67
130	101	87
285	253	273
366	419	389
447	429	477
492	496	461
523	562	548
517	542	557
456	486	462
504	507	506
582	539	556
539	549	573
617	581	618
632	650	605
443	420	385
424	437	429
349	397	385
332	343	336
304	339	315
258	219	224
82	99	103
114	121	109
114	124	122
81	74	87
50	61	46
74	89	76
135	130	126
182	165	170
276	252	241
332	361	314
354	376	354
402	355	397
371	358	372
349	362	348
387	386	361
360	377	362
371	389	405
459	501	490
345	370	351
291	287	283
290	286	271
250	245	262
327	335	353
296	307	313
160	140	152
138	165	160
142	153	162
147	125	141
86	90	82
71	87	76
83	87	79
91	84	98
131	136	164
190	182	205
255	243	269
333	293	320
361	356	358
352	374	364
320	372	345
356	335	334
340	304	305
372	358	413
310	335	342
316	311	324
283	266	248
218	263	203
184	182	190
143	148	143
51	41	52
46	59	55
47	67	73
60	50	40
61	58	57
112	103	80
252	249	207
322	327	298
526	516	466
517	566	551
575	569	553
518	574	544
431	491	447
475	511	480
506	520	506
551	552	500
534	539	534
549	559	573
441	384	393
443	473	477
404	388	387
284	279	287
218	198	209
118	148	141
49	39	36
47	56	41
46	42	59
60	71	69
63	56	44
115	112	104
264	229	251
336	348	335
496	491	472
548	602	570
600	517	552
579	596	600
541	512	535
496	478	450
544	535	548
523	557	585
550	578	597
599	590	544
424	446	435
470	484	506
429	460	421
273	297	299
200	236	226
120	135	135
24	42	48
55	36	49
55	37	55
33	37	43
55	63	59
95	94	103
253	271	258
342	361	350
514	541	561
581	575	587
534	558	534
581	584	610
499	507	482
586	559	523
474	532	487
563	546	524
620	635	617
578	600	588
448	397	474
470	425	462
397	427	438
341	336	325
252	263	296
173	157	158
50	41	56
75	84	104
74	89	67
51	52	52
71	72	76
132	127	108
292	281	296
401	363	373
502	499	536
548	575	559
535	526	558
483	485	481
493	525	494
498	560	497
467	498	513
573	601	588
490	507	551
583	553	589
406	430	449
419	473	424
414	389	422
364	437	391
225	195	236
157	166	166
48	51	45
72	68	89
67	59	54
75	83	56
65	57	65
115	109	126
222	206	211
342	329	358
519	485	546
543	502	500
489	537	510
512	469	478
527	472	551
564	533	519
580	579	568
571	549	541
654	650	590
664	666	677
436	439	425
428	436	421
482	358	393
355	381	365
307	313	324
198	242	197
86	110	109
135	130	129
126	132	105
83	94	111
60	52	64
96	62	76
161	154	160
200	164	183
220	272	243
330	365	362
376	336	401
370	372	400
517	465	494
445	447	486
446	433	474
452	483	482
467	455	429
470	498	477
337	370	347
301	347	350
280	292	298
304	333	287
293	272	278
253	224	236
144	135	110
164	145	146
133	127	139
110	134	127
76	78	99
44	74	51
91	79	85
112	109	97
190	173	190
272	288	283
356	343	352
375	393	411
467	435	459
462	378	422
437	442	435
458	477	457
413	465	447
440	454	413
406	379	370
390	410	407
346	323	308
281	273	248
243	222	225
144	153	166
71	44	74
67	78	69
68	72	71
69	66	53
62	57	55
114	112	108
247	225	230
340	325	340
502	487	477
554	559	595
614	600	623
518	572	584
515	517	524
529	546	525
448	505	447
506	513	558
582	561	561
644	641	619
415	383	382
407	422	402
367	351	344
290	304	292
182	220	226
108	95	113
29	42	19
49	42	62
58	55	62
83	53	79
49	44	54
95	101	87
255	253	241
369	364	339
512	538	568
548	554	560
586	530	586
533	517	521
507	550	510
518	541	535
527	530	553
639	586	608
569	625	535
545	533	559
507	446	476
476	488	451
487	410	440
395	377	395
200	233	217
128	115	154
46	41	49
56	51	62
65	47	54
45	55	58
38	46	45
109	103	91
237	245	264
365	368	374
555	530	531
588	592	591
556	552	513
576	569	559
506	543	515
573	503	509
489	549	548
529	531	558
498	544	535
535	502	549
425	418	409
433	486	469
396	361	370
330	307	330
205	254	240
156	141	143
57	57	52
41	61	56
60	57	49
49	51	61
55	47	41
136	130	133
291	276	254
379	380	388
478	528	531
541	566	551
565	577	559
547	630	555
524	560	525
542	549	591
499	530	538
480	492	475
571	507	548
568	544	526
381	433	386
451	481	426
510	543	517
409	401	400
246	232	266
136	130	145
41	37	51
63	54	53
65	54	83
53	47	43
41	47	63
120	86	103
235	232	229
308	284	302
441	437	436
495	475	515
542	543	525
560	574	565
531	500	462
523	526	549
579	607	555
534	521	533
614	608	580
580	602	574
389	402	397
361	362	359
326	355	336
321	313	298
303	313	345
264	290	323
108	109	131
144	157	130
132	141	128
91	74	75
85	57	74
45	65	45
114	138	115
202	174	189
287	265	267
355	330	376
346	367	385
379	389	367
355	368	361
325	378	375
355	385	364
318	314	363
380	398	376
429	448	449
341	354	352
348	344	332
296	308	338
309	319	279
278	256	266
272	265	272
155	153	144
184	182	175
161	149	144
95	103	101
70	73	78
49	56	63
60	56	66
87	89	83
161	182	148
219	238	236
299	282	302
341	326	347
364	379	366
362	330	344
331	309	359
356	357	341
374	348	389
402	410	360
332	290	307
320	329	326
205	234	286
230	225	228
186	187	176
122	124	119
45	47	43
49	39	41
42	34	35
51	48	43
45	43	48
81	94	104
218	230	231
317	318	353
471	474	489
542	528	484
541	519	516
478	540	512
556	503	493
480	497	440
420	455	426
478	461	416
521	555	555
632	670	652
408	433	410
452	440	464
462	463	447
371	340	317
203	224	197
157	164	142
53	51	50
49	59	72
52	51	58
47	55	60
42	58	50
103	101	102
207	204	203
370	338	346
533	530	527
487	511	558
520	533	476
572	591	540
506	510	524
537	544	533
534	522	487
533	554	540
579	539	571
615	586	589
395	431	421
420	439	438
453	452	401
368	419	336
265	283	268
192	168	168
40	40	44
55	47	59
58	44	49
55	49	63
55	53	56
100	88	103
263	250	245
374	420	423
557	579	559
598	572	611
569	564	533
562	535	536
526	522	540
556	518	489
528	559	532
556	521	547
594	549	584
603	646	624
397	402	440
454	466	469
401	443	380
342	305	308
210	195	246
154	163	133
60	43	55
60	43	61
50	71	57
60	47	45
48	43	48
98	84	110
206	230	202
355	379	340
444	458	478
516	523	546
517	523	535
489	519	533
494	450	471
523	536	542
534	519	533
531	526	552
564	554	580
577	625	631
397	424	404
432	438	399
396	406	452
352	335	318
258	299	283
171	163	179
60	49	54
64	81	71
65	56	50
66	56	62
48	43	66
107	117	99
223	251	253
355	337	359
558	522	532
584	578	616
596	644	610
581	573	563
502	505	563
525	521	496
582	550	578
548	565	576
661	664	656
664	716	687
458	445	477
501	491	515
512	495	494
402	387	366
334	272	281
245	207	280
90	95	91
108	110	84
115	115	130
88	85	99
75	61	56
54	64	63
96	92	96
155	134	146
309	272	255
333	339	341
442	401	405
453	457	462
459	479	444
464	478	453
516	419	459
491	457	496
417	424	464
529	516	491
338	334	321
347	363	364
343	353	331
315	321	337
302	272	278
261	295	264
92	125	124
145	141	133
133	123	135
122	125	113
69	80	75
58	49	49
61	72	67
79	79	76
152	148	132
233	234	236
366	348	322
358	349	339
320	290	348
380	369	341
397	439	379
378	375	380
400	417	405
434	454	460
376	367	321
370	407	371
344	368	362
325	310	300
241	280	252
212	206	183
83	74	79
69	84	73
62	72	71
88	92	84
61	77	82
53	62	64
121	129	119
122	146	120
151	150	172
212	201	220
238	286	284
297	322	310
280	289	312
290	291	259
272	281	254
267	285	284
298	333	288
326	355	370
279	290	281
292	336	310
260	264	268
236	218	202
136	138	153
93	86	89
39	36	36
48	37	38
63	49	56
42	34	45
53	47	40
104	76	82
231	214	201
315	348	329
519	523	508
617	653	609
574	561	608
557	539	541
529	494	500
526	500	537
527	573	553
595	535	550
625	679	668
723	694	708
511	473	488
577	568	570
437	455	448
365	344	388
256	206	259
140	126	139
44	41	52
33	42	43
46	55	51
39	33	55
66	61	55
113	104	112
261	260	279
401	387	371
541	547	528
527	564	588
626	587	564
613	569	544
539	552	568
519	537	527
507	473	459
563	482	547
540	600	590
564	536	573
435	394	472
467	474	445
324	312	318
281	282	288
214	236	265
199	224	190
55	49	54
42	38	47
45	56	49
51	61	59
62	68	59
89	103	110
236	249	223
390	400	351
535	513	496
549	577	527
615	573	604
613	576	595
555	525	552
526	574	551
569	551	591
611	567	563
620	623	654
663	630	636
472	462	451
414	473	452
448	433	463
429	382	426
280	262	260
164	149	147
53	35	34
89	80	73
38	57	57
48	49	63
64	68	49
107	107	109
221	229	252
314	349	368
570	572	513
548	567	589
541	568	578
515	477	531
517	531	519
544	556	494
580	620	531
639	604	652
639	657	644
709	695	692
407	372	411
333	314	331
329	329	354
313	305	315
392	411	408
361	393	388
138	109	135
179	158	159
137	120	142
84	81	79
75	74	61
83	79	73
149	120	121
166	150	154
256	274	247
360	339	329
370	404	398
410	391	403
464	412	448
346	388	413
404	392	376
355	324	386
410	403	373
526	503	532
330	366	375
278	277	301
274	252	269
265	286	299
424	413	379
323	366	366
147	136	144
198	210	229
184	186	171
164	153	158
74	85	58
87	54	69
72	86	89
98	97	102
182	178	170
238	262	270
298	334	325
367	330	353
358	364	394
349	358	357
358	348	350
416	388	431
376	370	361
398	452	443
383	346	368
362	347	320
264	249	253
226	215	202
192	178	164
144	137	147
51	49	45
47	47	48
32	64	50
57	55	58
45	61	52
100	91	104
285	279	264
359	372	352
561	539	541
564	553	575
571	544	579
545	607	548
510	497	519
515	438	483
470	506	501
566	551	535
571	586	585
612	632	589
454	410	405
490	496	483
496	436	472
348	369	346
210	217	177
155	157	155
31	37	40
48	44	59
48	49	49
52	59	64
63	67	56
107	112	99
289	235	246
409	355	336
547	539	473
553	561	561
628	587	602
551	554	547
506	506	487
520	547	579
566	564	578
534	540	534
526	498	586
645	613	609
455	437	444
522	495	512
474	493	465
342	334	339
241	235	212
151	147	150
50	40	41
58	54	57
62	62	55
58	52	41
46	63	48
100	120	125
257	257	284
355	354	381
597	582	596
571	620	576
555	589	558
540	538	558
537	515	489
543	523	549
569	557	573
541	547	511
567	602	581
624	643	626
470	462	478
610	648	619
618	673	666
390	409	382
234	261	272
146	135	143
44	37	51
56	67	55
47	54	44
47	48	54
58	48	61
95	108	96
251	249	241
365	376	380
545	602	556
586	588	593
561	571	562
600	553	542
518	511	539
530	460	523
566	534	508
598	627	617
686	624	615
629	602	612
427	460	468
463	483	486
490	522	505
423	421	463
266	303	274
151	159	180
55	56	52
63	59	52
73	77	61
63	61	55
49	53	49
87	108	106
245	250	228
350	308	325
499	505	503
515	568	572
618	591	585
577	593	538
506	527	559
529	522	527
507	515	549
578	569	574
604	627	615
646	658	634
425	439	427
442	439	446
435	453	457
373	377	370
312	329	324
228	222	228
84	90	103
93	110	118
104	89	107
75	85	79
46	56	51
54	80	67
145	151	136
166	139	162
248	245	289
356	385	338
418	394	388
412	395	410
423	385	377
378	385	408
422	423	403
425	468	459
468	497	501
550	565	554
365	362	364
383	386	407
377	426	444
333	324	366
263	278	279
297	269	287
133	127	112
132	124	140
134	135	109
111	104	89
83	93	63
62	41	39
80	54	76
102	78	103
176	187	170
245	201	242
322	318	299
382	387	338
460	457	504
464	477	437
467	481	477
540	503	477
434	446	435
479	428	460
430	451	427
495	457	446
411	359	337
253	267	249
168	187	177
144	140	151
48	45	37
43	40	47
41	55	51
42	39	43
60	74	51
113	122	110
238	246	226
350	318	318
508	505	483
538	539	561
571	661	628
579	540	558
566	581	544
535	519	573
529	456	490
534	481	507
535	498	541
682	670	662
435	435	494
524	479	501
500	485	478
304	351	379
216	209	192
129	106	136
29	29	41
43	50	42
39	48	49
33	53	41
54	66	40
118	125	108
233	249	242
346	362	389
526	547	546
508	555	515
495	566	585
517	516	582
487	546	527
506	504	500
477	488	477
512	498	502
527	569	597
581	629	571
468	493	433
488	443	485
399	411	364
371	356	351
228	229	220
138	149	160
29	45	39
62	60	55
61	59	61
33	36	46
44	53	51
126	109	69
238	245	233
364	359	385
608	569	545
591	615	523
591	604	636
622	619	622
550	527	551
507	507	507
487	569	532
542	544	552
541	588	595
676	666	713
441	490	478
406	420	380
357	348	362
380	401	434
252	256	246
149	136	134
45	57	57
54	53	53
62	52	56
55	46	54
56	44	48
77	97	104
246	262	232
378	384	343
501	490	497
590	587	616
631	576	617
577	641	578
620	597	596
527	511	553
534	501	553
557	546	579
607	587	563
688	719	705
456	466	430
390	376	385
353	362	367
312	306	315
411	454	425
228	254	265
64	73	68
85	85	68
76	72	76
66	64	69
69	56	61
115	117	131
266	256	239
345	349	350
571	587	583
628	634	686
602	614	558
560	529	573
522	539	534
501	485	509
636	591	633
642	628	649
522	513	513
592	540	554
369	379	372
366	371	354
360	387	381
380	332	371
370	372	394
371	366	399
136	129	118
128	157	159
116	115	115
126	122	136
89	82	81
63	63	76
110	105	119
150	182	158
279	249	245
310	331	363
397	420	408
458	408	390
406	360	419
474	445	435
491	515	484
434	404	382
451	450	475
462	440	430
337	301	346
275	277	277
241	256	266
293	252	246
407	366	392
356	330	365
124	151	134
152	149	151
109	123	140
104	120	124
96	102	91
79	60	75
109	110	98
95	127	96
191	174	162
228	245	281
356	309	356
419	451	428
487	476	433
449	494	479
459	437	470
410	421	410
469	425	471
493	459	454
375	386	349
357	312	330
312	317	370
314	324	334
271	284	305
189	200	168
72	56	63
73	64	50
68	68	68
73	49	74
55	42	45
95	86	107
218	281	234
357	430	396
534	527	537
581	625	619
552	618	590
546	533	544
465	484	465
452	432	474
529	508	529
546	507	570
558	541	510
536	614	534
413	425	436
430	426	448
308	334	347
297	286	276
195	188	181
132	123	129
61	49	39
61	57	57
58	46	64
36	47	58
57	41	39
70	101	99
202	226	243
328	360	351
542	524	562
549	536	563
616	587	613
562	596	575
507	591	562
503	529	530
536	563	566
550	501	526
642	628	592
671	621	606
473	470	494
429	467	489
419	427	412
310	288	343
224	208	212
144	144	143
47	46	47
42	41	45
38	46	45
35	25	56
56	54	58
120	94	97
273	277	281
351	321	358
610	573	566
588	581	592
562	538	588
446	532	509
502	484	509
538	520	492
491	504	503
609	608	607
651	654	644
696	694	656
471	488	454
592	550	590
646	685	709
424	421	406
284	265	278
158	149	156
60	55	48
72	49	54
60	47	59
70	54	61
70	57	45
111	99	114
289	277	286
387	392	360
624	619	572
622	613	614
577	563	579
530	525	514
510	509	555
541	603	583
597	547	557
538	634	562
748	720	681
685	784	739
448	465	490
475	487	492
479	461	484
382	401	407
328	342	321
182	205	221
59	52	43
60	87	69
64	81	67
58	58	57
42	64	50
96	102	112
278	272	259
357	357	339
529	532	517
581	552	538
547	575	545
571	551	590
527	504	540
513	556	524
576	593	611
650	635	673
611	640	641
661	636	655
438	430	448
499	489	533
467	426	439
364	409	383
284	281	277
214	234	241
92	99	83
127	126	105
110	104	88
128	99	88
78	88	70
72	93	90
113	91	103
187	168	159
268	283	277
340	290	288
427	389	407
533	480	519
389	394	373
408	400	416
450	460	464
418	419	433
400	401	404
545	515	500
402	410	389
348	341	352
343	336	306
294	297	276
389	394	398
358	322	339
148	116	138
153	157	144
150	129	139
113	121	104
89	64	82
61	66	70
62	87	87
100	105	120
153	151	118
286	264	277
343	348	363
359	376	382
339	395	423
377	365	372
388	389	377
433	432	422
351	380	362
438	399	413
360	347	316
326	310	350
262	255	270
240	219	245
223	197	185
158	163	148
67	59	56
49	65	53
39	46	46
35	40	36
57	45	44
74	84	82
219	227	233
351	325	363
552	543	546
516	532	545
512	528	569
437	489	491
488	467	510
485	465	442
570	513	514
514	508	598
609	593	585
681	684	706
428	427	432
532	456	550
503	505	521
293	299	326
208	192	202
137	101	99
41	29	39
49	55	53
55	65	56
41	38	38
67	53	58
92	86	111
249	276	264
285	313	317
444	427	430
542	503	544
541	561	503
498	484	504
456	522	507
474	463	507
563	515	511
576	598	610
594	603	593
652	654	685
462	512	473
554	581	548
547	525	520
370	356	420
255	280	260
133	136	140
49	46	42
83	69	77
68	64	69
56	74	58
71	59	75
85	95	81
289	255	305
388	366	375
586	511	613
539	566	559
508	523	534
512	507	524
484	494	508
611	620	551
635	624	636
621	591	636
713	815	739
758	729	775
463	490	465
593	556	588
529	527	542
407	444	433
192	209	203
118	146	112
43	43	50
62	53	61
55	62	58
48	44	45
44	60	47
103	79	93
252	270	258
347	331	372
531	537	591
616	602	576
609	602	609
594	512	531
498	490	488
468	490	516
514	572	536
550	518	523
584	640	594
616	619	599
455	473	419
491	493	490
470	454	447
374	380	360
271	259	269
212	188	210
69	57	59
67	61	64
55	57	39
37	33	46
47	52	59
107	95	113
249	257	237
341	362	365
531	508	538
612	576	594
602	571	586
461	548	529
523	491	506
487	538	530
609	605	588
605	599	583
656	626	618
739	732	702
498	422	418
382	355	405
427	426	418
386	398	398
318	336	335
244	267	248
93	82	69
138	113	101
108	106	105
80	92	80
69	67	68
56	73	80
122	117	125
151	170	182
242	258	232
329	342	337
442	411	404
379	392	393
489	435	451
420	440	465
441	462	442
487	476	474
532	521	510
494	504	528
367	342	375
406	390	393
385	366	365
353	334	327
350	299	302
296	249	276
136	115	131
157	180	166
162	118	141
124	126	118
90	78	94
70	63	59
51	54	57
96	127	108
189	187	178
258	248	252
344	326	309
346	342	369
358	335	384
469	460	438
427	459	462
488	485	495
430	463	393
451	446	441
346	341	384
383	324	321
299	304	281
220	252	248
183	184	188
127	127	123
45	44	50
37	47	43
39	49	37
35	49	32
41	50	53
83	84	100
240	243	270
390	327	351
511	503	480
519	501	568
520	503	504
519	533	525
462	469	466
443	453	459
513	508	542
571	536	523
515	513	575
586	591	631
460	420	479
487	471	445
431	411	390
322	309	317
180	192	181
106	108	107
46	28	42
35	31	40
30	52	40
31	26	38
39	39	57
93	121	117
197	224	242
322	326	300
483	448	471
560	527	541
556	531	527
469	464	478
445	447	500
492	489	490
541	533	539
522	507	508
598	552	538
646	668	621
486	453	449
581	537	567
523	526	486
427	374	385
271	256	269
134	134	137
41	49	38
54	71	61
42	46	63
53	55	50
40	68	51
95	93	82
219	234	246
323	332	371
518	494	492
543	543	514
604	608	655
567	546	586
511	507	512
510	547	516
542	520	528
510	573	586
618	625	581
634	639	629
426	471	450
433	480	445
412	432	404
290	342	347
248	231	232
159	157	119
56	43	58
60	61	55
55	43	55
41	38	41
42	47	43
69	107	72
267	232	244
384	347	377
564	545	569
569	523	536
552	562	568
483	582	560
504	517	496
500	519	573
532	540	542
545	530	538
638	612	613
629	635	612
450	473	445
539	487	547
431	482	448
393	401	379
268	258	257
167	150	156
60	53	42
56	79	68
63	65	76
51	42	45
56	55	54
89	99	100
254	260	233
320	317	357
472	486	569
529	553	550
497	495	545
503	495	466
499	489	466
513	486	445
520	475	506
506	505	519
541	519	541
657	659	654
423	408	413
423	403	426
398	412	388
356	390	370
311	293	339
221	247	237
76	84	74
99	105	98
113	86	110
66	79	64
73	55	62
80	76	69
143	146	142
141	142	173
235	276	273
329	329	311
382	385	417
395	414	383
439	456	406
432	364	421
477	500	467
497	508	468
468	512	472
562	548	595
312	314	335
399	364	399
349	393	410
360	356	305
325	314	299
269	268	292
161	141	146
189	182	173
170	144	155
118	149	130
88	98	84
60	57	66
96	88	93
125	124	105
178	190	177
249	254	245
358	337	353
352	339	390
360	329	341
419	353	379
383	431	399
451	441	471
483	466	472
515	571	569
432	386	367
424	397	427
368	350	379
288	315	309
195	183	194
178	146	134
72	58	68
70	70	72
72	72	70
57	53	42
60	62	52
131	105	104
254	236	252
388	324	352
484	510	550
556	601	584
531	565	571
534	532	560
519	450	493
554	545	561
533	512	551
549	520	546
600	583	591
651	611	691
398	426	417
458	424	416
349	376	345
335	340	363
216	215	218
135	134	125
49	42	40
48	62	53
138	135	143
99	130	122
71	65	58
77	102	101
238	217	223
324	336	364
582	561	546
539	606	594
519	617	554
573	506	473
503	536	507
498	483	502
571	533	538
514	579	537
535	537	515
635	634	580
483	386	429
475	466	460
473	451	438
382	410	372
248	255	230
162	172	157
51	46	47
48	59	54
54	55	53
39	45	58
63	70	68
116	130	122
203	205	232
338	408	332
534	607	556
572	560	563
623	579	548
528	529	527
468	506	425
519	536	535
512	553	541
509	514	528
584	517	559
576	615	551
447	443	476
492	482	473
463	505	473
403	426	419
345	326	322
183	175	179
35	35	43
52	52	54
46	44	58
50	57	58
67	41	57
128	126	90
328	346	341
427	408	431
597	564	589
656	700	622
604	583	650
637	552	677
547	573	567
610	561	572
627	649	643
520	532	540
557	552	550
683	651	688
438	431	430
424	439	461
454	455	495
408	390	429
280	262	273
232	216	213
64	45	63
76	77	90
64	49	55
50	47	40
51	49	53
104	130	108
255	244	292
368	342	330
509	560	545
559	592	536
581	554	578
522	533	517
506	535	538
494	471	556
598	568	586
624	590	607
569	566	574
650	577	624
414	428	397
474	438	407
393	408	390
319	345	350
260	269	251
259	230	251
95	101	93
110	132	156
116	106	115
72	82	73
82	61	75
76	93	58
145	157	140
160	144	132
250	241	237
308	328	322
413	407	401
421	463	362
431	397	410
420	420	411
405	404	437
408	412	468
456	495	469
580	517	544
325	346	360
305	315	319
310	300	301
278	273	280
322	323	309
288	336	324
132	122	121
133	136	142
144	143	141
141	140	131
100	78	97
79	86	72
85	80	72
92	78	99
170	182	153
250	253	217
351	298	315
405	351	360
455	394	431
435	496	424
431	421	390
443	398	437
443	451	443
461	455	440
362	310	301
342	320	328
290	268	270
273	228	248
177	168	194
149	144	125
51	48	47
62	69	72
57	38	54
39	38	40
61	65	73
99	96	90
208	234	233
345	339	348
527	526	516
519	516	508
559	545	532
550	516	559
466	480	472
520	484	570
472	472	486
461	493	452
532	542	512
561	554	517
415	384	400
424	480	441
408	430	398
311	274	321
206	201	194
114	122	93
40	24	27
48	36	30
66	54	50
43	42	34
59	65	64
106	98	106
239	232	234
384	393	358
524	538	510
493	490	505
548	536	518
509	568	558
508	469	477
511	510	491
500	492	498
528	579	557
563	585	562
669	633	610
430	476	433
457	475	479
463	528	523
449	423	461
278	267	244
125	158	142
48	37	43
64	53	51
53	63	66
60	59	44
64	69	71
94	95	106
233	189	221
419	421	387
520	540	574
545	538	528
561	545	548
540	522	534
558	535	533
519	509	547
554	544	494
564	550	514
588	561	589
612	642	635
479	448	481
437	447	434
381	394	385
372	421	411
328	357	334
134	194	183
51	45	56
53	58	59
36	45	50
44	49	40
51	46	48
86	111	109
272	274	265
380	368	367
586	574	564
541	592	555
537	582	558
514	500	536
502	504	517
536	569	541
520	544	552
586	586	573
597	586	602
654	634	669
451	447	462
486	519	516
415	442	392
305	312	323
225	218	211
174	159	170
40	47	54
66	54	68
55	50	69
55	46	36
47	52	44
106	98	102
270	259	261
365	364	355
532	551	524
611	605	547
581	546	584
516	555	513
492	474	508
600	567	553
600	598	601
615	634	562
617	669	601
711	629	674
410	423	399
344	325	339
330	341	333
310	339	338
446	431	452
377	359	376
134	103	101
142	146	168
126	104	109
92	96	112
68	69	69
79	71	81
144	157	120
192	202	183
255	264	270
342	368	352
426	442	417
445	471	446
533	487	536
523	553	488
488	526	504
403	384	412
450	497	484
504	506	506
297	310	297
317	354	369
355	329	348
288	294	284
267	287	274
301	290	285
112	128	122
127	136	111
109	124	137
110	98	111
80	97	95
43	38	52
61	60	68
104	100	111
175	167	169
273	276	257
322	351	341
391	355	368
335	400	373
416	402	388
442	426	452
422	421	438
418	405	429
405	446	407
372	375	399
323	324	337
283	290	285
218	267	256
198	173	184
149	126	117
39	42	41
50	66	45
51	61	59
44	51	56
58	51	48
117	110	95
189	218	226
353	332	343
589	564	628
567	651	628
606	597	660
548	590	548
575	542	551
545	582	558
554	562	552
507	567	558
501	450	492
572	538	525
398	455	451
432	449	471
402	394	421
248	302	293
233	207	197
125	141	122
51	39	51
59	66	53
54	57	54
37	54	53
56	59	57
124	99	116
240	241	227
373	365	339
494	476	577
547	492	469
600	543	546
600	598	544
555	532	509
536	535	487
523	496	489
576	541	534
603	624	658
647	612	574
416	422	434
513	460	495
417	401	417
384	387	396
279	273	236
168	163	144
39	39	36
47	48	55
67	53	58
49	63	40
48	49	58
91	106	93
241	267	245
428	395	409
492	505	506
571	564	529
560	554	646
557	518	571
497	493	538
569	561	532
626	603	615
536	544	535
569	592	562
676	599	613
471	512	497
544	526	499
527	527	529
360	379	370
259	286	283
146	123	152
34	51	36
49	42	45
45	56	64
73	70	56
39	49	57
103	117	107
250	294	247
350	383	380
546	486	574
500	555	548
526	580	552
557	504	535
530	515	521
558	570	561
597	614	552
528	523	547
650	622	664
782	771	719
508	517	495
478	491	472
527	567	545
516	518	449
279	294	283
180	197	161
63	58	57
81	91	93
86	86	78
62	55	48
71	56	48
117	129	128
251	232	284
443	393	382
515	511	531
569	568	557
556	611	590
566	568	596
543	564	552
511	580	528
615	572	591
567	586	636
625	620	660
653	696	683
491	525	509
489	441	503
466	455	475
345	407	412
363	331	299
247	223	243
77	88	100
140	179	155
122	117	128
95	97	110
56	64	54
66	67	69
134	135	117
146	166	122
222	220	260
382	347	367
420	414	400
411	461	441
412	405	407
416	428	429
412	427	455
379	384	398
466	457	450
519	616	592
357	344	400
314	301	300
251	247	243
297	308	278
431	422	427
359	392	325
119	127	106
135	165	153
136	137	115
94	126	105
85	68	82
64	55	49
58	54	52
93	105	86
193	207	180
211	245	219
335	326	338
400	370	408
422	413	396
376	365	400
380	352	340
415	405	426
403	442	461
415	425	423
276	284	296
294	292	303
239	280	259
229	207	194
167	175	198
140	154	172
52	54	60
48	56	67
78	72	59
57	56	57
69	62	69
91	98	121
240	208	228
356	379	343
511	506	535
628	612	618
610	584	558
476	473	532
490	485	491
510	539	511
531	526	520
553	517	511
522	576	469
573	597	588
437	399	434
480	475	470
372	368	387
245	287	281
179	172	169
148	154	124
55	54	54
62	64	62
34	33	57
52	52	56
74	65	79
91	80	109
211	216	257
386	312	379
498	458	480
517	491	524
519	559	528
538	480	521
469	509	539
468	526	490
464	475	474
426	461	451
480	481	535
574	529	516
446	429	374
436	437	447
411	383	413
353	335	341
258	250	251
135	141	152
39	43	40
47	54	53
39	51	55
68	52	61
51	33	48
74	86	77
207	235	220
334	382	354
540	501	504
622	585	608
542	548	558
438	483	482
523	486	521
502	506	539
518	472	479
502	507	516
513	495	502
567	557	521
461	472	446
504	496	493
462	427	438
374	388	364
334	301	317
160	179	181
56	45	43
56	67	44
75	53	56
38	45	59
79	64	65
110	108	106
277	283	273
391	348	421
497	521	515
537	520	539
592	608	570
537	537	541
560	528	522
533	501	518
492	522	495
523	556	521
578	555	552
591	598	565
435	387	383
455	405	462
399	383	360
356	343	354
247	247	265
158	161	162
59	53	48
64	69	74
69	72	45
58	56	58
58	62	59
110	89	128
235	250	257
365	364	351
521	533	566
583	588	558
619	614	619
549	544	574
500	564	503
532	564	565
612	582	559
545	523	536
590	554	589
647	627	667
418	396	407
409	409	429
397	358	401
366	346	350
278	288	298
223	242	224
92	97	109
132	117	134
102	85	131
108	101	118
90	87	79
73	69	73
140	130	134
165	176	179
290	284	293
339	362	325
435	404	415
383	394	406
438	402	406
423	481	489
467	507	475
477	463	476
408	388	392
450	409	455
340	361	389
330	331	335
250	301	281
267	227	242
315	311	299
266	289	305
150	146	143
150	176	174
138	131	124
99	123	128
81	82	79
48	68	74
59	67	67
88	99	93
166	151	179
251	235	240
327	307	308
365	350	356
354	365	332
366	350	358
390	411	412
476	440	430
453	475	528
483	495	538
382	391	385
422	416	406
343	342	327
224	234	251
212	203	183
168	159	155
58	55	57
63	61	56
62	47	93
56	64	67
68	33	64
98	114	115
202	218	237
347	327	372
441	501	447
504	476	491
593	552	580
540	553	514
521	498	478
519	464	514
492	492	483
499	470	476
549	538	562
588	536	604
445	472	417
493	484	498
430	440	419
312	285	309
203	220	208
137	118	157
54	52	44
53	55	60
59	41	45
67	56	52
49	74	49
97	109	107
261	248	222
356	339	341
532	499	530
551	592	551
552	572	582
559	570	558
521	516	531
531	542	531
601	543	564
581	564	565
600	535	567
583	621	609
493	450	446
479	475	486
379	393	372
379	355	339
337	319	314
163	152	170
73	68	73
78	61	66
78	81	63
62	82	72
58	65	63
98	90	94
232	298	258
347	371	392
524	544	531
554	518	533
583	547	551
548	545	569
454	497	498
538	521	557
540	536	614
566	599	521
580	591	676
603	614	604
436	471	440
462	481	443
447	394	477
432	422	425
346	328	352
175	191	214
49	52	46
60	66	62
62	54	54
38	54	46
51	62	45
85	96	82
235	240	272
385	367	370
542	576	553
508	518	525
603	625	557
578	612	613
570	583	572
534	526	507
620	567	596
643	601	586
638	614	588
754	658	643
386	403	434
330	336	374
320	337	272
344	321	324
493	466	505
284	320	288
78	83	69
77	94	76
62	85	72
75	69	82
66	63	68
91	94	84
215	225	242
392	375	370
525	543	569
576	637	596
634	589	622
521	541	565
523	561	561
528	551	572
611	615	600
566	581	578
595	583	547
668	572	609
435	432	452
390	403	401
427	371	390
335	344	360
301	323	318
265	290	271
113	100	114
146	139	121
147	139	133
110	105	95
62	82	92
71	76	81
115	125	123
142	141	163
232	218	243
330	366	364
428	416	411
573	534	560
517	557	538
527	542	558
456	479	484
394	417	364
440	479	463
563	584	569
322	348	308
316	329	323
320	350	336
293	305	311
304	308	237
274	267	253
117	98	124
148	136	134
131	132	122
84	89	97
89	100	89
74	69	76
83	75	84
112	126	121
207	194	218
325	279	296
333	316	343
343	349	372
421	375	431
372	380	387
410	421	380
401	399	396
389	374	382
390	396	389
304	289	294
302	272	247
271	257	265
224	224	245
154	178	186
99	101	111
55	55	48
59	60	52
62	38	62
57	51	54
69	57	60
109	94	120
230	240	255
434	419	382
518	485	520
559	539	511
616	580	620
545	559	560
481	472	454
538	509	485
496	474	499
484	482	480
561	522	554
554	538	571
421	406	390
434	516	467
432	398	414
278	335	325
238	250	235
139	149	154
46	40	32
55	56	54
57	59	60
46	45	76
46	60	60
77	83	83
240	215	229
369	396	352
523	528	543
555	546	571
527	569	558
494	449	525
474	460	482
551	566	543
599	602	606
547	601	566
502	526	534
599	570	608
480	514	559
541	543	557
447	419	432
372	365	389
209	228	204
128	120	128
38	53	54
51	69	64
64	62	60
38	45	62
53	54	67
108	119	90
232	227	247
393	401	431
543	543	552
562	571	594
539	552	548
534	557	553
538	540	499
546	540	567
551	586	542
518	536	531
494	521	570
626	624	624
474	480	441
513	519	475
465	432	442
341	342	317
222	207	223
141	152	154
41	54	53
33	44	46
66	69	68
51	49	41
67	63	63
120	111	91
236	239	232
417	354	400
503	508	554
571	593	542
575	589	569
558	592	563
562	570	590
587	563	567
539	546	465
547	539	559
513	562	542
664	649	663
476	411	462
519	513	483
406	405	435
333	358	395
314	336	294
176	207	212
67	57	55
66	56	62
81	74	72
57	55	39
63	63	65
90	82	75
226	189	216
346	362	354
544	546	555
565	529	606
571	543	576
507	525	518
512	560	558
576	522	546
546	572	568
545	523	559
597	589	559
684	682	667
421	458	445
444	440	471
501	466	472
398	341	373
290	308	297
242	234	263
90	93	82
115	100	107
122	111	109
65	72	73
63	68	78
90	76	92
148	146	161
174	177	177
269	278	304
293	330	340
446	433	430
425	412	427
402	379	372
422	449	440
421	462	451
403	467	434
369	316	338
413	427	407
306	307	299
350	343	335
349	324	340
311	285	317
272	257	275
203	244	191
102	95	81
163	156	148
148	131	107
84	89	82
89	60	76
52	60	56
78	77	65
102	102	114
189	166	171
302	285	267
358	361	349
358	335	348
321	339	309
398	394	396
403	369	359
358	374	347
376	361	383
493	510	463
337	325	367
333	313	318
294	271	319
225	231	275
210	160	184
126	128	138
46	39	50
79	63	51
62	58	61
56	64	59
55	60	66
119	111	106
245	258	247
425	373	402
557	525	585
574	539	559
631	613	688
538	574	558
530	563	555
535	551	514
577	539	537
556	528	584
557	570	543
634	664	636
425	466	463
476	449	456
452	490	462
400	344	356
201	222	229
132	141	129
44	63	30
60	41	45
48	51	40
41	32	44
47	64	59
106	110	93
221	227	237
417	356	324
533	505	561
636	576	609
600	637	626
632	590	648
638	617	647
588	586	664
623	610	613
600	594	577
612	609	586
622	624	606
481	416	434
476	449	462
437	415	453
324	334	333
306	288	311
165	200	187
63	53	53
68	55	70
70	41	58
47	52	44
71	75	80
113	116	110
247	239	244
429	389	413
539	524	505
543	546	513
577	557	587
537	558	558
553	532	563
573	501	519
544	539	535
574	538	532
593	580	605
577	620	611
430	419	436
403	390	416
409	402	433
397	418	407
258	252	262
162	122	151
59	68	51
61	69	76
57	54	46
51	65	54
50	48	55
112	95	96
225	267	217
372	356	361
589	557	529
582	579	566
594	570	647
569	560	599
587	528	590
549	543	500
539	541	545
542	582	555
592	552	576
602	599	651
448	423	440
483	485	469
376	382	392
433	402	387
306	304	326
147	160	158
57	54	63
72	69	83
70	91	79
73	73	64
74	53	84
112	99	107
243	261	235
348	322	354
533	550	522
667	602	652
621	577	570
549	591	557
540	561	542
570	580	602
560	553	609
540	507	571
674	611	635
713	658	703
462	433	460
394	435	395
418	415	418
344	350	333
263	235	253
226	231	216
82	97	87
111	133	122
130	128	120
105	100	85
81	63	68
75	69	66
144	136	135
161	176	187
289	291	326
333	334	367
392	376	403
416	434	407
377	390	409
398	415	404
410	425	442
403	400	405
406	436	414
475	439	415
344	292	310
303	333	324
323	322	344
296	262	295
291	294	297
245	266	276
103	98	111
133	117	146
124	118	116
82	67	86
55	58	56
51	48	62
79	86	83
108	105	127
176	157	184
283	245	279
325	335	320
358	383	356
369	375	367
410	368	394
368	410	434
422	357	389
377	325	354
388	413	408
288	254	279
263	282	293
289	287	283
229	241	231
199	168	193
122	114	104
43	33	45
37	53	49
59	44	57
46	45	38
55	64	50
98	107	106
215	223	216
373	337	396
533	474	507
527	538	527
463	503	528
457	444	473
464	443	421
537	536	525
480	516	525
520	519	497
553	528	566
646	612	629
491	484	492
609	570	602
445	446	471
295	308	332
182	182	162
91	83	108
44	31	43
37	43	37
48	44	36
54	39	52
61	59	67
102	88	95
190	196	216
332	333	326
464	413	468
539	532	499
474	502	448
553	546	577
544	499	529
468	526	534
449	509	454
461	463	477
547	489	501
640	619	555
466	429	451
540	514	491
413	436	416
380	329	316
240	246	264
130	147	134
66	61	47
73	82	78
55	67	56
43	58	66
50	71	56
108	88	99
281	287	263
347	382	421
558	514	547
568	595	596
604	620	569
573	532	493
563	508	515
565	536	516
583	594	577
466	525	520
499	494	486
607	558	579
396	404	425
468	485	480
487	474	519
392	360	397
272	285	253
174	161	184
43	40	49
69	78	75
47	59	53
53	52	54
65	62	54
106	134	114
294	262	255
343	352	365
582	553	566
567	568	569
589	595	556
586	592	547
504	558	538
483	520	513
553	535	584
455	498	504
484	472	471
560	573	560
467	454	417
471	491	468
481	435	475
424	420	406
347	345	385
176	168	191
51	62	59
56	61	65
62	53	56
53	55	49
59	73	61
100	114	105
309	330	278
388	398	393
502	504	509
528	517	520
605	557	514
576	582	546
539	546	596
505	492	505
538	561	520
628	568	612
638	666	628
637	614	645
464	448	457
433	428	432
427	405	420
348	336	416
301	313	292
250	243	215
77	99	92
135	114	119
106	125	118
97	97	80
61	64	61
77	75	67
109	109	117
173	160	164
285	292	282
378	400	383
404	368	404
401	389	367
349	367	354
357	402	362
403	406	385
393	394	407
346	348	318
378	403	443
298	309	292
300	336	357
301	356	313
298	276	312
251	261	254
211	205	203
72	71	90
111	109	103
86	80	55
76	82	92
72	63	63
54	63	68
73	88	68
116	112	124
192	178	167
254	253	220
330	321	243
363	331	339
373	362	342
328	308	341
360	310	350
326	332	322
364	350	345
339	400	386
300	276	283
293	272	314
317	288	291
213	271	262
175	182	165
120	100	112
45	62	53
47	59	49
83	86	70
77	69	70
56	66	68
83	87	97
245	216	207
386	346	328
582	549	545
566	609	586
590	603	584
524	533	528
499	537	523
482	513	536
516	572	564
508	576	520
518	519	565
586	543	535
400	415	457
499	522	514
446	429	423
304	292	338
231	217	266
146	129	147
44	51	36
61	67	75
44	57	46
49	40	49
36	46	52
85	94	95
199	211	231
387	427	370
490	480	509
572	502	505
530	530	542
521	471	472
420	425	437
487	469	465
432	455	452
495	474	495
475	485	522
523	548	524
421	416	421
455	458	450
411	374	411
360	367	345
205	216	204
130	128	126
34	32	52
44	60	44
52	49	57
29	47	38
54	47	50
93	74	100
243	236	243
348	352	363
537	513	460
458	513	549
504	578	554
541	546	574
511	481	543
532	505	533
530	512	549
568	497	549
481	555	551
575	547	535
472	520	407
477	492	437
430	463	452
310	331	365
241	222	218
160	141	157
41	51	51
66	74	65
47	54	43
43	46	45
54	50	43
95	87	99
271	270	268
338	347	350
480	476	474
517	531	535
587	578	635
529	523	556
572	531	554
492	523	536
539	533	559
556	549	568
588	565	590
652	683	638
427	441	481
481	445	444
465	467	436
395	403	351
253	268	280
132	176	144
48	70	52
75	53	66
80	81	66
43	52	45
54	52	69
94	103	85
230	216	235
402	406	397
550	543	559
538	580	567
572	602	593
547	533	565
498	507	509
540	515	533
563	583	575
525	482	513
605	600	546
611	631	611
443	440	438
388	419	425
405	378	361
360	355	354
309	347	325
300	267	237
93	92	80
123	116	107
90	102	88
93	78	93
81	64	92
83	87	87
185	188	192
227	226	231
267	291	314
393	357	407
415	404	410
404	451	404
434	408	415
502	458	434
470	466	479
415	408	431
419	395	353
467	427	443
290	296	323
428	341	395
346	376	354
281	317	309
275	269	246
220	235	239
84	94	104
106	95	121
105	117	112
90	102	102
90	58	91
73	54	61
72	80	81
97	96	113
157	169	185
295	261	281
368	363	370
333	315	324
373	395	365
395	373	358
388	396	399
369	416	390
422	401	434
484	555	459
335	313	331
326	323	364
290	280	295
279	246	235
180	194	196
159	121	152
55	58	43
56	57	55
62	66	53
64	42	65
67	52	63
113	91	99
259	226	329
384	410	376
521	556	521
595	541	541
592	573	552
549	542	541
500	502	447
537	536	553
499	473	511
529	550	559
537	498	501
539	530	560
408	381	387
437	444	449
392	404	382
298	296	310
209	165	199
131	144	160
62	49	45
65	56	69
54	64	50
68	59	54
77	67	50
103	107	117
244	227	251
326	358	339
466	482	495
542	529	523
551	580	561
538	494	499
497	490	505
525	529	520
512	555	569
591	695	652
565	568	533
619	623	611
427	444	446
457	464	455
409	411	443
332	343	327
297	268	284
165	175	195
52	54	49
63	61	55
51	48	56
51	53	53
61	47	49
107	91	85
232	236	227
329	313	331
523	479	522
587	569	565
573	595	585
545	469	492
512	511	490
512	542	562
552	565	550
511	513	515
548	570	540
595	593	552
410	406	397
447	440	460
441	425	437
416	446	417
240	239	272
153	190	181
52	50	62
56	73	69
54	61	73
70	77	76
72	76	58
83	73	103
296	289	270
419	437	370
598	636	626
681	682	679
597	630	664
577	569	567
551	588	508
549	536	523
599	569	622
683	635	640
585	668	637
670	664	631
504	483	461
497	503	493
470	467	512
482	427	471
361	342	341
254	220	206
82	64	82
114	123	93
107	110	93
91	82	87
58	65	51
78	78	81
175	182	186
161	174	177
210	193	190
260	281	235
321	314	339
336	306	331
362	305	340
309	266	280
282	335	306
329	329	352
359	332	345
402	370	382
357	359	329
381	350	374
322	350	306
286	322	251
258	271	231
252	225	233
97	71	69
103	84	102
93	100	105
102	72	85
86	66	83
58	62	60
125	103	87
96	102	105
220	226	207
309	321	343
300	326	355
339	369	389
314	315	337
293	286	319
323	306	310
282	278	275
245	252	289
278	292	295
254	260	277
324	320	348
320	299	327
248	276	279
206	230	228
209	170	199
61	78	57
65	88	71
102	109	112
89	86	68
73	66	62
73	57	52
96	65	75
86	81	91
173	163	168
250	292	256
314	349	393
380	405	373
346	347	340
377	373	377
389	383	449
406	389	370
400	414	426
428	457	496
281	320	344
317	316	314
295	299	279
273	251	240
187	186	186
148	147	166
57	51	43
58	55	55
70	57	58
39	56	38
46	70	53
83	112	90
284	248	234
378	358	394
582	553	548
612	595	618
637	580	647
575	558	548
524	550	560
577	555	526
562	602	599
584	548	555
534	556	527
514	550	549
361	369	388
467	467	421
441	457	445
308	359	311
290	222	263
167	168	152
57	52	44
57	41	43
36	54	51
38	35	58
54	49	48
117	102	120
233	227	240
403	409	362
613	571	612
585	561	579
558	593	613
558	543	563
556	560	514
524	536	535
583	595	575
580	557	566
589	600	598
554	572	580
435	409	390
443	472	467
392	372	391
349	367	377
249	258	240
135	151	154
44	43	57
71	65	64
59	72	60
46	30	47
89	57	63
101	108	116
248	287	286
367	358	363
554	542	524
539	564	557
537	492	512
550	506	501
533	540	532
490	526	494
497	564	504
584	563	582
600	592	566
553	594	565
436	470	413
506	493	499
531	525	561
423	429	445
329	316	338
160	185	148
55	55	65
67	74	52
75	68	45
53	66	48
57	49	57
99	122	111
269	275	285
396	357	404
493	491	534
582	549	565
540	558	588
546	502	527
527	533	520
489	492	564
542	526	533
549	514	517
540	539	550
605	599	586
465	412	425
495	476	501
486	491	487
421	434	388
261	269	245
239	201	211
73	69	67
79	85	73
82	82	81
55	94	50
76	59	71
92	117	106
205	207	215
357	368	342
505	506	557
587	553	588
585	590	568
511	518	520
509	518	547
546	530	538
558	551	541
522	544	499
551	556	553
684	641	582
434	433	464
438	429	446
427	446	508
393	407	374
291	281	258
285	252	285
94	85	107
124	154	127
162	136	140
86	114	105
74	85	96
74	101	108
166	169	152
175	220	200
372	348	363
464	485	481
508	470	488
517	492	512
498	497	459
434	448	477
478	466	482
473	449	483
367	441	463
429	417	474
287	295	287
375	366	335
319	343	343
310	324	333
240	230	283
272	273	287
123	149	130
163	179	182
119	161	138
93	83	93
67	78	89
112	90	72
109	122	106
175	161	170
279	315	313
412	450	397
501	511	498
475	494	465
425	426	458
434	485	471
396	398	378
501	486	468
548	533	501
536	529	534
384	342	374
378	378	401
330	341	331
245	237	236
163	152	166
131	141	128
36	44	43
62	47	48
63	51	61
56	41	49
77	67	72
138	153	158
332	330	288
354	378	383
525	559	574
598	564	544
514	548	512
526	561	545
465	499	504
496	483	520
502	493	532
482	521	509
585	517	471
566	537	539
370	344	323
448	460	421
423	407	409
266	284	301
182	179	220
113	113	119
27	36	29
59	58	54
57	64	53
36	35	50
52	58	45
110	103	112
215	231	225
351	337	330
471	516	481
563	533	563
586	589	617
575	561	554
526	583	486
531	555	604
493	525	537
512	539	481
520	530	522
611	609	618
420	427	405
472	375	449
378	411	381
318	282	292
213	237	237
125	130	132
42	58	55
68	68	54
56	49	47
35	35	36
57	49	54
122	108	110
243	226	246
359	361	396
493	481	465
497	486	534
543	519	540
517	567	527
532	560	540
535	488	550
508	477	467
512	484	480
539	519	574
597	638	609
543	496	502
551	556	548
496	487	435
375	401	371
288	332	297
167	183	207
55	53	53
70	56	56
45	55	66
53	50	50
48	54	52
110	104	91
227	237	247
362	338	339
479	475	487
516	499	410
537	527	544
519	547	535
489	486	491
484	524	544
591	549	553
525	507	505
579	557	562
616	629	582
453	458	517
463	493	500
443	477	446
391	381	354
275	292	291
178	185	191
53	64	55
62	69	64
76	72	78
60	48	61
66	81	79
111	121	135
249	260	314
415	421	398
546	548	558
560	537	563
641	629	592
617	577	532
543	510	560
492	574	476
554	586	564
528	558	518
628	642	568
579	619	571
414	397	410
446	475	435
374	387	353
431	388	367
284	271	291
235	265	256
104	130	120
147	126	152
109	128	123
81	66	89
74	81	78
85	89	82
168	153	171
169	184	149
327	325	309
349	381	400
427	439	412
407	395	417
416	444	421
466	461	461
477	448	473
415	442	449
410	390	418
482	506	512
345	378	343
297	307	317
274	278	282
294	329	326
385	402	409
316	315	273
99	105	86
122	152	128
128	121	144
94	90	96
51	49	57
68	74	65
97	79	93
101	99	89
171	173	165
204	237	221
295	290	293
352	377	368
411	422	434
441	438	426
464	426	409
388	347	407
354	412	377
415	388	382
290	297	315
364	398	366
324	291	276
254	249	226
193	200	191
192	178	171
54	57	71
69	99	65
55	64	62
38	44	48
57	61	48
93	99	105
220	200	226
358	361	368
558	547	568
530	533	526
593	553	581
520	515	492
484	450	491
515	491	522
532	493	562
480	445	490
470	511	505
544	559	556
432	440	398
482	492	527
428	418	454
309	302	310
226	223	232
149	132	158
50	54	64
62	63	48
52	55	56
41	50	58
66	62	58
120	108	111
285	269	286
355	398	360
556	517	509
541	604	561
616	627	663
527	541	504
557	581	578
534	511	520
595	539	538
471	509	572
535	507	548
581	614	608
481	428	450
519	549	525
508	495	528
358	366	360
286	300	263
193	177	199
58	49	56
54	61	61
82	108	94
57	76	69
57	67	60
95	89	96
260	266	252
453	419	464
545	580	546
579	561	583
630	588	641
569	528	603
501	522	534
529	588	513
508	534	540
512	490	526
504	478	573
599	553	575
455	459	473
512	508	541
449	471	453
421	412	385
252	263	282
201	159	173
52	41	63
60	73	54
75	76	48
56	54	57
55	67	46
127	96	114
241	253	284
369	386	356
492	521	516
496	534	513
566	599	564
500	521	490
488	494	466
521	486	463
596	580	570
592	620	595
587	568	606
568	604	570
487	494	391
469	407	467
424	431	420
373	367	374
285	285	267
194	187	206
67	60	65
68	82	70
61	63	75
57	69	55
46	67	62
79	115	88
264	210	235
366	365	360
528	525	513
536	553	517
550	557	562
490	514	431
508	461	447
541	517	525
553	564	566
502	497	466
545	580	577
664	671	643
488	419	447
347	366	375
399	351	365
378	349	392
350	404	414
273	263	287
101	122	110
125	110	113
111	128	115
95	110	102
70	68	82
72	70	76
134	124	131
197	177	191
340	315	295
403	358	356
431	416	409
446	459	433
443	443	452
442	382	419
408	456	402
444	436	465
433	463	461
549	492	490
315	329	336
336	371	359
352	386	339
297	309	286
271	300	274
254	260	281
146	128	135
176	204	191
151	166	168
110	118	127
76	91	83
40	39	32
63	71	68
108	91	101
193	166	210
246	294	262
354	371	360
360	369	380
405	448	419
404	399	379
449	375	390
395	364	395
353	372	378
414	418	399
313	288	295
345	344	334
305	291	317
246	250	216
231	195	216
143	130	143
43	51	55
66	63	47
62	67	57
64	56	39
53	53	58
85	80	107
225	234	233
324	334	308
494	501	498
510	537	503
554	486	580
527	541	542
545	534	507
510	493	487
439	469	462
475	467	487
503	489	491
510	490	515
363	397	407
430	415	450
334	343	335
269	264	271
202	207	193
131	161	140
43	43	44
61	62	39
39	61	55
56	45	46
47	32	57
78	93	84
214	194	179
352	337	334
435	466	443
471	507	483
506	493	548
522	485	500
452	471	497
475	436	464
504	498	463
451	421	449
478	521	482
507	494	550
398	371	363
432	413	440
422	461	454
318	292	345
234	241	236
175	148	188
55	39	54
61	57	52
62	48	53
66	46	56
57	45	55
95	84	100
232	220	219
319	387	368
420	484	421
494	464	498
500	495	513
446	461	474
444	460	441
456	429	464
447	453	492
402	421	441
460	446	450
479	502	497
397	408	359
387	418	380
369	388	378
305	283	328
246	237	242
152	153	145
71	73	66
88	75	77
72	87	47
50	42	45
58	61	54
111	108	103
231	263	250
362	347	322
466	476	535
498	547	541
532	507	551
540	554	507
524	577	518
481	488	513
519	560	527
496	501	519
491	496	483
529	536	556
412	392	393
441	432	385
375	355	337
306	272	287
235	216	226
184	170	180
59	54	53
58	72	66
58	67	80
57	66	70
51	65	76
107	113	101
250	260	219
367	376	395
509	512	458
543	540	546
582	570	584
507	512	516
471	498	486
586	551	555
471	484	451
489	456	481
512	562	524
549	536	536
402	413	412
367	355	350
434	400	410
381	395	350
221	279	249
224	219	223
88	73	93
99	130	98
123	86	112
85	83	100
63	61	60
80	69	51
129	142	145
170	164	161
339	319	307
301	344	307
403	389	390
421	404	437
370	382	369
357	378	386
344	319	353
362	336	365
341	340	343
391	371	370
308	331	324
330	326	327
285	295	319
246	241	246
229	224	220
211	202	225
88	82	88
94	102	94
96	96	77
63	84	72
62	46	54
46	63	58
83	66	80
96	105	111
148	176	131
229	265	236
320	313	331
323	347	358
341	346	348
357	357	357
353	384	358
353	340	326
331	321	305
378	324	380
314	345	314
278	308	319
285	241	236
229	220	238
198	223	193
156	150	151
52	59	49
61	58	48
56	71	67
55	63	59
68	58	48
116	105	100
221	228	223
326	325	360
500	487	510
463	474	517
507	518	488
462	475	483
414	457	440
405	409	425
444	432	433
461	487	516
498	527	498
537	490	505
432	384	447
436	474	390
377	355	370
239	237	248
204	196	170
131	144	135
45	42	46
56	52	43
34	46	39
48	53	52
49	50	51
71	81	78
211	225	216
346	372	395
463	487	458
502	504	443
510	521	530
473	460	438
483	479	486
477	479	494
496	507	496
465	497	476
471	471	452
462	530	529
396	358	371
384	357	370
359	311	353
273	257	262
175	189	212
96	120	123
49	61	48
49	42	61
73	46	51
75	46	70
46	51	53
83	87	105
222	240	249
349	372	353
459	428	469
490	484	473
496	502	590
501	487	517
494	502	493
494	525	472
482	458	471
493	507	440
523	487	499
575	565	566
441	399	387
444	435	435
313	344	337
270	293	324
225	221	215
195	185	177
57	64	64
73	65	61
66	62	48
76	75	67
80	73	72
94	89	114
231	246	214
353	380	393
467	495	503
522	501	461
549	551	535
499	528	514
469	480	521
461	528	529
516	529	533
553	529	557
532	616	617
636	589	647
410	389	429
430	448	431
421	472	445
343	365	357
244	230	242
193	190	190
67	91	64
81	78	77
100	78	92
71	82	78
66	71	68
116	110	116
247	239	244
402	365	399
473	481	504
534	509	464
537	521	529
584	565	591
499	492	509
500	495	541
516	543	529
558	565	563
529	534	500
588	596	602
443	465	421
435	410	450
426	403	413
356	335	348
271	270	261
169	194	184
79	80	80
120	101	116
95	86	100
82	81	93
64	45	55
74	68	67
113	117	106
130	149	139
280	264	283
317	318	275
406	384	373
384	412	393
382	389	358
380	373	364
334	365	355
363	395	339
333	369	305
464	427	446
369	355	378
323	321	316
260	283	252
250	262	241
294	272	292
256	263	289
111	105	112
149	161	125
97	89	101
88	69	81
70	70	64
63	60	54
60	50	64
103	109	94
159	164	168
214	203	194
273	303	267
300	306	332
320	347	348
372	341	362
328	326	343
347	391	348
414	414	377
407	398	382
270	314	285
282	289	306
204	252	242
197	216	216
164	144	161
122	141	116
49	50	52
70	69	60
56	49	54
54	60	51
54	63	68
94	102	114
191	217	168
351	311	306
443	482	525
521	548	461
515	491	521
474	521	468
541	517	504
480	445	463
461	489	463
472	459	547
537	544	508
600	618	576
381	384	342
358	373	320
368	317	334
301	294	300
269	305	258
194	204	187
64	66	60
83	84	101
77	90	91
60	53	52
49	41	42
65	52	65
154	147	138
137	163	155
190	192	199
261	248	243
299	312	306
298	279	301
255	277	285
248	253	279
212	252	203
268	215	227
347	336	336
381	401	400
323	351	322
382	377	369
343	353	335
247	230	246
235	216	214
145	125	150
50	33	45
61	59	77
54	72	85
44	32	56
60	55	57
92	87	103
238	248	267
388	342	357
517	495	518
573	497	570
555	518	558
527	523	513
498	529	524
466	509	467
481	452	482
574	579	582
526	481	525
589	560	609
485	434	468
479	488	503
367	412	416
333	368	341
219	246	225
161	159	130
43	57	50
55	52	50
54	61	51
53	57	58
50	53	51
79	74	82
224	219	227
360	372	367
475	477	475
480	521	510
521	510	511
524	539	520
495	495	514
441	480	462
513	482	481
418	502	454
481	545	465
529	518	487
378	396	382
401	375	427
370	378	335
247	227	243
177	199	188
122	119	99
26	31	34
55	62	57
53	54	74
51	58	52
32	40	42
87	93	86
204	230	245
355	342	348
523	501	497
597	642	569
589	574	589
543	543	566
510	486	511
497	550	511
559	572	547
600	563	564
555	569	554
688	674	671
487	449	476
457	463	489
431	420	401
401	359	365
349	392	326
205	236	191
82	72	64
70	109	99
94	97	117
84	76	80
70	51	76
80	72	66
117	132	119
169	182	170
297	273	251
356	303	315
392	396	406
405	413	392
454	430	431
435	400	407
444	415	464
543	557	534
559	538	588
571	586	568
339	359	354
313	302	290
262	256	279
211	250	253
262	281	261
494	488	497
149	162	152
160	157	163
128	161	152
100	81	92
76	79	80
59	46	66
73	82	89
104	82	89
175	163	153
287	284	273
394	412	374
384	388	369
319	387	336
391	383	408
381	386	453
360	376	369
330	344	356
437	394	443
280	290	281
298	292	305
249	230	268
185	227	170
173	169	184
173	124	134
56	48	59
39	59	57
49	62	44
54	48	47
51	59	61
93	93	95
220	192	208
328	284	295
411	409	439
413	439	423
461	450	461
441	434	436
446	435	438
429	407	422
431	372	406
475	442	449
461	471	438
453	475	477
355	355	345
394	385	392
355	358	366
229	249	286
185	168	160
98	103	88
38	51	49
61	55	44
45	43	41
47	48	64
61	45	58
87	63	103
263	266	215
360	299	339
488	463	511
485	615	485
540	549	548
516	523	526
499	505	540
471	505	525
563	543	526
542	523	539
579	537	527
596	531	565
453	415	460
455	480	435
355	397	414
251	289	268
184	192	188
124	142	148
54	64	55
102	78	76
68	81	72
61	69	47
57	49	51
93	89	104
279	288	293
409	419	411
567	576	575
540	576	591
587	564	550
612	592	585
578	601	613
591	603	597
571	598	584
510	504	531
538	519	559
549	537	538
440	428	475
455	481	478
363	392	393
308	321	295
212	224	213
128	130	132
50	47	59
72	76	75
82	61	70
62	59	56
56	60	63
122	101	96
297	265	271
396	376	409
563	538	569
576	564	595
628	575	656
580	660	613
580	582	618
543	550	570
623	643	613
539	577	552
504	520	552
599	598	642
472	453	431
490	524	503
505	500	450
332	318	312
229	241	246
167	168	169
71	59	56
92	82	75
77	74	80
65	69	78
44	44	55
102	91	110
307	295	339
406	387	444
536	533	539
608	572	584
577	598	524
546	561	581
569	570	537
592	619	617
659	639	649
554	590	567
751	697	675
841	839	799
449	502	449
417	416	442
424	431	452
425	397	395
352	306	304
489	500	545
166	164	172
198	209	221
161	169	166
101	103	98
58	63	66
68	71	46
140	163	153
175	200	190
335	318	331
350	366	353
445	443	453
433	441	378
364	392	335
340	375	384
393	407	428
325	393	381
384	401	376
359	360	383
331	334	320
333	374	355
329	294	327
303	316	322
281	261	289
264	212	218
98	97	93
129	103	115
103	106	125
87	64	92
81	71	77
79	68	69
91	105	90
120	106	124
239	220	205
301	266	298
351	323	356
390	362	398
353	377	403
432	463	431
430	404	366
358	367	352
399	383	385
452	439	431
356	318	383
323	304	336
274	289	297
230	250	241
204	217	196
139	143	147
46	44	52
90	97	83
65	46	64
55	52	54
54	84	69
114	119	94
242	226	244
377	366	408
547	524	542
557	545	535
563	564	540
511	584	575
503	507	492
511	556	496
562	549	519
512	496	562
553	553	493
558	593	570
473	489	457
463	501	491
452	476	475
297	374	325
226	205	196
124	127	123
37	39	49
58	69	60
58	62	58
58	53	51
53	56	34
108	118	106
215	242	250
356	338	353
513	501	547
560	551	563
597	559	541
539	592	530
536	552	562
536	552	546
520	542	508
534	528	562
567	657	564
628	588	598
433	456	416
464	459	458
450	462	419
328	337	338
224	252	256
149	151	145
43	49	44
72	57	68
54	60	72
62	45	39
47	52	48
104	85	108
254	245	235
388	386	355
557	586	597
630	629	602
591	572	607
607	585	634
572	593	588
528	505	495
513	565	550
560	563	589
555	486	520
574	634	586
445	420	415
424	414	417
442	392	407
327	355	309
261	264	275
201	197	193
96	80	88
109	121	107
75	63	75
55	51	61
65	51	62
108	108	107
252	283	265
424	382	405
593	579	536
572	552	487
619	570	590
557	565	571
610	566	573
680	598	637
667	634	597
581	599	597
605	660	642
650	654	661
412	456	424
493	501	485
468	477	421
353	374	359
262	246	264
180	207	209
47	62	56
75	74	62
68	68	51
50	47	51
63	51	55
103	84	74
270	271	271
451	469	486
631	642	655
642	635	601
662	646	657
590	625	607
520	601	565
672	659	635
598	625	578
608	570	570
529	551	539
631	683	648
508	543	551
498	514	507
480	473	479
304	330	310
248	261	261
182	180	177
80	77	72
101	119	95
92	100	116
81	86	82
60	47	60
71	72	68
144	146	159
236	249	230
415	366	394
443	384	458
388	388	434
401	381	415
381	404	385
311	308	324
323	295	304
349	370	322
358	372	357
482	503	479
395	380	395
407	420	346
302	316	334
282	281	298
279	257	260
218	199	214
106	97	100
97	132	128
91	123	110
67	83	100
50	54	69
46	47	53
88	94	84
187	151	172
268	305	312
357	384	368
371	345	330
368	333	329
308	333	302
334	342	329
311	341	297
322	333	318
347	401	379
449	458	447
340	345	331
340	342	338
292	296	274
236	228	227
169	211	210
154	141	145
62	51	59
64	67	60
65	70	67
45	52	55
56	64	60
82	81	80
208	214	196
298	299	313
438	472	410
473	474	488
512	531	500
532	513	533
515	515	502
564	502	492
548	529	577
474	411	477
459	500	527
463	475	597
371	373	339
382	410	416
335	334	339
231	275	285
211	242	228
124	119	131
59	67	44
56	65	60
69	64	80
49	38	32
58	39	64
106	98	94
209	248	209
330	352	281
448	463	451
463	460	513
537	488	508
469	439	476
456	440	420
508	477	509
465	506	524
473	469	424
549	502	530
505	511	481
427	434	369
410	440	403
370	350	385
270	267	251
192	189	226
151	140	163
53	67	61
72	61	57
69	74	87
48	52	51
51	72	50
93	106	98
211	229	213
345	353	345
502	462	498
518	546	509
518	542	498
559	558	550
489	525	547
519	458	487
530	518	566
492	490	537
520	462	483
588	585	552
462	425	449
407	429	405
353	394	378
297	302	304
233	237	245
142	148	159
64	51	47
88	71	80
85	80	71
59	72	66
60	69	74
94	118	108
230	268	262
405	349	381
539	512	518
580	595	577
532	474	509
541	556	537
552	557	492
532	496	485
554	505	511
504	494	552
516	492	520
503	512	519
415	454	471
427	428	436
425	393	401
331	302	307
277	272	264
179	182	197
52	66	63
84	73	78
88	71	89
58	52	40
48	43	53
115	92	108
264	258	233
385	400	387
508	503	490
557	505	551
523	515	514
495	512	480
524	502	505
512	529	497
548	535	463
513	557	512
567	620	503
551	545	582
455	419	404
453	471	443
397	427	389
401	362	367
278	326	336
336	303	308
76	103	94
149	128	122
127	125	145
70	79	57
82	62	78
79	66	78
135	159	157
172	165	216
309	272	251
375	337	327
428	428	448
448	419	423
482	490	537
517	543	533
470	499	514
486	505	521
478	479	541
536	583	585
371	360	352
283	274	298
254	261	270
245	257	270
473	461	464
358	362	354
128	122	133
142	137	160
125	140	147
102	96	79
70	69	55
54	50	45
71	83	80
98	91	99
178	171	164
266	267	272
425	421	403
431	448	469
417	424	446
405	437	413
469	440	413
434	413	447
387	392	388
398	423	406
317	290	282
340	334	311
312	271	309
237	263	268
240	222	207
198	197	204
60	63	81
83	81	82
94	118	91
70	83	85
119	114	99
105	105	120
285	295	282
363	386	404
519	529	548
546	562	564
558	594	598
570	584	583
545	527	541
530	512	543
543	502	500
588	624	608
644	628	597
676	695	642
373	408	418
529	532	530
395	412	379
290	274	277
233	231	241
157	131	153
59	53	46
87	71	90
65	77	86
73	51	57
51	54	40
132	113	134
220	261	277
381	383	415
633	605	547
586	574	611
664	648	650
642	616	643
551	528	567
498	520	601
565	573	564
609	587	623
600	663	617
641	621	607
435	425	462
470	465	505
469	473	479
382	403	426
265	236	271
172	164	153
39	42	40
61	59	76
62	58	65
55	47	55
70	55	46
90	103	104
258	260	257
371	372	416
588	648	570
577	634	614
614	675	630
671	710	641
594	575	569
580	607	614
578	655	602
617	638	577
643	660	627
636	609	601
420	410	450
491	455	454
486	504	513
441	384	426
251	251	236
173	175	203
43	56	64
75	69	65
85	91	68
67	54	55
62	53	63
100	80	104
297	316	302
457	452	474
628	679	615
611	549	612
623	592	579
603	575	627
528	518	561
521	499	513
529	516	558
630	686	578
548	577	541
636	661	690
437	434	446
455	464	500
503	474	487
357	350	342
328	313	339
188	223	194
49	51	66
122	132	117
62	60	66
46	48	56
56	50	49
93	95	118
301	324	305
448	441	524
618	693	663
656	698	637
643	675	677
561	595	620
605	660	614
585	600	568
623	612	610
679	635	646
630	628	622
725	710	778
487	450	477
445	463	451
407	426	477
373	329	349
327	333	326
340	345	342
78	103	109
119	164	127
119	105	129
111	86	91
62	57	71
70	60	53
126	129	121
150	137	160
286	283	254
382	390	379
388	364	450
424	435	372
435	451	456
474	437	480
380	449	424
396	410	378
381	391	365
435	460	413
318	289	331
369	386	334
376	370	370
296	284	302
248	292	256
266	332	305
124	114	110
126	148	165
134	156	146
96	105	120
86	88	83
58	61	62
72	63	74
106	86	111
194	179	199
254	260	291
352	355	341
422	412	436
426	439	415
364	410	387
443	388	370
309	345	350
326	374	381
424	427	398
352	369	372
319	341	342
293	269	309
285	306	298
227	223	235
155	150	177
54	54	65
62	61	70
56	59	73
56	44	59
59	41	46
103	95	105
273	281	261
423	388	395
523	493	540
650	617	606
626	631	618
565	581	599
533	516	487
562	522	548
517	583	574
517	513	512
548	576	561
576	606	565
378	455	384
463	454	508
488	424	447
330	317	254
173	194	201
146	154	155
59	35	52
52	58	64
69	72	47
64	55	66
53	49	50
79	76	97
224	205	242
369	289	379
498	461	504
535	551	549
582	610	592
594	601	625
558	561	532
510	517	530
590	560	549
565	584	547
557	515	589
637	592	578
412	399	414
432	473	477
442	439	438
304	282	299
207	207	195
158	143	125
55	71	60
78	64	65
80	89	80
65	56	52
58	65	66
106	108	80
261	250	224
367	345	352
589	531	608
634	655	618
683	646	697
572	619	586
507	531	529
508	559	541
624	616	597
648	662	608
685	620	642
746	709	687
510	534	528
528	513	517
545	513	484
374	365	383
230	237	236
183	135	148
53	58	62
90	94	77
79	75	72
64	61	42
57	72	84
105	125	123
307	281	305
404	406	389
569	627	588
628	584	647
656	663	630
642	635	622
620	596	578
606	577	612
646	672	618
705	728	669
640	659	702
715	695	697
530	525	538
494	508	515
505	530	486
368	401	374
284	312	313
217	230	217
52	91	66
76	80	74
88	81	92
94	89	76
80	77	81
114	123	102
280	301	298
429	396	401
604	613	651
600	561	581
517	574	539
587	610	611
605	566	573
564	577	594
572	615	622
649	633	624
590	607	636
637	650	651
444	473	416
422	433	422
388	359	398
350	355	331
336	310	314
287	338	338
88	127	109
150	135	117
132	114	126
108	84	87
63	66	59
68	65	66
121	121	149
141	131	140
255	227	250
323	298	314
388	388	371
422	455	440
442	423	426
413	396	419
390	421	375
400	360	390
492	465	449
479	471	517
403	343	387
389	401	388
327	335	324
306	334	322
298	273	293
280	259	306
112	120	101
145	149	136
125	147	136
93	114	113
62	67	83
56	57	60
65	75	75
93	97	114
158	161	148
253	252	226
366	358	369
426	429	422
398	450	458
422	429	403
404	414	411
425	441	400
426	404	420
457	410	487
354	342	351
358	349	379
331	348	346
257	261	253
251	235	238
219	188	186
51	70	74
107	89	81
58	62	63
57	56	53
66	70	70
98	100	84
245	232	231
384	363	379
530	602	537
665	678	607
653	667	667
657	626	668
618	635	666
565	543	579
557	576	510
522	539	526
511	509	548
614	618	621
463	438	411
467	452	447
391	332	410
293	309	290
216	210	241
181	183	167
52	49	64
62	64	77
59	64	79
69	55	60
60	51	51
84	100	81
244	237	221
379	423	406
552	496	525
572	559	590
624	585	601
599	581	535
559	592	592
527	594	608
588	583	557
595	629	551
565	555	552
614	630	649
486	470	479
462	430	445
415	404	418
346	359	354
252	278	267
182	195	186
65	68	48
94	108	92
110	77	93
53	67	57
56	67	71
111	108	86
240	226	206
392	405	413
521	514	525
620	599	640
633	644	626
677	719	692
699	676	683
658	630	648
576	618	567
560	595	573
574	532	556
616	585	615
515	560	543
560	556	571
504	530	510
373	387	392
289	269	285
195	181	209
70	96	93
93	102	108
90	74	78
87	74	63
66	62	62
104	100	116
262	259	272
411	435	448
628	624	618
651	632	612
639	609	636
634	629	630
575	568	644
662	644	642
667	676	721
733	639	708
680	626	679
643	689	690
439	456	453
460	467	477
420	477	453
430	384	390
319	306	283
188	206	193
69	81	73
99	98	97
90	88	108
68	64	63
54	63	60
94	91	107
216	247	218
349	418	381
625	601	638
665	694	653
612	617	638
598	637	604
548	613	559
584	551	600
592	585	619
584	644	648
691	646	674
653	672	659
419	407	433
423	407	403
381	407	375
320	370	320
292	263	266
251	245	262
94	114	85
121	101	112
110	100	86
87	90	88
38	56	75
50	65	50
100	98	97
152	129	140
185	192	179
257	248	252
313	357	367
387	386	380
403	399	423
394	370	390
374	345	368
402	416	381
369	410	403
442	464	417
338	306	317
360	362	389
395	385	395
366	357	374
300	310	285
259	290	264
98	111	107
122	131	133
124	113	111
69	76	71
57	65	78
39	58	61
58	58	70
102	85	84
159	149	166
223	253	249
324	276	317
325	346	319
372	354	359
395	365	384
397	374	385
390	376	384
382	388	377
397	424	399
316	298	328
316	334	301
276	279	270
286	276	313
251	266	240
170	210	195
64	61	53
69	64	50
62	61	66
49	67	62
53	51	44
82	70	72
139	170	166
212	202	200
365	366	361
460	450	459
519	555	561
557	553	583
558	558	531
554	566	561
595	562	535
461	488	485
578	573	602
614	612	645
341	386	380
412	418	406
335	341	346
289	281	305
243	249	243
178	176	163
62	61	51
63	53	53
63	69	51
65	62	47
44	42	35
49	80	53
112	123	116
237	228	211
353	392	388
420	473	500
545	515	517
493	485	526
538	526	548
547	502	498
527	529	489
466	506	517
461	486	470
425	415	410
274	300	299
350	343	293
342	359	335
329	286	269
249	229	211
218	198	202
88	92	98
77	98	94
85	87	87
75	70	74
56	55	59
46	54	53
59	63	70
55	54	47
66	81	64
136	107	127
185	173	158
254	223	223
241	235	245
270	277	295
300	290	268
261	257	244
264	290	293
283	263	260
177	204	157
263	258	277
271	294	297
244	260	250
248	259	246
200	215	193
72	63	60
73	77	70
69	91	80
50	40	55
40	56	40
51	55	43
97	114	81
97	87	80
121	132	135
221	204	200
280	285	295
338	340	310
348	352	343
317	357	329
357	295	313
287	300	278
297	322	331
294	284	296
279	214	247
288	280	275
261	275	236
214	217	210
198	222	203
193	200	184
72	74	66
78	76	59
77	68	67
77	51	68
57	50	40
58	61	41
121	111	123
134	159	151
297	273	297
355	358	340
389	395	431
426	447	392
345	372	356
326	355	373
328	335	393
387	396	371
378	354	378
425	398	402
312	290	327
352	348	363
323	332	343
338	307	304
290	263	276
181	176	224
91	75	86
112	93	109
84	110	89
80	78	70
56	48	57
57	54	59
75	77	79
99	85	95
183	169	153
215	237	208
240	248	250
281	290	276
284	277	269
269	297	318
281	267	250
318	280	291
329	325	338
381	361	341
253	257	265
315	287	315
241	304	291
238	253	237
248	229	235
258	255	237
79	99	102
120	105	100
96	90	96
70	80	67
50	54	57
46	61	45
46	67	49
92	64	80
156	135	129
195	183	196
251	256	267
275	297	302
356	346	346
290	301	293
308	259	288
318	292	316
367	327	344
545	531	542
372	342	353
297	310	302
275	313	281
288	274	277
311	270	284
284	284	295
84	95	111
108	90	97
107	106	97
68	62	68
50	60	53
63	81	66
119	117	109
182	181	198
310	266	292
353	361	359
384	421	398
405	419	386
466	446	451
385	364	335
407	383	373
427	439	392
384	381	405
453	420	421
262	259	251
298	289	287
272	294	235
241	257	248
197	207	204
159	193	178
58	88	61
83	70	67
86	91	74
53	68	56
60	64	61
47	52	53
93	102	101
154	158	163
247	263	269
413	394	388
394	430	393
417	405	385
433	410	407
448	460	449
452	446	445
501	490	463
484	511	451
557	542	564
383	429	424
383	360	384
202	200	229
163	150	151
82	89	70
53	53	40
