1	14
2	9
3	3
4	3
5	6
6	10
7	6
8	52
9	45
10	46
11	74
12	75
13	74
14	63
15	65
16	74
17	75
18	94
19	38
20	10
21	2
22	9
23	5
24	6
25	11
26	3
27	6
28	2
29	4
30	7
31	3
32	55
33	33
34	68
35	85
36	68
37	58
38	57
39	70
40	71
41	48
42	82
43	96
44	43
45	15
46	7
47	9
48	7
49	9
50	1
51	3
52	5
53	2
54	1
55	4
56	74
57	58
58	93
59	126
60	132
61	133
62	138
63	144
64	146
65	127
66	134
67	134
68	66
69	13
70	7
71	8
72	5
73	8
74	3
75	4
76	6
77	2
78	2
79	4
80	66
81	63
82	105
83	132
84	151
85	127
86	94
87	115
88	88
89	96
90	117
91	113
92	68
93	14
94	9
95	7
96	4
97	13
98	2
99	2
100	2
101	2
102	4
103	1
104	54
105	69
106	101
107	121
108	129
109	108
110	115
111	120
112	111
113	115
114	99
115	102
116	64
117	24
118	12
119	11
120	5
121	14
122	2
123	1
124	4
125	1
126	2
127	9
128	62
129	49
130	109
131	96
132	109
133	129
134	126
135	123
136	146
137	120
138	114
139	114
140	59
141	26
142	9
143	7
144	4
145	11
146	6
147	9
148	6
149	4
150	3
151	4
152	55
153	61
154	86
155	116
156	125
157	115
158	111
159	109
160	123
161	127
162	113
163	113
164	72
165	18
166	5
167	16
168	10
169	13
170	8
171	16
172	5
173	6
174	0
175	4
176	38
177	26
178	75
179	99
180	96
181	105
182	89
183	72
184	90
185	93
186	82
187	39
188	12
189	6
190	5
191	5
192	3
193	8
194	1
195	1
196	0
197	0
198	7
199	7
200	65
201	67
202	89
203	139
204	111
205	113
206	104
207	108
208	108
209	119
210	102
211	101
212	67
213	15
214	10
215	8
216	5
217	9
218	4
219	1
220	3
221	1
222	4
223	5
224	49
225	77
226	96
227	112
228	156
229	123
230	111
231	142
232	128
233	118
234	116
235	134
236	63
237	17
238	7
239	4
240	4
241	10
242	0
243	0
244	2
245	3
246	5
247	4
248	56
249	76
250	104
251	131
252	154
253	135
254	141
255	129
256	132
257	109
258	103
259	128
260	58
261	20
262	11
263	8
264	11
265	9
266	6
267	0
268	0
269	2
270	2
271	18
272	60
273	73
274	99
275	124
276	153
277	129
278	119
279	131
280	121
281	119
282	112
283	108
284	64
285	28
286	8
287	7
288	4
289	11
290	2
291	8
292	4
293	2
294	5
295	6
296	62
297	76
298	107
299	117
300	136
301	156
302	133
303	137
304	118
305	116
306	136
307	120
308	57
309	20
310	14
311	12
312	9
313	16
314	7
315	8
316	7
317	5
318	3
319	6
320	60
321	64
322	85
323	128
324	126
325	125
326	141
327	97
328	132
329	123
330	150
331	95
332	70
333	24
334	8
335	5
336	6
337	18
338	14
339	8
340	21
341	6
342	8
343	9
344	58
345	49
346	72
347	109
348	87
349	113
350	93
351	96
352	91
353	85
354	101
355	50
356	9
357	17
358	2
359	13
360	4
361	13
362	11
363	3
364	6
365	4
366	8
367	4
368	64
369	68
370	91
371	137
372	147
373	126
374	129
375	142
376	162
377	128
378	91
379	102
380	53
381	23
382	6
383	12
384	4
385	14
386	6
387	3
388	3
389	4
390	4
391	8
392	73
393	73
394	110
395	125
396	127
397	120
398	114
399	126
400	136
401	95
402	105
403	128
404	56
405	26
406	8
407	9
408	6
409	16
410	4
411	6
412	4
413	4
414	5
415	6
416	54
417	76
418	113
419	137
420	145
421	151
422	148
423	122
424	138
425	134
426	115
427	97
428	64
429	26
430	10
431	8
432	6
433	10
434	2
435	1
436	0
437	0
438	2
439	3
440	68
441	61
442	134
443	146
444	141
445	124
446	107
447	132
448	152
449	141
450	101
451	107
452	49
453	15
454	10
455	7
456	3
457	10
458	6
459	4
460	5
461	3
462	5
463	4
464	68
465	72
466	112
467	126
468	151
469	127
470	112
471	143
472	153
473	133
474	96
475	119
476	60
477	13
478	7
479	7
480	7
481	13
482	1
483	4
484	9
485	4
486	4
487	3
488	53
489	41
490	77
491	116
492	113
493	110
494	123
495	111
496	116
497	136
498	110
499	114
500	46
501	15
502	4
503	7
504	7
505	13
506	2
507	8
508	5
509	4
510	2
511	2
512	34
513	31
514	60
515	101
516	97
517	107
518	103
519	99
520	111
521	117
522	105
523	33
524	9
525	13
526	6
527	12
528	10
529	7
530	4
531	2
532	4
533	2
534	2
535	4
536	64
537	64
538	114
539	135
540	117
541	139
542	115
543	125
544	122
545	137
546	126
547	119
548	51
549	10
550	8
551	5
552	3
553	11
554	1
555	2
556	1
557	0
558	3
559	4
560	72
561	51
562	104
563	128
564	142
565	151
566	136
567	139
568	131
569	129
570	121
571	124
572	80
573	14
574	3
575	3
576	4
577	7
578	2
579	3
580	3
581	0
582	2
583	5
584	65
585	74
586	127
587	149
588	146
589	179
590	153
591	156
592	137
593	139
594	144
595	130
596	61
597	15
598	6
599	9
600	9
601	16
602	8
603	7
604	6
605	5
606	1
607	3
608	58
609	65
610	96
611	72
612	60
613	77
614	80
615	80
616	86
617	95
618	95
619	86
620	55
621	12
622	8
623	13
624	6
625	13
626	0
627	9
628	1
629	0
630	1
631	7
632	54
633	63
634	116
635	135
636	141
637	130
638	112
639	137
640	104
641	125
642	133
643	108
644	59
645	14
646	8
647	12
648	14
649	13
650	2
651	4
652	1
653	6
654	2
655	1
656	57
657	54
658	83
659	101
660	122
661	127
662	124
663	120
664	111
665	146
666	129
667	109
668	50
669	10
670	7
671	6
672	2
673	18
674	7
675	0
676	0
677	3
678	2
679	2
680	53
681	29
682	51
683	60
684	45
685	54
686	61
687	42
688	40
689	34
690	59
691	23
692	11
693	2
694	6
695	6
696	4
697	8
698	2
699	3
700	2
701	3
702	4
703	8
704	60
705	77
706	132
707	162
708	141
709	111
710	111
711	114
712	141
713	92
714	97
715	124
716	43
717	9
718	5
719	3
720	4
721	11
722	1
723	1
724	3
725	2
726	1
727	5
728	53
729	56
730	82
731	110
732	115
733	124
734	105
735	113
736	128
737	108
738	103
739	98
740	56
741	18
742	9
743	3
744	3
745	10
746	1
747	2
748	2
749	0
750	3
751	4
752	64
753	57
754	88
755	117
756	119
757	116
758	126
759	125
760	130
761	106
762	116
763	124
764	62
765	21
766	11
767	5
768	15
769	12
770	1
771	3
772	0
773	1
774	3
775	4
776	82
777	85
778	116
779	121
780	137
781	120
782	100
783	131
784	113
785	89
786	103
787	112
788	40
789	11
790	10
791	5
792	6
793	14
794	2
795	4
796	2
797	2
798	3
799	7
800	66
801	76
802	116
803	120
804	102
805	123
806	95
807	136
808	116
809	91
810	83
811	86
812	56
813	10
814	11
815	16
816	5
817	12
818	2
819	4
820	5
821	5
822	2
823	3
824	64
825	69
826	90
827	97
828	120
829	111
830	98
831	95
832	114
833	98
834	112
835	97
836	63
837	14
838	6
839	9
840	13
841	14
842	6
843	8
844	4
845	4
846	0
847	0
848	47
849	49
850	84
851	111
852	90
853	72
854	85
855	85
856	88
857	83
858	103
859	32
860	9
861	4
862	3
863	6
864	8
865	12
866	3
867	4
868	2
869	3
870	5
871	5
872	54
873	79
874	84
875	115
876	103
877	75
878	90
879	100
880	113
881	94
882	107
883	91
884	51
885	4
886	6
887	10
888	5
889	9
890	5
891	4
892	4
893	0
894	2
895	9
896	58
897	74
898	90
899	108
900	102
901	101
902	96
903	128
904	114
905	80
906	85
907	80
908	61
909	12
910	5
911	11
912	5
913	9
914	1
915	3
916	1
917	3
918	1
919	4
920	81
921	63
922	78
923	106
924	98
925	95
926	100
927	109
928	111
929	89
930	87
931	95
932	57
933	14
934	7
935	8
936	3
937	3
938	2
939	1
940	2
941	1
942	1
943	4
944	64
945	64
946	85
947	99
948	94
949	81
950	91
951	101
952	110
953	95
954	87
955	114
956	51
957	10
958	6
959	6
960	5
961	6
962	2
963	2
964	7
965	3
966	2
967	5
968	72
969	55
970	98
971	119
972	104
973	100
974	98
975	114
976	105
977	102
978	78
979	81
980	49
981	9
982	7
983	5
984	7
985	11
986	2
987	6
988	6
989	4
990	4
991	6
992	49
993	55
994	96
995	82
996	116
997	113
998	107
999	101
1000	118
1001	113
1002	105
1003	99
1004	38
1005	11
1006	7
1007	2
1008	14
1009	14
1010	10
1011	6
1012	10
1013	5
1014	3
1015	4
1016	43
1017	46
1018	73
1019	73
1020	88
1021	84
1022	69
1023	62
1024	89
1025	103
1026	76
1027	36
1028	8
1029	3
1030	4
1031	1
1032	3
1033	7
1034	2
1035	4
1036	2
1037	1
1038	2
1039	4
1040	59
1041	51
1042	106
1043	101
1044	111
1045	100
1046	90
1047	86
1048	102
1049	91
1050	80
1051	111
1052	48
1053	18
1054	6
1055	1
1056	3
1057	8
1058	2
1059	2
1060	1
1061	2
1062	1
1063	3
1064	67
1065	63
1066	117
1067	143
1068	123
1069	86
1070	103
1071	105
1072	100
1073	91
1074	105
1075	96
1076	46
1077	7
1078	4
1079	4
1080	1
1081	8
1082	3
1083	0
1084	2
1085	3
1086	1
1087	7
1088	57
1089	59
1090	84
1091	109
1092	110
1093	94
1094	98
1095	111
1096	109
1097	99
1098	93
1099	104
1100	50
1101	11
1102	4
1103	5
1104	6
1105	6
1106	3
1107	2
1108	1
1109	2
1110	1
1111	1
1112	65
1113	55
1114	78
1115	117
1116	108
1117	90
1118	81
1119	110
1120	101
1121	99
1122	87
1123	106
1124	59
1125	5
1126	3
1127	4
1128	1
1129	9
1130	2
1131	2
1132	5
1133	3
1134	3
1135	7
1136	64
1137	69
1138	101
1139	130
1140	106
1141	89
1142	88
1143	109
1144	117
1145	109
1146	99
1147	102
1148	52
1149	13
1150	5
1151	8
1152	7
1153	13
1154	4
1155	5
1156	4
1157	8
1158	2
1159	1
1160	41
1161	50
1162	67
1163	124
1164	106
1165	91
1166	107
1167	101
1168	112
1169	111
1170	116
1171	91
1172	51
1173	6
1174	9
1175	2
1176	5
1177	19
1178	10
1179	7
1180	9
1181	12
1182	6
1183	4
1184	45
1185	30
1186	56
1187	105
1188	115
1189	82
1190	79
1191	104
1192	88
1193	90
1194	84
1195	37
1196	5
1197	1
1198	4
1199	5
1200	4
1201	7
1202	4
1203	0
1204	0
1205	2
1206	2
1207	6
1208	51
1209	49
1210	77
1211	114
1212	107
1213	89
1214	86
1215	111
1216	118
1217	95
1218	90
1219	98
1220	55
1221	7
1222	6
1223	8
1224	5
1225	6
1226	1
1227	0
1228	3
1229	2
1230	0
1231	3
1232	76
1233	67
1234	107
1235	122
1236	102
1237	102
1238	115
1239	107
1240	103
1241	88
1242	84
1243	114
1244	50
1245	8
1246	15
1247	13
1248	8
1249	10
1250	4
1251	5
1252	2
1253	1
1254	3
1255	9
1256	81
1257	83
1258	89
1259	116
1260	120
1261	130
1262	81
1263	114
1264	118
1265	102
1266	67
1267	111
1268	56
1269	18
1270	7
1271	5
1272	7
1273	11
1274	5
1275	3
1276	1
1277	4
1278	2
1279	10
1280	87
1281	88
1282	91
1283	116
1284	121
1285	118
1286	150
1287	137
1288	139
1289	105
1290	116
1291	103
1292	56
1293	22
1294	8
1295	13
1296	8
1297	23
1298	23
1299	17
1300	12
1301	21
1302	16
1303	23
1304	103
1305	82
1306	124
1307	131
1308	110
1309	143
1310	111
1311	127
1312	143
1313	122
1314	112
1315	101
1316	55
1317	22
1318	14
1319	23
1320	31
1321	20
1322	18
1323	12
1324	10
1325	2
1326	8
1327	12
1328	48
1329	53
1330	59
1331	73
1332	68
1333	63
1334	61
1335	44
1336	60
1337	60
1338	67
1339	65
1340	33
1341	2
1342	8
1343	5
1344	5
1345	16
1346	15
1347	3
1348	10
1349	17
1350	8
1351	11
1352	58
1353	43
1354	42
1355	56
1356	70
1357	63
1358	77
1359	59
1360	52
1361	56
1362	50
1363	20
1364	5
1365	5
1366	5
1367	4
1368	6
1369	9
1370	5
1371	3
1372	1
1373	3
1374	8
1375	12
1376	74
1377	69
1378	92
1379	128
1380	154
1381	117
1382	121
1383	134
1384	157
1385	123
1386	105
1387	117
1388	53
1389	13
1390	12
1391	9
1392	4
1393	11
1394	6
1395	3
1396	4
1397	2
1398	6
1399	4
1400	83
1401	93
1402	96
1403	122
1404	145
1405	111
1406	116
1407	114
1408	108
1409	91
1410	91
1411	92
1412	35
1413	13
1414	9
1415	11
1416	6
1417	10
1418	2
1419	2
1420	2
1421	3
1422	4
1423	4
1424	90
1425	89
1426	112
1427	120
1428	111
1429	112
1430	110
1431	128
1432	114
1433	109
1434	116
1435	109
1436	57
1437	10
1438	7
1439	12
1440	14
1441	14
1442	1
1443	2
1444	1
1445	1
1446	3
1447	13
1448	100
1449	74
1450	75
1451	125
1452	133
1453	124
1454	121
1455	142
1456	132
1457	99
1458	128
1459	111
1460	48
1461	10
1462	14
1463	14
1464	8
1465	14
1466	6
1467	2
1468	2
1469	0
1470	4
1471	19
1472	107
1473	76
1474	133
1475	117
1476	163
1477	144
1478	135
1479	140
1480	139
1481	143
1482	135
1483	119
1484	21
1485	6
1486	4
1487	7
1488	0
1489	12
1490	8
1491	7
1492	12
1493	6
1494	7
1495	6
1496	63
1497	90
1498	98
1499	114
1500	146
1501	103
1502	126
1503	124
1504	139
1505	132
1506	132
1507	113
1508	60
1509	13
1510	11
1511	2
1512	9
1513	17
1514	3
1515	11
1516	5
1517	15
1518	3
1519	1
1520	47
1521	76
1522	93
1523	105
1524	101
1525	92
1526	117
1527	109
1528	113
1529	111
1530	91
1531	25
1532	12
1533	11
1534	3
1535	7
1536	6
1537	7
1538	4
1539	0
1540	3
1541	2
1542	4
1543	6
1544	76
1545	91
1546	123
1547	163
1548	167
1549	121
1550	110
1551	166
1552	150
1553	125
1554	106
1555	95
1556	56
1557	11
1558	15
1559	7
1560	9
1561	10
1562	2
1563	1
1564	1
1565	0
1566	3
1567	6
1568	83
1569	90
1570	122
1571	167
1572	159
1573	145
1574	133
1575	144
1576	138
1577	135
1578	111
1579	103
1580	45
1581	9
1582	10
1583	8
1584	5
1585	11
1586	0
1587	0
1588	3
1589	3
1590	2
1591	6
1592	70
1593	76
1594	112
1595	141
1596	121
1597	118
1598	111
1599	124
1600	151
1601	152
1602	106
1603	121
1604	40
1605	12
1606	6
1607	3
1608	6
1609	10
1610	4
1611	1
1612	5
1613	1
1614	4
1615	10
1616	63
1617	93
1618	93
1619	141
1620	132
1621	114
1622	137
1623	130
1624	148
1625	131
1626	137
1627	104
1628	47
1629	11
1630	8
1631	10
1632	5
1633	9
1634	4
1635	2
1636	3
1637	0
1638	3
1639	6
1640	69
1641	82
1642	107
1643	169
1644	151
1645	144
1646	144
1647	160
1648	172
1649	117
1650	113
1651	110
1652	57
1653	12
1654	11
1655	8
1656	8
1657	20
1658	19
1659	10
1660	7
1661	4
1662	5
1663	2
1664	69
1665	62
1666	103
1667	147
1668	158
1669	126
1670	144
1671	133
1672	147
1673	158
1674	133
1675	118
1676	52
1677	13
1678	7
1679	6
1680	11
1681	16
1682	8
1683	8
1684	8
1685	16
1686	7
1687	3
1688	52
1689	53
1690	63
1691	76
1692	114
1693	96
1694	98
1695	86
1696	87
1697	105
1698	93
1699	38
1700	8
1701	6
1702	6
1703	12
1704	16
1705	18
1706	12
1707	5
1708	5
1709	2
1710	1
1711	2
1712	72
1713	54
1714	71
1715	90
1716	53
1717	47
1718	47
1719	60
1720	68
1721	58
1722	80
1723	62
1724	36
1725	6
1726	5
1727	6
1728	3
1729	6
1730	2
1731	1
1732	2
1733	0
1734	3
1735	6
1736	52
1737	69
1738	93
1739	141
1740	148
1741	115
1742	124
1743	136
1744	163
1745	148
1746	123
1747	127
1748	39
1749	14
1750	8
1751	11
1752	8
1753	8
1754	2
1755	2
1756	1
1757	1
1758	2
1759	7
1760	78
1761	88
1762	108
1763	131
1764	171
1765	143
1766	119
1767	175
1768	142
1769	137
1770	109
1771	108
1772	61
1773	8
1774	10
1775	8
1776	12
1777	11
1778	1
1779	2
1780	1
1781	2
1782	3
1783	12
1784	65
1785	84
1786	91
1787	135
1788	107
1789	131
1790	150
1791	170
1792	147
1793	140
1794	123
1795	135
1796	52
1797	10
1798	8
1799	5
1800	9
1801	14
1802	6
1803	2
1804	2
1805	5
1806	5
1807	3
1808	92
1809	66
1810	116
1811	146
1812	151
1813	138
1814	115
1815	138
1816	109
1817	99
1818	136
1819	124
1820	61
1821	16
1822	11
1823	7
1824	7
1825	17
1826	7
1827	10
1828	6
1829	6
1830	4
1831	5
1832	94
1833	70
1834	131
1835	123
1836	155
1837	110
1838	117
1839	111
1840	121
1841	106
1842	123
1843	105
1844	63
1845	13
1846	4
1847	4
1848	6
1849	13
1850	3
1851	5
1852	2
1853	2
1854	1
1855	7
1856	38
1857	46
1858	70
1859	97
1860	102
1861	127
1862	91
1863	96
1864	99
1865	107
1866	114
1867	40
1868	10
1869	6
1870	7
1871	8
1872	7
1873	8
1874	1
1875	4
1876	2
1877	4
1878	4
1879	8
1880	69
1881	61
1882	113
1883	122
1884	166
1885	132
1886	120
1887	131
1888	115
1889	123
1890	99
1891	119
1892	36
1893	19
1894	9
1895	11
1896	3
1897	12
1898	4
1899	3
1900	1
1901	1
1902	1
1903	6
1904	71
1905	75
1906	116
1907	160
1908	130
1909	122
1910	122
1911	145
1912	155
1913	109
1914	121
1915	109
1916	57
1917	12
1918	6
1919	10
1920	6
1921	7
1922	5
1923	2
1924	2
1925	2
1926	4
1927	6
1928	75
1929	85
1930	121
1931	134
1932	140
1933	130
1934	114
1935	125
1936	122
1937	118
1938	121
1939	100
1940	44
1941	16
1942	9
1943	11
1944	5
1945	13
1946	5
1947	0
1948	2
1949	3
1950	3
1951	6
1952	120
1953	83
1954	117
1955	147
1956	138
1957	109
1958	125
1959	129
1960	114
1961	115
1962	126
1963	121
1964	56
1965	8
1966	18
1967	7
1968	4
1969	12
1970	4
1971	5
1972	4
1973	6
1974	3
1975	7
1976	66
1977	101
1978	110
1979	117
1980	141
1981	147
1982	167
1983	144
1984	142
1985	149
1986	116
1987	105
1988	66
1989	13
1990	9
1991	9
1992	12
1993	14
1994	4
1995	9
1996	6
1997	4
1998	1
1999	7
2000	70
2001	82
2002	120
2003	153
2004	106
2005	123
2006	114
2007	107
2008	119
2009	118
2010	155
2011	112
2012	64
2013	17
2014	11
2015	10
2016	7
2017	15
2018	12
2019	5
2020	11
2021	9
2022	5
2023	8
2024	51
2025	42
2026	78
2027	114
2028	102
2029	91
2030	78
2031	100
2032	109
2033	122
2034	106
2035	48
2036	9
2037	12
2038	8
2039	6
2040	6
2041	10
2042	2
2043	3
2044	0
2045	3
2046	5
2047	6
2048	80
2049	74
2050	94
2051	154
2052	157
2053	118
2054	95
2055	139
2056	107
2057	110
2058	106
2059	118
2060	44
2061	5
2062	8
2063	6
2064	3
2065	6
2066	1
2067	3
2068	1
2069	1
2070	1
2071	10
2072	70
2073	84
2074	95
2075	125
2076	142
2077	131
2078	130
2079	153
2080	172
2081	113
2082	133
2083	100
2084	69
2085	12
2086	11
2087	7
2088	5
2089	5
2090	4
2091	2
2092	3
2093	4
2094	1
2095	7
2096	96
2097	81
2098	128
2099	156
2100	146
2101	136
2102	113
2103	132
2104	138
2105	149
2106	137
2107	111
2108	52
2109	17
2110	9
2111	2
2112	4
2113	8
2114	2
2115	0
2116	1
2117	1
2118	3
2119	9
2120	92
2121	73
2122	100
2123	115
2124	148
2125	154
2126	124
2127	140
2128	123
2129	126
2130	119
2131	107
2132	48
2133	17
2134	12
2135	15
2136	6
2137	10
2138	4
2139	5
2140	3
2141	6
2142	3
2143	6
2144	74
2145	81
2146	105
2147	148
2148	132
2149	136
2150	159
2151	159
2152	152
2153	119
2154	112
2155	96
2156	34
2157	15
2158	14
2159	10
2160	7
2161	10
2162	8
2163	7
2164	4
2165	6
2166	3
2167	6
2168	61
2169	67
2170	87
2171	128
2172	121
2173	105
2174	131
2175	108
2176	102
2177	126
2178	142
2179	88
2180	43
2181	20
2182	2
2183	9
2184	5
2185	17
2186	10
2187	23
2188	10
2189	5
2190	4
2191	1
2192	54
2193	57
2194	64
2195	97
2196	91
2197	85
2198	79
2199	83
2200	105
2201	99
2202	84
2203	20
2204	8
2205	6
2206	12
2207	4
2208	2
2209	5
2210	3
2211	1
2212	1
2213	5
2214	6
2215	7
2216	70
2217	83
2218	100
2219	130
2220	129
2221	114
2222	101
2223	128
2224	121
2225	103
2226	105
2227	101
2228	49
2229	10
2230	7
2231	9
2232	2
2233	4
2234	3
2235	0
2236	2
2237	0
2238	4
2239	6
2240	74
2241	83
2242	133
2243	141
2244	125
2245	125
2246	134
2247	123
2248	129
2249	116
2250	105
2251	96
2252	55
2253	13
2254	5
2255	11
2256	3
2257	6
2258	1
2259	2
2260	1
2261	2
2262	1
2263	9
2264	69
2265	70
2266	106
2267	137
2268	117
2269	126
2270	134
2271	129
2272	123
2273	118
2274	128
2275	109
2276	41
2277	11
2278	10
2279	5
2280	8
2281	7
2282	4
2283	2
2284	2
2285	0
2286	8
2287	7
2288	81
2289	91
2290	120
2291	135
2292	135
2293	153
2294	126
2295	133
2296	136
2297	165
2298	123
2299	111
2300	52
2301	12
2302	8
2303	17
2304	10
2305	24
2306	8
2307	11
2308	6
2309	2
2310	5
2311	2
2312	46
2313	40
2314	53
2315	69
2316	66
2317	52
2318	40
2319	61
2320	58
2321	60
2322	58
2323	57
2324	31
2325	4
2326	10
2327	5
2328	14
2329	9
2330	4
2331	1
2332	6
2333	3
2334	4
2335	2
2336	63
2337	65
2338	95
2339	98
2340	86
2341	69
2342	66
2343	67
2344	77
2345	89
2346	108
2347	77
2348	37
2349	12
2350	13
2351	14
2352	12
2353	8
2354	2
2355	5
2356	5
2357	3
2358	2
2359	3
2360	34
2361	40
2362	68
2363	105
2364	94
2365	88
2366	76
2367	99
2368	92
2369	97
2370	85
2371	41
2372	12
2373	6
2374	12
2375	4
2376	9
2377	10
2378	1
2379	5
2380	4
2381	4
2382	5
2383	6
2384	50
2385	27
2386	58
2387	63
2388	28
2389	27
2390	37
2391	42
2392	50
2393	43
2394	51
2395	51
2396	30
2397	8
2398	9
2399	5
2400	3
2401	9
2402	2
2403	0
2404	3
2405	2
2406	5
2407	6
2408	56
2409	68
2410	100
2411	132
2412	138
2413	119
2414	99
2415	116
2416	133
2417	99
2418	106
2419	89
2420	49
2421	11
2422	12
2423	7
2424	6
2425	11
2426	7
2427	2
2428	3
2429	0
2430	3
2431	3
2432	57
2433	74
2434	87
2435	140
2436	123
2437	123
2438	100
2439	111
2440	138
2441	108
2442	106
2443	113
2444	34
2445	12
2446	1
2447	4
2448	7
2449	8
2450	1
2451	2
2452	1
2453	1
2454	1
2455	7
2456	63
2457	75
2458	118
2459	122
2460	126
2461	126
2462	107
2463	101
2464	138
2465	131
2466	96
2467	111
2468	44
2469	10
2470	8
2471	6
2472	5
2473	8
2474	3
2475	2
2476	6
2477	3
2478	3
2479	4
2480	59
2481	77
2482	108
2483	121
2484	153
2485	135
2486	116
2487	132
2488	140
2489	134
2490	103
2491	105
2492	34
2493	14
2494	8
2495	8
2496	3
2497	11
2498	4
2499	3
2500	1
2501	0
2502	4
2503	3
2504	62
2505	70
2506	110
2507	102
2508	116
2509	135
2510	115
2511	120
2512	128
2513	119
2514	123
2515	117
2516	66
2517	13
2518	3
2519	8
2520	8
2521	22
2522	8
2523	9
2524	8
2525	3
2526	4
2527	1
2528	45
2529	38
2530	70
2531	93
2532	104
2533	74
2534	101
2535	102
2536	110
2537	103
2538	97
2539	31
2540	14
2541	11
2542	7
2543	7
2544	5
2545	9
2546	2
2547	1
2548	2
2549	2
2550	5
2551	6
2552	69
2553	58
2554	108
2555	145
2556	118
2557	116
2558	119
2559	116
2560	112
2561	104
2562	131
2563	108
2564	31
2565	15
2566	6
2567	8
2568	3
2569	8
2570	5
2571	0
2572	1
2573	0
2574	1
2575	3
2576	67
2577	69
2578	88
2579	119
2580	105
2581	138
2582	121
2583	127
2584	143
2585	135
2586	114
2587	98
2588	47
2589	16
2590	12
2591	7
2592	11
2593	4
2594	0
2595	2
2596	2
2597	2
2598	0
2599	5
2600	66
2601	68
2602	116
2603	117
2604	149
2605	135
2606	116
2607	130
2608	148
2609	136
2610	112
2611	104
2612	39
2613	9
2614	7
2615	3
2616	3
2617	8
2618	4
2619	0
2620	1
2621	2
2622	1
2623	3
2624	76
2625	71
2626	102
2627	140
2628	138
2629	139
2630	119
2631	148
2632	137
2633	133
2634	122
2635	99
2636	45
2637	8
2638	10
2639	6
2640	5
2641	10
2642	3
2643	5
2644	2
2645	0
2646	3
2647	2
2648	75
2649	72
2650	99
2651	143
2652	144
2653	136
2654	111
2655	128
2656	123
2657	115
2658	122
2659	82
2660	42
2661	10
2662	10
2663	10
2664	2
2665	7
2666	5
2667	5
2668	3
2669	3
2670	2
2671	6
2672	54
2673	65
2674	97
2675	93
2676	106
2677	101
2678	115
2679	110
2680	118
2681	129
2682	112
2683	102
2684	39
2685	7
2686	5
2687	4
2688	4
2689	18
2690	5
2691	3
2692	6
2693	4
2694	3
2695	4
2696	47
2697	32
2698	61
2699	95
2700	94
2701	81
2702	79
2703	90
2704	92
2705	91
2706	76
2707	30
2708	6
2709	7
2710	2
2711	4
2712	7
2713	7
2714	0
2715	0
2716	0
2717	2
2718	3
2719	5
2720	78
2721	48
2722	78
2723	116
2724	143
2725	106
2726	108
2727	118
2728	105
2729	100
2730	80
2731	103
2732	46
2733	12
2734	6
2735	9
2736	2
2737	2
2738	0
2739	3
2740	1
2741	1
2742	4
2743	9
2744	74
2745	60
2746	86
2747	131
2748	130
2749	103
2750	102
2751	123
2752	109
2753	101
2754	81
2755	87
2756	59
2757	21
2758	13
2759	8
2760	6
2761	8
2762	0
2763	4
2764	5
2765	6
2766	4
2767	1
2768	56
2769	36
2770	50
2771	57
2772	57
2773	44
2774	32
2775	41
2776	53
2777	34
2778	54
2779	56
2780	32
2781	10
2782	7
2783	3
2784	6
2785	2
2786	1
2787	0
2788	0
2789	1
2790	4
2791	6
2792	61
2793	60
2794	111
2795	126
2796	142
2797	106
2798	102
2799	115
2800	109
2801	103
2802	124
2803	89
2804	52
2805	15
2806	4
2807	8
2808	11
2809	7
2810	3
2811	1
2812	2
2813	0
2814	1
2815	6
2816	83
2817	69
2818	100
2819	155
2820	108
2821	124
2822	107
2823	137
2824	111
2825	114
2826	109
2827	91
2828	37
2829	14
2830	12
2831	9
2832	4
2833	22
2834	4
2835	3
2836	6
2837	3
2838	1
2839	3
2840	67
2841	72
2842	105
2843	114
2844	96
2845	99
2846	105
2847	104
2848	108
2849	121
2850	121
2851	100
2852	39
2853	19
2854	13
2855	3
2856	11
2857	13
2858	6
2859	4
2860	6
2861	4
2862	4
2863	0
2864	44
2865	39
2866	62
2867	99
2868	73
2869	101
2870	75
2871	85
2872	88
2873	91
2874	67
2875	33
2876	8
2877	8
2878	3
2879	4
2880	2
2881	6
2882	3
2883	2
2884	3
2885	1
2886	5
2887	2
2888	72
2889	73
2890	109
2891	116
2892	115
2893	131
2894	103
2895	135
2896	126
2897	98
2898	105
2899	100
2900	47
2901	10
2902	6
2903	3
2904	2
2905	4
2906	1
2907	2
2908	3
2909	1
2910	7
2911	8
2912	80
2913	56
2914	88
2915	142
2916	117
2917	106
2918	98
2919	120
2920	125
2921	122
2922	113
2923	108
2924	41
2925	12
2926	5
2927	5
2928	5
2929	10
2930	2
2931	0
2932	2
2933	2
2934	2
2935	1
2936	63
2937	42
2938	83
2939	131
2940	131
2941	140
2942	108
2943	116
2944	129
2945	87
2946	107
2947	86
2948	46
2949	11
2950	4
2951	1
2952	0
2953	5
2954	3
2955	2
2956	0
2957	1
2958	2
2959	5
2960	78
2961	77
2962	109
2963	128
2964	155
2965	107
2966	123
2967	130
2968	128
2969	109
2970	92
2971	103
2972	52
2973	10
2974	7
2975	9
2976	4
2977	8
2978	7
2979	3
2980	2
2981	0
2982	4
2983	1
2984	65
2985	104
2986	99
2987	124
2988	106
2989	112
2990	127
2991	126
2992	129
2993	110
2994	97
2995	101
2996	37
2997	8
2998	5
2999	10
3000	6
3001	11
3002	3
3003	2
3004	6
3005	3
3006	2
3007	7
3008	76
3009	87
3010	75
3011	135
3012	117
3013	109
3014	109
3015	86
3016	109
3017	128
3018	129
3019	87
3020	41
3021	2
3022	8
3023	4
3024	5
3025	12
3026	7
3027	10
3028	5
3029	7
3030	2
3031	1
3032	38
3033	34
3034	62
3035	117
3036	88
3037	90
3038	94
3039	92
3040	82
3041	93
3042	93
3043	45
3044	6
3045	6
3046	7
3047	4
3048	1
3049	6
3050	0
3051	0
3052	1
3053	3
3054	2
3055	4
3056	90
3057	82
3058	129
3059	158
3060	136
3061	115
3062	117
3063	115
3064	123
3065	103
3066	104
3067	98
3068	50
3069	10
3070	2
3071	4
3072	2
3073	3
3074	0
3075	1
3076	2
3077	1
3078	4
3079	6
3080	91
3081	93
3082	91
3083	126
3084	142
3085	117
3086	107
3087	135
3088	113
3089	114
3090	101
3091	99
3092	45
3093	10
3094	4
3095	6
3096	4
3097	5
3098	3
3099	3
3100	2
3101	2
3102	5
3103	6
3104	71
3105	55
3106	116
3107	139
3108	121
3109	121
3110	104
3111	129
3112	128
3113	109
3114	110
3115	104
3116	38
3117	18
3118	8
3119	3
3120	4
3121	6
3122	1
3123	2
3124	2
3125	2
3126	2
3127	6
3128	79
3129	71
3130	98
3131	139
3132	119
3133	115
3134	122
3135	132
3136	150
3137	125
3138	120
3139	104
3140	37
3141	10
3142	3
3143	10
3144	9
3145	8
3146	9
3147	3
3148	3
3149	4
3150	2
3151	5
3152	63
3153	74
3154	109
3155	135
3156	122
3157	152
3158	149
3159	119
3160	129
3161	133
3162	102
3163	106
3164	45
3165	12
3166	9
3167	8
3168	6
3169	10
3170	4
3171	8
3172	10
3173	4
3174	3
3175	6
3176	51
3177	63
3178	79
3179	113
3180	114
3181	120
3182	98
3183	93
3184	112
3185	124
3186	126
3187	110
3188	51
3189	6
3190	5
3191	4
3192	7
3193	13
3194	1
3195	8
3196	12
3197	5
3198	4
3199	3
3200	48
3201	45
3202	70
3203	121
3204	97
3205	83
3206	90
3207	84
3208	97
3209	95
3210	96
3211	35
3212	11
3213	2
3214	4
3215	1
3216	3
3217	5
3218	1
3219	0
3220	1
3221	0
3222	4
3223	3
3224	50
3225	76
3226	124
3227	117
3228	96
3229	113
3230	115
3231	118
3232	119
3233	103
3234	103
3235	106
3236	41
3237	6
3238	10
3239	9
3240	7
3241	9
3242	1
3243	2
3244	2
3245	0
3246	6
3247	7
3248	74
3249	75
3250	103
3251	120
3252	114
3253	112
3254	119
3255	123
3256	129
3257	102
3258	113
3259	121
3260	42
3261	5
3262	8
3263	5
3264	4
3265	8
3266	3
3267	2
3268	0
3269	1
3270	1
3271	7
3272	60
3273	72
3274	105
3275	136
3276	116
3277	106
3278	130
3279	125
3280	141
3281	111
3282	107
3283	97
3284	59
3285	8
3286	2
3287	3
3288	3
3289	3
3290	0
3291	1
3292	1
3293	2
3294	4
3295	6
3296	67
3297	61
3298	105
3299	158
3300	123
3301	106
3302	109
3303	125
3304	104
3305	109
3306	115
3307	102
3308	47
3309	9
3310	12
3311	7
3312	4
3313	8
3314	3
3315	3
3316	1
3317	2
3318	3
3319	5
3320	71
3321	76
3322	92
3323	119
3324	129
3325	126
3326	119
3327	137
3328	121
3329	127
3330	115
3331	122
3332	49
3333	14
3334	10
3335	9
3336	2
3337	8
3338	2
3339	5
3340	8
3341	3
3342	4
3343	8
3344	70
3345	63
3346	99
3347	123
3348	118
3349	103
3350	106
3351	120
3352	109
3353	126
3354	133
3355	114
3356	54
3357	11
3358	10
3359	3
3360	0
3361	13
3362	5
3363	8
3364	2
3365	3
3366	0
3367	1
3368	57
3369	32
3370	60
3371	101
3372	98
3373	86
3374	83
3375	77
3376	103
3377	96
3378	95
3379	40
3380	10
3381	4
3382	1
3383	6
3384	2
3385	5
3386	1
3387	5
3388	1
3389	2
3390	2
3391	4
3392	64
3393	73
3394	94
3395	127
3396	115
3397	100
3398	115
3399	93
3400	124
3401	121
3402	116
3403	92
3404	49
3405	15
3406	3
3407	7
3408	4
3409	6
3410	0
3411	0
3412	3
3413	1
3414	2
3415	5
3416	72
3417	54
3418	98
3419	141
3420	154
3421	120
3422	129
3423	109
3424	133
3425	123
3426	95
3427	114
3428	49
3429	13
3430	4
3431	2
3432	3
3433	5
3434	0
3435	1
3436	2
3437	2
3438	1
3439	5
3440	53
3441	61
3442	110
3443	125
3444	110
3445	107
3446	121
3447	117
3448	128
3449	100
3450	113
3451	87
3452	52
3453	12
3454	9
3455	4
3456	2
3457	6
3458	1
3459	1
3460	1
3461	2
3462	2
3463	4
3464	69
3465	71
3466	82
3467	105
3468	124
3469	121
3470	110
3471	114
3472	104
3473	106
3474	92
3475	93
3476	34
3477	8
3478	5
3479	10
3480	8
3481	8
3482	6
3483	4
3484	3
3485	0
3486	3
3487	5
3488	46
3489	63
3490	83
3491	120
3492	108
3493	129
3494	103
3495	104
3496	112
3497	115
3498	99
3499	104
3500	34
3501	17
3502	11
3503	13
3504	18
3505	13
3506	8
3507	4
3508	4
3509	4
3510	3
3511	4
3512	29
3513	56
3514	69
3515	118
3516	100
3517	92
3518	93
3519	107
3520	112
3521	93
3522	104
3523	94
3524	42
3525	5
3526	6
3527	3
3528	4
3529	16
3530	4
3531	14
3532	4
3533	4
3534	2
3535	2
3536	39
3537	46
3538	63
3539	94
3540	82
3541	82
3542	75
3543	89
3544	92
3545	78
3546	83
3547	33
3548	6
3549	5
3550	3
3551	4
3552	4
3553	8
3554	0
3555	2
3556	0
3557	2
3558	2
3559	1
3560	50
3561	44
3562	72
3563	129
3564	107
3565	107
3566	78
3567	108
3568	118
3569	109
3570	85
3571	97
3572	52
3573	6
3574	5
3575	8
3576	5
3577	8
3578	2
3579	0
3580	3
3581	4
3582	0
3583	7
3584	49
3585	65
3586	82
3587	127
3588	102
3589	120
3590	110
3591	111
3592	114
3593	116
3594	105
3595	86
3596	45
3597	6
3598	5
3599	7
3600	2
3601	6
3602	1
3603	1
3604	0
3605	2
3606	4
3607	3
3608	56
3609	56
3610	90
3611	116
3612	121
3613	100
3614	113
3615	105
3616	124
3617	125
3618	112
3619	92
3620	48
3621	8
3622	10
3623	12
3624	7
3625	16
3626	3
3627	1
3628	4
3629	2
3630	0
3631	12
3632	59
3633	55
3634	83
3635	119
3636	103
3637	92
3638	85
3639	103
3640	126
3641	113
3642	119
3643	79
3644	36
3645	10
3646	4
3647	4
3648	2
3649	8
3650	0
3651	1
3652	5
3653	1
3654	4
3655	5
3656	59
3657	46
3658	71
3659	94
3660	109
3661	108
3662	109
3663	114
3664	93
3665	124
3666	126
3667	77
3668	37
3669	13
3670	8
3671	7
3672	9
3673	10
3674	6
3675	6
3676	4
3677	3
3678	0
3679	7
3680	51
3681	51
3682	116
3683	146
3684	119
3685	116
3686	97
3687	115
3688	103
3689	113
3690	122
3691	95
3692	47
3693	14
3694	3
3695	4
3696	14
3697	15
3698	7
3699	2
3700	4
3701	2
3702	2
3703	2
3704	37
3705	34
3706	57
3707	94
3708	72
3709	98
3710	84
3711	76
3712	98
3713	69
3714	101
3715	45
3716	9
3717	3
3718	10
3719	4
3720	9
3721	14
3722	1
3723	1
3724	1
3725	3
3726	3
3727	5
3728	53
3729	75
3730	89
3731	118
3732	103
3733	106
3734	121
3735	122
3736	109
3737	110
3738	94
3739	83
3740	29
3741	5
3742	6
3743	5
3744	1
3745	6
3746	3
3747	0
3748	1
3749	3
3750	1
3751	2
3752	53
3753	53
3754	100
3755	133
3756	111
3757	98
3758	92
3759	106
3760	119
3761	116
3762	94
3763	104
3764	47
3765	10
3766	11
3767	8
3768	4
3769	7
3770	3
3771	2
3772	3
3773	2
3774	0
3775	3
3776	51
3777	64
3778	102
3779	121
3780	123
3781	123
3782	112
3783	113
3784	111
3785	98
3786	114
3787	89
3788	48
3789	6
3790	5
3791	5
3792	8
3793	17
3794	3
3795	6
3796	2
3797	2
3798	1
3799	7
3800	59
3801	37
3802	72
3803	127
3804	124
3805	114
3806	104
3807	119
3808	116
3809	104
3810	100
3811	90
3812	52
3813	19
3814	8
3815	3
3816	6
3817	8
3818	1
3819	3
3820	5
3821	3
3822	1
3823	8
3824	62
3825	68
3826	94
3827	121
3828	106
3829	98
3830	110
3831	107
3832	106
3833	102
3834	110
3835	105
3836	43
3837	6
3838	9
3839	9
3840	4
3841	11
3842	8
3843	4
3844	9
3845	8
3846	3
3847	7
3848	39
3849	59
3850	99
3851	133
3852	106
3853	101
3854	93
3855	97
3856	112
3857	103
3858	110
3859	91
3860	32
3861	15
3862	12
3863	3
3864	5
3865	14
3866	5
3867	3
3868	2
3869	5
3870	1
3871	2
3872	37
3873	33
3874	51
3875	99
3876	80
3877	66
3878	79
3879	85
3880	90
3881	86
3882	70
3883	47
3884	14
3885	8
3886	9
3887	17
3888	9
3889	8
3890	5
3891	3
3892	5
3893	4
3894	4
3895	1
3896	35
3897	42
3898	55
3899	42
3900	30
3901	34
3902	25
3903	37
3904	39
3905	49
3906	53
3907	45
3908	33
3909	4
3910	3
3911	4
3912	3
3913	4
3914	1
3915	0
3916	0
3917	0
3918	0
3919	6
3920	54
3921	62
3922	105
3923	113
3924	121
3925	109
3926	111
3927	102
3928	102
3929	109
3930	94
3931	116
3932	44
3933	6
3934	8
3935	4
3936	6
3937	5
3938	0
3939	0
3940	0
3941	4
3942	4
3943	6
3944	62
3945	60
3946	121
3947	116
3948	133
3949	97
3950	92
3951	110
3952	110
3953	103
3954	78
3955	100
3956	58
3957	11
3958	3
3959	3
3960	10
3961	4
3962	3
3963	1
3964	0
3965	2
3966	3
3967	5
3968	55
3969	47
3970	64
3971	100
3972	115
3973	116
3974	106
3975	121
3976	100
3977	119
3978	86
3979	97
3980	50
3981	15
3982	10
3983	7
3984	5
3985	5
3986	2
3987	2
3988	2
3989	3
3990	5
3991	6
3992	56
3993	56
3994	91
3995	122
3996	124
3997	105
3998	113
3999	111
4000	107
4001	143
4002	120
4003	102
4004	42
4005	7
4006	10
4007	10
4008	3
4009	10
4010	4
4011	1
4012	1
4013	4
4014	1
4015	1
4016	34
4017	59
4018	91
4019	117
4020	107
4021	115
4022	96
4023	113
4024	114
4025	126
4026	127
4027	116
4028	40
4029	6
4030	10
4031	4
4032	9
4033	11
4034	7
4035	7
4036	7
4037	6
4038	0
4039	5
4040	38
4041	47
4042	60
4043	111
4044	78
4045	75
4046	87
4047	71
4048	81
4049	75
4050	97
4051	51
4052	12
4053	9
4054	6
4055	4
4056	8
4057	3
4058	0
4059	1
4060	1
4061	0
4062	1
4063	6
4064	64
4065	84
4066	118
4067	116
4068	129
4069	134
4070	119
4071	119
4072	139
4073	116
4074	99
4075	110
4076	36
4077	8
4078	3
4079	8
4080	3
4081	3
4082	1
4083	0
4084	2
4085	2
4086	2
4087	4
4088	55
4089	60
4090	77
4091	108
4092	119
4093	113
4094	101
4095	105
4096	103
4097	113
4098	89
4099	124
4100	46
4101	7
4102	9
4103	2
4104	0
4105	3
4106	0
4107	2
4108	0
4109	3
4110	2
4111	9
4112	60
4113	79
4114	101
4115	131
4116	138
4117	99
4118	115
4119	110
4120	106
4121	111
4122	103
4123	97
4124	36
4125	9
4126	12
4127	10
4128	10
4129	1
4130	2
4131	1
4132	3
4133	3
4134	4
4135	2
4136	68
4137	63
4138	82
4139	115
4140	106
4141	119
4142	93
4143	128
4144	121
4145	103
4146	111
4147	127
4148	53
4149	12
4150	10
4151	7
4152	4
4153	8
4154	3
4155	5
4156	2
4157	3
4158	3
4159	6
4160	66
4161	90
4162	109
4163	134
4164	130
4165	117
4166	93
4167	122
4168	110
4169	108
4170	113
4171	95
4172	49
4173	7
4174	7
4175	13
4176	8
4177	14
4178	11
4179	6
4180	9
4181	7
4182	6
4183	3
4184	29
4185	56
4186	76
4187	109
4188	103
4189	133
4190	124
4191	95
4192	122
4193	107
4194	119
4195	106
4196	52
4197	11
4198	5
4199	5
4200	5
4201	18
4202	6
4203	7
4204	8
4205	9
4206	4
4207	5
4208	35
4209	41
4210	72
4211	91
4212	106
4213	95
4214	96
4215	76
4216	71
4217	80
4218	100
4219	38
4220	7
4221	2
4222	1
4223	8
4224	1
4225	9
4226	0
4227	2
4228	3
4229	3
4230	1
4231	4
4232	59
4233	87
4234	94
4235	120
4236	103
4237	121
4238	102
4239	105
4240	107
4241	106
4242	108
4243	103
4244	47
4245	4
4246	4
4247	2
4248	2
4249	4
4250	1
4251	1
4252	2
4253	1
4254	2
4255	5
4256	52
4257	75
4258	96
4259	111
4260	125
4261	111
4262	119
4263	110
4264	119
4265	111
4266	119
4267	109
4268	43
4269	7
4270	5
4271	5
4272	4
4273	5
4274	1
4275	1
4276	1
4277	1
4278	2
4279	1
4280	54
4281	70
4282	80
4283	128
4284	130
4285	116
4286	106
4287	131
4288	123
4289	114
4290	125
4291	114
4292	56
4293	7
4294	5
4295	4
4296	6
4297	11
4298	1
4299	4
4300	1
4301	3
4302	4
4303	3
4304	56
4305	56
4306	86
4307	122
4308	135
4309	113
4310	97
4311	116
4312	109
4313	110
4314	113
4315	114
4316	35
4317	14
4318	3
4319	5
4320	4
4321	11
4322	7
4323	1
4324	4
4325	2
4326	1
4327	9
4328	55
4329	63
4330	82
4331	116
4332	141
4333	117
4334	100
4335	140
4336	107
4337	111
4338	104
4339	97
4340	33
4341	7
4342	10
4343	5
4344	9
4345	11
4346	6
4347	4
4348	5
4349	6
4350	4
4351	6
4352	36
4353	58
4354	80
4355	102
4356	111
4357	111
4358	102
4359	97
4360	99
4361	102
4362	96
4363	74
4364	44
4365	8
4366	8
4367	4
4368	4
4369	11
4370	12
4371	6
4372	6
4373	6
4374	1
4375	1
4376	42
4377	61
4378	68
4379	122
4380	64
4381	80
4382	88
4383	84
4384	86
4385	78
4386	77
4387	37
4388	11
4389	6
4390	6
4391	5
4392	1
4393	7
4394	1
4395	0
4396	1
4397	1
4398	4
4399	1
4400	55
4401	53
4402	99
4403	119
4404	118
4405	114
4406	109
4407	121
4408	106
4409	100
4410	99
4411	101
4412	40
4413	8
4414	6
4415	4
4416	3
4417	7
4418	0
4419	0
4420	2
4421	1
4422	4
4423	4
4424	54
4425	59
4426	88
4427	143
4428	112
4429	104
4430	116
4431	115
4432	114
4433	107
4434	108
4435	96
4436	33
4437	6
4438	9
4439	3
4440	6
4441	6
4442	3
4443	1
4444	2
4445	2
4446	3
4447	10
4448	58
4449	63
4450	76
4451	107
4452	90
4453	113
4454	109
4455	119
4456	99
4457	99
4458	91
4459	117
4460	51
4461	5
4462	12
4463	4
4464	5
4465	6
4466	4
4467	3
4468	4
4469	1
4470	2
4471	5
4472	45
4473	63
4474	73
4475	126
4476	103
4477	106
4478	92
4479	99
4480	106
4481	88
4482	102
4483	96
4484	35
4485	3
4486	8
4487	7
4488	12
4489	17
4490	4
4491	3
4492	3
4493	1
4494	5
4495	2
4496	53
4497	57
4498	90
4499	92
4500	119
4501	110
4502	108
4503	137
4504	101
4505	131
4506	131
4507	82
4508	33
4509	9
4510	11
4511	6
4512	7
4513	9
4514	6
4515	0
4516	3
4517	3
4518	2
4519	4
4520	49
4521	80
4522	91
4523	131
4524	109
4525	106
4526	89
4527	85
4528	125
4529	98
4530	115
4531	78
4532	45
4533	11
4534	7
4535	2
4536	6
4537	14
4538	4
4539	1
4540	2
4541	3
4542	1
4543	1
4544	33
4545	45
4546	74
4547	115
4548	87
4549	96
4550	74
4551	74
4552	80
4553	80
4554	88
4555	32
4556	8
4557	2
4558	7
4559	3
4560	1
4561	5
4562	2
4563	1
4564	0
4565	2
4566	3
4567	5
4568	45
4569	64
4570	102
4571	113
4572	125
4573	90
4574	106
4575	118
4576	113
4577	112
4578	109
4579	132
4580	50
4581	7
4582	4
4583	4
4584	6
4585	3
4586	0
4587	1
4588	3
4589	1
4590	2
4591	5
4592	75
4593	80
4594	87
4595	133
4596	117
4597	90
4598	112
4599	110
4600	115
4601	122
4602	107
4603	95
4604	63
4605	5
4606	8
4607	4
4608	3
4609	4
4610	2
4611	3
4612	2
4613	2
4614	1
4615	1
4616	47
4617	61
4618	112
4619	138
4620	104
4621	109
4622	112
4623	116
4624	116
4625	113
4626	80
4627	88
4628	53
4629	12
4630	6
4631	6
4632	5
4633	7
4634	4
4635	2
4636	0
4637	2
4638	1
4639	3
4640	53
4641	64
4642	98
4643	137
4644	118
4645	107
4646	133
4647	124
4648	127
4649	110
4650	97
4651	106
4652	33
4653	6
4654	4
4655	9
4656	3
4657	8
4658	6
4659	3
4660	2
4661	2
4662	1
4663	4
4664	57
4665	82
4666	116
4667	122
4668	132
4669	120
4670	110
4671	132
4672	122
4673	113
4674	95
4675	103
4676	31
4677	5
4678	11
4679	6
4680	9
4681	11
4682	4
4683	3
4684	10
4685	3
4686	7
4687	5
4688	63
4689	55
4690	110
4691	133
4692	120
4693	118
4694	86
4695	92
4696	81
4697	120
4698	108
4699	63
4700	42
4701	6
4702	8
4703	4
4704	5
4705	7
4706	1
4707	2
4708	3
4709	7
4710	3
4711	4
4712	46
4713	58
4714	75
4715	85
4716	92
4717	84
4718	81
4719	92
4720	84
4721	85
4722	102
4723	47
4724	7
4725	6
4726	5
4727	5
4728	1
4729	2
4730	1
4731	0
4732	1
4733	1
4734	1
4735	3
4736	54
4737	69
4738	104
4739	123
4740	125
4741	129
4742	99
4743	127
4744	116
4745	103
4746	102
4747	97
4748	44
4749	5
4750	8
4751	5
4752	2
4753	4
4754	0
4755	1
4756	3
4757	3
4758	3
4759	3
4760	53
4761	79
4762	89
4763	128
4764	144
4765	123
4766	110
4767	131
4768	149
4769	107
4770	115
4771	113
4772	47
4773	5
4774	6
4775	9
4776	5
4777	6
4778	0
4779	1
4780	4
4781	1
4782	3
4783	4
4784	66
4785	72
4786	99
4787	124
4788	124
4789	127
4790	142
4791	148
4792	158
4793	126
4794	128
4795	103
4796	44
4797	5
4798	7
4799	4
4800	2
4801	5
4802	2
4803	0
4804	0
4805	1
4806	1
4807	4
4808	64
4809	67
4810	84
4811	126
4812	131
4813	102
4814	96
4815	127
4816	139
4817	122
4818	118
4819	100
4820	48
4821	6
4822	5
4823	5
4824	5
4825	8
4826	1
4827	1
4828	3
4829	1
4830	2
4831	1
4832	54
4833	89
4834	123
4835	111
4836	110
4837	118
4838	132
4839	123
4840	118
4841	125
4842	113
4843	82
4844	36
4845	5
4846	3
4847	5
4848	3
4849	8
4850	0
4851	5
4852	3
4853	5
4854	2
4855	3
4856	39
4857	53
4858	81
4859	126
4860	99
4861	97
4862	93
4863	109
4864	103
4865	119
4866	111
4867	80
4868	37
4869	5
4870	2
4871	4
4872	5
4873	6
4874	1
4875	2
4876	5
4877	3
4878	1
4879	1
4880	33
4881	43
4882	56
4883	83
4884	67
4885	91
4886	75
4887	80
4888	79
4889	87
4890	97
4891	36
4892	7
4893	3
4894	7
4895	7
4896	2
4897	3
4898	2
4899	0
4900	0
4901	2
4902	0
4903	4
4904	64
4905	73
4906	115
4907	113
4908	121
4909	101
4910	104
4911	113
4912	98
4913	115
4914	78
4915	100
4916	54
4917	13
4918	8
4919	4
4920	3
4921	4
4922	2
4923	1
4924	0
4925	1
4926	5
4927	6
4928	67
4929	78
4930	108
4931	133
4932	126
4933	118
4934	123
4935	137
4936	121
4937	81
4938	121
4939	105
4940	49
4941	7
4942	5
4943	6
4944	4
4945	5
4946	1
4947	3
4948	1
4949	2
4950	3
4951	1
4952	52
4953	50
4954	74
4955	116
4956	110
4957	123
4958	124
4959	100
4960	113
4961	108
4962	109
4963	98
4964	41
4965	9
4966	5
4967	6
4968	4
4969	6
4970	0
4971	0
4972	0
4973	2
4974	2
4975	6
4976	49
4977	57
4978	109
4979	105
4980	106
4981	115
4982	118
4983	103
4984	115
4985	97
4986	88
4987	81
4988	41
4989	3
4990	2
4991	7
4992	3
4993	6
4994	4
4995	4
4996	1
4997	3
4998	0
4999	1
5000	47
5001	66
5002	79
5003	95
5004	119
5005	92
5006	88
5007	115
5008	109
5009	96
5010	79
5011	86
5012	41
5013	1
5014	5
5015	7
5016	4
5017	6
5018	1
5019	5
5020	4
5021	0
5022	2
5023	7
5024	52
5025	61
5026	83
5027	114
5028	109
5029	84
5030	92
5031	60
5032	110
5033	89
5034	117
5035	81
5036	33
5037	4
5038	1
5039	4
5040	3
5041	6
5042	2
5043	1
5044	4
5045	3
5046	4
5047	0
5048	50
5049	54
5050	65
5051	85
5052	61
5053	68
5054	67
5055	53
5056	81
5057	105
5058	97
5059	27
5060	1
5061	0
5062	3
5063	3
5064	1
5065	0
5066	0
5067	1
5068	1
5069	0
5070	2
5071	2
5072	57
5073	74
5074	79
5075	112
5076	119
5077	101
5078	115
5079	109
5080	96
5081	97
5082	99
5083	92
5084	37
5085	9
5086	0
5087	8
5088	2
5089	1
5090	0
5091	0
5092	1
5093	1
5094	2
5095	4
5096	57
5097	80
5098	74
5099	126
5100	122
5101	110
5102	112
5103	99
5104	105
5105	97
5106	75
5107	93
5108	34
5109	0
5110	3
5111	4
5112	7
5113	3
5114	2
5115	1
5116	0
5117	2
5118	1
5119	1
5120	59
5121	62
5122	63
5123	105
5124	107
5125	89
5126	95
5127	113
5128	112
5129	92
5130	99
5131	85
5132	35
5133	6
5134	3
5135	2
5136	1
5137	1
5138	0
5139	0
5140	1
5141	2
5142	3
5143	6
5144	56
5145	58
5146	82
5147	89
5148	92
5149	88
5150	78
5151	92
5152	99
5153	96
5154	111
5155	89
5156	37
5157	5
5158	7
5159	11
5160	4
5161	5
5162	1
5163	0
5164	1
5165	1
5166	4
5167	3
5168	57
5169	64
5170	82
5171	109
5172	130
5173	114
5174	100
5175	110
5176	111
5177	127
5178	127
5179	99
5180	24
5181	3
5182	3
5183	5
5184	2
5185	6
5186	2
5187	2
5188	7
5189	3
5190	2
5191	2
5192	51
5193	50
5194	78
5195	100
5196	85
5197	91
5198	72
5199	58
5200	82
5201	90
5202	108
5203	84
5204	36
5205	7
5206	6
5207	6
5208	4
5209	5
5210	0
5211	5
5212	2
5213	4
5214	5
5215	7
5216	33
5217	45
5218	54
5219	87
5220	78
5221	88
5222	75
5223	64
5224	87
5225	78
5226	83
5227	22
5228	6
5229	5
5230	5
5231	8
5232	12
5233	6
5234	0
5235	0
5236	0
5237	0
5238	3
5239	9
5240	51
5241	81
5242	87
5243	108
5244	100
5245	115
5246	117
5247	108
5248	125
5249	96
5250	97
5251	91
5252	25
5253	4
5254	4
5255	3
5256	2
5257	4
5258	2
5259	1
5260	0
5261	1
5262	0
5263	2
5264	53
5265	71
5266	106
5267	108
5268	96
5269	90
5270	91
5271	117
5272	107
5273	115
5274	88
5275	90
5276	44
5277	9
5278	5
5279	2
5280	2
5281	2
5282	0
5283	1
5284	0
5285	0
5286	0
5287	3
5288	44
5289	54
5290	106
5291	109
5292	100
5293	101
5294	93
5295	109
5296	109
5297	98
5298	107
5299	87
5300	29
5301	4
5302	6
5303	5
5304	1
5305	5
5306	0
5307	2
5308	1
5309	1
5310	2
5311	4
5312	54
5313	63
5314	104
5315	109
5316	114
5317	106
5318	141
5319	109
5320	120
5321	82
5322	107
5323	87
5324	36
5325	9
5326	7
5327	4
5328	2
5329	10
5330	2
5331	1
5332	3
5333	0
5334	3
5335	5
5336	50
5337	55
5338	73
5339	130
5340	98
5341	97
5342	116
5343	124
5344	124
5345	114
5346	91
5347	73
5348	26
5349	4
5350	3
5351	1
5352	2
5353	5
5354	1
5355	3
5356	1
5357	2
5358	1
5359	3
5360	49
5361	61
5362	72
5363	96
5364	91
5365	79
5366	94
5367	108
5368	99
5369	85
5370	122
5371	79
5372	43
5373	4
5374	2
5375	5
5376	3
5377	6
5378	1
5379	3
5380	2
5381	2
5382	0
5383	3
5384	42
5385	46
5386	80
5387	93
5388	82
5389	83
5390	73
5391	72
5392	76
5393	79
5394	82
5395	21
5396	6
5397	4
5398	3
5399	1
5400	1
5401	2
5402	2
5403	0
5404	0
5405	0
5406	2
5407	3
5408	44
5409	76
5410	82
5411	104
5412	120
5413	114
5414	102
5415	104
5416	129
5417	96
5418	96
5419	77
5420	39
5421	6
5422	4
5423	2
5424	4
5425	6
5426	3
5427	1
5428	0
5429	1
5430	1
5431	3
5432	54
5433	62
5434	95
5435	78
5436	103
5437	104
5438	105
5439	107
5440	93
5441	93
5442	96
5443	97
5444	32
5445	4
5446	5
5447	6
5448	4
5449	3
5450	1
5451	1
5452	1
5453	1
5454	2
5455	3
5456	57
5457	59
5458	95
5459	117
5460	134
5461	117
5462	97
5463	111
5464	109
5465	83
5466	89
5467	97
5468	36
5469	6
5470	5
5471	4
5472	7
5473	3
5474	1
5475	2
5476	1
5477	3
5478	4
5479	4
5480	48
5481	60
5482	75
5483	102
5484	113
5485	95
5486	115
5487	104
5488	102
5489	86
5490	91
5491	87
5492	27
5493	6
5494	6
5495	7
5496	6
5497	9
5498	4
5499	3
5500	1
5501	0
5502	2
5503	2
5504	48
5505	56
5506	92
5507	88
5508	84
5509	86
5510	92
5511	90
5512	104
5513	98
5514	108
5515	76
5516	28
5517	8
5518	3
5519	4
5520	2
5521	6
5522	6
5523	7
5524	1
5525	0
5526	0
5527	4
5528	45
5529	53
5530	69
5531	104
5532	96
5533	97
5534	91
5535	99
5536	90
5537	82
5538	81
5539	76
5540	36
5541	3
5542	4
5543	3
5544	1
5545	7
5546	2
5547	2
5548	3
5549	1
5550	1
5551	1
5552	34
5553	38
5554	47
5555	100
5556	78
5557	84
5558	79
5559	77
5560	76
5561	69
5562	79
5563	41
5564	12
5565	2
5566	7
5567	4
5568	1
5569	3
5570	1
5571	0
5572	0
5573	0
5574	4
5575	2
5576	37
5577	66
5578	89
5579	114
5580	128
5581	116
5582	77
5583	112
5584	99
5585	112
5586	111
5587	109
5588	37
5589	3
5590	4
5591	4
5592	0
5593	4
5594	0
5595	0
5596	1
5597	0
5598	4
5599	2
5600	46
5601	57
5602	85
5603	115
5604	121
5605	114
5606	87
5607	116
5608	115
5609	99
5610	90
5611	106
5612	53
5613	3
5614	4
5615	1
5616	7
5617	4
5618	0
5619	0
5620	1
5621	1
5622	2
5623	6
5624	52
5625	69
5626	85
5627	106
5628	110
5629	103
5630	97
5631	82
5632	85
5633	103
5634	100
5635	94
5636	44
5637	10
5638	4
5639	5
5640	2
5641	6
5642	0
5643	2
5644	1
5645	0
5646	4
5647	5
5648	49
5649	64
5650	77
5651	102
5652	108
5653	104
5654	109
5655	103
5656	98
5657	102
5658	91
5659	103
5660	29
5661	2
5662	4
5663	3
5664	3
5665	9
5666	11
5667	3
5668	3
5669	4
5670	1
5671	4
5672	47
5673	51
5674	92
5675	115
5676	97
5677	96
5678	95
5679	95
5680	101
5681	100
5682	109
5683	105
5684	18
5685	5
5686	3
5687	1
5688	4
5689	8
5690	1
5691	3
5692	0
5693	1
5694	1
5695	1
5696	37
5697	41
5698	93
5699	102
5700	86
5701	96
5702	91
5703	83
5704	88
5705	102
5706	114
5707	85
5708	40
5709	4
5710	2
5711	5
5712	2
5713	4
5714	0
5715	1
5716	0
5717	2
5718	2
5719	1
5720	33
5721	54
5722	54
5723	79
5724	82
5725	80
5726	75
5727	83
5728	94
5729	67
5730	70
5731	37
5732	7
5733	4
5734	2
5735	5
5736	0
5737	5
5738	0
5739	1
5740	0
5741	0
5742	1
5743	1
5744	38
5745	49
5746	90
5747	82
5748	100
5749	102
5750	125
5751	110
5752	92
5753	111
5754	98
5755	108
5756	39
5757	6
5758	2
5759	4
5760	2
5761	8
5762	0
5763	0
5764	0
5765	2
5766	1
5767	3
5768	56
5769	53
5770	97
5771	104
5772	88
5773	116
5774	102
5775	117
5776	99
5777	99
5778	89
5779	97
5780	61
5781	8
5782	6
5783	5
5784	1
5785	4
5786	0
5787	0
5788	0
5789	0
5790	2
5791	1
5792	36
5793	50
5794	72
5795	88
5796	84
5797	81
5798	114
5799	112
5800	100
5801	124
5802	117
5803	91
5804	44
5805	2
5806	5
5807	2
5808	2
5809	6
5810	2
5811	1
5812	1
5813	3
5814	3
5815	2
5816	49
5817	62
5818	96
5819	137
5820	112
5821	91
5822	115
5823	92
5824	75
5825	105
5826	88
5827	85
5828	44
5829	5
5830	5
5831	6
5832	3
5833	9
5834	2
5835	5
5836	0
5837	2
5838	3
5839	3
5840	89
5841	64
5842	95
5843	133
5844	108
5845	95
5846	92
5847	101
5848	99
5849	93
5850	88
5851	80
5852	27
5853	2
5854	14
5855	6
5856	6
5857	7
5858	3
5859	5
5860	2
5861	1
5862	4
5863	2
5864	41
5865	40
5866	81
5867	94
5868	99
5869	91
5870	69
5871	82
5872	103
5873	85
5874	100
5875	88
5876	24
5877	3
5878	4
5879	4
5880	6
5881	5
5882	1
5883	2
5884	3
5885	3
5886	0
5887	2
5888	29
5889	47
5890	62
5891	83
5892	74
5893	88
5894	60
5895	89
5896	83
5897	90
5898	90
5899	37
5900	3
5901	3
5902	3
5903	1
5904	2
5905	1
5906	1
5907	0
5908	0
5909	2
5910	3
5911	1
5912	46
5913	82
5914	72
5915	120
5916	111
5917	92
5918	89
5919	95
5920	127
5921	105
5922	94
5923	92
5924	30
5925	2
5926	5
5927	1
5928	2
5929	3
5930	2
5931	1
5932	3
5933	1
5934	6
5935	8
5936	62
5937	79
5938	107
5939	125
5940	124
5941	128
5942	113
5943	104
5944	110
5945	99
5946	88
5947	107
5948	50
5949	6
5950	3
5951	1
5952	8
5953	8
5954	0
5955	3
5956	1
5957	0
5958	2
5959	3
5960	70
5961	57
5962	122
5963	110
5964	104
5965	122
5966	107
5967	112
5968	118
5969	102
5970	112
5971	106
5972	56
5973	14
5974	8
5975	6
5976	4
5977	3
5978	2
5979	1
5980	1
5981	2
5982	1
5983	3
5984	67
5985	64
5986	107
5987	103
5988	121
5989	107
5990	113
5991	114
5992	116
5993	93
5994	112
5995	104
5996	49
5997	13
5998	6
5999	5
6000	11
6001	7
6002	2
6003	3
6004	1
6005	4
6006	2
6007	2
6008	57
6009	69
6010	94
6011	111
6012	107
6013	113
6014	125
6015	102
6016	126
6017	111
6018	112
6019	85
6020	45
6021	6
6022	8
6023	7
6024	7
6025	10
6026	6
6027	5
6028	2
6029	5
6030	4
6031	4
6032	38
6033	58
6034	82
6035	110
6036	107
6037	117
6038	113
6039	108
6040	103
6041	120
6042	109
6043	115
6044	51
6045	9
6046	4
6047	3
6048	3
6049	7
6050	3
6051	0
6052	0
6053	0
6054	1
6055	2
6056	35
6057	35
6058	66
6059	103
6060	94
6061	102
6062	90
6063	71
6064	72
6065	79
6066	72
6067	38
6068	4
6069	6
6070	5
6071	8
6072	1
6073	5
6074	0
6075	0
6076	0
6077	2
6078	4
6079	2
6080	59
6081	68
6082	86
6083	109
6084	118
6085	103
6086	120
6087	131
6088	97
6089	87
6090	108
6091	105
6092	41
6093	1
6094	6
6095	3
6096	3
6097	4
6098	1
6099	2
6100	0
6101	3
6102	2
6103	6
6104	70
6105	69
6106	84
6107	131
6108	99
6109	91
6110	103
6111	125
6112	119
6113	100
6114	107
6115	106
6116	41
6117	10
6118	9
6119	12
6120	3
6121	6
6122	0
6123	0
6124	1
6125	1
6126	3
6127	5
6128	62
6129	50
6130	73
6131	117
6132	118
6133	106
6134	102
6135	133
6136	134
6137	112
6138	102
6139	98
6140	27
6141	15
6142	5
6143	6
6144	4
6145	3
6146	1
6147	3
6148	0
6149	2
6150	2
6151	6
6152	59
6153	61
6154	97
6155	114
6156	105
6157	93
6158	102
6159	114
6160	98
6161	96
6162	93
6163	80
6164	50
6165	4
6166	5
6167	5
6168	5
6169	5
6170	7
6171	0
6172	4
6173	3
6174	2
6175	3
6176	60
6177	65
6178	95
6179	133
6180	121
6181	125
6182	116
6183	110
6184	121
6185	118
6186	103
6187	93
6188	49
6189	18
6190	12
6191	2
6192	9
6193	10
6194	4
6195	2
6196	3
6197	6
6198	1
6199	1
6200	44
6201	72
6202	82
6203	96
6204	87
6205	98
6206	103
6207	93
6208	113
6209	122
6210	102
6211	100
6212	47
6213	4
6214	7
6215	4
6216	2
6217	10
6218	3
6219	0
6220	7
6221	1
6222	1
6223	3
6224	41
6225	42
6226	83
6227	109
6228	84
6229	85
6230	68
6231	82
6232	98
6233	83
6234	90
6235	50
6236	9
6237	7
6238	4
6239	3
6240	4
6241	3
6242	1
6243	0
6244	1
6245	4
6246	3
6247	6
6248	57
6249	62
6250	75
6251	97
6252	102
6253	103
6254	111
6255	85
6256	106
6257	107
6258	96
6259	127
6260	47
6261	3
6262	4
6263	4
6264	3
6265	5
6266	0
6267	0
6268	3
6269	0
6270	4
6271	1
6272	56
6273	67
6274	91
6275	137
6276	96
6277	103
6278	112
6279	107
6280	104
6281	111
6282	90
6283	100
6284	41
6285	8
6286	7
6287	6
6288	1
6289	4
6290	1
6291	1
6292	0
6293	1
6294	1
6295	3
6296	63
6297	67
6298	100
6299	112
6300	112
6301	103
6302	83
6303	113
6304	92
6305	108
6306	93
6307	87
6308	29
6309	8
6310	7
6311	8
6312	5
6313	9
6314	2
6315	1
6316	0
6317	3
6318	4
6319	6
6320	53
6321	69
6322	96
6323	94
6324	102
6325	109
6326	125
6327	115
6328	111
6329	115
6330	99
6331	107
6332	45
6333	11
6334	8
6335	8
6336	12
6337	6
6338	3
6339	5
6340	2
6341	1
6342	2
6343	7
6344	56
6345	58
6346	91
6347	116
6348	136
6349	93
6350	94
6351	110
6352	118
6353	98
6354	92
6355	79
6356	37
6357	7
6358	9
6359	8
6360	8
6361	16
6362	10
6363	2
6364	5
6365	1
6366	4
6367	1
6368	47
6369	68
6370	90
6371	112
6372	114
6373	92
6374	99
6375	107
6376	104
6377	116
6378	103
6379	107
6380	45
6381	2
6382	4
6383	5
6384	9
6385	11
6386	7
6387	7
6388	2
6389	9
6390	2
6391	1
6392	46
6393	44
6394	61
6395	97
6396	71
6397	71
6398	87
6399	85
6400	66
6401	64
6402	83
6403	46
6404	8
6405	6
6406	6
6407	3
6408	1
6409	7
6410	2
6411	0
6412	0
6413	2
6414	9
6415	4
6416	47
6417	56
6418	101
6419	112
6420	134
6421	104
6422	117
6423	121
6424	106
6425	97
6426	100
6427	101
6428	42
6429	9
6430	3
6431	4
6432	4
6433	5
6434	0
6435	0
6436	1
6437	1
6438	2
6439	4
6440	50
6441	69
6442	89
6443	110
6444	101
6445	85
6446	85
6447	89
6448	122
6449	92
6450	91
6451	102
6452	52
6453	9
6454	3
6455	7
6456	3
6457	8
6458	1
6459	3
6460	0
6461	1
6462	3
6463	2
6464	75
6465	56
6466	78
6467	90
6468	81
6469	108
6470	109
6471	104
6472	94
6473	74
6474	90
6475	80
6476	35
6477	13
6478	6
6479	7
6480	5
6481	9
6482	2
6483	0
6484	0
6485	1
6486	2
6487	7
6488	58
6489	90
6490	91
6491	111
6492	117
6493	125
6494	92
6495	114
6496	93
6497	105
6498	105
6499	110
6500	42
6501	6
6502	9
6503	11
6504	5
6505	10
6506	5
6507	3
6508	2
6509	1
6510	1
6511	0
6512	58
6513	75
6514	101
6515	99
6516	75
6517	69
6518	101
6519	93
6520	94
6521	101
6522	102
6523	101
6524	40
6525	2
6526	9
6527	10
6528	6
6529	12
6530	4
6531	2
6532	4
6533	3
6534	1
6535	1
6536	35
6537	58
6538	82
6539	99
6540	84
6541	88
6542	95
6543	89
6544	95
6545	90
6546	106
6547	86
6548	32
6549	3
6550	5
6551	3
6552	3
6553	10
6554	2
6555	0
6556	2
6557	4
6558	0
6559	0
6560	45
6561	39
6562	57
6563	80
6564	63
6565	60
6566	65
6567	62
6568	61
6569	78
6570	90
6571	35
6572	1
6573	4
6574	6
6575	6
6576	7
6577	10
6578	5
6579	7
6580	6
6581	2
6582	2
6583	9
6584	47
6585	53
6586	106
6587	130
6588	125
6589	128
6590	121
6591	127
6592	138
6593	126
6594	130
6595	121
6596	71
6597	19
6598	7
6599	8
6600	11
6601	19
6602	8
6603	0
6604	8
6605	6
6606	5
6607	2
6608	45
6609	45
6610	66
6611	106
6612	115
6613	95
6614	85
6615	80
6616	81
6617	108
6618	94
6619	45
6620	8
6621	6
6622	9
6623	13
6624	7
6625	12
6626	4
6627	3
6628	2
6629	2
6630	7
6631	14
6632	63
6633	85
6634	107
6635	148
6636	148
6637	127
6638	126
6639	141
6640	141
6641	151
6642	156
6643	148
6644	95
6645	13
6646	13
6647	9
6648	6
6649	11
6650	5
6651	1
6652	1
6653	2
6654	2
6655	15
6656	76
6657	89
6658	108
6659	139
6660	151
6661	117
6662	122
6663	131
6664	122
6665	143
6666	141
6667	137
6668	67
6669	21
6670	6
6671	6
6672	8
6673	17
6674	2
6675	0
6676	3
6677	1
6678	3
6679	11
6680	68
6681	71
6682	113
6683	134
6684	120
6685	139
6686	132
6687	137
6688	118
6689	142
6690	147
6691	111
6692	61
6693	23
6694	4
6695	10
6696	8
6697	15
6698	5
6699	4
6700	5
6701	3
6702	6
6703	14
6704	73
6705	74
6706	150
6707	141
6708	158
6709	137
6710	136
6711	136
6712	140
6713	152
6714	149
6715	145
6716	74
6717	12
6718	9
6719	5
6720	6
6721	9
6722	8
6723	7
6724	5
6725	4
6726	2
6727	12
6728	72
6729	76
6730	121
6731	159
6732	157
6733	101
6734	106
6735	137
6736	151
6737	138
6738	150
6739	119
6740	71
6741	20
6742	19
6743	17
6744	15
6745	25
6746	11
6747	5
6748	8
6749	11
6750	4
6751	11
6752	46
6753	72
6754	101
6755	121
6756	126
6757	119
6758	128
6759	133
6760	124
6761	127
6762	145
6763	114
6764	74
6765	10
6766	9
6767	9
6768	13
6769	22
6770	9
6771	9
6772	6
6773	8
6774	2
6775	4
6776	52
6777	48
6778	82
6779	108
6780	89
6781	74
6782	83
6783	90
6784	101
6785	93
6786	115
6787	35
6788	13
6789	8
6790	8
6791	11
6792	11
6793	7
6794	5
6795	4
6796	1
6797	2
6798	4
6799	11
6800	71
6801	65
6802	133
6803	142
6804	138
6805	135
6806	131
6807	148
6808	131
6809	134
6810	178
6811	114
6812	74
6813	18
6814	13
6815	6
6816	10
6817	9
6818	3
6819	3
6820	0
6821	0
6822	2
6823	16
6824	84
6825	70
6826	103
6827	159
6828	128
6829	140
6830	106
6831	124
6832	102
6833	112
6834	115
6835	107
6836	72
6837	27
6838	10
6839	6
6840	6
6841	9
6842	4
6843	4
6844	2
6845	1
6846	3
6847	36
6848	111
6849	105
6850	163
6851	101
6852	85
6853	83
6854	67
6855	87
6856	90
6857	108
6858	110
6859	81
6860	55
6861	25
6862	4
6863	5
6864	4
6865	9
6866	3
6867	1
6868	1
6869	3
6870	1
6871	12
6872	75
6873	59
6874	80
6875	76
6876	91
6877	84
6878	72
6879	89
6880	84
6881	100
6882	93
6883	87
6884	68
6885	18
6886	10
6887	6
6888	8
6889	11
6890	0
6891	0
6892	1
6893	0
6894	4
6895	13
6896	75
6897	63
6898	75
6899	91
6900	94
6901	87
6902	92
6903	106
6904	100
6905	109
6906	93
6907	111
6908	55
6909	26
6910	13
6911	3
6912	6
6913	15
6914	4
6915	1
6916	6
6917	4
6918	6
6919	5
6920	45
6921	62
6922	72
6923	73
6924	76
6925	83
6926	68
6927	65
6928	75
6929	94
6930	76
6931	68
6932	60
6933	8
6934	5
6935	6
6936	4
6937	14
6938	7
6939	6
6940	3
6941	2
6942	5
6943	3
6944	50
6945	31
6946	65
6947	63
6948	67
6949	49
6950	60
6951	54
6952	51
6953	59
6954	69
6955	39
6956	8
6957	10
6958	12
6959	3
6960	2
6961	5
6962	1
6963	0
6964	0
6965	0
6966	3
6967	15
6968	66
6969	63
6970	63
6971	76
6972	83
6973	79
6974	79
6975	80
6976	71
6977	109
6978	100
6979	90
6980	65
6981	11
6982	6
6983	5
6984	5
6985	6
6986	1
6987	1
6988	0
6989	0
6990	3
6991	12
6992	60
6993	62
6994	83
6995	105
6996	86
6997	79
6998	85
6999	115
7000	93
7001	108
7002	106
7003	95
7004	54
7005	26
7006	8
7007	6
7008	4
7009	3
7010	2
7011	2
7012	0
7013	0
7014	7
7015	14
7016	70
7017	68
7018	170
7019	156
7020	131
7021	89
7022	95
7023	87
7024	108
7025	157
7026	148
7027	105
7028	70
7029	21
7030	4
7031	8
7032	3
7033	8
7034	8
7035	5
7036	3
7037	0
7038	8
7039	22
7040	113
7041	112
7042	127
7043	206
7044	165
7045	116
7046	141
7047	140
7048	130
7049	134
7050	154
7051	127
7052	78
7053	9
7054	6
7055	5
7056	6
7057	8
7058	3
7059	2
7060	8
7061	0
7062	7
7063	12
7064	98
7065	72
7066	102
7067	113
7068	120
7069	100
7070	101
7071	112
7072	123
7073	129
7074	108
7075	114
7076	71
7077	17
7078	13
7079	9
7080	6
7081	16
7082	3
7083	8
7084	1
7085	1
7086	0
7087	5
7088	54
7089	57
7090	90
7091	84
7092	76
7093	94
7094	88
7095	101
7096	88
7097	95
7098	117
7099	83
7100	62
7101	18
7102	7
7103	7
7104	8
7105	22
7106	8
7107	3
7108	7
7109	4
7110	7
7111	7
7112	43
7113	44
7114	65
7115	71
7116	74
7117	52
7118	69
7119	64
7120	67
7121	67
7122	79
7123	45
7124	7
7125	3
7126	11
7127	7
7128	7
7129	6
7130	1
7131	3
7132	1
7133	0
7134	5
7135	6
7136	63
7137	63
7138	116
7139	130
7140	129
7141	129
7142	102
7143	102
7144	117
7145	145
7146	102
7147	108
7148	54
7149	21
7150	7
7151	7
7152	2
7153	4
7154	4
7155	1
7156	1
7157	0
7158	6
7159	6
7160	82
7161	75
7162	127
7163	120
7164	140
7165	113
7166	98
7167	124
7168	125
7169	141
7170	146
7171	133
7172	84
7173	18
7174	9
7175	10
7176	9
7177	7
7178	4
7179	1
7180	1
7181	1
7182	13
7183	27
7184	113
7185	79
7186	109
7187	127
7188	118
7189	113
7190	122
7191	153
7192	145
7193	147
7194	150
7195	157
7196	73
7197	22
7198	14
7199	10
7200	15
7201	14
7202	3
7203	4
7204	4
7205	2
7206	8
7207	13
7208	77
7209	71
7210	105
7211	141
7212	129
7213	119
7214	144
7215	142
7216	130
7217	153
7218	141
7219	127
7220	63
7221	14
7222	9
7223	7
7224	7
7225	17
7226	2
7227	4
7228	4
7229	5
7230	3
7231	9
7232	70
7233	65
7234	109
7235	156
7236	154
7237	148
7238	147
7239	140
7240	140
7241	159
7242	121
7243	124
7244	66
7245	14
7246	20
7247	7
7248	8
7249	17
7250	6
7251	2
7252	8
7253	3
7254	3
7255	5
7256	48
7257	78
7258	124
7259	135
7260	138
7261	118
7262	130
7263	131
7264	128
7265	113
7266	126
7267	121
7268	67
7269	28
7270	25
7271	18
7272	6
7273	19
7274	12
7275	6
7276	12
7277	10
7278	7
7279	2
7280	54
7281	53
7282	67
7283	110
7284	91
7285	97
7286	89
7287	85
7288	95
7289	110
7290	94
7291	40
7292	10
7293	16
7294	16
7295	4
7296	10
7297	13
7298	6
7299	6
7300	4
7301	2
7302	4
7303	13
7304	67
7305	66
7306	109
7307	130
7308	127
7309	109
7310	131
7311	143
7312	136
7313	175
7314	155
7315	140
7316	86
7317	28
7318	18
7319	8
7320	6
7321	20
7322	4
7323	6
7324	2
7325	4
7326	8
7327	11
7328	52
7329	67
7330	67
7331	78
7332	55
7333	43
7334	38
7335	57
7336	69
7337	67
7338	70
7339	69
7340	43
7341	11
7342	9
7343	11
7344	4
7345	11
7346	4
7347	6
7348	1
7349	1
7350	4
7351	6
7352	67
7353	66
7354	116
7355	135
7356	118
7357	119
7358	111
7359	123
7360	114
7361	130
7362	137
7363	151
7364	84
7365	23
7366	19
7367	15
7368	9
7369	11
7370	3
7371	1
7372	2
7373	2
7374	2
7375	13
7376	87
7377	79
7378	112
7379	172
7380	136
7381	128
7382	112
7383	144
7384	141
7385	162
7386	160
7387	125
7388	55
7389	20
7390	15
7391	18
7392	6
7393	15
7394	6
7395	4
7396	5
7397	2
7398	6
7399	12
7400	63
7401	79
7402	134
7403	144
7404	146
7405	120
7406	147
7407	150
7408	133
7409	167
7410	145
7411	103
7412	69
7413	25
7414	13
7415	11
7416	6
7417	21
7418	11
7419	18
7420	5
7421	3
7422	4
7423	4
7424	55
7425	75
7426	96
7427	128
7428	103
7429	135
7430	116
7431	135
7432	119
7433	109
7434	121
7435	120
7436	63
7437	27
7438	11
7439	11
7440	17
7441	18
7442	6
7443	3
7444	5
7445	9
7446	7
7447	6
7448	47
7449	47
7450	72
7451	104
7452	115
7453	98
7454	104
7455	109
7456	104
7457	98
7458	87
7459	53
7460	16
7461	6
7462	12
7463	11
7464	11
7465	14
7466	2
7467	3
7468	2
7469	2
7470	3
7471	13
7472	70
7473	63
7474	130
7475	148
7476	133
7477	139
7478	130
7479	158
7480	139
7481	129
7482	140
7483	135
7484	83
7485	10
7486	13
7487	9
7488	8
7489	10
7490	2
7491	3
7492	3
7493	2
7494	1
7495	13
7496	70
7497	86
7498	98
7499	154
7500	153
7501	139
7502	131
7503	137
7504	143
7505	126
7506	114
7507	136
7508	83
7509	18
7510	9
7511	6
7512	2
7513	8
7514	4
7515	2
7516	1
7517	1
7518	5
7519	5
7520	66
7521	74
7522	113
7523	144
7524	123
7525	123
7526	133
7527	131
7528	156
7529	132
7530	119
7531	144
7532	83
7533	17
7534	12
7535	8
7536	4
7537	11
7538	2
7539	6
7540	3
7541	0
7542	5
7543	10
7544	74
7545	82
7546	136
7547	141
7548	165
7549	127
7550	126
7551	134
7552	128
7553	114
7554	134
7555	104
7556	64
7557	13
7558	11
7559	14
7560	11
7561	12
7562	3
7563	4
7564	6
7565	1
7566	3
7567	9
7568	79
7569	78
7570	110
7571	162
7572	155
7573	155
7574	128
7575	134
7576	152
7577	147
7578	145
7579	136
7580	65
7581	17
7582	5
7583	14
7584	4
7585	14
7586	5
7587	4
7588	5
7589	6
7590	5
7591	6
7592	64
7593	64
7594	94
7595	129
7596	128
7597	124
7598	118
7599	113
7600	107
7601	140
7602	110
7603	126
7604	71
7605	13
7606	7
7607	8
7608	15
7609	21
7610	5
7611	2
7612	8
7613	6
7614	4
7615	4
7616	52
7617	51
7618	73
7619	123
7620	107
7621	107
7622	86
7623	78
7624	107
7625	106
7626	91
7627	42
7628	7
7629	10
7630	15
7631	6
7632	6
7633	11
7634	3
7635	2
7636	4
7637	2
7638	5
7639	7
7640	78
7641	81
7642	111
7643	136
7644	162
7645	136
7646	118
7647	125
7648	152
7649	120
7650	119
7651	128
7652	67
7653	14
7654	10
7655	5
7656	6
7657	11
7658	3
7659	0
7660	1
7661	2
7662	3
7663	7
7664	75
7665	73
7666	116
7667	124
7668	147
7669	119
7670	125
7671	161
7672	164
7673	155
7674	110
7675	113
7676	56
7677	17
7678	13
7679	5
7680	4
7681	11
7682	5
7683	1
7684	3
7685	1
7686	4
7687	4
7688	82
7689	68
7690	120
7691	135
7692	142
7693	134
7694	127
7695	150
7696	144
7697	121
7698	122
7699	101
7700	86
7701	22
7702	10
7703	5
7704	4
7705	13
7706	8
7707	2
7708	4
7709	4
7710	1
7711	4
7712	97
7713	84
7714	101
7715	165
7716	155
7717	141
7718	120
7719	146
7720	131
7721	118
7722	114
7723	137
7724	80
7725	15
7726	11
7727	15
7728	6
7729	11
7730	3
7731	5
7732	0
7733	2
7734	11
7735	7
7736	75
7737	74
7738	122
7739	163
7740	192
7741	156
7742	134
7743	128
7744	155
7745	132
7746	121
7747	113
7748	53
7749	13
7750	8
7751	8
7752	6
7753	9
7754	5
7755	2
7756	9
7757	7
7758	2
7759	7
7760	68
7761	55
7762	94
7763	124
7764	127
7765	112
7766	108
7767	122
7768	123
7769	134
7770	117
7771	99
7772	56
7773	17
7774	9
7775	6
7776	14
7777	23
7778	3
7779	6
7780	5
7781	5
7782	5
7783	4
7784	66
7785	56
7786	83
7787	110
7788	104
7789	89
7790	104
7791	83
7792	103
7793	96
7794	96
7795	33
7796	6
7797	8
7798	10
7799	8
7800	13
7801	10
7802	1
7803	0
7804	2
7805	0
7806	2
7807	10
7808	81
7809	77
7810	129
7811	144
7812	161
7813	122
7814	121
7815	146
7816	155
7817	131
7818	104
7819	144
7820	75
7821	17
7822	8
7823	9
7824	4
7825	9
7826	1
7827	2
7828	2
7829	0
7830	2
7831	13
7832	82
7833	83
7834	141
7835	137
7836	159
7837	151
7838	152
7839	130
7840	149
7841	124
7842	118
7843	112
7844	74
7845	14
7846	12
7847	15
7848	9
7849	9
7850	3
7851	4
7852	2
7853	0
7854	4
7855	10
7856	67
7857	71
7858	131
7859	145
7860	179
7861	115
7862	128
7863	122
7864	108
7865	124
7866	110
7867	114
7868	69
7869	16
7870	10
7871	11
7872	5
7873	13
7874	3
7875	7
7876	2
7877	3
7878	3
7879	7
7880	75
7881	67
7882	116
7883	137
7884	147
7885	115
7886	128
7887	161
7888	125
7889	125
7890	111
7891	110
7892	63
7893	13
7894	8
7895	7
7896	8
7897	11
7898	2
7899	1
7900	6
7901	3
7902	2
7903	6
7904	81
7905	94
7906	126
7907	168
7908	147
7909	150
7910	121
7911	135
7912	150
7913	98
7914	101
7915	139
7916	64
7917	14
7918	16
7919	15
7920	10
7921	15
7922	7
7923	5
7924	7
7925	5
7926	7
7927	3
7928	57
7929	81
7930	112
7931	120
7932	117
7933	123
7934	107
7935	107
7936	121
7937	143
7938	136
7939	111
7940	69
7941	13
7942	4
7943	13
7944	9
7945	28
7946	7
7947	9
7948	6
7949	1
7950	4
7951	2
7952	74
7953	53
7954	81
7955	103
7956	94
7957	79
7958	96
7959	85
7960	90
7961	99
7962	97
7963	36
7964	10
7965	17
7966	14
7967	14
7968	8
7969	10
7970	2
7971	2
7972	3
7973	1
7974	4
7975	6
7976	82
7977	74
7978	140
7979	150
7980	129
7981	138
7982	115
7983	129
7984	133
7985	112
7986	109
7987	131
7988	48
7989	21
7990	10
7991	9
7992	3
7993	7
7994	6
7995	0
7996	2
7997	0
7998	1
7999	9
8000	75
8001	91
8002	144
8003	177
8004	182
8005	146
8006	133
8007	126
8008	146
8009	152
8010	129
8011	111
8012	59
8013	23
8014	18
8015	12
8016	6
8017	10
8018	4
8019	3
8020	3
8021	0
8022	2
8023	5
8024	82
8025	70
8026	127
8027	121
8028	136
8029	122
8030	119
8031	140
8032	131
8033	131
8034	96
8035	125
8036	64
8037	17
8038	10
8039	16
8040	8
8041	8
8042	2
8043	3
8044	2
8045	3
8046	2
8047	10
8048	81
8049	87
8050	93
8051	144
8052	107
8053	118
8054	117
8055	131
8056	137
8057	121
8058	97
8059	116
8060	67
8061	15
8062	10
8063	6
8064	7
8065	11
8066	3
8067	4
8068	2
8069	3
8070	5
8071	9
8072	82
8073	77
8074	85
8075	166
8076	162
8077	119
8078	147
8079	142
8080	132
8081	114
8082	99
8083	99
8084	66
8085	15
8086	9
8087	15
8088	7
8089	18
8090	4
8091	9
8092	8
8093	10
8094	3
8095	6
8096	63
8097	73
8098	133
8099	125
8100	135
8101	119
8102	114
8103	111
8104	106
8105	146
8106	125
8107	90
8108	64
8109	10
8110	10
8111	4
8112	7
8113	15
8114	11
8115	6
8116	6
8117	6
8118	1
8119	4
8120	51
8121	45
8122	79
8123	110
8124	78
8125	83
8126	85
8127	97
8128	83
8129	109
8130	105
8131	50
8132	14
8133	13
8134	6
8135	5
8136	4
8137	12
8138	4
8139	2
8140	1
8141	0
8142	2
8143	8
8144	64
8145	97
8146	122
8147	147
8148	140
8149	133
8150	132
8151	143
8152	163
8153	146
8154	116
8155	131
8156	74
8157	20
8158	9
8159	8
8160	8
8161	12
8162	3
8163	2
8164	1
8165	1
8166	2
8167	6
8168	81
8169	69
8170	114
8171	130
8172	126
8173	111
8174	133
8175	137
8176	168
8177	134
8178	112
8179	139
8180	71
8181	22
8182	13
8183	13
8184	3
8185	12
8186	3
8187	1
8188	2
8189	1
8190	2
8191	7
8192	78
8193	70
8194	121
8195	136
8196	134
8197	116
8198	107
8199	143
8200	143
8201	118
8202	114
8203	122
8204	72
8205	26
8206	14
8207	4
8208	5
8209	13
8210	1
8211	2
8212	3
8213	2
8214	4
8215	10
8216	73
8217	122
8218	121
8219	159
8220	115
8221	135
8222	119
8223	142
8224	138
8225	113
8226	103
8227	119
8228	68
8229	21
8230	8
8231	10
8232	10
8233	11
8234	3
8235	5
8236	7
8237	4
8238	8
8239	9
8240	69
8241	101
8242	126
8243	150
8244	130
8245	132
8246	110
8247	157
8248	135
8249	142
8250	123
8251	122
8252	60
8253	13
8254	10
8255	7
8256	5
8257	13
8258	4
8259	4
8260	5
8261	3
8262	9
8263	4
8264	79
8265	101
8266	115
8267	159
8268	150
8269	142
8270	137
8271	122
8272	134
8273	124
8274	148
8275	103
8276	59
8277	16
8278	4
8279	15
8280	13
8281	20
8282	15
8283	8
8284	8
8285	3
8286	9
8287	9
8288	57
8289	77
8290	78
8291	117
8292	118
8293	87
8294	96
8295	95
8296	97
8297	103
8298	92
8299	44
8300	9
8301	7
8302	9
8303	8
8304	7
8305	8
8306	4
8307	2
8308	1
8309	1
8310	7
8311	8
8312	72
8313	89
8314	148
8315	147
8316	143
8317	136
8318	108
8319	127
8320	121
8321	125
8322	104
8323	94
8324	71
8325	18
8326	6
8327	14
8328	4
8329	11
8330	3
8331	4
8332	2
8333	1
8334	3
8335	7
8336	95
8337	81
8338	102
8339	137
8340	145
8341	130
8342	123
8343	147
8344	145
8345	126
8346	101
8347	109
8348	76
8349	15
8350	4
8351	15
8352	9
8353	11
8354	1
8355	3
8356	2
8357	2
8358	2
8359	2
8360	95
8361	83
8362	120
8363	158
8364	150
8365	129
8366	111
8367	133
8368	141
8369	126
8370	99
8371	107
8372	54
8373	13
8374	8
8375	11
8376	6
8377	10
8378	3
8379	2
8380	8
8381	0
8382	6
8383	10
8384	67
8385	62
8386	104
8387	146
8388	130
8389	133
8390	124
8391	112
8392	138
8393	108
8394	90
8395	95
8396	54
8397	14
8398	6
8399	6
8400	8
8401	18
8402	6
8403	4
8404	2
8405	2
8406	5
8407	10
8408	74
8409	64
8410	119
8411	134
8412	155
8413	156
8414	152
8415	144
8416	136
8417	118
8418	109
8419	109
8420	59
8421	16
8422	12
8423	9
8424	11
8425	18
8426	7
8427	3
8428	6
8429	3
8430	9
8431	5
8432	73
8433	67
8434	104
8435	127
8436	133
8437	147
8438	136
8439	100
8440	132
8441	123
8442	141
8443	112
8444	70
8445	9
8446	4
8447	8
8448	15
8449	15
8450	5
8451	1
8452	6
8453	3
8454	6
8455	4
8456	69
8457	61
8458	89
8459	87
8460	81
8461	99
8462	93
8463	97
8464	99
8465	99
8466	101
8467	38
8468	8
8469	12
8470	13
8471	14
8472	6
8473	9
8474	4
8475	1
8476	3
8477	1
8478	7
8479	7
8480	84
8481	69
8482	120
8483	145
8484	143
8485	149
8486	130
8487	143
8488	126
8489	121
8490	94
8491	100
8492	58
8493	18
8494	9
8495	6
8496	12
8497	14
8498	7
8499	2
8500	1
8501	0
8502	2
8503	3
8504	90
8505	84
8506	143
8507	159
8508	154
8509	138
8510	117
8511	162
8512	135
8513	144
8514	107
8515	130
8516	44
8517	28
8518	9
8519	15
8520	15
8521	12
8522	4
8523	3
8524	3
8525	2
8526	5
8527	8
8528	64
8529	72
8530	135
8531	147
8532	147
8533	156
8534	155
8535	126
8536	140
8537	116
8538	118
8539	144
8540	46
8541	25
8542	5
8543	10
8544	8
8545	9
8546	6
8547	5
8548	2
8549	3
8550	2
8551	5
8552	80
8553	78
8554	123
8555	152
8556	150
8557	111
8558	113
8559	139
8560	131
8561	128
8562	115
8563	106
8564	49
8565	15
8566	7
8567	10
8568	9
8569	12
8570	6
8571	10
8572	10
8573	4
8574	4
8575	8
8576	66
8577	92
8578	147
8579	147
8580	151
8581	133
8582	135
8583	155
8584	132
8585	126
8586	113
8587	123
8588	68
8589	25
8590	4
8591	10
8592	10
8593	23
8594	12
8595	10
8596	8
8597	3
8598	2
8599	2
8600	75
8601	79
8602	98
8603	128
8604	138
8605	143
8606	130
8607	133
8608	119
8609	131
8610	143
8611	120
8612	77
8613	22
8614	11
8615	9
8616	7
8617	12
8618	11
8619	7
8620	8
8621	4
8622	6
8623	5
8624	41
8625	47
8626	59
8627	64
8628	77
8629	77
8630	67
8631	73
8632	101
8633	80
8634	78
8635	34
8636	8
8637	7
8638	9
8639	7
8640	5
8641	11
8642	3
8643	3
8644	2
8645	8
8646	6
8647	3
8648	99
8649	53
8650	54
8651	60
8652	41
8653	45
8654	50
8655	52
8656	61
8657	45
8658	62
8659	65
8660	52
8661	19
8662	8
8663	10
8664	11
8665	19
8666	7
8667	6
8668	6
8669	3
8670	1
8671	3
8672	53
8673	76
8674	130
8675	76
8676	78
8677	52
8678	71
8679	75
8680	74
8681	60
8682	78
8683	88
8684	64
8685	14
8686	9
8687	4
8688	2
8689	9
8690	4
8691	3
8692	2
8693	3
8694	3
8695	3
8696	55
8697	68
8698	103
8699	129
8700	145
8701	96
8702	96
8703	119
8704	114
8705	110
8706	129
8707	119
8708	62
8709	23
8710	6
8711	9
8712	7
8713	13
8714	6
8715	5
8716	0
8717	1
8718	3
8719	5
8720	53
8721	58
8722	103
8723	140
8724	113
8725	117
8726	107
8727	121
8728	115
8729	137
8730	121
8731	113
8732	77
8733	34
8734	8
8735	7
8736	11
8737	9
8738	8
8739	3
8740	1
8741	0
8742	2
8743	7
8744	65
8745	90
8746	134
8747	154
8748	168
8749	122
8750	132
8751	150
8752	136
8753	117
8754	122
8755	140
8756	52
8757	25
8758	6
8759	15
8760	5
8761	12
8762	4
8763	10
8764	8
8765	4
8766	1
8767	3
8768	65
8769	54
8770	96
8771	129
8772	117
8773	144
8774	137
8775	126
8776	124
8777	139
8778	111
8779	109
8780	57
8781	13
8782	9
8783	4
8784	5
