1	24.43
2	20.98
3	15.73
4	12.86
5	11.85
6	11.85
7	11.85
8	12.1
9	14.1
10	18.46
11	21.76
12	27.97
13	28.8
14	29.95
15	30.73
16	31.77
17	31.6
18	35.74
19	37.89
20	30.04
21	30.07
22	28.4
23	27.25
24	26.69
25	23.85
26	20.56
27	18.96
28	15.74
29	15.67
30	15.75
31	15.92
32	18.33
33	22.94
34	28.31
35	30.04
36	36.35
37	40.23
38	39.2
39	38.89
40	38.93
41	50.68
42	49.13
43	43.34
44	39.16
45	39.85
46	35.88
47	31.82
48	30.69
49	28.23
50	27.87
51	23.38
52	21.13
53	20.73
54	22.81
55	26.51
56	28.16
57	31.91
58	37.4
59	39.27
60	44.54
61	47.25
62	47.43
63	46.16
64	47.63
65	43.74
66	35.33
67	31.41
68	29.24
69	31.78
70	27.27
71	29.85
72	28.15
73	24.39
74	19.21
75	16.22
76	15.56
77	16.15
78	17.17
79	19.75
80	21.7
81	24.35
82	25.05
83	24.98
84	25.4
85	29.06
86	25.37
87	27.22
88	25.6
89	25.97
90	24.01
91	23.19
92	22.46
93	22.39
94	21.53
95	20.2
96	20.3
97	20.62
98	17.03
99	15.28
100	14.85
101	14.85
102	17.47
103	18.6
104	20.93
105	23.11
106	25.49
107	27.01
108	27.56
109	25.76
110	24.72
111	25.86
112	27
113	25.97
114	23.16
115	21.46
116	21.28
117	21.27
118	20.55
119	19.47
120	19.31
121	17.7
122	15.56
123	14.25
124	12.81
125	12.98
126	9.98
127	16.65
128	20.42
129	22.48
130	25.13
131	25.42
132	25.19
133	27.28
134	27.43
135	27.86
136	27.04
137	26.98
138	26.12
139	23.32
140	22.82
141	23.05
142	23.13
143	22.55
144	24.5
145	22.12
146	18.34
147	14.72
148	12.87
149	13.02
150	14.49
151	15.1
152	16.96
153	19.51
154	21.45
155	22.79
156	23.46
157	23.29
158	21.09
159	21.12
160	21.5
161	22.22
162	22.38
163	21.03
164	22.25
165	23.68
166	23.38
167	22.3
168	21.14
169	21.74
170	17.55
171	15.27
172	13
173	13.03
174	11.65
175	11.47
176	14.94
177	15.72
178	16.8
179	17.75
180	17.59
181	18.79
182	19.3
183	17.95
184	18.8
185	20.75
186	21.18
187	20.56
188	18.81
189	19.52
190	17.67
191	15.66
192	13.45
193	13.77
194	12.46
195	11.3
196	9.11
197	10.32
198	14.83
199	20.29
200	21.44
201	23.42
202	24.86
203	25.64
204	25.26
205	23.93
206	21.91
207	21.32
208	19.87
209	20.24
210	22.22
211	21.07
212	20.81
213	20.76
214	20.84
215	18.34
216	19.57
217	16.69
218	14.23
219	14.19
220	11.57
221	13.04
222	15.71
223	19.59
224	22.98
225	23.71
226	24.15
227	25.53
228	25.57
229	24.17
230	23.15
231	20.81
232	22.75
233	23.6
234	22.12
235	20.88
236	20.81
237	22.31
238	17.97
239	14.23
240	16.34
241	13.79
242	12.54
243	11.36
244	9.16
245	7.76
246	11.67
247	17.88
248	20.88
249	19.79
250	22.24
251	22.31
252	21.61
253	19.03
254	20.49
255	22.1
256	21.57
257	21.77
258	22.18
259	21.48
260	19.14
261	22.08
262	20.06
263	17.8
264	16.44
265	13.04
266	14.36
267	14.05
268	13.17
269	14.13
270	15.65
271	21.37
272	24.48
273	21.8
274	22.53
275	19.1
276	22.51
277	23.1
278	23.37
279	21.52
280	22.65
281	25.66
282	22.09
283	22.42
284	23.96
285	26.28
286	22.37
287	18.99
288	18.45
289	19.19
290	16.04
291	15.36
292	14.95
293	14.92
294	16.9
295	22.89
296	26.94
297	27.36
298	25.9
299	25.01
300	25.87
301	26.38
302	25.43
303	23.88
304	24.33
305	25.46
306	23.25
307	21.51
308	20.8
309	21.92
310	18.67
311	18.28
312	19.58
313	18.08
314	14.86
315	13.11
316	11.85
317	11.57
318	13.98
319	14.85
320	15.74
321	20.1
322	20.98
323	20.24
324	20.52
325	20.03
326	18.73
327	19.06
328	18.34
329	17.83
330	18.28
331	17.3
332	16.04
333	17.05
334	15.75
335	14.85
336	14.85
337	15.4
338	15.1
339	13
340	12.4
341	11.99
342	12.71
343	12.95
344	14.46
345	15.47
346	17.1
347	15.35
348	18.26
349	18.11
350	16.89
351	16.01
352	18.34
353	18.79
354	22.15
355	21.41
356	21.08
357	21.12
358	17.96
359	16.17
360	15.59
361	16.03
362	15.71
363	14.83
364	14.64
365	14.7
366	16.42
367	21.21
368	21.25
369	25.85
370	26.15
371	26.54
372	26.96
373	27.23
374	28.94
375	29.44
376	32.66
377	33.34
378	30.74
379	30.17
380	31.91
381	28.86
382	27.11
383	24.07
384	21.61
385	17.45
386	16.93
387	13.38
388	11.24
389	11.89
390	15.56
391	20.63
392	26.51
393	27.37
394	29.26
395	31.03
396	33.56
397	30.31
398	34.6
399	36.85
400	38.59
401	35.89
402	35.29
403	30.13
404	30.14
405	34.02
406	34.84
407	29.32
408	28.33
409	17.73
410	18.87
411	15.02
412	14.85
413	15.43
414	20.59
415	28.46
416	30.23
417	32
418	34.05
419	32.87
420	32.3
421	31.4
422	35.88
423	33.86
424	38.16
425	31.97
426	30.32
427	27.43
428	26.31
429	26.11
430	23.91
431	18.17
432	21.71
433	16.24
434	12.7
435	11.92
436	11.94
437	6.88
438	11.52
439	22.67
440	25.85
441	24.65
442	28.16
443	29.68
444	29.63
445	28.91
446	32.61
447	34.05
448	31.49
449	31.38
450	29.97
451	28.37
452	27.41
453	27.17
454	25.38
455	23.62
456	21.58
457	21.91
458	16.13
459	13.84
460	11.21
461	13.9
462	18.88
463	26.24
464	29.76
465	31.77
466	33.45
467	32.35
468	31.06
469	30.17
470	31.75
471	33.12
472	32.48
473	33.03
474	29.9
475	29.4
476	28.03
477	27.22
478	24.66
479	22.97
480	21.58
481	19.65
482	15.85
483	13.2
484	10.24
485	9.69
486	10.44
487	13.17
488	14.85
489	18.68
490	23.98
491	24.22
492	25.04
493	25.81
494	26.84
495	28.98
496	28.39
497	27.26
498	28.21
499	27.95
500	26.16
501	26.66
502	24.05
503	22.49
504	21.49
505	20.73
506	15.29
507	14.54
508	9.99
509	9.8
510	9.89
511	10.27
512	14.33
513	-46.77
514	24.22
515	27.85
516	29.63
517	31.69
518	35.97
519	34.13
520	32.57
521	39.35
522	37.01
523	36.13
524	32.55
525	33.49
526	28.92
527	27.02
528	23.94
529	23.48
530	20.7
531	15.2
532	12.22
533	12.39
534	16.72
535	26.25
536	31.11
537	34.79
538	37.42
539	39.45
540	44.67
541	35.95
542	34.97
543	37.81
544	38.85
545	43.48
546	34.49
547	32.98
548	32.67
549	30.64
550	30.27
551	29.15
552	33.21
553	32.42
554	29.19
555	27.09
556	25.54
557	27.54
558	34.94
559	41.92
560	33
561	33.15
562	34.6
563	35.65
564	37.44
565	34.63
566	38.88
567	36.66
568	73.37
569	39.37
570	38.23
571	37.84
572	35.98
573	30.87
574	31.21
575	28.26
576	25.82
577	20.53
578	15.1
579	12.83
580	13.24
581	14.32
582	16.99
583	26.68
584	31.65
585	32.39
586	33.42
587	33.18
588	33.7
589	33.25
590	33.79
591	29.85
592	31.64
593	31.39
594	29.19
595	28.61
596	27.37
597	26.92
598	24.02
599	18.61
600	16.2
601	12.1
602	11.44
603	10.62
604	9.83
605	9.73
606	9.89
607	11.08
608	13.62
609	18.35
610	20.87
611	23.59
612	24.3
613	25.24
614	24.67
615	25.97
616	26.54
617	26.55
618	25.93
619	25.63
620	24.42
621	23.66
622	22.07
623	20.25
624	18.78
625	16.12
626	11.82
627	10.48
628	9.91
629	10.87
630	13.44
631	17.25
632	22.9
633	29.67
634	30.93
635	30.13
636	33.41
637	31.81
638	32.67
639	34.41
640	36.59
641	37.1
642	33.89
643	31.86
644	31.02
645	29.16
646	28.18
647	25.79
648	26.4
649	21.97
650	19.08
651	13.79
652	11.62
653	10.41
654	15.34
655	15.51
656	21.49
657	29.3
658	33.96
659	33.84
660	35.04
661	36.35
662	37.27
663	40.86
664	37.94
665	41.01
666	38.63
667	33.86
668	30.55
669	30.84
670	30.23
671	26.82
672	24.81
673	21.05
674	14.79
675	16.27
676	12.21
677	12.12
678	12.11
679	11.32
680	12.75
681	21.18
682	26.08
683	33.67
684	40.83
685	37.94
686	40.94
687	48.24
688	40.61
689	36.42
690	35.7
691	41.77
692	42.34
693	36.39
694	33.32
695	30.27
696	28.07
697	23.62
698	20.15
699	15.15
700	14.48
701	13.67
702	23.4
703	31.94
704	37.11
705	40.61
706	47.38
707	47.73
708	49.95
709	44.54
710	46.45
711	40.7
712	41.36
713	52.12
714	33.31
715	29.07
716	29.26
717	27.12
718	24.31
719	22.99
720	22.89
721	21.76
722	20.04
723	16.76
724	11.76
725	12.89
726	20.33
727	28.72
728	32.8
729	28.96
730	28.35
731	31.16
732	33.76
733	32.31
734	36.54
735	31.6
736	27.94
737	26.09
738	25.12
739	25.56
740	24.32
741	24.05
742	22.1
743	20.93
744	21.1
745	20.16
746	14.53
747	12.09
748	10.26
749	9.99
750	15.2
751	27.66
752	28.51
753	28.07
754	30.59
755	28.98
756	29.61
757	29.55
758	29.69
759	29.27
760	29.45
761	28.66
762	26.55
763	25.95
764	26.29
765	26.73
766	24.79
767	22.54
768	21.66
769	21.09
770	18.23
771	12.54
772	11.05
773	8.5
774	12.5
775	25.43
776	31.11
777	28.81
778	30.91
779	30.78
780	29.74
781	30.19
782	30.36
783	33.48
784	33.89
785	35.73
786	29.83
787	26.9
788	26.3
789	25.62
790	22.81
791	21.38
792	21.66
793	20.98
794	16.95
795	15.18
796	13.48
797	13.79
798	19.81
799	28.57
800	30.65
801	28.24
802	31
803	31.36
804	30.88
805	32.35
806	32.06
807	29.96
808	30.65
809	30.28
810	30.37
811	28.57
812	27.47
813	27.65
814	24.98
815	21.71
816	21.31
817	21.59
818	21.04
819	13.69
820	13.54
821	14.6
822	12.14
823	15.76
824	22.69
825	24.49
826	24.79
827	26.64
828	28.16
829	28.97
830	30.05
831	28.75
832	30.62
833	33.71
834	36.38
835	32.73
836	32.31
837	34.01
838	30.62
839	27.72
840	26.16
841	24.07
842	21.72
843	18.54
844	16.81
845	15.74
846	15.15
847	17.36
848	21.11
849	23.23
850	25.13
851	25.16
852	26.23
853	27.06
854	27.19
855	29.31
856	23.81
857	23.59
858	23.91
859	22.27
860	21.39
861	23.02
862	21.95
863	20.49
864	20.53
865	20.85
866	16.04
867	15.91
868	15.56
869	16.09
870	21.27
871	30.69
872	30.71
873	31.64
874	34.08
875	32.06
876	31.38
877	29.18
878	28.63
879	28.05
880	27.91
881	31.03
882	25.9
883	25.79
884	25.82
885	26.55
886	24.87
887	22.35
888	24.07
889	24.28
890	21.96
891	21.43
892	20.68
893	21.26
894	26.83
895	30.89
896	32.96
897	32.83
898	31.72
899	31.38
900	30.77
901	31.54
902	30.13
903	27.76
904	27.5
905	28.32
906	26.77
907	25.02
908	24.21
909	25.73
910	24.53
911	23.63
912	23.42
913	24.07
914	21.49
915	17.05
916	15.4
917	15.54
918	20.12
919	23.85
920	29.42
921	27.76
922	27.33
923	29.52
924	28.62
925	26.7
926	28.07
927	28.74
928	27.57
929	26.95
930	25.82
931	24.16
932	24.27
933	24.84
934	22.16
935	24.15
936	23.02
937	22.75
938	21.07
939	17.32
940	15.8
941	18.07
942	22.43
943	23.58
944	29.72
945	28.72
946	29.1
947	29.21
948	27.86
949	29.19
950	29.8
951	31.2
952	29.36
953	26.78
954	26.98
955	25.47
956	24.98
957	25.39
958	24.14
959	24.11
960	23.44
961	24.28
962	21.44
963	18.08
964	12.97
965	12.98
966	20.71
967	25.65
968	26.53
969	27.95
970	27.81
971	26.95
972	27.49
973	27.93
974	30.47
975	27.67
976	26.7
977	26.43
978	23.73
979	22.89
980	22.76
981	23.86
982	22.17
983	21.1
984	22.17
985	22.58
986	21.16
987	16.08
988	14.97
989	14.97
990	14.69
991	14.33
992	22.78
993	24.89
994	24.79
995	25.47
996	25.4
997	24.33
998	22.55
999	21.66
1000	21.27
1001	21.05
1002	22.83
1003	23.07
1004	23.69
1005	23.99
1006	22.71
1007	20.9
1008	21.35
1009	20.5
1010	16.05
1011	14.66
1012	13.73
1013	11.37
1014	10.89
1015	6.26
1016	10.02
1017	13.23
1018	20.19
1019	21.27
1020	21.34
1021	21.21
1022	21.15
1023	20.44
1024	21.5
1025	22.94
1026	22.83
1027	21.76
1028	21.89
1029	22.55
1030	21.82
1031	19.94
1032	21.15
1033	19.91
1034	18.2
1035	15.35
1036	13.4
1037	14.83
1038	20.49
1039	25.63
1040	29.05
1041	27.58
1042	29.63
1043	31.04
1044	31.5
1045	30.53
1046	31
1047	30.06
1048	31.16
1049	29.21
1050	28.17
1051	26.64
1052	26.58
1053	25.83
1054	24.34
1055	22.31
1056	22.64
1057	21.99
1058	19.66
1059	12.81
1060	13.94
1061	14.86
1062	19.58
1063	23.63
1064	27.38
1065	28.16
1066	30.84
1067	31.63
1068	32.78
1069	31.64
1070	33.97
1071	32.67
1072	33.66
1073	36.43
1074	30.67
1075	29.29
1076	28.65
1077	28.6
1078	26.62
1079	26.32
1080	24.69
1081	23.39
1082	18.37
1083	14.94
1084	11.69
1085	15.37
1086	19.88
1087	23.67
1088	25.98
1089	27.12
1090	29.56
1091	30.4
1092	30.79
1093	31.91
1094	35.87
1095	37.78
1096	34.74
1097	37
1098	34.56
1099	30.56
1100	30.27
1101	31.98
1102	28.77
1103	26.74
1104	25.77
1105	22.21
1106	22.18
1107	18.04
1108	16.32
1109	16.9
1110	24.64
1111	28.77
1112	31.01
1113	31.19
1114	35.34
1115	31.46
1116	33.56
1117	34.78
1118	35.88
1119	33.38
1120	30.96
1121	30.4
1122	33.22
1123	27.19
1124	26.88
1125	27.3
1126	24.7
1127	21.59
1128	21.33
1129	19.72
1130	18.8
1131	14.23
1132	11.95
1133	14.14
1134	20.38
1135	24.85
1136	27.25
1137	27.78
1138	28.27
1139	31.05
1140	29.93
1141	28.82
1142	31.82
1143	28.63
1144	27.43
1145	29.77
1146	27.26
1147	25.83
1148	27.71
1149	29.45
1150	24.86
1151	25.7
1152	24.61
1153	22.05
1154	18.44
1155	19.34
1156	16.71
1157	16.93
1158	18.25
1159	14.81
1160	25.06
1161	29.05
1162	29.26
1163	25.59
1164	33.1
1165	32.73
1166	33.3
1167	33.18
1168	33.14
1169	34.31
1170	34.09
1171	33.1
1172	32.29
1173	31.86
1174	26.9
1175	27.08
1176	25.64
1177	26.21
1178	25.34
1179	22.01
1180	16.79
1181	16.3
1182	14.9
1183	13.33
1184	21.63
1185	21
1186	24.49
1187	28.67
1188	27.58
1189	12.35
1190	25.1
1191	29.97
1192	31.57
1193	30.38
1194	31.04
1195	30.03
1196	30.12
1197	30.27
1198	27.77
1199	23.58
1200	22.3
1201	23.79
1202	21.99
1203	19.44
1204	16.41
1205	18.48
1206	26.71
1207	29.81
1208	29.51
1209	31.47
1210	34.6
1211	34.34
1212	34.18
1213	32.88
1214	37.72
1215	39.29
1216	37.32
1217	37.84
1218	31.84
1219	26.49
1220	27.29
1221	29.34
1222	22.49
1223	21.24
1224	20.09
1225	18.35
1226	12.6
1227	11.93
1228	11.17
1229	12
1230	19.82
1231	28.38
1232	31.67
1233	27.17
1234	30.96
1235	31.3
1236	30.17
1237	28.61
1238	31.69
1239	28.63
1240	27.66
1241	29.26
1242	27.9
1243	26.85
1244	29.11
1245	28.86
1246	22.32
1247	20.55
1248	17.34
1249	14.93
1250	13.22
1251	11.6
1252	12.06
1253	12.43
1254	11.04
1255	16.64
1256	23.05
1257	30.26
1258	22.02
1259	24.64
1260	31.01
1261	32.86
1262	34.4
1263	37.29
1264	34.15
1265	37.77
1266	31.68
1267	29.04
1268	30.17
1269	29.35
1270	25.1
1271	24.98
1272	23.6
1273	23.1
1274	21.53
1275	16.45
1276	15.47
1277	16.26
1278	24.87
1279	30.94
1280	33.17
1281	30.78
1282	34.17
1283	34.15
1284	36.06
1285	34.47
1286	37.78
1287	39.09
1288	37.76
1289	39.17
1290	36.98
1291	35.07
1292	30.61
1293	30.41
1294	25.09
1295	22.39
1296	21.69
1297	21.07
1298	13.89
1299	13.79
1300	12.89
1301	13.43
1302	17.8
1303	26.02
1304	28.79
1305	30.17
1306	33.57
1307	35.66
1308	33.85
1309	35.12
1310	39.46
1311	38.5
1312	41.83
1313	51.67
1314	39.02
1315	35.05
1316	34.59
1317	35.53
1318	30.55
1319	26.33
1320	23.64
1321	21.48
1322	13.3
1323	12.08
1324	9.07
1325	8.09
1326	9.88
1327	8.86
1328	16.72
1329	24.83
1330	29.9
1331	32.55
1332	34.37
1333	39.31
1334	69.15
1335	126.51
1336	72.96
1337	47.32
1338	44.57
1339	39.32
1340	39.33
1341	41.68
1342	33.65
1343	27.75
1344	26.6
1345	24.64
1346	18.67
1347	16.21
1348	15.3
1349	15.45
1350	16.81
1351	16.98
1352	20.09
1353	22.05
1354	25.76
1355	28.25
1356	31.69
1357	32.06
1358	33.1
1359	34.95
1360	36.51
1361	36.02
1362	35.37
1363	34.8
1364	35.82
1365	31.41
1366	29.96
1367	26.51
1368	26.04
1369	24.45
1370	21.8
1371	17.38
1372	16.66
1373	18.45
1374	29.97
1375	33.17
1376	35.66
1377	35.31
1378	37.17
1379	36.96
1380	35.31
1381	35.26
1382	38.64
1383	36.75
1384	37.42
1385	36.95
1386	32.72
1387	30.81
1388	32.51
1389	31.06
1390	30.01
1391	25.19
1392	24.72
1393	23.03
1394	20.88
1395	17.21
1396	12.18
1397	15.52
1398	21.65
1399	28.67
1400	30.41
1401	30.94
1402	30.33
1403	29.19
1404	29.8
1405	29.33
1406	31.02
1407	33.44
1408	31.97
1409	32.33
1410	28.46
1411	26.12
1412	26.04
1413	26.4
1414	25.07
1415	25.46
1416	23.97
1417	22.6
1418	16.29
1419	12.45
1420	10.95
1421	11.01
1422	20.53
1423	26.26
1424	28.36
1425	27.44
1426	27.31
1427	27.28
1428	27.94
1429	27.67
1430	27.3
1431	26.8
1432	26.52
1433	27.76
1434	26.8
1435	25.42
1436	26.86
1437	27.13
1438	22.99
1439	22.04
1440	22.67
1441	23.11
1442	16.42
1443	11.69
1444	10.69
1445	12.25
1446	18.81
1447	25.97
1448	29.09
1449	29.5
1450	29.35
1451	28.68
1452	27.18
1453	26.8
1454	25.55
1455	24.56
1456	24.62
1457	24
1458	23.55
1459	22.99
1460	22.68
1461	23.21
1462	20.05
1463	17.46
1464	16
1465	15.44
1466	12.29
1467	9.76
1468	7.19
1469	10.98
1470	14.84
1471	23.3
1472	24.52
1473	19.9
1474	21.11
1475	19.46
1476	18.53
1477	16.73
1478	19.67
1479	18.75
1480	20.27
1481	18.36
1482	16.03
1483	19.4
1484	19.37
1485	17.98
1486	17.33
1487	17.46
1488	16.62
1489	18.87
1490	19.32
1491	15.38
1492	16.11
1493	15.17
1494	11.89
1495	17.63
1496	20.1
1497	22.46
1498	24.55
1499	24.72
1500	24.29
1501	22.18
1502	21.43
1503	19.41
1504	13.51
1505	22.12
1506	22.26
1507	19.19
1508	21.23
1509	19.08
1510	17.48
1511	16.65
1512	16.89
1513	15.16
1514	12.5
1515	7.87
1516	7.48
1517	6.72
1518	9.33
1519	11.05
1520	16.31
1521	14.81
1522	18.37
1523	12.41
1524	18.43
1525	18.78
1526	17.66
1527	19.12
1528	23.23
1529	25.04
1530	26.28
1531	26.78
1532	28.81
1533	27.37
1534	24.73
1535	22.14
1536	23.9
1537	25.5
1538	25.1
1539	14.64
1540	11.86
1541	14.63
1542	21.86
1543	24.91
1544	27.87
1545	27.17
1546	27.72
1547	26.75
1548	25.99
1549	25.86
1550	25.6
1551	25.13
1552	25.95
1553	25.28
1554	24.83
1555	24.5
1556	24.5
1557	24.5
1558	23.77
1559	23
1560	23.32
1561	20.46
1562	16.96
1563	12.72
1564	12.84
1565	15.04
1566	21.11
1567	26.37
1568	27.01
1569	24.85
1570	25.77
1571	22.68
1572	21.11
1573	20.08
1574	20.65
1575	20.19
1576	21.4
1577	23.16
1578	20.77
1579	20.26
1580	21.52
1581	20.12
1582	17.58
1583	17.21
1584	18.15
1585	16.67
1586	12.74
1587	6.55
1588	9.28
1589	9.78
1590	15.83
1591	11.7
1592	24.82
1593	18.38
1594	13.63
1595	17.71
1596	19.45
1597	17.75
1598	18.57
1599	22.83
1600	20.35
1601	23.4
1602	21.48
1603	21.09
1604	21.69
1605	21.34
1606	18.71
1607	15.75
1608	17.69
1609	14.83
1610	11.9
1611	8.32
1612	11.21
1613	10.97
1614	20.24
1615	24.8
1616	25.62
1617	24.5
1618	24.5
1619	24.57
1620	25.28
1621	25.31
1622	24.59
1623	26.7
1624	26.39
1625	27.41
1626	26.52
1627	25.25
1628	25.15
1629	23.42
1630	23.86
1631	22.14
1632	23.19
1633	21.6
1634	19.34
1635	13.33
1636	11.99
1637	15.44
1638	22.75
1639	26.37
1640	27.11
1641	27
1642	27.21
1643	25.62
1644	25.95
1645	24.58
1646	23.18
1647	23.21
1648	24.07
1649	25.11
1650	24.31
1651	25.72
1652	25.45
1653	25.56
1654	24.4
1655	22.37
1656	23.26
1657	22.22
1658	17.73
1659	14.31
1660	13.52
1661	13.2
1662	15.67
1663	19.71
1664	15.45
1665	24.82
1666	24.9
1667	23.59
1668	23.71
1669	22.35
1670	18.42
1671	22.5
1672	19.61
1673	16.94
1674	22.2
1675	23.51
1676	25.48
1677	24.64
1678	20.55
1679	21.73
1680	22.13
1681	18.45
1682	16.02
1683	13.5
1684	12.95
1685	11.96
1686	11.98
1687	11.93
1688	12.93
1689	16.51
1690	22.5
1691	20.09
1692	20.35
1693	15.66
1694	15.98
1695	21.09
1696	20.85
1697	21.75
1698	23.5
1699	21.57
1700	23.18
1701	23.21
1702	21.3
1703	21.58
1704	21.67
1705	19.04
1706	16.33
1707	14.68
1708	13.22
1709	11.43
1710	11.12
1711	12.91
1712	20.55
1713	26.83
1714	28.83
1715	27.69
1716	28.62
1717	27.85
1718	27.22
1719	28.17
1720	27.36
1721	28.79
1722	30.29
1723	28.6
1724	30.55
1725	29.49
1726	25.35
1727	23.63
1728	24.73
1729	25.7
1730	23.31
1731	21.62
1732	18.4
1733	20.01
1734	24.34
1735	27.65
1736	27.84
1737	25.38
1738	26.58
1739	27.07
1740	30.8
1741	30.54
1742	28.25
1743	28.48
1744	31.16
1745	31.81
1746	30.87
1747	28.22
1748	30.58
1749	28.27
1750	24.95
1751	21.47
1752	22.1
1753	17.39
1754	13.57
1755	11.64
1756	11.18
1757	11.86
1758	7.84
1759	20.9
1760	23.15
1761	23.46
1762	25.18
1763	25.73
1764	31.65
1765	32.82
1766	35.48
1767	39.01
1768	39.41
1769	34.96
1770	31.58
1771	27.69
1772	28.79
1773	26.14
1774	25.31
1775	25.83
1776	26.36
1777	22.96
1778	20.88
1779	21.63
1780	18.87
1781	21.18
1782	20.28
1783	32.25
1784	31.18
1785	29.24
1786	30.22
1787	28.03
1788	30.72
1789	31.98
1790	33.64
1791	31.63
1792	30.85
1793	30.43
1794	29.31
1795	30.74
1796	31.6
1797	28.13
1798	25.51
1799	25.14
1800	26.55
1801	26.45
1802	21.78
1803	19.23
1804	18.89
1805	20.82
1806	28.71
1807	31.57
1808	31.78
1809	30.96
1810	32.38
1811	31.88
1812	32.28
1813	30.46
1814	32.34
1815	33.81
1816	34.39
1817	36.42
1818	32.36
1819	32.64
1820	34.22
1821	33.18
1822	31.15
1823	32.27
1824	34.72
1825	35.15
1826	31.23
1827	29.2
1828	28.17
1829	27.25
1830	25.29
1831	23.97
1832	27.53
1833	30.31
1834	32.49
1835	31.2
1836	29.66
1837	28.04
1838	27.29
1839	26.85
1840	26.32
1841	26.23
1842	26.62
1843	28.07
1844	31.37
1845	28.43
1846	25.94
1847	25.71
1848	24.1
1849	23.06
1850	19.7
1851	16.46
1852	16.95
1853	16.91
1854	16.75
1855	13.07
1856	15.79
1857	19.98
1858	19.62
1859	23.35
1860	23.93
1861	24.1
1862	22.59
1863	21.04
1864	22.94
1865	23.96
1866	25.8
1867	25.69
1868	25.58
1869	23.04
1870	19.83
1871	19.74
1872	20.55
1873	14.95
1874	14.1
1875	12.76
1876	9.21
1877	12.31
1878	18.75
1879	16.75
1880	26.6
1881	25.2
1882	25.71
1883	26.87
1884	26.95
1885	28.93
1886	30.87
1887	30.26
1888	32.25
1889	34.66
1890	30.99
1891	29.8
1892	30.53
1893	26.05
1894	23.4
1895	12.88
1896	12.81
1897	10.45
1898	11.53
1899	9.39
1900	9.35
1901	11.49
1902	17.6
1903	18.78
1904	28.23
1905	26.79
1906	26.24
1907	26.43
1908	27.28
1909	29.06
1910	31.5
1911	30.27
1912	28.61
1913	33.61
1914	33.26
1915	31.75
1916	31.35
1917	26.23
1918	25.18
1919	25.12
1920	24.61
1921	24.46
1922	21.16
1923	16.5
1924	12.71
1925	14.71
1926	21.8
1927	27.71
1928	29
1929	26.92
1930	29.55
1931	26.71
1932	28.11
1933	28.58
1934	29.61
1935	28.92
1936	29.94
1937	31.39
1938	30.31
1939	32.92
1940	32.67
1941	31.05
1942	26.83
1943	26.88
1944	27.1
1945	27.09
1946	26.07
1947	23.47
1948	19.99
1949	22.28
1950	29.14
1951	27.96
1952	33.59
1953	30.2
1954	31.47
1955	28.99
1956	29.12
1957	28.73
1958	30.43
1959	29.28
1960	26.49
1961	26.72
1962	26.74
1963	27.75
1964	28.36
1965	25.7
1966	24.82
1967	20.85
1968	23.5
1969	17.41
1970	21.72
1971	14.74
1972	12.26
1973	14.82
1974	21.7
1975	18.66
1976	30.05
1977	28.46
1978	30.51
1979	29.01
1980	26.1
1981	25.86
1982	24.57
1983	25.67
1984	27.68
1985	23.39
1986	23.47
1987	26.63
1988	33.72
1989	29.28
1990	25.53
1991	23.53
1992	22.03
1993	21.38
1994	17.99
1995	19.5
1996	17.21
1997	17.54
1998	18.61
1999	13.85
2000	26.5
2001	27.56
2002	30.67
2003	26.87
2004	25.78
2005	24.68
2006	22.93
2007	20.75
2008	21.17
2009	21.95
2010	22.52
2011	25.18
2012	27.03
2013	26.55
2014	24.66
2015	23.76
2016	23.3
2017	22.15
2018	21.05
2019	16.57
2020	16.88
2021	17.24
2022	16.03
2023	15.68
2024	22.14
2025	23.07
2026	26.33
2027	24.36
2028	20.3
2029	20.85
2030	17.07
2031	15
2032	14.93
2033	19.71
2034	23.11
2035	25.28
2036	26.07
2037	25.09
2038	22.03
2039	22.31
2040	22.49
2041	21.9
2042	18.76
2043	16.07
2044	16.3
2045	19.28
2046	25.02
2047	28.55
2048	35.16
2049	33.58
2050	32.6
2051	32.49
2052	32.62
2053	31.92
2054	31.97
2055	31.08
2056	32.02
2057	33.07
2058	32.86
2059	33.8
2060	34.14
2061	28.86
2062	26.67
2063	25.67
2064	25.36
2065	25.52
2066	22.55
2067	20.26
2068	20.36
2069	22.64
2070	31.35
2071	31.97
2072	34.3
2073	32.67
2074	32.31
2075	32.14
2076	32.73
2077	33.01
2078	32.64
2079	32.32
2080	32.12
2081	31.73
2082	31.46
2083	31.31
2084	32.44
2085	30.75
2086	27.8
2087	26.82
2088	26.6
2089	26.11
2090	26.54
2091	22.82
2092	19.89
2093	22.92
2094	24.4
2095	29.23
2096	31.71
2097	30.96
2098	31.96
2099	32.41
2100	30.66
2101	30.29
2102	29.41
2103	28.9
2104	29.85
2105	30.13
2106	29.09
2107	29.65
2108	33.29
2109	30.99
2110	27.31
2111	26.86
2112	25.72
2113	24.59
2114	21.97
2115	16.57
2116	15.24
2117	19.08
2118	25.91
2119	32.74
2120	39.56
2121	33.27
2122	33.22
2123	33.26
2124	34.2
2125	33.31
2126	34.35
2127	37.25
2128	34.35
2129	34.61
2130	30.98
2131	31.95
2132	30.48
2133	27.21
2134	27.5
2135	26.07
2136	24.7
2137	21.96
2138	22.2
2139	18.04
2140	18.95
2141	18.13
2142	21.27
2143	25.22
2144	33.36
2145	32.32
2146	36.18
2147	32.54
2148	35.03
2149	31.46
2150	29.73
2151	29.2
2152	30.32
2153	30.34
2154	29.73
2155	30.78
2156	29.69
2157	27.44
2158	24.31
2159	21.74
2160	21.37
2161	19.97
2162	15.21
2163	13.27
2164	12.25
2165	8.43
2166	7.3
2167	8.74
2168	15.73
2169	21.59
2170	24.41
2171	24.39
2172	24.55
2173	24.68
2174	24.48
2175	24.33
2176	22.84
2177	24.25
2178	24.93
2179	26.6
2180	27.25
2181	24.9
2182	25.58
2183	24.42
2184	24.38
2185	24.11
2186	21.45
2187	16.8
2188	16.55
2189	19.45
2190	21.94
2191	10.51
2192	12.97
2193	23.17
2194	25.04
2195	25.77
2196	26.61
2197	26.13
2198	24.98
2199	24.58
2200	24.72
2201	24.98
2202	27.92
2203	34.71
2204	33.63
2205	28.72
2206	25.29
2207	25.35
2208	25.67
2209	25.62
2210	24.37
2211	23.9
2212	23.18
2213	21.84
2214	24.36
2215	22.54
2216	23.79
2217	29.44
2218	32.78
2219	36.62
2220	38.58
2221	41.03
2222	36.48
2223	38.82
2224	37
2225	35.11
2226	38.44
2227	35.53
2228	34.16
2229	30.97
2230	31
2231	32.77
2232	33.21
2233	30.43
2234	26.52
2235	24.74
2236	24.32
2237	24.33
2238	26.1
2239	30.29
2240	33.97
2241	39.63
2242	38.47
2243	38.14
2244	39.53
2245	40.84
2246	45.59
2247	47.11
2248	61.61
2249	43.14
2250	39.63
2251	36.66
2252	38.08
2253	33.86
2254	33.52
2255	31.15
2256	31.84
2257	32.19
2258	28.77
2259	29.59
2260	26.94
2261	26.49
2262	28.22
2263	29.93
2264	24.2
2265	33.19
2266	38.4
2267	41.56
2268	43.52
2269	40.3
2270	42.91
2271	43.47
2272	53.2
2273	40.86
2274	40.66
2275	47.6
2276	43.1
2277	38.4
2278	33.82
2279	35.49
2280	36.54
2281	32.48
2282	29.05
2283	28.57
2284	23.48
2285	21.29
2286	22.96
2287	29.48
2288	32.4
2289	39.27
2290	41.95
2291	44.45
2292	40.98
2293	42.96
2294	42.75
2295	50.13
2296	41.83
2297	43.85
2298	39.71
2299	39.99
2300	36.56
2301	32.72
2302	30.62
2303	27.35
2304	31.43
2305	29.8
2306	21.93
2307	21.64
2308	21.3
2309	21.75
2310	21.61
2311	21.17
2312	21.29
2313	20.77
2314	21.53
2315	22.88
2316	22.69
2317	24.29
2318	26.15
2319	23.52
2320	22.99
2321	24.93
2322	26.88
2323	37.16
2324	26.88
2325	24.81
2326	22.95
2327	21.63
2328	26.4
2329	26.28
2330	22
2331	20.4
2332	17.33
2333	16.45
2334	20.44
2335	21.24
2336	22.56
2337	25.27
2338	28.34
2339	28.67
2340	26.5
2341	25.09
2342	24.79
2343	24.67
2344	24.74
2345	26.56
2346	28.46
2347	31.75
2348	30.97
2349	26.71
2350	24.4
2351	24.43
2352	27.59
2353	25.84
2354	24.47
2355	23.71
2356	21.81
2357	20.66
2358	20.7
2359	21.14
2360	21.81
2361	23.04
2362	24.63
2363	24.91
2364	22.82
2365	22.02
2366	22.12
2367	20.88
2368	20.91
2369	21.56
2370	23.29
2371	25.33
2372	25.88
2373	23.77
2374	23.25
2375	22.77
2376	23.51
2377	23.39
2378	21.48
2379	20.01
2380	14.63
2381	16.67
2382	20.5
2383	20.59
2384	20.73
2385	22.92
2386	24.57
2387	24.82
2388	25.02
2389	24.99
2390	23.59
2391	22.18
2392	22.54
2393	23.61
2394	26.78
2395	32.98
2396	31.89
2397	29.68
2398	27.49
2399	23.58
2400	24.89
2401	26.97
2402	25.45
2403	23.51
2404	22.07
2405	21.24
2406	22.98
2407	26.77
2408	29.88
2409	32.05
2410	32.64
2411	31.88
2412	31.53
2413	31.43
2414	31.68
2415	31.8
2416	31.57
2417	31.11
2418	32.01
2419	38.53
2420	38.27
2421	33.56
2422	29.52
2423	27.84
2424	28.07
2425	28.32
2426	26.43
2427	24.88
2428	22.88
2429	21.72
2430	23.04
2431	26.22
2432	27.79
2433	31.32
2434	33.62
2435	32.08
2436	32.51
2437	33.02
2438	32.56
2439	32.45
2440	31.08
2441	30.59
2442	31.81
2443	34.6
2444	32.17
2445	30.07
2446	28.59
2447	28.23
2448	29.52
2449	28.28
2450	24
2451	25.16
2452	23.64
2453	22.38
2454	24.23
2455	23.41
2456	29.81
2457	32.05
2458	32.56
2459	31.31
2460	30.94
2461	31.33
2462	31.23
2463	30.92
2464	30.31
2465	31.91
2466	32.34
2467	37.12
2468	36.76
2469	32.18
2470	31.63
2471	30.53
2472	32.86
2473	31.33
2474	29.68
2475	22.99
2476	21.31
2477	21.31
2478	25.02
2479	26.67
2480	32.21
2481	39.64
2482	39.71
2483	35.57
2484	35.74
2485	34.37
2486	33.27
2487	33.12
2488	30.84
2489	35.21
2490	41.98
2491	48.72
2492	43.13
2493	38.16
2494	33.18
2495	35.89
2496	39.48
2497	38.14
2498	34.38
2499	29.32
2500	27.95
2501	23.77
2502	25.12
2503	24.67
2504	26.34
2505	28.75
2506	34.13
2507	35.28
2508	32.7
2509	30.8
2510	30.27
2511	29.28
2512	30.53
2513	31.08
2514	33.76
2515	48.62
2516	45.69
2517	37.35
2518	34.37
2519	34.24
2520	37.39
2521	32.45
2522	30.18
2523	27.54
2524	25.77
2525	26.99
2526	28.63
2527	25.89
2528	25.48
2529	27.44
2530	29.38
2531	32.34
2532	32.53
2533	33.01
2534	35.38
2535	30.91
2536	30.9
2537	31.33
2538	32.63
2539	44.58
2540	43.54
2541	32.5
2542	31.08
2543	33.66
2544	37.8
2545	37.7
2546	31.11
2547	31.56
2548	27.63
2549	24.5
2550	28.38
2551	34.1
2552	39.36
2553	39.35
2554	40.64
2555	40.39
2556	40.19
2557	38.2
2558	38.78
2559	36.74
2560	35.38
2561	35.46
2562	39.09
2563	47.82
2564	39.24
2565	33.89
2566	33.9
2567	36.48
2568	37.37
2569	35.15
2570	29.95
2571	28.31
2572	26.91
2573	24.71
2574	26.09
2575	28.46
2576	38.67
2577	36.79
2578	37.76
2579	39.9
2580	36.21
2581	39.52
2582	39.8
2583	40.26
2584	38.65
2585	39.08
2586	41.68
2587	43.1
2588	38.41
2589	41.47
2590	41.69
2591	43.85
2592	44.32
2593	36.33
2594	31.46
2595	28.56
2596	25.54
2597	24.12
2598	27.12
2599	32.9
2600	39.07
2601	39.96
2602	36.42
2603	37.38
2604	42
2605	42.11
2606	46.05
2607	43.51
2608	41.7
2609	51.87
2610	40.28
2611	45.08
2612	39.83
2613	36.1
2614	36.05
2615	40.38
2616	37.67
2617	34.63
2618	31.89
2619	27.95
2620	25.43
2621	28.47
2622	27.68
2623	28.75
2624	32.77
2625	33.33
2626	36.46
2627	39.16
2628	35.99
2629	39.82
2630	34.66
2631	36.58
2632	38.59
2633	34.39
2634	39.67
2635	44.62
2636	35.15
2637	37.88
2638	35.11
2639	37.9
2640	45.96
2641	37.01
2642	29.93
2643	26.11
2644	24.25
2645	24.22
2646	25.05
2647	29.1
2648	30.25
2649	37.67
2650	39.5
2651	39.63
2652	40.33
2653	48.18
2654	35.74
2655	45.79
2656	48.52
2657	43.76
2658	45.12
2659	50.79
2660	50.54
2661	65.42
2662	44.6
2663	54.69
2664	61.32
2665	49.56
2666	36.54
2667	31.7
2668	28.62
2669	27.5
2670	28.29
2671	29.16
2672	30.37
2673	33.43
2674	40.84
2675	38.23
2676	38.35
2677	36.98
2678	37.25
2679	36.03
2680	37.81
2681	34.96
2682	34.9
2683	42.69
2684	34.45
2685	32.66
2686	30.33
2687	34.39
2688	33.24
2689	28.15
2690	24.27
2691	22.85
2692	21.46
2693	21.16
2694	21.51
2695	21.65
2696	21.64
2697	22.76
2698	25.69
2699	27.39
2700	27.32
2701	26.81
2702	25.83
2703	27.54
2704	26.91
2705	29.34
2706	30.31
2707	39.94
2708	35.49
2709	31.19
2710	29.15
2711	28.87
2712	28.09
2713	25.49
2714	22.8
2715	22.6
2716	22.47
2717	22.11
2718	23.09
2719	27.89
2720	34.81
2721	42.92
2722	43.78
2723	41.89
2724	37.62
2725	37.62
2726	36.75
2727	40.34
2728	40.15
2729	34.15
2730	36.17
2731	51.76
2732	40.62
2733	37.27
2734	39.34
2735	40.15
2736	40.74
2737	37.93
2738	33.92
2739	27.83
2740	24.39
2741	26.09
2742	27.61
2743	36.02
2744	42.27
2745	45.35
2746	45.15
2747	43.13
2748	44.04
2749	43.07
2750	45.86
2751	40.47
2752	36.71
2753	34.61
2754	35.54
2755	41.9
2756	36.76
2757	35.22
2758	35.18
2759	42.63
2760	45.84
2761	38.89
2762	33.76
2763	29.55
2764	29.61
2765	24.24
2766	24.93
2767	25.51
2768	25.15
2769	28.66
2770	30.65
2771	30.62
2772	31.41
2773	32.14
2774	30.98
2775	30.21
2776	29.62
2777	29.83
2778	33.51
2779	58.3
2780	39.39
2781	34.32
2782	34.46
2783	33.81
2784	34.01
2785	32.86
2786	29.11
2787	25.65
2788	21.52
2789	23.97
2790	26.96
2791	28.08
2792	34.83
2793	36.08
2794	34.09
2795	34.58
2796	32.6
2797	32.89
2798	32.72
2799	32.22
2800	32.18
2801	32.6
2802	33.32
2803	41.94
2804	39.01
2805	36.52
2806	32.64
2807	31.54
2808	33.3
2809	33.35
2810	23.47
2811	26.7
2812	27.04
2813	25.27
2814	29.31
2815	31.36
2816	39.08
2817	42.4
2818	41.35
2819	39.9
2820	33.3
2821	34.29
2822	34.68
2823	35.46
2824	32.06
2825	32.11
2826	34.05
2827	43.99
2828	38.57
2829	34.7
2830	31.7
2831	32.13
2832	35.67
2833	34.37
2834	34.95
2835	31.65
2836	23.15
2837	27.25
2838	26.72
2839	27.29
2840	29.94
2841	36.72
2842	35.54
2843	32.52
2844	31.42
2845	32.61
2846	33.44
2847	30.54
2848	30.31
2849	30.4
2850	31.77
2851	39.02
2852	31.27
2853	31.29
2854	31.07
2855	30.96
2856	31.36
2857	30.11
2858	27.29
2859	26.93
2860	23.12
2861	22.23
2862	22.21
2863	22.54
2864	24.86
2865	27.36
2866	31.02
2867	31.66
2868	31.89
2869	32.12
2870	30.93
2871	30.54
2872	30.42
2873	30.6
2874	34.3
2875	55.53
2876	35.94
2877	32.15
2878	31.39
2879	29.35
2880	28.66
2881	28.29
2882	29.81
2883	26.84
2884	23.5
2885	22.76
2886	25.46
2887	31.3
2888	35.65
2889	41.46
2890	40.85
2891	39.78
2892	36.85
2893	36.37
2894	35.67
2895	35.55
2896	35.07
2897	34.86
2898	36.38
2899	58.76
2900	39.48
2901	35.73
2902	31.95
2903	31.2
2904	28.51
2905	28.84
2906	24.43
2907	24.86
2908	19.73
2909	17.31
2910	21.42
2911	21.59
2912	28.65
2913	34.81
2914	33.1
2915	34.65
2916	35.44
2917	32.72
2918	36.28
2919	35.37
2920	36.79
2921	35.06
2922	33.64
2923	44.1
2924	37.49
2925	32.47
2926	35.04
2927	33.66
2928	35.78
2929	32.59
2930	29.86
2931	26.69
2932	22.6
2933	21.31
2934	22.25
2935	26.35
2936	30.48
2937	32
2938	31.94
2939	31.87
2940	31.09
2941	31.52
2942	32.24
2943	31.95
2944	30.92
2945	31.56
2946	32.46
2947	43.98
2948	35.26
2949	33.94
2950	31.48
2951	34.19
2952	33.91
2953	31.81
2954	30.85
2955	29.59
2956	24.28
2957	23.98
2958	28.19
2959	31.64
2960	34.08
2961	36.36
2962	36.15
2963	35.7
2964	35.42
2965	34.11
2966	33.35
2967	33.49
2968	33.5
2969	33.3
2970	34.65
2971	45.68
2972	39.13
2973	34.01
2974	33.11
2975	34.89
2976	33.14
2977	33.36
2978	26.21
2979	26.04
2980	26.48
2981	24.35
2982	28.26
2983	31.55
2984	32.84
2985	35.87
2986	34.81
2987	33.53
2988	33.39
2989	32.91
2990	32.78
2991	32.58
2992	32.17
2993	32.17
2994	35.18
2995	35.87
2996	33.13
2997	31.63
2998	30.22
2999	31.31
3000	33.95
3001	33.62
3002	32.1
3003	30.26
3004	25.6
3005	23.95
3006	25.05
3007	26.02
3008	28.35
3009	30.5
3010	31.03
3011	30.8
3012	31.04
3013	31.76
3014	31.3
3015	30.6
3016	30.55
3017	30.87
3018	31.31
3019	35.91
3020	31.53
3021	31.12
3022	32.4
3023	32.23
3024	32.27
3025	28.87
3026	30.46
3027	26.85
3028	23.29
3029	21.04
3030	20.45
3031	22.1
3032	24.62
3033	27.81
3034	30.09
3035	30.63
3036	30.45
3037	29.37
3038	29.44
3039	29.6
3040	30.07
3041	30.2
3042	32.98
3043	38.18
3044	33.47
3045	31.8
3046	31.85
3047	30.22
3048	29.53
3049	30.65
3050	25.62
3051	21.77
3052	19.2
3053	17.14
3054	19.77
3055	24.97
3056	29.78
3057	33.42
3058	32.42
3059	30.98
3060	30.12
3061	30.1
3062	30.1
3063	30.3
3064	30.79
3065	31.02
3066	33.09
3067	36.81
3068	32.7
3069	30.91
3070	29.76
3071	30.79
3072	30.9
3073	28.42
3074	22.77
3075	23.55
3076	22.81
3077	21.43
3078	23.93
3079	27.33
3080	29.95
3081	30.1
3082	28.5
3083	28.04
3084	27.98
3085	28.55
3086	27.6
3087	27.28
3088	26.86
3089	27.01
3090	31.39
3091	34.14
3092	30.2
3093	28.42
3094	26.7
3095	28.04
3096	29.72
3097	29.03
3098	26.89
3099	24.84
3100	21.22
3101	21.17
3102	22.36
3103	27.62
3104	30.54
3105	30.89
3106	32.14
3107	31.16
3108	29.42
3109	28.77
3110	28.73
3111	28.6
3112	28.66
3113	28.82
3114	29.16
3115	32.59
3116	31.21
3117	29.58
3118	29.08
3119	27.86
3120	28.39
3121	24.33
3122	22.54
3123	27.63
3124	23.1
3125	22.44
3126	23.68
3127	28.72
3128	31.94
3129	33.27
3130	33.97
3131	32.98
3132	31.12
3133	30.11
3134	29.92
3135	29.83
3136	29.75
3137	29.61
3138	29.98
3139	32.96
3140	32.24
3141	31.55
3142	30.09
3143	29.29
3144	29.52
3145	27.91
3146	24.23
3147	21.89
3148	15.42
3149	13.56
3150	17.72
3151	23.78
3152	27.29
3153	29.96
3154	29.54
3155	28.32
3156	28.44
3157	28.05
3158	27.37
3159	27.71
3160	26.87
3161	27.7
3162	29.06
3163	31.17
3164	29.79
3165	27.94
3166	27.32
3167	27.64
3168	30.3
3169	29.93
3170	25.72
3171	21.44
3172	19.09
3173	16.44
3174	18.81
3175	22.12
3176	23.55
3177	27.79
3178	30.2
3179	28.39
3180	25.33
3181	24.69
3182	24.46
3183	24.1
3184	24.28
3185	24.7
3186	26.19
3187	30.83
3188	25.92
3189	24.36
3190	22.85
3191	20.25
3192	21.7
3193	20.01
3194	22.2
3195	19.13
3196	12.14
3197	11.66
3198	12.62
3199	12.88
3200	17.39
3201	22.44
3202	24.21
3203	25.1
3204	25.02
3205	24.68
3206	24.24
3207	24.03
3208	24.13
3209	24.2
3210	24.51
3211	29.5
3212	26.17
3213	24.3
3214	24.3
3215	23.62
3216	26.63
3217	26.81
3218	21.57
3219	20.91
3220	17.57
3221	15.47
3222	19.25
3223	21.08
3224	29.96
3225	30.86
3226	31.21
3227	28.78
3228	25.31
3229	26.08
3230	28.53
3231	28.91
3232	28.63
3233	26.19
3234	30.58
3235	40.94
3236	32.92
3237	30.53
3238	25.56
3239	24.68
3240	25.36
3241	25.33
3242	20
3243	17.18
3244	19.06
3245	16.42
3246	18.45
3247	18.52
3248	28.33
3249	32.45
3250	32.01
3251	30.54
3252	29.71
3253	27.66
3254	27.54
3255	27.96
3256	28.2
3257	27.94
3258	31.52
3259	37.33
3260	32.93
3261	31.1
3262	29.03
3263	25.46
3264	24.41
3265	22.52
3266	23.51
3267	22.13
3268	16.2
3269	13.76
3270	19.87
3271	18.42
3272	27.22
3273	30.63
3274	29.57
3275	28.76
3276	31.99
3277	30.72
3278	30.41
3279	30.13
3280	30.1
3281	30.62
3282	34.19
3283	45.67
3284	46.12
3285	41.11
3286	36.31
3287	32.72
3288	27.43
3289	15.57
3290	23.5
3291	21.33
3292	18.62
3293	17.99
3294	19.86
3295	18.97
3296	25.8
3297	30.64
3298	28.71
3299	26.73
3300	24.99
3301	24.83
3302	24.48
3303	24.32
3304	22.78
3305	22.03
3306	28.6
3307	36.23
3308	30.97
3309	30.1
3310	24.93
3311	17.86
3312	18.4
3313	12.88
3314	12.98
3315	21.38
3316	14.31
3317	14.17
3318	17.23
3319	13.35
3320	24.19
3321	26.56
3322	27.99
3323	28.7
3324	28.6
3325	28.22
3326	27.74
3327	27.81
3328	25.76
3329	25.43
3330	27.48
3331	30.93
3332	28.52
3333	28.54
3334	27.52
3335	24.21
3336	22.32
3337	18.38
3338	15.96
3339	14.84
3340	12.59
3341	14.46
3342	11.61
3343	14.31
3344	15.11
3345	20.26
3346	21.33
3347	21.38
3348	21.22
3349	21.16
3350	20.93
3351	22.35
3352	21.6
3353	23
3354	24.74
3355	25.27
3356	25.38
3357	24.02
3358	21.26
3359	19.69
3360	18.74
3361	15.5
3362	15.24
3363	18.21
3364	12.99
3365	12.28
3366	12.26
3367	13.46
3368	12.46
3369	17.54
3370	21.97
3371	24.2
3372	24.11
3373	23.66
3374	22.94
3375	21.48
3376	21.62
3377	21.23
3378	22.36
3379	36.85
3380	33.99
3381	36.58
3382	26.95
3383	22.38
3384	19.62
3385	17.76
3386	16.63
3387	20.49
3388	16.16
3389	15.45
3390	17.88
3391	18.98
3392	28.71
3393	36.8
3394	32.61
3395	30.12
3396	29.34
3397	28.1
3398	26.83
3399	26.3
3400	26.35
3401	28.15
3402	29.81
3403	35.34
3404	31.8
3405	29.2
3406	26.76
3407	21.67
3408	17.25
3409	14.97
3410	15.35
3411	14.25
3412	12.1
3413	10.55
3414	12.77
3415	17.1
3416	23.89
3417	27.78
3418	30.16
3419	29.46
3420	27.15
3421	25.97
3422	25.31
3423	25.28
3424	24.99
3425	26.16
3426	28.42
3427	33.48
3428	28.88
3429	27.52
3430	27.02
3431	21.79
3432	17.88
3433	15.9
3434	16.61
3435	17.8
3436	11.72
3437	10.09
3438	12.36
3439	15.94
3440	17.03
3441	24.97
3442	22.64
3443	28.35
3444	24.38
3445	16.41
3446	12.44
3447	16.48
3448	18.53
3449	15.09
3450	27.19
3451	30.1
3452	29.15
3453	26.69
3454	23.01
3455	19.59
3456	16.52
3457	14.85
3458	14.85
3459	13.81
3460	12.76
3461	11.34
3462	13.75
3463	16.14
3464	23.71
3465	28.38
3466	27.83
3467	27.11
3468	26.43
3469	26.79
3470	-63.06
3471	15.86
3472	17.09
3473	24.95
3474	30.85
3475	33.58
3476	31.82
3477	29.77
3478	27.43
3479	22.8
3480	18.88
3481	16.32
3482	18.7
3483	16.83
3484	14.88
3485	16.13
3486	20.3
3487	18.77
3488	24.33
3489	29.4
3490	28.63
3491	29.37
3492	29.2
3493	28.87
3494	28.4
3495	28.37
3496	28.27
3497	29.07
3498	30.87
3499	50.66
3500	47.95
3501	39.94
3502	33.14
3503	33.24
3504	35.46
3505	33.78
3506	30.42
3507	28.99
3508	25.41
3509	22.87
3510	22.82
3511	25.98
3512	28.83
3513	36.59
3514	40.57
3515	40.02
3516	36.15
3517	34.81
3518	35.08
3519	33.53
3520	32.85
3521	35.65
3522	39.33
3523	50.08
3524	37.18
3525	37.04
3526	36
3527	33.22
3528	37.29
3529	36.03
3530	31.2
3531	23.67
3532	20.46
3533	18.85
3534	20
3535	20.07
3536	21.04
3537	23.76
3538	24.69
3539	26.17
3540	25.91
3541	25.35
3542	24.65
3543	24.86
3544	25.22
3545	28.25
3546	35.94
3547	39.82
3548	36.43
3549	28.87
3550	24.32
3551	23.55
3552	22.18
3553	20.17
3554	18.88
3555	17.54
3556	16.19
3557	15.04
3558	18.92
3559	20.82
3560	25.45
3561	31.31
3562	31.5
3563	30.83
3564	30.13
3565	29.4
3566	29.53
3567	30.29
3568	29.66
3569	30.26
3570	33.1
3571	39.53
3572	34.65
3573	32.37
3574	28.35
3575	23.58
3576	20.77
3577	18.87
3578	17.19
3579	13.72
3580	12.09
3581	10.88
3582	14.67
3583	18.89
3584	24.83
3585	31.95
3586	31.71
3587	33.32
3588	34.22
3589	30.12
3590	28.51
3591	30.39
3592	29.99
3593	30.6
3594	33.75
3595	39.51
3596	35.9
3597	33.56
3598	32.01
3599	27.29
3600	24.17
3601	19.14
3602	15.54
3603	15.52
3604	12.53
3605	12.14
3606	14.7
3607	20.15
3608	28.71
3609	34.74
3610	31.74
3611	30.69
3612	29.09
3613	26.98
3614	28.19
3615	29.48
3616	28.82
3617	29.74
3618	30.83
3619	38.7
3620	34.94
3621	32.51
3622	34.1
3623	26.95
3624	24.18
3625	19.64
3626	17.3
3627	14.85
3628	14.85
3629	17.54
3630	20.74
3631	24.71
3632	31.3
3633	36.6
3634	31.6
3635	30.53
3636	27.14
3637	28.31
3638	28.22
3639	28.47
3640	27.8
3641	27.08
3642	30.51
3643	36.15
3644	32.42
3645	33.08
3646	30.24
3647	25.51
3648	20.44
3649	17.65
3650	16.75
3651	16.58
3652	14.69
3653	14.7
3654	19.81
3655	22.56
3656	27.08
3657	29.78
3658	28.88
3659	28.06
3660	27.3
3661	28.65
3662	28.19
3663	27.45
3664	23.54
3665	27.4
3666	31.83
3667	39.09
3668	35.23
3669	32.08
3670	29.71
3671	29.57
3672	31.07
3673	24.58
3674	19.75
3675	19.32
3676	18.44
3677	18.85
3678	19.86
3679	19.98
3680	19.74
3681	25.93
3682	31.14
3683	30.49
3684	27.12
3685	20.47
3686	23.94
3687	25.43
3688	25.41
3689	28.38
3690	34.52
3691	37.08
3692	31.23
3693	29.61
3694	26.87
3695	24.58
3696	26.63
3697	21.26
3698	19.08
3699	14.53
3700	11.26
3701	12.28
3702	13.37
3703	17.19
3704	19
3705	21.82
3706	26.17
3707	28.52
3708	28.79
3709	27.37
3710	22.65
3711	22.16
3712	23.16
3713	22.87
3714	29.22
3715	38.82
3716	32.4
3717	25.91
3718	24.29
3719	20.83
3720	19.03
3721	15.09
3722	15.77
3723	16.22
3724	11.72
3725	11.39
3726	15.97
3727	19.59
3728	24.3
3729	31.83
3730	30.44
3731	29.64
3732	28.99
3733	29.48
3734	29.81
3735	29.88
3736	28.51
3737	29.29
3738	31.99
3739	33.15
3740	29.95
3741	29.27
3742	27.39
3743	21.7
3744	17.62
3745	15.4
3746	14.85
3747	14.27
3748	9.99
3749	8.91
3750	12.58
3751	17.13
3752	23.56
3753	27.49
3754	28.42
3755	29.26
3756	27.85
3757	26.81
3758	27.44
3759	27.63
3760	27.89
3761	30.47
3762	35.65
3763	39.3
3764	35.32
3765	35.61
3766	30.1
3767	32.8
3768	31.11
3769	30.24
3770	28.05
3771	26.89
3772	24.53
3773	24.37
3774	29.39
3775	35.33
3776	43.41
3777	47.05
3778	47.61
3779	45.36
3780	40.86
3781	37.1
3782	38.86
3783	43.46
3784	38.94
3785	39.88
3786	46.78
3787	67.31
3788	45.25
3789	44.87
3790	42.49
3791	50.06
3792	47.82
3793	51.35
3794	48.41
3795	45.65
3796	33.96
3797	35.17
3798	38.66
3799	42.45
3800	46.48
3801	51.41
3802	56.57
3803	55.3
3804	53.19
3805	56.3
3806	61.99
3807	53.39
3808	51.95
3809	45.6
3810	44.09
3811	48.3
3812	44.79
3813	46.84
3814	44.43
3815	44.54
3816	42.19
3817	35.47
3818	36.41
3819	30.75
3820	24.96
3821	21.13
3822	23.49
3823	32.87
3824	41.29
3825	48.51
3826	50.65
3827	45.72
3828	39.61
3829	35.31
3830	34.09
3831	36.72
3832	36.63
3833	38.23
3834	45.11
3835	44.69
3836	40.04
3837	43.2
3838	40.98
3839	38.57
3840	40.45
3841	42.92
3842	37.71
3843	32.63
3844	30.61
3845	26.33
3846	26.95
3847	27.51
3848	31.23
3849	38.63
3850	44.21
3851	43.99
3852	39.76
3853	38.14
3854	36.67
3855	40.44
3856	41.24
3857	44.17
3858	50.98
3859	46.81
3860	45.28
3861	48.41
3862	46.29
3863	46.76
3864	52.9
3865	54.28
3866	45.97
3867	46.04
3868	36.85
3869	34.73
3870	34.51
3871	34.62
3872	37.01
3873	44.85
3874	51.97
3875	50.83
3876	44.43
3877	41.46
3878	40.91
3879	41.54
3880	37.74
3881	45.08
3882	48.18
3883	46.99
3884	41.72
3885	41.55
3886	40.57
3887	40.49
3888	40.8
3889	37.51
3890	35.62
3891	29.45
3892	24.3
3893	22.08
3894	22.76
3895	31.68
3896	38.23
3897	43.15
3898	48.22
3899	48.62
3900	46.64
3901	45.3
3902	46.3
3903	43.95
3904	46.55
3905	50.59
3906	62.09
3907	108.37
3908	58.84
3909	50.5
3910	51.08
3911	45.03
3912	44.84
3913	40.29
3914	42.75
3915	43.48
3916	34.09
3917	35.7
3918	39.11
3919	43.21
3920	47.04
3921	52.55
3922	51.39
3923	48.53
3924	43.75
3925	39.85
3926	39.85
3927	39.61
3928	39.34
3929	41.17
3930	51.87
3931	66.16
3932	51.21
3933	51.8
3934	45.78
3935	40.88
3936	41.32
3937	40.23
3938	36.53
3939	32.32
3940	25.87
3941	21.87
3942	23.22
3943	35.55
3944	43.11
3945	45.53
3946	41.61
3947	36.83
3948	37.29
3949	37.25
3950	40.18
3951	40.37
3952	35.49
3953	35.91
3954	36.86
3955	39.73
3956	37.32
3957	36.42
3958	40.06
3959	39.68
3960	38.3
3961	35.42
3962	32.6
3963	31.16
3964	26
3965	22.79
3966	24.11
3967	35.61
3968	42.97
3969	44.32
3970	36.97
3971	33.32
3972	33.03
3973	33.91
3974	34.69
3975	36.68
3976	35.57
3977	35.05
3978	40.36
3979	50.95
3980	46.65
3981	44.89
3982	38.6
3983	39.28
3984	38.84
3985	37.79
3986	30.43
3987	26.96
3988	23.88
3989	24.94
3990	27.92
3991	33.64
3992	43.13
3993	44.97
3994	40.12
3995	37.2
3996	31.03
3997	33.46
3998	33.2
3999	35.88
4000	32.02
4001	31.1
4002	37.36
4003	47.02
4004	43.08
4005	39.39
4006	35.59
4007	33.56
4008	36.15
4009	36.84
4010	32.77
4011	32.62
4012	27.35
4013	22.25
4014	21.88
4015	24.95
4016	27.65
4017	32.04
4018	37.6
4019	38.59
4020	37.92
4021	34.65
4022	31.09
4023	30.5
4024	30.62
4025	34.05
4026	38.57
4027	43.84
4028	34
4029	30
4030	28.93
4031	27.45
4032	29.72
4033	30.85
4034	29.3
4035	23.47
4036	18.28
4037	17.62
4038	17.35
4039	20.52
4040	21.93
4041	26.41
4042	29.67
4043	30.5
4044	30.05
4045	30.19
4046	32.5
4047	33.49
4048	35.1
4049	34.22
4050	39.08
4051	54.41
4052	43.2
4053	37.51
4054	35.35
4055	34.7
4056	34.65
4057	32.14
4058	28.78
4059	24.14
4060	19.31
4061	18.9
4062	22
4063	29.81
4064	41.65
4065	45.14
4066	39.26
4067	36.24
4068	35.65
4069	39.03
4070	34.74
4071	31.61
4072	30.58
4073	30.12
4074	36.32
4075	45.54
4076	41.16
4077	38.32
4078	32.88
4079	32.18
4080	33.65
4081	33.49
4082	24.51
4083	24.19
4084	20.44
4085	17.99
4086	22.07
4087	33.31
4088	42.12
4089	45.6
4090	42.1
4091	34.22
4092	31.61
4093	31.87
4094	33.4
4095	33.07
4096	32.53
4097	34.51
4098	42.45
4099	48.38
4100	45.24
4101	43.57
4102	50.04
4103	49.93
4104	43.96
4105	47.58
4106	45.6
4107	38.2
4108	24.54
4109	21.7
4110	26.53
4111	35.53
4112	51.3
4113	54.43
4114	46.75
4115	45.83
4116	35.19
4117	34.72
4118	34.08
4119	36.22
4120	36.79
4121	42.84
4122	53.1
4123	103.71
4124	58.71
4125	52.72
4126	45.2
4127	40.46
4128	35.73
4129	35.4
4130	29.49
4131	23.84
4132	18.86
4133	18.86
4134	21.28
4135	33.11
4136	43.87
4137	47.49
4138	45.81
4139	45.01
4140	44.22
4141	42.09
4142	43.18
4143	47.85
4144	44.92
4145	45.47
4146	50.4
4147	52.27
4148	48.08
4149	49.9
4150	45.58
4151	42.57
4152	42.83
4153	36.45
4154	30.17
4155	25.91
4156	17.3
4157	17.23
4158	20.55
4159	26.96
4160	42.63
4161	50.35
4162	57.65
4163	65
4164	51.2
4165	50.89
4166	50.1
4167	56.91
4168	54.33
4169	49.59
4170	51.02
4171	53.26
4172	46.2
4173	45.79
4174	45.32
4175	44.66
4176	44.82
4177	44.47
4178	40.15
4179	31.79
4180	28.1
4181	23.33
4182	21.42
4183	23.27
4184	28.22
4185	42.97
4186	49.91
4187	51
4188	46.25
4189	46.18
4190	36.43
4191	37.46
4192	38.97
4193	46.15
4194	50.47
4195	56.15
4196	47.62
4197	41.86
4198	38.55
4199	35.68
4200	40.1
4201	38.82
4202	33.6
4203	30.78
4204	26.39
4205	22.05
4206	21.16
4207	23.95
4208	27.83
4209	32.2
4210	39.81
4211	44.32
4212	38.32
4213	34.36
4214	33.65
4215	32.45
4216	31.51
4217	32.8
4218	40.23
4219	52.06
4220	46.68
4221	44.76
4222	41.8
4223	37.74
4224	36.89
4225	32.97
4226	30.53
4227	26.69
4228	19.41
4229	18.92
4230	22.07
4231	30.91
4232	45.01
4233	49.45
4234	51.95
4235	46.48
4236	46.29
4237	44.97
4238	35.86
4239	36.26
4240	36.92
4241	41.92
4242	49.13
4243	96.8
4244	49.3
4245	45.99
4246	45.43
4247	45.13
4248	46.38
4249	46.09
4250	40.22
4251	33.52
4252	31.06
4253	28.07
4254	28.85
4255	38.94
4256	49.55
4257	60.02
4258	56.26
4259	53.17
4260	51.76
4261	50.91
4262	50.56
4263	53.41
4264	55.67
4265	63.25
4266	64.34
4267	75.71
4268	55.48
4269	51.88
4270	45.23
4271	41.45
4272	37.43
4273	34.38
4274	32.47
4275	28.99
4276	23.2
4277	21.54
4278	23.47
4279	30.45
4280	38.02
4281	55.16
4282	58.47
4283	55.41
4284	42.49
4285	41.2
4286	38.13
4287	35.08
4288	34.83
4289	40.78
4290	47.7
4291	83.01
4292	52.36
4293	48.64
4294	45.57
4295	43.02
4296	36.01
4297	33.8
4298	31.06
4299	26.2
4300	21.26
4301	21.08
4302	22.13
4303	33.29
4304	42.59
4305	57.97
4306	57.04
4307	49.26
4308	38.92
4309	35.47
4310	33.61
4311	33.43
4312	32.69
4313	34.01
4314	49.87
4315	56.09
4316	45.29
4317	38.58
4318	35.2
4319	31.87
4320	32.62
4321	33.43
4322	30.66
4323	25.25
4324	18.08
4325	18.54
4326	20.72
4327	26.38
4328	34.17
4329	44.75
4330	40.01
4331	35.55
4332	35.96
4333	33.85
4334	34.37
4335	34.83
4336	34.98
4337	35.73
4338	37.26
4339	44.39
4340	38.22
4341	34.46
4342	33.18
4343	31.97
4344	32.84
4345	31.3
4346	28.55
4347	20.45
4348	16.59
4349	15.17
4350	15.14
4351	21.15
4352	25.5
4353	30.79
4354	37.58
4355	37.23
4356	43.17
4357	40.51
4358	33.49
4359	36.56
4360	36.61
4361	41.77
4362	53.4
4363	57.97
4364	50.15
4365	46.65
4366	58.48
4367	62.36
4368	55.26
4369	63.26
4370	60.87
4371	53.91
4372	45.82
4373	40.01
4374	49.56
4375	48.94
4376	49.72
4377	53.89
4378	62.64
4379	65.15
4380	58.38
4381	58.07
4382	59.09
4383	59.6
4384	62.18
4385	63.44
4386	69.83
4387	80.01
4388	71.39
4389	66.86
4390	66.78
4391	70.59
4392	66.27
4393	63.89
4394	56.69
4395	55.93
4396	54.32
4397	53.99
4398	56.63
4399	69.89
4400	80.99
4401	93.09
4402	93.86
4403	95.16
4404	101.52
4405	1989.63
4406	2286.46
4407	172.38
4408	103.21
4409	105.98
4410	135.72
4411	234.98
4412	179.86
4413	169.73
4414	119.73
4415	171.32
4416	124.24
4417	129.5
4418	118.49
4419	101.97
4420	90.96
4421	76.06
4422	72.93
4423	84.87
4424	86.5
4425	99.79
4426	94.9
4427	87.22
4428	86.93
4429	75.1
4430	72.01
4431	89.44
4432	74.15
4433	71.95
4434	88.87
4435	111.71
4436	94.61
4437	79.22
4438	74.35
4439	77.8
4440	73.22
4441	67.06
4442	63.71
4443	58.25
4444	54.16
4445	53.76
4446	53.99
4447	65.96
4448	82.58
4449	119.09
4450	96.03
4451	102.97
4452	94.94
4453	90.92
4454	84.81
4455	82.41
4456	75.22
4457	80.8
4458	82.08
4459	104.7
4460	98.94
4461	90.22
4462	79.83
4463	79.6
4464	70.82
4465	64.55
4466	61.61
4467	57.81
4468	54.25
4469	54
4470	55
4471	65.73
4472	85.13
4473	94.69
4474	96.56
4475	87.8
4476	83.72
4477	77.83
4478	66.03
4479	65.19
4480	63.98
4481	65
4482	75.51
4483	112.73
4484	118.63
4485	95.3
4486	92.31
4487	81.71
4488	81.69
4489	73
4490	63.04
4491	58.69
4492	54.57
4493	53.94
4494	54.02
4495	57.07
4496	70.2
4497	90.23
4498	96.34
4499	91.55
4500	80.77
4501	82.26
4502	73.56
4503	74.71
4504	68.49
4505	69.38
4506	76.64
4507	88.45
4508	79.88
4509	73.2
4510	72.86
4511	75.36
4512	76.09
4513	79.61
4514	62.89
4515	57.51
4516	53.89
4517	53.09
4518	52.84
4519	52.23
4520	52.96
4521	58.65
4522	79.34
4523	76.03
4524	63
4525	57.99
4526	56.55
4527	54.39
4528	55.2
4529	61.44
4530	79.94
4531	106.62
4532	97.61
4533	83.24
4534	75.17
4535	66.99
4536	63.77
4537	59.04
4538	54.23
4539	54.52
4540	48.39
4541	45.4
4542	44.64
4543	44.91
4544	47.87
4545	51.83
4546	54.46
4547	57.94
4548	56.45
4549	57.21
4550	55
4551	54.46
4552	55.66
4553	59.9
4554	77.07
4555	101.5
4556	97.92
4557	95.02
4558	85.9
4559	68.11
4560	61.51
4561	59.09
4562	54.46
4563	53.99
4564	50.4
4565	48.38
4566	53.31
4567	61.74
4568	74.74
4569	92.28
4570	94.98
4571	91.03
4572	81.99
4573	79.56
4574	79.32
4575	76.95
4576	71.16
4577	69.8
4578	74.9
4579	181.49
4580	111.28
4581	79.69
4582	71.99
4583	76.11
4584	80.34
4585	86.38
4586	76.16
4587	67.14
4588	62.1
4589	58.27
4590	61.59
4591	71.51
4592	77.36
4593	93.97
4594	98.06
4595	96.58
4596	100.23
4597	102.04
4598	99.89
4599	106.14
4600	101.27
4601	99.27
4602	95.62
4603	173.39
4604	88.18
4605	78.69
4606	78.57
4607	82.18
4608	74.16
4609	62.65
4610	58.23
4611	55.47
4612	54.09
4613	52.81
4614	53.67
4615	60.85
4616	65.21
4617	79.37
4618	78.8
4619	68.73
4620	63.15
4621	62.79
4622	58.93
4623	56
4624	56.81
4625	55.85
4626	61.77
4627	67.99
4628	62.19
4629	59.91
4630	56.88
4631	58.86
4632	58.28
4633	56.04
4634	52.53
4635	48.57
4636	43.67
4637	40.59
4638	44.23
4639	50.6
4640	55.53
4641	68.62
4642	75.72
4643	85.69
4644	81.93
4645	88.24
4646	84.95
4647	87.77
4648	84.81
4649	86.04
4650	81.09
4651	109.72
4652	82.02
4653	73.22
4654	67.13
4655	65.96
4656	63.15
4657	61.25
4658	58.61
4659	55.11
4660	49.2
4661	47.81
4662	52.21
4663	54.65
4664	60.35
4665	69
4666	79.18
4667	80.95
4668	69.06
4669	66.76
4670	65.19
4671	64.14
4672	61.91
4673	62.87
4674	68.72
4675	76.14
4676	66.33
4677	62.42
4678	60.78
4679	61.76
4680	60.95
4681	58.3
4682	55.38
4683	49.37
4684	45.81
4685	44.7
4686	45.02
4687	44.66
4688	49.2
4689	53.81
4690	55.97
4691	59.15
4692	55.64
4693	54.62
4694	54.03
4695	54.07
4696	53.88
4697	54.71
4698	60.83
4699	66.12
4700	63.37
4701	56.9
4702	56.38
4703	54.81
4704	54.31
4705	54.93
4706	53.89
4707	49.71
4708	45.85
4709	44.18
4710	42.72
4711	39.14
4712	45.38
4713	48.7
4714	51.3
4715	52.86
4716	53.22
4717	51.94
4718	52.56
4719	53.12
4720	52.87
4721	54.23
4722	61.19
4723	85.22
4724	72.32
4725	64.53
4726	61.82
4727	55.74
4728	55.79
4729	55.27
4730	54.01
4731	51.66
4732	48.64
4733	48.84
4734	53.18
4735	56.69
4736	68.05
4737	77.54
4738	78.69
4739	78.23
4740	65.91
4741	61.3
4742	56.3
4743	55.57
4744	54.48
4745	57.73
4746	63.27
4747	79.74
4748	74.52
4749	66.76
4750	61.6
4751	60.77
4752	54.41
4753	54.35
4754	50.61
4755	48.94
4756	45.56
4757	44.75
4758	46.44
4759	49.07
4760	63.08
4761	78.53
4762	67.86
4763	64.37
4764	56.75
4765	56.84
4766	54.82
4767	54.41
4768	54.14
4769	56.44
4770	64.2
4771	94.62
4772	77.28
4773	71.03
4774	62.05
4775	56.59
4776	57.14
4777	54.35
4778	53.86
4779	51.7
4780	48.1
4781	46.57
4782	48.83
4783	51.09
4784	59.7
4785	65.88
4786	65.21
4787	59.26
4788	56.74
4789	55.71
4790	56.56
4791	54.64
4792	54.1
4793	56.17
4794	60.56
4795	88.36
4796	79.52
4797	66.27
4798	62.02
4799	63.67
4800	62.88
4801	59.74
4802	56.03
4803	56.54
4804	53.53
4805	54.84
4806	62.48
4807	67.32
4808	72.88
4809	78.13
4810	71
4811	63.71
4812	58.41
4813	57.6
4814	59.88
4815	59.28
4816	57.37
4817	58.93
4818	60.73
4819	82.64
4820	72.2
4821	68.02
4822	65.16
4823	57.32
4824	57.54
4825	55.5
4826	54.88
4827	51.98
4828	50.12
4829	49.77
4830	51.05
4831	59.12
4832	70.61
4833	84.48
4834	69
4835	65.79
4836	61.53
4837	59.07
4838	58.21
4839	57.65
4840	57.41
4841	59.61
4842	65.3
4843	75.54
4844	70.46
4845	69.89
4846	77.66
4847	76.37
4848	74.36
4849	72.82
4850	64.92
4851	61.17
4852	57.27
4853	55.14
4854	55.49
4855	55.85
4856	59.12
4857	59.89
4858	69.48
4859	65.17
4860	61.65
4861	62.3
4862	57.34
4863	56.54
4864	55.68
4865	61.54
4866	66.82
4867	80.56
4868	71.72
4869	65.12
4870	66.04
4871	63.01
4872	66.11
4873	67.12
4874	65
4875	61.95
4876	57.93
4877	55.23
4878	54.63
4879	54.85
4880	54.31
4881	57.6
4882	64.96
4883	65.89
4884	60.92
4885	59.51
4886	57.15
4887	56.78
4888	57.13
4889	60.39
4890	67.58
4891	90.37
4892	80.03
4893	77.44
4894	70.85
4895	61.61
4896	59.22
4897	57.9
4898	57.4
4899	56.07
4900	53.89
4901	53.27
4902	55.36
4903	65
4904	84.8
4905	96.63
4906	91.02
4907	78.29
4908	74.94
4909	66.56
4910	64.43
4911	63.78
4912	58.97
4913	63.21
4914	86.13
4915	278.1
4916	225.24
4917	108.81
4918	81.83
4919	72.21
4920	66.38
4921	63.7
4922	59.56
4923	54.87
4924	53.97
4925	52.35
4926	54.27
4927	59.45
4928	77.62
4929	94.85
4930	94.48
4931	79.02
4932	73.18
4933	76.44
4934	67.81
4935	66.1
4936	61.61
4937	67.66
4938	95.81
4939	183.36
4940	123.45
4941	76.86
4942	71.56
4943	62.4
4944	58.14
4945	52.13
4946	56.55
4947	50.03
4948	46.21
4949	45.43
4950	46.58
4951	56.55
4952	59.15
4953	73.56
4954	70.6
4955	64.15
4956	60.47
4957	54.02
4958	53.75
4959	52.92
4960	54.69
4961	54.16
4962	58.33
4963	69.46
4964	64.42
4965	62.22
4966	58.18
4967	55.35
4968	52.49
4969	52.71
4970	53.13
4971	48.37
4972	45.13
4973	41.43
4974	47.05
4975	54.28
4976	60.91
4977	66.25
4978	64.12
4979	64.15
4980	56.87
4981	55.03
4982	55.01
4983	54.97
4984	54.39
4985	57.75
4986	61.82
4987	73.51
4988	68.44
4989	64.64
4990	64.59
4991	61.66
4992	57.23
4993	53.14
4994	56.94
4995	51.49
4996	47.39
4997	46.18
4998	48.75
4999	56.56
5000	64.98
5001	75.12
5002	62.98
5003	57.57
5004	54.88
5005	55.06
5006	54.36
5007	51.54
5008	51.28
5009	53.53
5010	52.8
5011	60.73
5012	58.12
5013	59.24
5014	58.71
5015	59.6
5016	61.11
5017	61.56
5018	57.71
5019	55.02
5020	53.91
5021	48.12
5022	47.2
5023	50.72
5024	52.01
5025	53.53
5026	58.28
5027	57.18
5028	56.16
5029	55.49
5030	51.18
5031	49.34
5032	51.05
5033	54.01
5034	57.23
5035	71.17
5036	66.26
5037	62.38
5038	60.56
5039	60.61
5040	62.83
5041	61.86
5042	58.66
5043	56.78
5044	55.62
5045	50.69
5046	51.55
5047	49.47
5048	46.04
5049	47.12
5050	62.37
5051	64.87
5052	64.5
5053	65.86
5054	65.37
5055	62.57
5056	62.86
5057	66.58
5058	70.77
5059	111.31
5060	107.47
5061	84.73
5062	66.26
5063	57
5064	58.5
5065	56.89
5066	55.02
5067	55.16
5068	56.66
5069	56.11
5070	56.37
5071	60.95
5072	66.96
5073	74.02
5074	68.44
5075	63.74
5076	59.64
5077	58.19
5078	57.12
5079	57.72
5080	55.7
5081	57.57
5082	64.07
5083	102.45
5084	92.95
5085	68.7
5086	61.74
5087	60.72
5088	61.4
5089	58.34
5090	55.86
5091	59.01
5092	57.35
5093	53.82
5094	55.44
5095	58.13
5096	70.24
5097	73.71
5098	68.05
5099	62.87
5100	58.77
5101	58.31
5102	59.25
5103	57.99
5104	58.37
5105	59.36
5106	62.22
5107	224.14
5108	129.89
5109	76.08
5110	68.23
5111	64.54
5112	62.11
5113	63.72
5114	64.49
5115	59.65
5116	57.34
5117	59.92
5118	64.4
5119	69.02
5120	95.15
5121	134.21
5122	116.15
5123	72.91
5124	62.92
5125	57.97
5126	58.83
5127	59.31
5128	57.51
5129	57.12
5130	63.64
5131	190.09
5132	149.68
5133	95.53
5134	92.35
5135	80.26
5136	74.32
5137	67.25
5138	65.29
5139	52.05
5140	54.03
5141	50.49
5142	50.21
5143	56.19
5144	74.46
5145	75.87
5146	70.05
5147	67.91
5148	58.94
5149	56.24
5150	56.21
5151	56.59
5152	56.01
5153	55.88
5154	58.19
5155	72.34
5156	75.36
5157	74.16
5158	61.84
5159	62.95
5160	57.86
5161	55.65
5162	52.72
5163	52.52
5164	53.8
5165	51.61
5166	52.81
5167	57.24
5168	67.9
5169	80.91
5170	74.13
5171	68.52
5172	57.56
5173	54.39
5174	51.87
5175	50.11
5176	50.25
5177	52.57
5178	52.7
5179	66.79
5180	63.91
5181	62.9
5182	59.12
5183	67.87
5184	65.47
5185	61.23
5186	53.81
5187	50.37
5188	49.84
5189	48.53
5190	49.78
5191	51.17
5192	53.27
5193	60.94
5194	71.61
5195	62.95
5196	54.05
5197	51.27
5198	49.16
5199	47.96
5200	45.99
5201	47.5
5202	54.93
5203	69
5204	66.79
5205	56.08
5206	51.81
5207	54.09
5208	55.89
5209	54.62
5210	48.03
5211	46.79
5212	44.78
5213	43.41
5214	43.49
5215	43.3
5216	43.52
5217	46.16
5218	46.77
5219	46.15
5220	45.49
5221	45.22
5222	45.88
5223	45.88
5224	47.16
5225	51.56
5226	53.19
5227	57.76
5228	59.36
5229	55.12
5230	54
5231	52.09
5232	52.93
5233	50.98
5234	49.95
5235	48.07
5236	45.09
5237	45.15
5238	48.8
5239	54.65
5240	66.06
5241	89.61
5242	74.22
5243	68.49
5244	59.97
5245	58.65
5246	58.06
5247	58.15
5248	57.84
5249	59.06
5250	60.21
5251	125.61
5252	102.08
5253	71.27
5254	63.78
5255	58.2
5256	57.55
5257	60.19
5258	55.03
5259	53.47
5260	51.66
5261	50.8
5262	51.83
5263	56.43
5264	71.57
5265	83.53
5266	61.9
5267	57.78
5268	55.19
5269	54.09
5270	50.98
5271	51.56
5272	50.64
5273	52.11
5274	52.44
5275	63.12
5276	62.79
5277	57.24
5278	56.24
5279	57.77
5280	55.11
5281	53.29
5282	52.05
5283	48.9
5284	46.2
5285	46.16
5286	47.6
5287	51.56
5288	58.74
5289	64.85
5290	59.76
5291	58.48
5292	57.31
5293	58
5294	60.02
5295	60.18
5296	57.28
5297	57.58
5298	59.46
5299	74.65
5300	67.03
5301	59.92
5302	58.92
5303	55.21
5304	55.03
5305	53.08
5306	49.87
5307	47.24
5308	46.14
5309	46.12
5310	46.57
5311	50.39
5312	56.56
5313	61.91
5314	61.35
5315	59.03
5316	57.72
5317	57.36
5318	57.21
5319	58.04
5320	57.7
5321	58.36
5322	59.82
5323	76.96
5324	81.18
5325	68.47
5326	64.13
5327	61.57
5328	63.24
5329	63.99
5330	59.65
5331	58.02
5332	57.7
5333	56.69
5334	57.46
5335	57.69
5336	78.24
5337	91.23
5338	81.04
5339	63.56
5340	59.93
5341	59.79
5342	58.91
5343	59.02
5344	58.91
5345	60.06
5346	62.8
5347	106.15
5348	64.65
5349	67.83
5350	63.7
5351	69.59
5352	78.69
5353	72.78
5354	63.99
5355	59.73
5356	56.31
5357	53.8
5358	54.54
5359	52.41
5360	55.6
5361	62.15
5362	77.66
5363	74.21
5364	64.83
5365	60.84
5366	59.15
5367	58.53
5368	58.62
5369	60.47
5370	65.38
5371	67.47
5372	64.13
5373	64.31
5374	63.82
5375	62.29
5376	63.7
5377	59.86
5378	56.72
5379	52.48
5380	47.6
5381	46.18
5382	46.21
5383	47.08
5384	47.98
5385	54.68
5386	57.42
5387	57.36
5388	58.55
5389	57.11
5390	56.77
5391	55.21
5392	54.97
5393	55.43
5394	58.27
5395	78.14
5396	75.45
5397	76.83
5398	59.69
5399	56.42
5400	56.12
5401	56.21
5402	57.3
5403	52.04
5404	50.92
5405	49.58
5406	51.44
5407	54.96
5408	62.49
5409	61.52
5410	59.75
5411	61.19
5412	55.38
5413	53.34
5414	51.57
5415	54.34
5416	57.73
5417	58.34
5418	57.13
5419	74.55
5420	67.09
5421	57.59
5422	56.47
5423	56.05
5424	54.13
5425	53.93
5426	51.65
5427	50.28
5428	47.52
5429	46.18
5430	48.1
5431	59.25
5432	66.96
5433	69.09
5434	62.05
5435	56.59
5436	55.61
5437	56.42
5438	57.7
5439	57.8
5440	56.2
5441	56.34
5442	55.35
5443	66.78
5444	58.1
5445	56.13
5446	56.92
5447	57.08
5448	59.16
5449	57.11
5450	52.94
5451	54.41
5452	54.96
5453	50.34
5454	50.48
5455	52.95
5456	57.73
5457	62.42
5458	62.67
5459	57.57
5460	54.11
5461	51.16
5462	52.18
5463	52.58
5464	52.28
5465	55.84
5466	55.62
5467	60.38
5468	59.91
5469	57.3
5470	58.38
5471	55.52
5472	56.87
5473	55.17
5474	52.89
5475	49.65
5476	47.39
5477	46.17
5478	47.51
5479	53.63
5480	56.08
5481	59.08
5482	57.54
5483	55.98
5484	53.64
5485	52.27
5486	51.25
5487	50.85
5488	49.55
5489	53.91
5490	53.83
5491	55.97
5492	55.61
5493	55.66
5494	54.77
5495	52.32
5496	55.15
5497	56.17
5498	53.61
5499	47.99
5500	46.21
5501	46.16
5502	47.05
5503	49.36
5504	54.93
5505	59.73
5506	59.31
5507	57.32
5508	57.24
5509	57.07
5510	55.95
5511	53.36
5512	52.72
5513	52.86
5514	51.77
5515	56.1
5516	55.35
5517	55.64
5518	55.01
5519	54.64
5520	52.62
5521	53.46
5522	50.71
5523	50.11
5524	46.49
5525	46.15
5526	46.17
5527	46.18
5528	49.14
5529	55.14
5530	64.08
5531	64.16
5532	59.66
5533	56.22
5534	56.42
5535	57.33
5536	56.69
5537	57.17
5538	58.6
5539	62.48
5540	61.6
5541	63.68
5542	63.19
5543	60.96
5544	62.07
5545	60.06
5546	52.89
5547	51.99
5548	50.67
5549	48.14
5550	47.81
5551	48.91
5552	51.85
5553	60.55
5554	78.99
5555	77.72
5556	64.33
5557	65.32
5558	66.95
5559	61.77
5560	59.14
5561	61.24
5562	69.23
5563	86.06
5564	82.9
5565	79.32
5566	61.8
5567	57.03
5568	55.74
5569	52.88
5570	50.82
5571	50.54
5572	47.78
5573	46.67
5574	49.13
5575	56.5
5576	62.27
5577	80.45
5578	68.04
5579	61.2
5580	56.86
5581	55.19
5582	54.89
5583	54.14
5584	54.52
5585	53.17
5586	54.75
5587	77.35
5588	75.97
5589	56.45
5590	54.67
5591	56.34
5592	53.78
5593	52.79
5594	49.19
5595	47.22
5596	46.37
5597	46.15
5598	46.35
5599	51.92
5600	54.51
5601	57.73
5602	55.18
5603	54.02
5604	51.68
5605	51.17
5606	52.7
5607	51.76
5608	52.27
5609	53.37
5610	53.49
5611	60.68
5612	61.66
5613	53.53
5614	50.76
5615	53.63
5616	54.9
5617	52.23
5618	46.21
5619	46.64
5620	46.24
5621	46.17
5622	46.31
5623	52
5624	56.2
5625	57.34
5626	57.01
5627	53.94
5628	51.45
5629	50.39
5630	48.46
5631	47.06
5632	46.17
5633	46.19
5634	46.24
5635	49.68
5636	48.64
5637	47.4
5638	47.28
5639	46.36
5640	46.39
5641	46.83
5642	46.1
5643	44.95
5644	41.62
5645	39.41
5646	44.1
5647	46.57
5648	48.34
5649	49.11
5650	49.42
5651	51.12
5652	51.82
5653	51.06
5654	52.95
5655	53.89
5656	50.12
5657	53.53
5658	49.99
5659	52.47
5660	51.59
5661	52.06
5662	48.87
5663	48.87
5664	48.09
5665	47.17
5666	47.02
5667	45.72
5668	42.92
5669	40.89
5670	44.65
5671	48.17
5672	50.61
5673	54.63
5674	54.1
5675	54.05
5676	53.01
5677	51.43
5678	50.57
5679	51.53
5680	54.58
5681	55.27
5682	56.97
5683	56.68
5684	54.07
5685	51.9
5686	50.2
5687	52.05
5688	55.7
5689	60.36
5690	56.19
5691	54.31
5692	51.12
5693	47.25
5694	46.48
5695	46.7
5696	46.68
5697	48.88
5698	51.03
5699	50.72
5700	48.62
5701	47.4
5702	46.18
5703	46.15
5704	46.15
5705	46.3
5706	47.06
5707	51.28
5708	51.08
5709	50.46
5710	47.7
5711	47.31
5712	51.54
5713	49.68
5714	46.55
5715	46.09
5716	44.77
5717	42.35
5718	42.92
5719	41.26
5720	45.29
5721	46.14
5722	47.98
5723	46.67
5724	46.18
5725	46.16
5726	46.13
5727	45.82
5728	46.13
5729	47.41
5730	46.94
5731	52.83
5732	54.71
5733	54.07
5734	51.66
5735	50.78
5736	52.49
5737	51.49
5738	49.62
5739	47.12
5740	45.8
5741	44.91
5742	46.2
5743	49.61
5744	56.57
5745	61.2
5746	57.88
5747	53.64
5748	51.55
5749	50.81
5750	49.5
5751	49.61
5752	48.92
5753	50.91
5754	50.74
5755	56.24
5756	55.03
5757	53.93
5758	52.49
5759	49.58
5760	49.84
5761	51.43
5762	47.13
5763	44.94
5764	41.9
5765	40.44
5766	42.02
5767	46.76
5768	48.97
5769	51.05
5770	52
5771	48.75
5772	47.61
5773	47.03
5774	47.16
5775	47.78
5776	47.41
5777	47.27
5778	47.64
5779	51.96
5780	52.17
5781	48.93
5782	47.04
5783	46.99
5784	48.08
5785	48.94
5786	46.94
5787	45.74
5788	43.92
5789	40.3
5790	43.01
5791	46.1
5792	49.15
5793	52.36
5794	51.16
5795	48.77
5796	46.43
5797	46.16
5798	46.04
5799	44.4
5800	42.17
5801	43.29
5802	42.9
5803	48.86
5804	47.83
5805	48.12
5806	46.59
5807	46.33
5808	46.54
5809	46.17
5810	42.53
5811	40
5812	38.8
5813	38.27
5814	40.79
5815	45.48
5816	51.52
5817	52.61
5818	51.62
5819	49.78
5820	47.63
5821	47.44
5822	48.3
5823	48.64
5824	48.11
5825	49.43
5826	48.26
5827	52.84
5828	53.42
5829	51.79
5830	50.99
5831	50.34
5832	48.73
5833	47.68
5834	48.07
5835	46.28
5836	43.87
5837	41.66
5838	42.54
5839	44.75
5840	55.07
5841	56.68
5842	57.84
5843	52.52
5844	52.77
5845	53.86
5846	52.93
5847	53.19
5848	52.95
5849	57.17
5850	54.67
5851	60.25
5852	69.23
5853	76.43
5854	74.09
5855	72.94
5856	66.59
5857	64.37
5858	56.34
5859	55.28
5860	53.69
5861	51.16
5862	48.79
5863	50.27
5864	52.54
5865	54.69
5866	60.09
5867	58.78
5868	52.16
5869	50.41
5870	47.69
5871	47.08
5872	46.91
5873	48.48
5874	50.08
5875	60
5876	62.8
5877	61.6
5878	61.77
5879	56.98
5880	58.34
5881	56.43
5882	50.92
5883	47.57
5884	45.01
5885	43.07
5886	44.03
5887	45.16
5888	45.98
5889	46.99
5890	47.56
5891	47.63
5892	49.79
5893	48.81
5894	47.66
5895	48.02
5896	48.5
5897	47.76
5898	47.77
5899	53.08
5900	54.36
5901	53.5
5902	53.32
5903	49.84
5904	50.36
5905	50.31
5906	48.58
5907	46.41
5908	45.36
5909	45.32
5910	47.18
5911	55.15
5912	59.31
5913	59.4
5914	56.43
5915	55.19
5916	54.25
5917	55.89
5918	63.4
5919	54.36
5920	55.33
5921	60.59
5922	60.19
5923	72.71
5924	88.52
5925	67.95
5926	58.66
5927	53.77
5928	55.06
5929	52.86
5930	50.65
5931	50.44
5932	47.3
5933	40.68
5934	41.63
5935	45.32
5936	51.89
5937	49.91
5938	48.84
5939	48.96
5940	48.9
5941	48.02
5942	48.57
5943	49.04
5944	48.4
5945	49.07
5946	49.28
5947	52.39
5948	52.02
5949	49.96
5950	48.77
5951	48.38
5952	48.89
5953	48.13
5954	42.75
5955	41.1
5956	39.17
5957	38.57
5958	41.09
5959	44.72
5960	52.39
5961	51.11
5962	52.08
5963	51.13
5964	52.59
5965	53.26
5966	52.74
5967	52.12
5968	52.57
5969	52.73
5970	51.91
5971	51.46
5972	52.99
5973	52.11
5974	49.92
5975	52.29
5976	53.78
5977	51.8
5978	47.5
5979	44.74
5980	41.21
5981	38.12
5982	41.13
5983	46.09
5984	51.45
5985	51.49
5986	51.03
5987	51.11
5988	51.05
5989	50.89
5990	50.82
5991	50.75
5992	50.4
5993	49.45
5994	50.74
5995	52.27
5996	53.38
5997	51.83
5998	51.68
5999	50.91
6000	51.07
6001	49.95
6002	46.21
6003	45.13
6004	40.47
6005	36.68
6006	40.54
6007	45.88
6008	51.38
6009	53.6
6010	53.34
6011	51.67
6012	52.43
6013	51.67
6014	50.9
6015	50.92
6016	50.9
6017	53.08
6018	54.11
6019	57.11
6020	57.35
6021	54.5
6022	52.97
6023	56.75
6024	58.11
6025	58.31
6026	52.87
6027	47.85
6028	45.89
6029	39.17
6030	38.32
6031	39.13
6032	44.41
6033	49.18
6034	49.87
6035	50.32
6036	48.25
6037	45.85
6038	44.93
6039	46.29
6040	46.21
6041	46.39
6042	48.58
6043	58.61
6044	57.99
6045	54.9
6046	52.78
6047	52.76
6048	55.54
6049	54.16
6050	51.22
6051	48.77
6052	46.26
6053	46.32
6054	46.8
6055	45.65
6056	46.42
6057	47.93
6058	49.62
6059	50.1
6060	49.2
6061	47.24
6062	46.25
6063	46.56
6064	46.75
6065	47.3
6066	50.17
6067	57.91
6068	61.71
6069	58.03
6070	56.46
6071	54.65
6072	55.83
6073	55.64
6074	53.1
6075	53.08
6076	49.67
6077	48.96
6078	51.81
6079	55.81
6080	60.09
6081	59.29
6082	58.86
6083	57.1
6084	56.44
6085	56.65
6086	56.38
6087	55.36
6088	54.17
6089	55.62
6090	56.04
6091	62.64
6092	103.03
6093	62.32
6094	59.29
6095	58.52
6096	57.06
6097	58.64
6098	56.24
6099	55.59
6100	51.62
6101	49.72
6102	52.77
6103	59.5
6104	62.51
6105	89.49
6106	2216.97
6107	58.38
6108	61.85
6109	68.48
6110	64.25
6111	62.76
6112	55.94
6113	60.72
6114	60.03
6115	64.1
6116	67.8
6117	57.19
6118	53.47
6119	54.09
6120	54.31
6121	56.25
6122	49.46
6123	45.81
6124	42.26
6125	40.18
6126	41.76
6127	44.66
6128	47.09
6129	49.48
6130	50.26
6131	49.47
6132	50.65
6133	51.62
6134	50.24
6135	54.4
6136	51.75
6137	51.55
6138	52.98
6139	55.49
6140	56.22
6141	52.15
6142	49.09
6143	49.74
6144	53.06
6145	54.52
6146	52.73
6147	52.37
6148	48.14
6149	46.99
6150	47.14
6151	50.17
6152	55.25
6153	57.2
6154	55.82
6155	53.93
6156	53.34
6157	53.57
6158	53.43
6159	53.3
6160	51.56
6161	51.85
6162	52.74
6163	59.83
6164	63.61
6165	58.11
6166	60.13
6167	55.11
6168	58.88
6169	57.43
6170	55.64
6171	53.8
6172	50.31
6173	47.95
6174	50.44
6175	55.55
6176	60.41
6177	61.87
6178	58.72
6179	57.51
6180	57.09
6181	57.1
6182	56.62
6183	55.89
6184	55.28
6185	55.79
6186	57.27
6187	60.62
6188	61.81
6189	57.68
6190	57.41
6191	57.9
6192	60.24
6193	60.68
6194	55.9
6195	54.8
6196	51.96
6197	48.78
6198	48.44
6199	47.45
6200	49.22
6201	53.42
6202	56.54
6203	56.86
6204	56.13
6205	55.2
6206	52.69
6207	51.27
6208	50.69
6209	50.99
6210	54.1
6211	62.48
6212	65.83
6213	57.72
6214	57.85
6215	55.85
6216	58.07
6217	58.72
6218	54.62
6219	52.1
6220	48.54
6221	46.93
6222	47.43
6223	45.7
6224	42.88
6225	47
6226	49.9
6227	51.08
6228	50.68
6229	49.43
6230	48.48
6231	46.98
6232	47.16
6233	48.57
6234	52.5
6235	59.3
6236	61.13
6237	56.67
6238	55.49
6239	54.9
6240	53.99
6241	53.64
6242	52.35
6243	50.05
6244	47.44
6245	45.74
6246	47.95
6247	53.45
6248	54.88
6249	57.8
6250	57.84
6251	59.27
6252	60.01
6253	59.74
6254	59.71
6255	58.9
6256	57.13
6257	55.57
6258	56.02
6259	60.22
6260	59.62
6261	58.17
6262	55
6263	54.25
6264	57.51
6265	58.88
6266	56.18
6267	53.91
6268	50.76
6269	49.51
6270	51.86
6271	53.63
6272	53.05
6273	56.43
6274	57.21
6275	56.79
6276	56.18
6277	56.51
6278	56.64
6279	58.03
6280	56.27
6281	56.37
6282	56.73
6283	59.18
6284	59.46
6285	56.87
6286	54.96
6287	54.18
6288	54.4
6289	53.85
6290	51.05
6291	47.75
6292	45.85
6293	44.42
6294	46.26
6295	48.99
6296	50.06
6297	56.28
6298	56.97
6299	55.74
6300	54.69
6301	54.4
6302	56.6
6303	54.45
6304	55.82
6305	54.7
6306	55.07
6307	59.33
6308	58.65
6309	54.75
6310	53.2
6311	53.47
6312	53.07
6313	53.02
6314	51.14
6315	47.18
6316	40.86
6317	40.44
6318	43.81
6319	46.44
6320	49.7
6321	51.96
6322	56.04
6323	53.98
6324	51.08
6325	50.58
6326	50.14
6327	49.75
6328	51.18
6329	52.04
6330	50.76
6331	53.92
6332	51.61
6333	49.68
6334	46.36
6335	44.07
6336	46.64
6337	48.45
6338	42.51
6339	40.78
6340	36.79
6341	36.26
6342	38.46
6343	40.82
6344	45.53
6345	52.77
6346	52.12
6347	49.85
6348	49.33
6349	48.07
6350	48.17
6351	46.3
6352	45.73
6353	45.21
6354	45.94
6355	48.1
6356	46.1
6357	43.72
6358	44.36
6359	50.39
6360	52.95
6361	51.33
6362	47.37
6363	44.14
6364	40.12
6365	39.06
6366	39.08
6367	40.39
6368	43.47
6369	46.38
6370	47.34
6371	44.22
6372	43.66
6373	42.26
6374	42.76
6375	43.9
6376	45
6377	45.85
6378	46.62
6379	49.79
6380	51.05
6381	45.25
6382	44.25
6383	42.29
6384	46.74
6385	45.4
6386	41.6
6387	38.53
6388	36.37
6389	36.17
6390	36.17
6391	36.18
6392	37.18
6393	39.02
6394	39.85
6395	42.17
6396	41.55
6397	42.31
6398	41.18
6399	39.63
6400	38.48
6401	41.1
6402	44.71
6403	53.4
6404	55.91
6405	54.24
6406	48.81
6407	46.11
6408	46.7
6409	47.11
6410	43.6
6411	39.17
6412	36.89
6413	36.82
6414	42.22
6415	47.69
6416	49.65
6417	50.79
6418	54.26
6419	54.17
6420	53.69
6421	56.94
6422	54.74
6423	56.19
6424	57.63
6425	52.84
6426	52.31
6427	59.36
6428	64.53
6429	56.66
6430	51.37
6431	53.04
6432	54.98
6433	53.95
6434	50.81
6435	49.41
6436	44.2
6437	40.52
6438	45.3
6439	48.07
6440	50.82
6441	49.88
6442	52.52
6443	50.7
6444	51.63
6445	51.24
6446	52.02
6447	51.54
6448	51.74
6449	57.21
6450	52.72
6451	58.61
6452	61.17
6453	53.59
6454	52.22
6455	52.08
6456	47.69
6457	49.18
6458	44.59
6459	39.92
6460	36.59
6461	36.27
6462	38.5
6463	44.71
6464	50.01
6465	45.33
6466	47.99
6467	47.32
6468	44.69
6469	44.41
6470	45.48
6471	44.87
6472	45.57
6473	47.31
6474	46.91
6475	47.63
6476	48.57
6477	47.26
6478	46.18
6479	42.75
6480	45.73
6481	48.09
6482	45.9
6483	41.45
6484	36.53
6485	36.26
6486	36.94
6487	40.63
6488	42.72
6489	44.25
6490	47.69
6491	46.49
6492	46.3
6493	48.23
6494	47.98
6495	47.56
6496	50.11
6497	50.33
6498	50.04
6499	51.65
6500	52.66
6501	48.96
6502	45.51
6503	44.36
6504	46.66
6505	47.97
6506	44.29
6507	39.08
6508	36.33
6509	22.13
6510	36.33
6511	39.83
6512	40.19
6513	42.33
6514	45.47
6515	46.91
6516	46.71
6517	48.98
6518	48.15
6519	47.64
6520	44.63
6521	46.72
6522	50.47
6523	53.61
6524	52.41
6525	48.42
6526	45.84
6527	44.2
6528	43.35
6529	46.16
6530	41.14
6531	39.29
6532	36.14
6533	36.16
6534	36.26
6535	36.32
6536	37.98
6537	40.66
6538	42.81
6539	42.8
6540	42.72
6541	43.19
6542	41.82
6543	41.15
6544	38.95
6545	40.68
6546	42.32
6547	45.77
6548	48.69
6549	49.7
6550	49.17
6551	47.31
6552	48.38
6553	50.52
6554	47
6555	40.41
6556	37.27
6557	36.22
6558	36.37
6559	36.72
6560	39.1
6561	45.17
6562	46.05
6563	48.87
6564	47.27
6565	47.74
6566	47.27
6567	46.61
6568	46.41
6569	46.91
6570	48.09
6571	52.53
6572	56.34
6573	56.24
6574	52.66
6575	49.97
6576	48.93
6577	38.49
6578	21.69
6579	16.5
6580	12.16
6581	11.86
6582	11.88
6583	11.89
6584	11.92
6585	11.91
6586	14
6587	17.9
6588	17.9
6589	17.91
6590	20.38
6591	18
6592	17.91
6593	17.99
6594	17.99
6595	22.69
6596	34
6597	30.66
6598	28.39
6599	32.32
6600	27.24
6601	20.11
6602	17.92
6603	17.89
6604	17.14
6605	16.28
6606	17.16
6607	17.71
6608	20.26
6609	25.08
6610	23.56
6611	21.88
6612	18.27
6613	23.08
6614	18.97
6615	18.57
6616	18.09
6617	25.29
6618	31.99
6619	36.94
6620	40.06
6621	32.66
6622	21.67
6623	23.62
6624	18.22
6625	18.03
6626	18.37
6627	17.98
6628	17.33
6629	17.83
6630	20.87
6631	28.29
6632	34.87
6633	37.29
6634	32.52
6635	30.9
6636	30.8
6637	30.76
6638	29.92
6639	29.63
6640	29.27
6641	29.36
6642	31.26
6643	37.42
6644	42.94
6645	34.53
6646	23.83
6647	21.15
6648	22.91
6649	21.97
6650	19.81
6651	17.19
6652	17.86
6653	20
6654	24.54
6655	25.58
6656	31.71
6657	27.85
6658	26.91
6659	23.12
6660	23.27
6661	21.53
6662	23.9
6663	24.98
6664	26.34
6665	28.52
6666	25.65
6667	25.07
6668	28.2
6669	25.27
6670	22.74
6671	14.26
6672	14.58
6673	12.21
6674	11.97
6675	11.7
6676	11.31
6677	11.85
6678	14.15
6679	23.47
6680	28.58
6681	28.47
6682	25.26
6683	23.74
6684	25.74
6685	25.22
6686	25.02
6687	24.97
6688	25.14
6689	26.41
6690	24.72
6691	25.52
6692	28.26
6693	24.94
6694	23.22
6695	22.83
6696	23.7
6697	21.89
6698	18.88
6699	18.38
6700	20.56
6701	20.82
6702	21.55
6703	25.36
6704	34.1
6705	30.79
6706	29.82
6707	31.03
6708	32.61
6709	31.66
6710	29.63
6711	29.03
6712	27.27
6713	28.94
6714	28.87
6715	30.79
6716	28.81
6717	28.66
6718	26.16
6719	24.92
6720	25.06
6721	25.38
6722	22.15
6723	21.35
6724	18.28
6725	21.11
6726	20.08
6727	31.14
6728	40.28
6729	36.13
6730	38.36
6731	31.1
6732	32.71
6733	29.64
6734	28.71
6735	27.39
6736	25.98
6737	26.49
6738	26.44
6739	25.81
6740	29.97
6741	31.22
6742	28.07
6743	27.14
6744	28.72
6745	26.91
6746	24.15
6747	23.43
6748	22.45
6749	22.18
6750	22.38
6751	23.6
6752	27.98
6753	31.36
6754	35.4
6755	32.08
6756	31.18
6757	28.57
6758	27.48
6759	30.88
6760	28.38
6761	30.7
6762	32.14
6763	33.89
6764	35.04
6765	31.29
6766	28.58
6767	27.43
6768	26.99
6769	26.11
6770	23.44
6771	21.68
6772	20.53
6773	18.96
6774	12.9
6775	17.75
6776	21.62
6777	23.67
6778	24.8
6779	24.82
6780	24.41
6781	23.51
6782	22.42
6783	22.67
6784	22.95
6785	25.47
6786	29.9
6787	33.96
6788	40.57
6789	34.19
6790	29.04
6791	25.36
6792	24.48
6793	26.5
6794	24.96
6795	24.57
6796	23.17
6797	23.72
6798	31.66
6799	39.36
6800	43.62
6801	36.69
6802	37.27
6803	35.35
6804	31.99
6805	29.9
6806	28.97
6807	29.21
6808	27.1
6809	30.46
6810	31.28
6811	34.57
6812	33.51
6813	28.71
6814	26.25
6815	24.57
6816	25.24
6817	26.34
6818	24.48
6819	22.24
6820	21.58
6821	22.56
6822	30.96
6823	44.68
6824	41.76
6825	33.05
6826	31.26
6827	32.15
6828	32.68
6829	32.74
6830	32.38
6831	30.93
6832	31.39
6833	31.14
6834	32.14
6835	32.93
6836	33.6
6837	32.25
6838	31.54
6839	27.99
6840	31
6841	31.32
6842	26.35
6843	23.45
6844	22.08
6845	22.69
6846	29.86
6847	36.57
6848	38.38
6849	34.56
6850	32.59
6851	30.95
6852	30.59
6853	33.95
6854	32.69
6855	33.26
6856	32.22
6857	33.45
6858	32.64
6859	31.63
6860	34.96
6861	31.59
6862	27.63
6863	27.48
6864	27.55
6865	26.63
6866	24.36
6867	22.84
6868	22.18
6869	21.82
6870	25.36
6871	33.92
6872	37.32
6873	33.48
6874	32.43
6875	31.18
6876	31.07
6877	31.95
6878	32.48
6879	31.31
6880	31.17
6881	31.2
6882	31.73
6883	31.05
6884	32.49
6885	32.16
6886	30.34
6887	27.85
6888	28.42
6889	25.66
6890	23.74
6891	21.69
6892	20.93
6893	20.85
6894	22.71
6895	29.07
6896	32.63
6897	30.12
6898	31.58
6899	33.96
6900	33.61
6901	33.05
6902	32.95
6903	30.77
6904	30.06
6905	29.75
6906	29.34
6907	27.7
6908	27.54
6909	24.98
6910	22.67
6911	21.89
6912	23.05
6913	24.35
6914	21.35
6915	20.2
6916	17.37
6917	16.49
6918	18.04
6919	20.68
6920	24
6921	27.94
6922	26.65
6923	27.01
6924	26.98
6925	24.33
6926	21.3
6927	21.57
6928	21.05
6929	22.31
6930	22.49
6931	24.91
6932	26
6933	22.62
6934	21.34
6935	20.49
6936	19.67
6937	20.39
6938	19.61
6939	16.1
6940	14.51
6941	14.24
6942	13.66
6943	17.45
6944	19.55
6945	23.9
6946	25.79
6947	25.23
6948	23.6
6949	19.77
6950	17.89
6951	17.9
6952	17.89
6953	17.96
6954	24.69
6955	29.12
6956	32.8
6957	31.47
6958	23.46
6959	18.63
6960	20.1
6961	18.88
6962	17.98
6963	17.56
6964	17.69
6965	19.61
6966	26.68
6967	37.08
6968	37.31
6969	38.32
6970	37.7
6971	34.57
6972	33.76
6973	31.87
6974	30.28
6975	29.64
6976	29.81
6977	30.74
6978	31.43
6979	31.42
6980	34.02
6981	31.27
6982	26.23
6983	25.66
6984	25.2
6985	25.69
6986	23.79
6987	22.08
6988	20.94
6989	21.09
6990	31.14
6991	48.52
6992	35.27
6993	37.8
6994	30.73
6995	31.46
6996	32.07
6997	32.45
6998	31.54
6999	31.19
7000	32.53
7001	35.81
7002	31.5
7003	29.41
7004	31.97
7005	29.58
7006	25.47
7007	18.78
7008	19.07
7009	15.49
7010	12.28
7011	11.97
7012	12.13
7013	11.91
7014	14.62
7015	14.1
7016	21.93
7017	27.76
7018	30.17
7019	29.81
7020	31.99
7021	32.34
7022	32.95
7023	32.82
7024	33.77
7025	34.47
7026	31.62
7027	29.3
7028	30.9
7029	26.33
7030	23.45
7031	18.13
7032	16.02
7033	12.89
7034	11.89
7035	11.88
7036	11.88
7037	11.46
7038	11.7
7039	13.59
7040	21.33
7041	25.75
7042	24.93
7043	28.38
7044	31.63
7045	32.09
7046	30.86
7047	30.29
7048	31.23
7049	30.72
7050	31.81
7051	30.15
7052	30.76
7053	25.16
7054	18.44
7055	17.72
7056	17.67
7057	14.23
7058	12.67
7059	11.92
7060	11.89
7061	11.89
7062	13.56
7063	16.45
7064	25.1
7065	26.48
7066	27.36
7067	26.4
7068	27.4
7069	26.61
7070	26.08
7071	24.35
7072	23.67
7073	22.91
7074	23.58
7075	21.15
7076	21.29
7077	13.69
7078	11.22
7079	9.63
7080	9.65
7081	2.99
7082	1.92
7083	4.27
7084	0.29
7085	-167.55
7086	3.03
7087	8.18
7088	11.73
7089	16.85
7090	15.72
7091	17.41
7092	17.71
7093	18.77
7094	17.99
7095	17.98
7096	17.99
7097	17.99
7098	19.62
7099	19.37
7100	20.04
7101	18.97
7102	17.96
7103	17.89
7104	17.88
7105	16.6
7106	15.48
7107	14.69
7108	11.89
7109	11.27
7110	11.86
7111	-17.72
7112	10.13
7113	11.6
7114	17.5
7115	17.89
7116	17.9
7117	17.98
7118	17.98
7119	18.34
7120	21.8
7121	24.38
7122	24.6
7123	24.83
7124	24.36
7125	22.26
7126	17.94
7127	17.68
7128	17.17
7129	13.31
7130	15.25
7131	12.63
7132	11.85
7133	11.88
7134	12.23
7135	19.5
7136	26.06
7137	28.62
7138	31.72
7139	28.59
7140	30.49
7141	33.84
7142	32
7143	35.34
7144	34.38
7145	30.87
7146	29.56
7147	27.55
7148	27.17
7149	25.04
7150	22
7151	20.74
7152	19.95
7153	20.07
7154	18.76
7155	16.8
7156	11.89
7157	11.9
7158	16.78
7159	25.82
7160	29.12
7161	27.73
7162	28.9
7163	28.9
7164	28.1
7165	28.32
7166	28.08
7167	26.68
7168	27.51
7169	27.6
7170	27.15
7171	25.64
7172	28.94
7173	26.88
7174	24.36
7175	20.61
7176	17.97
7177	17.59
7178	15.97
7179	12.32
7180	13.29
7181	14.82
7182	19.71
7183	24.44
7184	32.02
7185	25.56
7186	25.99
7187	24.03
7188	25.65
7189	26.85
7190	27.08
7191	26.66
7192	23.12
7193	24.53
7194	25.85
7195	24.73
7196	24.36
7197	22.93
7198	23.33
7199	18.02
7200	13.8
7201	11.9
7202	12.75
7203	11.88
7204	11.88
7205	12.26
7206	12.47
7207	15.97
7208	26.44
7209	23.32
7210	20.63
7211	25.65
7212	27.05
7213	26.25
7214	26.6
7215	26.32
7216	26.68
7217	27.79
7218	28.01
7219	25.09
7220	24.4
7221	21.74
7222	22.72
7223	20.12
7224	19.74
7225	20.76
7226	18.5
7227	16.59
7228	12.43
7229	13.89
7230	19.66
7231	21.72
7232	26.81
7233	29.98
7234	32.69
7235	27.44
7236	26.04
7237	26.56
7238	26.54
7239	27.04
7240	33.15
7241	31.84
7242	33.81
7243	27.74
7244	25.84
7245	24.29
7246	25.15
7247	27.87
7248	26.3
7249	23.17
7250	21.03
7251	13.4
7252	11.84
7253	11.82
7254	11.92
7255	11.91
7256	17.08
7257	19.29
7258	22.08
7259	22.55
7260	21.54
7261	16.28
7262	11.91
7263	11.88
7264	12.13
7265	17.14
7266	16.42
7267	17.01
7268	20.56
7269	17.88
7270	15.35
7271	11.88
7272	12.37
7273	11.88
7274	11.95
7275	11.32
7276	7.94
7277	9.71
7278	9.65
7279	9.83
7280	11.56
7281	11.08
7282	14.49
7283	15.32
7284	11.55
7285	9.83
7286	9.65
7287	17.87
7288	18.4
7289	21.3
7290	23.7
7291	24.9
7292	29.07
7293	26.5
7294	19.71
7295	17.75
7296	17.67
7297	16.25
7298	14.97
7299	13.09
7300	11.48
7301	11.93
7302	16.87
7303	23.05
7304	22.55
7305	24.33
7306	23.89
7307	21.28
7308	23.4
7309	24.76
7310	22.96
7311	20.43
7312	23.1
7313	24.49
7314	22.92
7315	22.34
7316	25.19
7317	23.45
7318	19.36
7319	17.56
7320	18.56
7321	14.84
7322	11.88
7323	11.87
7324	11.87
7325	11.87
7326	11.88
7327	16.4
7328	21.12
7329	24.06
7330	18.52
7331	17.93
7332	17.86
7333	17.78
7334	17.63
7335	17.02
7336	18.15
7337	21.97
7338	21.97
7339	22.09
7340	23.35
7341	22.05
7342	19.21
7343	17.74
7344	18.23
7345	17.7
7346	16.69
7347	12.07
7348	11.88
7349	11.88
7350	19.93
7351	29.3
7352	27.09
7353	25.72
7354	25.83
7355	25.9
7356	24.36
7357	24.81
7358	24.69
7359	26.64
7360	26.51
7361	28.01
7362	28.97
7363	29.47
7364	29.68
7365	27.45
7366	23.29
7367	21.22
7368	19.81
7369	18.77
7370	18.55
7371	17.3
7372	14.78
7373	13.76
7374	19.3
7375	26.03
7376	28.54
7377	26.1
7378	27.65
7379	26.9
7380	25.93
7381	25.9
7382	24.75
7383	25.45
7384	25.93
7385	28.3
7386	29.18
7387	29.43
7388	30.08
7389	28
7390	22.09
7391	19.53
7392	21.44
7393	21.33
7394	24.42
7395	21.95
7396	20.77
7397	21.17
7398	31.45
7399	31.97
7400	37.14
7401	32.46
7402	33.29
7403	31.75
7404	34.2
7405	33.85
7406	31.49
7407	29.4
7408	34.31
7409	33.52
7410	31.34
7411	28.56
7412	29.51
7413	30.65
7414	27.19
7415	26.94
7416	29.64
7417	29.73
7418	25.98
7419	21.84
7420	21.05
7421	17.96
7422	19.9
7423	21.79
7424	24.37
7425	28.38
7426	30.2
7427	26.47
7428	27.21
7429	25.52
7430	24.26
7431	25.64
7432	27.27
7433	31.92
7434	32.79
7435	31.87
7436	31.15
7437	28.69
7438	25.2
7439	24.57
7440	25.65
7441	25.61
7442	23.11
7443	20.5
7444	18.5
7445	17.85
7446	17.56
7447	18.64
7448	21.17
7449	24.27
7450	26.05
7451	27.37
7452	29.34
7453	28.47
7454	28.15
7455	27.29
7456	27.36
7457	29.22
7458	29.29
7459	28.43
7460	27.54
7461	28.66
7462	24.54
7463	25.04
7464	26.72
7465	27.6
7466	25.92
7467	23.29
7468	22.17
7469	21.98
7470	26.58
7471	32.83
7472	32.17
7473	31.28
7474	36.47
7475	37.8
7476	39.7
7477	42.4
7478	51.68
7479	39.56
7480	36.38
7481	37.83
7482	34.3
7483	31.69
7484	33.06
7485	32.88
7486	29.67
7487	27.44
7488	27.79
7489	24.97
7490	24.31
7491	24.39
7492	23.78
7493	24.75
7494	30.02
7495	36.06
7496	38.3
7497	34.63
7498	35.52
7499	36.97
7500	38.18
7501	45.44
7502	44.27
7503	40.16
7504	46.17
7505	70.72
7506	37.51
7507	31.61
7508	37.75
7509	35.36
7510	30.03
7511	29.16
7512	30.6
7513	30.11
7514	34.09
7515	29.83
7516	24.73
7517	24.32
7518	27.6
7519	31.21
7520	30.05
7521	30.87
7522	31.88
7523	31.05
7524	30.48
7525	-35.37
7526	36.12
7527	36.53
7528	27.56
7529	27.15
7530	26.92
7531	28.04
7532	27.56
7533	26.29
7534	23.16
7535	22.24
7536	22.21
7537	22.32
7538	20.93
7539	20.41
7540	19.94
7541	20.3
7542	23.71
7543	30.92
7544	31.78
7545	28.58
7546	29.07
7547	25.29
7548	25.05
7549	26.25
7550	29.72
7551	29.27
7552	28.57
7553	26.48
7554	27.15
7555	25.9
7556	28.83
7557	27.18
7558	25.07
7559	25.36
7560	27.26
7561	26.1
7562	27.77
7563	23.79
7564	22.71
7565	23.73
7566	30.11
7567	37.94
7568	35.45
7569	32.58
7570	35.2
7571	34.92
7572	34.46
7573	32.47
7574	38.45
7575	40.18
7576	36.77
7577	36.07
7578	28.85
7579	27.6
7580	28.62
7581	30.26
7582	27.28
7583	28.33
7584	30.77
7585	30.32
7586	26.48
7587	22.25
7588	21.36
7589	20.77
7590	20.74
7591	21.04
7592	22.36
7593	26.71
7594	29.34
7595	26.09
7596	32.79
7597	33.64
7598	35.93
7599	35.06
7600	32.28
7601	28.93
7602	27.11
7603	25.29
7604	27.16
7605	27.11
7606	26.22
7607	24.15
7608	26.34
7609	23.92
7610	22.12
7611	19.44
7612	18.28
7613	17.67
7614	17.06
7615	17.01
7616	18.97
7617	24.43
7618	26.92
7619	24.81
7620	25
7621	25.14
7622	25.08
7623	28.53
7624	28.77
7625	28.66
7626	29.33
7627	28.86
7628	32.6
7629	30.64
7630	26.54
7631	23.39
7632	22.65
7633	22.03
7634	23.42
7635	20.48
7636	17.91
7637	19.54
7638	23.88
7639	29.8
7640	30.46
7641	28.52
7642	27.66
7643	32.37
7644	34.26
7645	27.89
7646	28.14
7647	26.53
7648	24.95
7649	27.24
7650	25.97
7651	26.34
7652	30.81
7653	28.29
7654	25.77
7655	23.42
7656	23.15
7657	21.86
7658	23.11
7659	21.49
7660	20.48
7661	15.85
7662	21.38
7663	31.23
7664	32.33
7665	33.78
7666	37.97
7667	33.1
7668	36.11
7669	40.57
7670	40.59
7671	37.78
7672	53.33
7673	39.33
7674	31.86
7675	27.81
7676	28.59
7677	28.43
7678	27.15
7679	24.23
7680	22.2
7681	22.18
7682	20.97
7683	20.81
7684	19.67
7685	21.01
7686	26.54
7687	34.5
7688	34.43
7689	27.73
7690	27.64
7691	29.55
7692	29.62
7693	27.53
7694	27.34
7695	27.45
7696	27.76
7697	36.29
7698	30.2
7699	29.05
7700	30.58
7701	26.33
7702	23.43
7703	22.01
7704	22.73
7705	22.82
7706	21.73
7707	20.46
7708	18.61
7709	19.82
7710	21.46
7711	26.77
7712	30.64
7713	29.32
7714	27.84
7715	27.58
7716	29.39
7717	33.32
7718	30.8
7719	39.16
7720	38.67
7721	35.24
7722	31.72
7723	31.76
7724	36.72
7725	31.55
7726	29.5
7727	27.36
7728	25.48
7729	22.8
7730	21.52
7731	19.9
7732	17.69
7733	15.85
7734	20.58
7735	28.31
7736	30.02
7737	28.97
7738	32.47
7739	33.32
7740	36.26
7741	37.04
7742	36.79
7743	41.01
7744	42.56
7745	42.39
7746	35.98
7747	32.75
7748	32.98
7749	31.5
7750	27.76
7751	26.93
7752	30.92
7753	29.93
7754	29.37
7755	20.38
7756	17.54
7757	17.82
7758	20.35
7759	24.15
7760	28.22
7761	32.06
7762	29.43
7763	29.1
7764	26.7
7765	20.32
7766	18.98
7767	28.84
7768	33.63
7769	37.67
7770	32.75
7771	22.03
7772	30.9
7773	32.45
7774	20.74
7775	19.4
7776	27.34
7777	21.52
7778	17.85
7779	16.73
7780	14.32
7781	11.87
7782	11.83
7783	11.91
7784	11.86
7785	11.86
7786	11.86
7787	11.86
7788	11.86
7789	13.77
7790	16.8
7791	17.42
7792	20.39
7793	23.5
7794	24.05
7795	20.83
7796	24.84
7797	32.94
7798	25.82
7799	21.53
7800	23.22
7801	19.11
7802	19.13
7803	17.15
7804	14.32
7805	16.41
7806	21.92
7807	26.21
7808	30.14
7809	29.19
7810	28.33
7811	28.01
7812	28.88
7813	31.54
7814	36.65
7815	35.62
7816	32.15
7817	30.79
7818	29.18
7819	25.75
7820	29.51
7821	30.17
7822	27.63
7823	24.59
7824	23.23
7825	18.58
7826	17.37
7827	15.06
7828	17.51
7829	15.5
7830	19.06
7831	28.39
7832	30.14
7833	31.16
7834	29.72
7835	29.81
7836	33.12
7837	30.64
7838	31.27
7839	28.23
7840	30.38
7841	34.21
7842	31.91
7843	28.53
7844	27.42
7845	27.5
7846	25.82
7847	24.58
7848	23.21
7849	23.02
7850	21.96
7851	18.21
7852	16.91
7853	17.2
7854	18.57
7855	30.06
7856	33.01
7857	31.5
7858	33.59
7859	35.35
7860	32.91
7861	28.66
7862	26.42
7863	24.07
7864	28.62
7865	32.68
7866	26.11
7867	25.9
7868	24.73
7869	23.68
7870	24.55
7871	19.78
7872	21.02
7873	19.15
7874	19.15
7875	17.53
7876	15.76
7877	15.68
7878	17.71
7879	25.96
7880	29.56
7881	30.96
7882	32.2
7883	33.62
7884	34.51
7885	34.85
7886	38.53
7887	42.43
7888	38.49
7889	38.19
7890	34.63
7891	27.38
7892	34.27
7893	34.58
7894	26.64
7895	23.78
7896	27.91
7897	24.97
7898	23.52
7899	21.35
7900	20.97
7901	20.92
7902	25.45
7903	34.77
7904	40.77
7905	42.61
7906	40.22
7907	39.58
7908	37.98
7909	37.88
7910	37.83
7911	37.49
7912	37.24
7913	36.44
7914	32
7915	29.26
7916	30.48
7917	31.19
7918	29.95
7919	31.97
7920	31.85
7921	28.77
7922	23.96
7923	21.36
7924	20.52
7925	20.08
7926	20.42
7927	21.45
7928	28.53
7929	30
7930	33.7
7931	28.74
7932	33.74
7933	26.55
7934	22.02
7935	19.41
7936	21.56
7937	24.51
7938	24.65
7939	25.3
7940	25.14
7941	23.66
7942	21.19
7943	22.96
7944	24.72
7945	20.97
7946	20.32
7947	17.85
7948	17.16
7949	17.15
7950	16.33
7951	17.19
7952	20.37
7953	20.65
7954	26
7955	24.8
7956	23.98
7957	24.54
7958	22.03
7959	23.99
7960	26.84
7961	26.68
7962	31.28
7963	29.48
7964	23.71
7965	24.62
7966	22.78
7967	18.07
7968	17.96
7969	19.39
7970	17.72
7971	17.18
7972	15.21
7973	16.67
7974	21.27
7975	26.13
7976	29.19
7977	32.67
7978	37.27
7979	38.53
7980	38.53
7981	38.86
7982	38.07
7983	38.82
7984	36.62
7985	35.02
7986	37.39
7987	31.24
7988	31.04
7989	35.03
7990	23.69
7991	21.3
7992	21.13
7993	17.33
7994	15.1
7995	13.41
7996	11.85
7997	12.9
7998	18.75
7999	25.86
8000	24.47
8001	34.86
8002	38.48
8003	37.23
8004	35.65
8005	40.82
8006	37.99
8007	39.58
8008	32.02
8009	31.12
8010	34.06
8011	32.96
8012	31.35
8013	27.67
8014	22.96
8015	21.73
8016	23.07
8017	20.38
8018	12.21
8019	7.76
8020	3.47
8021	8.33
8022	15.03
8023	26.08
8024	25.59
8025	22.29
8026	25.47
8027	25.94
8028	22.11
8029	22.36
8030	25.01
8031	22.54
8032	22.6
8033	23.15
8034	19.35
8035	11.18
8036	13.06
8037	27.27
8038	21.84
8039	18.44
8040	18.57
8041	17.31
8042	18.25
8043	17.89
8044	15.73
8045	16.44
8046	18.83
8047	25.67
8048	29.7
8049	26.01
8050	25.82
8051	27.83
8052	27.93
8053	25.89
8054	24.93
8055	24.5
8056	24.06
8057	24.18
8058	22.38
8059	21.33
8060	21.32
8061	21.83
8062	20.03
8063	16.27
8064	18.1
8065	16.41
8066	17.02
8067	15.66
8068	15
8069	16.31
8070	19.67
8071	23.21
8072	28.88
8073	25.06
8074	26.68
8075	26.97
8076	27.29
8077	26.57
8078	25.58
8079	25.18
8080	25.37
8081	25.44
8082	24.2
8083	21.89
8084	21.34
8085	21.64
8086	21.35
8087	20.77
8088	21.01
8089	19.92
8090	17.66
8091	16.69
8092	15.89
8093	15.62
8094	15.17
8095	14.85
8096	16.24
8097	17.83
8098	19.44
8099	19.25
8100	19.77
8101	17.96
8102	16.83
8103	15.62
8104	15.41
8105	15.91
8106	14.64
8107	20.24
8108	20.79
8109	18.42
8110	17.91
8111	18.48
8112	18.64
8113	17.15
8114	16.26
8115	15.91
8116	12.31
8117	11.43
8118	10.9
8119	13.26
8120	16.23
8121	17.12
8122	17.88
8123	17.65
8124	17.07
8125	16.75
8126	15.33
8127	15.56
8128	15.03
8129	16.71
8130	17.56
8131	17.61
8132	18.11
8133	19.46
8134	17.75
8135	17.13
8136	17.4
8137	17.77
8138	17.15
8139	15.13
8140	12.74
8141	14.79
8142	16.7
8143	21.64
8144	25.98
8145	19.41
8146	19.69
8147	19.66
8148	20.67
8149	22.97
8150	22.49
8151	21.52
8152	21.11
8153	22.42
8154	21.94
8155	19.85
8156	18.74
8157	20.32
8158	19.45
8159	18.57
8160	20.52
8161	18.77
8162	17.99
8163	15.96
8164	15.43
8165	17.11
8166	19.74
8167	21.06
8168	21.2
8169	22.24
8170	23.84
8171	26.83
8172	28.02
8173	28.52
8174	26.97
8175	26.23
8176	24.41
8177	26.2
8178	27.33
8179	22.87
8180	26.05
8181	27.75
8182	22.1
8183	17.56
8184	17.72
8185	16.1
8186	15.53
8187	14.57
8188	15.19
8189	15.25
8190	17.78
8191	23.76
8192	26.18
8193	27.18
8194	27.22
8195	26.98
8196	26.13
8197	26.47
8198	27.33
8199	28.61
8200	28.9
8201	29.85
8202	27.57
8203	27.45
8204	25.94
8205	28.74
8206	24.36
8207	21.86
8208	22.8
8209	21.81
8210	19.52
8211	17.74
8212	16.49
8213	16.12
8214	19.08
8215	24.66
8216	26.31
8217	24.86
8218	25.62
8219	26.95
8220	27.49
8221	28.3
8222	28.88
8223	29.83
8224	30.1
8225	29.61
8226	29.64
8227	26.52
8228	27.39
8229	26.48
8230	24.91
8231	25.57
8232	27.53
8233	24.75
8234	21.8
8235	19.51
8236	17.91
8237	17.3
8238	22.24
8239	27.78
8240	28.63
8241	28.85
8242	30.16
8243	35.23
8244	32.98
8245	40.41
8246	42.88
8247	37.4
8248	34.6
8249	30.91
8250	27.31
8251	26.22
8252	28.56
8253	27.72
8254	24.08
8255	21.6
8256	25.2
8257	24.72
8258	22.31
8259	20.46
8260	17.48
8261	17.28
8262	17.53
8263	20.57
8264	25.06
8265	29.32
8266	30.45
8267	31.27
8268	31.35
8269	30.53
8270	31.7
8271	29.5
8272	29.48
8273	28.43
8274	27.92
8275	25.95
8276	25.06
8277	24.32
8278	22.92
8279	21.82
8280	22.59
8281	21.2
8282	17.65
8283	16.25
8284	15.64
8285	12.42
8286	13.12
8287	14.17
8288	14.54
8289	16.51
8290	19.97
8291	20.48
8292	21.51
8293	21.72
8294	21.4
8295	22.52
8296	23
8297	23.17
8298	24.72
8299	22.57
8300	26.88
8301	24.03
8302	21.62
8303	19.63
8304	19.62
8305	15.84
8306	14.01
8307	13.8
8308	12.86
8309	15.16
8310	19.09
8311	25.79
8312	29.09
8313	26.25
8314	28.56
8315	27.1
8316	27.04
8317	26.17
8318	27.48
8319	25.97
8320	26.34
8321	26.5
8322	25.78
8323	25.64
8324	26.32
8325	26.72
8326	23.31
8327	21.39
8328	27.33
8329	24.45
8330	20.82
8331	15.97
8332	14.85
8333	14.86
8334	19.66
8335	28.92
8336	27.71
8337	27.02
8338	29.14
8339	26.52
8340	27.7
8341	28.24
8342	28.66
8343	26.03
8344	26.82
8345	26.79
8346	25.24
8347	24.08
8348	23.8
8349	26.92
8350	23.23
8351	21.51
8352	23.84
8353	20.96
8354	15.89
8355	11.41
8356	10.69
8357	13.81
8358	20.1
8359	25.78
8360	27.13
8361	26.96
8362	30.52
8363	32.54
8364	29.99
8365	29.43
8366	30.73
8367	30.09
8368	28.59
8369	26.82
8370	24.28
8371	22.25
8372	23.31
8373	24.97
8374	22.37
8375	21.58
8376	21.72
8377	17.69
8378	17.78
8379	15.33
8380	14.84
8381	17.28
8382	21.2
8383	26.84
8384	27.79
8385	25.9
8386	27.33
8387	25.94
8388	26.14
8389	28.16
8390	29.38
8391	27.58
8392	26.22
8393	26.3
8394	27.03
8395	23.56
8396	24.39
8397	24.06
8398	23
8399	21.45
8400	22.07
8401	22.53
8402	20.57
8403	16.59
8404	15.48
8405	19.13
8406	22.84
8407	28.79
8408	28.05
8409	26.28
8410	28.44
8411	26.99
8412	29.3
8413	30.47
8414	30.19
8415	27.85
8416	29.56
8417	29.68
8418	28.35
8419	26.33
8420	25.28
8421	23.26
8422	22.5
8423	23.77
8424	26.23
8425	26.52
8426	25.64
8427	22.49
8428	20.48
8429	20.63
8430	20.44
8431	16.34
8432	19.09
8433	20.45
8434	23.19
8435	22.94
8436	23.85
8437	24.81
8438	24.95
8439	24.73
8440	26.51
8441	27.77
8442	26.29
8443	24.21
8444	23.39
8445	25.61
8446	25.17
8447	23.85
8448	21.77
8449	20.73
8450	19.32
8451	16.48
8452	11.03
8453	10.79
8454	11.85
8455	11.44
8456	12.16
8457	12.43
8458	15.34
8459	15.1
8460	13.88
8461	11.85
8462	14.33
8463	15.9
8464	16.54
8465	19.26
8466	21.35
8467	20.89
8468	22.01
8469	23.46
8470	21.7
8471	19.23
8472	18.2
8473	18.23
8474	17.95
8475	17.52
8476	15.94
8477	14.95
8478	18.25
8479	27.49
8480	26.92
8481	27.34
8482	27.81
8483	29.51
8484	30.3
8485	28.29
8486	27.43
8487	26.07
8488	25.62
8489	25.9
8490	25.92
8491	22.5
8492	23.54
8493	22.82
8494	22.04
8495	19.6
8496	21.19
8497	20.46
8498	18.62
8499	16.41
8500	14.87
8501	14.85
8502	18.19
8503	22.35
8504	26.1
8505	25.19
8506	26.56
8507	26.9
8508	26.27
8509	26.11
8510	29.28
8511	25.61
8512	24.84
8513	25.74
8514	24.36
8515	24.09
8516	24.17
8517	25.58
8518	24.28
8519	23.82
8520	25.2
8521	22.63
8522	20.27
8523	11.41
8524	13.9
8525	16.71
8526	22.58
8527	25.98
8528	25.51
8529	25.68
8530	27.56
8531	28.35
8532	29.05
8533	30.23
8534	30.64
8535	29.29
8536	31.27
8537	33.1
8538	34.54
8539	27.63
8540	27.67
8541	27.03
8542	24.18
8543	23.78
8544	25.78
8545	25.43
8546	19.48
8547	14.67
8548	12.2
8549	14.02
8550	17.88
8551	24.52
8552	26.58
8553	26.44
8554	30.16
8555	30.81
8556	31.77
8557	31.56
8558	30.81
8559	30.64
8560	32.63
8561	33.7
8562	32.6
8563	32.77
8564	29.53
8565	27.91
8566	28.39
8567	26.87
8568	28.96
8569	28.84
8570	23.97
8571	21.13
8572	19.98
8573	20.06
8574	22.71
8575	26.67
8576	27
8577	26.45
8578	28.62
8579	29.18
8580	27.25
8581	27.41
8582	28.13
8583	28.76
8584	31.08
8585	33.07
8586	32.25
8587	29.96
8588	30.1
8589	29.21
8590	26.22
8591	25.62
8592	27.29
8593	23.57
8594	21.74
8595	18.56
8596	10.22
8597	9.6
8598	10.07
8599	10.53
8600	17.67
8601	26.01
8602	29.52
8603	30.08
8604	32.45
8605	33.76
8606	35.39
8607	34.46
8608	34.63
8609	31.73
8610	32.99
8611	29.93
8612	26.66
8613	26.62
8614	25.89
8615	24.15
8616	21.75
8617	12.88
8618	10.66
8619	9.19
8620	9.19
8621	7.51
8622	8.65
8623	9.55
8624	11.67
8625	12.1
8626	15.14
8627	18.86
8628	22.8
8629	21.94
8630	20.44
8631	19.36
8632	19.76
8633	18.73
8634	17.89
8635	16.46
8636	14.37
8637	14.91
8638	14.38
8639	4.31
8640	9.16
8641	13.23
8642	11.54
8643	9.87
8644	9.03
8645	8.95
8646	7.6
8647	10.75
8648	14.61
8649	14.85
8650	14.87
8651	17.68
8652	15.35
8653	14.85
8654	14.83
8655	10.33
8656	9.9
8657	9.94
8658	10.79
8659	14.54
8660	14.85
8661	14.86
8662	14.87
8663	14.85
8664	14.86
8665	14.85
8666	14.85
8667	14.85
8668	12.73
8669	10.09
8670	9.99
8671	13.11
8672	14.59
8673	14.86
8674	14.87
8675	18
8676	21.1
8677	15.39
8678	14.87
8679	17.44
8680	14.86
8681	15.91
8682	17.61
8683	14.87
8684	14.86
8685	17.99
8686	17.48
8687	14.86
8688	15.49
8689	14.85
8690	14.61
8691	10.59
8692	10.46
8693	9.96
8694	12.04
8695	14.85
8696	15.38
8697	20.77
8698	24.5
8699	24.49
8700	24.16
8701	24.18
8702	24.65
8703	25.61
8704	25.5
8705	25.89
8706	23.97
8707	21.25
8708	21.1
8709	21.21
8710	21.22
8711	16.65
8712	14.86
8713	14.86
8714	15.83
8715	15.67
8716	14.28
8717	15.3
8718	16.53
8719	15.32
8720	14.87
8721	21.53
8722	24.36
8723	24.74
8724	25.25
8725	25.68
8726	26.04
8727	25.89
8728	26.35
8729	29.59
8730	27.96
8731	26.65
8732	25.7
8733	25.02
8734	23.89
8735	22.12
8736	21.35
8737	19.87
8738	16.22
8739	14.8
8740	10.88
8741	10.98
8742	16
8743	17.93
8744	23.2
8745	25.75
8746	26.66
8747	28.82
8748	31.45
8749	28.51
8750	30
8751	30.62
8752	31.86
8753	32.91
8754	34.55
8755	31.43
8756	28.33
8757	29.6
8758	26.16
8759	26.05
8760	24.94
8761	22.83
8762	18.95
8763	18.91
8764	15.72
8765	13.35
8766	11.85
8767	12.49
8768	14.58
8769	21.51
8770	26.04
8771	30.95
8772	33.04
8773	34.43
8774	34.31
8775	34.54
8776	34.9
8777	34.47
8778	35.15
8779	31.18
8780	28.95
8781	26.96
8782	25.29
8783	25.8
8784	24.85
