1	0
2	0
3	0
4	0
5	0
6	0
7	0
8	0
9	0
10	0
11	0
12	0
13	0
14	0
15	0
16	0
17	0
18	0
19	0
20	0
21	0
22	0
23	0
24	0
25	0
26	0
27	0
28	0
29	0
30	0
31	0
32	12
33	10
34	5
35	5
36	12
37	7
38	1
39	5
40	7
41	5
42	4
43	14
44	12
45	4
46	0
47	0
48	0
49	0
50	0
51	0
52	0
53	0
54	0
55	0
56	9
57	17
58	10
59	15
60	23
61	16
62	11
63	22
64	12
65	11
66	10
67	6
68	13
69	3
70	0
71	0
72	0
73	0
74	0
75	0
76	0
77	0
78	0
79	0
80	14
81	23
82	20
83	20
84	9
85	16
86	20
87	18
88	13
89	17
90	19
91	12
92	18
93	4
94	0
95	0
96	0
97	0
98	0
99	0
100	0
101	0
102	0
103	0
104	15
105	18
106	20
107	11
108	20
109	11
110	23
111	14
112	22
113	13
114	11
115	18
116	22
117	1
118	0
119	0
120	0
121	0
122	0
123	0
124	0
125	0
126	0
127	0
128	14
129	14
130	21
131	16
132	22
133	19
134	17
135	19
136	16
137	15
138	24
139	15
140	19
141	3
142	0
143	0
144	0
145	0
146	0
147	0
148	0
149	0
150	0
151	0
152	6
153	4
154	13
155	15
156	11
157	12
158	17
159	18
160	13
161	12
162	18
163	15
164	28
165	0
166	0
167	0
168	0
169	0
170	0
171	0
172	0
173	0
174	0
175	0
176	0
177	0
178	0
179	0
180	0
181	0
182	0
183	0
184	0
185	0
186	0
187	0
188	0
189	0
190	0
191	0
192	0
193	0
194	0
195	0
196	0
197	0
198	0
199	0
200	14
201	13
202	13
203	16
204	13
205	25
206	19
207	14
208	15
209	11
210	19
211	11
212	8
213	6
214	0
215	0
216	0
217	0
218	0
219	0
220	0
221	0
222	0
223	0
224	12
225	18
226	12
227	18
228	16
229	18
230	9
231	11
232	15
233	16
234	13
235	11
236	22
237	2
238	0
239	0
240	0
241	0
242	0
243	0
244	0
245	0
246	0
247	0
248	17
249	12
250	23
251	18
252	14
253	10
254	13
255	14
256	12
257	13
258	19
259	23
260	24
261	4
262	0
263	0
264	0
265	0
266	0
267	0
268	0
269	0
270	0
271	0
272	16
273	12
274	14
275	16
276	18
277	13
278	22
279	21
280	16
281	21
282	11
283	19
284	17
285	5
286	0
287	0
288	0
289	0
290	0
291	0
292	0
293	0
294	0
295	0
296	14
297	13
298	17
299	12
300	18
301	20
302	18
303	19
304	16
305	17
306	21
307	13
308	14
309	2
310	0
311	0
312	0
313	0
314	0
315	0
316	0
317	0
318	0
319	0
320	7
321	11
322	10
323	13
324	16
325	10
326	23
327	15
328	13
329	16
330	10
331	20
332	21
333	3
334	0
335	0
336	0
337	0
338	0
339	0
340	0
341	0
342	0
343	0
344	0
345	0
346	0
347	0
348	0
349	0
350	0
351	0
352	0
353	0
354	0
355	0
356	0
357	0
358	0
359	0
360	0
361	0
362	0
363	0
364	0
365	0
366	0
367	0
368	12
369	19
370	19
371	21
372	16
373	12
374	17
375	13
376	16
377	17
378	24
379	25
380	17
381	1
382	0
383	0
384	0
385	0
386	0
387	0
388	0
389	0
390	0
391	0
392	14
393	13
394	25
395	18
396	19
397	17
398	24
399	15
400	19
401	17
402	19
403	15
404	16
405	3
406	0
407	0
408	0
409	0
410	0
411	0
412	0
413	0
414	0
415	0
416	17
417	13
418	26
419	8
420	13
421	17
422	9
423	17
424	14
425	16
426	21
427	13
428	17
429	1
430	0
431	0
432	0
433	0
434	0
435	0
436	0
437	0
438	0
439	0
440	14
441	24
442	24
443	19
444	13
445	10
446	15
447	15
448	12
449	18
450	17
451	18
452	17
453	0
454	0
455	0
456	0
457	0
458	0
459	0
460	0
461	0
462	0
463	0
464	21
465	21
466	12
467	18
468	14
469	11
470	12
471	18
472	12
473	16
474	14
475	15
476	15
477	1
478	0
479	0
480	0
481	0
482	0
483	0
484	0
485	0
486	0
487	0
488	6
489	9
490	18
491	21
492	21
493	16
494	14
495	21
496	19
497	9
498	12
499	18
500	31
501	2
502	0
503	0
504	0
505	0
506	0
507	0
508	0
509	0
510	0
511	0
512	0
513	0
514	0
515	0
516	0
517	0
518	0
519	0
520	0
521	0
522	0
523	0
524	0
525	0
526	0
527	0
528	0
529	0
530	0
531	0
532	0
533	0
534	0
535	0
536	15
537	16
538	20
539	14
540	11
541	18
542	14
543	14
544	16
545	12
546	14
547	16
548	9
549	2
550	0
551	0
552	0
553	0
554	0
555	0
556	0
557	0
558	0
559	0
560	16
561	18
562	8
563	14
564	18
565	17
566	20
567	15
568	17
569	10
570	15
571	10
572	11
573	3
574	0
575	0
576	0
577	0
578	0
579	0
580	0
581	0
582	0
583	0
584	14
585	20
586	12
587	19
588	14
589	15
590	13
591	10
592	15
593	21
594	19
595	16
596	18
597	4
598	0
599	0
600	0
601	0
602	0
603	0
604	0
605	0
606	0
607	0
608	7
609	6
610	10
611	6
612	4
613	3
614	6
615	10
616	9
617	4
618	11
619	8
620	13
621	1
622	0
623	0
624	0
625	0
626	0
627	0
628	0
629	0
630	0
631	0
632	14
633	11
634	20
635	15
636	13
637	16
638	14
639	17
640	21
641	16
642	15
643	10
644	23
645	6
646	0
647	0
648	0
649	0
650	0
651	0
652	0
653	0
654	0
655	0
656	8
657	6
658	16
659	16
660	12
661	19
662	7
663	13
664	16
665	13
666	19
667	17
668	23
669	6
670	0
671	0
672	0
673	0
674	0
675	0
676	0
677	0
678	0
679	0
680	0
681	0
682	0
683	0
684	0
685	0
686	0
687	0
688	0
689	0
690	0
691	0
692	0
693	0
694	0
695	0
696	0
697	0
698	0
699	0
700	0
701	0
702	0
703	0
704	10
705	20
706	20
707	23
708	8
709	17
710	13
711	9
712	19
713	18
714	24
715	19
716	7
717	6
718	0
719	0
720	0
721	0
722	0
723	0
724	0
725	0
726	0
727	0
728	16
729	17
730	18
731	24
732	15
733	23
734	16
735	16
736	24
737	15
738	26
739	18
740	20
741	4
742	0
743	0
744	0
745	0
746	0
747	0
748	0
749	0
750	0
751	0
752	15
753	17
754	11
755	11
756	14
757	14
758	17
759	15
760	32
761	16
762	19
763	14
764	17
765	0
766	0
767	0
768	0
769	0
770	0
771	0
772	0
773	0
774	0
775	0
776	14
777	17
778	13
779	11
780	12
781	14
782	16
783	14
784	17
785	17
786	19
787	10
788	12
789	0
790	0
791	0
792	0
793	0
794	0
795	0
796	0
797	0
798	0
799	0
800	9
801	10
802	20
803	20
804	14
805	24
806	10
807	14
808	17
809	15
810	17
811	14
812	17
813	0
814	0
815	0
816	0
817	0
818	0
819	0
820	0
821	0
822	0
823	0
824	7
825	11
826	10
827	15
828	12
829	17
830	14
831	14
832	20
833	12
834	17
835	22
836	20
837	2
838	0
839	0
840	0
841	0
842	0
843	0
844	0
845	0
846	0
847	0
848	0
849	0
850	0
851	0
852	0
853	0
854	0
855	0
856	0
857	0
858	0
859	0
860	0
861	0
862	0
863	0
864	0
865	0
866	0
867	0
868	0
869	0
870	0
871	0
872	18
873	10
874	15
875	14
876	16
877	12
878	11
879	12
880	13
881	16
882	9
883	23
884	16
885	1
886	0
887	0
888	0
889	0
890	0
891	0
892	0
893	0
894	0
895	0
896	14
897	14
898	13
899	7
900	17
901	14
902	18
903	15
904	14
905	15
906	19
907	11
908	12
909	2
910	0
911	0
912	0
913	0
914	0
915	0
916	0
917	0
918	0
919	0
920	16
921	9
922	15
923	15
924	10
925	18
926	16
927	13
928	16
929	23
930	17
931	11
932	16
933	4
934	0
935	0
936	0
937	0
938	0
939	0
940	0
941	0
942	0
943	0
944	13
945	18
946	22
947	21
948	14
949	15
950	13
951	26
952	13
953	12
954	10
955	15
956	20
957	4
958	0
959	0
960	0
961	0
962	0
963	0
964	0
965	0
966	0
967	0
968	14
969	11
970	25
971	10
972	13
973	18
974	15
975	22
976	11
977	18
978	20
979	10
980	18
981	3
982	0
983	0
984	0
985	0
986	0
987	0
988	0
989	0
990	0
991	0
992	15
993	5
994	10
995	8
996	7
997	10
998	7
999	13
1000	14
1001	19
1002	19
1003	21
1004	22
1005	3
1006	0
1007	0
1008	0
1009	0
1010	0
1011	0
1012	0
1013	0
1014	0
1015	0
1016	0
1017	0
1018	0
1019	0
1020	0
1021	0
1022	0
1023	0
1024	0
1025	0
1026	0
1027	0
1028	0
1029	0
1030	0
1031	0
1032	0
1033	0
1034	0
1035	0
1036	0
1037	0
1038	0
1039	0
1040	13
1041	15
1042	23
1043	11
1044	10
1045	14
1046	14
1047	11
1048	17
1049	15
1050	12
1051	12
1052	16
1053	6
1054	0
1055	0
1056	0
1057	0
1058	0
1059	0
1060	0
1061	0
1062	0
1063	0
1064	15
1065	14
1066	30
1067	10
1068	14
1069	8
1070	9
1071	15
1072	22
1073	24
1074	15
1075	13
1076	13
1077	3
1078	0
1079	0
1080	0
1081	0
1082	0
1083	0
1084	0
1085	0
1086	0
1087	0
1088	16
1089	16
1090	22
1091	9
1092	15
1093	8
1094	14
1095	20
1096	13
1097	10
1098	17
1099	15
1100	19
1101	1
1102	0
1103	0
1104	0
1105	0
1106	0
1107	0
1108	0
1109	0
1110	0
1111	0
1112	11
1113	17
1114	23
1115	13
1116	17
1117	15
1118	12
1119	13
1120	15
1121	17
1122	17
1123	14
1124	20
1125	1
1126	0
1127	0
1128	0
1129	0
1130	0
1131	0
1132	0
1133	0
1134	0
1135	0
1136	14
1137	8
1138	17
1139	17
1140	21
1141	22
1142	18
1143	16
1144	15
1145	15
1146	20
1147	13
1148	18
1149	3
1150	0
1151	0
1152	0
1153	0
1154	0
1155	0
1156	0
1157	0
1158	0
1159	0
1160	15
1161	15
1162	18
1163	13
1164	7
1165	21
1166	20
1167	8
1168	16
1169	14
1170	11
1171	18
1172	20
1173	2
1174	0
1175	0
1176	0
1177	0
1178	0
1179	0
1180	0
1181	0
1182	0
1183	0
1184	0
1185	0
1186	0
1187	0
1188	0
1189	0
1190	0
1191	0
1192	0
1193	0
1194	0
1195	0
1196	0
1197	0
1198	0
1199	0
1200	0
1201	0
1202	0
1203	0
1204	0
1205	0
1206	0
1207	0
1208	18
1209	15
1210	21
1211	19
1212	12
1213	15
1214	13
1215	14
1216	20
1217	13
1218	24
1219	9
1220	15
1221	4
1222	0
1223	0
1224	0
1225	0
1226	0
1227	0
1228	0
1229	0
1230	0
1231	0
1232	16
1233	20
1234	8
1235	16
1236	14
1237	15
1238	9
1239	10
1240	15
1241	18
1242	15
1243	5
1244	12
1245	2
1246	0
1247	0
1248	0
1249	0
1250	0
1251	0
1252	0
1253	0
1254	0
1255	0
1256	15
1257	17
1258	14
1259	16
1260	11
1261	9
1262	15
1263	20
1264	11
1265	15
1266	11
1267	16
1268	16
1269	4
1270	0
1271	0
1272	0
1273	0
1274	0
1275	0
1276	0
1277	0
1278	0
1279	0
1280	18
1281	13
1282	22
1283	22
1284	11
1285	16
1286	12
1287	15
1288	15
1289	23
1290	12
1291	13
1292	18
1293	2
1294	0
1295	0
1296	0
1297	0
1298	0
1299	0
1300	0
1301	0
1302	0
1303	0
1304	17
1305	17
1306	17
1307	23
1308	18
1309	21
1310	15
1311	18
1312	17
1313	20
1314	21
1315	12
1316	19
1317	2
1318	0
1319	0
1320	0
1321	0
1322	0
1323	0
1324	0
1325	0
1326	0
1327	0
1328	12
1329	10
1330	12
1331	15
1332	13
1333	23
1334	22
1335	14
1336	24
1337	19
1338	37
1339	18
1340	21
1341	1
1342	0
1343	0
1344	0
1345	0
1346	0
1347	0
1348	0
1349	0
1350	0
1351	0
1352	0
1353	0
1354	0
1355	0
1356	0
1357	0
1358	0
1359	0
1360	0
1361	0
1362	0
1363	0
1364	0
1365	0
1366	0
1367	0
1368	0
1369	0
1370	0
1371	0
1372	0
1373	0
1374	0
1375	0
1376	18
1377	13
1378	27
1379	24
1380	17
1381	15
1382	13
1383	19
1384	15
1385	16
1386	15
1387	13
1388	21
1389	5
1390	0
1391	0
1392	0
1393	0
1394	0
1395	0
1396	0
1397	0
1398	0
1399	0
1400	16
1401	11
1402	24
1403	21
1404	14
1405	9
1406	15
1407	11
1408	17
1409	11
1410	20
1411	12
1412	18
1413	6
1414	0
1415	0
1416	0
1417	0
1418	0
1419	0
1420	0
1421	0
1422	0
1423	0
1424	14
1425	20
1426	15
1427	15
1428	11
1429	18
1430	11
1431	18
1432	19
1433	17
1434	19
1435	11
1436	21
1437	4
1438	0
1439	0
1440	0
1441	0
1442	0
1443	0
1444	0
1445	0
1446	0
1447	0
1448	19
1449	15
1450	20
1451	12
1452	10
1453	23
1454	16
1455	22
1456	14
1457	15
1458	16
1459	10
1460	21
1461	4
1462	0
1463	0
1464	0
1465	0
1466	0
1467	0
1468	0
1469	0
1470	0
1471	0
1472	20
1473	19
1474	17
1475	18
1476	15
1477	14
1478	13
1479	11
1480	19
1481	23
1482	17
1483	13
1484	21
1485	1
1486	0
1487	0
1488	0
1489	0
1490	0
1491	0
1492	0
1493	0
1494	0
1495	0
1496	7
1497	13
1498	21
1499	11
1500	15
1501	17
1502	17
1503	16
1504	10
1505	16
1506	11
1507	19
1508	23
1509	3
1510	0
1511	0
1512	0
1513	0
1514	0
1515	0
1516	0
1517	0
1518	0
1519	0
1520	0
1521	0
1522	0
1523	0
1524	0
1525	0
1526	0
1527	0
1528	0
1529	0
1530	0
1531	0
1532	0
1533	0
1534	0
1535	0
1536	0
1537	0
1538	0
1539	0
1540	0
1541	0
1542	0
1543	0
1544	18
1545	23
1546	20
1547	17
1548	17
1549	16
1550	10
1551	21
1552	16
1553	11
1554	19
1555	24
1556	19
1557	3
1558	0
1559	0
1560	0
1561	0
1562	0
1563	0
1564	0
1565	0
1566	0
1567	0
1568	21
1569	20
1570	16
1571	24
1572	9
1573	16
1574	18
1575	16
1576	11
1577	13
1578	29
1579	11
1580	22
1581	3
1582	0
1583	0
1584	0
1585	0
1586	0
1587	0
1588	0
1589	0
1590	0
1591	0
1592	19
1593	17
1594	14
1595	14
1596	9
1597	20
1598	19
1599	15
1600	23
1601	17
1602	15
1603	19
1604	22
1605	3
1606	0
1607	0
1608	0
1609	0
1610	0
1611	0
1612	0
1613	0
1614	0
1615	0
1616	17
1617	18
1618	16
1619	15
1620	16
1621	12
1622	15
1623	15
1624	12
1625	16
1626	18
1627	15
1628	20
1629	1
1630	0
1631	0
1632	0
1633	0
1634	0
1635	0
1636	0
1637	0
1638	0
1639	0
1640	15
1641	19
1642	22
1643	16
1644	19
1645	18
1646	18
1647	22
1648	17
1649	15
1650	16
1651	14
1652	18
1653	7
1654	0
1655	0
1656	0
1657	0
1658	0
1659	0
1660	0
1661	0
1662	0
1663	0
1664	7
1665	16
1666	15
1667	14
1668	22
1669	20
1670	23
1671	19
1672	15
1673	11
1674	9
1675	11
1676	16
1677	1
1678	0
1679	0
1680	0
1681	0
1682	0
1683	0
1684	0
1685	0
1686	0
1687	0
1688	0
1689	0
1690	0
1691	0
1692	0
1693	0
1694	0
1695	0
1696	0
1697	0
1698	0
1699	0
1700	0
1701	0
1702	0
1703	0
1704	0
1705	0
1706	0
1707	0
1708	0
1709	0
1710	0
1711	0
1712	12
1713	5
1714	3
1715	0
1716	5
1717	0
1718	0
1719	2
1720	5
1721	9
1722	10
1723	13
1724	17
1725	2
1726	0
1727	0
1728	0
1729	0
1730	0
1731	0
1732	0
1733	0
1734	0
1735	0
1736	21
1737	23
1738	19
1739	14
1740	19
1741	19
1742	19
1743	13
1744	15
1745	15
1746	16
1747	13
1748	15
1749	6
1750	0
1751	0
1752	0
1753	0
1754	0
1755	0
1756	0
1757	0
1758	0
1759	0
1760	18
1761	14
1762	22
1763	9
1764	13
1765	10
1766	13
1767	15
1768	12
1769	22
1770	15
1771	15
1772	16
1773	9
1774	0
1775	0
1776	0
1777	0
1778	0
1779	0
1780	0
1781	0
1782	0
1783	0
1784	19
1785	23
1786	20
1787	18
1788	22
1789	14
1790	14
1791	17
1792	14
1793	16
1794	16
1795	15
1796	21
1797	5
1798	0
1799	0
1800	0
1801	0
1802	0
1803	0
1804	0
1805	0
1806	0
1807	0
1808	15
1809	19
1810	26
1811	15
1812	21
1813	20
1814	23
1815	21
1816	15
1817	23
1818	25
1819	20
1820	25
1821	1
1822	0
1823	0
1824	0
1825	0
1826	0
1827	0
1828	0
1829	0
1830	0
1831	0
1832	10
1833	23
1834	20
1835	21
1836	11
1837	20
1838	9
1839	17
1840	27
1841	20
1842	13
1843	21
1844	22
1845	4
1846	0
1847	0
1848	0
1849	0
1850	0
1851	0
1852	0
1853	0
1854	0
1855	0
1856	0
1857	0
1858	0
1859	0
1860	0
1861	0
1862	0
1863	0
1864	0
1865	0
1866	0
1867	0
1868	0
1869	0
1870	0
1871	0
1872	0
1873	0
1874	0
1875	0
1876	0
1877	0
1878	0
1879	0
1880	18
1881	20
1882	22
1883	15
1884	21
1885	14
1886	8
1887	14
1888	19
1889	12
1890	20
1891	15
1892	11
1893	2
1894	0
1895	0
1896	0
1897	0
1898	0
1899	0
1900	0
1901	0
1902	0
1903	0
1904	18
1905	21
1906	13
1907	11
1908	17
1909	15
1910	20
1911	19
1912	16
1913	23
1914	19
1915	9
1916	16
1917	5
1918	0
1919	0
1920	0
1921	0
1922	0
1923	0
1924	0
1925	0
1926	0
1927	0
1928	17
1929	19
1930	11
1931	17
1932	18
1933	19
1934	7
1935	17
1936	15
1937	17
1938	20
1939	12
1940	19
1941	6
1942	0
1943	0
1944	0
1945	0
1946	0
1947	0
1948	0
1949	0
1950	0
1951	0
1952	22
1953	19
1954	11
1955	12
1956	11
1957	23
1958	8
1959	25
1960	11
1961	15
1962	20
1963	11
1964	19
1965	1
1966	0
1967	0
1968	0
1969	0
1970	0
1971	0
1972	0
1973	0
1974	0
1975	0
1976	15
1977	22
1978	21
1979	16
1980	13
1981	16
1982	16
1983	11
1984	17
1985	24
1986	23
1987	9
1988	14
1989	2
1990	0
1991	0
1992	0
1993	0
1994	0
1995	0
1996	0
1997	0
1998	0
1999	0
2000	15
2001	11
2002	10
2003	11
2004	17
2005	12
2006	20
2007	12
2008	7
2009	9
2010	10
2011	17
2012	19
2013	1
2014	0
2015	0
2016	0
2017	0
2018	0
2019	0
2020	0
2021	0
2022	0
2023	0
2024	0
2025	0
2026	0
2027	0
2028	0
2029	0
2030	0
2031	0
2032	0
2033	0
2034	0
2035	0
2036	0
2037	0
2038	0
2039	0
2040	0
2041	0
2042	0
2043	0
2044	0
2045	0
2046	0
2047	0
2048	20
2049	12
2050	20
2051	10
2052	15
2053	16
2054	9
2055	16
2056	26
2057	26
2058	19
2059	13
2060	16
2061	7
2062	0
2063	0
2064	0
2065	0
2066	0
2067	0
2068	0
2069	0
2070	0
2071	0
2072	16
2073	15
2074	25
2075	14
2076	18
2077	24
2078	10
2079	15
2080	13
2081	11
2082	20
2083	8
2084	13
2085	1
2086	0
2087	0
2088	0
2089	0
2090	0
2091	0
2092	0
2093	0
2094	0
2095	0
2096	18
2097	16
2098	19
2099	13
2100	10
2101	6
2102	14
2103	11
2104	14
2105	15
2106	19
2107	10
2108	14
2109	3
2110	0
2111	0
2112	0
2113	0
2114	0
2115	0
2116	0
2117	0
2118	0
2119	0
2120	16
2121	20
2122	22
2123	16
2124	15
2125	10
2126	19
2127	16
2128	13
2129	13
2130	18
2131	18
2132	15
2133	2
2134	0
2135	0
2136	0
2137	0
2138	0
2139	0
2140	0
2141	0
2142	0
2143	0
2144	15
2145	14
2146	13
2147	18
2148	20
2149	12
2150	11
2151	15
2152	23
2153	18
2154	12
2155	9
2156	22
2157	2
2158	0
2159	0
2160	0
2161	0
2162	0
2163	0
2164	0
2165	0
2166	0
2167	0
2168	8
2169	15
2170	6
2171	20
2172	15
2173	22
2174	29
2175	22
2176	26
2177	11
2178	8
2179	19
2180	17
2181	0
2182	0
2183	0
2184	0
2185	0
2186	0
2187	0
2188	0
2189	0
2190	0
2191	0
2192	0
2193	0
2194	0
2195	0
2196	0
2197	0
2198	0
2199	0
2200	0
2201	0
2202	0
2203	0
2204	0
2205	0
2206	0
2207	0
2208	0
2209	0
2210	0
2211	0
2212	0
2213	0
2214	0
2215	0
2216	18
2217	14
2218	11
2219	20
2220	5
2221	22
2222	20
2223	15
2224	20
2225	10
2226	16
2227	9
2228	20
2229	6
2230	0
2231	0
2232	0
2233	0
2234	0
2235	0
2236	0
2237	0
2238	0
2239	0
2240	20
2241	33
2242	23
2243	15
2244	26
2245	21
2246	20
2247	19
2248	15
2249	20
2250	21
2251	13
2252	17
2253	4
2254	0
2255	0
2256	0
2257	0
2258	0
2259	0
2260	0
2261	0
2262	0
2263	0
2264	22
2265	12
2266	16
2267	13
2268	16
2269	19
2270	14
2271	14
2272	13
2273	15
2274	19
2275	13
2276	17
2277	4
2278	0
2279	0
2280	0
2281	0
2282	0
2283	0
2284	0
2285	0
2286	0
2287	0
2288	18
2289	14
2290	13
2291	20
2292	22
2293	16
2294	12
2295	17
2296	12
2297	17
2298	17
2299	16
2300	22
2301	0
2302	0
2303	0
2304	0
2305	0
2306	0
2307	0
2308	0
2309	0
2310	0
2311	0
2312	7
2313	8
2314	9
2315	10
2316	3
2317	6
2318	4
2319	1
2320	5
2321	7
2322	7
2323	11
2324	19
2325	6
2326	0
2327	0
2328	0
2329	0
2330	0
2331	0
2332	0
2333	0
2334	0
2335	0
2336	8
2337	7
2338	6
2339	5
2340	11
2341	8
2342	10
2343	7
2344	6
2345	9
2346	9
2347	31
2348	16
2349	1
2350	0
2351	0
2352	0
2353	0
2354	0
2355	0
2356	0
2357	0
2358	0
2359	0
2360	0
2361	0
2362	0
2363	0
2364	0
2365	0
2366	0
2367	0
2368	0
2369	0
2370	0
2371	0
2372	0
2373	0
2374	0
2375	0
2376	0
2377	0
2378	0
2379	0
2380	0
2381	0
2382	0
2383	0
2384	12
2385	7
2386	4
2387	5
2388	3
2389	9
2390	10
2391	5
2392	3
2393	7
2394	6
2395	5
2396	15
2397	3
2398	0
2399	0
2400	0
2401	0
2402	0
2403	0
2404	0
2405	0
2406	0
2407	0
2408	17
2409	19
2410	27
2411	15
2412	17
2413	14
2414	11
2415	18
2416	17
2417	23
2418	22
2419	19
2420	21
2421	2
2422	0
2423	0
2424	0
2425	0
2426	0
2427	0
2428	0
2429	0
2430	0
2431	0
2432	21
2433	19
2434	10
2435	17
2436	12
2437	13
2438	10
2439	9
2440	9
2441	13
2442	23
2443	8
2444	16
2445	1
2446	0
2447	0
2448	0
2449	0
2450	0
2451	0
2452	0
2453	0
2454	0
2455	0
2456	19
2457	11
2458	18
2459	15
2460	16
2461	16
2462	11
2463	11
2464	16
2465	20
2466	10
2467	8
2468	20
2469	1
2470	0
2471	0
2472	0
2473	0
2474	0
2475	0
2476	0
2477	0
2478	0
2479	0
2480	16
2481	20
2482	11
2483	13
2484	13
2485	17
2486	13
2487	15
2488	22
2489	16
2490	14
2491	14
2492	12
2493	1
2494	0
2495	0
2496	0
2497	0
2498	0
2499	0
2500	0
2501	0
2502	0
2503	0
2504	7
2505	10
2506	19
2507	11
2508	15
2509	22
2510	9
2511	18
2512	13
2513	10
2514	17
2515	21
2516	12
2517	0
2518	0
2519	0
2520	0
2521	0
2522	0
2523	0
2524	0
2525	0
2526	0
2527	0
2528	0
2529	0
2530	0
2531	0
2532	0
2533	0
2534	0
2535	0
2536	0
2537	0
2538	0
2539	0
2540	0
2541	0
2542	0
2543	0
2544	0
2545	0
2546	0
2547	0
2548	0
2549	0
2550	0
2551	0
2552	20
2553	13
2554	10
2555	13
2556	17
2557	16
2558	12
2559	17
2560	17
2561	13
2562	11
2563	11
2564	13
2565	3
2566	0
2567	0
2568	0
2569	0
2570	0
2571	0
2572	0
2573	0
2574	0
2575	0
2576	15
2577	33
2578	16
2579	19
2580	10
2581	17
2582	20
2583	8
2584	10
2585	14
2586	12
2587	16
2588	19
2589	3
2590	0
2591	0
2592	0
2593	0
2594	0
2595	0
2596	0
2597	0
2598	0
2599	0
2600	16
2601	28
2602	16
2603	10
2604	9
2605	11
2606	14
2607	16
2608	11
2609	22
2610	15
2611	14
2612	14
2613	4
2614	0
2615	0
2616	0
2617	0
2618	0
2619	0
2620	0
2621	0
2622	0
2623	0
2624	20
2625	18
2626	20
2627	15
2628	12
2629	10
2630	15
2631	14
2632	13
2633	15
2634	11
2635	13
2636	16
2637	2
2638	0
2639	0
2640	0
2641	0
2642	0
2643	0
2644	0
2645	0
2646	0
2647	0
2648	21
2649	30
2650	9
2651	5
2652	16
2653	5
2654	14
2655	13
2656	18
2657	19
2658	17
2659	10
2660	18
2661	3
2662	0
2663	0
2664	0
2665	0
2666	0
2667	0
2668	0
2669	0
2670	0
2671	0
2672	11
2673	10
2674	15
2675	18
2676	13
2677	15
2678	13
2679	14
2680	13
2681	13
2682	8
2683	14
2684	15
2685	1
2686	0
2687	0
2688	0
2689	0
2690	0
2691	0
2692	0
2693	0
2694	0
2695	0
2696	0
2697	0
2698	0
2699	0
2700	0
2701	0
2702	0
2703	0
2704	0
2705	0
2706	0
2707	0
2708	0
2709	0
2710	0
2711	0
2712	0
2713	0
2714	0
2715	0
2716	0
2717	0
2718	0
2719	0
2720	15
2721	8
2722	15
2723	16
2724	15
2725	14
2726	21
2727	13
2728	17
2729	15
2730	5
2731	16
2732	11
2733	2
2734	0
2735	0
2736	0
2737	0
2738	0
2739	0
2740	0
2741	0
2742	0
2743	0
2744	18
2745	10
2746	18
2747	5
2748	8
2749	11
2750	8
2751	9
2752	11
2753	8
2754	13
2755	12
2756	19
2757	2
2758	0
2759	0
2760	0
2761	0
2762	0
2763	0
2764	0
2765	0
2766	0
2767	0
2768	11
2769	7
2770	2
2771	2
2772	1
2773	0
2774	3
2775	7
2776	7
2777	6
2778	9
2779	3
2780	16
2781	1
2782	0
2783	0
2784	0
2785	0
2786	0
2787	0
2788	0
2789	0
2790	0
2791	0
2792	14
2793	8
2794	12
2795	16
2796	15
2797	13
2798	18
2799	15
2800	11
2801	10
2802	11
2803	14
2804	20
2805	5
2806	0
2807	0
2808	0
2809	0
2810	0
2811	0
2812	0
2813	0
2814	0
2815	0
2816	16
2817	20
2818	13
2819	14
2820	22
2821	11
2822	10
2823	13
2824	14
2825	13
2826	9
2827	11
2828	19
2829	1
2830	0
2831	0
2832	0
2833	0
2834	0
2835	0
2836	0
2837	0
2838	0
2839	0
2840	9
2841	11
2842	9
2843	13
2844	17
2845	15
2846	10
2847	11
2848	10
2849	6
2850	14
2851	20
2852	19
2853	1
2854	0
2855	0
2856	0
2857	0
2858	0
2859	0
2860	0
2861	0
2862	0
2863	0
2864	0
2865	0
2866	0
2867	0
2868	0
2869	0
2870	0
2871	0
2872	0
2873	0
2874	0
2875	0
2876	0
2877	0
2878	0
2879	0
2880	0
2881	0
2882	0
2883	0
2884	0
2885	0
2886	0
2887	0
2888	16
2889	12
2890	20
2891	17
2892	11
2893	7
2894	10
2895	13
2896	9
2897	20
2898	13
2899	13
2900	10
2901	4
2902	0
2903	0
2904	0
2905	0
2906	0
2907	0
2908	0
2909	0
2910	0
2911	0
2912	20
2913	29
2914	14
2915	11
2916	10
2917	10
2918	19
2919	13
2920	20
2921	8
2922	11
2923	9
2924	15
2925	2
2926	0
2927	0
2928	0
2929	0
2930	0
2931	0
2932	0
2933	0
2934	0
2935	0
2936	18
2937	17
2938	11
2939	12
2940	14
2941	10
2942	14
2943	11
2944	11
2945	10
2946	12
2947	8
2948	19
2949	3
2950	0
2951	0
2952	0
2953	0
2954	0
2955	0
2956	0
2957	0
2958	0
2959	0
2960	20
2961	11
2962	23
2963	11
2964	8
2965	10
2966	9
2967	10
2968	10
2969	13
2970	15
2971	4
2972	16
2973	5
2974	0
2975	0
2976	0
2977	0
2978	0
2979	0
2980	0
2981	0
2982	0
2983	0
2984	14
2985	21
2986	14
2987	10
2988	14
2989	16
2990	15
2991	14
2992	15
2993	17
2994	15
2995	9
2996	17
2997	2
2998	0
2999	0
3000	0
3001	0
3002	0
3003	0
3004	0
3005	0
3006	0
3007	0
3008	5
3009	6
3010	5
3011	6
3012	15
3013	7
3014	12
3015	10
3016	10
3017	17
3018	15
3019	18
3020	14
3021	1
3022	0
3023	0
3024	0
3025	0
3026	0
3027	0
3028	0
3029	0
3030	0
3031	0
3032	0
3033	0
3034	0
3035	0
3036	0
3037	0
3038	0
3039	0
3040	0
3041	0
3042	0
3043	0
3044	0
3045	0
3046	0
3047	0
3048	0
3049	0
3050	0
3051	0
3052	0
3053	0
3054	0
3055	0
3056	13
3057	5
3058	21
3059	14
3060	17
3061	14
3062	18
3063	15
3064	16
3065	21
3066	13
3067	12
3068	15
3069	1
3070	0
3071	0
3072	0
3073	0
3074	0
3075	0
3076	0
3077	0
3078	0
3079	0
3080	18
3081	17
3082	10
3083	17
3084	17
3085	13
3086	14
3087	13
3088	18
3089	14
3090	22
3091	10
3092	21
3093	4
3094	0
3095	0
3096	0
3097	0
3098	0
3099	0
3100	0
3101	0
3102	0
3103	0
3104	15
3105	14
3106	25
3107	11
3108	20
3109	9
3110	11
3111	8
3112	12
3113	7
3114	17
3115	17
3116	14
3117	5
3118	0
3119	0
3120	0
3121	0
3122	0
3123	0
3124	0
3125	0
3126	0
3127	0
3128	17
3129	13
3130	8
3131	13
3132	14
3133	14
3134	14
3135	10
3136	17
3137	17
3138	9
3139	16
3140	17
3141	3
3142	0
3143	0
3144	0
3145	0
3146	0
3147	0
3148	0
3149	0
3150	0
3151	0
3152	17
3153	18
3154	12
3155	15
3156	15
3157	14
3158	17
3159	9
3160	15
3161	17
3162	13
3163	12
3164	13
3165	4
3166	0
3167	0
3168	0
3169	0
3170	0
3171	0
3172	0
3173	0
3174	0
3175	0
3176	16
3177	14
3178	17
3179	12
3180	29
3181	12
3182	20
3183	17
3184	16
3185	7
3186	18
3187	23
3188	16
3189	1
3190	0
3191	0
3192	0
3193	0
3194	0
3195	0
3196	0
3197	0
3198	0
3199	0
3200	0
3201	0
3202	0
3203	0
3204	0
3205	0
3206	0
3207	0
3208	0
3209	0
3210	0
3211	0
3212	0
3213	0
3214	0
3215	0
3216	0
3217	0
3218	0
3219	0
3220	0
3221	0
3222	0
3223	0
3224	19
3225	18
3226	18
3227	9
3228	8
3229	12
3230	8
3231	11
3232	18
3233	12
3234	22
3235	9
3236	19
3237	1
3238	0
3239	0
3240	0
3241	0
3242	0
3243	0
3244	0
3245	0
3246	0
3247	0
3248	22
3249	14
3250	14
3251	11
3252	8
3253	10
3254	14
3255	12
3256	10
3257	13
3258	8
3259	9
3260	14
3261	2
3262	0
3263	0
3264	0
3265	0
3266	0
3267	0
3268	0
3269	0
3270	0
3271	0
3272	18
3273	13
3274	17
3275	12
3276	17
3277	17
3278	15
3279	18
3280	13
3281	13
3282	16
3283	12
3284	26
3285	4
3286	0
3287	0
3288	0
3289	0
3290	0
3291	0
3292	0
3293	0
3294	0
3295	0
3296	15
3297	14
3298	21
3299	9
3300	13
3301	10
3302	17
3303	14
3304	15
3305	12
3306	14
3307	13
3308	16
3309	2
3310	0
3311	0
3312	0
3313	0
3314	0
3315	0
3316	0
3317	0
3318	0
3319	0
3320	17
3321	9
3322	16
3323	13
3324	10
3325	17
3326	12
3327	6
3328	11
3329	12
3330	13
3331	6
3332	17
3333	4
3334	0
3335	0
3336	0
3337	0
3338	0
3339	0
3340	0
3341	0
3342	0
3343	0
3344	18
3345	19
3346	9
3347	14
3348	9
3349	11
3350	11
3351	16
3352	12
3353	14
3354	11
3355	15
3356	12
3357	1
3358	0
3359	0
3360	0
3361	0
3362	0
3363	0
3364	0
3365	0
3366	0
3367	0
3368	0
3369	0
3370	0
3371	0
3372	0
3373	0
3374	0
3375	0
3376	0
3377	0
3378	0
3379	0
3380	0
3381	0
3382	0
3383	0
3384	0
3385	0
3386	0
3387	0
3388	0
3389	0
3390	0
3391	0
3392	16
3393	14
3394	15
3395	13
3396	12
3397	16
3398	18
3399	10
3400	15
3401	13
3402	15
3403	11
3404	19
3405	4
3406	0
3407	0
3408	0
3409	0
3410	0
3411	0
3412	0
3413	0
3414	0
3415	0
3416	14
3417	16
3418	23
3419	22
3420	16
3421	13
3422	18
3423	14
3424	12
3425	19
3426	15
3427	7
3428	16
3429	2
3430	0
3431	0
3432	0
3433	0
3434	0
3435	0
3436	0
3437	0
3438	0
3439	0
3440	19
3441	19
3442	14
3443	13
3444	10
3445	13
3446	22
3447	14
3448	15
3449	16
3450	16
3451	15
3452	13
3453	3
3454	0
3455	0
3456	0
3457	0
3458	0
3459	0
3460	0
3461	0
3462	0
3463	0
3464	16
3465	18
3466	21
3467	18
3468	12
3469	12
3470	13
3471	17
3472	15
3473	19
3474	11
3475	13
3476	14
3477	6
3478	0
3479	0
3480	0
3481	0
3482	0
3483	0
3484	0
3485	0
3486	0
3487	0
3488	17
3489	20
3490	20
3491	14
3492	13
3493	21
3494	13
3495	17
3496	14
3497	18
3498	13
3499	14
3500	15
3501	1
3502	0
3503	0
3504	0
3505	0
3506	0
3507	0
3508	0
3509	0
3510	0
3511	0
3512	13
3513	19
3514	17
3515	17
3516	20
3517	15
3518	20
3519	12
3520	20
3521	16
3522	8
3523	20
3524	16
3525	1
3526	0
3527	0
3528	0
3529	0
3530	0
3531	0
3532	0
3533	0
3534	0
3535	0
3536	0
3537	0
3538	0
3539	0
3540	0
3541	0
3542	0
3543	0
3544	0
3545	0
3546	0
3547	0
3548	0
3549	0
3550	0
3551	0
3552	0
3553	0
3554	0
3555	0
3556	0
3557	0
3558	0
3559	0
3560	16
3561	23
3562	20
3563	13
3564	11
3565	16
3566	19
3567	22
3568	13
3569	17
3570	20
3571	4
3572	19
3573	3
3574	0
3575	0
3576	0
3577	0
3578	0
3579	0
3580	0
3581	0
3582	0
3583	0
3584	17
3585	22
3586	10
3587	16
3588	15
3589	19
3590	14
3591	12
3592	16
3593	15
3594	18
3595	14
3596	17
3597	0
3598	0
3599	0
3600	0
3601	0
3602	0
3603	0
3604	0
3605	0
3606	0
3607	0
3608	19
3609	11
3610	24
3611	23
3612	21
3613	16
3614	9
3615	17
3616	21
3617	19
3618	18
3619	9
3620	16
3621	3
3622	0
3623	0
3624	0
3625	0
3626	0
3627	0
3628	0
3629	0
3630	0
3631	0
3632	16
3633	17
3634	14
3635	18
3636	15
3637	13
3638	15
3639	14
3640	18
3641	21
3642	16
3643	14
3644	20
3645	5
3646	0
3647	0
3648	0
3649	0
3650	0
3651	0
3652	0
3653	0
3654	0
3655	0
3656	28
3657	25
3658	15
3659	11
3660	20
3661	18
3662	17
3663	24
3664	20
3665	19
3666	20
3667	13
3668	23
3669	2
3670	0
3671	0
3672	0
3673	0
3674	0
3675	0
3676	0
3677	0
3678	0
3679	0
3680	9
3681	12
3682	9
3683	9
3684	18
3685	13
3686	19
3687	24
3688	18
3689	14
3690	16
3691	14
3692	17
3693	1
3694	0
3695	0
3696	0
3697	0
3698	0
3699	0
3700	0
3701	0
3702	0
3703	0
3704	0
3705	0
3706	0
3707	0
3708	0
3709	0
3710	0
3711	0
3712	0
3713	0
3714	0
3715	0
3716	0
3717	0
3718	0
3719	0
3720	0
3721	0
3722	0
3723	0
3724	0
3725	0
3726	0
3727	0
3728	18
3729	14
3730	24
3731	22
3732	20
3733	13
3734	18
3735	23
3736	25
3737	16
3738	19
3739	18
3740	17
3741	3
3742	0
3743	0
3744	0
3745	0
3746	0
3747	0
3748	0
3749	0
3750	0
3751	0
3752	18
3753	26
3754	17
3755	13
3756	21
3757	21
3758	8
3759	20
3760	12
3761	20
3762	16
3763	16
3764	17
3765	3
3766	0
3767	0
3768	0
3769	0
3770	0
3771	0
3772	0
3773	0
3774	0
3775	0
3776	18
3777	23
3778	12
3779	15
3780	21
3781	18
3782	15
3783	21
3784	16
3785	19
3786	19
3787	17
3788	20
3789	2
3790	0
3791	0
3792	0
3793	0
3794	0
3795	0
3796	0
3797	0
3798	0
3799	0
3800	20
3801	11
3802	19
3803	14
3804	18
3805	16
3806	18
3807	14
3808	16
3809	14
3810	20
3811	17
3812	16
3813	1
3814	0
3815	0
3816	0
3817	0
3818	0
3819	0
3820	0
3821	0
3822	0
3823	0
3824	21
3825	13
3826	19
3827	11
3828	16
3829	20
3830	20
3831	20
3832	18
3833	15
3834	16
3835	12
3836	15
3837	3
3838	0
3839	0
3840	0
3841	0
3842	0
3843	0
3844	0
3845	0
3846	0
3847	0
3848	8
3849	14
3850	19
3851	28
3852	29
3853	23
3854	14
3855	19
3856	13
3857	16
3858	19
3859	26
3860	15
3861	0
3862	0
3863	0
3864	0
3865	0
3866	0
3867	0
3868	0
3869	0
3870	0
3871	0
3872	0
3873	0
3874	0
3875	0
3876	0
3877	0
3878	0
3879	0
3880	0
3881	0
3882	0
3883	0
3884	0
3885	0
3886	0
3887	0
3888	0
3889	0
3890	0
3891	0
3892	0
3893	0
3894	0
3895	0
3896	12
3897	4
3898	6
3899	0
3900	4
3901	3
3902	3
3903	2
3904	4
3905	5
3906	4
3907	6
3908	15
3909	3
3910	0
3911	0
3912	0
3913	0
3914	0
3915	0
3916	0
3917	0
3918	0
3919	0
3920	18
3921	19
3922	17
3923	16
3924	24
3925	14
3926	17
3927	18
3928	16
3929	22
3930	14
3931	15
3932	17
3933	0
3934	0
3935	0
3936	0
3937	0
3938	0
3939	0
3940	0
3941	0
3942	0
3943	0
3944	19
3945	19
3946	24
3947	12
3948	16
3949	10
3950	16
3951	15
3952	21
3953	24
3954	17
3955	12
3956	16
3957	1
3958	0
3959	0
3960	0
3961	0
3962	0
3963	0
3964	0
3965	0
3966	0
3967	0
3968	21
3969	14
3970	17
3971	14
3972	15
3973	18
3974	11
3975	20
3976	11
3977	19
3978	12
3979	15
3980	16
3981	4
3982	0
3983	0
3984	0
3985	0
3986	0
3987	0
3988	0
3989	0
3990	0
3991	0
3992	11
3993	23
3994	27
3995	27
3996	17
3997	17
3998	18
3999	21
4000	23
4001	16
4002	11
4003	11
4004	13
4005	2
4006	0
4007	0
4008	0
4009	0
4010	0
4011	0
4012	0
4013	0
4014	0
4015	0
4016	18
4017	14
4018	8
4019	18
4020	20
4021	19
4022	20
4023	23
4024	22
4025	12
4026	25
4027	12
4028	21
4029	1
4030	0
4031	0
4032	0
4033	0
4034	0
4035	0
4036	0
4037	0
4038	0
4039	0
4040	0
4041	0
4042	0
4043	0
4044	0
4045	0
4046	0
4047	0
4048	0
4049	0
4050	0
4051	0
4052	0
4053	0
4054	0
4055	0
4056	0
4057	0
4058	0
4059	0
4060	0
4061	0
4062	0
4063	0
4064	12
4065	20
4066	15
4067	15
4068	15
4069	18
4070	9
4071	17
4072	14
4073	20
4074	19
4075	15
4076	16
4077	4
4078	0
4079	0
4080	0
4081	0
4082	0
4083	0
4084	0
4085	0
4086	0
4087	0
4088	17
4089	16
4090	26
4091	23
4092	12
4093	15
4094	10
4095	17
4096	14
4097	23
4098	15
4099	8
4100	15
4101	5
4102	0
4103	0
4104	0
4105	0
4106	0
4107	0
4108	0
4109	0
4110	0
4111	0
4112	17
4113	18
4114	15
4115	13
4116	14
4117	21
4118	20
4119	17
4120	14
4121	18
4122	15
4123	14
4124	18
4125	3
4126	0
4127	0
4128	0
4129	0
4130	0
4131	0
4132	0
4133	0
4134	0
4135	0
4136	18
4137	22
4138	14
4139	9
4140	12
4141	17
4142	9
4143	16
4144	16
4145	16
4146	17
4147	9
4148	26
4149	7
4150	0
4151	0
4152	0
4153	0
4154	0
4155	0
4156	0
4157	0
4158	0
4159	0
4160	18
4161	23
4162	22
4163	12
4164	16
4165	17
4166	15
4167	13
4168	25
4169	19
4170	23
4171	18
4172	20
4173	0
4174	0
4175	0
4176	0
4177	0
4178	0
4179	0
4180	0
4181	0
4182	0
4183	0
4184	21
4185	17
4186	18
4187	23
4188	10
4189	15
4190	22
4191	20
4192	17
4193	18
4194	15
4195	28
4196	21
4197	0
4198	0
4199	0
4200	0
4201	0
4202	0
4203	0
4204	0
4205	0
4206	0
4207	0
4208	0
4209	0
4210	0
4211	0
4212	0
4213	0
4214	0
4215	0
4216	0
4217	0
4218	0
4219	0
4220	0
4221	0
4222	0
4223	0
4224	0
4225	0
4226	0
4227	0
4228	0
4229	0
4230	0
4231	0
4232	18
4233	18
4234	17
4235	8
4236	17
4237	15
4238	11
4239	15
4240	17
4241	14
4242	20
4243	19
4244	16
4245	3
4246	0
4247	0
4248	0
4249	0
4250	0
4251	0
4252	0
4253	0
4254	0
4255	0
4256	18
4257	29
4258	26
4259	11
4260	21
4261	14
4262	14
4263	20
4264	13
4265	19
4266	10
4267	14
4268	14
4269	3
4270	0
4271	0
4272	0
4273	0
4274	0
4275	0
4276	0
4277	0
4278	0
4279	0
4280	17
4281	20
4282	12
4283	13
4284	21
4285	14
4286	18
4287	16
4288	9
4289	17
4290	18
4291	10
4292	23
4293	2
4294	0
4295	0
4296	0
4297	0
4298	0
4299	0
4300	0
4301	0
4302	0
4303	0
4304	15
4305	16
4306	18
4307	16
4308	16
4309	19
4310	9
4311	17
4312	23
4313	15
4314	14
4315	13
4316	12
4317	2
4318	0
4319	0
4320	0
4321	0
4322	0
4323	0
4324	0
4325	0
4326	0
4327	0
4328	16
4329	19
4330	16
4331	18
4332	24
4333	18
4334	24
4335	19
4336	24
4337	16
4338	18
4339	13
4340	15
4341	4
4342	0
4343	0
4344	0
4345	0
4346	0
4347	0
4348	0
4349	0
4350	0
4351	0
4352	15
4353	10
4354	30
4355	24
4356	20
4357	20
4358	21
4359	19
4360	12
4361	11
4362	13
4363	29
4364	13
4365	1
4366	0
4367	0
4368	0
4369	0
4370	0
4371	0
4372	0
4373	0
4374	0
4375	0
4376	0
4377	0
4378	0
4379	0
4380	0
4381	0
4382	0
4383	0
4384	0
4385	0
4386	0
4387	0
4388	0
4389	0
4390	0
4391	0
4392	0
4393	0
4394	0
4395	0
4396	0
4397	0
4398	0
4399	0
4400	14
4401	12
4402	21
4403	16
4404	20
4405	22
4406	15
4407	11
4408	20
4409	17
4410	21
4411	18
4412	18
4413	0
4414	0
4415	0
4416	0
4417	0
4418	0
4419	0
4420	0
4421	0
4422	0
4423	0
4424	14
4425	19
4426	18
4427	9
4428	12
4429	14
4430	15
4431	14
4432	15
4433	22
4434	30
4435	10
4436	24
4437	0
4438	0
4439	0
4440	0
4441	0
4442	0
4443	0
4444	0
4445	0
4446	0
4447	0
4448	16
4449	23
4450	13
4451	20
4452	8
4453	13
4454	14
4455	15
4456	14
4457	7
4458	13
4459	4
4460	24
4461	6
4462	0
4463	0
4464	0
4465	0
4466	0
4467	0
4468	0
4469	0
4470	0
4471	0
4472	26
4473	20
4474	21
4475	11
4476	19
4477	11
4478	13
4479	14
4480	17
4481	13
4482	18
4483	15
4484	20
4485	3
4486	0
4487	0
4488	0
4489	0
4490	0
4491	0
4492	0
4493	0
4494	0
4495	0
4496	20
4497	21
4498	14
4499	14
4500	22
4501	15
4502	21
4503	22
4504	13
4505	15
4506	15
4507	8
4508	18
4509	3
4510	0
4511	0
4512	0
4513	0
4514	0
4515	0
4516	0
4517	0
4518	0
4519	0
4520	9
4521	20
4522	16
4523	16
4524	15
4525	20
4526	23
4527	18
4528	13
4529	18
4530	10
4531	24
4532	12
4533	3
4534	0
4535	0
4536	0
4537	0
4538	0
4539	0
4540	0
4541	0
4542	0
4543	0
4544	0
4545	0
4546	0
4547	0
4548	0
4549	0
4550	0
4551	0
4552	0
4553	0
4554	0
4555	0
4556	0
4557	0
4558	0
4559	0
4560	0
4561	0
4562	0
4563	0
4564	0
4565	0
4566	0
4567	0
4568	22
4569	15
4570	18
4571	13
4572	25
4573	10
4574	17
4575	18
4576	17
4577	11
4578	11
4579	21
4580	21
4581	6
4582	0
4583	0
4584	0
4585	0
4586	0
4587	0
4588	0
4589	0
4590	0
4591	0
4592	18
4593	27
4594	14
4595	9
4596	16
4597	17
4598	15
4599	15
4600	20
4601	26
4602	21
4603	16
4604	16
4605	3
4606	0
4607	0
4608	0
4609	0
4610	0
4611	0
4612	0
4613	0
4614	0
4615	0
4616	18
4617	18
4618	15
4619	12
4620	16
4621	10
4622	16
4623	16
4624	10
4625	15
4626	16
4627	11
4628	30
4629	2
4630	0
4631	0
4632	0
4633	0
4634	0
4635	0
4636	0
4637	0
4638	0
4639	0
4640	13
4641	18
4642	18
4643	13
4644	13
4645	20
4646	21
4647	13
4648	14
4649	14
4650	18
4651	10
4652	23
4653	6
4654	0
4655	0
4656	0
4657	0
4658	0
4659	0
4660	0
4661	0
4662	0
4663	0
4664	28
4665	19
4666	19
4667	13
4668	22
4669	16
4670	21
4671	10
4672	16
4673	12
4674	20
4675	14
4676	18
4677	2
4678	0
4679	0
4680	0
4681	0
4682	0
4683	0
4684	0
4685	0
4686	0
4687	0
4688	9
4689	10
4690	15
4691	16
4692	19
4693	22
4694	11
4695	26
4696	17
4697	10
4698	13
4699	10
4700	17
4701	5
4702	0
4703	0
4704	0
4705	0
4706	0
4707	0
4708	0
4709	0
4710	0
4711	0
4712	0
4713	0
4714	0
4715	0
4716	0
4717	0
4718	0
4719	0
4720	0
4721	0
4722	0
4723	0
4724	0
4725	0
4726	0
4727	0
4728	0
4729	0
4730	0
4731	0
4732	0
4733	0
4734	0
4735	0
4736	18
4737	10
4738	20
4739	19
4740	11
4741	22
4742	17
4743	9
4744	19
4745	21
4746	13
4747	13
4748	18
4749	6
4750	0
4751	0
4752	0
4753	0
4754	0
4755	0
4756	0
4757	0
4758	0
4759	0
4760	18
4761	17
4762	16
4763	16
4764	12
4765	19
4766	16
4767	17
4768	13
4769	20
4770	23
4771	10
4772	17
4773	4
4774	0
4775	0
4776	0
4777	0
4778	0
4779	0
4780	0
4781	0
4782	0
4783	0
4784	17
4785	32
4786	21
4787	12
4788	18
4789	20
4790	31
4791	18
4792	17
4793	23
4794	23
4795	12
4796	19
4797	6
4798	0
4799	0
4800	0
4801	0
4802	0
4803	0
4804	0
4805	0
4806	0
4807	0
4808	17
4809	29
4810	13
4811	19
4812	19
4813	20
4814	15
4815	17
4816	13
4817	14
4818	13
4819	11
4820	20
4821	2
4822	0
4823	0
4824	0
4825	0
4826	0
4827	0
4828	0
4829	0
4830	0
4831	0
4832	22
4833	23
4834	17
4835	14
4836	17
4837	22
4838	12
4839	17
4840	10
4841	16
4842	15
4843	10
4844	13
4845	1
4846	0
4847	0
4848	0
4849	0
4850	0
4851	0
4852	0
4853	0
4854	0
4855	0
4856	13
4857	21
4858	19
4859	18
4860	25
4861	9
4862	18
4863	9
4864	25
4865	11
4866	18
4867	18
4868	17
4869	1
4870	0
4871	0
4872	0
4873	0
4874	0
4875	0
4876	0
4877	0
4878	0
4879	0
4880	0
4881	0
4882	0
4883	0
4884	0
4885	0
4886	0
4887	0
4888	0
4889	0
4890	0
4891	0
4892	0
4893	0
4894	0
4895	0
4896	0
4897	0
4898	0
4899	0
4900	0
4901	0
4902	0
4903	0
4904	20
4905	18
4906	17
4907	8
4908	22
4909	11
4910	18
4911	20
4912	18
4913	17
4914	18
4915	23
4916	19
4917	2
4918	0
4919	0
4920	0
4921	0
4922	0
4923	0
4924	0
4925	0
4926	0
4927	0
4928	14
4929	22
4930	18
4931	10
4932	10
4933	22
4934	18
4935	19
4936	17
4937	23
4938	14
4939	10
4940	19
4941	2
4942	0
4943	0
4944	0
4945	0
4946	0
4947	0
4948	0
4949	0
4950	0
4951	0
4952	19
4953	20
4954	16
4955	16
4956	15
4957	18
4958	16
4959	21
4960	15
4961	24
4962	15
4963	5
4964	19
4965	4
4966	0
4967	0
4968	0
4969	0
4970	0
4971	0
4972	0
4973	0
4974	0
4975	0
4976	15
4977	24
4978	18
4979	19
4980	18
4981	6
4982	20
4983	11
4984	15
4985	18
4986	22
4987	17
4988	21
4989	4
4990	0
4991	0
4992	0
4993	0
4994	0
4995	0
4996	0
4997	0
4998	0
4999	0
5000	17
5001	23
5002	19
5003	15
5004	13
5005	22
5006	14
5007	11
5008	22
5009	19
5010	19
5011	2
5012	18
5013	0
5014	0
5015	0
5016	0
5017	0
5018	0
5019	0
5020	0
5021	0
5022	0
5023	0
5024	15
5025	16
5026	15
5027	15
5028	16
5029	17
5030	17
5031	16
5032	10
5033	18
5034	9
5035	17
5036	24
5037	4
5038	0
5039	0
5040	0
5041	0
5042	0
5043	0
5044	0
5045	0
5046	0
5047	0
5048	0
5049	0
5050	0
5051	0
5052	0
5053	0
5054	0
5055	0
5056	0
5057	0
5058	0
5059	0
5060	0
5061	0
5062	0
5063	0
5064	0
5065	0
5066	0
5067	0
5068	0
5069	0
5070	0
5071	0
5072	15
5073	21
5074	27
5075	12
5076	16
5077	15
5078	19
5079	25
5080	16
5081	20
5082	19
5083	14
5084	19
5085	5
5086	0
5087	0
5088	0
5089	0
5090	0
5091	0
5092	0
5093	0
5094	0
5095	0
5096	20
5097	20
5098	14
5099	18
5100	17
5101	14
5102	13
5103	13
5104	17
5105	9
5106	21
5107	12
5108	19
5109	2
5110	0
5111	0
5112	0
5113	0
5114	0
5115	0
5116	0
5117	0
5118	0
5119	0
5120	21
5121	14
5122	13
5123	12
5124	22
5125	23
5126	14
5127	15
5128	9
5129	16
5130	15
5131	13
5132	15
5133	2
5134	0
5135	0
5136	0
5137	0
5138	0
5139	0
5140	0
5141	0
5142	0
5143	0
5144	15
5145	19
5146	16
5147	11
5148	13
5149	13
5150	14
5151	17
5152	13
5153	16
5154	16
5155	14
5156	11
5157	4
5158	0
5159	0
5160	0
5161	0
5162	0
5163	0
5164	0
5165	0
5166	0
5167	0
5168	21
5169	25
5170	18
5171	11
5172	15
5173	14
5174	18
5175	13
5176	22
5177	13
5178	20
5179	26
5180	19
5181	2
5182	0
5183	0
5184	0
5185	0
5186	0
5187	0
5188	0
5189	0
5190	0
5191	0
5192	11
5193	7
5194	13
5195	13
5196	19
5197	14
5198	11
5199	16
5200	11
5201	22
5202	25
5203	22
5204	18
5205	0
5206	0
5207	0
5208	0
5209	0
5210	0
5211	0
5212	0
5213	0
5214	0
5215	0
5216	0
5217	0
5218	0
5219	0
5220	0
5221	0
5222	0
5223	0
5224	0
5225	0
5226	0
5227	0
5228	0
5229	0
5230	0
5231	0
5232	0
5233	0
5234	0
5235	0
5236	0
5237	0
5238	0
5239	0
5240	18
5241	19
5242	22
5243	12
5244	17
5245	18
5246	20
5247	18
5248	10
5249	14
5250	24
5251	13
5252	21
5253	1
5254	0
5255	0
5256	0
5257	0
5258	0
5259	0
5260	0
5261	0
5262	0
5263	0
5264	18
5265	20
5266	11
5267	18
5268	24
5269	10
5270	9
5271	16
5272	22
5273	10
5274	17
5275	13
5276	15
5277	2
5278	0
5279	0
5280	0
5281	0
5282	0
5283	0
5284	0
5285	0
5286	0
5287	0
5288	18
5289	10
5290	28
5291	20
5292	16
5293	16
5294	18
5295	14
5296	14
5297	22
5298	12
5299	9
5300	16
5301	2
5302	0
5303	0
5304	0
5305	0
5306	0
5307	0
5308	0
5309	0
5310	0
5311	0
5312	23
5313	14
5314	14
5315	21
5316	18
5317	13
5318	10
5319	19
5320	17
5321	17
5322	21
5323	15
5324	19
5325	3
5326	0
5327	0
5328	0
5329	0
5330	0
5331	0
5332	0
5333	0
5334	0
5335	0
5336	13
5337	17
5338	18
5339	10
5340	16
5341	20
5342	15
5343	16
5344	18
5345	20
5346	21
5347	11
5348	18
5349	1
5350	0
5351	0
5352	0
5353	0
5354	0
5355	0
5356	0
5357	0
5358	0
5359	0
5360	7
5361	11
5362	13
5363	17
5364	20
5365	22
5366	18
5367	18
5368	13
5369	15
5370	10
5371	24
5372	22
5373	1
5374	0
5375	0
5376	0
5377	0
5378	0
5379	0
5380	0
5381	0
5382	0
5383	0
5384	0
5385	0
5386	0
5387	0
5388	0
5389	0
5390	0
5391	0
5392	0
5393	0
5394	0
5395	0
5396	0
5397	0
5398	0
5399	0
5400	0
5401	0
5402	0
5403	0
5404	0
5405	0
5406	0
5407	0
5408	18
5409	17
5410	29
5411	13
5412	16
5413	22
5414	13
5415	18
5416	17
5417	20
5418	12
5419	14
5420	16
5421	9
5422	0
5423	0
5424	0
5425	0
5426	0
5427	0
5428	0
5429	0
5430	0
5431	0
5432	19
5433	13
5434	23
5435	15
5436	14
5437	11
5438	10
5439	13
5440	18
5441	18
5442	21
5443	6
5444	15
5445	1
5446	0
5447	0
5448	0
5449	0
5450	0
5451	0
5452	0
5453	0
5454	0
5455	0
5456	21
5457	23
5458	13
5459	12
5460	19
5461	13
5462	12
5463	14
5464	22
5465	19
5466	23
5467	13
5468	22
5469	11
5470	0
5471	0
5472	0
5473	0
5474	0
5475	0
5476	0
5477	0
5478	0
5479	0
5480	20
5481	24
5482	19
5483	15
5484	18
5485	12
5486	20
5487	16
5488	18
5489	17
5490	34
5491	9
5492	17
5493	5
5494	0
5495	0
5496	0
5497	0
5498	0
5499	0
5500	0
5501	0
5502	0
5503	0
5504	24
5505	26
5506	26
5507	19
5508	20
5509	19
5510	13
5511	11
5512	23
5513	13
5514	18
5515	17
5516	17
5517	0
5518	0
5519	0
5520	0
5521	0
5522	0
5523	0
5524	0
5525	0
5526	0
5527	0
5528	20
5529	18
5530	30
5531	14
5532	22
5533	14
5534	14
5535	19
5536	17
5537	13
5538	10
5539	14
5540	19
5541	1
5542	0
5543	0
5544	0
5545	0
5546	0
5547	0
5548	0
5549	0
5550	0
5551	0
5552	0
5553	0
5554	0
5555	0
5556	0
5557	0
5558	0
5559	0
5560	0
5561	0
5562	0
5563	0
5564	0
5565	0
5566	0
5567	0
5568	0
5569	0
5570	0
5571	0
5572	0
5573	0
5574	0
5575	0
5576	15
5577	17
5578	16
5579	9
5580	18
5581	12
5582	14
5583	14
5584	20
5585	19
5586	20
5587	18
5588	14
5589	3
5590	0
5591	0
5592	0
5593	0
5594	0
5595	0
5596	0
5597	0
5598	0
5599	0
5600	17
5601	15
5602	22
5603	12
5604	10
5605	20
5606	14
5607	11
5608	14
5609	23
5610	22
5611	7
5612	15
5613	1
5614	0
5615	0
5616	0
5617	0
5618	0
5619	0
5620	0
5621	0
5622	0
5623	0
5624	17
5625	16
5626	19
5627	12
5628	11
5629	17
5630	13
5631	12
5632	20
5633	21
5634	16
5635	14
5636	23
5637	7
5638	0
5639	0
5640	0
5641	0
5642	0
5643	0
5644	0
5645	0
5646	0
5647	0
5648	15
5649	19
5650	14
5651	10
5652	17
5653	13
5654	11
5655	10
5656	14
5657	17
5658	17
5659	7
5660	13
5661	7
5662	0
5663	0
5664	0
5665	0
5666	0
5667	0
5668	0
5669	0
5670	0
5671	0
5672	22
5673	26
5674	21
5675	13
5676	19
5677	13
5678	10
5679	17
5680	22
5681	13
5682	19
5683	14
5684	16
5685	3
5686	0
5687	0
5688	0
5689	0
5690	0
5691	0
5692	0
5693	0
5694	0
5695	0
5696	7
5697	13
5698	10
5699	22
5700	6
5701	8
5702	21
5703	13
5704	11
5705	11
5706	9
5707	8
5708	24
5709	6
5710	0
5711	0
5712	0
5713	0
5714	0
5715	0
5716	0
5717	0
5718	0
5719	0
5720	0
5721	0
5722	0
5723	0
5724	0
5725	0
5726	0
5727	0
5728	0
5729	0
5730	0
5731	0
5732	0
5733	0
5734	0
5735	0
5736	0
5737	0
5738	0
5739	0
5740	0
5741	0
5742	0
5743	0
5744	17
5745	13
5746	13
5747	17
5748	18
5749	12
5750	20
5751	11
5752	12
5753	16
5754	17
5755	7
5756	14
5757	2
5758	0
5759	0
5760	0
5761	0
5762	0
5763	0
5764	0
5765	0
5766	0
5767	0
5768	21
5769	12
5770	17
5771	16
5772	13
5773	13
5774	15
5775	13
5776	17
5777	12
5778	15
5779	10
5780	19
5781	5
5782	0
5783	0
5784	0
5785	0
5786	0
5787	0
5788	0
5789	0
5790	0
5791	0
5792	16
5793	22
5794	19
5795	15
5796	17
5797	15
5798	13
5799	21
5800	13
5801	20
5802	19
5803	14
5804	15
5805	6
5806	0
5807	0
5808	0
5809	0
5810	0
5811	0
5812	0
5813	0
5814	0
5815	0
5816	17
5817	21
5818	20
5819	18
5820	16
5821	11
5822	14
5823	22
5824	12
5825	13
5826	20
5827	17
5828	21
5829	2
5830	0
5831	0
5832	0
5833	0
5834	0
5835	0
5836	0
5837	0
5838	0
5839	0
5840	18
5841	23
5842	11
5843	15
5844	16
5845	18
5846	16
5847	14
5848	15
5849	24
5850	16
5851	13
5852	14
5853	1
5854	0
5855	0
5856	0
5857	0
5858	0
5859	0
5860	0
5861	0
5862	0
5863	0
5864	9
5865	14
5866	21
5867	26
5868	11
5869	13
5870	18
5871	18
5872	11
5873	11
5874	19
5875	19
5876	14
5877	1
5878	0
5879	0
5880	0
5881	0
5882	0
5883	0
5884	0
5885	0
5886	0
5887	0
5888	0
5889	0
5890	0
5891	0
5892	0
5893	0
5894	0
5895	0
5896	0
5897	0
5898	0
5899	0
5900	0
5901	0
5902	0
5903	0
5904	0
5905	0
5906	0
5907	0
5908	0
5909	0
5910	0
5911	0
5912	14
5913	23
5914	18
5915	19
5916	21
5917	15
5918	18
5919	17
5920	15
5921	18
5922	18
5923	15
5924	16
5925	3
5926	0
5927	0
5928	0
5929	0
5930	0
5931	0
5932	0
5933	0
5934	0
5935	0
5936	13
5937	18
5938	23
5939	11
5940	12
5941	15
5942	19
5943	15
5944	14
5945	21
5946	20
5947	8
5948	17
5949	2
5950	0
5951	0
5952	0
5953	0
5954	0
5955	0
5956	0
5957	0
5958	0
5959	0
5960	13
5961	18
5962	21
5963	16
5964	17
5965	12
5966	21
5967	14
5968	12
5969	21
5970	15
5971	14
5972	14
5973	2
5974	0
5975	0
5976	0
5977	0
5978	0
5979	0
5980	0
5981	0
5982	0
5983	0
5984	21
5985	22
5986	9
5987	17
5988	15
5989	10
5990	11
5991	17
5992	12
5993	18
5994	17
5995	14
5996	19
5997	7
5998	0
5999	0
6000	0
6001	0
6002	0
6003	0
6004	0
6005	0
6006	0
6007	0
6008	22
6009	17
6010	19
6011	17
6012	18
6013	10
6014	16
6015	13
6016	18
6017	18
6018	13
6019	17
6020	20
6021	2
6022	0
6023	0
6024	0
6025	0
6026	0
6027	0
6028	0
6029	0
6030	0
6031	0
6032	12
6033	23
6034	12
6035	17
6036	14
6037	18
6038	19
6039	17
6040	7
6041	19
6042	29
6043	22
6044	18
6045	1
6046	0
6047	0
6048	0
6049	0
6050	0
6051	0
6052	0
6053	0
6054	0
6055	0
6056	0
6057	0
6058	0
6059	0
6060	0
6061	0
6062	0
6063	0
6064	0
6065	0
6066	0
6067	0
6068	0
6069	0
6070	0
6071	0
6072	0
6073	0
6074	0
6075	0
6076	0
6077	0
6078	0
6079	0
6080	18
6081	16
6082	22
6083	21
6084	18
6085	19
6086	15
6087	13
6088	17
6089	15
6090	23
6091	13
6092	6
6093	6
6094	0
6095	0
6096	0
6097	0
6098	0
6099	0
6100	0
6101	0
6102	0
6103	0
6104	23
6105	20
6106	6
6107	17
6108	16
6109	15
6110	16
6111	11
6112	8
6113	20
6114	15
6115	12
6116	20
6117	3
6118	0
6119	0
6120	0
6121	0
6122	0
6123	0
6124	0
6125	0
6126	0
6127	0
6128	18
6129	17
6130	18
6131	11
6132	13
6133	20
6134	17
6135	12
6136	20
6137	16
6138	20
6139	9
6140	14
6141	6
6142	0
6143	0
6144	0
6145	0
6146	0
6147	0
6148	0
6149	0
6150	0
6151	0
6152	20
6153	27
6154	19
6155	16
6156	14
6157	21
6158	12
6159	12
6160	15
6161	14
6162	12
6163	18
6164	24
6165	3
6166	0
6167	0
6168	0
6169	0
6170	0
6171	0
6172	0
6173	0
6174	0
6175	0
6176	18
6177	20
6178	21
6179	15
6180	22
6181	14
6182	18
6183	17
6184	16
6185	18
6186	16
6187	13
6188	24
6189	1
6190	0
6191	0
6192	0
6193	0
6194	0
6195	0
6196	0
6197	0
6198	0
6199	0
6200	11
6201	16
6202	13
6203	16
6204	17
6205	19
6206	17
6207	12
6208	14
6209	13
6210	16
6211	22
6212	16
6213	3
6214	0
6215	0
6216	0
6217	0
6218	0
6219	0
6220	0
6221	0
6222	0
6223	0
6224	0
6225	0
6226	0
6227	0
6228	0
6229	0
6230	0
6231	0
6232	0
6233	0
6234	0
6235	0
6236	0
6237	0
6238	0
6239	0
6240	0
6241	0
6242	0
6243	0
6244	0
6245	0
6246	0
6247	0
6248	24
6249	21
6250	21
6251	18
6252	16
6253	16
6254	15
6255	22
6256	22
6257	14
6258	25
6259	13
6260	24
6261	3
6262	0
6263	0
6264	0
6265	0
6266	0
6267	0
6268	0
6269	0
6270	0
6271	0
6272	19
6273	23
6274	26
6275	15
6276	12
6277	21
6278	13
6279	14
6280	17
6281	24
6282	18
6283	17
6284	19
6285	1
6286	0
6287	0
6288	0
6289	0
6290	0
6291	0
6292	0
6293	0
6294	0
6295	0
6296	17
6297	28
6298	23
6299	14
6300	11
6301	7
6302	18
6303	17
6304	11
6305	22
6306	16
6307	7
6308	27
6309	13
6310	0
6311	0
6312	0
6313	0
6314	0
6315	0
6316	0
6317	0
6318	0
6319	0
6320	19
6321	26
6322	18
6323	19
6324	17
6325	19
6326	14
6327	17
6328	19
6329	8
6330	12
6331	6
6332	10
6333	1
6334	0
6335	0
6336	0
6337	0
6338	0
6339	0
6340	0
6341	0
6342	0
6343	0
6344	24
6345	23
6346	20
6347	17
6348	11
6349	6
6350	21
6351	13
6352	8
6353	15
6354	11
6355	13
6356	18
6357	0
6358	0
6359	0
6360	0
6361	0
6362	0
6363	0
6364	0
6365	0
6366	0
6367	0
6368	16
6369	19
6370	12
6371	29
6372	27
6373	23
6374	13
6375	15
6376	20
6377	18
6378	18
6379	15
6380	18
6381	2
6382	0
6383	0
6384	0
6385	0
6386	0
6387	0
6388	0
6389	0
6390	0
6391	0
6392	0
6393	0
6394	0
6395	0
6396	0
6397	0
6398	0
6399	0
6400	0
6401	0
6402	0
6403	0
6404	0
6405	0
6406	0
6407	0
6408	0
6409	0
6410	0
6411	0
6412	0
6413	0
6414	0
6415	0
6416	17
6417	16
6418	28
6419	16
6420	22
6421	17
6422	18
6423	10
6424	23
6425	28
6426	19
6427	11
6428	22
6429	1
6430	0
6431	0
6432	0
6433	0
6434	0
6435	0
6436	0
6437	0
6438	0
6439	0
6440	15
6441	22
6442	16
6443	29
6444	12
6445	17
6446	19
6447	9
6448	14
6449	14
6450	17
6451	16
6452	18
6453	4
6454	0
6455	0
6456	0
6457	0
6458	0
6459	0
6460	0
6461	0
6462	0
6463	0
6464	17
6465	11
6466	28
6467	18
6468	15
6469	11
6470	13
6471	12
6472	17
6473	25
6474	16
6475	5
6476	16
6477	2
6478	0
6479	0
6480	0
6481	0
6482	0
6483	0
6484	0
6485	0
6486	0
6487	0
6488	19
6489	14
6490	9
6491	17
6492	19
6493	7
6494	17
6495	19
6496	18
6497	10
6498	6
6499	13
6500	13
6501	5
6502	0
6503	0
6504	0
6505	0
6506	0
6507	0
6508	0
6509	0
6510	0
6511	0
6512	18
6513	20
6514	23
6515	19
6516	6
6517	18
6518	9
6519	14
6520	18
6521	15
6522	15
6523	11
6524	19
6525	5
6526	0
6527	0
6528	0
6529	0
6530	0
6531	0
6532	0
6533	0
6534	0
6535	0
6536	11
6537	12
6538	11
6539	18
6540	8
6541	12
6542	14
6543	11
6544	11
6545	8
6546	15
6547	12
6548	29
6549	3
6550	0
6551	0
6552	0
6553	0
6554	0
6555	0
6556	0
6557	0
6558	0
6559	0
6560	0
6561	0
6562	0
6563	0
6564	0
6565	0
6566	0
6567	0
6568	0
6569	0
6570	0
6571	0
6572	0
6573	0
6574	0
6575	0
6576	0
6577	0
6578	0
6579	0
6580	0
6581	0
6582	0
6583	0
6584	5
6585	6
6586	12
6587	9
6588	18
6589	11
6590	11
6591	11
6592	10
6593	8
6594	16
6595	15
6596	24
6597	0
6598	0
6599	0
6600	0
6601	0
6602	0
6603	0
6604	0
6605	0
6606	0
6607	0
6608	0
6609	0
6610	0
6611	0
6612	0
6613	0
6614	0
6615	0
6616	0
6617	0
6618	0
6619	0
6620	0
6621	0
6622	0
6623	0
6624	0
6625	0
6626	0
6627	0
6628	0
6629	0
6630	0
6631	0
6632	20
6633	24
6634	24
6635	18
6636	14
6637	15
6638	21
6639	17
6640	18
6641	10
6642	7
6643	18
6644	10
6645	2
6646	0
6647	0
6648	0
6649	0
6650	0
6651	0
6652	0
6653	0
6654	0
6655	0
6656	16
6657	11
6658	18
6659	22
6660	11
6661	17
6662	17
6663	14
6664	16
6665	19
6666	17
6667	19
6668	22
6669	0
6670	0
6671	0
6672	0
6673	0
6674	0
6675	0
6676	0
6677	0
6678	0
6679	0
6680	19
6681	20
6682	22
6683	13
6684	11
6685	20
6686	15
6687	16
6688	9
6689	13
6690	14
6691	11
6692	18
6693	4
6694	0
6695	0
6696	0
6697	0
6698	0
6699	0
6700	0
6701	0
6702	0
6703	0
6704	15
6705	16
6706	13
6707	14
6708	11
6709	14
6710	14
6711	14
6712	12
6713	15
6714	11
6715	15
6716	16
6717	1
6718	0
6719	0
6720	0
6721	0
6722	0
6723	0
6724	0
6725	0
6726	0
6727	0
6728	14
6729	22
6730	16
6731	9
6732	18
6733	17
6734	19
6735	12
6736	18
6737	21
6738	10
6739	12
6740	16
6741	4
6742	0
6743	0
6744	0
6745	0
6746	0
6747	0
6748	0
6749	0
6750	0
6751	0
6752	12
6753	14
6754	14
6755	18
6756	9
6757	17
6758	18
6759	17
6760	22
6761	17
6762	18
6763	18
6764	20
6765	2
6766	0
6767	0
6768	0
6769	0
6770	0
6771	0
6772	0
6773	0
6774	0
6775	0
6776	0
6777	0
6778	0
6779	0
6780	0
6781	0
6782	0
6783	0
6784	0
6785	0
6786	0
6787	0
6788	0
6789	0
6790	0
6791	0
6792	0
6793	0
6794	0
6795	0
6796	0
6797	0
6798	0
6799	0
6800	17
6801	13
6802	23
6803	19
6804	18
6805	16
6806	16
6807	16
6808	18
6809	19
6810	12
6811	16
6812	16
6813	1
6814	0
6815	0
6816	0
6817	0
6818	0
6819	0
6820	0
6821	0
6822	0
6823	0
6824	17
6825	24
6826	14
6827	13
6828	15
6829	10
6830	17
6831	17
6832	12
6833	27
6834	16
6835	18
6836	16
6837	0
6838	0
6839	0
6840	0
6841	0
6842	0
6843	0
6844	0
6845	0
6846	0
6847	0
6848	15
6849	12
6850	15
6851	10
6852	16
6853	12
6854	19
6855	22
6856	19
6857	11
6858	16
6859	12
6860	19
6861	5
6862	0
6863	0
6864	0
6865	0
6866	0
6867	0
6868	0
6869	0
6870	0
6871	0
6872	14
6873	11
6874	14
6875	20
6876	11
6877	16
6878	22
6879	10
6880	15
6881	13
6882	19
6883	14
6884	18
6885	3
6886	0
6887	0
6888	0
6889	0
6890	0
6891	0
6892	0
6893	0
6894	0
6895	0
6896	15
6897	11
6898	17
6899	8
6900	19
6901	21
6902	25
6903	20
6904	11
6905	13
6906	8
6907	16
6908	16
6909	1
6910	0
6911	0
6912	0
6913	0
6914	0
6915	0
6916	0
6917	0
6918	0
6919	0
6920	16
6921	3
6922	7
6923	10
6924	1
6925	2
6926	4
6927	3
6928	4
6929	8
6930	9
6931	15
6932	30
6933	2
6934	0
6935	0
6936	0
6937	0
6938	0
6939	0
6940	0
6941	0
6942	0
6943	0
6944	0
6945	0
6946	0
6947	0
6948	0
6949	0
6950	0
6951	0
6952	0
6953	0
6954	0
6955	0
6956	0
6957	0
6958	0
6959	0
6960	0
6961	0
6962	0
6963	0
6964	0
6965	0
6966	0
6967	0
6968	12
6969	19
6970	18
6971	14
6972	11
6973	21
6974	12
6975	14
6976	15
6977	18
6978	14
6979	21
6980	14
6981	4
6982	0
6983	0
6984	0
6985	0
6986	0
6987	0
6988	0
6989	0
6990	0
6991	0
6992	20
6993	17
6994	14
6995	18
6996	14
6997	16
6998	14
6999	20
7000	11
7001	14
7002	21
7003	19
7004	17
7005	6
7006	0
7007	0
7008	0
7009	0
7010	0
7011	0
7012	0
7013	0
7014	0
7015	0
7016	18
7017	26
7018	16
7019	11
7020	16
7021	12
7022	11
7023	11
7024	16
7025	12
7026	11
7027	14
7028	11
7029	2
7030	0
7031	0
7032	0
7033	0
7034	0
7035	0
7036	0
7037	0
7038	0
7039	0
7040	17
7041	20
7042	11
7043	17
7044	19
7045	20
7046	14
7047	20
7048	17
7049	22
7050	13
7051	12
7052	24
7053	2
7054	0
7055	0
7056	0
7057	0
7058	0
7059	0
7060	0
7061	0
7062	0
7063	0
7064	17
7065	17
7066	21
7067	14
7068	15
7069	16
7070	16
7071	17
7072	18
7073	12
7074	10
7075	10
7076	23
7077	0
7078	0
7079	0
7080	0
7081	0
7082	0
7083	0
7084	0
7085	0
7086	0
7087	0
7088	6
7089	17
7090	27
7091	23
7092	9
7093	23
7094	14
7095	20
7096	12
7097	15
7098	14
7099	18
7100	20
7101	1
7102	0
7103	0
7104	0
7105	0
7106	0
7107	0
7108	0
7109	0
7110	0
7111	0
7112	0
7113	0
7114	0
7115	0
7116	0
7117	0
7118	0
7119	0
7120	0
7121	0
7122	0
7123	0
7124	0
7125	0
7126	0
7127	0
7128	0
7129	0
7130	0
7131	0
7132	0
7133	0
7134	0
7135	0
7136	15
7137	18
7138	24
7139	16
7140	14
7141	13
7142	17
7143	16
7144	11
7145	21
7146	13
7147	11
7148	18
7149	2
7150	0
7151	0
7152	0
7153	0
7154	0
7155	0
7156	0
7157	0
7158	0
7159	0
7160	16
7161	15
7162	12
7163	11
7164	17
7165	11
7166	15
7167	13
7168	14
7169	17
7170	15
7171	19
7172	16
7173	3
7174	0
7175	0
7176	0
7177	0
7178	0
7179	0
7180	0
7181	0
7182	0
7183	0
7184	17
7185	18
7186	18
7187	13
7188	18
7189	17
7190	7
7191	14
7192	14
7193	16
7194	19
7195	23
7196	17
7197	0
7198	0
7199	0
7200	0
7201	0
7202	0
7203	0
7204	0
7205	0
7206	0
7207	0
7208	17
7209	9
7210	16
7211	14
7212	17
7213	15
7214	16
7215	17
7216	19
7217	21
7218	16
7219	23
7220	15
7221	0
7222	0
7223	0
7224	0
7225	0
7226	0
7227	0
7228	0
7229	0
7230	0
7231	0
7232	15
7233	9
7234	22
7235	16
7236	20
7237	13
7238	14
7239	17
7240	19
7241	12
7242	16
7243	15
7244	18
7245	7
7246	0
7247	0
7248	0
7249	0
7250	0
7251	0
7252	0
7253	0
7254	0
7255	0
7256	7
7257	17
7258	12
7259	15
7260	17
7261	16
7262	13
7263	15
7264	12
7265	13
7266	12
7267	12
7268	17
7269	3
7270	0
7271	0
7272	0
7273	0
7274	0
7275	0
7276	0
7277	0
7278	0
7279	0
7280	0
7281	0
7282	0
7283	0
7284	0
7285	0
7286	0
7287	0
7288	0
7289	0
7290	0
7291	0
7292	0
7293	0
7294	0
7295	0
7296	0
7297	0
7298	0
7299	0
7300	0
7301	0
7302	0
7303	0
7304	18
7305	10
7306	15
7307	16
7308	12
7309	14
7310	16
7311	16
7312	23
7313	19
7314	23
7315	18
7316	15
7317	3
7318	0
7319	0
7320	0
7321	0
7322	0
7323	0
7324	0
7325	0
7326	0
7327	0
7328	14
7329	4
7330	1
7331	1
7332	0
7333	0
7334	1
7335	3
7336	0
7337	3
7338	8
7339	9
7340	15
7341	6
7342	0
7343	0
7344	0
7345	0
7346	0
7347	0
7348	0
7349	0
7350	0
7351	0
7352	20
7353	24
7354	21
7355	16
7356	18
7357	16
7358	16
7359	18
7360	24
7361	17
7362	13
7363	18
7364	18
7365	4
7366	0
7367	0
7368	0
7369	0
7370	0
7371	0
7372	0
7373	0
7374	0
7375	0
7376	15
7377	13
7378	18
7379	12
7380	13
7381	15
7382	18
7383	15
7384	13
7385	18
7386	18
7387	17
7388	18
7389	0
7390	0
7391	0
7392	0
7393	0
7394	0
7395	0
7396	0
7397	0
7398	0
7399	0
7400	12
7401	13
7402	20
7403	10
7404	11
7405	15
7406	19
7407	18
7408	32
7409	14
7410	24
7411	17
7412	20
7413	1
7414	0
7415	0
7416	0
7417	0
7418	0
7419	0
7420	0
7421	0
7422	0
7423	0
7424	5
7425	16
7426	12
7427	14
7428	16
7429	15
7430	14
7431	10
7432	13
7433	9
7434	13
7435	22
7436	22
7437	0
7438	0
7439	0
7440	0
7441	0
7442	0
7443	0
7444	0
7445	0
7446	0
7447	0
7448	0
7449	0
7450	0
7451	0
7452	0
7453	0
7454	0
7455	0
7456	0
7457	0
7458	0
7459	0
7460	0
7461	0
7462	0
7463	0
7464	0
7465	0
7466	0
7467	0
7468	0
7469	0
7470	0
7471	0
7472	20
7473	16
7474	24
7475	14
7476	7
7477	18
7478	18
7479	17
7480	16
7481	12
7482	16
7483	10
7484	19
7485	5
7486	0
7487	0
7488	0
7489	0
7490	0
7491	0
7492	0
7493	0
7494	0
7495	0
7496	19
7497	22
7498	13
7499	12
7500	9
7501	17
7502	11
7503	14
7504	20
7505	13
7506	19
7507	18
7508	17
7509	2
7510	0
7511	0
7512	0
7513	0
7514	0
7515	0
7516	0
7517	0
7518	0
7519	0
7520	17
7521	24
7522	13
7523	10
7524	13
7525	16
7526	11
7527	20
7528	15
7529	11
7530	16
7531	12
7532	12
7533	4
7534	0
7535	0
7536	0
7537	0
7538	0
7539	0
7540	0
7541	0
7542	0
7543	0
7544	15
7545	13
7546	24
7547	14
7548	13
7549	14
7550	13
7551	15
7552	21
7553	14
7554	18
7555	20
7556	18
7557	0
7558	0
7559	0
7560	0
7561	0
7562	0
7563	0
7564	0
7565	0
7566	0
7567	0
7568	20
7569	13
7570	23
7571	15
7572	17
7573	17
7574	12
7575	25
7576	15
7577	15
7578	13
7579	16
7580	19
7581	0
7582	0
7583	0
7584	0
7585	0
7586	0
7587	0
7588	0
7589	0
7590	0
7591	0
7592	14
7593	15
7594	11
7595	18
7596	19
7597	18
7598	10
7599	12
7600	22
7601	17
7602	9
7603	28
7604	27
7605	0
7606	0
7607	0
7608	0
7609	0
7610	0
7611	0
7612	0
7613	0
7614	0
7615	0
7616	0
7617	0
7618	0
7619	0
7620	0
7621	0
7622	0
7623	0
7624	0
7625	0
7626	0
7627	0
7628	0
7629	0
7630	0
7631	0
7632	0
7633	0
7634	0
7635	0
7636	0
7637	0
7638	0
7639	0
7640	19
7641	13
7642	20
7643	10
7644	19
7645	17
7646	17
7647	14
7648	19
7649	18
7650	12
7651	21
7652	18
7653	4
7654	0
7655	0
7656	0
7657	0
7658	0
7659	0
7660	0
7661	0
7662	0
7663	0
7664	18
7665	18
7666	20
7667	14
7668	10
7669	16
7670	17
7671	19
7672	15
7673	16
7674	20
7675	13
7676	15
7677	4
7678	0
7679	0
7680	0
7681	0
7682	0
7683	0
7684	0
7685	0
7686	0
7687	0
7688	15
7689	13
7690	21
7691	12
7692	15
7693	18
7694	12
7695	14
7696	17
7697	12
7698	19
7699	13
7700	16
7701	2
7702	0
7703	0
7704	0
7705	0
7706	0
7707	0
7708	0
7709	0
7710	0
7711	0
7712	20
7713	17
7714	17
7715	19
7716	20
7717	15
7718	12
7719	14
7720	10
7721	20
7722	15
7723	11
7724	20
7725	4
7726	0
7727	0
7728	0
7729	0
7730	0
7731	0
7732	0
7733	0
7734	0
7735	0
7736	16
7737	17
7738	17
7739	15
7740	12
7741	17
7742	18
7743	20
7744	15
7745	24
7746	18
7747	13
7748	20
7749	1
7750	0
7751	0
7752	0
7753	0
7754	0
7755	0
7756	0
7757	0
7758	0
7759	0
7760	15
7761	16
7762	11
7763	12
7764	21
7765	11
7766	16
7767	15
7768	21
7769	20
7770	11
7771	26
7772	19
7773	2
7774	0
7775	0
7776	0
7777	0
7778	0
7779	0
7780	0
7781	0
7782	0
7783	0
7784	0
7785	0
7786	0
7787	0
7788	0
7789	0
7790	0
7791	0
7792	0
7793	0
7794	0
7795	0
7796	0
7797	0
7798	0
7799	0
7800	0
7801	0
7802	0
7803	0
7804	0
7805	0
7806	0
7807	0
7808	18
7809	21
7810	22
7811	16
7812	14
7813	14
7814	15
7815	18
7816	15
7817	11
7818	12
7819	9
7820	15
7821	2
7822	0
7823	0
7824	0
7825	0
7826	0
7827	0
7828	0
7829	0
7830	0
7831	0
7832	15
7833	11
7834	21
7835	11
7836	18
7837	18
7838	14
7839	22
7840	16
7841	11
7842	20
7843	11
7844	21
7845	9
7846	0
7847	0
7848	0
7849	0
7850	0
7851	0
7852	0
7853	0
7854	0
7855	0
7856	21
7857	23
7858	19
7859	19
7860	11
7861	21
7862	12
7863	18
7864	17
7865	19
7866	16
7867	19
7868	16
7869	1
7870	0
7871	0
7872	0
7873	0
7874	0
7875	0
7876	0
7877	0
7878	0
7879	0
7880	15
7881	17
7882	20
7883	12
7884	23
7885	12
7886	20
7887	12
7888	14
7889	21
7890	22
7891	5
7892	15
7893	3
7894	0
7895	0
7896	0
7897	0
7898	0
7899	0
7900	0
7901	0
7902	0
7903	0
7904	19
7905	31
7906	29
7907	12
7908	14
7909	12
7910	17
7911	23
7912	13
7913	17
7914	18
7915	8
7916	19
7917	0
7918	0
7919	0
7920	0
7921	0
7922	0
7923	0
7924	0
7925	0
7926	0
7927	0
7928	9
7929	20
7930	18
7931	18
7932	17
7933	12
7934	8
7935	12
7936	17
7937	12
7938	23
7939	23
7940	14
7941	0
7942	0
7943	0
7944	0
7945	0
7946	0
7947	0
7948	0
7949	0
7950	0
7951	0
7952	0
7953	0
7954	0
7955	0
7956	0
7957	0
7958	0
7959	0
7960	0
7961	0
7962	0
7963	0
7964	0
7965	0
7966	0
7967	0
7968	0
7969	0
7970	0
7971	0
7972	0
7973	0
7974	0
7975	0
7976	15
7977	20
7978	20
7979	22
7980	14
7981	19
7982	18
7983	9
7984	10
7985	13
7986	16
7987	21
7988	18
7989	5
7990	0
7991	0
7992	0
7993	0
7994	0
7995	0
7996	0
7997	0
7998	0
7999	0
8000	18
8001	12
8002	17
8003	10
8004	11
8005	12
8006	15
8007	11
8008	12
8009	12
8010	19
8011	10
8012	21
8013	1
8014	0
8015	0
8016	0
8017	0
8018	0
8019	0
8020	0
8021	0
8022	0
8023	0
8024	19
8025	22
8026	15
8027	13
8028	17
8029	11
8030	9
8031	16
8032	16
8033	15
8034	14
8035	10
8036	15
8037	2
8038	0
8039	0
8040	0
8041	0
8042	0
8043	0
8044	0
8045	0
8046	0
8047	0
8048	18
8049	22
8050	16
8051	13
8052	13
8053	11
8054	11
8055	17
8056	20
8057	15
8058	13
8059	10
8060	16
8061	1
8062	0
8063	0
8064	0
8065	0
8066	0
8067	0
8068	0
8069	0
8070	0
8071	0
8072	17
8073	18
8074	16
8075	20
8076	12
8077	18
8078	15
8079	25
8080	19
8081	24
8082	15
8083	6
8084	21
8085	4
8086	0
8087	0
8088	0
8089	0
8090	0
8091	0
8092	0
8093	0
8094	0
8095	0
8096	10
8097	8
8098	13
8099	16
8100	13
8101	8
8102	13
8103	9
8104	9
8105	8
8106	13
8107	23
8108	16
8109	0
8110	0
8111	0
8112	0
8113	0
8114	0
8115	0
8116	0
8117	0
8118	0
8119	0
8120	0
8121	0
8122	0
8123	0
8124	0
8125	0
8126	0
8127	0
8128	0
8129	0
8130	0
8131	0
8132	0
8133	0
8134	0
8135	0
8136	0
8137	0
8138	0
8139	0
8140	0
8141	0
8142	0
8143	0
8144	21
8145	17
8146	19
8147	18
8148	17
8149	13
8150	13
8151	19
8152	10
8153	16
8154	14
8155	16
8156	12
8157	2
8158	0
8159	0
8160	0
8161	0
8162	0
8163	0
8164	0
8165	0
8166	0
8167	0
8168	18
8169	20
8170	17
8171	12
8172	23
8173	15
8174	13
8175	16
8176	11
8177	23
8178	23
8179	16
8180	15
8181	2
8182	0
8183	0
8184	0
8185	0
8186	0
8187	0
8188	0
8189	0
8190	0
8191	0
8192	14
8193	16
8194	16
8195	17
8196	16
8197	18
8198	20
8199	13
8200	12
8201	21
8202	12
8203	32
8204	14
8205	3
8206	0
8207	0
8208	0
8209	0
8210	0
8211	0
8212	0
8213	0
8214	0
8215	0
8216	18
8217	9
8218	11
8219	18
8220	18
8221	11
8222	12
8223	11
8224	18
8225	12
8226	20
8227	11
8228	14
8229	2
8230	0
8231	0
8232	0
8233	0
8234	0
8235	0
8236	0
8237	0
8238	0
8239	0
8240	16
8241	20
8242	14
8243	13
8244	18
8245	17
8246	16
8247	15
8248	14
8249	17
8250	14
8251	10
8252	18
8253	1
8254	0
8255	0
8256	0
8257	0
8258	0
8259	0
8260	0
8261	0
8262	0
8263	0
8264	9
8265	9
8266	8
8267	14
8268	22
8269	20
8270	19
8271	11
8272	12
8273	17
8274	20
8275	24
8276	29
8277	3
8278	0
8279	0
8280	0
8281	0
8282	0
8283	0
8284	0
8285	0
8286	0
8287	0
8288	0
8289	0
8290	0
8291	0
8292	0
8293	0
8294	0
8295	0
8296	0
8297	0
8298	0
8299	0
8300	0
8301	0
8302	0
8303	0
8304	0
8305	0
8306	0
8307	0
8308	0
8309	0
8310	0
8311	0
8312	16
8313	10
8314	21
8315	13
8316	12
8317	18
8318	18
8319	17
8320	14
8321	22
8322	14
8323	15
8324	14
8325	4
8326	0
8327	0
8328	0
8329	0
8330	0
8331	0
8332	0
8333	0
8334	0
8335	0
8336	16
8337	30
8338	18
8339	16
8340	13
8341	13
8342	12
8343	14
8344	20
8345	12
8346	14
8347	11
8348	14
8349	6
8350	0
8351	0
8352	0
8353	0
8354	0
8355	0
8356	0
8357	0
8358	0
8359	0
8360	22
8361	14
8362	17
8363	19
8364	17
8365	12
8366	23
8367	14
8368	18
8369	18
8370	13
8371	18
8372	22
8373	1
8374	0
8375	0
8376	0
8377	0
8378	0
8379	0
8380	0
8381	0
8382	0
8383	0
8384	15
8385	17
8386	10
8387	17
8388	20
8389	14
8390	19
8391	16
8392	13
8393	16
8394	11
8395	14
8396	22
8397	3
8398	0
8399	0
8400	0
8401	0
8402	0
8403	0
8404	0
8405	0
8406	0
8407	0
8408	16
8409	18
8410	11
8411	15
8412	8
8413	11
8414	11
8415	18
8416	11
8417	14
8418	20
8419	10
8420	16
8421	0
8422	0
8423	0
8424	0
8425	0
8426	0
8427	0
8428	0
8429	0
8430	0
8431	0
8432	8
8433	14
8434	9
8435	22
8436	12
8437	15
8438	25
8439	13
8440	21
8441	16
8442	8
8443	18
8444	13
8445	1
8446	0
8447	0
8448	0
8449	0
8450	0
8451	0
8452	0
8453	0
8454	0
8455	0
8456	0
8457	0
8458	0
8459	0
8460	0
8461	0
8462	0
8463	0
8464	0
8465	0
8466	0
8467	0
8468	0
8469	0
8470	0
8471	0
8472	0
8473	0
8474	0
8475	0
8476	0
8477	0
8478	0
8479	0
8480	18
8481	14
8482	15
8483	25
8484	23
8485	20
8486	14
8487	28
8488	17
8489	12
8490	21
8491	9
8492	20
8493	4
8494	0
8495	0
8496	0
8497	0
8498	0
8499	0
8500	0
8501	0
8502	0
8503	0
8504	14
8505	15
8506	21
8507	11
8508	22
8509	15
8510	16
8511	13
8512	21
8513	18
8514	26
8515	16
8516	17
8517	5
8518	0
8519	0
8520	0
8521	0
8522	0
8523	0
8524	0
8525	0
8526	0
8527	0
8528	17
8529	29
8530	17
8531	17
8532	22
8533	15
8534	16
8535	16
8536	19
8537	13
8538	19
8539	13
8540	21
8541	7
8542	0
8543	0
8544	0
8545	0
8546	0
8547	0
8548	0
8549	0
8550	0
8551	0
8552	18
8553	20
8554	16
8555	19
8556	21
8557	17
8558	12
8559	15
8560	18
8561	17
8562	20
8563	12
8564	18
8565	2
8566	0
8567	0
8568	0
8569	0
8570	0
8571	0
8572	0
8573	0
8574	0
8575	0
8576	12
8577	16
8578	15
8579	14
8580	19
8581	14
8582	21
8583	14
8584	19
8585	22
8586	12
8587	22
8588	26
8589	2
8590	0
8591	0
8592	0
8593	0
8594	0
8595	0
8596	0
8597	0
8598	0
8599	0
8600	3
8601	3
8602	12
8603	13
8604	16
8605	19
8606	17
8607	14
8608	14
8609	9
8610	15
8611	7
8612	13
8613	6
8614	0
8615	0
8616	0
8617	0
8618	0
8619	0
8620	0
8621	0
8622	0
8623	0
8624	0
8625	0
8626	0
8627	0
8628	0
8629	0
8630	0
8631	0
8632	0
8633	0
8634	0
8635	0
8636	0
8637	0
8638	0
8639	0
8640	0
8641	0
8642	0
8643	0
8644	0
8645	0
8646	0
8647	0
8648	12
8649	2
8650	3
8651	2
8652	5
8653	3
8654	2
8655	5
8656	7
8657	6
8658	7
8659	8
8660	17
8661	4
8662	0
8663	0
8664	0
8665	0
8666	0
8667	0
8668	0
8669	0
8670	0
8671	0
8672	5
8673	3
8674	11
8675	11
8676	6
8677	4
8678	8
8679	4
8680	4
8681	4
8682	10
8683	5
8684	17
8685	0
8686	0
8687	0
8688	0
8689	0
8690	0
8691	0
8692	0
8693	0
8694	0
8695	0
8696	14
8697	11
8698	12
8699	13
8700	18
8701	13
8702	15
8703	22
8704	15
8705	11
8706	12
8707	16
8708	10
8709	4
8710	0
8711	0
8712	0
8713	0
8714	0
8715	0
8716	0
8717	0
8718	0
8719	0
8720	12
8721	13
8722	12
8723	17
8724	17
8725	12
8726	16
8727	14
8728	16
8729	17
8730	19
8731	10
8732	14
8733	1
8734	0
8735	0
8736	0
8737	0
8738	0
8739	0
8740	0
8741	0
8742	0
8743	0
8744	7
8745	12
8746	20
8747	13
8748	19
8749	13
8750	25
8751	14
8752	20
8753	20
8754	10
8755	11
8756	21
8757	1
8758	0
8759	0
8760	0
8761	0
8762	0
8763	0
8764	0
8765	0
8766	0
8767	0
8768	5
8769	3
8770	4
8771	4
8772	12
8773	14
8774	14
8775	23
8776	10
8777	13
8778	12
8779	21
8780	23
8781	0
8782	0
8783	0
8784	0
