1	0
2	0
3	0
4	0
5	0
6	0
7	0
8	0
9	0
10	0
11	0
12	0
13	0
14	0
15	0
16	0
17	0
18	0
19	0
20	0
21	0
22	0
23	0
24	0
25	0
26	0
27	0
28	0
29	0
30	0
31	0
32	0.9292
33	0.7003
34	0.3189
35	2.9757
36	1.2135
37	0.755
38	0.2457
39	1.0307
40	1.4287
41	5.7416
42	5.0087
43	1.9447
44	1.5487
45	13.4831
46	0
47	0
48	0
49	0
50	0
51	0
52	0
53	0
54	0
55	0
56	1.2024
57	1.2292
58	3.6641
59	2.4516
60	1.8463
61	1.4326
62	2.0088
63	2.0038
64	2.0988
65	1.9942
66	1.4378
67	5.5541
68	3.1585
69	7.2973
70	0
71	0
72	0
73	0
74	0
75	0
76	0
77	0
78	0
79	0
80	0.8348
81	1.3636
82	4.7584
83	1.8103
84	1.4386
85	1.6574
86	3.3289
87	1.6345
88	1.2364
89	2.9919
90	3.0537
91	5.598
92	2.9938
93	6.5723
94	0
95	0
96	0
97	0
98	0
99	0
100	0
101	0
102	0
103	0
104	0.785
105	3.2759
106	2.0953
107	1.482
108	2.506
109	1.5286
110	1.8548
111	2.3064
112	1.9193
113	1.3519
114	2.3215
115	2.9781
116	1.7549
117	6.8311
118	0
119	0
120	0
121	0
122	0
123	0
124	0
125	0
126	0
127	0
128	0.9961
129	6.9932
130	2.8092
131	2.2523
132	1.9318
133	1.4534
134	1.8944
135	1.3495
136	1.7552
137	2.3566
138	2.6087
139	2.5725
140	1.6304
141	4.5724
142	0
143	0
144	0
145	0
146	0
147	0
148	0
149	0
150	0
151	0
152	3.737
153	1.0037
154	2.7778
155	6.6527
156	3.7975
157	2.6523
158	4.7727
159	3.2314
160	4.0262
161	5.9162
162	9.3211
163	3.4832
164	2.038
165	0
166	0
167	0
168	0
169	0
170	0
171	0
172	0
173	0
174	0
175	0
176	0
177	0
178	0
179	0
180	0
181	0
182	0
183	0
184	0
185	0
186	0
187	0
188	0
189	0
190	0
191	0
192	0
193	0
194	0
195	0
196	0
197	0
198	0
199	0
200	0.5157
201	2.0076
202	1.4373
203	2.6457
204	1.8253
205	1.9215
206	2.1361
207	2.3385
208	1.4907
209	2.1164
210	6.6208
211	1.5135
212	1.4507
213	12.4928
214	0
215	0
216	0
217	0
218	0
219	0
220	0
221	0
222	0
223	0
224	0.8041
225	1.3215
226	1.6962
227	1.7967
228	1.4467
229	1.7207
230	1.0658
231	1.078
232	1.3939
233	1.4891
234	1.6739
235	1.4346
236	1.7146
237	4.8355
238	0
239	0
240	0
241	0
242	0
243	0
244	0
245	0
246	0
247	0
248	0.8159
249	1.7695
250	2.2309
251	1.5099
252	1.4904
253	0.7058
254	1.3099
255	1.501
256	1.3891
257	1.7162
258	4.0216
259	5.1815
260	3.2778
261	4.3243
262	0
263	0
264	0
265	0
266	0
267	0
268	0
269	0
270	0
271	0
272	1.7919
273	1.4721
274	1.1694
275	1.5413
276	1.3079
277	1.5922
278	2.388
279	1.6428
280	1.9263
281	1.4323
282	1.5883
283	1.8965
284	1.7433
285	7.8227
286	0
287	0
288	0
289	0
290	0
291	0
292	0
293	0
294	0
295	0
296	1.598
297	1.899
298	1.5358
299	1.4405
300	1.7938
301	2.0478
302	1.4375
303	1.9586
304	1.4698
305	2.0336
306	1.6203
307	1.7933
308	1.465
309	3.7975
310	0
311	0
312	0
313	0
314	0
315	0
316	0
317	0
318	0
319	0
320	2.7858
321	6.9632
322	2.2303
323	1.8841
324	4.7427
325	2.6558
326	2.3033
327	2.2461
328	1.5717
329	1.6188
330	6.9862
331	3.3766
332	2.0775
333	7.3821
334	0
335	0
336	0
337	0
338	0
339	0
340	0
341	0
342	0
343	0
344	0
345	0
346	0
347	0
348	0
349	0
350	0
351	0
352	0
353	0
354	0
355	0
356	0
357	0
358	0
359	0
360	0
361	0
362	0
363	0
364	0
365	0
366	0
367	0
368	0.7823
369	3.8384
370	2.2145
371	3.2357
372	1.1933
373	1.642
374	1.9551
375	1.2648
376	1.9529
377	2.0614
378	5.6137
379	3.1785
380	2.1408
381	2.7907
382	0
383	0
384	0
385	0
386	0
387	0
388	0
389	0
390	0
391	0
392	1.6342
393	1.5723
394	2.0916
395	1.8605
396	2.0773
397	1.3529
398	1.689
399	1.2172
400	1.7913
401	1.7552
402	2.334
403	1.6758
404	2.4065
405	4.8518
406	0
407	0
408	0
409	0
410	0
411	0
412	0
413	0
414	0
415	0
416	0.8376
417	1.5569
418	1.7602
419	0.9398
420	1.7601
421	1.8999
422	1.2636
423	1.7741
424	2.0187
425	1.9325
426	1.9364
427	2.1276
428	1.7338
429	2.4708
430	0
431	0
432	0
433	0
434	0
435	0
436	0
437	0
438	0
439	0
440	1.4953
441	3.0519
442	2.0573
443	1.3395
444	0.8581
445	1.4558
446	1.3687
447	1.5875
448	1.8027
449	2.1083
450	2.916
451	1.7271
452	1.2358
453	0
454	0
455	0
456	0
457	0
458	0
459	0
460	0
461	0
462	0
463	0
464	3.3748
465	1.0048
466	1.3891
467	1.4279
468	0.9173
469	1.2425
470	1.4422
471	2.2424
472	1.0552
473	1.2443
474	1.273
475	1.5178
476	1.206
477	2.4845
478	0
479	0
480	0
481	0
482	0
483	0
484	0
485	0
486	0
487	0
488	0.4835
489	7.4896
490	5.0768
491	2.3528
492	2.2495
493	2.4245
494	4.586
495	1.9204
496	2.2882
497	4.3819
498	3.3349
499	4.3757
500	2.4452
501	5.3294
502	0
503	0
504	0
505	0
506	0
507	0
508	0
509	0
510	0
511	0
512	0
513	0
514	0
515	0
516	0
517	0
518	0
519	0
520	0
521	0
522	0
523	0
524	0
525	0
526	0
527	0
528	0
529	0
530	0
531	0
532	0
533	0
534	0
535	0
536	0.8006
537	3.047
538	1.8478
539	1.2379
540	2.1719
541	2.001
542	1.6881
543	1.3506
544	1.7668
545	2.0306
546	1.6269
547	2.8032
548	1.3558
549	6.4923
550	0
551	0
552	0
553	0
554	0
555	0
556	0
557	0
558	0
559	0
560	0.9818
561	2.2252
562	1.3285
563	1.5004
564	1.7514
565	1.4817
566	1.3047
567	1.5479
568	1.2731
569	1.077
570	1.5418
571	1.801
572	1.8139
573	4.2755
574	0
575	0
576	0
577	0
578	0
579	0
580	0
581	0
582	0
583	0
584	2.0498
585	1.8046
586	0.9696
587	1.6997
588	2.0174
589	1.1116
590	1.2581
591	1.8403
592	1.4305
593	3.3601
594	1.4106
595	1.932
596	1.688
597	10.5186
598	0
599	0
600	0
601	0
602	0
603	0
604	0
605	0
606	0
607	0
608	0.4451
609	1.0183
610	0.7531
611	0.4345
612	0.3896
613	0.3916
614	0.4286
615	1.0882
616	0.9996
617	0.8916
618	1.9971
619	1.444
620	1.7828
621	26.4706
622	0
623	0
624	0
625	0
626	0
627	0
628	0
629	0
630	0
631	0
632	0.7402
633	1.8727
634	2.698
635	1.37
636	0.9547
637	1.6582
638	1.3103
639	1.2317
640	2.3602
641	2.4486
642	1.4294
643	2.427
644	2.2774
645	4.6492
646	0
647	0
648	0
649	0
650	0
651	0
652	0
653	0
654	0
655	0
656	0.9093
657	14.8966
658	4.6723
659	1.5215
660	3.552
661	2.5904
662	1.1916
663	1.871
664	2.2073
665	5.0814
666	2.3238
667	3.7299
668	2.2946
669	4.2237
670	0
671	0
672	0
673	0
674	0
675	0
676	0
677	0
678	0
679	0
680	0
681	0
682	0
683	0
684	0
685	0
686	0
687	0
688	0
689	0
690	0
691	0
692	0
693	0
694	0
695	0
696	0
697	0
698	0
699	0
700	0
701	0
702	0
703	0
704	0.6858
705	1.6916
706	1.7359
707	1.8022
708	1.485
709	1.4337
710	1.6271
711	1.7558
712	2.6991
713	1.4011
714	4.5061
715	3.7811
716	2.0064
717	5.7401
718	0
719	0
720	0
721	0
722	0
723	0
724	0
725	0
726	0
727	0
728	1.7278
729	3.0311
730	1.4323
731	1.9307
732	1.7976
733	1.6174
734	1.5977
735	1.128
736	2.4877
737	2.8247
738	1.9134
739	2.8182
740	2.5166
741	10.1695
742	0
743	0
744	0
745	0
746	0
747	0
748	0
749	0
750	0
751	0
752	1.3143
753	1.4169
754	1.5797
755	1.1716
756	1.9071
757	1.6327
758	1.7568
759	2.3487
760	2.776
761	1.7529
762	2.7386
763	2.2022
764	1.263
765	0
766	0
767	0
768	0
769	0
770	0
771	0
772	0
773	0
774	0
775	0
776	0.6084
777	1.634
778	1.7918
779	1.5072
780	1.0118
781	1.8833
782	1.4776
783	1.5139
784	1.6765
785	2.8546
786	2.9113
787	1.1457
788	1.1812
789	0
790	0
791	0
792	0
793	0
794	0
795	0
796	0
797	0
798	0
799	0
800	0.932
801	4.1166
802	1.4133
803	1.7151
804	1.7182
805	2.4009
806	1.079
807	1.3812
808	1.8091
809	1.5728
810	2.1408
811	1.4379
812	1.6259
813	0
814	0
815	0
816	0
817	0
818	0
819	0
820	0
821	0
822	0
823	0
824	0.4502
825	1.2853
826	3.0714
827	2.5415
828	3.8261
829	3.2333
830	3.6588
831	3.0807
832	3.0343
833	1.9781
834	4.4532
835	3.4266
836	1.3515
837	4.6065
838	0
839	0
840	0
841	0
842	0
843	0
844	0
845	0
846	0
847	0
848	0
849	0
850	0
851	0
852	0
853	0
854	0
855	0
856	0
857	0
858	0
859	0
860	0
861	0
862	0
863	0
864	0
865	0
866	0
867	0
868	0
869	0
870	0
871	0
872	0.7094
873	1.5838
874	1.7672
875	1.6268
876	1.2265
877	0.946
878	1.0022
879	2.1154
880	1.0443
881	1.5216
882	2.3776
883	2.3019
884	1.2404
885	2.0809
886	0
887	0
888	0
889	0
890	0
891	0
892	0
893	0
894	0
895	0
896	0.7781
897	3.1852
898	1.2645
899	0.7461
900	1.6292
901	1.5512
902	1.8029
903	1.4848
904	1.8152
905	2.3543
906	1.3707
907	1.2435
908	1.3175
909	7.2727
910	0
911	0
912	0
913	0
914	0
915	0
916	0
917	0
918	0
919	0
920	0.6493
921	1.262
922	1.3355
923	1.1692
924	1.5472
925	1.8407
926	1.3609
927	2.0273
928	1.2566
929	2.4273
930	3.0595
931	3.5082
932	2.612
933	5.5598
934	0
935	0
936	0
937	0
938	0
939	0
940	0
941	0
942	0
943	0
944	0.6189
945	2.0433
946	1.9042
947	1.8788
948	1.4313
949	1.1956
950	1.1594
951	2.1637
952	1.0669
953	1.2062
954	2.641
955	1.1312
956	1.8183
957	2.6826
958	0
959	0
960	0
961	0
962	0
963	0
964	0
965	0
966	0
967	0
968	0.5415
969	2.067
970	1.9703
971	0.9632
972	1.2994
973	1.5516
974	2.2823
975	1.8329
976	1.6975
977	2.1541
978	1.4897
979	1.2352
980	1.4445
981	3.7591
982	0
983	0
984	0
985	0
986	0
987	0
988	0
989	0
990	0
991	0
992	0.2788
993	3.6795
994	1.6425
995	2.1777
996	2.1562
997	1.4427
998	3.3413
999	2.8828
1000	2.0418
1001	2.8914
1002	7.5272
1003	2.3775
1004	1.6303
1005	5.3518
1006	0
1007	0
1008	0
1009	0
1010	0
1011	0
1012	0
1013	0
1014	0
1015	0
1016	0
1017	0
1018	0
1019	0
1020	0
1021	0
1022	0
1023	0
1024	0
1025	0
1026	0
1027	0
1028	0
1029	0
1030	0
1031	0
1032	0
1033	0
1034	0
1035	0
1036	0
1037	0
1038	0
1039	0
1040	0.6631
1041	1.7272
1042	1.5466
1043	1.4289
1044	0.8374
1045	1.6342
1046	1.3888
1047	1.4247
1048	1.151
1049	1.6169
1050	2.3387
1051	1.7176
1052	2.7
1053	6.6935
1054	0
1055	0
1056	0
1057	0
1058	0
1059	0
1060	0
1061	0
1062	0
1063	0
1064	0.7998
1065	1.5997
1066	1.6311
1067	1.2615
1068	1.0612
1069	1.2967
1070	1.0384
1071	2.3731
1072	2.0544
1073	2.1387
1074	1.4315
1075	1.5549
1076	1.2003
1077	4.0632
1078	0
1079	0
1080	0
1081	0
1082	0
1083	0
1084	0
1085	0
1086	0
1087	0
1088	0.6398
1089	2.6595
1090	1.1613
1091	1.1384
1092	1.4891
1093	1.2325
1094	1.0714
1095	2.0427
1096	1.6504
1097	2.3843
1098	1.8597
1099	2.035
1100	1.4091
1101	4.8128
1102	0
1103	0
1104	0
1105	0
1106	0
1107	0
1108	0
1109	0
1110	0
1111	0
1112	0.6442
1113	2.8815
1114	1.8558
1115	2.0311
1116	1.0901
1117	1.479
1118	2.3486
1119	1.5609
1120	1.4147
1121	2.4997
1122	2.2482
1123	1.8611
1124	1.668
1125	2.4896
1126	0
1127	0
1128	0
1129	0
1130	0
1131	0
1132	0
1133	0
1134	0
1135	0
1136	0.5439
1137	1.5636
1138	1.4695
1139	1.8938
1140	2.2811
1141	1.5822
1142	1.7263
1143	1.8417
1144	1.4852
1145	1.118
1146	2.2571
1147	1.8835
1148	1.2538
1149	8.1081
1150	0
1151	0
1152	0
1153	0
1154	0
1155	0
1156	0
1157	0
1158	0
1159	0
1160	0.8866
1161	2.9768
1162	1.8523
1163	1.5596
1164	1.615
1165	2.9277
1166	1.5318
1167	4.5077
1168	1.9005
1169	2.6571
1170	5.0446
1171	2.7238
1172	1.4557
1173	7.6923
1174	0
1175	0
1176	0
1177	0
1178	0
1179	0
1180	0
1181	0
1182	0
1183	0
1184	0
1185	0
1186	0
1187	0
1188	0
1189	0
1190	0
1191	0
1192	0
1193	0
1194	0
1195	0
1196	0
1197	0
1198	0
1199	0
1200	0
1201	0
1202	0
1203	0
1204	0
1205	0
1206	0
1207	0
1208	0.8317
1209	4.3742
1210	1.6682
1211	1.3383
1212	1.4504
1213	1.1576
1214	1.2277
1215	1.6718
1216	1.7141
1217	2.2468
1218	1.745
1219	1.7676
1220	1.6317
1221	12.0704
1222	0
1223	0
1224	0
1225	0
1226	0
1227	0
1228	0
1229	0
1230	0
1231	0
1232	0.7393
1233	2.5997
1234	1.6677
1235	1.3928
1236	1.6626
1237	1.2064
1238	1.0518
1239	1.418
1240	1.0193
1241	1.5749
1242	1.5879
1243	1.5833
1244	1.2668
1245	2.6956
1246	0
1247	0
1248	0
1249	0
1250	0
1251	0
1252	0
1253	0
1254	0
1255	0
1256	0.7157
1257	2.0056
1258	1.4438
1259	1.3341
1260	1.2433
1261	2.505
1262	1.2713
1263	1.4362
1264	1.3127
1265	1.5052
1266	1.4862
1267	2.1355
1268	1.7864
1269	4.903
1270	0
1271	0
1272	0
1273	0
1274	0
1275	0
1276	0
1277	0
1278	0
1279	0
1280	0.5915
1281	3.5275
1282	2.4334
1283	1.2702
1284	1.2628
1285	1.2751
1286	1.0987
1287	1.551
1288	1.9636
1289	2.3597
1290	2.0328
1291	1.4206
1292	1.6852
1293	7.4844
1294	0
1295	0
1296	0
1297	0
1298	0
1299	0
1300	0
1301	0
1302	0
1303	0
1304	0.6932
1305	1.646
1306	1.399
1307	2.0313
1308	1.6839
1309	1.2652
1310	1.941
1311	1.5006
1312	1.9083
1313	2.189
1314	1.8101
1315	1.5036
1316	1.5392
1317	2.7918
1318	0
1319	0
1320	0
1321	0
1322	0
1323	0
1324	0
1325	0
1326	0
1327	0
1328	0.6199
1329	5.0747
1330	1.8167
1331	2.1284
1332	1.7666
1333	2.0666
1334	1.9782
1335	2.0923
1336	2.2923
1337	4.6407
1338	3.9679
1339	2.0868
1340	1.5392
1341	36.7347
1342	0
1343	0
1344	0
1345	0
1346	0
1347	0
1348	0
1349	0
1350	0
1351	0
1352	0
1353	0
1354	0
1355	0
1356	0
1357	0
1358	0
1359	0
1360	0
1361	0
1362	0
1363	0
1364	0
1365	0
1366	0
1367	0
1368	0
1369	0
1370	0
1371	0
1372	0
1373	0
1374	0
1375	0
1376	0.7156
1377	4.066
1378	2.2629
1379	1.7438
1380	1.6874
1381	1.2546
1382	1.5127
1383	2.4525
1384	1.6494
1385	1.3139
1386	1.1286
1387	2.219
1388	1.8621
1389	7.1174
1390	0
1391	0
1392	0
1393	0
1394	0
1395	0
1396	0
1397	0
1398	0
1399	0
1400	0.5378
1401	2.5881
1402	1.491
1403	1.7592
1404	1.3487
1405	0.8573
1406	1.6034
1407	1.2536
1408	1.181
1409	1.1259
1410	1.6032
1411	1.3386
1412	1.6355
1413	5.5427
1414	0
1415	0
1416	0
1417	0
1418	0
1419	0
1420	0
1421	0
1422	0
1423	0
1424	0.7271
1425	1.4396
1426	1.6904
1427	0.9767
1428	1.3717
1429	1.3343
1430	1.1713
1431	1.9243
1432	1.6104
1433	1.778
1434	1.7724
1435	1.2804
1436	1.8549
1437	4.9063
1438	0
1439	0
1440	0
1441	0
1442	0
1443	0
1444	0
1445	0
1446	0
1447	0
1448	0.8514
1449	2.4381
1450	2.056
1451	0.8976
1452	1.0828
1453	2.0674
1454	1.4425
1455	1.6544
1456	2.4465
1457	1.611
1458	1.2614
1459	1.3617
1460	1.7228
1461	5.1064
1462	0
1463	0
1464	0
1465	0
1466	0
1467	0
1468	0
1469	0
1470	0
1471	0
1472	0.7465
1473	2.0682
1474	1.5298
1475	2.6316
1476	1.7094
1477	1.4064
1478	1.0638
1479	1.61
1480	1.5474
1481	2.7556
1482	1.7853
1483	1.2064
1484	1.5149
1485	4.2056
1486	0
1487	0
1488	0
1489	0
1490	0
1491	0
1492	0
1493	0
1494	0
1495	0
1496	0.4463
1497	5.3285
1498	1.6508
1499	1.4443
1500	2.7256
1501	1.188
1502	1.9186
1503	1.9541
1504	1.9908
1505	1.9484
1506	2.828
1507	2.2443
1508	1.5198
1509	8.1818
1510	0
1511	0
1512	0
1513	0
1514	0
1515	0
1516	0
1517	0
1518	0
1519	0
1520	0
1521	0
1522	0
1523	0
1524	0
1525	0
1526	0
1527	0
1528	0
1529	0
1530	0
1531	0
1532	0
1533	0
1534	0
1535	0
1536	0
1537	0
1538	0
1539	0
1540	0
1541	0
1542	0
1543	0
1544	0.8366
1545	2.463
1546	1.8715
1547	1.439
1548	1.6615
1549	1.0762
1550	1.3541
1551	1.7975
1552	1.3064
1553	1.9049
1554	1.8372
1555	3.9129
1556	1.8342
1557	3.1052
1558	0
1559	0
1560	0
1561	0
1562	0
1563	0
1564	0
1565	0
1566	0
1567	0
1568	0.8926
1569	1.7778
1570	1.5358
1571	1.5329
1572	1.1846
1573	1.601
1574	1.6843
1575	1.2145
1576	1.3384
1577	1.6003
1578	2.0669
1579	1.3413
1580	1.9148
1581	4.9338
1582	0
1583	0
1584	0
1585	0
1586	0
1587	0
1588	0
1589	0
1590	0
1591	0
1592	0.7825
1593	1.2408
1594	1.9232
1595	1.7123
1596	1.4893
1597	2.1183
1598	1.6015
1599	2.2866
1600	1.7417
1601	1.4015
1602	2.231
1603	3.0139
1604	1.7957
1605	9.9356
1606	0
1607	0
1608	0
1609	0
1610	0
1611	0
1612	0
1613	0
1614	0
1615	0
1616	0.6939
1617	1.2642
1618	1.5884
1619	1.609
1620	1.6493
1621	1.2706
1622	1.1297
1623	1.6665
1624	1.4357
1625	2.9202
1626	1.6564
1627	1.5803
1628	1.4476
1629	2.7586
1630	0
1631	0
1632	0
1633	0
1634	0
1635	0
1636	0
1637	0
1638	0
1639	0
1640	0.737
1641	4.553
1642	2.0597
1643	1.7279
1644	1.655
1645	1.6873
1646	1.6611
1647	2.0637
1648	2.1528
1649	2.355
1650	1.637
1651	1.6668
1652	1.3377
1653	6.1916
1654	0
1655	0
1656	0
1657	0
1658	0
1659	0
1660	0
1661	0
1662	0
1663	0
1664	0.5465
1665	2.6979
1666	1.8877
1667	3.3837
1668	3.5102
1669	1.6913
1670	1.9236
1671	3.6851
1672	1.033
1673	0.9345
1674	2.0272
1675	1.7802
1676	1.3944
1677	52.9412
1678	0
1679	0
1680	0
1681	0
1682	0
1683	0
1684	0
1685	0
1686	0
1687	0
1688	0
1689	0
1690	0
1691	0
1692	0
1693	0
1694	0
1695	0
1696	0
1697	0
1698	0
1699	0
1700	0
1701	0
1702	0
1703	0
1704	0
1705	0
1706	0
1707	0
1708	0
1709	0
1710	0
1711	0
1712	0.1596
1713	0.2084
1714	0.3214
1715	0
1716	1.0468
1717	0
1718	0
1719	0.8967
1720	0.5227
1721	2.7917
1722	1.4423
1723	1.5127
1724	1.3835
1725	25.1748
1726	0
1727	0
1728	0
1729	0
1730	0
1731	0
1732	0
1733	0
1734	0
1735	0
1736	0.9614
1737	2.9396
1738	1.8776
1739	1.5274
1740	1.3895
1741	1.5308
1742	1.6497
1743	2.4915
1744	1.3318
1745	1.7575
1746	1.629
1747	2.1856
1748	2.0185
1749	7.0198
1750	0
1751	0
1752	0
1753	0
1754	0
1755	0
1756	0
1757	0
1758	0
1759	0
1760	0.6567
1761	3.5269
1762	1.4662
1763	1.5832
1764	1.3372
1765	1.2942
1766	1.3777
1767	1.4251
1768	1.7408
1769	3.1602
1770	1.5295
1771	1.5965
1772	1.581
1773	4.3731
1774	0
1775	0
1776	0
1777	0
1778	0
1779	0
1780	0
1781	0
1782	0
1783	0
1784	0.7709
1785	3.45
1786	1.4905
1787	1.6871
1788	1.5002
1789	1.2868
1790	1.4944
1791	1.883
1792	1.3202
1793	2.6696
1794	3.155
1795	1.699
1796	1.6105
1797	6.0241
1798	0
1799	0
1800	0
1801	0
1802	0
1803	0
1804	0
1805	0
1806	0
1807	0
1808	0.7426
1809	1.8873
1810	2.2546
1811	1.7135
1812	2.1821
1813	1.7405
1814	1.6515
1815	1.6994
1816	1.7298
1817	2.1244
1818	2.6999
1819	2.3122
1820	1.6299
1821	27.4809
1822	0
1823	0
1824	0
1825	0
1826	0
1827	0
1828	0
1829	0
1830	0
1831	0
1832	0.6662
1833	1.5496
1834	2.4038
1835	2.2716
1836	1.9099
1837	1.942
1838	2.7725
1839	1.9765
1840	2.2735
1841	2.0003
1842	3.6836
1843	2.4769
1844	1.9073
1845	4.1166
1846	0
1847	0
1848	0
1849	0
1850	0
1851	0
1852	0
1853	0
1854	0
1855	0
1856	0
1857	0
1858	0
1859	0
1860	0
1861	0
1862	0
1863	0
1864	0
1865	0
1866	0
1867	0
1868	0
1869	0
1870	0
1871	0
1872	0
1873	0
1874	0
1875	0
1876	0
1877	0
1878	0
1879	0
1880	0.5854
1881	3.7516
1882	2.1743
1883	2.3525
1884	1.3666
1885	1.4741
1886	1.2604
1887	1.1258
1888	1.624
1889	1.9264
1890	5.7999
1891	1.9555
1892	1.4087
1893	4.8452
1894	0
1895	0
1896	0
1897	0
1898	0
1899	0
1900	0
1901	0
1902	0
1903	0
1904	0.6882
1905	3.2724
1906	1.2194
1907	0.9556
1908	1.4746
1909	1.8242
1910	1.5241
1911	2.1016
1912	1.6297
1913	1.6644
1914	1.8541
1915	1.0511
1916	1.6261
1917	4.7431
1918	0
1919	0
1920	0
1921	0
1922	0
1923	0
1924	0
1925	0
1926	0
1927	0
1928	0.7377
1929	1.9391
1930	1.6951
1931	1.7268
1932	2.3117
1933	1.2168
1934	1.0595
1935	1.3824
1936	2.0001
1937	1.445
1938	1.8537
1939	1.3131
1940	1.5883
1941	6.4382
1942	0
1943	0
1944	0
1945	0
1946	0
1947	0
1948	0
1949	0
1950	0
1951	0
1952	0.9145
1953	2.1332
1954	1.2615
1955	1.5619
1956	1.8881
1957	1.5708
1958	1.6226
1959	1.7927
1960	1.4178
1961	2.3432
1962	1.6094
1963	1.4004
1964	1.3858
1965	3.1718
1966	0
1967	0
1968	0
1969	0
1970	0
1971	0
1972	0
1973	0
1974	0
1975	0
1976	0.6731
1977	2.3298
1978	2.0635
1979	0.7623
1980	1.7049
1981	1.8049
1982	1.7197
1983	1.0932
1984	2.1869
1985	2.2934
1986	1.33
1987	1.4468
1988	1.1805
1989	8.2192
1990	0
1991	0
1992	0
1993	0
1994	0
1995	0
1996	0
1997	0
1998	0
1999	0
2000	0.4305
2001	4.0875
2002	2.9935
2003	2.1422
2004	1.9514
2005	1.0718
2006	1.2255
2007	1.3047
2008	0.9238
2009	1.6537
2010	1.6602
2011	2.106
2012	1.3573
2013	4.8128
2014	0
2015	0
2016	0
2017	0
2018	0
2019	0
2020	0
2021	0
2022	0
2023	0
2024	0
2025	0
2026	0
2027	0
2028	0
2029	0
2030	0
2031	0
2032	0
2033	0
2034	0
2035	0
2036	0
2037	0
2038	0
2039	0
2040	0
2041	0
2042	0
2043	0
2044	0
2045	0
2046	0
2047	0
2048	0.8141
2049	1.6636
2050	2.0593
2051	1.2725
2052	1.8302
2053	1.5415
2054	1.1724
2055	1.675
2056	2.2223
2057	2.0263
2058	1.9657
2059	2.0614
2060	2.4011
2061	5.0139
2062	0
2063	0
2064	0
2065	0
2066	0
2067	0
2068	0
2069	0
2070	0
2071	0
2072	0.7036
2073	2.0733
2074	3.2118
2075	1.8945
2076	1.7297
2077	2.4822
2078	1.1764
2079	1.9098
2080	1.7611
2081	3.7575
2082	2.5615
2083	1.3765
2084	1.4061
2085	16.1435
2086	0
2087	0
2088	0
2089	0
2090	0
2091	0
2092	0
2093	0
2094	0
2095	0
2096	0.7174
2097	4.5127
2098	1.2643
2099	1.394
2100	1.2078
2101	1.1107
2102	1.9937
2103	1.3167
2104	2.1539
2105	1.5685
2106	2.0091
2107	1.2464
2108	1.5631
2109	5.8632
2110	0
2111	0
2112	0
2113	0
2114	0
2115	0
2116	0
2117	0
2118	0
2119	0
2120	0.6749
2121	4.0921
2122	2.2688
2123	2.2921
2124	1.2549
2125	1.0294
2126	1.5774
2127	2.5768
2128	1.243
2129	1.8892
2130	2.0646
2131	1.9441
2132	1.3012
2133	4.0156
2134	0
2135	0
2136	0
2137	0
2138	0
2139	0
2140	0
2141	0
2142	0
2143	0
2144	0.531
2145	2.5062
2146	1.7347
2147	1.3727
2148	2.128
2149	1.4796
2150	1.47
2151	2.2342
2152	1.4589
2153	1.6875
2154	1.2497
2155	1.0062
2156	1.5666
2157	3.2623
2158	0
2159	0
2160	0
2161	0
2162	0
2163	0
2164	0
2165	0
2166	0
2167	0
2168	0.4905
2169	1.4914
2170	5.1173
2171	4.8619
2172	1.6251
2173	2.6542
2174	3.2549
2175	2.5953
2176	2.2176
2177	0.9676
2178	2.795
2179	2.2368
2180	1.1404
2181	0
2182	0
2183	0
2184	0
2185	0
2186	0
2187	0
2188	0
2189	0
2190	0
2191	0
2192	0
2193	0
2194	0
2195	0
2196	0
2197	0
2198	0
2199	0
2200	0
2201	0
2202	0
2203	0
2204	0
2205	0
2206	0
2207	0
2208	0
2209	0
2210	0
2211	0
2212	0
2213	0
2214	0
2215	0
2216	0.502
2217	1.8737
2218	1.6101
2219	1.3854
2220	1.9841
2221	1.7279
2222	1.5251
2223	2.2984
2224	1.485
2225	2.0196
2226	2.0688
2227	1.0936
2228	2.0442
2229	4.5151
2230	0
2231	0
2232	0
2233	0
2234	0
2235	0
2236	0
2237	0
2238	0
2239	0
2240	0.6208
2241	4.3604
2242	2.7645
2243	2.1835
2244	3.7195
2245	1.8553
2246	2.3661
2247	2.8933
2248	1.3458
2249	1.7875
2250	1.9057
2251	1.6146
2252	1.3868
2253	3.4018
2254	0
2255	0
2256	0
2257	0
2258	0
2259	0
2260	0
2261	0
2262	0
2263	0
2264	0.9411
2265	0.8407
2266	1.4817
2267	2.951
2268	1.722
2269	1.9481
2270	2.0087
2271	1.5898
2272	1.7478
2273	1.4148
2274	3.5915
2275	1.227
2276	1.8256
2277	6.5455
2278	0
2279	0
2280	0
2281	0
2282	0
2283	0
2284	0
2285	0
2286	0
2287	0
2288	0.504
2289	1.552
2290	2.2309
2291	2.9519
2292	1.9444
2293	1.9539
2294	1.5832
2295	1.4406
2296	1.8973
2297	2.2199
2298	2.0814
2299	1.7925
2300	1.6168
2301	0
2302	0
2303	0
2304	0
2305	0
2306	0
2307	0
2308	0
2309	0
2310	0
2311	0
2312	0.1884
2313	0.5988
2314	1.2575
2315	0.3682
2316	0.3207
2317	1.0212
2318	0.4416
2319	0.5193
2320	0.6978
2321	2.7454
2322	1.3269
2323	2.1405
2324	1.6203
2325	5.0432
2326	0
2327	0
2328	0
2329	0
2330	0
2331	0
2332	0
2333	0
2334	0
2335	0
2336	0.1764
2337	0.926
2338	0.7296
2339	2.3226
2340	0.7944
2341	1.0785
2342	2.016
2343	0.7368
2344	0.9379
2345	2.532
2346	3.5577
2347	5.5498
2348	1.1531
2349	6.4516
2350	0
2351	0
2352	0
2353	0
2354	0
2355	0
2356	0
2357	0
2358	0
2359	0
2360	0
2361	0
2362	0
2363	0
2364	0
2365	0
2366	0
2367	0
2368	0
2369	0
2370	0
2371	0
2372	0
2373	0
2374	0
2375	0
2376	0
2377	0
2378	0
2379	0
2380	0
2381	0
2382	0
2383	0
2384	0.2093
2385	0.3766
2386	0.4068
2387	0.5648
2388	1.3798
2389	0.6602
2390	0.8029
2391	0.6598
2392	0.3737
2393	0.7381
2394	1.9787
2395	3.0896
2396	1.2873
2397	16.9811
2398	0
2399	0
2400	0
2401	0
2402	0
2403	0
2404	0
2405	0
2406	0
2407	0
2408	0.4813
2409	3.5466
2410	3.4985
2411	1.7155
2412	1.2129
2413	1.0577
2414	1.307
2415	1.9316
2416	3.345
2417	2.5041
2418	4.0795
2419	2.2257
2420	1.6438
2421	2.5983
2422	0
2423	0
2424	0
2425	0
2426	0
2427	0
2428	0
2429	0
2430	0
2431	0
2432	0.5606
2433	1.0664
2434	1.1534
2435	1.5275
2436	1.1305
2437	1.093
2438	0.9221
2439	1.2064
2440	2.743
2441	1.529
2442	2.1702
2443	1.1342
2444	1.4102
2445	2.4113
2446	0
2447	0
2448	0
2449	0
2450	0
2451	0
2452	0
2453	0
2454	0
2455	0
2456	0.6681
2457	2.5474
2458	1.7879
2459	1.2409
2460	2.236
2461	1.8814
2462	1.7084
2463	1.0269
2464	1.8537
2465	1.4592
2466	1.372
2467	1.1728
2468	1.5447
2469	2.454
2470	0
2471	0
2472	0
2473	0
2474	0
2475	0
2476	0
2477	0
2478	0
2479	0
2480	0.5835
2481	2.0842
2482	1.7573
2483	1.3743
2484	1.7664
2485	1.6395
2486	1.0937
2487	1.8407
2488	2.1516
2489	1.7165
2490	1.3606
2491	2.1556
2492	1.1371
2493	3.5054
2494	0
2495	0
2496	0
2497	0
2498	0
2499	0
2500	0
2501	0
2502	0
2503	0
2504	0.4591
2505	0.8708
2506	3.2762
2507	2.4083
2508	1.3691
2509	3.1708
2510	2.398
2511	2.3592
2512	1.583
2513	2.2166
2514	4.3278
2515	2.1877
2516	1.2397
2517	0
2518	0
2519	0
2520	0
2521	0
2522	0
2523	0
2524	0
2525	0
2526	0
2527	0
2528	0
2529	0
2530	0
2531	0
2532	0
2533	0
2534	0
2535	0
2536	0
2537	0
2538	0
2539	0
2540	0
2541	0
2542	0
2543	0
2544	0
2545	0
2546	0
2547	0
2548	0
2549	0
2550	0
2551	0
2552	0.87
2553	1.9316
2554	1.2338
2555	1.6903
2556	2.147
2557	1.7863
2558	3.0656
2559	1.6097
2560	2.3741
2561	1.2439
2562	1.6239
2563	4.3331
2564	2.322
2565	4.8518
2566	0
2567	0
2568	0
2569	0
2570	0
2571	0
2572	0
2573	0
2574	0
2575	0
2576	0.9722
2577	3.0603
2578	2.3398
2579	1.4675
2580	1.3592
2581	1.2623
2582	1.3451
2583	1.5285
2584	1.6062
2585	1.6682
2586	1.6859
2587	1.3214
2588	1.5251
2589	6.1294
2590	0
2591	0
2592	0
2593	0
2594	0
2595	0
2596	0
2597	0
2598	0
2599	0
2600	0.6703
2601	2.8829
2602	1.7701
2603	0.7776
2604	2.7669
2605	1.1665
2606	1.9494
2607	2.1704
2608	1.7689
2609	3.097
2610	1.9824
2611	1.7738
2612	1.5904
2613	4.5802
2614	0
2615	0
2616	0
2617	0
2618	0
2619	0
2620	0
2621	0
2622	0
2623	0
2624	0.8677
2625	1.8687
2626	1.3207
2627	1.6137
2628	1.7281
2629	1.0532
2630	1.5772
2631	1.1992
2632	1.7062
2633	1.3403
2634	3.0579
2635	1.3854
2636	1.2751
2637	2.2167
2638	0
2639	0
2640	0
2641	0
2642	0
2643	0
2644	0
2645	0
2646	0
2647	0
2648	0.8807
2649	3.1555
2650	0.778
2651	1.3444
2652	1.1184
2653	1.5664
2654	2.0178
2655	1.6382
2656	1.8328
2657	1.8339
2658	1.4342
2659	1.3353
2660	1.475
2661	2.8384
2662	0
2663	0
2664	0
2665	0
2666	0
2667	0
2668	0
2669	0
2670	0
2671	0
2672	2.726
2673	2.8565
2674	1.1748
2675	1.1264
2676	2.7541
2677	2.5754
2678	1.7243
2679	1.2748
2680	2.102
2681	2.0434
2682	1.7873
2683	1.321
2684	1.5129
2685	2.7523
2686	0
2687	0
2688	0
2689	0
2690	0
2691	0
2692	0
2693	0
2694	0
2695	0
2696	0
2697	0
2698	0
2699	0
2700	0
2701	0
2702	0
2703	0
2704	0
2705	0
2706	0
2707	0
2708	0
2709	0
2710	0
2711	0
2712	0
2713	0
2714	0
2715	0
2716	0
2717	0
2718	0
2719	0
2720	0.4236
2721	3.7301
2722	1.7807
2723	1.8999
2724	2.2078
2725	1.72
2726	2.8377
2727	1.522
2728	1.5571
2729	1.1039
2730	0.7254
2731	2.7505
2732	1.5839
2733	5.5385
2734	0
2735	0
2736	0
2737	0
2738	0
2739	0
2740	0
2741	0
2742	0
2743	0
2744	0.7749
2745	0.4896
2746	1.1864
2747	0.5956
2748	0.8633
2749	2.2598
2750	1.5536
2751	1.9143
2752	1.6297
2753	1.6481
2754	1.5565
2755	1.876
2756	1.7115
2757	2.5696
2758	0
2759	0
2760	0
2761	0
2762	0
2763	0
2764	0
2765	0
2766	0
2767	0
2768	0.1567
2769	0.7081
2770	0.4421
2771	0.2679
2772	0.3033
2773	0
2774	2.3042
2775	0.6248
2776	0.995
2777	10.0559
2778	0.7469
2779	1.3258
2780	1.8253
2781	56.25
2782	0
2783	0
2784	0
2785	0
2786	0
2787	0
2788	0
2789	0
2790	0
2791	0
2792	0.633
2793	0.675
2794	2.5805
2795	1.8045
2796	1.7344
2797	2.3297
2798	2.0603
2799	1.2164
2800	1.23
2801	1.3888
2802	1.7569
2803	1.8215
2804	1.7748
2805	6.5862
2806	0
2807	0
2808	0
2809	0
2810	0
2811	0
2812	0
2813	0
2814	0
2815	0
2816	0.8281
2817	2.6153
2818	1.8024
2819	2.0771
2820	1.1182
2821	1.6176
2822	1.5414
2823	1.9207
2824	2.162
2825	1.3985
2826	0.7408
2827	2.3084
2828	1.6546
2829	2.37
2830	0
2831	0
2832	0
2833	0
2834	0
2835	0
2836	0
2837	0
2838	0
2839	0
2840	0.7088
2841	1.8702
2842	2.1803
2843	1.2723
2844	2.1961
2845	3.1819
2846	1.0006
2847	1.497
2848	1.3061
2849	2.521
2850	2.287
2851	3.1355
2852	1.8342
2853	3.0278
2854	0
2855	0
2856	0
2857	0
2858	0
2859	0
2860	0
2861	0
2862	0
2863	0
2864	0
2865	0
2866	0
2867	0
2868	0
2869	0
2870	0
2871	0
2872	0
2873	0
2874	0
2875	0
2876	0
2877	0
2878	0
2879	0
2880	0
2881	0
2882	0
2883	0
2884	0
2885	0
2886	0
2887	0
2888	0.6068
2889	4.6193
2890	2.0604
2891	2.0481
2892	0.7875
2893	0.9719
2894	1.0676
2895	1.7106
2896	1.3204
2897	3.096
2898	2.4156
2899	2.3449
2900	1.6139
2901	9.4799
2902	0
2903	0
2904	0
2905	0
2906	0
2907	0
2908	0
2909	0
2910	0
2911	0
2912	1.2052
2913	3.4909
2914	2.0394
2915	1.4447
2916	1.1727
2917	1.2128
2918	4.245
2919	2.0518
2920	1.4048
2921	1.3207
2922	2.7466
2923	1.4912
2924	1.6385
2925	10.9589
2926	0
2927	0
2928	0
2929	0
2930	0
2931	0
2932	0
2933	0
2934	0
2935	0
2936	0.6766
2937	2.7196
2938	1.5189
2939	0.9717
2940	1.0501
2941	1.8874
2942	1.7117
2943	1.1776
2944	1.8495
2945	1.0594
2946	1.4277
2947	1.1851
2948	1.5336
2949	6.7925
2950	0
2951	0
2952	0
2953	0
2954	0
2955	0
2956	0
2957	0
2958	0
2959	0
2960	0.9349
2961	1.5152
2962	3.3129
2963	1.244
2964	1.5641
2965	1.2774
2966	1.4693
2967	1.5039
2968	2.4077
2969	1.5828
2970	1.7137
2971	0.7885
2972	1.9579
2973	3.8306
2974	0
2975	0
2976	0
2977	0
2978	0
2979	0
2980	0
2981	0
2982	0
2983	0
2984	0.715
2985	2.6732
2986	1.186
2987	1.6616
2988	1.4975
2989	1.2399
2990	1.4653
2991	1.5369
2992	1.4934
2993	1.853
2994	1.3994
2995	1.2371
2996	1.5913
2997	5.8065
2998	0
2999	0
3000	0
3001	0
3002	0
3003	0
3004	0
3005	0
3006	0
3007	0
3008	0.377
3009	6.6749
3010	3.4509
3011	3.1151
3012	1.8124
3013	1.8871
3014	6.0589
3015	2.0514
3016	1.7594
3017	2.2333
3018	1.3729
3019	3.1932
3020	1.1033
3021	9.5238
3022	0
3023	0
3024	0
3025	0
3026	0
3027	0
3028	0
3029	0
3030	0
3031	0
3032	0
3033	0
3034	0
3035	0
3036	0
3037	0
3038	0
3039	0
3040	0
3041	0
3042	0
3043	0
3044	0
3045	0
3046	0
3047	0
3048	0
3049	0
3050	0
3051	0
3052	0
3053	0
3054	0
3055	0
3056	0.549
3057	1.3937
3058	2.4993
3059	1.4241
3060	2.1773
3061	2.369
3062	1.8672
3063	1.2208
3064	3.8426
3065	2.564
3066	1.1286
3067	1.5998
3068	1.4599
3069	3.5225
3070	0
3071	0
3072	0
3073	0
3074	0
3075	0
3076	0
3077	0
3078	0
3079	0
3080	1.0836
3081	1.319
3082	1.8397
3083	1.5
3084	1.7665
3085	1.721
3086	1.4902
3087	2.0331
3088	1.8384
3089	1.6768
3090	2.1031
3091	1.6788
3092	2.0086
3093	8.4956
3094	0
3095	0
3096	0
3097	0
3098	0
3099	0
3100	0
3101	0
3102	0
3103	0
3104	0.6421
3105	2.4001
3106	1.9414
3107	1.7465
3108	1.6253
3109	1.1317
3110	1.1221
3111	1.5643
3112	1.2199
3113	1.2905
3114	1.6629
3115	2.7128
3116	1.7753
3117	6.3762
3118	0
3119	0
3120	0
3121	0
3122	0
3123	0
3124	0
3125	0
3126	0
3127	0
3128	0.5358
3129	2.3371
3130	1.355
3131	1.9584
3132	1.4921
3133	1.8805
3134	1.561
3135	1.7511
3136	1.9048
3137	1.2416
3138	1.2845
3139	1.7933
3140	1.3564
3141	5.3571
3142	0
3143	0
3144	0
3145	0
3146	0
3147	0
3148	0
3149	0
3150	0
3151	0
3152	0.7443
3153	2.2668
3154	1.7374
3155	1.6978
3156	1.1464
3157	1.4909
3158	1.6709
3159	1.683
3160	1.6574
3161	1.9575
3162	1.0413
3163	1.6974
3164	1.3195
3165	4.2743
3166	0
3167	0
3168	0
3169	0
3170	0
3171	0
3172	0
3173	0
3174	0
3175	0
3176	0.8392
3177	2.7155
3178	2.4984
3179	3.0254
3180	2.2025
3181	1.4046
3182	3.1721
3183	2.3138
3184	1.3993
3185	3.695
3186	2.2495
3187	2.5782
3188	1.3046
3189	7.0312
3190	0
3191	0
3192	0
3193	0
3194	0
3195	0
3196	0
3197	0
3198	0
3199	0
3200	0
3201	0
3202	0
3203	0
3204	0
3205	0
3206	0
3207	0
3208	0
3209	0
3210	0
3211	0
3212	0
3213	0
3214	0
3215	0
3216	0
3217	0
3218	0
3219	0
3220	0
3221	0
3222	0
3223	0
3224	0.4185
3225	5.9373
3226	1.7709
3227	1.355
3228	1.6106
3229	1.9299
3230	0.9652
3231	1.6451
3232	1.6792
3233	1.3479
3234	3.2609
3235	2.654
3236	1.6455
3237	2.6087
3238	0
3239	0
3240	0
3241	0
3242	0
3243	0
3244	0
3245	0
3246	0
3247	0
3248	0.9908
3249	3.0162
3250	1.7276
3251	0.5285
3252	1.3326
3253	1.408
3254	1.0692
3255	2.1028
3256	1.7839
3257	1.2013
3258	1.0181
3259	1.6388
3260	1.3228
3261	2.4088
3262	0
3263	0
3264	0
3265	0
3266	0
3267	0
3268	0
3269	0
3270	0
3271	0
3272	0.6402
3273	2.9152
3274	2.6025
3275	1.5394
3276	1.6879
3277	1.4695
3278	1.6901
3279	2.0863
3280	1.2409
3281	1.4265
3282	2.235
3283	1.4073
3284	3.1422
3285	10.6746
3286	0
3287	0
3288	0
3289	0
3290	0
3291	0
3292	0
3293	0
3294	0
3295	0
3296	0.6421
3297	2.9909
3298	1.2066
3299	1.298
3300	1.651
3301	1.1504
3302	2.0565
3303	1.2993
3304	1.3953
3305	1.9186
3306	1.6901
3307	1.3295
3308	1.4361
3309	2.4599
3310	0
3311	0
3312	0
3313	0
3314	0
3315	0
3316	0
3317	0
3318	0
3319	0
3320	0.719
3321	4.5201
3322	1.9967
3323	1.4499
3324	1.1816
3325	1.286
3326	0.9507
3327	1.5617
3328	1.5679
3329	1.05
3330	1.0079
3331	1.0815
3332	1.5118
3333	4.5014
3334	0
3335	0
3336	0
3337	0
3338	0
3339	0
3340	0
3341	0
3342	0
3343	0
3344	0.9948
3345	3.8349
3346	1.7605
3347	1.3567
3348	1.2638
3349	1.4655
3350	1.3234
3351	1.3743
3352	1.6448
3353	1.84
3354	3.4822
3355	1.8749
3356	1.0503
3357	48.6486
3358	0
3359	0
3360	0
3361	0
3362	0
3363	0
3364	0
3365	0
3366	0
3367	0
3368	0
3369	0
3370	0
3371	0
3372	0
3373	0
3374	0
3375	0
3376	0
3377	0
3378	0
3379	0
3380	0
3381	0
3382	0
3383	0
3384	0
3385	0
3386	0
3387	0
3388	0
3389	0
3390	0
3391	0
3392	0.7305
3393	3.1798
3394	0.9688
3395	1.1091
3396	2.0367
3397	1.8673
3398	1.6458
3399	1.5662
3400	1.0309
3401	2.0751
3402	2.2063
3403	2.1486
3404	1.7951
3405	8.4063
3406	0
3407	0
3408	0
3409	0
3410	0
3411	0
3412	0
3413	0
3414	0
3415	0
3416	0.6476
3417	2.36
3418	1.2914
3419	2.8327
3420	2.2336
3421	1.3417
3422	1.8802
3423	1.5331
3424	1.7546
3425	1.758
3426	1.0457
3427	1.467
3428	1.3807
3429	7.0175
3430	0
3431	0
3432	0
3433	0
3434	0
3435	0
3436	0
3437	0
3438	0
3439	0
3440	0.9381
3441	1.8364
3442	1.5102
3443	1.4737
3444	1.4412
3445	1.9421
3446	2.0419
3447	1.885
3448	2.5918
3449	2.3749
3450	1.9855
3451	1.7461
3452	1.2143
3453	4.8365
3454	0
3455	0
3456	0
3457	0
3458	0
3459	0
3460	0
3461	0
3462	0
3463	0
3464	0.7005
3465	1.9487
3466	2.8383
3467	1.464
3468	1.3779
3469	1.1307
3470	1.3307
3471	1.6137
3472	1.5649
3473	2.0615
3474	1.4777
3475	1.9456
3476	1.5848
3477	7.117
3478	0
3479	0
3480	0
3481	0
3482	0
3483	0
3484	0
3485	0
3486	0
3487	0
3488	0.7243
3489	5.2265
3490	1.665
3491	2.4813
3492	2.1384
3493	1.7411
3494	1.4122
3495	1.6749
3496	1.2355
3497	1.7772
3498	2.0437
3499	1.7844
3500	1.4535
3501	4.9451
3502	0
3503	0
3504	0
3505	0
3506	0
3507	0
3508	0
3509	0
3510	0
3511	0
3512	0.9489
3513	1.963
3514	3.285
3515	3.0149
3516	2.1735
3517	2.1382
3518	2.0477
3519	2.0639
3520	1.7816
3521	1.916
3522	2.6756
3523	1.8844
3524	1.3258
3525	3.9823
3526	0
3527	0
3528	0
3529	0
3530	0
3531	0
3532	0
3533	0
3534	0
3535	0
3536	0
3537	0
3538	0
3539	0
3540	0
3541	0
3542	0
3543	0
3544	0
3545	0
3546	0
3547	0
3548	0
3549	0
3550	0
3551	0
3552	0
3553	0
3554	0
3555	0
3556	0
3557	0
3558	0
3559	0
3560	0.8264
3561	3.6576
3562	2.4301
3563	1.8771
3564	1.6185
3565	2.1315
3566	1.842
3567	2.5409
3568	1.3161
3569	2.9585
3570	1.6491
3571	1.0579
3572	2.2097
3573	16.7963
3574	0
3575	0
3576	0
3577	0
3578	0
3579	0
3580	0
3581	0
3582	0
3583	0
3584	0.7315
3585	2.6907
3586	1.1646
3587	0.8081
3588	1.6889
3589	1.4992
3590	1.7367
3591	1.4256
3592	1.4691
3593	1.5327
3594	2.5787
3595	1.6566
3596	1.292
3597	0
3598	0
3599	0
3600	0
3601	0
3602	0
3603	0
3604	0
3605	0
3606	0
3607	0
3608	0.8022
3609	2.9864
3610	2.0286
3611	2.5014
3612	3.1074
3613	1.8418
3614	1.846
3615	1.8894
3616	2.0345
3617	1.8603
3618	2.0808
3619	1.3959
3620	1.9702
3621	2.1744
3622	0
3623	0
3624	0
3625	0
3626	0
3627	0
3628	0
3629	0
3630	0
3631	0
3632	0.7011
3633	2.0576
3634	2.5057
3635	1.6463
3636	1.8548
3637	1.3703
3638	1.151
3639	1.9554
3640	1.5048
3641	2.3621
3642	1.4848
3643	2.3518
3644	1.7955
3645	4.0205
3646	0
3647	0
3648	0
3649	0
3650	0
3651	0
3652	0
3653	0
3654	0
3655	0
3656	1.0303
3657	2.4968
3658	1.6705
3659	1.6566
3660	1.926
3661	2.4834
3662	1.5273
3663	2.6329
3664	2.5418
3665	2.388
3666	1.384
3667	1.5486
3668	1.6282
3669	11.784
3670	0
3671	0
3672	0
3673	0
3674	0
3675	0
3676	0
3677	0
3678	0
3679	0
3680	0.2555
3681	5.1173
3682	6.0111
3683	1.7791
3684	2.6484
3685	1.7756
3686	2.2342
3687	3.5683
3688	2.1352
3689	1.6612
3690	1.1931
3691	1.3391
3692	1.1824
3693	23.6842
3694	0
3695	0
3696	0
3697	0
3698	0
3699	0
3700	0
3701	0
3702	0
3703	0
3704	0
3705	0
3706	0
3707	0
3708	0
3709	0
3710	0
3711	0
3712	0
3713	0
3714	0
3715	0
3716	0
3717	0
3718	0
3719	0
3720	0
3721	0
3722	0
3723	0
3724	0
3725	0
3726	0
3727	0
3728	0.7183
3729	2.8037
3730	2.7538
3731	2.2492
3732	1.7187
3733	1.2582
3734	1.8044
3735	2.85
3736	1.7943
3737	2.2385
3738	2.3805
3739	1.6704
3740	1.6032
3741	7.3072
3742	0
3743	0
3744	0
3745	0
3746	0
3747	0
3748	0
3749	0
3750	0
3751	0
3752	0.9504
3753	3.0754
3754	1.6752
3755	1.4747
3756	1.9032
3757	1.5559
3758	1.2685
3759	1.8894
3760	1.9423
3761	1.4256
3762	2.1297
3763	1.4762
3764	1.2059
3765	15.8358
3766	0
3767	0
3768	0
3769	0
3770	0
3771	0
3772	0
3773	0
3774	0
3775	0
3776	0.8436
3777	1.7476
3778	1.3109
3779	2.0337
3780	1.9811
3781	1.3612
3782	2.009
3783	1.6458
3784	2.028
3785	1.5795
3786	1.7406
3787	1.5649
3788	1.5199
3789	3.5329
3790	0
3791	0
3792	0
3793	0
3794	0
3795	0
3796	0
3797	0
3798	0
3799	0
3800	0.6004
3801	1.0468
3802	1.545
3803	2.1498
3804	1.6558
3805	1.9871
3806	1.318
3807	1.8355
3808	1.4208
3809	2.3323
3810	2.0004
3811	1.5133
3812	1.22
3813	2.521
3814	0
3815	0
3816	0
3817	0
3818	0
3819	0
3820	0
3821	0
3822	0
3823	0
3824	1.1275
3825	3.3822
3826	1.4872
3827	1.7535
3828	1.7613
3829	2.1822
3830	1.8847
3831	1.4799
3832	1.4729
3833	1.3018
3834	1.9217
3835	1.8534
3836	1.4644
3837	5.0657
3838	0
3839	0
3840	0
3841	0
3842	0
3843	0
3844	0
3845	0
3846	0
3847	0
3848	0.5169
3849	8.6882
3850	4.8903
3851	3.9648
3852	2.2742
3853	3.3109
3854	2.0892
3855	1.9753
3856	1.5603
3857	2.4377
3858	2.5697
3859	2.5586
3860	1.066
3861	0
3862	0
3863	0
3864	0
3865	0
3866	0
3867	0
3868	0
3869	0
3870	0
3871	0
3872	0
3873	0
3874	0
3875	0
3876	0
3877	0
3878	0
3879	0
3880	0
3881	0
3882	0
3883	0
3884	0
3885	0
3886	0
3887	0
3888	0
3889	0
3890	0
3891	0
3892	0
3893	0
3894	0
3895	0
3896	0.1955
3897	6.0352
3898	0.2478
3899	0
3900	0.5354
3901	3.135
3902	0.3686
3903	0.3066
3904	0.5019
3905	1.5909
3906	1.4168
3907	2.4139
3908	1.723
3909	17.0616
3910	0
3911	0
3912	0
3913	0
3914	0
3915	0
3916	0
3917	0
3918	0
3919	0
3920	0.7478
3921	3.9701
3922	1.3158
3923	1.2891
3924	2.1284
3925	1.9872
3926	1.3378
3927	1.9546
3928	1.2187
3929	1.9183
3930	1.6708
3931	1.4655
3932	1.177
3933	0
3934	0
3935	0
3936	0
3937	0
3938	0
3939	0
3940	0
3941	0
3942	0
3943	0
3944	0.8196
3945	3.4312
3946	1.2877
3947	1.5891
3948	1.5981
3949	1.2506
3950	1.9084
3951	2.1205
3952	2.4226
3953	2.1947
3954	1.9408
3955	1.7733
3956	1.5849
3957	2.3346
3958	0
3959	0
3960	0
3961	0
3962	0
3963	0
3964	0
3965	0
3966	0
3967	0
3968	1.0504
3969	2.2778
3970	1.118
3971	1.5399
3972	1.5194
3973	1.7119
3974	1.7491
3975	1.2827
3976	1.3391
3977	2.0391
3978	3.0701
3979	1.2441
3980	1.216
3981	10.488
3982	0
3983	0
3984	0
3985	0
3986	0
3987	0
3988	0
3989	0
3990	0
3991	0
3992	0.6149
3993	4.3954
3994	2.776
3995	2.3191
3996	2.0288
3997	3.6398
3998	2.0526
3999	2.06
4000	1.4085
4001	1.8588
4002	1.2392
4003	1.2851
4004	1.2013
4005	12.1008
4006	0
4007	0
4008	0
4009	0
4010	0
4011	0
4012	0
4013	0
4014	0
4015	0
4016	1.1617
4017	1.9244
4018	1.3951
4019	1.7864
4020	2.2797
4021	2.3928
4022	2.256
4023	2.4811
4024	1.4191
4025	6.0042
4026	2.0537
4027	1.5559
4028	1.4811
4029	2.6686
4030	0
4031	0
4032	0
4033	0
4034	0
4035	0
4036	0
4037	0
4038	0
4039	0
4040	0
4041	0
4042	0
4043	0
4044	0
4045	0
4046	0
4047	0
4048	0
4049	0
4050	0
4051	0
4052	0
4053	0
4054	0
4055	0
4056	0
4057	0
4058	0
4059	0
4060	0
4061	0
4062	0
4063	0
4064	0.6245
4065	2.2008
4066	1.5979
4067	1.6383
4068	1.759
4069	1.6391
4070	1.2453
4071	1.4647
4072	1.5453
4073	8.0736
4074	1.2483
4075	2.3922
4076	1.6571
4077	7.969
4078	0
4079	0
4080	0
4081	0
4082	0
4083	0
4084	0
4085	0
4086	0
4087	0
4088	0.731
4089	2.5461
4090	2.7667
4091	1.5776
4092	1.2301
4093	1.3642
4094	1.0892
4095	1.0841
4096	2.3688
4097	2.4476
4098	1.5019
4099	1.5008
4100	1.4462
4101	4.4732
4102	0
4103	0
4104	0
4105	0
4106	0
4107	0
4108	0
4109	0
4110	0
4111	0
4112	0.8089
4113	2.5128
4114	1.4471
4115	1.2981
4116	1.7145
4117	2.1418
4118	1.8146
4119	1.4788
4120	1.6018
4121	1.786
4122	1.1036
4123	1.8145
4124	1.4392
4125	5.9178
4126	0
4127	0
4128	0
4129	0
4130	0
4131	0
4132	0
4133	0
4134	0
4135	0
4136	0.5711
4137	2.2093
4138	1.0869
4139	0.9754
4140	1.8411
4141	1.4255
4142	1.2456
4143	1.2789
4144	1.7141
4145	2.2703
4146	1.7607
4147	1.8344
4148	2.6695
4149	6.5659
4150	0
4151	0
4152	0
4153	0
4154	0
4155	0
4156	0
4157	0
4158	0
4159	0
4160	0.8016
4161	2.8305
4162	1.7218
4163	1.4835
4164	1.6966
4165	1.8854
4166	1.3044
4167	1.1821
4168	1.8263
4169	1.8723
4170	2.9143
4171	2.1112
4172	1.7489
4173	0
4174	0
4175	0
4176	0
4177	0
4178	0
4179	0
4180	0
4181	0
4182	0
4183	0
4184	0.9416
4185	2.4354
4186	2.3111
4187	2.0905
4188	1.5173
4189	1.9801
4190	1.8271
4191	1.6538
4192	2.2939
4193	1.6743
4194	7.2561
4195	4.1429
4196	1.6698
4197	0
4198	0
4199	0
4200	0
4201	0
4202	0
4203	0
4204	0
4205	0
4206	0
4207	0
4208	0
4209	0
4210	0
4211	0
4212	0
4213	0
4214	0
4215	0
4216	0
4217	0
4218	0
4219	0
4220	0
4221	0
4222	0
4223	0
4224	0
4225	0
4226	0
4227	0
4228	0
4229	0
4230	0
4231	0
4232	0.7532
4233	3.576
4234	1.5245
4235	1.3089
4236	2.1278
4237	1.0035
4238	1.2169
4239	1.6697
4240	1.4504
4241	1.7698
4242	5.5586
4243	2.7265
4244	1.9607
4245	7.3469
4246	0
4247	0
4248	0
4249	0
4250	0
4251	0
4252	0
4253	0
4254	0
4255	0
4256	0.9424
4257	3.7814
4258	1.5597
4259	1.7623
4260	2.19
4261	1.167
4262	1.8322
4263	1.7271
4264	1.3979
4265	2.4282
4266	1.4394
4267	2.0599
4268	1.207
4269	11.701
4270	0
4271	0
4272	0
4273	0
4274	0
4275	0
4276	0
4277	0
4278	0
4279	0
4280	0.5751
4281	1.4917
4282	1.3599
4283	1.2187
4284	1.2425
4285	1.5866
4286	1.879
4287	1.156
4288	1.4674
4289	1.4665
4290	1.5616
4291	1.5313
4292	1.6366
4293	2.8685
4294	0
4295	0
4296	0
4297	0
4298	0
4299	0
4300	0
4301	0
4302	0
4303	0
4304	0.5888
4305	2.5656
4306	1.5697
4307	1.2647
4308	2.3472
4309	1.5146
4310	1.8383
4311	1.8153
4312	1.5121
4313	1.4311
4314	1.5126
4315	1.8515
4316	1.3587
4317	3.6199
4318	0
4319	0
4320	0
4321	0
4322	0
4323	0
4324	0
4325	0
4326	0
4327	0
4328	0.5837
4329	2.5227
4330	1.3909
4331	1.7866
4332	2.2155
4333	1.4632
4334	2.077
4335	1.6168
4336	2.3972
4337	1.5183
4338	1.3959
4339	1.7768
4340	1.3344
4341	7.7628
4342	0
4343	0
4344	0
4345	0
4346	0
4347	0
4348	0
4349	0
4350	0
4351	0
4352	0.8435
4353	8.1282
4354	4.9158
4355	3.8025
4356	1.4857
4357	2.9194
4358	2.1126
4359	1.3411
4360	1.4899
4361	2.2712
4362	9.3637
4363	3.2964
4364	1.1277
4365	7.8431
4366	0
4367	0
4368	0
4369	0
4370	0
4371	0
4372	0
4373	0
4374	0
4375	0
4376	0
4377	0
4378	0
4379	0
4380	0
4381	0
4382	0
4383	0
4384	0
4385	0
4386	0
4387	0
4388	0
4389	0
4390	0
4391	0
4392	0
4393	0
4394	0
4395	0
4396	0
4397	0
4398	0
4399	0
4400	0.491
4401	3.0275
4402	2.2669
4403	1.3358
4404	2.0085
4405	1.7779
4406	1.2648
4407	1.3848
4408	1.7251
4409	2.1764
4410	2.8356
4411	2.6222
4412	1.388
4413	0
4414	0
4415	0
4416	0
4417	0
4418	0
4419	0
4420	0
4421	0
4422	0
4423	0
4424	0.5221
4425	2.2784
4426	1.2072
4427	1.8835
4428	1.5575
4429	1.6849
4430	1.3204
4431	1.0834
4432	1.9031
4433	2.3972
4434	2.0804
4435	1.4641
4436	1.7277
4437	0
4438	0
4439	0
4440	0
4441	0
4442	0
4443	0
4444	0
4445	0
4446	0
4447	0
4448	0.616
4449	2.1717
4450	2.4152
4451	1.2003
4452	2.517
4453	1.5495
4454	1.0114
4455	1.7799
4456	0.7482
4457	1.2711
4458	1.7521
4459	1.1845
4460	2.9141
4461	4.4776
4462	0
4463	0
4464	0
4465	0
4466	0
4467	0
4468	0
4469	0
4470	0
4471	0
4472	1.2075
4473	3.0284
4474	1.281
4475	2.2963
4476	1.1584
4477	1.3787
4478	1.221
4479	1.5168
4480	1.652
4481	1.5907
4482	1.994
4483	1.594
4484	1.6799
4485	5.5527
4486	0
4487	0
4488	0
4489	0
4490	0
4491	0
4492	0
4493	0
4494	0
4495	0
4496	0.987
4497	1.4746
4498	1.7289
4499	1.5245
4500	1.5285
4501	2.5985
4502	2.0045
4503	1.6676
4504	2.0111
4505	1.2611
4506	1.3976
4507	1.3317
4508	1.5041
4509	4.1033
4510	0
4511	0
4512	0
4513	0
4514	0
4515	0
4516	0
4517	0
4518	0
4519	0
4520	0.677
4521	5.497
4522	1.8968
4523	2.0105
4524	2.7125
4525	2.1432
4526	2.0407
4527	1.1965
4528	5.8223
4529	4.866
4530	5.3066
4531	2.1251
4532	1.0244
4533	9.2943
4534	0
4535	0
4536	0
4537	0
4538	0
4539	0
4540	0
4541	0
4542	0
4543	0
4544	0
4545	0
4546	0
4547	0
4548	0
4549	0
4550	0
4551	0
4552	0
4553	0
4554	0
4555	0
4556	0
4557	0
4558	0
4559	0
4560	0
4561	0
4562	0
4563	0
4564	0
4565	0
4566	0
4567	0
4568	0.9158
4569	2.2363
4570	1.3617
4571	1.9154
4572	2.0131
4573	0.6464
4574	1.8787
4575	1.8109
4576	1.204
4577	2.9759
4578	2.6203
4579	2.133
4580	1.8338
4581	5.11
4582	0
4583	0
4584	0
4585	0
4586	0
4587	0
4588	0
4589	0
4590	0
4591	0
4592	0.8001
4593	1.8538
4594	1.4051
4595	1.0977
4596	1.6565
4597	1.6711
4598	1.2544
4599	1.9269
4600	1.8243
4601	2.1526
4602	2.0226
4603	2.0871
4604	1.2602
4605	10.8761
4606	0
4607	0
4608	0
4609	0
4610	0
4611	0
4612	0
4613	0
4614	0
4615	0
4616	0.69
4617	1.8664
4618	1.249
4619	1.4074
4620	1.6258
4621	1.127
4622	1.7064
4623	1.277
4624	1.4073
4625	1.3158
4626	1.2381
4627	1.6562
4628	2.2031
4629	10.9091
4630	0
4631	0
4632	0
4633	0
4634	0
4635	0
4636	0
4637	0
4638	0
4639	0
4640	0.7291
4641	2.2733
4642	1.8609
4643	1.373
4644	1.5646
4645	1.5682
4646	1.4196
4647	1.2767
4648	1.343
4649	1.4164
4650	1.726
4651	1.2836
4652	1.8953
4653	3.4269
4654	0
4655	0
4656	0
4657	0
4658	0
4659	0
4660	0
4661	0
4662	0
4663	0
4664	1.1457
4665	2.337
4666	1.0737
4667	2.4362
4668	1.5233
4669	1.6939
4670	1.2646
4671	1.5935
4672	1.504
4673	1.6205
4674	2.1439
4675	2.0974
4676	2.1549
4677	3.0496
4678	0
4679	0
4680	0
4681	0
4682	0
4683	0
4684	0
4685	0
4686	0
4687	0
4688	0.546
4689	2.2893
4690	1.3544
4691	2.5338
4692	2.5678
4693	1.8832
4694	1.7434
4695	2.2242
4696	1.0696
4697	1.751
4698	6.2077
4699	1.444
4700	1.401
4701	6.6201
4702	0
4703	0
4704	0
4705	0
4706	0
4707	0
4708	0
4709	0
4710	0
4711	0
4712	0
4713	0
4714	0
4715	0
4716	0
4717	0
4718	0
4719	0
4720	0
4721	0
4722	0
4723	0
4724	0
4725	0
4726	0
4727	0
4728	0
4729	0
4730	0
4731	0
4732	0
4733	0
4734	0
4735	0
4736	0.4944
4737	3.4803
4738	2.1299
4739	2.0974
4740	1.4568
4741	1.6431
4742	1.3569
4743	3.9406
4744	1.4078
4745	2.2213
4746	1.6421
4747	2.0155
4748	2.0271
4749	3.7696
4750	0
4751	0
4752	0
4753	0
4754	0
4755	0
4756	0
4757	0
4758	0
4759	0
4760	0.8463
4761	4.8038
4762	2.8059
4763	1.6501
4764	1.6571
4765	1.8155
4766	1.2136
4767	1.7416
4768	2.2212
4769	1.7134
4770	2.4442
4771	1.4588
4772	1.3035
4773	9.1139
4774	0
4775	0
4776	0
4777	0
4778	0
4779	0
4780	0
4781	0
4782	0
4783	0
4784	0.8144
4785	3.7857
4786	2.1538
4787	2.0083
4788	2.2428
4789	1.8035
4790	1.9616
4791	1.8781
4792	1.9706
4793	1.8082
4794	2.9536
4795	1.521
4796	1.9777
4797	5.7739
4798	0
4799	0
4800	0
4801	0
4802	0
4803	0
4804	0
4805	0
4806	0
4807	0
4808	0.6315
4809	2.7825
4810	2.2671
4811	1.3631
4812	2.8309
4813	2.1309
4814	1.5105
4815	1.2307
4816	1.429
4817	2.6995
4818	1.2617
4819	1.227
4820	1.6996
4821	6.8637
4822	0
4823	0
4824	0
4825	0
4826	0
4827	0
4828	0
4829	0
4830	0
4831	0
4832	0.9593
4833	2.3592
4834	1.4891
4835	2.4889
4836	1.802
4837	1.2319
4838	1.3145
4839	1.5597
4840	1.4262
4841	2.3433
4842	1.4997
4843	1.3285
4844	1.3027
4845	2.0327
4846	0
4847	0
4848	0
4849	0
4850	0
4851	0
4852	0
4853	0
4854	0
4855	0
4856	0.8961
4857	5.7512
4858	1.6273
4859	1.3844
4860	1.8312
4861	3.1323
4862	1.4395
4863	1.5331
4864	2.3769
4865	4.8411
4866	6.2016
4867	2.1298
4868	1.2636
4869	2.6432
4870	0
4871	0
4872	0
4873	0
4874	0
4875	0
4876	0
4877	0
4878	0
4879	0
4880	0
4881	0
4882	0
4883	0
4884	0
4885	0
4886	0
4887	0
4888	0
4889	0
4890	0
4891	0
4892	0
4893	0
4894	0
4895	0
4896	0
4897	0
4898	0
4899	0
4900	0
4901	0
4902	0
4903	0
4904	0.8703
4905	1.6952
4906	1.176
4907	1.4443
4908	1.7083
4909	0.7688
4910	1.4144
4911	2.0656
4912	1.5139
4913	2.4072
4914	2.7702
4915	2.2024
4916	1.8159
4917	4.5226
4918	0
4919	0
4920	0
4921	0
4922	0
4923	0
4924	0
4925	0
4926	0
4927	0
4928	0.7304
4929	1.7349
4930	1.6932
4931	1.0796
4932	0.9511
4933	1.8797
4934	2.1025
4935	1.6991
4936	1.731
4937	2.8644
4938	1.0103
4939	1.4783
4940	1.5169
4941	13.4328
4942	0
4943	0
4944	0
4945	0
4946	0
4947	0
4948	0
4949	0
4950	0
4951	0
4952	0.8211
4953	1.3923
4954	1.39
4955	1.4682
4956	2.0599
4957	1.5784
4958	1.8443
4959	1.4986
4960	2.0722
4961	2.149
4962	1.0614
4963	0.8867
4964	1.5095
4965	5.7439
4966	0
4967	0
4968	0
4969	0
4970	0
4971	0
4972	0
4973	0
4974	0
4975	0
4976	0.8035
4977	3.4436
4978	1.3325
4979	1.7723
4980	1.2089
4981	0.978
4982	2.2856
4983	1.373
4984	1.1737
4985	2.5593
4986	1.3929
4987	2.2792
4988	1.689
4989	7.0658
4990	0
4991	0
4992	0
4993	0
4994	0
4995	0
4996	0
4997	0
4998	0
4999	0
5000	0.715
5001	2.6038
5002	1.2961
5003	1.558
5004	1.5878
5005	1.5095
5006	0.9006
5007	1.9607
5008	2.3919
5009	1.5231
5010	1.0064
5011	1.7131
5012	1.2128
5013	0
5014	0
5015	0
5016	0
5017	0
5018	0
5019	0
5020	0
5021	0
5022	0
5023	0
5024	0.9717
5025	4.4084
5026	1.2267
5027	2.336
5028	1.7234
5029	1.8842
5030	1.7994
5031	1.4872
5032	1.1849
5033	2.516
5034	1.6489
5035	2.429
5036	1.8941
5037	5.7279
5038	0
5039	0
5040	0
5041	0
5042	0
5043	0
5044	0
5045	0
5046	0
5047	0
5048	0
5049	0
5050	0
5051	0
5052	0
5053	0
5054	0
5055	0
5056	0
5057	0
5058	0
5059	0
5060	0
5061	0
5062	0
5063	0
5064	0
5065	0
5066	0
5067	0
5068	0
5069	0
5070	0
5071	0
5072	0.7656
5073	2.2437
5074	1.4377
5075	1.1345
5076	2.236
5077	2.1264
5078	1.6825
5079	2.0503
5080	1.6056
5081	1.9814
5082	2.7192
5083	1.8077
5084	1.7095
5085	3.8273
5086	0
5087	0
5088	0
5089	0
5090	0
5091	0
5092	0
5093	0
5094	0
5095	0
5096	0.9088
5097	1.385
5098	1.7685
5099	2.5064
5100	0.992
5101	1.1415
5102	1.4485
5103	1.8883
5104	1.657
5105	1.8855
5106	1.9392
5107	1.1536
5108	1.3481
5109	17.734
5110	0
5111	0
5112	0
5113	0
5114	0
5115	0
5116	0
5117	0
5118	0
5119	0
5120	0.8694
5121	1.7722
5122	1.2598
5123	1.3223
5124	2.1012
5125	1.4605
5126	2.094
5127	1.1143
5128	1.1606
5129	1.6269
5130	1.7069
5131	1.6554
5132	1.3915
5133	2.7027
5134	0
5135	0
5136	0
5137	0
5138	0
5139	0
5140	0
5141	0
5142	0
5143	0
5144	0.7181
5145	2.9158
5146	0.8403
5147	1.959
5148	2.0383
5149	1.1406
5150	1.4155
5151	1.6741
5152	1.2802
5153	1.4587
5154	2.0867
5155	1.6052
5156	1.2217
5157	4.439
5158	0
5159	0
5160	0
5161	0
5162	0
5163	0
5164	0
5165	0
5166	0
5167	0
5168	0.935
5169	3.1986
5170	1.3693
5171	1.3648
5172	1.2312
5173	1.1547
5174	1.6724
5175	3.0147
5176	1.647
5177	1.4855
5178	1.9838
5179	2.78
5180	1.4542
5181	2.5541
5182	0
5183	0
5184	0
5185	0
5186	0
5187	0
5188	0
5189	0
5190	0
5191	0
5192	0.5452
5193	4.1605
5194	0.949
5195	2.932
5196	1.5895
5197	2.5511
5198	1.1596
5199	1.7189
5200	3.2725
5201	3.7456
5202	2.3745
5203	3.1919
5204	1.2785
5205	0
5206	0
5207	0
5208	0
5209	0
5210	0
5211	0
5212	0
5213	0
5214	0
5215	0
5216	0
5217	0
5218	0
5219	0
5220	0
5221	0
5222	0
5223	0
5224	0
5225	0
5226	0
5227	0
5228	0
5229	0
5230	0
5231	0
5232	0
5233	0
5234	0
5235	0
5236	0
5237	0
5238	0
5239	0
5240	0.5565
5241	1.8495
5242	1.8356
5243	1.6675
5244	2.2652
5245	1.9117
5246	1.8193
5247	1.2249
5248	1.3535
5249	1.6792
5250	1.7514
5251	2.7479
5252	1.9213
5253	9.6515
5254	0
5255	0
5256	0
5257	0
5258	0
5259	0
5260	0
5261	0
5262	0
5263	0
5264	0.5637
5265	1.9151
5266	1.5722
5267	0.9454
5268	1.9076
5269	1.5644
5270	1.1928
5271	2.3469
5272	1.6285
5273	1.3621
5274	1.7346
5275	1.8361
5276	1.1749
5277	5.4217
5278	0
5279	0
5280	0
5281	0
5282	0
5283	0
5284	0
5285	0
5286	0
5287	0
5288	0.9113
5289	1.7274
5290	2.0832
5291	1.9045
5292	1.2693
5293	3.2971
5294	1.1716
5295	1.4811
5296	2.0114
5297	2.2196
5298	1.0803
5299	0.9941
5300	1.3475
5301	3.485
5302	0
5303	0
5304	0
5305	0
5306	0
5307	0
5308	0
5309	0
5310	0
5311	0
5312	1.0193
5313	0.9086
5314	1.977
5315	3.1693
5316	1.6334
5317	1.5093
5318	1.0647
5319	1.9162
5320	1.9475
5321	2.5289
5322	2.3126
5323	1.7825
5324	1.4778
5325	9.7915
5326	0
5327	0
5328	0
5329	0
5330	0
5331	0
5332	0
5333	0
5334	0
5335	0
5336	0.5875
5337	1.7191
5338	1.2424
5339	1.2262
5340	1.4241
5341	1.6011
5342	1.3875
5343	1.6436
5344	1.3689
5345	1.1434
5346	2.8647
5347	1.3336
5348	1.4062
5349	6.1962
5350	0
5351	0
5352	0
5353	0
5354	0
5355	0
5356	0
5357	0
5358	0
5359	0
5360	0.389
5361	11.5688
5362	3.3091
5363	1.7376
5364	2.5923
5365	1.8119
5366	1.8788
5367	3.2589
5368	1.7882
5369	2.3947
5370	4.4726
5371	3.1751
5372	1.5533
5373	3.575
5374	0
5375	0
5376	0
5377	0
5378	0
5379	0
5380	0
5381	0
5382	0
5383	0
5384	0
5385	0
5386	0
5387	0
5388	0
5389	0
5390	0
5391	0
5392	0
5393	0
5394	0
5395	0
5396	0
5397	0
5398	0
5399	0
5400	0
5401	0
5402	0
5403	0
5404	0
5405	0
5406	0
5407	0
5408	0.563
5409	1.4172
5410	6.0462
5411	1.1466
5412	1.4524
5413	2.9651
5414	1.5472
5415	1.45
5416	1.7742
5417	2.701
5418	2.5833
5419	2.9185
5420	2.438
5421	6.3542
5422	0
5423	0
5424	0
5425	0
5426	0
5427	0
5428	0
5429	0
5430	0
5431	0
5432	0.9167
5433	1.9986
5434	2.6699
5435	1.5286
5436	1.0466
5437	1.1676
5438	1.3316
5439	1.7706
5440	1.9242
5441	1.8521
5442	1.8298
5443	0.9674
5444	1.3364
5445	2.0145
5446	0
5447	0
5448	0
5449	0
5450	0
5451	0
5452	0
5453	0
5454	0
5455	0
5456	0.6926
5457	2.5615
5458	1.7133
5459	2.0312
5460	1.2973
5461	1.8987
5462	1.6189
5463	3.2246
5464	1.5813
5465	2.5825
5466	2.3856
5467	1.1367
5468	2.3909
5469	13.0135
5470	0
5471	0
5472	0
5473	0
5474	0
5475	0
5476	0
5477	0
5478	0
5479	0
5480	0.938
5481	4.9954
5482	2.0374
5483	1.4012
5484	1.2517
5485	1.2036
5486	1.6358
5487	1.3514
5488	1.5747
5489	3.3538
5490	2.3715
5491	1.1736
5492	1.5325
5493	4.9451
5494	0
5495	0
5496	0
5497	0
5498	0
5499	0
5500	0
5501	0
5502	0
5503	0
5504	1.2406
5505	4.3227
5506	2.883
5507	1.6084
5508	2.1963
5509	1.4946
5510	1.5135
5511	1.8625
5512	1.5589
5513	2.4222
5514	1.3428
5515	1.7973
5516	1.2413
5517	0
5518	0
5519	0
5520	0
5521	0
5522	0
5523	0
5524	0
5525	0
5526	0
5527	0
5528	1.2991
5529	4.8383
5530	2.4016
5531	1.7686
5532	1.5722
5533	1.2785
5534	1.2491
5535	1.6173
5536	2.4375
5537	2.5251
5538	1.8851
5539	2.8188
5540	1.4338
5541	41.8605
5542	0
5543	0
5544	0
5545	0
5546	0
5547	0
5548	0
5549	0
5550	0
5551	0
5552	0
5553	0
5554	0
5555	0
5556	0
5557	0
5558	0
5559	0
5560	0
5561	0
5562	0
5563	0
5564	0
5565	0
5566	0
5567	0
5568	0
5569	0
5570	0
5571	0
5572	0
5573	0
5574	0
5575	0
5576	0.6674
5577	2.1399
5578	2.2677
5579	2.2823
5580	1.7849
5581	2.0449
5582	2.4356
5583	1.7097
5584	2.3446
5585	2.4164
5586	4.3124
5587	2.5559
5588	1.4324
5589	14.734
5590	0
5591	0
5592	0
5593	0
5594	0
5595	0
5596	0
5597	0
5598	0
5599	0
5600	0.5284
5601	2.7705
5602	1.7803
5603	1.2494
5604	1.8072
5605	1.7555
5606	1.5417
5607	1.4902
5608	1.5211
5609	3.2389
5610	1.2629
5611	2.0514
5612	1.264
5613	3.3835
5614	0
5615	0
5616	0
5617	0
5618	0
5619	0
5620	0
5621	0
5622	0
5623	0
5624	0.8765
5625	2.1467
5626	1.5701
5627	1.0598
5628	1.3418
5629	1.7858
5630	1.3093
5631	1.6538
5632	1.688
5633	1.6845
5634	1.8601
5635	1.4199
5636	2.5211
5637	13.1593
5638	0
5639	0
5640	0
5641	0
5642	0
5643	0
5644	0
5645	0
5646	0
5647	0
5648	0.7143
5649	1.2956
5650	1.4806
5651	1.238
5652	1.4627
5653	1.7536
5654	1.1047
5655	2.3778
5656	1.6395
5657	1.8576
5658	1.5502
5659	1.3669
5660	1.8095
5661	9.2955
5662	0
5663	0
5664	0
5665	0
5666	0
5667	0
5668	0
5669	0
5670	0
5671	0
5672	1.1507
5673	2.4702
5674	3.2348
5675	1.1159
5676	3.1404
5677	1.0654
5678	1.494
5679	2.1627
5680	2.5286
5681	1.5723
5682	1.2553
5683	1.5121
5684	1.2595
5685	5.9504
5686	0
5687	0
5688	0
5689	0
5690	0
5691	0
5692	0
5693	0
5694	0
5695	0
5696	0.4985
5697	1.5702
5698	2.7563
5699	1.334
5700	1.4264
5701	1.7542
5702	2.0995
5703	1.6856
5704	1.2161
5705	1.9146
5706	2.0043
5707	1.3444
5708	2.2382
5709	4.0231
5710	0
5711	0
5712	0
5713	0
5714	0
5715	0
5716	0
5717	0
5718	0
5719	0
5720	0
5721	0
5722	0
5723	0
5724	0
5725	0
5726	0
5727	0
5728	0
5729	0
5730	0
5731	0
5732	0
5733	0
5734	0
5735	0
5736	0
5737	0
5738	0
5739	0
5740	0
5741	0
5742	0
5743	0
5744	0.7596
5745	4.3993
5746	1.5762
5747	1.6388
5748	1.1596
5749	1.6777
5750	2.1969
5751	1.433
5752	1.4071
5753	1.6807
5754	2.4132
5755	3.2391
5756	2.4937
5757	15.2866
5758	0
5759	0
5760	0
5761	0
5762	0
5763	0
5764	0
5765	0
5766	0
5767	0
5768	0.9947
5769	2.5409
5770	3.1503
5771	1.4318
5772	1.3915
5773	1.6008
5774	1.1874
5775	2.4454
5776	1.6065
5777	2.2239
5778	1.338
5779	1.6185
5780	2.596
5781	8.2079
5782	0
5783	0
5784	0
5785	0
5786	0
5787	0
5788	0
5789	0
5790	0
5791	0
5792	0.807
5793	4.5767
5794	1.5338
5795	2.1148
5796	1.5413
5797	1.2106
5798	1.7717
5799	2.1435
5800	1.8117
5801	3.1469
5802	2.5499
5803	1.5371
5804	2.4106
5805	6.223
5806	0
5807	0
5808	0
5809	0
5810	0
5811	0
5812	0
5813	0
5814	0
5815	0
5816	0.8898
5817	1.9566
5818	1.9929
5819	1.6038
5820	1.3386
5821	1.4717
5822	1.5134
5823	1.5866
5824	1.4702
5825	1.3867
5826	2.2087
5827	2.3474
5828	1.8574
5829	6.5277
5830	0
5831	0
5832	0
5833	0
5834	0
5835	0
5836	0
5837	0
5838	0
5839	0
5840	0.9149
5841	2.0613
5842	1.4871
5843	1.2912
5844	1.7987
5845	1.5781
5846	1.2631
5847	1.965
5848	1.5618
5849	2.1648
5850	1.3541
5851	1.7259
5852	1.191
5853	14.4
5854	0
5855	0
5856	0
5857	0
5858	0
5859	0
5860	0
5861	0
5862	0
5863	0
5864	0.6668
5865	5.3823
5866	4.9428
5867	1.7481
5868	2.7533
5869	1.8111
5870	1.7294
5871	2.2839
5872	2.4682
5873	4.7448
5874	5.5814
5875	2.3378
5876	1.1784
5877	3.1915
5878	0
5879	0
5880	0
5881	0
5882	0
5883	0
5884	0
5885	0
5886	0
5887	0
5888	0
5889	0
5890	0
5891	0
5892	0
5893	0
5894	0
5895	0
5896	0
5897	0
5898	0
5899	0
5900	0
5901	0
5902	0
5903	0
5904	0
5905	0
5906	0
5907	0
5908	0
5909	0
5910	0
5911	0
5912	0.689
5913	2.0775
5914	3.0084
5915	1.3148
5916	1.7514
5917	1.7956
5918	2.1952
5919	1.284
5920	1.5924
5921	2.0926
5922	2.3418
5923	1.4676
5924	1.6159
5925	3.823
5926	0
5927	0
5928	0
5929	0
5930	0
5931	0
5932	0
5933	0
5934	0
5935	0
5936	0.8315
5937	3.4619
5938	1.7302
5939	1.0216
5940	1.4536
5941	1.7035
5942	1.3689
5943	1.8267
5944	1.9084
5945	2.9105
5946	1.5098
5947	1.9049
5948	1.7248
5949	5.6515
5950	0
5951	0
5952	0
5953	0
5954	0
5955	0
5956	0
5957	0
5958	0
5959	0
5960	0.6137
5961	2.3856
5962	1.8665
5963	1.7179
5964	1.4158
5965	2.298
5966	1.741
5967	1.6136
5968	1.5785
5969	2.6697
5970	1.5246
5971	1.8294
5972	1.4715
5973	14.0078
5974	0
5975	0
5976	0
5977	0
5978	0
5979	0
5980	0
5981	0
5982	0
5983	0
5984	0.8296
5985	1.8007
5986	2.6083
5987	1.6402
5988	1.4668
5989	1.0186
5990	1.652
5991	1.5521
5992	2.0155
5993	1.5453
5994	2.0819
5995	1.6893
5996	1.6667
5997	6.8348
5998	0
5999	0
6000	0
6001	0
6002	0
6003	0
6004	0
6005	0
6006	0
6007	0
6008	1.0843
6009	2.0582
6010	1.5382
6011	0.982
6012	1.0652
6013	1.2339
6014	1.5561
6015	1.8768
6016	2.1245
6017	1.5107
6018	1.7572
6019	2.3714
6020	1.5573
6021	4.2806
6022	0
6023	0
6024	0
6025	0
6026	0
6027	0
6028	0
6029	0
6030	0
6031	0
6032	0.4648
6033	5.2118
6034	1.3655
6035	1.564
6036	1.8709
6037	1.8112
6038	2.8386
6039	1.3809
6040	2.6379
6041	3.0633
6042	3.9192
6043	2.1681
6044	1.354
6045	10.2564
6046	0
6047	0
6048	0
6049	0
6050	0
6051	0
6052	0
6053	0
6054	0
6055	0
6056	0
6057	0
6058	0
6059	0
6060	0
6061	0
6062	0
6063	0
6064	0
6065	0
6066	0
6067	0
6068	0
6069	0
6070	0
6071	0
6072	0
6073	0
6074	0
6075	0
6076	0
6077	0
6078	0
6079	0
6080	0.7356
6081	2.7805
6082	1.9207
6083	2.1002
6084	1.859
6085	1.3442
6086	1.3067
6087	1.2895
6088	2.3086
6089	1.823
6090	2.9368
6091	3.5406
6092	3.2972
6093	14.4869
6094	0
6095	0
6096	0
6097	0
6098	0
6099	0
6100	0
6101	0
6102	0
6103	0
6104	0.8393
6105	1.2518
6106	1.1662
6107	1.6796
6108	2.1692
6109	1.7379
6110	1.2115
6111	1.5008
6112	2.1592
6113	1.761
6114	1.2733
6115	1.672
6116	1.9507
6117	40.7547
6118	0
6119	0
6120	0
6121	0
6122	0
6123	0
6124	0
6125	0
6126	0
6127	0
6128	0.6111
6129	1.6805
6130	1.9093
6131	1.1119
6132	1.5702
6133	2.5759
6134	1.0907
6135	1.367
6136	2.1507
6137	1.7737
6138	1.5797
6139	1.5361
6140	1.701
6141	5.0704
6142	0
6143	0
6144	0
6145	0
6146	0
6147	0
6148	0
6149	0
6150	0
6151	0
6152	0.9716
6153	2.6621
6154	1.9333
6155	1.0477
6156	1.7009
6157	1.738
6158	1.1307
6159	1.6272
6160	1.1666
6161	1.3072
6162	1.0248
6163	2.9473
6164	2.2808
6165	4.0164
6166	0
6167	0
6168	0
6169	0
6170	0
6171	0
6172	0
6173	0
6174	0
6175	0
6176	1.0614
6177	2.4426
6178	1.7829
6179	1.3595
6180	1.4484
6181	1.5291
6182	1.1292
6183	1.4635
6184	1.9825
6185	1.513
6186	1.9924
6187	1.5748
6188	1.7892
6189	2.4708
6190	0
6191	0
6192	0
6193	0
6194	0
6195	0
6196	0
6197	0
6198	0
6199	0
6200	0.5871
6201	1.4317
6202	3.2547
6203	1.7405
6204	2.8486
6205	2.3798
6206	1.7875
6207	1.9616
6208	2.4706
6209	1.693
6210	2.4939
6211	2.4274
6212	1.3715
6213	5.6426
6214	0
6215	0
6216	0
6217	0
6218	0
6219	0
6220	0
6221	0
6222	0
6223	0
6224	0
6225	0
6226	0
6227	0
6228	0
6229	0
6230	0
6231	0
6232	0
6233	0
6234	0
6235	0
6236	0
6237	0
6238	0
6239	0
6240	0
6241	0
6242	0
6243	0
6244	0
6245	0
6246	0
6247	0
6248	1.4917
6249	2.2926
6250	3.0172
6251	1.5417
6252	1.142
6253	1.9017
6254	1.9298
6255	1.717
6256	1.5932
6257	3.3283
6258	4.2248
6259	1.8834
6260	2.411
6261	13.4831
6262	0
6263	0
6264	0
6265	0
6266	0
6267	0
6268	0
6269	0
6270	0
6271	0
6272	0.8823
6273	4.188
6274	2.2996
6275	1.2423
6276	1.8676
6277	1.1901
6278	1.2453
6279	1.6565
6280	2.0862
6281	2.8601
6282	2.3224
6283	1.9296
6284	1.305
6285	9.4737
6286	0
6287	0
6288	0
6289	0
6290	0
6291	0
6292	0
6293	0
6294	0
6295	0
6296	0.8534
6297	3.0333
6298	2.5534
6299	0.661
6300	1.1037
6301	1.3364
6302	1.1766
6303	1.3319
6304	2.3384
6305	2.2563
6306	1.1268
6307	1.1803
6308	2.3117
6309	16.7024
6310	0
6311	0
6312	0
6313	0
6314	0
6315	0
6316	0
6317	0
6318	0
6319	0
6320	0.8713
6321	2.5322
6322	1.2736
6323	1.6701
6324	2.1498
6325	1.4755
6326	1.4569
6327	1.4843
6328	2.2316
6329	2.8444
6330	1.098
6331	1.2462
6332	1.1168
6333	2.5299
6334	0
6335	0
6336	0
6337	0
6338	0
6339	0
6340	0
6341	0
6342	0
6343	0
6344	1.0949
6345	2.946
6346	2.4602
6347	1.5397
6348	1.3982
6349	1.3274
6350	1.8554
6351	1.3499
6352	1.0325
6353	1.2715
6354	1.4534
6355	1.3399
6356	1.3705
6357	0
6358	0
6359	0
6360	0
6361	0
6362	0
6363	0
6364	0
6365	0
6366	0
6367	0
6368	0.9871
6369	10.5231
6370	2.6506
6371	4.284
6372	5.3103
6373	1.579
6374	3.7234
6375	1.6451
6376	3.0366
6377	5.204
6378	2.129
6379	2.2063
6380	1.3444
6381	4.4145
6382	0
6383	0
6384	0
6385	0
6386	0
6387	0
6388	0
6389	0
6390	0
6391	0
6392	0
6393	0
6394	0
6395	0
6396	0
6397	0
6398	0
6399	0
6400	0
6401	0
6402	0
6403	0
6404	0
6405	0
6406	0
6407	0
6408	0
6409	0
6410	0
6411	0
6412	0
6413	0
6414	0
6415	0
6416	0.5866
6417	3.0704
6418	2.5278
6419	2.0613
6420	2.9611
6421	3.1333
6422	2.5951
6423	1.7832
6424	4.4711
6425	2.4363
6426	1.4947
6427	2.2589
6428	2.6807
6429	9.4241
6430	0
6431	0
6432	0
6433	0
6434	0
6435	0
6436	0
6437	0
6438	0
6439	0
6440	0.7989
6441	3.9825
6442	2.1549
6443	1.8164
6444	1.9135
6445	1.5377
6446	1.3552
6447	2.1709
6448	1.8227
6449	1.1383
6450	1.7574
6451	2.0451
6452	1.6282
6453	9.2963
6454	0
6455	0
6456	0
6457	0
6458	0
6459	0
6460	0
6461	0
6462	0
6463	0
6464	0.832
6465	1.1163
6466	2.8475
6467	1.6273
6468	1.4843
6469	1.5096
6470	1.6386
6471	1.4831
6472	1.2927
6473	2.0991
6474	1.3988
6475	1.2298
6476	1.3579
6477	6.2123
6478	0
6479	0
6480	0
6481	0
6482	0
6483	0
6484	0
6485	0
6486	0
6487	0
6488	0.871
6489	1.9274
6490	1.5085
6491	2.4633
6492	1.4114
6493	1.7645
6494	2.5761
6495	1.5228
6496	2.623
6497	1.2466
6498	1.1834
6499	1.7731
6500	1.2132
6501	9.068
6502	0
6503	0
6504	0
6505	0
6506	0
6507	0
6508	0
6509	0
6510	0
6511	0
6512	0.8476
6513	2.2198
6514	2.4848
6515	1.4272
6516	1.4667
6517	1.2705
6518	1.2007
6519	1.4653
6520	2.1007
6521	1.1741
6522	1.2148
6523	1.4415
6524	1.4626
6525	4.4237
6526	0
6527	0
6528	0
6529	0
6530	0
6531	0
6532	0
6533	0
6534	0
6535	0
6536	0.4365
6537	2.5793
6538	3.2279
6539	1.7427
6540	3.0208
6541	13.1227
6542	7.3416
6543	5.7819
6544	2.8895
6545	2.7956
6546	4.5829
6547	5.7754
6548	2.781
6549	9.1525
6550	0
6551	0
6552	0
6553	0
6554	0
6555	0
6556	0
6557	0
6558	0
6559	0
6560	0
6561	0
6562	0
6563	0
6564	0
6565	0
6566	0
6567	0
6568	0
6569	0
6570	0
6571	0
6572	0
6573	0
6574	0
6575	0
6576	0
6577	0
6578	0
6579	0
6580	0
6581	0
6582	0
6583	0
6584	0.6993
6585	22.6415
6586	2
6587	3.6266
6588	1.5254
6589	5.4673
6590	3.7187
6591	1.4208
6592	4.2806
6593	1.1162
6594	3.3799
6595	3.6005
6596	1.8057
6597	0
6598	0
6599	0
6600	0
6601	0
6602	0
6603	0
6604	0
6605	0
6606	0
6607	0
6608	0
6609	0
6610	0
6611	0
6612	0
6613	0
6614	0
6615	0
6616	0
6617	0
6618	0
6619	0
6620	0
6621	0
6622	0
6623	0
6624	0
6625	0
6626	0
6627	0
6628	0
6629	0
6630	0
6631	0
6632	2.7869
6633	2.344
6634	2.2381
6635	1.5092
6636	1.3243
6637	1.5494
6638	1.6783
6639	1.1277
6640	1.4952
6641	1.0391
6642	1.5852
6643	4.8204
6644	3.8751
6645	8.1172
6646	0
6647	0
6648	0
6649	0
6650	0
6651	0
6652	0
6653	0
6654	0
6655	0
6656	1.278
6657	2.3098
6658	1.7939
6659	1.9874
6660	1.1324
6661	1.5993
6662	1.4351
6663	1.2719
6664	1.6919
6665	2.3314
6666	5.0053
6667	1.7842
6668	1.6035
6669	0
6670	0
6671	0
6672	0
6673	0
6674	0
6675	0
6676	0
6677	0
6678	0
6679	0
6680	1.6088
6681	1.8608
6682	1.7514
6683	1.5265
6684	1.3428
6685	2.147
6686	2.1013
6687	1.1641
6688	1.769
6689	1.6373
6690	1.6416
6691	1.3988
6692	2.3377
6693	6.5964
6694	0
6695	0
6696	0
6697	0
6698	0
6699	0
6700	0
6701	0
6702	0
6703	0
6704	1.5842
6705	1.4896
6706	1.6643
6707	1.6562
6708	1.363
6709	1.0319
6710	1.4656
6711	2.2431
6712	1.5738
6713	1.1715
6714	1.8467
6715	1.4587
6716	1.304
6717	4.5397
6718	0
6719	0
6720	0
6721	0
6722	0
6723	0
6724	0
6725	0
6726	0
6727	0
6728	1.3616
6729	2.5506
6730	1.5754
6731	1.2807
6732	2.4061
6733	1.5156
6734	2.4668
6735	0.9468
6736	1.7959
6737	1.621
6738	0.8849
6739	1.3041
6740	1.4385
6741	3.2251
6742	0
6743	0
6744	0
6745	0
6746	0
6747	0
6748	0
6749	0
6750	0
6751	0
6752	0.9105
6753	2.5137
6754	1.7371
6755	3.6082
6756	1.3453
6757	2.094
6758	1.6941
6759	2.3989
6760	1.443
6761	1.5941
6762	2.3755
6763	3.1945
6764	1.5698
6765	7.611
6766	0
6767	0
6768	0
6769	0
6770	0
6771	0
6772	0
6773	0
6774	0
6775	0
6776	0
6777	0
6778	0
6779	0
6780	0
6781	0
6782	0
6783	0
6784	0
6785	0
6786	0
6787	0
6788	0
6789	0
6790	0
6791	0
6792	0
6793	0
6794	0
6795	0
6796	0
6797	0
6798	0
6799	0
6800	1.8367
6801	0.8657
6802	2.5334
6803	1.8524
6804	1.5779
6805	1.7745
6806	1.7185
6807	1.3723
6808	2.7566
6809	1.1154
6810	2.4796
6811	1.5471
6812	1.531
6813	9.3995
6814	0
6815	0
6816	0
6817	0
6818	0
6819	0
6820	0
6821	0
6822	0
6823	0
6824	2.1888
6825	2.5697
6826	1.2561
6827	1.7164
6828	1.0407
6829	1.2074
6830	1.5008
6831	1.4349
6832	1.5878
6833	3.0172
6834	3.7097
6835	1.3009
6836	1.3492
6837	0
6838	0
6839	0
6840	0
6841	0
6842	0
6843	0
6844	0
6845	0
6846	0
6847	0
6848	1.173
6849	1.6945
6850	2.962
6851	0.9684
6852	1.8959
6853	1.3141
6854	2.0754
6855	1.3238
6856	1.6465
6857	1.6886
6858	1.0475
6859	1.715
6860	1.8679
6861	5.2709
6862	0
6863	0
6864	0
6865	0
6866	0
6867	0
6868	0
6869	0
6870	0
6871	0
6872	1.6646
6873	1.108
6874	1.4033
6875	1.6398
6876	1.6756
6877	1.3621
6878	1.5512
6879	0.9519
6880	1.5548
6881	1.4543
6882	2.008
6883	1.3954
6884	1.4839
6885	4.0832
6886	0
6887	0
6888	0
6889	0
6890	0
6891	0
6892	0
6893	0
6894	0
6895	0
6896	1.3478
6897	3.474
6898	1.522
6899	1.5154
6900	2.5502
6901	2.1194
6902	2.0283
6903	1.6268
6904	1.4284
6905	1.0119
6906	1.1633
6907	1.6836
6908	1.2772
6909	2.8685
6910	0
6911	0
6912	0
6913	0
6914	0
6915	0
6916	0
6917	0
6918	0
6919	0
6920	0.5865
6921	1.5488
6922	2.6193
6923	0.5324
6924	23.2258
6925	0.9696
6926	3.8085
6927	4.2023
6928	1.4704
6929	3.6711
6930	3.9643
6931	3.3636
6932	2.0686
6933	4.1499
6934	0
6935	0
6936	0
6937	0
6938	0
6939	0
6940	0
6941	0
6942	0
6943	0
6944	0
6945	0
6946	0
6947	0
6948	0
6949	0
6950	0
6951	0
6952	0
6953	0
6954	0
6955	0
6956	0
6957	0
6958	0
6959	0
6960	0
6961	0
6962	0
6963	0
6964	0
6965	0
6966	0
6967	0
6968	0.6423
6969	3.1323
6970	0.835
6971	2.1264
6972	1.4354
6973	2.4587
6974	1.5224
6975	1.7662
6976	1.7809
6977	1.9618
6978	3.4158
6979	2.6377
6980	2.5015
6981	19.6185
6982	0
6983	0
6984	0
6985	0
6986	0
6987	0
6988	0
6989	0
6990	0
6991	0
6992	1.5218
6993	1.7989
6994	1.6287
6995	1.8953
6996	1.3274
6997	1.3748
6998	1.9079
6999	1.2692
7000	1.1801
7001	2.8202
7002	3.4926
7003	1.9877
7004	1.7261
7005	30.3371
7006	0
7007	0
7008	0
7009	0
7010	0
7011	0
7012	0
7013	0
7014	0
7015	0
7016	3.1732
7017	2.553
7018	1.8579
7019	1.4383
7020	1.4647
7021	1.6832
7022	1.2293
7023	2.6483
7024	0.8964
7025	1.3703
7026	1.1464
7027	1.8321
7028	1.5457
7029	3.2028
7030	0
7031	0
7032	0
7033	0
7034	0
7035	0
7036	0
7037	0
7038	0
7039	0
7040	1.5093
7041	1.9413
7042	1.6851
7043	1.7512
7044	1.8774
7045	1.3743
7046	1.7917
7047	1.5673
7048	1.6775
7049	1.5402
7050	1.5021
7051	1.4835
7052	1.7951
7053	3.5468
7054	0
7055	0
7056	0
7057	0
7058	0
7059	0
7060	0
7061	0
7062	0
7063	0
7064	2.2272
7065	3.0163
7066	1.4331
7067	2.0086
7068	1.3373
7069	1.4361
7070	1.3392
7071	1.478
7072	1.48
7073	1.1343
7074	1.0311
7075	1.2415
7076	1.7284
7077	0
7078	0
7079	0
7080	0
7081	0
7082	0
7083	0
7084	0
7085	0
7086	0
7087	0
7088	0.856
7089	14.2458
7090	8.9668
7091	1.6531
7092	2.829
7093	1.7113
7094	1.9756
7095	1.9899
7096	1.3736
7097	2.4197
7098	4.5931
7099	1.4969
7100	1.3934
7101	3.2143
7102	0
7103	0
7104	0
7105	0
7106	0
7107	0
7108	0
7109	0
7110	0
7111	0
7112	0
7113	0
7114	0
7115	0
7116	0
7117	0
7118	0
7119	0
7120	0
7121	0
7122	0
7123	0
7124	0
7125	0
7126	0
7127	0
7128	0
7129	0
7130	0
7131	0
7132	0
7133	0
7134	0
7135	0
7136	0.7156
7137	2.8847
7138	1.4747
7139	1.5611
7140	1.2268
7141	2.55
7142	2.6682
7143	1.1337
7144	1.3445
7145	3.2464
7146	1.4904
7147	1.7569
7148	3.1804
7149	4.3689
7150	0
7151	0
7152	0
7153	0
7154	0
7155	0
7156	0
7157	0
7158	0
7159	0
7160	1.0097
7161	1.7587
7162	1.0248
7163	1.4526
7164	1.1556
7165	1.0688
7166	2.0152
7167	1.4894
7168	2.1925
7169	1.1284
7170	2.6635
7171	1.7454
7172	1.4488
7173	7.1952
7174	0
7175	0
7176	0
7177	0
7178	0
7179	0
7180	0
7181	0
7182	0
7183	0
7184	1.2621
7185	3.1741
7186	1.1197
7187	1.4065
7188	2.5344
7189	1.5269
7190	1.1609
7191	1.169
7192	1.2152
7193	3.547
7194	1.8969
7195	2.5755
7196	1.5847
7197	0
7198	0
7199	0
7200	0
7201	0
7202	0
7203	0
7204	0
7205	0
7206	0
7207	0
7208	1.2351
7209	1.1971
7210	1.4892
7211	1.6798
7212	1.2164
7213	1.2405
7214	1.9651
7215	2.011
7216	1.8621
7217	3.2716
7218	1.6513
7219	1.9589
7220	1.0993
7221	0
7222	0
7223	0
7224	0
7225	0
7226	0
7227	0
7228	0
7229	0
7230	0
7231	0
7232	0.7822
7233	4.4208
7234	1.7607
7235	3.1957
7236	1.4877
7237	1.2878
7238	1.6395
7239	2.6025
7240	1.8742
7241	1.9595
7242	2.0884
7243	3.6118
7244	3.7677
7245	5.5022
7246	0
7247	0
7248	0
7249	0
7250	0
7251	0
7252	0
7253	0
7254	0
7255	0
7256	1.8793
7257	3.565
7258	3.8503
7259	2.1262
7260	3.5296
7261	1.5448
7262	1.5435
7263	2.6992
7264	1.895
7265	2.0481
7266	1.9745
7267	3.2449
7268	2.163
7269	3.7203
7270	0
7271	0
7272	0
7273	0
7274	0
7275	0
7276	0
7277	0
7278	0
7279	0
7280	0
7281	0
7282	0
7283	0
7284	0
7285	0
7286	0
7287	0
7288	0
7289	0
7290	0
7291	0
7292	0
7293	0
7294	0
7295	0
7296	0
7297	0
7298	0
7299	0
7300	0
7301	0
7302	0
7303	0
7304	1.0962
7305	1.0706
7306	1.5748
7307	1.8359
7308	1.2366
7309	1.4184
7310	1.3191
7311	2.209
7312	1.565
7313	3.7773
7314	2.2366
7315	1.8384
7316	1.278
7317	3.2579
7318	0
7319	0
7320	0
7321	0
7322	0
7323	0
7324	0
7325	0
7326	0
7327	0
7328	0.1646
7329	0.3754
7330	0.1108
7331	0.2237
7332	0
7333	0
7334	0.181
7335	0.4324
7336	0
7337	2.0983
7338	3.1589
7339	1.4158
7340	1.6846
7341	11.6129
7342	0
7343	0
7344	0
7345	0
7346	0
7347	0
7348	0
7349	0
7350	0
7351	0
7352	1.0876
7353	2.054
7354	2.6927
7355	1.9486
7356	1.7854
7357	1.9196
7358	2.0304
7359	1.8439
7360	2.3853
7361	1.6329
7362	2.2555
7363	1.703
7364	2.5842
7365	3.9691
7366	0
7367	0
7368	0
7369	0
7370	0
7371	0
7372	0
7373	0
7374	0
7375	0
7376	1.0064
7377	2.6049
7378	1.4443
7379	1.4356
7380	1.0608
7381	2.0944
7382	1.4928
7383	1.9782
7384	2.0495
7385	3.3171
7386	1.8209
7387	2.2633
7388	1.4701
7389	0
7390	0
7391	0
7392	0
7393	0
7394	0
7395	0
7396	0
7397	0
7398	0
7399	0
7400	1.184
7401	1.3056
7402	1.0094
7403	1.1801
7404	1.1356
7405	1.4566
7406	2.132
7407	2.066
7408	2.3483
7409	1.6303
7410	2.2102
7411	1.6754
7412	1.5848
7413	8.4112
7414	0
7415	0
7416	0
7417	0
7418	0
7419	0
7420	0
7421	0
7422	0
7423	0
7424	2.2918
7425	2.6501
7426	1.6383
7427	3.2719
7428	1.883
7429	1.199
7430	3.2122
7431	1.9566
7432	1.4996
7433	3.1956
7434	3.5633
7435	3.2649
7436	1.5303
7437	0
7438	0
7439	0
7440	0
7441	0
7442	0
7443	0
7444	0
7445	0
7446	0
7447	0
7448	0
7449	0
7450	0
7451	0
7452	0
7453	0
7454	0
7455	0
7456	0
7457	0
7458	0
7459	0
7460	0
7461	0
7462	0
7463	0
7464	0
7465	0
7466	0
7467	0
7468	0
7469	0
7470	0
7471	0
7472	1.8678
7473	6.7845
7474	1.5286
7475	2.0443
7476	0.9178
7477	1.1907
7478	1.5815
7479	2.8719
7480	1.1637
7481	1.5946
7482	2.9643
7483	3.8722
7484	2.5992
7485	10.2857
7486	0
7487	0
7488	0
7489	0
7490	0
7491	0
7492	0
7493	0
7494	0
7495	0
7496	1.2736
7497	3.0608
7498	1.3324
7499	0.874
7500	1.9646
7501	1.5838
7502	1.8251
7503	1.2009
7504	1.3267
7505	2.1436
7506	2.594
7507	1.7274
7508	1.4322
7509	6.9164
7510	0
7511	0
7512	0
7513	0
7514	0
7515	0
7516	0
7517	0
7518	0
7519	0
7520	1.2087
7521	3.1403
7522	1.4642
7523	1.4323
7524	1.0984
7525	2.0962
7526	1.4042
7527	1.8774
7528	1.6932
7529	1.7037
7530	1.8859
7531	1.5559
7532	1.2801
7533	7.7796
7534	0
7535	0
7536	0
7537	0
7538	0
7539	0
7540	0
7541	0
7542	0
7543	0
7544	1.0135
7545	1.8276
7546	2.3425
7547	1.5646
7548	1.0861
7549	1.9644
7550	1.2975
7551	1.3918
7552	1.425
7553	1.5635
7554	2.0698
7555	2.1722
7556	1.3472
7557	0
7558	0
7559	0
7560	0
7561	0
7562	0
7563	0
7564	0
7565	0
7566	0
7567	0
7568	1.4058
7569	4.153
7570	1.961
7571	1.3801
7572	2.3726
7573	1.0127
7574	1.9938
7575	1.9333
7576	1.5037
7577	2.3594
7578	1.2842
7579	1.459
7580	1.2527
7581	0
7582	0
7583	0
7584	0
7585	0
7586	0
7587	0
7588	0
7589	0
7590	0
7591	0
7592	1.5228
7593	2.7338
7594	3.428
7595	2.2185
7596	4.2495
7597	1.3208
7598	1.4537
7599	10.0864
7600	3.301
7601	1.9169
7602	3.5972
7603	4.6721
7604	1.7193
7605	0
7606	0
7607	0
7608	0
7609	0
7610	0
7611	0
7612	0
7613	0
7614	0
7615	0
7616	0
7617	0
7618	0
7619	0
7620	0
7621	0
7622	0
7623	0
7624	0
7625	0
7626	0
7627	0
7628	0
7629	0
7630	0
7631	0
7632	0
7633	0
7634	0
7635	0
7636	0
7637	0
7638	0
7639	0
7640	0.9331
7641	2.0903
7642	2.0428
7643	1.4114
7644	2.2055
7645	1.5386
7646	1.9549
7647	1.6993
7648	2.2609
7649	1.8428
7650	2.5464
7651	3.3109
7652	2.2582
7653	10.8027
7654	0
7655	0
7656	0
7657	0
7658	0
7659	0
7660	0
7661	0
7662	0
7663	0
7664	1.8843
7665	1.5061
7666	1.1749
7667	1.5547
7668	1.4175
7669	1.3464
7670	1.5293
7671	1.5477
7672	1.4988
7673	1.92
7674	1.6104
7675	1.5571
7676	1.5884
7677	3.8492
7678	0
7679	0
7680	0
7681	0
7682	0
7683	0
7684	0
7685	0
7686	0
7687	0
7688	1.5493
7689	1.8815
7690	1.4311
7691	1.2548
7692	1.8728
7693	1.7207
7694	2.3692
7695	2.4192
7696	1.3808
7697	2.2649
7698	2.0303
7699	1.4107
7700	1.3862
7701	11.1801
7702	0
7703	0
7704	0
7705	0
7706	0
7707	0
7708	0
7709	0
7710	0
7711	0
7712	1.8976
7713	1.9164
7714	2.7915
7715	2.2532
7716	2.6611
7717	1.1948
7718	1.2223
7719	1.6035
7720	1.0236
7721	2.1434
7722	1.2047
7723	1.4223
7724	1.7306
7725	3.3287
7726	0
7727	0
7728	0
7729	0
7730	0
7731	0
7732	0
7733	0
7734	0
7735	0
7736	1.8251
7737	2.401
7738	1.8473
7739	1.4034
7740	1.3983
7741	1.5687
7742	1.7452
7743	1.3387
7744	3.2674
7745	3.1572
7746	1.8473
7747	1.6781
7748	1.5708
7749	2.0327
7750	0
7751	0
7752	0
7753	0
7754	0
7755	0
7756	0
7757	0
7758	0
7759	0
7760	1.853
7761	14.4036
7762	4.8889
7763	2.0669
7764	1.592
7765	2.1883
7766	1.7873
7767	2.482
7768	1.7948
7769	2.616
7770	17.5922
7771	2.337
7772	1.4044
7773	6.6852
7774	0
7775	0
7776	0
7777	0
7778	0
7779	0
7780	0
7781	0
7782	0
7783	0
7784	0
7785	0
7786	0
7787	0
7788	0
7789	0
7790	0
7791	0
7792	0
7793	0
7794	0
7795	0
7796	0
7797	0
7798	0
7799	0
7800	0
7801	0
7802	0
7803	0
7804	0
7805	0
7806	0
7807	0
7808	0.9841
7809	2.1945
7810	2.4318
7811	1.6505
7812	1.8608
7813	1.4042
7814	2.05
7815	1.9994
7816	1.4018
7817	1.8222
7818	2.2167
7819	1.6262
7820	3.4999
7821	8.6124
7822	0
7823	0
7824	0
7825	0
7826	0
7827	0
7828	0
7829	0
7830	0
7831	0
7832	1.4358
7833	2.388
7834	2.1797
7835	1.3976
7836	1.8722
7837	1.5931
7838	1.8216
7839	2.0846
7840	1.2827
7841	1.3063
7842	1.8861
7843	1.212
7844	2.3949
7845	6.2033
7846	0
7847	0
7848	0
7849	0
7850	0
7851	0
7852	0
7853	0
7854	0
7855	0
7856	2.6956
7857	3.3
7858	1.5949
7859	1.0836
7860	1.1428
7861	1.7706
7862	1.4447
7863	1.9533
7864	1.5543
7865	2.0486
7866	2.1053
7867	1.8737
7868	1.3267
7869	4.1667
7870	0
7871	0
7872	0
7873	0
7874	0
7875	0
7876	0
7877	0
7878	0
7879	0
7880	1.3835
7881	2.7379
7882	1.4109
7883	1.6615
7884	1.5589
7885	1.108
7886	1.6538
7887	1.1507
7888	1.6736
7889	2.8588
7890	1.5866
7891	0.8265
7892	1.8527
7893	2.543
7894	0
7895	0
7896	0
7897	0
7898	0
7899	0
7900	0
7901	0
7902	0
7903	0
7904	3.0466
7905	7.0521
7906	1.769
7907	1.0813
7908	0.9301
7909	1.3662
7910	1.9145
7911	1.6496
7912	1.3039
7913	1.9681
7914	1.3708
7915	1.1997
7916	1.9372
7917	0
7918	0
7919	0
7920	0
7921	0
7922	0
7923	0
7924	0
7925	0
7926	0
7927	0
7928	2.5155
7929	1.6973
7930	1.7798
7931	2.3405
7932	0.8141
7933	1.8666
7934	1.3858
7935	2.7052
7936	1.5068
7937	2.0891
7938	4.6556
7939	2.4048
7940	1.1401
7941	0
7942	0
7943	0
7944	0
7945	0
7946	0
7947	0
7948	0
7949	0
7950	0
7951	0
7952	0
7953	0
7954	0
7955	0
7956	0
7957	0
7958	0
7959	0
7960	0
7961	0
7962	0
7963	0
7964	0
7965	0
7966	0
7967	0
7968	0
7969	0
7970	0
7971	0
7972	0
7973	0
7974	0
7975	0
7976	2.2608
7977	2.2524
7978	3.2953
7979	1.1078
7980	1.8207
7981	2.4405
7982	1.3821
7983	1.1126
7984	2.0554
7985	1.3744
7986	2.4289
7987	1.8037
7988	1.5338
7989	4.4743
7990	0
7991	0
7992	0
7993	0
7994	0
7995	0
7996	0
7997	0
7998	0
7999	0
8000	0.6629
8001	4.7703
8002	1.1254
8003	1.5686
8004	1.1816
8005	1.7882
8006	1.5961
8007	2.0715
8008	0.8989
8009	2.5004
8010	1.9069
8011	1.3211
8012	1.7127
8013	3.666
8014	0
8015	0
8016	0
8017	0
8018	0
8019	0
8020	0
8021	0
8022	0
8023	0
8024	1.8505
8025	2.918
8026	0.9691
8027	1.5644
8028	1.2812
8029	1.3105
8030	1.5134
8031	2.1314
8032	1.7251
8033	1.3222
8034	1.2637
8035	1.2315
8036	1.211
8037	2.9605
8038	0
8039	0
8040	0
8041	0
8042	0
8043	0
8044	0
8045	0
8046	0
8047	0
8048	0.6287
8049	3.1419
8050	1.1888
8051	1.7297
8052	1.1546
8053	0.9772
8054	1.6629
8055	1.8279
8056	2.3101
8057	2.003
8058	1.666
8059	0.9976
8060	1.3447
8061	2.1239
8062	0
8063	0
8064	0
8065	0
8066	0
8067	0
8068	0
8069	0
8070	0
8071	0
8072	1.4386
8073	1.7303
8074	1.5331
8075	1.4719
8076	1.6405
8077	1.5714
8078	1.6163
8079	1.8272
8080	1.9037
8081	3.0695
8082	1.2075
8083	0.9706
8084	1.7244
8085	3.2668
8086	0
8087	0
8088	0
8089	0
8090	0
8091	0
8092	0
8093	0
8094	0
8095	0
8096	0.6903
8097	0.6299
8098	1.9578
8099	3.7551
8100	1.7346
8101	5.5204
8102	2.4741
8103	1.271
8104	1.4221
8105	1.7661
8106	2.6013
8107	2.2567
8108	1.2761
8109	0
8110	0
8111	0
8112	0
8113	0
8114	0
8115	0
8116	0
8117	0
8118	0
8119	0
8120	0
8121	0
8122	0
8123	0
8124	0
8125	0
8126	0
8127	0
8128	0
8129	0
8130	0
8131	0
8132	0
8133	0
8134	0
8135	0
8136	0
8137	0
8138	0
8139	0
8140	0
8141	0
8142	0
8143	0
8144	1.1061
8145	2.0517
8146	2.044
8147	1.5099
8148	1.8622
8149	1.3768
8150	1.8683
8151	1.3048
8152	1.6475
8153	2.3058
8154	4.4852
8155	2.2844
8156	2.5702
8157	2.3802
8158	0
8159	0
8160	0
8161	0
8162	0
8163	0
8164	0
8165	0
8166	0
8167	0
8168	1.1362
8169	1.7189
8170	1.3709
8171	1.9703
8172	1.6725
8173	1.3037
8174	2.0829
8175	1.3723
8176	1.5923
8177	2.5552
8178	1.7834
8179	1.8162
8180	1.1404
8181	18.4143
8182	0
8183	0
8184	0
8185	0
8186	0
8187	0
8188	0
8189	0
8190	0
8191	0
8192	1.2158
8193	2.4525
8194	1.6714
8195	1.7724
8196	1.7996
8197	2.1601
8198	3.3008
8199	1.8557
8200	1.5474
8201	2.4288
8202	3.9981
8203	2.2945
8204	1.1653
8205	7.3419
8206	0
8207	0
8208	0
8209	0
8210	0
8211	0
8212	0
8213	0
8214	0
8215	0
8216	0.9023
8217	1.6036
8218	1.65
8219	2.2609
8220	1.3537
8221	1.8294
8222	1.3668
8223	1.4874
8224	2.1132
8225	1.6352
8226	2.334
8227	2.3604
8228	1.8187
8229	4.6243
8230	0
8231	0
8232	0
8233	0
8234	0
8235	0
8236	0
8237	0
8238	0
8239	0
8240	1.985
8241	2.4587
8242	1.1781
8243	1.4754
8244	1.5412
8245	1.2301
8246	1.6684
8247	1.2011
8248	1.1728
8249	1.5582
8250	2.0191
8251	1.3582
8252	1.7712
8253	2.0773
8254	0
8255	0
8256	0
8257	0
8258	0
8259	0
8260	0
8261	0
8262	0
8263	0
8264	1.1164
8265	3.29
8266	1.9153
8267	1.8306
8268	2.4303
8269	2.4731
8270	1.8282
8271	1.6406
8272	2.2364
8273	7.5565
8274	4.1155
8275	2.751
8276	2.126
8277	3.253
8278	0
8279	0
8280	0
8281	0
8282	0
8283	0
8284	0
8285	0
8286	0
8287	0
8288	0
8289	0
8290	0
8291	0
8292	0
8293	0
8294	0
8295	0
8296	0
8297	0
8298	0
8299	0
8300	0
8301	0
8302	0
8303	0
8304	0
8305	0
8306	0
8307	0
8308	0
8309	0
8310	0
8311	0
8312	1.5145
8313	1.8857
8314	1.699
8315	1.4784
8316	1.4786
8317	1.368
8318	2.2123
8319	1.6058
8320	2.024
8321	2.0802
8322	1.4233
8323	1.799
8324	1.4242
8325	4.9827
8326	0
8327	0
8328	0
8329	0
8330	0
8331	0
8332	0
8333	0
8334	0
8335	0
8336	2.4762
8337	1.5459
8338	2.0166
8339	1.4194
8340	0.9922
8341	1.7504
8342	1.5723
8343	1.6655
8344	1.6614
8345	1.388
8346	1.1428
8347	1.7193
8348	1.5081
8349	6.0117
8350	0
8351	0
8352	0
8353	0
8354	0
8355	0
8356	0
8357	0
8358	0
8359	0
8360	2.1352
8361	2.0171
8362	1.5281
8363	1.2493
8364	1.4199
8365	1.6936
8366	1.9648
8367	1.3255
8368	1.2387
8369	4.6006
8370	1.751
8371	2.0938
8372	1.5181
8373	2.3514
8374	0
8375	0
8376	0
8377	0
8378	0
8379	0
8380	0
8381	0
8382	0
8383	0
8384	1.0187
8385	4.005
8386	1.1878
8387	1.7584
8388	1.6732
8389	1.9079
8390	1.6076
8391	1.3456
8392	1.4964
8393	1.1091
8394	1.3138
8395	1.6893
8396	1.686
8397	3.8863
8398	0
8399	0
8400	0
8401	0
8402	0
8403	0
8404	0
8405	0
8406	0
8407	0
8408	0.7163
8409	2.2336
8410	1.2424
8411	1.8191
8412	0.9059
8413	1.337
8414	0.9228
8415	1.4953
8416	1.2267
8417	2.0848
8418	2.9173
8419	1.2062
8420	1.3852
8421	0
8422	0
8423	0
8424	0
8425	0
8426	0
8427	0
8428	0
8429	0
8430	0
8431	0
8432	0.743
8433	1.3271
8434	3.0497
8435	3.4085
8436	2.5786
8437	2.8538
8438	1.9253
8439	2.129
8440	2.9725
8441	3.2358
8442	2.5825
8443	2.4972
8444	1.1274
8445	5.6515
8446	0
8447	0
8448	0
8449	0
8450	0
8451	0
8452	0
8453	0
8454	0
8455	0
8456	0
8457	0
8458	0
8459	0
8460	0
8461	0
8462	0
8463	0
8464	0
8465	0
8466	0
8467	0
8468	0
8469	0
8470	0
8471	0
8472	0
8473	0
8474	0
8475	0
8476	0
8477	0
8478	0
8479	0
8480	1.0935
8481	2.0464
8482	1.5616
8483	2.2935
8484	1.7298
8485	2.2161
8486	1.7431
8487	1.8964
8488	1.285
8489	1.4901
8490	1.5459
8491	2.1541
8492	1.9761
8493	7.4805
8494	0
8495	0
8496	0
8497	0
8498	0
8499	0
8500	0
8501	0
8502	0
8503	0
8504	1.7988
8505	1.3375
8506	1.8084
8507	1.1835
8508	1.5622
8509	1.4642
8510	1.1825
8511	1.6667
8512	2.096
8513	1.9025
8514	2.3557
8515	1.6392
8516	1.702
8517	3.1093
8518	0
8519	0
8520	0
8521	0
8522	0
8523	0
8524	0
8525	0
8526	0
8527	0
8528	0.9693
8529	3.1678
8530	1.7103
8531	1.8605
8532	2.2729
8533	1.6741
8534	1.3371
8535	2.095
8536	1.4084
8537	1.1426
8538	2.0295
8539	1.9213
8540	2.3283
8541	3.6285
8542	0
8543	0
8544	0
8545	0
8546	0
8547	0
8548	0
8549	0
8550	0
8551	0
8552	2.5027
8553	1.7614
8554	1.8803
8555	1.7734
8556	1.747
8557	1.1583
8558	2.2478
8559	1.5889
8560	1.8917
8561	1.4211
8562	1.4553
8563	1.4933
8564	1.3313
8565	4.6452
8566	0
8567	0
8568	0
8569	0
8570	0
8571	0
8572	0
8573	0
8574	0
8575	0
8576	1.3665
8577	1.7923
8578	1.2323
8579	1.4477
8580	2.7025
8581	1.3166
8582	1.9459
8583	1.877
8584	2.0976
8585	2.0233
8586	2.0339
8587	2.1314
8588	1.7822
8589	7.9121
8590	0
8591	0
8592	0
8593	0
8594	0
8595	0
8596	0
8597	0
8598	0
8599	0
8600	2.6284
8601	8.4112
8602	3.1473
8603	1.8104
8604	3.2509
8605	2.0827
8606	3.382
8607	1.4783
8608	2.1623
8609	2.9297
8610	6.0552
8611	3.8847
8612	2.6881
8613	7.6433
8614	0
8615	0
8616	0
8617	0
8618	0
8619	0
8620	0
8621	0
8622	0
8623	0
8624	0
8625	0
8626	0
8627	0
8628	0
8629	0
8630	0
8631	0
8632	0
8633	0
8634	0
8635	0
8636	0
8637	0
8638	0
8639	0
8640	0
8641	0
8642	0
8643	0
8644	0
8645	0
8646	0
8647	0
8648	0.2498
8649	0.2788
8650	0.2862
8651	1.0488
8652	0.4223
8653	0.6056
8654	0.3726
8655	1.1862
8656	0.8551
8657	0.8996
8658	3.472
8659	1.4884
8660	1.555
8661	4.9707
8662	0
8663	0
8664	0
8665	0
8666	0
8667	0
8668	0
8669	0
8670	0
8671	0
8672	0.2473
8673	2.8451
8674	0.8007
8675	0.6495
8676	0.8651
8677	0.4668
8678	0.8501
8679	1.0526
8680	0.7353
8681	0.9781
8682	2.3855
8683	1.4366
8684	1.8814
8685	0
8686	0
8687	0
8688	0
8689	0
8690	0
8691	0
8692	0
8693	0
8694	0
8695	0
8696	0.962
8697	1.6488
8698	1.4303
8699	1.4997
8700	1.8454
8701	1.196
8702	2.6298
8703	2.0556
8704	1.8785
8705	1.4133
8706	2.5592
8707	2.5798
8708	1.6833
8709	16.7442
8710	0
8711	0
8712	0
8713	0
8714	0
8715	0
8716	0
8717	0
8718	0
8719	0
8720	1.5016
8721	3.7922
8722	3.103
8723	1.8664
8724	1.634
8725	1.1673
8726	1.3937
8727	1.8594
8728	1.6432
8729	1.8974
8730	1.9975
8731	1.5268
8732	1.5134
8733	3.4123
8734	0
8735	0
8736	0
8737	0
8738	0
8739	0
8740	0
8741	0
8742	0
8743	0
8744	0.8736
8745	3.078
8746	2.2324
8747	1.6102
8748	1.8482
8749	1.8443
8750	1.9123
8751	1.2523
8752	1.5124
8753	2.0455
8754	3.2841
8755	1.6686
8756	1.8244
8757	10.1124
8758	0
8759	0
8760	0
8761	0
8762	0
8763	0
8764	0
8765	0
8766	0
8767	0
8768	2.1632
8769	7.6541
8770	12.3077
8771	5.985
8772	5.3859
8773	2.4573
8774	2.9752
8775	2.8712
8776	5.3643
8777	4.7388
8778	2.9842
8779	3.2525
8780	1.4409
8781	0
8782	0
8783	0
8784	0
