1 0.61
2 0.76
3 29.03
4 0.33
5 49.32
6 0.00
7 3.71
8 0.77
9 1.65
10 0.87
11 1.53
12 1.94
13 1.02
14 1.48
15 1.07
16 1.48
17 1.74
18 2.26
19 4.24
20 5.74
21 1.19
22 25.09
23 3.49
24 42.35
25 0.40
26 0.00
27 0.00
28 0.92
29 0.00
30 46.75
31 0.00
32 0.26
33 0.44
34 0.45
35 0.64
36 0.79
37 1.17
38 1.19
39 1.03
40 1.19
41 1.39
42 1.29
43 1.45
44 2.03
45 21.02
46 0.00
47 0.00
48 0.00
49 0.17
50 0.00
51 0.00
52 0.00
53 0.00
54 0.00
55 0.11
56 0.80
57 2.78
58 1.89
59 1.80
60 2.01
61 1.65
62 2.12
63 1.88
64 2.54
65 2.49
66 3.34
67 2.96
68 3.09
69 5.69
70 6.87
71 0.00
72 10.48
73 2.22
74 0.00
75 4.39
76 28.35
77 0.00
78 12.46
79 15.25
80 0.90
81 2.96
82 1.98
83 1.83
84 1.91
85 1.79
86 1.67
87 1.99
88 1.80
89 2.65
90 2.61
91 2.06
92 3.30
93 8.12
94 52.94
95 0.00
96 0.00
97 1.23
98 0.00
99 5.87
100 0.00
101 0.00
102 3.37
103 15.72
104 0.76
105 2.56
106 2.71
107 1.74
108 1.91
109 1.60
110 1.68
111 1.85
112 1.93
113 2.77
114 2.16
115 2.29
116 4.34
117 9.47
118 9.18
119 12.90
120 41.86
121 0.19
122 0.00
123 1.35
124 0.68
125 0.00
126 0.00
127 1.33
128 0.90
129 2.14
130 1.81
131 1.84
132 1.74
133 2.31
134 1.84
135 1.81
136 2.00
137 2.31
138 2.56
139 2.37
140 2.54
141 10.44
142 11.56
143 4.88
144 1.45
145 0.43
146 0.00
147 0.42
148 0.00
149 0.00
150 15.58
151 0.00
152 0.63
153 1.43
154 2.17
155 2.03
156 2.13
157 2.42
158 2.14
159 2.12
160 2.22
161 2.09
162 2.49
163 2.13
164 2.74
165 1.17
166 1.79
167 0.53
168 3.66
169 0.40
170 0.30
171 0.00
172 0.00
173 15.38
174 0.00
175 0.24
176 0.53
177 2.31
178 3.47
179 2.37
180 1.29
181 1.19
182 1.56
183 1.50
184 1.59
185 1.99
186 1.98
187 5.63
188 10.17
189 14.34
190 0.00
191 0.88
192 3.65
193 0.48
194 0.00
195 0.00
196 0.21
197 0.00
198 0.00
199 0.00
200 0.94
201 2.39
202 1.67
203 2.21
204 2.17
205 1.88
206 2.25
207 1.82
208 2.43
209 2.41
210 3.37
211 2.82
212 2.91
213 1.09
214 15.09
215 2.90
216 0.00
217 56.25
218 0.68
219 39.13
220 55.38
221 56.25
222 52.69
223 58.54
224 0.98
225 1.73
226 1.68
227 1.56
228 2.05
229 1.65
230 1.67
231 1.88
232 2.18
233 2.34
234 3.06
235 2.08
236 3.44
237 6.17
238 3.52
239 50.70
240 13.64
241 51.43
242 0.18
243 44.44
244 1.59
245 50.00
246 48.13
247 22.30
248 1.20
249 1.73
250 2.01
251 1.68
252 1.86
253 1.80
254 1.53
255 1.96
256 1.92
257 2.26
258 2.41
259 2.72
260 4.24
261 1.56
262 51.06
263 59.02
264 44.86
265 0.85
266 53.87
267 29.90
268 56.25
269 40.39
270 48.16
271 54.96
272 0.94
273 2.26
274 1.91
275 1.56
276 1.94
277 1.59
278 1.88
279 1.90
280 1.77
281 2.61
282 1.70
283 2.01
284 3.38
285 5.60
286 4.09
287 8.99
288 25.97
289 44.95
290 44.39
291 39.42
292 25.50
293 19.19
294 27.07
295 22.12
296 0.92
297 2.06
298 1.99
299 1.70
300 1.72
301 1.91
302 1.62
303 2.06
304 1.95
305 2.61
306 1.98
307 2.13
308 4.66
309 4.23
310 18.09
311 8.38
312 4.51
313 1.78
314 22.38
315 7.92
316 19.31
317 25.91
318 9.54
319 31.81
320 0.57
321 5.28
322 2.35
323 2.03
324 2.43
325 2.95
326 2.62
327 2.28
328 2.81
329 2.43
330 2.16
331 2.18
332 3.03
333 8.71
334 5.18
335 10.60
336 11.42
337 1.22
338 16.98
339 14.56
340 17.36
341 26.34
342 21.34
343 11.77
344 0.45
345 3.30
346 3.14
347 2.41
348 1.63
349 1.65
350 1.35
351 2.73
352 1.71
353 1.58
354 2.62
355 8.80
356 13.38
357 5.68
358 20.27
359 21.60
360 16.60
361 15.03
362 13.60
363 14.31
364 26.17
365 20.00
366 15.92
367 28.18
368 1.09
369 1.78
370 2.12
371 1.98
372 2.01
373 1.93
374 2.24
375 1.89
376 2.21
377 2.20
378 2.42
379 2.63
380 4.59
381 4.23
382 19.35
383 16.21
384 19.01
385 1.43
386 12.65
387 15.27
388 14.53
389 13.05
390 8.90
391 19.37
392 0.96
393 1.89
394 1.67
395 2.05
396 1.89
397 1.77
398 1.87
399 2.07
400 2.14
401 2.16
402 2.33
403 1.75
404 3.66
405 3.57
406 3.07
407 6.87
408 12.20
409 0.87
410 3.90
411 9.19
412 2.01
413 7.32
414 2.10
415 1.51
416 0.91
417 2.71
418 1.78
419 1.98
420 1.72
421 1.68
422 1.68
423 1.70
424 2.43
425 2.77
426 2.15
427 2.32
428 3.57
429 11.90
430 11.49
431 4.35
432 11.40
433 9.93
434 2.34
435 0.93
436 4.60
437 5.71
438 4.93
439 1.95
440 0.97
441 2.03
442 1.82
443 2.09
444 2.05
445 2.12
446 1.81
447 2.09
448 2.17
449 2.05
450 2.09
451 1.88
452 3.51
453 8.29
454 3.09
455 5.96
456 10.72
457 2.14
458 0.81
459 17.16
460 4.07
461 5.76
462 1.10
463 17.36
464 1.10
465 1.93
466 1.92
467 1.74
468 1.63
469 1.70
470 1.69
471 1.89
472 2.04
473 1.91
474 1.65
475 2.34
476 2.57
477 2.03
478 5.33
479 1.59
480 4.79
481 0.45
482 0.17
483 6.72
484 3.20
485 0.00
486 2.74
487 6.33
488 0.83
489 1.38
490 2.50
491 2.02
492 2.01
493 2.06
494 1.81
495 2.28
496 2.05
497 3.17
498 2.07
499 2.61
500 3.42
501 6.26
502 17.35
503 1.88
504 5.71
505 0.64
506 6.51
507 1.79
508 2.69
509 2.33
510 0.40
511 13.01
512 0.31
513 1.94
514 1.19
515 2.39
516 1.78
517 1.26
518 1.43
519 1.51
520 1.78
521 1.70
522 2.06
523 6.31
524 5.47
525 5.83
526 1.81
527 1.58
528 8.24
529 2.46
530 0.60
531 27.07
532 2.90
533 0.50
534 2.89
535 4.72
536 1.22
537 1.76
538 1.80
539 1.81
540 1.88
541 1.87
542 1.72
543 1.89
544 2.17
545 2.04
546 2.52
547 1.96
548 3.33
549 6.38
550 4.98
551 2.15
552 1.71
553 0.62
554 0.86
555 1.81
556 0.89
557 0.00
558 0.65
559 1.71
560 1.10
561 2.44
562 1.50
563 1.92
564 2.48
565 1.81
566 2.04
567 1.79
568 2.47
569 2.13
570 2.39
571 2.16
572 3.20
573 6.18
574 2.98
575 1.15
576 36.73
577 0.52
578 1.05
579 1.08
580 0.64
581 5.25
582 0.85
583 0.67
584 1.09
585 2.37
586 1.66
587 1.58
588 1.87
589 1.83
590 1.80
591 1.81
592 2.15
593 2.79
594 1.84
595 2.17
596 3.39
597 2.18
598 3.04
599 1.36
600 3.76
601 0.57
602 3.35
603 0.21
604 9.06
605 4.36
606 5.50
607 9.65
608 0.25
609 0.23
610 0.40
611 0.81
612 0.77
613 0.80
614 0.83
615 0.92
616 1.25
617 0.93
618 1.32
619 1.88
620 2.69
621 1.77
622 2.98
623 3.60
624 9.47
625 3.13
626 15.70
627 2.25
628 1.73
629 12.20
630 2.32
631 0.86
632 1.07
633 2.72
634 1.91
635 1.80
636 2.09
637 1.72
638 1.72
639 1.91
640 2.23
641 1.94
642 2.39
643 2.52
644 3.70
645 3.78
646 2.52
647 1.56
648 2.44
649 0.63
650 1.33
651 14.80
652 13.58
653 3.61
654 0.00
655 1.94
656 0.60
657 2.36
658 2.75
659 2.35
660 2.27
661 2.41
662 2.30
663 2.36
664 2.26
665 3.49
666 2.74
667 2.51
668 2.84
669 1.53
670 8.85
671 1.06
672 9.77
673 0.88
674 0.96
675 5.84
676 0.11
677 0.00
678 7.27
679 0.00
680 0.52
681 2.15
682 1.93
683 1.51
684 1.57
685 1.97
686 2.56
687 1.83
688 1.89
689 2.54
690 2.96
691 2.65
692 0.91
693 1.86
694 27.00
695 13.20
696 1.86
697 0.34
698 0.00
699 27.69
700 0.00
701 6.61
702 4.11
703 9.88
704 0.94
705 2.74
706 1.71
707 1.89
708 2.34
709 2.17
710 1.87
711 1.75
712 2.21
713 2.51
714 2.95
715 2.31
716 3.86
717 5.47
718 23.30
719 12.63
720 3.52
721 0.59
722 24.66
723 3.91
724 7.05
725 1.09
726 6.52
727 3.82
728 0.99
729 1.82
730 1.75
731 1.55
732 1.96
733 1.82
734 2.14
735 2.18
736 2.05
737 2.03
738 3.48
739 2.61
740 2.96
741 7.69
742 3.69
743 0.00
744 0.00
745 0.28
746 2.33
747 0.00
748 1.03
749 0.00
750 0.00
751 9.18
752 0.85
753 2.25
754 1.82
755 2.02
756 1.83
757 1.82
758 1.92
759 2.00
760 2.17
761 2.28
762 2.90
763 3.00
764 3.80
765 7.44
766 2.40
767 4.89
768 15.11
769 2.18
770 24.00
771 15.65
772 1.95
773 0.37
774 1.43
775 18.18
776 1.32
777 2.22
778 2.25
779 1.60
780 1.82
781 1.95
782 2.07
783 2.19
784 1.56
785 2.48
786 2.27
787 2.52
788 3.27
789 0.88
790 7.54
791 18.08
792 1.22
793 0.56
794 3.30
795 0.30
796 0.00
797 0.00
798 1.14
799 20.75
800 0.78
801 2.12
802 2.19
803 1.85
804 2.06
805 1.69
806 2.38
807 2.10
808 2.30
809 3.21
810 2.94
811 2.12
812 3.15
813 2.49
814 1.83
815 1.08
816 0.00
817 0.54
818 0.00
819 0.23
820 0.00
821 2.94
822 0.00
823 0.93
824 0.41
825 1.32
826 1.91
827 1.98
828 2.45
829 1.65
830 2.10
831 1.92
832 2.05
833 2.31
834 1.53
835 1.98
836 2.48
837 3.46
838 0.44
839 0.00
840 3.52
841 1.00
842 0.94
843 0.00
844 0.48
845 0.00
846 0.18
847 1.28
848 0.39
849 0.96
850 1.14
851 1.06
852 1.27
853 1.40
854 1.27
855 1.62
856 1.29
857 1.59
858 1.90
859 1.37
860 0.33
861 0.00
862 0.00
863 0.00
864 0.00
865 0.26
866 0.64
867 1.83
868 1.44
869 1.75
870 1.53
871 1.03
872 0.78
873 2.12
874 1.28
875 1.70
876 2.06
877 1.88
878 1.75
879 1.81
880 2.27
881 2.50
882 2.75
883 2.26
884 3.50
885 2.04
886 1.81
887 0.00
888 0.00
889 1.11
890 27.91
891 1.93
892 0.00
893 0.00
894 11.90
895 8.67
896 0.94
897 1.74
898 1.51
899 1.87
900 1.65
901 2.05
902 1.75
903 2.06
904 2.15
905 2.40
906 2.51
907 2.20
908 2.48
909 9.39
910 6.16
911 1.79
912 19.43
913 7.27
914 2.40
915 0.00
916 3.92
917 0.00
918 11.18
919 18.18
920 0.96
921 1.93
922 1.43
923 2.11
924 2.15
925 2.20
926 2.01
927 1.95
928 2.33
929 2.27
930 2.43
931 2.10
932 3.04
933 2.15
934 19.87
935 2.22
936 2.46
937 0.29
938 0.35
939 1.06
940 1.15
941 0.00
942 0.00
943 39.13
944 0.89
945 1.34
946 1.66
947 1.70
948 1.53
949 1.76
950 1.81
951 2.02
952 2.33
953 2.36
954 2.12
955 1.92
956 3.72
957 11.15
958 1.25
959 8.74
960 9.66
961 0.17
962 2.91
963 4.32
964 3.49
965 0.00
966 13.67
967 25.10
968 0.84
969 2.34
970 1.36
971 1.63
972 1.93
973 2.11
974 1.97
975 2.07
976 2.39
977 2.44
978 2.63
979 1.71
980 2.56
981 5.54
982 1.62
983 1.15
984 0.00
985 0.38
986 0.85
987 0.00
988 2.32
989 0.00
990 0.00
991 5.69
992 0.49
993 0.90
994 1.88
995 1.77
996 1.86
997 1.85
998 1.94
999 2.02
1000 2.19
1001 1.99
1002 2.55
1003 2.27
1004 2.36
1005 1.99
1006 4.82
1007 1.65
1008 2.79
1009 0.65
1010 1.13
1011 0.00
1012 1.63
1013 1.07
1014 0.35
1015 0.33
1016 0.49
1017 2.05
1018 0.85
1019 1.28
1020 1.60
1021 1.13
1022 1.18
1023 1.15
1024 1.28
1025 1.56
1026 1.56
1027 3.72
1028 0.40
1029 0.73
1030 0.77
1031 1.03
1032 0.00
1033 0.31
1034 3.44
1035 0.00
1036 0.00
1037 1.29
1038 5.91
1039 2.33
1040 0.65
1041 2.39
1042 2.36
1043 2.40
1044 2.25
1045 1.67
1046 1.87
1047 2.38
1048 2.30
1049 2.66
1050 2.40
1051 2.36
1052 3.38
1053 2.53
1054 10.91
1055 11.39
1056 10.17
1057 0.21
1058 1.59
1059 52.94
1060 0.00
1061 13.43
1062 24.49
1063 20.93
1064 0.72
1065 2.37
1066 1.35
1067 1.68
1068 1.98
1069 1.94
1070 1.88
1071 2.18
1072 2.03
1073 2.87
1074 2.29
1075 1.69
1076 2.32
1077 2.44
1078 1.43
1079 0.81
1080 7.78
1081 0.22
1082 17.39
1083 0.00
1084 0.75
1085 0.00
1086 0.00
1087 15.38
1088 0.88
1089 2.53
1090 1.58
1091 1.88
1092 2.02
1093 1.71
1094 2.24
1095 2.45
1096 2.35
1097 2.42
1098 2.54
1099 2.25
1100 3.45
1101 3.89
1102 9.88
1103 5.43
1104 5.23
1105 0.40
1106 4.32
1107 0.00
1108 0.00
1109 0.00
1110 10.98
1111 23.68
1112 0.85
1113 2.61
1114 1.00
1115 2.05
1116 1.95
1117 2.26
1118 2.25
1119 1.98
1120 2.46
1121 2.40
1122 2.86
1123 2.44
1124 2.36
1125 4.89
1126 0.00
1127 0.66
1128 8.74
1129 0.40
1130 0.41
1131 0.00
1132 0.00
1133 0.00
1134 39.56
1135 12.69
1136 0.48
1137 2.02
1138 1.59
1139 1.63
1140 1.61
1141 2.23
1142 2.06
1143 2.55
1144 2.06
1145 2.60
1146 2.14
1147 2.51
1148 2.84
1149 2.34
1150 1.78
1151 0.76
1152 27.91
1153 0.28
1154 0.19
1155 6.41
1156 0.00
1157 0.00
1158 51.43
1159 0.27
1160 0.22
1161 2.78
1162 2.48
1163 2.35
1164 1.92
1165 2.85
1166 1.98
1167 1.77
1168 1.71
1169 3.07
1170 3.10
1171 2.50
1172 3.17
1173 4.32
1174 7.00
1175 0.98
1176 7.66
1177 0.85
1178 2.57
1179 0.00
1180 10.39
1181 5.36
1182 0.16
1183 50.00
1184 0.24
1185 2.49
1186 2.16
1187 2.10
1188 1.63
1189 1.50
1190 1.58
1191 1.66
1192 2.27
1193 2.20
1194 2.08
1195 5.76
1196 11.98
1197 0.91
1198 0.98
1199 17.97
1200 4.35
1201 0.31
1202 25.17
1203 0.00
1204 2.05
1205 0.46
1206 1.49
1207 3.73
1208 0.42
1209 2.04
1210 2.29
1211 2.34
1212 2.18
1213 2.06
1214 1.86
1215 2.49
1216 2.61
1217 1.81
1218 3.03
1219 3.10
1220 3.11
1221 2.27
1222 3.33
1223 15.52
1224 13.58
1225 0.42
1226 0.00
1227 1.50
1228 23.68
1229 2.71
1230 0.00
1231 3.67
1232 0.47
1233 2.37
1234 1.68
1235 1.99
1236 2.23
1237 2.26
1238 1.86
1239 2.12
1240 1.93
1241 2.92
1242 2.22
1243 2.74
1244 3.43
1245 1.78
1246 0.00
1247 1.59
1248 0.00
1249 0.24
1250 6.92
1251 0.00
1252 1.86
1253 5.08
1254 3.03
1255 6.69
1256 0.43
1257 2.79
1258 1.67
1259 1.65
1260 1.98
1261 2.32
1262 2.44
1263 2.36
1264 2.52
1265 2.37
1266 2.13
1267 1.84
1268 2.39
1269 1.87
1270 6.96
1271 15.37
1272 17.66
1273 0.52
1274 14.57
1275 19.25
1276 18.87
1277 3.79
1278 15.52
1279 12.69
1280 0.42
1281 2.50
1282 1.45
1283 1.48
1284 1.88
1285 2.27
1286 1.96
1287 1.96
1288 2.28
1289 2.13
1290 2.80
1291 2.33
1292 3.13
1293 2.83
1294 2.78
1295 4.53
1296 4.24
1297 3.83
1298 0.09
1299 0.00
1300 5.41
1301 0.00
1302 0.00
1303 6.63
1304 0.45
1305 3.03
1306 1.48
1307 1.97
1308 1.97
1309 1.78
1310 1.91
1311 2.13
1312 2.13
1313 2.49
1314 2.93
1315 1.75
1316 2.77
1317 1.43
1318 2.41
1319 3.03
1320 5.57
1321 0.49
1322 0.00
1323 0.00
1324 0.00
1325 0.00
1326 0.00
1327 5.59
1328 0.31
1329 1.39
1330 1.70
1331 2.10
1332 1.96
1333 2.19
1334 3.34
1335 2.68
1336 2.77
1337 1.86
1338 3.13
1339 2.57
1340 2.37
1341 1.22
1342 1.10
1343 1.18
1344 6.75
1345 0.65
1346 12.37
1347 2.58
1348 0.51
1349 0.00
1350 4.13
1351 9.55
1352 0.22
1353 2.67
1354 2.07
1355 1.96
1356 1.76
1357 1.31
1358 1.81
1359 1.93
1360 1.52
1361 3.08
1362 3.59
1363 6.35
1364 2.61
1365 12.83
1366 9.92
1367 18.36
1368 16.16
1369 15.16
1370 31.79
1371 0.90
1372 1.56
1373 0.00
1374 4.56
1375 5.91
1376 0.39
1377 1.69
1378 2.01
1379 2.02
1380 1.86
1381 1.69
1382 2.06
1383 2.23
1384 2.38
1385 3.11
1386 2.77
1387 2.57
1388 3.37
1389 2.75
1390 16.71
1391 20.22
1392 1.36
1393 0.38
1394 23.08
1395 0.62
1396 0.00
1397 0.00
1398 3.20
1399 0.80
1400 0.43
1401 1.57
1402 1.35
1403 1.64
1404 2.01
1405 1.89
1406 2.11
1407 1.81
1408 2.10
1409 2.04
1410 4.84
1411 2.75
1412 3.06
1413 2.83
1414 3.03
1415 4.74
1416 12.72
1417 0.41
1418 10.84
1419 1.10
1420 0.91
1421 3.10
1422 58.06
1423 0.91
1424 0.45
1425 2.10
1426 1.99
1427 1.70
1428 1.79
1429 1.98
1430 1.94
1431 1.98
1432 2.15
1433 2.38
1434 1.89
1435 2.33
1436 3.32
1437 6.94
1438 2.06
1439 3.57
1440 10.21
1441 5.27
1442 2.55
1443 0.00
1444 7.35
1445 5.55
1446 12.07
1447 4.14
1448 0.60
1449 2.99
1450 1.99
1451 1.81
1452 2.30
1453 1.78
1454 1.59
1455 2.21
1456 2.36
1457 2.40
1458 2.23
1459 2.17
1460 2.70
1461 2.29
1462 5.70
1463 2.07
1464 2.81
1465 0.77
1466 0.66
1467 7.02
1468 5.71
1469 7.27
1470 4.30
1471 7.84
1472 0.38
1473 1.64
1474 1.56
1475 2.34
1476 2.04
1477 2.13
1478 2.07
1479 2.15
1480 1.85
1481 2.08
1482 2.03
1483 1.86
1484 2.45
1485 1.31
1486 0.76
1487 3.19
1488 22.15
1489 1.67
1490 1.84
1491 3.83
1492 3.39
1493 4.55
1494 5.27
1495 0.22
1496 0.38
1497 3.43
1498 2.82
1499 2.46
1500 1.09
1501 1.71
1502 2.06
1503 1.65
1504 2.06
1505 1.79
1506 1.87
1507 6.51
1508 1.10
1509 3.68
1510 6.03
1511 3.44
1512 8.22
1513 2.59
1514 2.92
1515 3.19
1516 16.44
1517 4.80
1518 1.73
1519 21.69
1520 0.54
1521 3.47
1522 2.10
1523 2.03
1524 2.12
1525 1.72
1526 2.05
1527 2.12
1528 2.38
1529 2.98
1530 2.98
1531 2.69
1532 3.98
1533 7.15
1534 4.33
1535 1.26
1536 14.78
1537 0.37
1538 23.84
1539 4.10
1540 0.86
1541 3.61
1542 5.10
1543 6.12
1544 0.51
1545 3.89
1546 2.01
1547 2.45
1548 2.35
1549 2.20
1550 2.35
1551 1.94
1552 3.14
1553 2.05
1554 2.81
1555 2.69
1556 2.50
1557 1.37
1558 4.31
1559 12.89
1560 15.19
1561 0.48
1562 13.43
1563 0.00
1564 11.88
1565 0.00
1566 0.00
1567 1.49
1568 0.41
1569 2.25
1570 1.81
1571 1.97
1572 2.04
1573 2.20
1574 2.04
1575 1.90
1576 2.67
1577 2.68
1578 2.39
1579 2.90
1580 2.90
1581 7.57
1582 5.77
1583 3.24
1584 5.23
1585 0.72
1586 3.71
1587 0.95
1588 7.48
1589 7.63
1590 9.67
1591 15.75
1592 0.38
1593 2.86
1594 2.11
1595 1.99
1596 1.92
1597 1.57
1598 1.98
1599 2.14
1600 2.47
1601 2.83
1602 3.42
1603 2.31
1604 3.31
1605 4.12
1606 1.50
1607 38.30
1608 32.00
1609 0.24
1610 0.98
1611 23.84
1612 25.71
1613 0.29
1614 7.42
1615 12.74
1616 0.48
1617 1.94
1618 1.84
1619 1.58
1620 1.86
1621 1.80
1622 2.06
1623 2.02
1624 2.99
1625 2.35
1626 2.25
1627 2.72
1628 3.67
1629 5.82
1630 1.91
1631 2.82
1632 3.96
1633 0.75
1634 4.53
1635 2.48
1636 3.22
1637 10.57
1638 4.58
1639 7.34
1640 0.31
1641 4.32
1642 2.73
1643 2.06
1644 1.87
1645 1.71
1646 1.50
1647 2.23
1648 2.56
1649 3.07
1650 2.06
1651 2.28
1652 2.29
1653 1.11
1654 0.56
1655 0.93
1656 5.71
1657 0.45
1658 23.08
1659 15.74
1660 13.03
1661 10.37
1662 9.77
1663 13.99
1664 0.30
1665 2.45
1666 2.39
1667 2.21
1668 1.39
1669 1.20
1670 1.40
1671 1.75
1672 1.75
1673 1.74
1674 2.04
1675 4.56
1676 12.46
1677 2.52
1678 1.20
1679 3.83
1680 4.90
1681 1.89
1682 4.73
1683 6.01
1684 6.74
1685 4.72
1686 4.02
1687 0.00
1688 0.22
1689 0.58
1690 0.62
1691 1.16
1692 0.63
1693 1.30
1694 1.77
1695 1.45
1696 2.10
1697 0.92
1698 1.18
1699 1.82
1700 2.03
1701 1.57
1702 5.49
1703 17.65
1704 11.09
1705 1.29
1706 0.00
1707 1.41
1708 0.00
1709 47.37
1710 3.35
1711 14.14
1712 0.48
1713 2.60
1714 2.31
1715 1.85
1716 2.05
1717 2.51
1718 2.10
1719 2.57
1720 2.59
1721 2.54
1722 2.46
1723 3.30
1724 3.42
1725 4.79
1726 4.02
1727 0.80
1728 3.78
1729 0.29
1730 0.76
1731 1.47
1732 0.43
1733 0.00
1734 6.32
1735 10.96
1736 0.60
1737 3.13
1738 2.32
1739 1.55
1740 1.61
1741 1.92
1742 1.55
1743 2.53
1744 2.04
1745 2.84
1746 2.79
1747 1.96
1748 2.50
1749 4.72
1750 2.26
1751 6.59
1752 20.11
1753 0.28
1754 12.86
1755 0.00
1756 0.35
1757 0.00
1758 43.90
1759 7.22
1760 0.67
1761 3.11
1762 1.67
1763 1.11
1764 2.00
1765 2.25
1766 1.91
1767 2.37
1768 2.24
1769 2.23
1770 3.04
1771 1.95
1772 2.75
1773 3.42
1774 23.06
1775 1.76
1776 8.87
1777 0.28
1778 22.57
1779 1.33
1780 1.11
1781 0.00
1782 10.03
1783 5.87
1784 0.69
1785 3.07
1786 1.25
1787 1.72
1788 1.93
1789 1.99
1790 2.44
1791 2.10
1792 2.49
1793 2.97
1794 3.23
1795 2.02
1796 2.32
1797 3.02
1798 0.96
1799 0.51
1800 0.00
1801 0.14
1802 0.00
1803 0.00
1804 21.30
1805 21.18
1806 4.97
1807 0.00
1808 0.43
1809 1.51
1810 2.29
1811 2.68
1812 2.51
1813 2.59
1814 2.43
1815 2.13
1816 2.15
1817 2.39
1818 2.13
1819 2.76
1820 2.22
1821 1.01
1822 0.00
1823 0.76
1824 1.83
1825 0.16
1826 43.90
1827 0.00
1828 0.00
1829 0.00
1830 0.00
1831 12.97
1832 0.33
1833 1.78
1834 2.50
1835 1.24
1836 1.57
1837 1.77
1838 2.13
1839 1.66
1840 2.76
1841 1.91
1842 2.23
1843 8.00
1844 9.50
1845 2.78
1846 1.30
1847 1.87
1848 1.89
1849 0.48
1850 2.80
1851 0.00
1852 0.00
1853 0.00
1854 41.86
1855 12.00
1856 0.55
1857 2.38
1858 2.41
1859 2.07
1860 2.39
1861 2.25
1862 2.22
1863 2.03
1864 2.24
1865 2.26
1866 2.52
1867 2.47
1868 2.68
1869 1.84
1870 46.75
1871 0.00
1872 22.09
1873 0.20
1874 27.07
1875 0.98
1876 0.00
1877 0.00
1878 19.25
1879 6.24
1880 0.48
1881 2.54
1882 2.69
1883 1.75
1884 1.87
1885 2.17
1886 1.69
1887 1.98
1888 2.24
1889 2.48
1890 3.12
1891 2.38
1892 2.88
1893 2.94
1894 7.54
1895 20.69
1896 8.22
1897 0.44
1898 14.69
1899 0.59
1900 14.63
1901 30.25
1902 0.00
1903 12.33
1904 0.50
1905 2.84
1906 2.36
1907 2.20
1908 2.35
1909 1.77
1910 2.13
1911 1.97
1912 2.23
1913 2.42
1914 2.93
1915 2.50
1916 3.56
1917 3.45
1918 1.06
1919 0.00
1920 0.00
1921 0.26
1922 3.22
1923 0.00
1924 0.00
1925 0.00
1926 0.88
1927 4.12
1928 0.52
1929 2.77
1930 1.97
1931 2.04
1932 2.12
1933 2.03
1934 2.12
1935 2.55
1936 2.34
1937 1.97
1938 2.81
1939 2.37
1940 2.58
1941 0.72
1942 0.00
1943 0.00
1944 15.65
1945 0.29
1946 0.00
1947 1.26
1948 0.00
1949 5.43
1950 52.94
1951 10.40
1952 0.45
1953 2.99
1954 2.18
1955 2.30
1956 2.28
1957 1.87
1958 2.50
1959 2.41
1960 2.96
1961 2.32
1962 2.83
1963 2.25
1964 2.79
1965 3.17
1966 3.94
1967 1.15
1968 4.07
1969 0.32
1970 3.57
1971 2.73
1972 0.00
1973 0.00
1974 0.00
1975 0.00
1976 0.26
1977 1.39
1978 3.07
1979 1.97
1980 2.05
1981 1.98
1982 2.60
1983 2.27
1984 2.68
1985 2.80
1986 2.75
1987 2.47
1988 2.28
1989 0.95
1990 0.38
1991 0.74
1992 0.00
1993 0.20
1994 0.00
1995 18.60
1996 28.57
1997 27.07
1998 2.13
1999 0.00
2000 0.33
2001 2.11
2002 2.84
2003 1.92
2004 1.42
2005 1.82
2006 1.64
2007 1.93
2008 2.21
2009 2.47
2010 1.97
2011 4.71
2012 0.41
2013 0.00
2014 5.60
2015 20.11
2016 6.35
2017 0.40
2018 1.92
2019 0.00
2020 0.00
2021 0.65
2022 0.00
2023 6.39
2024 0.57
2025 3.79
2026 2.42
2027 1.97
2028 2.36
2029 2.35
2030 1.57
2031 2.22
2032 2.14
2033 2.98
2034 3.09
2035 2.39
2036 4.04
2037 4.93
2038 2.40
2039 2.90
2040 2.39
2041 0.42
2042 0.00
2043 0.99
2044 0.00
2045 45.00
2046 52.17
2047 4.13
2048 0.52
2049 3.63
2050 2.40
2051 2.07
2052 2.14
2053 2.42
2054 2.37
2055 2.33
2056 2.55
2057 2.48
2058 2.65
2059 1.86
2060 2.58
2061 3.80
2062 4.81
2063 7.58
2064 4.92
2065 0.56
2066 6.11
2067 0.00
2068 27.69
2069 0.00
2070 0.00
2071 5.71
2072 0.50
2073 2.67
2074 2.25
2075 1.98
2076 2.15
2077 2.44
2078 2.35
2079 2.44
2080 2.04
2081 2.09
2082 2.42
2083 2.44
2084 2.24
2085 3.69
2086 3.15
2087 22.36
2088 0.00
2089 0.25
2090 0.00
2091 0.00
2092 0.00
2093 0.00
2094 6.84
2095 0.00
2096 0.63
2097 2.49
2098 1.85
2099 2.28
2100 1.95
2101 2.35
2102 2.28
2103 2.74
2104 2.42
2105 2.45
2106 2.18
2107 2.16
2108 2.25
2109 4.87
2110 1.80
2111 7.76
2112 9.40
2113 0.27
2114 0.00
2115 0.00
2116 33.96
2117 0.00
2118 5.10
2119 10.08
2120 0.54
2121 2.20
2122 1.33
2123 2.07
2124 2.46
2125 2.35
2126 2.64
2127 2.46
2128 2.91
2129 2.43
2130 1.99
2131 1.84
2132 2.19
2133 1.66
2134 0.41
2135 0.95
2136 0.00
2137 0.10
2138 10.50
2139 0.27
2140 0.00
2141 17.22
2142 0.00
2143 2.89
2144 0.32
2145 2.16
2146 1.99
2147 2.73
2148 2.50
2149 2.70
2150 2.57
2151 2.82
2152 2.65
2153 2.44
2154 2.83
2155 2.31
2156 2.34
2157 2.39
2158 11.21
2159 1.38
2160 4.39
2161 0.21
2162 1.30
2163 19.20
2164 9.13
2165 10.68
2166 0.00
2167 0.00
2168 0.41
2169 1.28
2170 2.08
2171 1.63
2172 2.14
2173 1.74
2174 1.58
2175 1.57
2176 2.24
2177 2.19
2178 2.28
2179 5.72
2180 1.11
2181 0.95
2182 2.56
2183 9.77
2184 9.16
2185 0.21
2186 0.00
2187 0.00
2188 0.00
2189 0.00
2190 25.17
2191 3.84
2192 0.58
2193 2.66
2194 2.51
2195 2.55
2196 2.38
2197 2.51
2198 1.83
2199 2.29
2200 3.00
2201 2.92
2202 2.46
2203 2.34
2204 2.56
2205 10.57
2206 9.86
2207 0.00
2208 19.67
2209 0.20
2210 0.00
2211 6.13
2212 0.00
2213 12.81
2214 0.28
2215 0.00
2216 0.66
2217 4.52
2218 1.70
2219 2.43
2220 2.44
2221 2.07
2222 2.65
2223 2.50
2224 2.82
2225 2.67
2226 2.31
2227 1.60
2228 2.38
2229 5.61
2230 4.85
2231 49.32
2232 5.17
2233 0.21
2234 5.44
2235 0.00
2236 0.00
2237 1.06
2238 0.26
2239 15.88
2240 0.72
2241 3.32
2242 1.33
2243 1.90
2244 2.06
2245 1.67
2246 2.44
2247 1.84
2248 2.12
2249 2.29
2250 2.19
2251 1.90
2252 2.88
2253 2.21
2254 3.02
2255 43.11
2256 0.00
2257 0.35
2258 26.67
2259 0.00
2260 0.00
2261 0.00
2262 0.50
2263 37.11
2264 0.64
2265 3.26
2266 1.43
2267 1.92
2268 1.72
2269 1.91
2270 1.87
2271 1.85
2272 2.10
2273 2.35
2274 3.00
2275 1.77
2276 2.66
2277 1.22
2278 1.55
2279 0.00
2280 8.62
2281 0.30
2282 7.23
2283 0.00
2284 0.00
2285 12.12
2286 0.75
2287 0.00
2288 0.29
2289 1.51
2290 1.08
2291 1.26
2292 0.88
2293 1.07
2294 1.26
2295 1.19
2296 1.47
2297 1.04
2298 1.65
2299 2.22
2300 2.76
2301 6.16
2302 1.63
2303 25.35
2304 9.25
2305 0.08
2306 0.00
2307 0.00
2308 9.30
2309 1.45
2310 0.00
2311 0.00
2312 0.34
2313 4.29
2314 1.63
2315 2.13
2316 1.06
2317 1.44
2318 1.41
2319 1.90
2320 1.27
2321 2.43
2322 2.19
2323 2.12
2324 2.14
2325 4.63
2326 1.71
2327 1.86
2328 3.68
2329 0.13
2330 3.06
2331 12.31
2332 13.81
2333 0.00
2334 0.00
2335 0.00
2336 0.44
2337 7.87
2338 3.32
2339 1.93
2340 1.01
2341 1.30
2342 1.45
2343 1.50
2344 1.56
2345 1.53
2346 1.86
2347 6.09
2348 6.67
2349 15.19
2350 16.59
2351 14.40
2352 2.54
2353 0.26
2354 6.23
2355 0.00
2356 0.00
2357 0.00
2358 4.62
2359 0.00
2360 0.26
2361 0.79
2362 0.72
2363 0.97
2364 0.85
2365 1.18
2366 0.87
2367 1.46
2368 1.34
2369 1.33
2370 1.74
2371 1.74
2372 2.29
2373 6.32
2374 0.00
2375 0.00
2376 0.00
2377 0.21
2378 0.00
2379 22.78
2380 0.00
2381 0.00
2382 0.00
2383 0.25
2384 0.58
2385 4.06
2386 1.31
2387 1.99
2388 1.79
2389 1.96
2390 1.83
2391 2.16
2392 2.20
2393 2.88
2394 2.99
2395 1.77
2396 3.74
2397 1.84
2398 0.00
2399 0.00
2400 2.29
2401 0.29
2402 0.00
2403 0.00
2404 0.00
2405 0.00
2406 0.24
2407 25.00
2408 0.57
2409 1.49
2410 0.98
2411 1.82
2412 2.17
2413 1.73
2414 2.17
2415 1.86
2416 2.20
2417 1.98
2418 2.47
2419 2.58
2420 2.66
2421 5.32
2422 0.41
2423 0.00
2424 0.00
2425 0.21
2426 0.00
2427 0.00
2428 0.00
2429 0.00
2430 0.14
2431 6.14
2432 0.64
2433 2.57
2434 1.27
2435 2.21
2436 2.01
2437 1.65
2438 1.75
2439 1.77
2440 2.20
2441 2.61
2442 2.48
2443 1.99
2444 2.44
2445 3.54
2446 0.74
2447 0.00
2448 0.00
2449 0.29
2450 0.00
2451 1.84
2452 5.88
2453 0.00
2454 16.36
2455 3.60
2456 0.66
2457 2.37
2458 1.55
2459 1.53
2460 2.03
2461 2.07
2462 2.19
2463 1.87
2464 2.39
2465 2.65
2466 2.55
2467 1.74
2468 1.96
2469 1.12
2470 0.83
2471 0.82
2472 9.25
2473 0.09
2474 0.00
2475 0.63
2476 0.00
2477 0.00
2478 0.00
2479 4.65
2480 0.31
2481 2.82
2482 3.41
2483 1.81
2484 1.88
2485 1.82
2486 2.43
2487 2.05
2488 2.47
2489 2.09
2490 2.17
2491 1.86
2492 1.55
2493 6.09
2494 4.04
2495 1.14
2496 0.00
2497 0.10
2498 0.00
2499 0.00
2500 0.00
2501 0.00
2502 0.00
2503 0.00
2504 0.54
2505 2.08
2506 3.75
2507 2.77
2508 1.61
2509 1.17
2510 2.17
2511 1.29
2512 1.45
2513 1.60
2514 2.49
2515 8.87
2516 13.73
2517 0.72
2518 0.69
2519 0.00
2520 8.76
2521 0.21
2522 0.92
2523 0.00
2524 0.00
2525 0.00
2526 0.00
2527 1.98
2528 0.71
2529 2.68
2530 1.71
2531 2.12
2532 1.63
2533 1.81
2534 1.94
2535 2.18
2536 2.32
2537 2.50
2538 3.43
2539 1.85
2540 2.44
2541 4.92
2542 3.45
2543 5.88
2544 3.43
2545 0.20
2546 5.96
2547 0.00
2548 2.42
2549 7.59
2550 0.00
2551 3.57
2552 0.61
2553 1.83
2554 1.20
2555 1.61
2556 2.12
2557 1.73
2558 1.66
2559 2.13
2560 2.19
2561 2.60
2562 2.23
2563 1.53
2564 2.69
2565 7.55
2566 4.31
2567 2.91
2568 20.45
2569 0.41
2570 11.96
2571 0.00
2572 0.00
2573 2.04
2574 0.00
2575 15.06
2576 0.60
2577 2.06
2578 0.97
2579 1.96
2580 1.61
2581 2.10
2582 2.00
2583 2.37
2584 2.31
2585 3.04
2586 3.03
2587 1.73
2588 1.97
2589 3.69
2590 8.20
2591 0.00
2592 0.00
2593 0.19
2594 1.57
2595 0.00
2596 31.58
2597 5.83
2598 0.84
2599 0.00
2600 0.52
2601 1.77
2602 1.38
2603 1.77
2604 2.10
2605 1.73
2606 1.89
2607 2.10
2608 1.95
2609 2.05
2610 2.44
2611 1.43
2612 1.53
2613 1.20
2614 6.69
2615 1.00
2616 0.00
2617 0.42
2618 0.00
2619 3.44
2620 0.95
2621 4.72
2622 0.24
2623 0.50
2624 0.63
2625 2.11
2626 1.10
2627 1.64
2628 1.91
2629 2.35
2630 1.88
2631 1.90
2632 2.22
2633 2.38
2634 2.16
2635 1.39
2636 1.77
2637 3.54
2638 1.65
2639 0.56
2640 0.00
2641 0.09
2642 6.71
2643 0.98
2644 0.77
2645 0.00
2646 0.00
2647 3.76
2648 0.21
2649 2.58
2650 1.52
2651 1.80
2652 1.82
2653 1.84
2654 1.72
2655 1.66
2656 1.50
2657 1.97
2658 1.94
2659 2.14
2660 1.93
2661 0.68
2662 2.30
2663 0.00
2664 2.22
2665 0.16
2666 0.00
2667 11.94
2668 0.26
2669 0.00
2670 0.00
2671 7.85
2672 0.30
2673 3.00
2674 1.46
2675 1.46
2676 1.29
2677 1.37
2678 1.20
2679 1.30
2680 1.59
2681 1.84
2682 2.41
2683 6.72
2684 0.00
2685 9.51
2686 0.34
2687 0.00
2688 0.00
2689 0.26
2690 0.00
2691 0.00
2692 0.00
2693 1.47
2694 0.00
2695 0.00
2696 0.62
2697 3.18
2698 1.08
2699 1.83
2700 1.90
2701 1.97
2702 1.69
2703 1.65
2704 2.44
2705 2.72
2706 1.84
2707 1.48
2708 2.40
2709 1.33
2710 0.44
2711 0.00
2712 0.00
2713 0.47
2714 0.00
2715 0.00
2716 0.05
2717 3.44
2718 7.52
2719 9.38
2720 0.45
2721 2.27
2722 1.14
2723 1.97
2724 2.04
2725 1.90
2726 1.90
2727 1.81
2728 2.31
2729 2.68
2730 4.08
2731 2.52
2732 2.67
2733 5.37
2734 5.52
2735 0.91
2736 6.06
2737 0.27
2738 1.97
2739 4.26
2740 1.78
2741 0.00
2742 0.00
2743 3.90
2744 0.22
2745 0.35
2746 0.37
2747 0.59
2748 0.84
2749 0.82
2750 1.14
2751 0.92
2752 1.23
2753 1.40
2754 1.23
2755 1.48
2756 2.69
2757 1.72
2758 0.00
2759 0.00
2760 0.00
2761 0.14
2762 0.00
2763 0.00
2764 0.00
2765 0.00
2766 6.25
2767 0.00
2768 0.62
2769 1.70
2770 1.32
2771 1.73
2772 1.81
2773 1.99
2774 1.73
2775 2.44
2776 2.37
2777 3.17
2778 2.15
2779 1.68
2780 2.47
2781 0.96
2782 0.00
2783 0.00
2784 0.00
2785 0.20
2786 0.00
2787 0.00
2788 0.00
2789 0.00
2790 0.00
2791 0.00
2792 0.74
2793 1.93
2794 1.02
2795 2.15
2796 1.90
2797 1.87
2798 2.32
2799 2.02
2800 1.82
2801 2.74
2802 2.17
2803 1.93
2804 1.97
2805 1.05
2806 0.58
2807 3.06
2808 2.06
2809 0.14
2810 4.08
2811 0.00
2812 13.79
2813 0.00
2814 0.00
2815 0.00
2816 0.34
2817 1.68
2818 2.61
2819 1.24
2820 1.50
2821 1.83
2822 1.41
2823 2.63
2824 2.15
2825 1.69
2826 1.93
2827 2.09
2828 2.31
2829 41.38
2830 0.74
2831 1.23
2832 6.94
2833 0.14
2834 1.59
2835 0.00
2836 8.82
2837 5.76
2838 5.41
2839 0.00
2840 0.33
2841 1.35
2842 1.25
2843 1.38
2844 1.43
2845 1.40
2846 0.96
2847 2.08
2848 1.34
2849 1.31
2850 2.59
2851 1.90
2852 0.74
2853 0.86
2854 0.00
2855 0.00
2856 0.00
2857 0.18
2858 0.00
2859 0.00
2860 0.00
2861 0.00
2862 0.00
2863 9.28
2864 0.73
2865 2.28
2866 1.10
2867 1.45
2868 1.53
2869 2.24
2870 1.61
2871 1.97
2872 2.43
2873 2.32
2874 2.69
2875 1.78
2876 2.67
2877 7.48
2878 0.35
2879 3.23
2880 8.98
2881 0.31
2882 0.00
2883 0.24
2884 0.66
2885 1.33
2886 0.00
2887 2.25
2888 0.60
2889 1.27
2890 1.06
2891 1.90
2892 1.84
2893 1.73
2894 2.06
2895 1.72
2896 2.70
2897 2.68
2898 2.84
2899 2.25
2900 3.40
2901 1.19
2902 0.00
2903 21.43
2904 1.72
2905 0.54
2906 3.11
2907 0.46
2908 0.00
2909 0.00
2910 0.00
2911 1.29
2912 0.76
2913 1.53
2914 1.22
2915 1.60
2916 1.90
2917 1.91
2918 1.81
2919 2.04
2920 1.91
2921 2.73
2922 2.18
2923 2.34
2924 2.73
2925 4.44
2926 42.35
2927 0.00
2928 0.00
2929 0.27
2930 0.00
2931 0.00
2932 0.61
2933 0.00
2934 0.00
2935 20.57
2936 0.64
2937 2.03
2938 1.43
2939 1.55
2940 2.11
2941 1.81
2942 1.68
2943 1.97
2944 2.40
2945 3.03
2946 2.19
2947 1.83
2948 2.19
2949 0.89
2950 11.08
2951 0.00
2952 13.58
2953 0.37
2954 0.00
2955 0.00
2956 7.64
2957 4.59
2958 6.38
2959 3.44
2960 0.66
2961 2.33
2962 1.11
2963 1.81
2964 1.97
2965 1.78
2966 1.95
2967 1.72
2968 2.64
2969 2.63
2970 2.53
2971 1.76
2972 2.08
2973 5.52
2974 1.60
2975 2.27
2976 4.83
2977 0.47
2978 4.41
2979 2.47
2980 6.33
2981 6.73
2982 3.10
2983 0.00
2984 0.20
2985 1.70
2986 2.92
2987 2.23
2988 2.39
2989 2.11
2990 1.57
2991 2.48
2992 2.00
2993 1.87
2994 2.96
2995 1.95
2996 1.83
2997 14.17
2998 0.99
2999 1.38
3000 0.00
3001 0.13
3002 5.17
3003 10.12
3004 8.86
3005 2.65
3006 1.08
3007 0.85
3008 0.19
3009 2.24
3010 1.07
3011 1.70
3012 1.73
3013 1.33
3014 2.73
3015 1.34
3016 1.52
3017 1.44
3018 4.20
3019 4.46
3020 4.36
3021 0.43
3022 0.00
3023 0.67
3024 8.35
3025 0.15
3026 0.00
3027 0.00
3028 0.00
3029 0.00
3030 4.71
3031 12.24
3032 0.48
3033 2.25
3034 1.29
3035 2.36
3036 2.07
3037 2.55
3038 2.36
3039 2.29
3040 3.07
3041 2.45
3042 2.35
3043 1.97
3044 2.36
3045 7.51
3046 3.07
3047 0.69
3048 0.00
3049 0.56
3050 0.00
3051 0.00
3052 1.78
3053 0.00
3054 3.54
3055 4.08
3056 0.42
3057 1.79
3058 1.09
3059 2.37
3060 1.73
3061 2.10
3062 1.99
3063 2.38
3064 3.10
3065 3.11
3066 2.17
3067 2.44
3068 2.46
3069 3.42
3070 1.82
3071 0.00
3072 7.61
3073 1.45
3074 0.00
3075 1.99
3076 3.69
3077 0.00
3078 4.77
3079 22.36
3080 0.43
3081 2.94
3082 1.10
3083 1.83
3084 2.31
3085 1.67
3086 2.22
3087 2.76
3088 2.41
3089 2.57
3090 2.09
3091 2.80
3092 3.28
3093 5.68
3094 6.78
3095 1.93
3096 0.00
3097 0.61
3098 0.00
3099 10.17
3100 0.00
3101 0.00
3102 0.19
3103 15.58
3104 0.35
3105 2.07
3106 1.25
3107 2.28
3108 1.96
3109 1.77
3110 2.40
3111 2.01
3112 2.66
3113 1.99
3114 2.67
3115 2.35
3116 2.10
3117 1.55
3118 4.00
3119 0.56
3120 0.00
3121 1.75
3122 23.08
3123 0.00
3124 0.00
3125 0.00
3126 6.32
3127 3.12
3128 0.42
3129 2.10
3130 1.09
3131 2.60
3132 2.34
3133 1.75
3134 2.38
3135 2.22
3136 2.06
3137 2.91
3138 2.20
3139 2.04
3140 2.31
3141 5.71
3142 18.65
3143 3.84
3144 4.12
3145 0.81
3146 9.97
3147 2.79
3148 0.00
3149 15.38
3150 0.00
3151 2.89
3152 0.22
3153 1.61
3154 2.53
3155 1.74
3156 1.63
3157 1.98
3158 1.82
3159 1.77
3160 2.24
3161 2.39
3162 2.40
3163 1.86
3164 2.70
3165 2.84
3166 1.55
3167 0.00
3168 6.80
3169 0.31
3170 0.65
3171 1.38
3172 16.25
3173 2.12
3174 0.00
3175 0.25
3176 0.19
3177 1.56
3178 2.19
3179 1.68
3180 1.15
3181 1.07
3182 1.07
3183 1.51
3184 1.10
3185 1.60
3186 2.33
3187 2.18
3188 21.18
3189 7.24
3190 9.30
3191 0.68
3192 41.86
3193 0.21
3194 0.00
3195 0.00
3196 24.49
3197 0.47
3198 3.09
3199 2.31
3200 0.43
3201 2.31
3202 1.19
3203 1.84
3204 1.95
3205 1.82
3206 2.41
3207 3.00
3208 2.85
3209 1.96
3210 2.57
3211 2.01
3212 2.37
3213 4.91
3214 4.40
3215 2.75
3216 54.55
3217 0.26
3218 0.00
3219 0.00
3220 20.00
3221 0.00
3222 1.01
3223 0.00
3224 0.42
3225 1.67
3226 0.96
3227 2.58
3228 2.08
3229 1.74
3230 1.71
3231 2.14
3232 2.48
3233 2.60
3234 2.42
3235 1.75
3236 2.69
3237 1.67
3238 0.00
3239 1.12
3240 0.00
3241 0.19
3242 0.29
3243 0.00
3244 0.00
3245 0.00
3246 0.00
3247 0.00
3248 0.41
3249 2.60
3250 1.01
3251 1.98
3252 1.84
3253 1.85
3254 2.13
3255 1.95
3256 3.29
3257 2.01
3258 2.81
3259 2.05
3260 3.74
3261 4.96
3262 0.00
3263 9.72
3264 1.86
3265 0.78
3266 8.01
3267 0.80
3268 2.29
3269 14.86
3270 13.53
3271 3.58
3272 0.41
3273 1.85
3274 1.29
3275 2.03
3276 2.48
3277 1.72
3278 2.03
3279 2.43
3280 2.10
3281 2.61
3282 2.71
3283 1.82
3284 2.41
3285 0.70
3286 0.51
3287 3.65
3288 2.78
3289 0.42
3290 0.00
3291 1.06
3292 6.87
3293 13.21
3294 21.56
3295 24.00
3296 0.48
3297 1.75
3298 1.74
3299 2.54
3300 2.24
3301 1.84
3302 2.42
3303 2.44
3304 2.10
3305 2.64
3306 2.12
3307 1.62
3308 2.21
3309 1.16
3310 0.99
3311 1.48
3312 9.57
3313 0.18
3314 1.24
3315 17.87
3316 1.56
3317 6.84
3318 0.00
3319 27.48
3320 0.22
3321 1.68
3322 3.53
3323 1.93
3324 2.52
3325 1.89
3326 2.01
3327 2.11
3328 2.72
3329 1.81
3330 2.28
3331 2.98
3332 1.76
3333 1.11
3334 0.40
3335 3.93
3336 2.25
3337 0.13
3338 22.45
3339 0.35
3340 0.00
3341 0.00
3342 0.00
3343 38.71
3344 0.23
3345 2.12
3346 1.47
3347 2.06
3348 0.88
3349 1.13
3350 1.10
3351 2.03
3352 1.20
3353 1.20
3354 3.44
3355 3.05
3356 0.34
3357 0.37
3358 0.00
3359 0.00
3360 4.10
3361 0.35
3362 0.00
3363 3.12
3364 6.63
3365 1.21
3366 5.56
3367 5.70
3368 0.44
3369 2.17
3370 1.50
3371 2.18
3372 2.14
3373 2.18
3374 1.86
3375 2.33
3376 2.78
3377 2.89
3378 2.87
3379 1.91
3380 2.77
3381 1.76
3382 21.05
3383 5.82
3384 28.12
3385 0.41
3386 0.00
3387 4.76
3388 2.57
3389 0.00
3390 3.98
3391 19.78
3392 0.40
3393 2.49
3394 1.30
3395 1.86
3396 1.77
3397 2.01
3398 1.72
3399 2.24
3400 2.89
3401 4.52
3402 2.81
3403 2.24
3404 2.56
3405 0.62
3406 0.00
3407 0.94
3408 0.00
3409 0.48
3410 0.00
3411 0.00
3412 0.78
3413 13.64
3414 0.00
3415 2.14
3416 0.46
3417 3.13
3418 1.59
3419 1.67
3420 2.48
3421 1.92
3422 2.33
3423 1.85
3424 2.85
3425 2.68
3426 3.63
3427 2.23
3428 3.15
3429 5.69
3430 0.69
3431 0.00
3432 0.00
3433 0.23
3434 0.00
3435 2.96
3436 5.71
3437 15.38
3438 13.53
3439 20.57
3440 0.37
3441 2.78
3442 1.24
3443 1.90
3444 2.57
3445 1.92
3446 1.77
3447 2.27
3448 2.41
3449 2.17
3450 2.00
3451 1.74
3452 2.11
3453 4.44
3454 3.83
3455 1.05
3456 0.00
3457 1.74
3458 0.00
3459 0.00
3460 0.00
3461 6.58
3462 0.00
3463 6.34
3464 0.46
3465 2.65
3466 1.41
3467 2.19
3468 1.87
3469 2.09
3470 2.00
3471 2.07
3472 3.17
3473 2.62
3474 2.30
3475 2.59
3476 2.86
3477 3.96
3478 15.17
3479 12.59
3480 8.74
3481 0.92
3482 1.10
3483 36.00
3484 53.73
3485 22.64
3486 5.59
3487 2.69
3488 0.23
3489 1.36
3490 2.58
3491 1.97
3492 1.99
3493 2.91
3494 2.03
3495 2.06
3496 2.13
3497 2.51
3498 1.76
3499 1.99
3500 1.86
3501 9.37
3502 0.67
3503 1.61
3504 15.48
3505 1.25
3506 3.65
3507 0.00
3508 8.40
3509 4.12
3510 2.36
3511 0.95
3512 0.22
3513 4.70
3514 2.34
3515 1.84
3516 1.38
3517 1.82
3518 1.87
3519 1.00
3520 1.50
3521 2.28
3522 3.17
3523 5.55
3524 1.26
3525 0.85
3526 0.00
3527 14.26
3528 0.00
3529 7.09
3530 5.34
3531 0.00
3532 12.77
3533 56.25
3534 2.43
3535 6.89
3536 0.37
3537 2.92
3538 1.48
3539 2.20
3540 2.11
3541 2.25
3542 2.19
3543 2.65
3544 2.17
3545 2.33
3546 2.77
3547 2.26
3548 3.00
3549 9.36
3550 19.60
3551 0.93
3552 24.66
3553 1.16
3554 0.36
3555 35.91
3556 5.91
3557 16.00
3558 57.14
3559 8.15
3560 0.49
3561 2.20
3562 1.53
3563 2.06
3564 1.86
3565 2.29
3566 1.88
3567 1.30
3568 2.09
3569 2.58
3570 2.22
3571 2.05
3572 2.58
3573 2.86
3574 10.95
3575 4.61
3576 27.30
3577 2.42
3578 37.11
3579 0.00
3580 13.86
3581 5.77
3582 22.30
3583 24.11
3584 0.43
3585 2.46
3586 1.12
3587 2.13
3588 2.46
3589 2.19
3590 1.95
3591 1.91
3592 2.54
3593 2.47
3594 2.75
3595 1.71
3596 2.24
3597 4.23
3598 3.27
3599 0.93
3600 1.09
3601 0.20
3602 0.00
3603 0.24
3604 0.00
3605 12.33
3606 0.00
3607 13.78
3608 0.44
3609 2.60
3610 1.36
3611 2.16
3612 2.10
3613 2.07
3614 1.67
3615 2.66
3616 2.24
3617 2.47
3618 2.30
3619 2.26
3620 2.32
3621 5.76
3622 0.00
3623 0.00
3624 0.00
3625 0.12
3626 0.00
3627 26.87
3628 0.00
3629 36.36
3630 0.00
3631 4.46
3632 0.46
3633 2.02
3634 1.37
3635 1.92
3636 1.94
3637 2.08
3638 2.31
3639 1.80
3640 2.06
3641 2.79
3642 2.42
3643 2.11
3644 2.00
3645 1.45
3646 6.51
3647 1.38
3648 4.22
3649 0.16
3650 0.00
3651 15.45
3652 3.41
3653 2.27
3654 16.25
3655 8.87
3656 0.25
3657 2.62
3658 1.56
3659 1.94
3660 1.74
3661 1.76
3662 2.17
3663 1.87
3664 2.05
3665 2.43
3666 2.38
3667 1.83
3668 2.09
3669 1.24
3670 0.73
3671 4.68
3672 3.12
3673 0.21
3674 0.00
3675 0.00
3676 0.00
3677 1.00
3678 0.00
3679 0.00
3680 0.22
3681 1.81
3682 2.55
3683 1.57
3684 0.91
3685 1.21
3686 1.70
3687 2.07
3688 1.53
3689 1.52
3690 1.86
3691 5.19
3692 45.57
3693 1.98
3694 0.78
3695 0.00
3696 3.16
3697 0.08
3698 43.37
3699 54.55
3700 9.02
3701 3.70
3702 5.05
3703 4.94
3704 0.52
3705 1.83
3706 1.12
3707 1.63
3708 2.13
3709 1.85
3710 1.85
3711 2.11
3712 2.63
3713 2.34
3714 2.89
3715 1.91
3716 2.70
3717 1.85
3718 0.00
3719 22.78
3720 26.67
3721 0.04
3722 35.82
3723 27.27
3724 9.45
3725 0.00
3726 0.00
3727 12.70
3728 0.55
3729 1.97
3730 1.03
3731 1.81
3732 1.69
3733 1.68
3734 1.67
3735 2.13
3736 2.12
3737 2.37
3738 1.95
3739 2.62
3740 2.19
3741 18.08
3742 13.57
3743 0.78
3744 38.71
3745 0.08
3746 4.28
3747 30.77
3748 0.00
3749 0.00
3750 0.00
3751 5.18
3752 0.47
3753 2.26
3754 1.37
3755 1.56
3756 2.15
3757 2.26
3758 1.98
3759 2.61
3760 2.23
3761 2.56
3762 2.18
3763 2.10
3764 2.45
3765 3.98
3766 3.10
3767 11.18
3768 18.18
3769 0.46
3770 19.05
3771 0.00
3772 0.00
3773 6.84
3774 6.97
3775 17.06
3776 0.58
3777 2.59
3778 1.35
3779 2.09
3780 2.06
3781 1.96
3782 1.92
3783 2.03
3784 2.20
3785 2.06
3786 2.35
3787 1.87
3788 2.10
3789 2.85
3790 10.01
3791 0.57
3792 0.00
3793 0.48
3794 43.90
3795 20.57
3796 3.61
3797 0.00
3798 1.29
3799 5.95
3800 0.62
3801 3.09
3802 1.27
3803 1.81
3804 1.73
3805 1.99
3806 2.09
3807 2.15
3808 2.33
3809 2.60
3810 2.47
3811 1.97
3812 1.68
3813 2.05
3814 20.45
3815 48.65
3816 5.71
3817 0.21
3818 5.45
3819 0.00
3820 1.90
3821 26.87
3822 17.53
3823 8.00
3824 0.21
3825 1.25
3826 1.91
3827 2.38
3828 2.01
3829 1.50
3830 2.07
3831 1.70
3832 1.40
3833 1.71
3834 2.40
3835 2.05
3836 1.75
3837 1.56
3838 0.36
3839 0.00
3840 19.57
3841 0.36
3842 7.48
3843 0.00
3844 25.35
3845 1.16
3846 0.00
3847 7.79
3848 0.16
3849 2.08
3850 2.73
3851 1.49
3852 1.28
3853 2.10
3854 1.23
3855 1.30
3856 1.25
3857 1.27
3858 1.76
3859 9.64
3860 0.50
3861 48.65
3862 8.37
3863 1.33
3864 3.47
3865 1.18
3866 1.59
3867 26.28
3868 7.86
3869 25.04
3870 4.44
3871 4.16
3872 0.17
3873 0.22
3874 0.32
3875 0.74
3876 0.78
3877 0.95
3878 0.84
3879 0.74
3880 1.19
3881 1.04
3882 1.76
3883 1.61
3884 2.03
3885 8.59
3886 5.54
3887 0.00
3888 12.20
3889 0.43
3890 0.00
3891 45.57
3892 5.99
3893 0.00
3894 33.96
3895 0.71
3896 0.49
3897 2.54
3898 1.30
3899 1.41
3900 1.89
3901 2.10
3902 2.25
3903 1.90
3904 2.61
3905 2.31
3906 2.96
3907 2.00
3908 2.49
3909 2.50
3910 14.67
3911 0.00
3912 0.00
3913 0.14
3914 0.00
3915 29.03
3916 0.00
3917 0.00
3918 0.00
3919 33.64
3920 0.45
3921 2.85
3922 1.40
3923 2.46
3924 1.87
3925 2.01
3926 2.09
3927 2.13
3928 2.12
3929 2.61
3930 3.86
3931 3.06
3932 2.93
3933 6.75
3934 0.00
3935 18.46
3936 47.37
3937 0.00
3938 2.21
3939 32.14
3940 36.73
3941 34.45
3942 43.90
3943 0.24
3944 0.41
3945 1.76
3946 1.17
3947 1.62
3948 2.38
3949 1.75
3950 1.85
3951 1.83
3952 2.28
3953 2.32
3954 2.59
3955 2.92
3956 2.10
3957 16.14
3958 41.38
3959 0.00
3960 40.00
3961 0.13
3962 0.00
3963 52.17
3964 22.93
3965 0.00
3966 0.00
3967 5.64
3968 0.54
3969 3.43
3970 1.62
3971 1.48
3972 1.80
3973 1.67
3974 2.24
3975 2.49
3976 2.69
3977 2.41
3978 2.86
3979 1.91
3980 2.20
3981 1.46
3982 0.00
3983 0.63
3984 0.00
3985 0.11
3986 0.00
3987 0.34
3988 0.00
3989 41.38
3990 0.00
3991 25.71
3992 0.31
3993 2.59
3994 1.96
3995 2.65
3996 1.93
3997 2.20
3998 1.66
3999 1.68
4000 1.82
4001 2.46
4002 2.02
4003 2.10
4004 2.19
4005 0.88
4006 7.91
4007 0.90
4008 0.00
4009 0.13
4010 0.00
4011 0.00
4012 0.00
4013 1.00
4014 0.00
4015 29.03
4016 0.24
4017 2.83
4018 1.35
4019 1.27
4020 1.39
4021 1.23
4022 1.77
4023 1.45
4024 1.48
4025 1.92
4026 1.65
4027 4.26
4028 48.00
4029 7.45
4030 3.78
4031 24.74
4032 0.00
4033 0.00
4034 7.83
4035 25.35
4036 0.00
4037 0.00
4038 18.09
4039 3.02
4040 0.56
4041 2.48
4042 1.24
4043 2.00
4044 1.84
4045 1.81
4046 2.04
4047 1.63
4048 2.92
4049 3.40
4050 2.90
4051 2.86
4052 2.84
4053 4.73
4054 2.42
4055 25.12
4056 9.42
4057 20.22
4058 17.14
4059 36.73
4060 0.00
4061 11.78
4062 30.08
4063 0.00
4064 0.63
4065 1.98
4066 1.32
4067 2.09
4068 1.96
4069 2.60
4070 1.96
4071 1.93
4072 3.24
4073 2.52
4074 2.68
4075 2.34
4076 1.94
4077 12.33
4078 5.44
4079 0.88
4080 18.75
4081 0.81
4082 9.61
4083 1.98
4084 1.02
4085 0.00
4086 14.02
4087 9.41
4088 0.71
4089 2.53
4090 1.59
4091 1.55
4092 1.60
4093 2.19
4094 1.82
4095 2.36
4096 2.34
4097 2.51
4098 2.20
4099 2.02
4100 2.02
4101 3.89
4102 4.63
4103 7.47
4104 0.00
4105 0.46
4106 0.00
4107 20.81
4108 46.75
4109 0.00
4110 0.00
4111 15.20
4112 0.56
4113 2.45
4114 1.42
4115 1.82
4116 1.79
4117 1.74
4118 1.70
4119 2.19
4120 2.49
4121 2.19
4122 1.97
4123 3.48
4124 2.35
4125 7.93
4126 2.79
4127 0.00
4128 11.46
4129 3.16
4130 0.59
4131 31.86
4132 55.38
4133 0.00
4134 32.43
4135 14.21
4136 0.60
4137 2.06
4138 1.06
4139 2.15
4140 2.58
4141 2.37
4142 1.90
4143 2.00
4144 1.91
4145 2.23
4146 3.65
4147 2.23
4148 2.19
4149 6.91
4150 0.75
4151 0.00
4152 15.72
4153 0.19
4154 0.00
4155 0.00
4156 0.26
4157 0.00
4158 0.00
4159 1.25
4160 0.24
4161 2.88
4162 2.41
4163 2.13
4164 1.84
4165 2.17
4166 2.88
4167 2.16
4168 2.30
4169 1.94
4170 2.62
4171 2.28
4172 1.86
4173 0.25
4174 0.34
4175 0.00
4176 54.55
4177 0.14
4178 0.00
4179 12.37
4180 0.00
4181 1.00
4182 0.00
4183 3.19
4184 0.20
4185 0.89
4186 1.49
4187 1.12
4188 1.72
4189 1.45
4190 1.25
4191 1.87
4192 1.22
4193 1.14
4194 1.78
4195 4.02
4196 25.53
4197 0.59
4198 0.00
4199 0.00
4200 41.86
4201 0.08
4202 0.00
4203 20.57
4204 0.00
4205 0.00
4206 6.94
4207 6.59
4208 0.66
4209 2.34
4210 1.86
4211 2.04
4212 2.03
4213 1.23
4214 1.90
4215 2.04
4216 2.47
4217 2.89
4218 3.11
4219 2.62
4220 2.89
4221 13.20
4222 0.00
4223 0.00
4224 0.00
4225 0.04
4226 0.00
4227 30.51
4228 0.00
4229 47.37
4230 39.56
4231 1.45
4232 0.48
4233 2.11
4234 1.43
4235 1.99
4236 1.75
4237 2.05
4238 2.16
4239 1.97
4240 2.23
4241 3.35
4242 2.83
4243 2.82
4244 3.27
4245 8.10
4246 7.61
4247 0.00
4248 0.00
4249 0.08
4250 0.00
4251 29.11
4252 22.36
4253 0.00
4254 0.00
4255 54.55
4256 0.48
4257 1.55
4258 1.16
4259 1.53
4260 2.40
4261 2.24
4262 1.83
4263 2.08
4264 1.99
4265 2.45
4266 2.46
4267 2.99
4268 3.34
4269 11.29
4270 16.93
4271 24.77
4272 55.38
4273 0.04
4274 0.00
4275 16.55
4276 0.00
4277 0.00
4278 0.00
4279 0.00
4280 0.51
4281 2.44
4282 1.39
4283 1.92
4284 2.57
4285 2.06
4286 1.87
4287 1.93
4288 2.42
4289 2.45
4290 2.22
4291 2.29
4292 2.26
4293 3.24
4294 5.57
4295 0.00
4296 0.00
4297 0.04
4298 0.00
4299 0.00
4300 0.00
4301 0.00
4302 0.00
4303 0.37
4304 0.57
4305 1.95
4306 1.14
4307 1.73
4308 2.42
4309 1.96
4310 2.15
4311 1.98
4312 2.47
4313 2.34
4314 3.27
4315 1.96
4316 2.14
4317 32.03
4318 1.75
4319 1.49
4320 5.80
4321 0.08
4322 5.56
4323 0.00
4324 0.00
4325 0.00
4326 0.00
4327 0.00
4328 0.26
4329 2.17
4330 1.81
4331 1.93
4332 2.08
4333 2.24
4334 2.01
4335 1.86
4336 2.01
4337 2.04
4338 1.82
4339 1.53
4340 2.01
4341 4.65
4342 11.39
4343 0.84
4344 3.61
4345 0.18
4346 0.70
4347 22.78
4348 0.00
4349 0.81
4350 0.00
4351 42.86
4352 0.18
4353 2.14
4354 1.42
4355 1.82
4356 1.37
4357 1.37
4358 1.09
4359 1.85
4360 1.46
4361 1.54
4362 1.78
4363 3.24
4364 0.00
4365 0.00
4366 0.00
4367 57.14
4368 0.00
4369 0.04
4370 0.00
4371 23.45
4372 44.44
4373 0.00
4374 2.01
4375 0.00
4376 0.52
4377 3.33
4378 1.92
4379 1.91
4380 1.80
4381 1.67
4382 2.14
4383 1.89
4384 2.71
4385 2.98
4386 2.89
4387 2.91
4388 3.50
4389 4.72
4390 20.57
4391 3.71
4392 10.84
4393 0.04
4394 19.78
4395 0.00
4396 0.00
4397 0.00
4398 6.81
4399 4.98
4400 0.58
4401 2.08
4402 1.41
4403 2.00
4404 1.87
4405 2.29
4406 1.83
4407 2.03
4408 2.20
4409 2.49
4410 3.10
4411 3.73
4412 3.67
4413 12.04
4414 31.21
4415 0.00
4416 0.00
4417 0.04
4418 0.00
4419 41.62
4420 0.00
4421 0.00
4422 0.00
4423 0.00
4424 0.47
4425 1.35
4426 1.33
4427 1.81
4428 1.61
4429 1.76
4430 1.54
4431 1.56
4432 2.41
4433 2.07
4434 2.03
4435 2.69
4436 2.62
4437 10.94
4438 17.27
4439 0.00
4440 0.00
4441 0.04
4442 53.73
4443 12.95
4444 0.19
4445 30.77
4446 0.00
4447 0.00
4448 0.47
4449 2.34
4450 1.20
4451 1.61
4452 1.78
4453 2.17
4454 2.09
4455 1.77
4456 2.31
4457 2.78
4458 2.46
4459 2.69
4460 2.67
4461 23.74
4462 53.73
4463 17.31
4464 37.50
4465 0.12
4466 0.30
4467 1.54
4468 0.00
4469 0.00
4470 53.73
4471 0.00
4472 0.59
4473 2.91
4474 1.34
4475 2.03
4476 1.61
4477 1.71
4478 1.77
4479 1.83
4480 2.58
4481 2.04
4482 2.45
4483 1.85
4484 1.72
4485 2.95
4486 6.12
4487 17.91
4488 5.27
4489 0.20
4490 0.00
4491 6.45
4492 0.00
4493 0.00
4494 16.29
4495 20.93
4496 0.22
4497 1.42
4498 1.73
4499 2.37
4500 2.31
4501 2.46
4502 1.59
4503 2.86
4504 2.08
4505 2.84
4506 2.27
4507 2.11
4508 1.50
4509 5.52
4510 0.71
4511 5.77
4512 1.12
4513 0.23
4514 0.00
4515 0.00
4516 0.00
4517 1.00
4518 0.00
4519 0.00
4520 0.17
4521 0.78
4522 3.26
4523 2.03
4524 1.36
4525 1.19
4526 1.62
4527 1.50
4528 1.33
4529 1.24
4530 1.98
4531 4.30
4532 1.86
4533 6.74
4534 1.10
4535 0.00
4536 0.00
4537 0.13
4538 0.00
4539 19.20
4540 0.00
4541 0.00
4542 0.00
4543 0.00
4544 0.46
4545 1.67
4546 1.23
4547 1.95
4548 1.92
4549 1.74
4550 2.09
4551 1.49
4552 2.88
4553 2.62
4554 3.39
4555 2.75
4556 4.57
4557 4.70
4558 6.93
4559 0.00
4560 33.64
4561 0.04
4562 0.00
4563 16.29
4564 0.00
4565 0.00
4566 0.00
4567 34.29
4568 0.53
4569 2.03
4570 1.26
4571 1.48
4572 2.39
4573 1.89
4574 2.31
4575 2.34
4576 2.35
4577 3.17
4578 3.38
4579 2.57
4580 4.48
4581 5.36
4582 25.53
4583 0.00
4584 22.50
4585 0.04
4586 0.00
4587 16.51
4588 0.00
4589 0.00
4590 0.00
4591 0.00
4592 0.47
4593 1.55
4594 1.35
4595 1.91
4596 1.99
4597 1.61
4598 2.01
4599 1.86
4600 2.36
4601 2.61
4602 2.26
4603 2.69
4604 3.94
4605 3.10
4606 16.00
4607 35.29
4608 1.86
4609 0.08
4610 0.00
4611 18.80
4612 0.00
4613 41.38
4614 43.90
4615 0.00
4616 0.58
4617 2.39
4618 1.27
4619 2.02
4620 1.91
4621 2.36
4622 1.80
4623 1.98
4624 2.37
4625 1.62
4626 2.08
4627 2.27
4628 2.42
4629 6.32
4630 23.53
4631 13.04
4632 53.73
4633 0.04
4634 0.00
4635 1.07
4636 0.00
4637 0.00
4638 0.00
4639 0.00
4640 0.49
4641 2.37
4642 1.28
4643 1.30
4644 1.67
4645 2.15
4646 2.57
4647 2.24
4648 2.22
4649 1.91
4650 2.85
4651 2.29
4652 1.84
4653 1.01
4654 0.84
4655 0.00
4656 0.00
4657 0.15
4658 0.00
4659 1.70
4660 0.00
4661 0.00
4662 44.44
4663 0.00
4664 0.26
4665 1.09
4666 2.24
4667 1.95
4668 1.78
4669 1.90
4670 2.04
4671 2.47
4672 1.71
4673 1.92
4674 1.94
4675 1.90
4676 2.51
4677 1.43
4678 0.00
4679 0.00
4680 24.32
4681 0.11
4682 0.00
4683 0.00
4684 8.51
4685 1.00
4686 31.03
4687 0.00
4688 0.25
4689 1.01
4690 1.09
4691 1.19
4692 1.31
4693 1.20
4694 1.64
4695 1.20
4696 1.40
4697 1.55
4698 1.98
4699 3.57
4700 0.00
4701 0.00
4702 0.00
4703 0.00
4704 0.00
4705 0.07
4706 0.00
4707 22.86
4708 0.00
4709 0.00
4710 0.00
4711 0.00
4712 0.47
4713 3.53
4714 1.40
4715 1.62
4716 1.91
4717 1.63
4718 2.17
4719 2.12
4720 2.37
4721 2.48
4722 2.59
4723 2.56
4724 2.39
4725 2.89
4726 2.19
4727 21.84
4728 13.36
4729 17.59
4730 7.94
4731 29.03
4732 25.90
4733 0.00
4734 0.00
4735 21.18
4736 0.57
4737 1.47
4738 1.25
4739 1.91
4740 1.91
4741 1.67
4742 1.91
4743 1.87
4744 1.75
4745 2.20
4746 2.40
4747 2.05
4748 2.55
4749 2.01
4750 11.84
4751 12.41
4752 7.66
4753 0.00
4754 4.76
4755 35.64
4756 0.00
4757 0.00
4758 0.00
4759 6.52
4760 0.55
4761 1.86
4762 1.15
4763 1.71
4764 1.77
4765 1.79
4766 2.06
4767 1.46
4768 2.85
4769 3.45
4770 2.30
4771 2.08
4772 2.55
4773 4.67
4774 8.00
4775 0.71
4776 0.00
4777 11.69
4778 0.00
4779 43.90
4780 0.00
4781 0.00
4782 43.90
4783 29.88
4784 0.61
4785 1.95
4786 1.31
4787 2.07
4788 1.54
4789 1.96
4790 1.97
4791 2.01
4792 2.47
4793 2.76
4794 1.85
4795 2.50
4796 2.24
4797 8.15
4798 6.58
4799 1.57
4800 1.17
4801 0.24
4802 0.00
4803 34.95
4804 0.00
4805 0.00
4806 18.00
4807 8.42
4808 0.59
4809 2.14
4810 1.11
4811 1.64
4812 2.12
4813 2.51
4814 1.94
4815 1.55
4816 2.43
4817 2.49
4818 1.66
4819 2.54
4820 2.24
4821 0.91
4822 6.26
4823 2.85
4824 1.83
4825 0.51
4826 1.59
4827 5.13
4828 0.00
4829 16.36
4830 0.00
4831 0.00
4832 0.24
4833 1.89
4834 1.84
4835 1.91
4836 2.00
4837 2.29
4838 2.62
4839 1.53
4840 2.19
4841 2.14
4842 1.61
4843 1.64
4844 1.99
4845 2.33
4846 5.61
4847 1.21
4848 9.25
4849 0.34
4850 1.21
4851 0.00
4852 4.51
4853 6.24
4854 32.43
4855 25.00
4856 0.20
4857 1.22
4858 1.32
4859 1.63
4860 1.22
4861 1.07
4862 1.77
4863 1.33
4864 1.47
4865 1.62
4866 1.82
4867 3.85
4868 42.35
4869 1.31
4870 10.01
4871 16.90
4872 0.00
4873 0.00
4874 1.70
4875 48.00
4876 0.86
4877 43.37
4878 0.00
4879 10.84
4880 0.52
4881 2.67
4882 1.37
4883 2.26
4884 1.91
4885 2.54
4886 2.09
4887 2.09
4888 2.98
4889 2.46
4890 3.52
4891 2.76
4892 2.75
4893 4.56
4894 9.42
4895 27.07
4896 26.28
4897 0.00
4898 13.77
4899 47.37
4900 15.58
4901 41.86
4902 0.00
4903 10.91
4904 0.55
4905 1.27
4906 1.20
4907 1.83
4908 2.36
4909 2.18
4910 1.92
4911 1.95
4912 1.98
4913 2.40
4914 2.57
4915 2.19
4916 1.78
4917 29.51
4918 33.64
4919 23.53
4920 9.72
4921 37.89
4922 0.00
4923 21.56
4924 8.65
4925 0.00
4926 3.08
4927 30.13
4928 0.63
4929 2.45
4930 1.11
4931 2.24
4932 1.97
4933 1.85
4934 2.16
4935 2.39
4936 2.59
4937 2.56
4938 1.88
4939 2.29
4940 2.91
4941 9.29
4942 8.43
4943 31.58
4944 45.00
4945 1.88
4946 2.69
4947 12.77
4948 1.43
4949 0.00
4950 6.33
4951 5.33
4952 0.57
4953 2.42
4954 1.21
4955 1.85
4956 2.00
4957 2.03
4958 1.56
4959 2.54
4960 1.98
4961 2.99
4962 2.28
4963 1.94
4964 2.22
4965 7.97
4966 4.70
4967 15.34
4968 19.18
4969 6.76
4970 2.79
4971 38.99
4972 14.57
4973 0.00
4974 38.16
4975 13.53
4976 0.68
4977 2.17
4978 1.47
4979 1.29
4980 2.05
4981 2.18
4982 1.94
4983 2.39
4984 1.72
4985 2.66
4986 2.53
4987 2.12
4988 2.10
4989 14.61
4990 1.42
4991 1.95
4992 0.00
4993 0.70
4994 5.75
4995 0.00
4996 29.75
4997 0.00
4998 0.00
4999 0.00
5000 0.29
5001 1.60
5002 2.01
5003 2.14
5004 1.76
5005 2.21
5006 1.99
5007 1.76
5008 2.19
5009 2.18
5010 2.98
5011 2.36
5012 2.02
5013 1.66
5014 1.42
5015 1.64
5016 11.88
5017 0.75
5018 14.54
5019 0.69
5020 5.85
5021 0.00
5022 23.23
5023 0.00
5024 0.20
5025 0.94
5026 1.26
5027 0.64
5028 1.65
5029 1.32
5030 1.57
5031 1.34
5032 0.84
5033 2.16
5034 1.65
5035 2.32
5036 6.82
5037 5.32
5038 6.90
5039 2.52
5040 32.43
5041 0.67
5042 0.00
5043 35.29
5044 11.04
5045 23.68
5046 0.00
5047 13.07
5048 0.42
5049 2.59
5050 1.33
5051 2.07
5052 2.01
5053 1.96
5054 2.80
5055 2.02
5056 2.26
5057 2.62
5058 2.14
5059 2.92
5060 2.80
5061 12.05
5062 9.96
5063 0.00
5064 13.43
5065 0.00
5066 1.87
5067 46.75
5068 7.59
5069 49.32
5070 3.30
5071 1.59
5072 0.41
5073 1.67
5074 1.41
5075 1.95
5076 2.02
5077 1.93
5078 1.84
5079 2.25
5080 2.44
5081 1.89
5082 3.04
5083 2.54
5084 2.52
5085 4.68
5086 7.59
5087 5.35
5088 33.96
5089 0.33
5090 1.76
5091 0.00
5092 0.00
5093 0.00
5094 2.55
5095 4.59
5096 0.52
5097 1.43
5098 1.12
5099 1.56
5100 2.04
5101 2.15
5102 1.76
5103 1.95
5104 2.12
5105 2.20
5106 2.35
5107 2.28
5108 2.56
5109 5.35
5110 4.13
5111 4.97
5112 8.51
5113 0.00
5114 0.00
5115 21.30
5116 0.00
5117 33.96
5118 0.00
5119 12.29
5120 0.40
5121 1.52
5122 1.03
5123 1.80
5124 1.76
5125 1.75
5126 2.16
5127 2.17
5128 2.20
5129 2.58
5130 3.15
5131 2.48
5132 2.37
5133 16.88
5134 14.97
5135 15.72
5136 13.82
5137 4.18
5138 0.00
5139 7.74
5140 3.19
5141 0.00
5142 13.14
5143 16.74
5144 0.56
5145 2.16
5146 1.22
5147 1.60
5148 2.03
5149 2.21
5150 2.04
5151 2.28
5152 2.03
5153 2.07
5154 2.32
5155 1.89
5156 2.35
5157 2.62
5158 0.65
5159 2.07
5160 1.29
5161 0.35
5162 0.00
5163 56.25
5164 0.00
5165 22.50
5166 0.00
5167 0.00
5168 0.29
5169 1.74
5170 2.63
5171 2.06
5172 1.72
5173 2.18
5174 1.80
5175 1.63
5176 1.93
5177 2.27
5178 2.32
5179 2.29
5180 1.99
5181 1.58
5182 1.40
5183 1.24
5184 0.00
5185 0.60
5186 0.00
5187 42.86
5188 1.70
5189 0.00
5190 0.00
5191 0.00
5192 0.21
5193 2.24
5194 1.28
5195 1.20
5196 0.92
5197 1.47
5198 1.51
5199 1.13
5200 1.58
5201 1.76
5202 1.55
5203 6.70
5204 36.83
5205 5.71
5206 2.00
5207 2.27
5208 0.00
5209 6.51
5210 0.00
5211 12.46
5212 11.76
5213 0.00
5214 14.88
5215 22.64
5216 0.48
5217 2.69
5218 1.10
5219 1.92
5220 1.82
5221 1.98
5222 1.74
5223 1.96
5224 2.71
5225 2.21
5226 2.05
5227 2.85
5228 3.19
5229 4.99
5230 32.43
5231 26.09
5232 7.77
5233 29.51
5234 17.91
5235 26.09
5236 0.00
5237 9.00
5238 1.90
5239 11.34
5240 0.59
5241 1.48
5242 1.34
5243 1.57
5244 1.71
5245 1.96
5246 1.80
5247 2.15
5248 2.36
5249 1.65
5250 3.41
5251 2.18
5252 3.29
5253 8.72
5254 2.11
5255 5.87
5256 44.44
5257 0.28
5258 0.00
5259 25.26
5260 50.70
5261 0.00
5262 0.00
5263 29.43
5264 0.58
5265 1.69
5266 1.34
5267 2.20
5268 1.50
5269 1.87
5270 1.87
5271 2.21
5272 2.81
5273 2.26
5274 2.07
5275 1.87
5276 2.85
5277 8.97
5278 13.16
5279 7.22
5280 0.00
5281 1.63
5282 5.89
5283 15.65
5284 0.00
5285 0.00
5286 0.00
5287 21.75
5288 0.50
5289 2.02
5290 1.14
5291 1.78
5292 1.70
5293 1.79
5294 1.69
5295 1.79
5296 1.92
5297 1.82
5298 2.04
5299 2.46
5300 2.78
5301 1.82
5302 11.88
5303 0.00
5304 0.00
5305 0.27
5306 0.00
5307 25.09
5308 0.00
5309 0.00
5310 11.45
5311 28.35
5312 0.57
5313 1.61
5314 1.23
5315 1.53
5316 1.95
5317 1.68
5318 1.84
5319 2.90
5320 2.42
5321 2.25
5322 1.70
5323 1.86
5324 2.94
5325 2.43
5326 0.64
5327 1.20
5328 34.62
5329 0.44
5330 8.70
5331 0.00
5332 0.00
5333 5.12
5334 0.00
5335 10.43
5336 0.24
5337 2.54
5338 1.98
5339 2.49
5340 2.16
5341 1.72
5342 2.03
5343 1.55
5344 1.92
5345 2.51
5346 2.15
5347 2.08
5348 2.57
5349 8.54
5350 1.04
5351 1.68
5352 3.91
5353 0.49
5354 0.00
5355 5.75
5356 31.86
5357 21.05
5358 0.00
5359 0.00
5360 0.26
5361 1.05
5362 1.30
5363 1.04
5364 1.25
5365 1.56
5366 1.30
5367 1.29
5368 1.38
5369 1.25
5370 1.52
5371 5.26
5372 0.00
5373 6.64
5374 2.22
5375 0.00
5376 54.55
5377 0.31
5378 0.00
5379 6.20
5380 0.00
5381 0.00
5382 8.49
5383 6.62
5384 0.65
5385 3.19
5386 1.29
5387 1.70
5388 2.25
5389 1.69
5390 2.22
5391 1.71
5392 2.16
5393 2.95
5394 2.25
5395 2.40
5396 2.99
5397 8.12
5398 3.70
5399 12.81
5400 42.86
5401 0.00
5402 2.84
5403 36.00
5404 0.00
5405 0.00
5406 0.00
5407 1.59
5408 0.43
5409 1.96
5410 1.26
5411 1.59
5412 1.47
5413 1.67
5414 2.17
5415 1.94
5416 2.20
5417 2.26
5418 2.96
5419 2.04
5420 2.08
5421 6.86
5422 7.80
5423 41.86
5424 4.09
5425 0.29
5426 2.44
5427 15.65
5428 0.00
5429 3.87
5430 11.85
5431 14.59
5432 0.56
5433 2.20
5434 1.18
5435 1.90
5436 1.45
5437 2.09
5438 2.29
5439 2.03
5440 2.34
5441 1.78
5442 1.47
5443 1.88
5444 2.07
5445 10.31
5446 11.67
5447 0.00
5448 1.30
5449 0.16
5450 0.00
5451 22.78
5452 0.00
5453 0.00
5454 0.00
5455 1.54
5456 0.46
5457 2.84
5458 1.69
5459 1.71
5460 1.63
5461 1.78
5462 2.10
5463 2.22
5464 2.07
5465 2.35
5466 2.27
5467 1.96
5468 2.78
5469 5.38
5470 7.69
5471 15.03
5472 7.53
5473 0.00
5474 4.07
5475 33.03
5476 18.95
5477 0.00
5478 7.24
5479 16.84
5480 0.51
5481 1.97
5482 1.20
5483 2.42
5484 1.80
5485 2.12
5486 1.85
5487 2.20
5488 2.12
5489 1.82
5490 1.66
5491 2.39
5492 2.24
5493 1.10
5494 0.35
5495 29.27
5496 21.30
5497 0.71
5498 6.84
5499 9.36
5500 43.11
5501 0.00
5502 0.00
5503 10.29
5504 0.27
5505 1.12
5506 2.49
5507 1.69
5508 1.50
5509 1.84
5510 2.18
5511 1.73
5512 2.07
5513 2.62
5514 1.92
5515 1.86
5516 1.77
5517 1.55
5518 0.51
5519 0.00
5520 3.15
5521 0.71
5522 0.82
5523 1.05
5524 0.00
5525 0.37
5526 37.50
5527 0.36
5528 0.18
5529 1.66
5530 1.23
5531 1.12
5532 1.45
5533 0.96
5534 1.62
5535 1.69
5536 1.39
5537 1.53
5538 2.11
5539 2.34
5540 5.77
5541 2.80
5542 10.43
5543 5.84
5544 0.00
5545 10.37
5546 58.06
5547 16.90
5548 0.00
5549 20.11
5550 6.35
5551 7.86
5552 0.57
5553 1.74
5554 0.99
5555 1.49
5556 1.74
5557 1.78
5558 2.09
5559 1.80
5560 2.14
5561 1.90
5562 3.88
5563 2.42
5564 4.13
5565 7.18
5566 3.91
5567 2.23
5568 4.04
5569 0.99
5570 3.68
5571 33.03
5572 35.29
5573 19.46
5574 1.77
5575 8.76
5576 0.63
5577 2.06
5578 1.08
5579 1.47
5580 2.31
5581 1.80
5582 2.10
5583 1.96
5584 2.20
5585 1.86
5586 2.61
5587 2.32
5588 3.32
5589 16.92
5590 4.11
5591 0.00
5592 13.02
5593 2.29
5594 0.00
5595 5.16
5596 34.12
5597 0.00
5598 0.00
5599 5.66
5600 0.60
5601 2.16
5602 1.06
5603 1.58
5604 1.75
5605 1.87
5606 1.87
5607 1.67
5608 2.26
5609 2.05
5610 2.02
5611 2.02
5612 2.84
5613 5.07
5614 5.90
5615 5.18
5616 36.00
5617 32.05
5618 0.00
5619 13.85
5620 0.00
5621 23.84
5622 0.00
5623 15.98
5624 0.70
5625 1.48
5626 1.35
5627 1.68
5628 2.05
5629 1.85
5630 2.12
5631 2.55
5632 2.25
5633 1.82
5634 1.78
5635 1.96
5636 2.54
5637 9.06
5638 2.56
5639 1.94
5640 16.93
5641 14.34
5642 2.96
5643 22.22
5644 9.60
5645 6.69
5646 13.14
5647 13.90
5648 0.68
5649 1.25
5650 1.18
5651 2.04
5652 1.83
5653 1.66
5654 1.88
5655 1.93
5656 1.82
5657 1.84
5658 2.26
5659 2.12
5660 3.30
5661 4.00
5662 0.92
5663 1.93
5664 0.00
5665 0.51
5666 3.11
5667 12.31
5668 0.70
5669 14.31
5670 1.08
5671 2.88
5672 0.34
5673 1.80
5674 1.63
5675 1.63
5676 2.30
5677 1.69
5678 1.74
5679 2.22
5680 3.46
5681 1.92
5682 1.81
5683 2.54
5684 2.56
5685 5.08
5686 0.88
5687 0.64
5688 8.93
5689 1.17
5690 2.43
5691 1.17
5692 6.92
5693 17.31
5694 0.00
5695 0.00
5696 0.21
5697 1.12
5698 2.93
5699 1.16
5700 1.23
5701 1.68
5702 1.70
5703 1.76
5704 2.15
5705 1.53
5706 2.93
5707 6.78
5708 2.12
5709 0.00
5710 5.33
5711 5.44
5712 7.94
5713 18.85
5714 16.36
5715 24.00
5716 0.00
5717 0.00
5718 12.39
5719 7.01
5720 0.53
5721 2.50
5722 1.32
5723 1.65
5724 2.20
5725 2.29
5726 1.84
5727 2.03
5728 2.24
5729 1.97
5730 2.83
5731 2.45
5732 2.77
5733 6.30
5734 27.59
5735 1.40
5736 0.00
5737 0.21
5738 0.00
5739 23.08
5740 1.76
5741 55.38
5742 0.00
5743 2.32
5744 0.62
5745 2.39
5746 1.22
5747 2.14
5748 2.16
5749 2.21
5750 2.01
5751 1.98
5752 2.85
5753 2.48
5754 3.15
5755 2.66
5756 3.26
5757 8.07
5758 9.06
5759 4.22
5760 2.30
5761 1.24
5762 0.00
5763 17.14
5764 0.00
5765 0.00
5766 0.00
5767 10.68
5768 0.48
5769 1.88
5770 1.44
5771 1.80
5772 1.83
5773 1.32
5774 1.69
5775 2.31
5776 2.25
5777 2.34
5778 2.39
5779 2.48
5780 2.85
5781 2.60
5782 2.25
5783 6.66
5784 2.40
5785 15.15
5786 0.00
5787 5.88
5788 8.03
5789 17.82
5790 0.00
5791 3.47
5792 0.60
5793 3.17
5794 1.29
5795 1.51
5796 1.51
5797 1.93
5798 1.64
5799 2.14
5800 2.52
5801 2.30
5802 2.41
5803 2.46
5804 2.83
5805 10.68
5806 11.22
5807 1.62
5808 3.45
5809 5.58
5810 11.50
5811 16.07
5812 3.35
5813 0.00
5814 39.56
5815 46.60
5816 0.83
5817 2.52
5818 1.59
5819 2.05
5820 2.68
5821 1.85
5822 1.82
5823 2.29
5824 2.32
5825 1.87
5826 2.92
5827 2.10
5828 2.31
5829 8.03
5830 1.45
5831 3.93
5832 3.19
5833 2.60
5834 32.73
5835 52.94
5836 0.00
5837 0.00
5838 21.43
5839 8.70
5840 0.30
5841 2.63
5842 1.65
5843 2.18
5844 1.78
5845 1.77
5846 2.18
5847 1.53
5848 2.13
5849 1.87
5850 2.35
5851 2.36
5852 1.66
5853 11.02
5854 2.29
5855 4.20
5856 11.31
5857 1.60
5858 2.70
5859 0.00
5860 13.14
5861 0.16
5862 0.00
5863 52.17
5864 0.20
5865 2.81
5866 1.66
5867 2.03
5868 1.16
5869 1.33
5870 1.42
5871 1.32
5872 1.35
5873 1.69
5874 2.08
5875 3.06
5876 9.50
5877 1.15
5878 0.00
5879 13.66
5880 13.48
5881 2.58
5882 2.32
5883 23.84
5884 0.00
5885 0.00
5886 16.90
5887 10.35
5888 0.48
5889 2.37
5890 1.55
5891 1.69
5892 1.92
5893 2.26
5894 1.78
5895 2.00
5896 2.39
5897 3.03
5898 3.14
5899 2.82
5900 3.33
5901 6.61
5902 11.73
5903 25.90
5904 0.00
5905 0.00
5906 0.00
5907 19.78
5908 0.81
5909 40.00
5910 0.00
5911 3.77
5912 0.57
5913 1.86
5914 1.58
5915 1.63
5916 1.91
5917 2.10
5918 2.09
5919 2.05
5920 2.02
5921 2.45
5922 2.20
5923 2.19
5924 3.19
5925 5.16
5926 9.21
5927 1.88
5928 0.00
5929 1.26
5930 0.00
5931 42.86
5932 0.83
5933 0.00
5934 0.00
5935 21.47
5936 0.77
5937 2.10
5938 1.47
5939 2.43
5940 2.44
5941 1.98
5942 1.88
5943 1.69
5944 2.06
5945 2.11
5946 2.12
5947 2.03
5948 3.29
5949 12.09
5950 10.00
5951 5.00
5952 0.00
5953 8.89
5954 31.30
5955 17.48
5956 0.00
5957 0.00
5958 28.12
5959 27.17
5960 0.77
5961 1.66
5962 1.27
5963 1.38
5964 1.85
5965 1.79
5966 1.71
5967 2.37
5968 2.34
5969 2.13
5970 2.23
5971 2.66
5972 2.91
5973 4.42
5974 12.59
5975 2.82
5976 6.75
5977 3.06
5978 0.00
5979 40.45
5980 0.00
5981 0.00
5982 52.55
5983 21.24
5984 0.67
5985 1.71
5986 1.16
5987 1.47
5988 1.57
5989 1.78
5990 1.37
5991 2.02
5992 2.34
5993 1.68
5994 1.99
5995 1.75
5996 2.26
5997 5.00
5998 2.19
5999 0.98
6000 28.12
6001 0.49
6002 0.00
6003 0.51
6004 57.14
6005 0.00
6006 0.00
6007 22.22
6008 0.24
6009 2.11
6010 1.82
6011 1.76
6012 1.93
6013 2.15
6014 1.98
6015 1.84
6016 2.10
6017 1.97
6018 2.28
6019 1.79
6020 2.17
6021 1.35
6022 0.56
6023 0.99
6024 1.12
6025 0.22
6026 0.00
6027 0.00
6028 15.65
6029 0.00
6030 51.43
6031 56.25
6032 0.23
6033 1.20
6034 1.67
6035 1.65
6036 0.92
6037 1.18
6038 1.08
6039 1.28
6040 1.85
6041 1.87
6042 2.13
6043 5.46
6044 16.72
6045 7.73
6046 10.07
6047 0.00
6048 0.00
6049 16.59
6050 0.23
6051 23.84
6052 35.29
6053 52.17
6054 1.83
6055 7.92
6056 0.75
6057 2.23
6058 1.10
6059 1.80
6060 2.18
6061 2.25
6062 1.66
6063 1.65
6064 2.39
6065 1.88
6066 1.80
6067 2.54
6068 3.33
6069 10.53
6070 6.91
6071 1.28
6072 3.91
6073 6.23
6074 1.50
6075 6.84
6076 3.76
6077 10.06
6078 10.04
6079 14.37
6080 0.58
6081 1.71
6082 1.23
6083 1.86
6084 2.35
6085 1.60
6086 1.90
6087 2.16
6088 1.98
6089 1.86
6090 2.41
6091 2.76
6092 2.47
6093 6.34
6094 4.16
6095 0.00
6096 2.07
6097 0.95
6098 50.00
6099 19.46
6100 0.00
6101 0.00
6102 3.27
6103 28.35
6104 0.84
6105 2.21
6106 1.06
6107 1.83
6108 1.39
6109 1.44
6110 1.96
6111 1.87
6112 2.18
6113 2.24
6114 3.29
6115 2.52
6116 2.64
6117 20.49
6118 12.13
6119 10.87
6120 4.44
6121 2.85
6122 0.00
6123 16.59
6124 13.74
6125 2.20
6126 0.81
6127 19.89
6128 0.68
6129 3.65
6130 1.30
6131 1.67
6132 1.89
6133 1.86
6134 1.72
6135 1.84
6136 2.36
6137 1.87
6138 3.61
6139 2.19
6140 2.69
6141 7.63
6142 4.54
6143 1.55
6144 13.22
6145 17.18
6146 42.86
6147 42.86
6148 10.04
6149 0.00
6150 0.00
6151 19.70
6152 0.74
6153 1.92
6154 0.92
6155 2.19
6156 1.72
6157 1.71
6158 1.87
6159 2.04
6160 2.27
6161 2.19
6162 2.58
6163 2.41
6164 2.53
6165 3.53
6166 1.07
6167 1.09
6168 11.12
6169 2.82
6170 7.04
6171 1.34
6172 0.00
6173 0.00
6174 0.00
6175 33.64
6176 0.34
6177 1.45
6178 2.33
6179 1.46
6180 1.60
6181 1.71
6182 1.87
6183 2.18
6184 1.75
6185 3.17
6186 2.72
6187 2.12
6188 2.49
6189 1.51
6190 2.92
6191 0.81
6192 5.04
6193 0.54
6194 1.02
6195 1.92
6196 0.00
6197 1.45
6198 0.29
6199 0.00
6200 0.18
6201 3.29
6202 1.54
6203 1.57
6204 1.23
6205 1.17
6206 1.17
6207 1.55
6208 1.24
6209 2.75
6210 1.90
6211 3.84
6212 17.82
6213 14.16
6214 6.59
6215 0.00
6216 7.08
6217 1.48
6218 3.43
6219 20.57
6220 46.75
6221 0.00
6222 31.58
6223 22.57
6224 0.78
6225 2.42
6226 0.97
6227 1.80
6228 1.77
6229 2.04
6230 2.17
6231 1.76
6232 2.79
6233 2.38
6234 3.05
6235 2.59
6236 3.64
6237 11.65
6238 5.15
6239 21.18
6240 8.83
6241 0.00
6242 5.91
6243 23.92
6244 0.22
6245 18.23
6246 18.75
6247 12.27
6248 0.66
6249 2.71
6250 1.05
6251 2.03
6252 1.77
6253 1.99
6254 2.05
6255 2.06
6256 2.43
6257 1.97
6258 2.04
6259 2.50
6260 2.80
6261 5.58
6262 7.23
6263 1.96
6264 5.43
6265 0.09
6266 0.92
6267 12.43
6268 11.73
6269 0.00
6270 9.46
6271 14.31
6272 1.00
6273 2.56
6274 1.21
6275 1.94
6276 1.79
6277 1.92
6278 1.94
6279 1.85
6280 2.29
6281 2.04
6282 1.75
6283 1.56
6284 2.16
6285 5.67
6286 13.42
6287 11.95
6288 6.11
6289 6.66
6290 0.00
6291 12.08
6292 7.78
6293 0.00
6294 1.87
6295 10.68
6296 0.93
6297 1.50
6298 1.23
6299 2.14
6300 1.88
6301 1.85
6302 2.15
6303 2.23
6304 2.92
6305 1.74
6306 2.08
6307 2.25
6308 2.78
6309 1.53
6310 8.08
6311 3.56
6312 4.09
6313 41.62
6314 0.00
6315 24.49
6316 6.47
6317 15.19
6318 0.00
6319 4.36
6320 0.93
6321 3.06
6322 1.16
6323 1.77
6324 2.01
6325 1.86
6326 2.16
6327 2.03
6328 2.27
6329 1.71
6330 2.60
6331 2.32
6332 2.70
6333 2.56
6334 1.12
6335 1.77
6336 13.85
6337 0.66
6338 0.00
6339 0.00
6340 0.00
6341 54.55
6342 0.00
6343 0.50
6344 0.34
6345 2.36
6346 1.91
6347 2.22
6348 1.92
6349 1.87
6350 1.98
6351 2.21
6352 1.71
6353 2.14
6354 1.88
6355 1.85
6356 1.53
6357 0.62
6358 0.63
6359 0.00
6360 2.12
6361 0.38
6362 0.98
6363 0.00
6364 0.00
6365 0.00
6366 16.98
6367 0.00
6368 0.22
6369 2.05
6370 1.00
6371 1.65
6372 1.79
6373 1.37
6374 2.14
6375 1.64
6376 1.46
6377 1.68
6378 1.93
6379 3.42
6380 1.71
6381 29.59
6382 21.82
6383 11.13
6384 11.15
6385 3.03
6386 0.00
6387 25.17
6388 15.09
6389 45.57
6390 13.95
6391 4.67
6392 0.91
6393 2.84
6394 1.42
6395 1.67
6396 2.09
6397 1.89
6398 1.88
6399 1.71
6400 2.40
6401 2.35
6402 2.96
6403 3.02
6404 4.52
6405 2.95
6406 3.30
6407 12.79
6408 4.49
6409 0.00
6410 2.48
6411 16.33
6412 0.00
6413 0.00
6414 17.82
6415 11.11
6416 1.37
6417 1.37
6418 1.24
6419 1.78
6420 1.76
6421 1.71
6422 1.59
6423 2.21
6424 2.47
6425 2.53
6426 2.54
6427 2.14
6428 3.25
6429 5.48
6430 7.90
6431 2.57
6432 22.64
6433 13.69
6434 37.50
6435 3.92
6436 0.00
6437 55.38
6438 10.61
6439 10.39
6440 0.78
6441 2.32
6442 1.34
6443 1.66
6444 1.79
6445 2.00
6446 1.74
6447 1.77
6448 2.20
6449 1.84
6450 1.71
6451 2.13
6452 2.56
6453 3.67
6454 16.90
6455 8.28
6456 9.52
6457 0.00
6458 2.97
6459 0.00
6460 52.17
6461 0.00
6462 29.75
6463 6.07
6464 0.74
6465 2.25
6466 1.08
6467 1.93
6468 2.32
6469 1.79
6470 1.75
6471 1.65
6472 3.16
6473 1.71
6474 1.61
6475 1.63
6476 2.32
6477 2.53
6478 2.50
6479 8.24
6480 4.66
6481 1.78
6482 0.00
6483 22.93
6484 0.00
6485 0.00
6486 45.57
6487 0.80
6488 0.78
6489 2.35
6490 1.01
6491 2.28
6492 1.47
6493 2.03
6494 1.79
6495 1.68
6496 2.05
6497 1.70
6498 3.06
6499 1.74
6500 2.56
6501 4.51
6502 2.30
6503 1.17
6504 5.81
6505 0.69
6506 1.99
6507 34.62
6508 38.71
6509 0.00
6510 9.42
6511 13.95
6512 0.26
6513 3.78
6514 2.29
6515 1.61
6516 2.64
6517 2.44
6518 1.54
6519 2.50
6520 1.99
6521 2.85
6522 2.17
6523 3.30
6524 1.94
6525 2.99
6526 0.85
6527 1.63
6528 2.21
6529 0.62
6530 9.83
6531 4.91
6532 3.52
6533 37.70
6534 0.00
6535 8.20
6536 0.22
6537 2.46
6538 1.28
6539 1.38
6540 0.83
6541 1.49
6542 1.04
6543 1.25
6544 1.90
6545 2.02
6546 1.97
6547 3.72
6548 7.02
6549 1.06
6550 2.66
6551 19.15
6552 6.39
6553 0.88
6554 0.00
6555 0.00
6556 7.68
6557 0.00
6558 0.00
6559 15.00
6560 0.79
6561 1.37
6562 2.10
6563 2.48
6564 2.81
6565 2.16
6566 2.49
6567 2.27
6568 2.01
6569 1.77
6570 1.89
6571 1.83
6572 2.66
6573 0.93
6574 8.43
6575 1.20
6576 22.71
6577 0.27
6578 23.84
6579 0.00
6580 1.59
6581 1.00
6582 58.06
6583 0.00
6584 0.45
6585 1.71
6586 1.05
6587 1.04
6588 1.67
6589 1.29
6590 1.50
6591 1.39
6592 1.51
6593 1.39
6594 1.53
6595 1.49
6596 0.00
6597 2.29
6598 0.00
6599 30.51
6600 52.17
6601 0.51
6602 0.00
6603 1.61
6604 13.24
6605 24.32
6606 22.36
6607 4.74
6608 1.50
6609 2.62
6610 1.99
6611 1.78
6612 1.78
6613 1.57
6614 1.86
6615 1.70
6616 1.88
6617 2.87
6618 2.67
6619 2.34
6620 3.78
6621 6.33
6622 6.14
6623 44.44
6624 52.17
6625 0.00
6626 0.00
6627 24.32
6628 1.08
6629 0.00
6630 0.00
6631 0.00
6632 1.26
6633 1.49
6634 1.99
6635 1.60
6636 1.62
6637 1.86
6638 2.01
6639 2.07
6640 2.18
6641 2.82
6642 2.98
6643 2.15
6644 2.82
6645 6.56
6646 12.88
6647 11.46
6648 2.08
6649 0.00
6650 12.59
6651 0.00
6652 4.12
6653 0.00
6654 18.00
6655 45.57
6656 1.58
6657 2.28
6658 1.49
6659 1.91
6660 1.70
6661 1.87
6662 2.04
6663 1.94
6664 2.23
6665 2.45
6666 2.17
6667 2.37
6668 3.58
6669 7.26
6670 6.49
6671 32.14
6672 0.00
6673 28.80
6674 0.00
6675 24.16
6676 0.00
6677 0.00
6678 0.00
6679 17.76
6680 1.33
6681 2.31
6682 2.13
6683 1.65
6684 1.86
6685 1.86
6686 1.63
6687 1.80
6688 2.17
6689 2.54
6690 3.96
6691 2.16
6692 3.50
6693 2.49
6694 10.40
6695 7.35
6696 15.38
6697 0.21
6698 0.00
6699 0.00
6700 0.00
6701 0.00
6702 0.00
6703 36.73
6704 1.52
6705 1.87
6706 1.60
6707 2.05
6708 1.92
6709 1.87
6710 1.61
6711 1.81
6712 1.84
6713 2.25
6714 2.85
6715 2.72
6716 3.56
6717 1.65
6718 3.08
6719 11.37
6720 4.38
6721 0.74
6722 28.35
6723 28.57
6724 3.72
6725 0.00
6726 0.00
6727 14.34
6728 0.65
6729 1.40
6730 2.30
6731 1.80
6732 1.60
6733 1.86
6734 1.56
6735 1.84
6736 1.59
6737 1.78
6738 1.72
6739 2.11
6740 1.93
6741 6.20
6742 0.57
6743 0.97
6744 10.06
6745 0.25
6746 13.24
6747 0.00
6748 2.13
6749 0.00
6750 0.00
6751 0.00
6752 0.90
6753 1.61
6754 2.41
6755 1.21
6756 0.98
6757 1.19
6758 1.28
6759 1.37
6760 1.33
6761 1.70
6762 1.86
6763 4.72
6764 1.50
6765 7.35
6766 10.40
6767 11.39
6768 16.29
6769 43.90
6770 0.00
6771 2.60
6772 20.34
6773 7.66
6774 0.18
6775 8.96
6776 1.33
6777 2.85
6778 2.13
6779 1.92
6780 1.96
6781 2.05
6782 1.90
6783 2.19
6784 2.59
6785 2.91
6786 2.81
6787 2.82
6788 4.22
6789 8.20
6790 12.27
6791 34.29
6792 28.24
6793 0.00
6794 0.00
6795 20.93
6796 0.00
6797 0.00
6798 0.00
6799 0.42
6800 1.53
6801 4.04
6802 1.79
6803 1.66
6804 2.08
6805 2.00
6806 1.66
6807 1.92
6808 2.45
6809 2.48
6810 2.51
6811 2.07
6812 3.21
6813 7.29
6814 18.23
6815 1.85
6816 0.00
6817 4.59
6818 0.00
6819 0.00
6820 1.16
6821 0.00
6822 3.95
6823 0.33
6824 1.39
6825 1.81
6826 1.68
6827 2.07
6828 1.84
6829 1.97
6830 1.74
6831 2.06
6832 2.55
6833 2.04
6834 2.48
6835 2.51
6836 3.46
6837 7.08
6838 14.12
6839 2.16
6840 46.75
6841 16.82
6842 1.23
6843 22.22
6844 1.78
6845 0.35
6846 2.98
6847 28.12
6848 1.45
6849 2.76
6850 1.82
6851 1.98
6852 1.72
6853 2.20
6854 1.85
6855 1.99
6856 2.08
6857 2.82
6858 2.44
6859 2.24
6860 3.24
6861 4.85
6862 1.26
6863 24.16
6864 0.00
6865 0.00
6866 1.12
6867 0.00
6868 0.00
6869 0.00
6870 30.25
6871 18.65
6872 1.46
6873 2.03
6874 1.60
6875 1.82
6876 2.20
6877 1.97
6878 1.79
6879 2.21
6880 2.34
6881 2.50
6882 2.16
6883 2.28
6884 2.45
6885 2.05
6886 2.36
6887 1.15
6888 3.81
6889 1.72
6890 35.64
6891 0.64
6892 0.00
6893 0.00
6894 0.00
6895 5.75
6896 1.40
6897 1.52
6898 2.31
6899 1.94
6900 2.15
6901 2.37
6902 1.70
6903 1.89
6904 1.50
6905 2.06
6906 1.73
6907 1.70
6908 2.69
6909 1.59
6910 0.79
6911 0.00
6912 0.00
6913 0.26
6914 0.00
6915 0.00
6916 0.00
6917 0.00
6918 0.00
6919 0.00
6920 1.06
6921 2.30
6922 1.29
6923 1.51
6924 1.48
6925 1.14
6926 1.03
6927 1.57
6928 1.38
6929 1.63
6930 1.98
6931 5.17
6932 6.45
6933 1.49
6934 0.00
6935 0.00
6936 18.46
6937 0.00
6938 0.00
6939 5.41
6940 0.00
6941 7.17
6942 0.97
6943 2.19
6944 1.56
6945 3.06
6946 1.78
6947 2.07
6948 1.65
6949 1.88
6950 1.77
6951 2.43
6952 2.61
6953 3.10
6954 2.32
6955 3.00
6956 3.73
6957 2.31
6958 4.47
6959 4.76
6960 0.00
6961 0.88
6962 0.00
6963 26.87
6964 1.19
6965 0.00
6966 0.00
6967 12.43
6968 1.48
6969 2.35
6970 1.75
6971 1.80
6972 2.02
6973 1.76
6974 1.72
6975 1.57
6976 2.08
6977 2.59
6978 2.50
6979 2.26
6980 4.33
6981 5.97
6982 2.89
6983 10.29
6984 7.55
6985 0.61
6986 0.00
6987 0.00
6988 4.32
6989 0.00
6990 0.00
6991 14.25
6992 1.63
6993 3.50
6994 2.06
6995 2.14
6996 1.77
6997 1.83
6998 2.18
6999 1.93
7000 1.95
7001 3.03
7002 3.21
7003 2.56
7004 3.32
7005 5.29
7006 9.68
7007 5.45
7008 0.00
7009 0.16
7010 26.28
7011 0.00
7012 0.00
7013 0.00
7014 0.00
7015 0.00
7016 2.11
7017 2.94
7018 1.62
7019 2.03
7020 2.10
7021 1.55
7022 1.73
7023 2.32
7024 2.17
7025 2.68
7026 2.64
7027 2.42
7028 2.74
7029 5.10
7030 17.08
7031 6.19
7032 6.96
7033 0.77
7034 0.00
7035 0.00
7036 0.00
7037 17.39
7038 0.00
7039 18.14
7040 1.48
7041 2.47
7042 1.23
7043 1.41
7044 1.86
7045 1.61
7046 1.62
7047 2.00
7048 2.37
7049 2.62
7050 2.49
7051 2.24
7052 3.00
7053 1.32
7054 6.24
7055 1.62
7056 0.00
7057 0.29
7058 0.00
7059 0.00
7060 2.45
7061 0.00
7062 3.18
7063 0.00
7064 0.67
7065 1.83
7066 1.88
7067 2.34
7068 2.24
7069 1.81
7070 1.95
7071 1.66
7072 1.96
7073 1.78
7074 1.90
7075 2.26
7076 2.39
7077 0.85
7078 2.24
7079 0.00
7080 2.74
7081 0.34
7082 0.47
7083 25.71
7084 0.00
7085 5.27
7086 0.00
7087 0.23
7088 0.94
7089 1.79
7090 1.12
7091 1.64
7092 1.51
7093 1.63
7094 1.32
7095 1.45
7096 1.26
7097 1.20
7098 1.71
7099 5.40
7100 6.09
7101 14.17
7102 4.29
7103 0.00
7104 3.18
7105 1.46
7106 2.19
7107 0.00
7108 0.00
7109 0.88
7110 0.00
7111 30.00
7112 2.19
7113 2.17
7114 2.09
7115 1.78
7116 1.61
7117 2.25
7118 1.87
7119 1.86
7120 1.86
7121 2.30
7122 2.73
7123 2.39
7124 3.54
7125 5.01
7126 0.71
7127 29.27
7128 0.00
7129 0.00
7130 0.00
7131 22.50
7132 0.00
7133 0.00
7134 0.31
7135 50.70
7136 1.49
7137 2.77
7138 1.91
7139 1.67
7140 1.78
7141 1.97
7142 1.68
7143 2.12
7144 2.77
7145 2.74
7146 3.16
7147 2.14
7148 2.51
7149 4.29
7150 8.68
7151 26.09
7152 0.00
7153 0.00
7154 2.69
7155 0.00
7156 35.29
7157 0.00
7158 7.63
7159 17.06
7160 1.63
7161 2.61
7162 1.78
7163 1.86
7164 1.88
7165 2.00
7166 1.96
7167 2.06
7168 2.27
7169 2.29
7170 3.01
7171 2.58
7172 3.22
7173 9.59
7174 4.66
7175 2.62
7176 5.56
7177 0.00
7178 48.65
7179 26.67
7180 2.03
7181 0.00
7182 0.46
7183 16.11
7184 1.68
7185 3.29
7186 1.59
7187 1.35
7188 1.91
7189 2.17
7190 1.80
7191 1.86
7192 2.08
7193 2.27
7194 3.04
7195 2.30
7196 2.74
7197 5.70
7198 10.69
7199 3.13
7200 17.39
7201 7.30
7202 5.17
7203 28.24
7204 1.13
7205 0.00
7206 2.97
7207 0.00
7208 1.76
7209 2.64
7210 1.60
7211 1.78
7212 1.65
7213 2.12
7214 1.88
7215 2.12
7216 2.06
7217 2.94
7218 3.78
7219 2.42
7220 3.19
7221 3.34
7222 0.81
7223 1.84
7224 6.76
7225 0.49
7226 0.00
7227 0.00
7228 13.90
7229 0.00
7230 0.00
7231 0.00
7232 0.94
7233 2.55
7234 2.36
7235 2.63
7236 2.51
7237 2.09
7238 1.90
7239 2.07
7240 2.11
7241 2.63
7242 1.79
7243 2.13
7244 2.60
7245 0.70
7246 0.36
7247 0.00
7248 0.00
7249 0.61
7250 43.37
7251 1.72
7252 0.61
7253 0.00
7254 11.29
7255 0.00
7256 0.88
7257 1.15
7258 1.23
7259 1.68
7260 1.53
7261 1.32
7262 1.34
7263 1.48
7264 1.50
7265 1.79
7266 2.07
7267 0.93
7268 0.61
7269 0.00
7270 0.86
7271 8.18
7272 0.00
7273 1.21
7274 5.55
7275 25.17
7276 0.00
7277 0.37
7278 0.00
7279 42.35
7280 1.37
7281 2.75
7282 2.38
7283 1.72
7284 1.96
7285 1.69
7286 1.65
7287 1.76
7288 2.00
7289 2.71
7290 2.33
7291 2.15
7292 3.25
7293 4.13
7294 2.26
7295 0.92
7296 1.13
7297 0.43
7298 0.00
7299 0.00
7300 0.00
7301 0.00
7302 4.47
7303 2.36
7304 0.25
7305 0.30
7306 0.49
7307 0.78
7308 0.50
7309 0.69
7310 0.74
7311 0.57
7312 1.36
7313 1.16
7314 1.42
7315 1.65
7316 2.49
7317 25.79
7318 15.62
7319 0.61
7320 0.00
7321 0.18
7322 0.00
7323 4.74
7324 15.09
7325 0.46
7326 0.00
7327 0.82
7328 1.49
7329 2.45
7330 1.77
7331 2.21
7332 1.99
7333 1.98
7334 2.13
7335 1.87
7336 2.26
7337 2.42
7338 2.76
7339 2.49
7340 3.18
7341 2.89
7342 36.73
7343 0.00
7344 0.00
7345 0.00
7346 0.00
7347 25.90
7348 1.21
7349 0.00
7350 7.58
7351 1.75
7352 1.84
7353 2.19
7354 2.19
7355 2.08
7356 2.19
7357 1.74
7358 1.70
7359 2.34
7360 2.41
7361 2.64
7362 2.64
7363 2.48
7364 3.35
7365 2.30
7366 0.93
7367 1.23
7368 1.44
7369 0.80
7370 0.00
7371 2.17
7372 0.88
7373 0.00
7374 2.35
7375 0.94
7376 1.38
7377 1.82
7378 1.67
7379 1.94
7380 1.98
7381 1.62
7382 1.74
7383 2.07
7384 2.27
7385 2.39
7386 2.55
7387 2.13
7388 3.40
7389 5.33
7390 0.72
7391 0.68
7392 0.00
7393 0.24
7394 0.00
7395 4.16
7396 0.00
7397 0.00
7398 0.00
7399 6.10
7400 0.88
7401 1.16
7402 2.09
7403 2.34
7404 2.32
7405 1.82
7406 2.37
7407 2.42
7408 2.78
7409 2.87
7410 1.94
7411 2.23
7412 2.61
7413 1.43
7414 0.40
7415 0.00
7416 20.63
7417 0.38
7418 0.00
7419 0.00
7420 0.00
7421 0.00
7422 0.51
7423 0.00
7424 0.80
7425 1.10
7426 2.03
7427 1.54
7428 1.34
7429 1.14
7430 1.18
7431 1.17
7432 1.39
7433 1.59
7434 2.42
7435 6.59
7436 16.51
7437 1.32
7438 0.00
7439 0.00
7440 0.00
7441 0.00
7442 2.69
7443 3.41
7444 1.47
7445 30.25
7446 15.13
7447 6.18
7448 1.38
7449 2.29
7450 1.78
7451 1.75
7452 1.71
7453 2.04
7454 1.80
7455 2.16
7456 2.43
7457 2.83
7458 2.47
7459 2.67
7460 3.39
7461 2.66
7462 0.00
7463 9.67
7464 31.30
7465 1.18
7466 0.00
7467 11.91
7468 0.87
7469 0.00
7470 57.14
7471 2.60
7472 1.26
7473 2.26
7474 1.60
7475 1.79
7476 1.84
7477 1.93
7478 1.95
7479 1.91
7480 2.40
7481 2.00
7482 2.90
7483 2.20
7484 3.76
7485 7.80
7486 25.99
7487 2.40
7488 0.00
7489 0.00
7490 0.00
7491 0.00
7492 0.51
7493 0.00
7494 12.86
7495 0.00
7496 1.42
7497 2.55
7498 1.17
7499 2.03
7500 2.02
7501 1.65
7502 1.63
7503 1.92
7504 2.42
7505 2.15
7506 2.67
7507 2.49
7508 4.00
7509 5.77
7510 5.27
7511 0.00
7512 7.50
7513 15.58
7514 0.00
7515 2.19
7516 0.77
7517 10.53
7518 4.20
7519 3.45
7520 1.88
7521 1.96
7522 2.41
7523 1.71
7524 1.81
7525 1.98
7526 1.76
7527 1.77
7528 2.01
7529 2.18
7530 2.27
7531 2.34
7532 2.41
7533 6.94
7534 2.42
7535 12.50
7536 0.00
7537 2.35
7538 6.08
7539 5.33
7540 1.70
7541 0.00
7542 0.62
7543 37.31
7544 1.70
7545 1.82
7546 1.79
7547 1.68
7548 1.81
7549 1.90
7550 1.92
7551 1.72
7552 2.46
7553 2.38
7554 2.08
7555 1.84
7556 2.61
7557 5.26
7558 1.94
7559 1.98
7560 0.00
7561 0.40
7562 0.43
7563 0.00
7564 0.00
7565 0.00
7566 15.13
7567 50.70
7568 1.10
7569 1.62
7570 1.85
7571 1.83
7572 2.54
7573 2.16
7574 2.32
7575 2.07
7576 2.24
7577 2.09
7578 1.88
7579 1.82
7580 2.33
7581 6.37
7582 0.81
7583 1.33
7584 28.35
7585 0.58
7586 0.35
7587 0.00
7588 0.00
7589 0.00
7590 1.72
7591 1.60
7592 1.12
7593 1.53
7594 1.46
7595 1.90
7596 1.31
7597 1.39
7598 1.32
7599 1.86
7600 1.79
7601 1.55
7602 1.54
7603 4.78
7604 21.91
7605 11.75
7606 1.20
7607 0.00
7608 9.00
7609 0.66
7610 0.00
7611 35.06
7612 0.00
7613 0.00
7614 0.00
7615 7.05
7616 1.57
7617 1.85
7618 1.90
7619 1.74
7620 1.65
7621 1.85
7622 1.85
7623 1.71
7624 2.00
7625 2.34
7626 2.62
7627 2.47
7628 3.71
7629 1.02
7630 0.00
7631 3.45
7632 1.27
7633 0.27
7634 0.00
7635 24.83
7636 0.00
7637 0.00
7638 40.00
7639 0.00
7640 2.31
7641 1.85
7642 1.60
7643 1.97
7644 1.91
7645 2.47
7646 2.16
7647 1.64
7648 2.41
7649 2.28
7650 2.28
7651 2.42
7652 2.92
7653 2.37
7654 8.77
7655 0.00
7656 5.44
7657 0.14
7658 2.70
7659 18.56
7660 0.00
7661 1.87
7662 21.05
7663 27.07
7664 1.06
7665 1.74
7666 1.82
7667 1.70
7668 1.99
7669 1.98
7670 1.91
7671 1.94
7672 1.93
7673 2.74
7674 2.63
7675 1.98
7676 2.44
7677 2.79
7678 0.00
7679 5.14
7680 0.00
7681 0.14
7682 26.67
7683 0.00
7684 0.00
7685 0.00
7686 46.75
7687 2.70
7688 2.20
7689 2.61
7690 1.89
7691 2.03
7692 1.74
7693 1.71
7694 1.84
7695 2.03
7696 2.51
7697 2.43
7698 1.97
7699 1.84
7700 2.50
7701 4.62
7702 3.93
7703 7.60
7704 2.57
7705 0.62
7706 0.00
7707 31.58
7708 0.00
7709 0.00
7710 0.00
7711 15.32
7712 1.43
7713 1.86
7714 1.94
7715 2.09
7716 1.83
7717 1.90
7718 2.17
7719 2.30
7720 2.61
7721 2.73
7722 1.77
7723 1.99
7724 2.40
7725 1.27
7726 8.49
7727 1.02
7728 0.00
7729 0.31
7730 3.45
7731 22.93
7732 59.02
7733 0.00
7734 0.00
7735 0.00
7736 0.65
7737 1.86
7738 2.06
7739 1.77
7740 2.08
7741 1.77
7742 2.13
7743 1.93
7744 1.77
7745 2.60
7746 2.13
7747 1.79
7748 2.53
7749 1.35
7750 1.50
7751 0.51
7752 0.00
7753 1.24
7754 0.29
7755 0.00
7756 2.92
7757 0.00
7758 16.67
7759 0.00
7760 0.48
7761 1.62
7762 2.49
7763 1.57
7764 1.48
7765 1.14
7766 1.25
7767 1.64
7768 1.61
7769 1.64
7770 1.98
7771 5.28
7772 1.94
7773 0.33
7774 0.00
7775 0.89
7776 0.00
7777 0.39
7778 0.00
7779 24.49
7780 1.97
7781 0.00
7782 0.91
7783 15.72
7784 2.16
7785 2.37
7786 2.01
7787 1.99
7788 1.87
7789 2.05
7790 1.92
7791 2.28
7792 2.62
7793 2.47
7794 3.05
7795 2.80
7796 3.35
7797 1.31
7798 9.05
7799 0.69
7800 0.00
7801 0.27
7802 24.16
7803 49.32
7804 1.23
7805 0.90
7806 0.00
7807 1.81
7808 1.34
7809 2.84
7810 1.75
7811 1.87
7812 1.63
7813 1.75
7814 1.72
7815 1.83
7816 2.21
7817 2.38
7818 1.92
7819 1.79
7820 2.22
7821 1.82
7822 0.76
7823 0.00
7824 1.07
7825 0.27
7826 0.00
7827 11.50
7828 8.93
7829 0.00
7830 0.00
7831 10.17
7832 1.85
7833 2.82
7834 1.70
7835 1.82
7836 1.99
7837 1.81
7838 1.79
7839 1.76
7840 2.22
7841 2.46
7842 1.81
7843 2.78
7844 2.56
7845 5.19
7846 9.65
7847 1.67
7848 1.52
7849 0.23
7850 0.00
7851 22.36
7852 0.00
7853 2.84
7854 0.00
7855 27.48
7856 1.76
7857 1.96
7858 1.56
7859 2.04
7860 1.74
7861 1.88
7862 1.82
7863 1.97
7864 2.18
7865 2.11
7866 1.69
7867 1.69
7868 2.86
7869 3.97
7870 1.54
7871 8.53
7872 0.00
7873 16.98
7874 12.41
7875 0.32
7876 7.02
7877 2.40
7878 7.91
7879 10.65
7880 1.45
7881 1.71
7882 1.50
7883 1.97
7884 1.92
7885 2.21
7886 1.97
7887 1.83
7888 2.55
7889 2.28
7890 1.68
7891 1.84
7892 2.30
7893 4.00
7894 1.19
7895 0.69
7896 0.00
7897 0.24
7898 0.00
7899 28.57
7900 0.00
7901 0.00
7902 0.00
7903 7.86
7904 1.35
7905 1.05
7906 1.67
7907 1.22
7908 1.79
7909 1.90
7910 2.17
7911 2.01
7912 2.29
7913 2.20
7914 1.99
7915 1.66
7916 2.10
7917 2.13
7918 0.87
7919 0.00
7920 9.21
7921 0.74
7922 0.00
7923 2.69
7924 4.41
7925 0.00
7926 5.93
7927 0.81
7928 0.63
7929 0.86
7930 2.37
7931 1.43
7932 1.17
7933 1.07
7934 1.25
7935 1.19
7936 1.00
7937 1.50
7938 2.10
7939 2.83
7940 0.55
7941 2.00
7942 1.08
7943 3.51
7944 0.00
7945 7.61
7946 0.00
7947 23.08
7948 1.23
7949 33.33
7950 1.77
7951 21.82
7952 1.16
7953 2.02
7954 1.84
7955 2.26
7956 1.27
7957 1.49
7958 1.37
7959 1.94
7960 1.83
7961 2.18
7962 2.08
7963 2.19
7964 2.06
7965 5.23
7966 2.40
7967 7.95
7968 0.00
7969 0.21
7970 21.95
7971 0.51
7972 0.00
7973 0.00
7974 0.00
7975 4.63
7976 1.48
7977 1.96
7978 1.57
7979 1.83
7980 1.79
7981 1.89
7982 2.06
7983 2.39
7984 1.83
7985 2.54
7986 3.49
7987 1.82
7988 2.64
7989 1.34
7990 12.04
7991 1.76
7992 9.30
7993 0.14
7994 0.00
7995 4.46
7996 0.71
7997 0.00
7998 0.00
7999 20.00
8000 1.29
8001 1.62
8002 1.34
8003 1.72
8004 1.66
8005 1.94
8006 1.76
8007 2.03
8008 2.01
8009 2.56
8010 2.26
8011 1.98
8012 2.12
8013 4.02
8014 11.29
8015 46.75
8016 2.05
8017 0.88
8018 17.14
8019 0.82
8020 2.42
8021 0.00
8022 42.35
8023 19.89
8024 1.34
8025 2.50
8026 1.46
8027 1.68
8028 1.52
8029 1.80
8030 1.82
8031 1.67
8032 2.03
8033 1.77
8034 1.76
8035 1.74
8036 2.52
8037 3.00
8038 6.96
8039 0.74
8040 13.43
8041 0.70
8042 0.00
8043 3.59
8044 0.00
8045 0.00
8046 1.38
8047 25.99
8048 1.70
8049 1.88
8050 1.65
8051 1.84
8052 1.81
8053 1.86
8054 1.78
8055 2.40
8056 2.08
8057 2.41
8058 2.02
8059 1.83
8060 2.38
8061 1.76
8062 0.41
8063 0.00
8064 5.15
8065 0.27
8066 0.00
8067 23.38
8068 7.66
8069 0.00
8070 10.65
8071 0.64
8072 1.07
8073 1.64
8074 2.43
8075 1.95
8076 2.37
8077 1.67
8078 1.60
8079 2.05
8080 2.09
8081 2.38
8082 2.20
8083 1.83
8084 1.89
8085 3.99
8086 0.68
8087 1.67
8088 57.14
8089 0.56
8090 1.10
8091 3.66
8092 0.00
8093 0.00
8094 5.33
8095 10.32
8096 0.81
8097 1.94
8098 1.71
8099 1.43
8100 0.91
8101 1.70
8102 1.30
8103 1.12
8104 1.52
8105 1.74
8106 2.49
8107 2.55
8108 1.12
8109 0.00
8110 0.75
8111 36.00
8112 15.28
8113 1.06
8114 0.00
8115 0.31
8116 13.33
8117 0.00
8118 36.49
8119 7.49
8120 1.23
8121 2.01
8122 1.58
8123 1.85
8124 2.20
8125 2.14
8126 1.81
8127 1.90
8128 2.18
8129 2.63
8130 2.00
8131 2.34
8132 3.58
8133 4.49
8134 2.00
8135 1.59
8136 50.00
8137 2.81
8138 0.00
8139 0.27
8140 0.00
8141 0.00
8142 32.34
8143 18.34
8144 1.50
8145 2.15
8146 1.70
8147 1.65
8148 1.68
8149 1.80
8150 1.78
8151 1.98
8152 2.03
8153 1.93
8154 2.09
8155 2.19
8156 2.81
8157 8.13
8158 1.56
8159 0.00
8160 21.05
8161 11.78
8162 0.00
8163 0.82
8164 14.23
8165 3.11
8166 0.00
8167 13.51
8168 1.72
8169 2.54
8170 1.78
8171 1.88
8172 2.24
8173 1.79
8174 1.90
8175 2.05
8176 2.08
8177 1.92
8178 2.49
8179 2.02
8180 1.88
8181 21.40
8182 9.60
8183 0.00
8184 17.14
8185 0.39
8186 29.51
8187 0.00
8188 19.25
8189 3.85
8190 0.00
8191 0.00
8192 1.30
8193 2.34
8194 1.50
8195 2.09
8196 1.93
8197 1.87
8198 1.80
8199 1.75
8200 2.48
8201 2.13
8202 1.88
8203 1.97
8204 1.84
8205 1.13
8206 1.59
8207 36.36
8208 6.46
8209 11.21
8210 0.00
8211 1.30
8212 0.00
8213 1.06
8214 10.00
8215 46.15
8216 1.21
8217 2.19
8218 1.55
8219 1.98
8220 1.82
8221 1.75
8222 1.73
8223 2.13
8224 2.51
8225 2.25
8226 2.01
8227 1.76
8228 1.83
8229 0.47
8230 4.64
8231 19.01
8232 11.79
8233 0.79
8234 0.00
8235 0.00
8236 10.75
8237 0.00
8238 0.00
8239 0.00
8240 0.80
8241 1.82
8242 1.64
8243 1.92
8244 2.39
8245 1.55
8246 2.26
8247 2.18
8248 2.53
8249 2.70
8250 1.90
8251 2.00
8252 2.75
8253 1.04
8254 0.00
8255 0.64
8256 2.90
8257 0.44
8258 0.38
8259 0.00
8260 0.00
8261 20.00
8262 4.13
8263 0.00
8264 0.57
8265 2.03
8266 1.73
8267 1.69
8268 1.33
8269 1.35
8270 1.60
8271 1.39
8272 1.46
8273 1.55
8274 1.84
8275 4.17
8276 50.00
8277 1.04
8278 17.14
8279 0.00
8280 48.00
8281 0.16
8282 0.00
8283 15.09
8284 0.00
8285 0.00
8286 2.19
8287 6.02
8288 1.27
8289 2.62
8290 1.38
8291 2.21
8292 1.61
8293 1.85
8294 1.86
8295 2.17
8296 2.14
8297 2.39
8298 2.43
8299 2.48
8300 3.33
8301 5.90
8302 9.21
8303 3.98
8304 0.00
8305 0.41
8306 18.09
8307 6.92
8308 0.00
8309 4.39
8310 51.43
8311 0.00
8312 1.65
8313 2.55
8314 1.87
8315 1.62
8316 1.96
8317 1.81
8318 1.73
8319 1.97
8320 1.99
8321 2.27
8322 2.38
8323 2.25
8324 3.43
8325 3.33
8326 5.01
8327 45.00
8328 55.38
8329 4.03
8330 0.00
8331 3.73
8332 1.76
8333 0.00
8334 0.00
8335 3.27
8336 1.14
8337 1.47
8338 1.68
8339 1.47
8340 1.71
8341 1.84
8342 1.35
8343 1.79
8344 2.32
8345 2.29
8346 1.29
8347 1.73
8348 2.37
8349 7.29
8350 41.14
8351 0.00
8352 14.94
8353 0.15
8354 1.56
8355 0.00
8356 9.28
8357 0.00
8358 0.00
8359 2.34
8360 1.47
8361 1.81
8362 1.58
8363 2.00
8364 1.90
8365 1.81
8366 1.95
8367 2.37
8368 2.38
8369 2.16
8370 2.24
8371 1.75
8372 2.73
8373 5.30
8374 1.82
8375 1.34
8376 0.00
8377 0.52
8378 0.00
8379 0.56
8380 0.00
8381 0.00
8382 0.00
8383 2.78
8384 1.07
8385 1.41
8386 1.46
8387 2.23
8388 1.60
8389 1.99
8390 2.10
8391 2.20
8392 2.08
8393 1.86
8394 1.87
8395 1.76
8396 2.30
8397 1.56
8398 1.71
8399 13.08
8400 13.52
8401 0.72
8402 55.38
8403 0.00
8404 37.11
8405 0.05
8406 0.00
8407 0.41
8408 0.85
8409 2.73
8410 1.88
8411 2.48
8412 2.32
8413 2.61
8414 2.03
8415 2.00
8416 2.31
8417 2.21
8418 2.47
8419 2.36
8420 2.32
8421 0.37
8422 4.94
8423 0.00
8424 9.89
8425 1.20
8426 3.02
8427 2.81
8428 5.61
8429 16.74
8430 8.00
8431 0.39
8432 0.66
8433 1.99
8434 1.43
8435 1.75
8436 1.31
8437 1.36
8438 1.12
8439 1.51
8440 1.59
8441 1.56
8442 1.91
8443 4.31
8444 0.86
8445 0.00
8446 25.71
8447 1.08
8448 1.52
8449 0.64
8450 43.37
8451 22.22
8452 0.00
8453 2.78
8454 0.00
8455 0.00
8456 1.27
8457 1.84
8458 1.97
8459 1.72
8460 2.25
8461 1.78
8462 1.80
8463 2.19
8464 2.08
8465 2.55
8466 2.66
8467 2.47
8468 3.56
8469 3.62
8470 4.60
8471 21.95
8472 11.54
8473 0.00
8474 30.25
8475 5.51
8476 27.48
8477 0.00
8478 1.58
8479 7.62
8480 1.22
8481 2.35
8482 1.72
8483 2.31
8484 2.01
8485 1.87
8486 1.95
8487 2.28
8488 2.43
8489 2.09
8490 2.72
8491 2.10
8492 3.74
8493 8.34
8494 0.94
8495 0.00
8496 4.82
8497 0.00
8498 0.00
8499 9.28
8500 1.43
8501 0.00
8502 19.41
8503 14.34
8504 1.14
8505 2.01
8506 1.75
8507 2.50
8508 1.98
8509 2.50
8510 1.87
8511 2.40
8512 2.71
8513 2.17
8514 2.61
8515 2.03
8516 2.72
8517 10.33
8518 7.58
8519 1.90
8520 8.99
8521 4.98
8522 0.00
8523 3.91
8524 9.35
8525 0.00
8526 11.50
8527 9.45
8528 1.31
8529 1.63
8530 1.54
8531 2.12
8532 1.80
8533 1.95
8534 1.86
8535 1.65
8536 2.27
8537 2.17
8538 2.04
8539 2.03
8540 2.56
8541 1.69
8542 7.99
8543 4.95
8544 12.87
8545 0.15
8546 7.56
8547 4.00
8548 1.30
8549 13.33
8550 48.65
8551 24.32
8552 1.03
8553 2.11
8554 1.85
8555 1.79
8556 2.09
8557 1.82
8558 1.90
8559 2.15
8560 2.00
8561 1.89
8562 1.93
8563 2.23
8564 2.34
8565 4.48
8566 3.50
8567 0.92
8568 2.40
8569 0.25
8570 44.44
8571 37.11
8572 0.64
8573 5.83
8574 0.00
8575 40.91
8576 0.84
8577 2.03
8578 2.73
8579 2.06
8580 2.59
8581 2.38
8582 1.98
8583 2.11
8584 2.40
8585 1.80
8586 1.88
8587 1.84
8588 2.92
8589 1.47
8590 8.13
8591 0.88
8592 1.19
8593 0.18
8594 0.00
8595 0.00
8596 0.00
8597 0.00
8598 0.00
8599 0.00
8600 0.42
8601 0.98
8602 1.88
8603 1.48
8604 0.90
8605 0.68
8606 0.82
8607 1.30
8608 0.91
8609 2.30
8610 1.86
8611 4.58
8612 0.50
8613 0.83
8614 0.00
8615 0.00
8616 0.00
8617 0.21
8618 0.00
8619 0.00
8620 0.00
8621 43.90
8622 0.57
8623 0.00
8624 0.26
8625 0.40
8626 0.40
8627 0.72
8628 0.69
8629 0.75
8630 0.65
8631 0.82
8632 1.19
8633 0.84
8634 0.83
8635 1.59
8636 2.44
8637 1.26
8638 0.41
8639 1.77
8640 0.00
8641 0.25
8642 0.52
8643 9.70
8644 5.33
8645 0.00
8646 0.00
8647 2.71
8648 0.32
8649 0.35
8650 0.60
8651 0.90
8652 0.85
8653 1.15
8654 1.29
8655 1.06
8656 1.46
8657 1.24
8658 1.62
8659 1.82
8660 3.20
8661 2.40
8662 1.42
8663 5.33
8664 5.68
8665 2.12
8666 19.05
8667 0.64
8668 0.00
8669 0.00
8670 33.33
8671 7.03
8672 0.69
8673 2.26
8674 2.19
8675 1.72
8676 1.71
8677 2.07
8678 2.09
8679 2.11
8680 2.19
8681 1.85
8682 1.71
8683 2.06
8684 3.94
8685 3.43
8686 2.99
8687 2.91
8688 26.57
8689 0.19
8690 3.68
8691 0.90
8692 1.40
8693 24.66
8694 1.86
8695 0.00
8696 0.83
8697 3.04
8698 1.95
8699 1.85
8700 1.92
8701 1.98
8702 1.71
8703 2.11
8704 1.97
8705 2.42
8706 2.58
8707 2.61
8708 3.76
8709 8.46
8710 48.00
8711 5.01
8712 0.00
8713 1.61
8714 0.00
8715 0.74
8716 1.20
8717 0.00
8718 0.00
8719 23.00
8720 0.83
8721 2.87
8722 1.65
8723 2.20
8724 1.89
8725 1.96
8726 1.71
8727 2.13
8728 1.82
8729 2.21
8730 2.05
8731 1.91
8732 2.70
8733 4.42
8734 38.30
8735 3.24
8736 4.94
8737 0.43
8738 35.29
8739 12.95
8740 0.00
8741 2.93
8742 26.47
8743 0.00
8744 0.77
8745 0.97
8746 1.96
8747 2.28
8748 2.10
8749 1.95
8750 2.07
8751 2.20
8752 2.47
8753 2.59
8754 2.35
8755 2.68
8756 2.04
8757 2.18
8758 0.00
8759 23.68
8760 0.00
