1 4
2 1
3 1
4 4
5 1
6 0
7 1
8 17
9 12
10 19
11 34
12 26
13 42
14 33
15 44
16 31
17 25
18 32
19 16
20 3
21 3
22 2
23 2
24 1
25 1
26 0
27 0
28 2
29 0
30 1
31 0
32 56
33 22
34 39
35 51
36 43
37 51
38 64
39 61
40 50
41 38
42 43
43 31
44 38
45 4
46 0
47 0
48 0
49 1
50 0
51 0
52 0
53 0
54 0
55 1
56 62
57 75
58 89
59 117
60 112
61 132
62 122
63 130
64 129
65 90
66 82
67 82
68 37
69 4
70 3
71 0
72 3
73 4
74 0
75 2
76 1
77 0
78 1
79 1
80 63
81 62
82 102
83 134
84 133
85 122
86 115
87 121
88 110
89 105
90 102
91 105
92 59
93 5
94 1
95 0
96 0
97 2
98 0
99 2
100 0
101 0
102 1
103 1
104 73
105 82
106 112
107 110
108 140
109 126
110 126
111 126
112 116
113 107
114 96
115 86
116 65
117 9
118 1
119 2
120 1
121 1
122 0
123 2
124 2
125 0
126 0
127 1
128 75
129 87
130 118
131 116
132 121
133 157
134 131
135 131
136 118
137 137
138 111
139 115
140 63
141 5
142 3
143 9
144 1
145 5
146 0
147 3
148 0
149 0
150 3
151 0
152 34
153 27
154 55
155 68
156 87
157 94
158 87
159 91
160 89
161 87
162 79
163 101
164 61
165 5
166 6
167 1
168 2
169 5
170 1
171 0
172 0
173 1
174 0
175 2
176 28
177 13
178 16
179 34
180 54
181 53
182 61
183 61
184 48
185 39
186 37
187 28
188 1
189 1
190 0
191 1
192 2
193 1
194 0
195 0
196 1
197 0
198 0
199 0
200 68
201 103
202 126
203 127
204 146
205 136
206 132
207 149
208 123
209 120
210 106
211 89
212 53
213 4
214 4
215 2
216 0
217 1
218 1
219 2
220 1
221 1
222 3
223 2
224 66
225 78
226 112
227 141
228 124
229 139
230 138
231 113
232 144
233 113
234 119
235 103
236 57
237 6
238 4
239 1
240 2
241 1
242 4
243 6
244 7
245 2
246 5
247 7
248 85
249 109
250 140
251 146
252 131
253 144
254 111
255 152
256 143
257 102
258 122
259 101
260 68
261 8
262 4
263 1
264 4
265 6
266 6
267 17
268 2
269 8
270 8
271 6
272 83
273 110
274 130
275 132
276 133
277 142
278 130
279 139
280 132
281 120
282 103
283 117
284 61
285 15
286 6
287 4
288 13
289 11
290 10
291 18
292 13
293 14
294 19
295 17
296 84
297 105
298 137
299 133
300 121
301 142
302 142
303 135
304 160
305 124
306 111
307 119
308 84
309 21
310 18
311 21
312 4
313 10
314 17
315 7
316 15
317 13
318 10
319 19
320 67
321 55
322 107
323 118
324 125
325 133
326 119
327 117
328 108
329 92
330 84
331 90
332 85
333 26
334 20
335 7
336 14
337 20
338 16
339 10
340 11
341 16
342 10
343 6
344 36
345 30
346 37
347 55
348 64
349 71
350 63
351 68
352 70
353 48
354 55
355 28
356 11
357 16
358 13
359 15
360 12
361 13
362 11
363 14
364 11
365 16
366 15
367 16
368 88
369 103
370 129
371 142
372 155
373 154
374 127
375 140
376 147
377 117
378 103
379 117
380 85
381 21
382 16
383 13
384 15
385 11
386 8
387 15
388 9
389 7
390 6
391 11
392 91
393 91
394 135
395 135
396 141
397 139
398 127
399 138
400 139
401 117
402 95
403 106
404 69
405 19
406 10
407 11
408 7
409 10
410 3
411 7
412 3
413 4
414 8
415 8
416 87
417 117
418 151
419 127
420 139
421 142
422 115
423 135
424 158
425 148
426 97
427 125
428 64
429 14
430 17
431 11
432 11
433 10
434 9
435 6
436 3
437 4
438 11
439 9
440 101
441 91
442 124
443 143
444 155
445 154
446 166
447 143
448 130
449 111
450 93
451 104
452 63
453 19
454 10
455 11
456 10
457 9
458 3
459 6
460 3
461 5
462 6
463 13
464 90
465 102
466 144
467 141
468 123
469 129
470 129
471 149
472 154
473 104
474 92
475 122
476 72
477 7
478 2
479 6
480 6
481 5
482 2
483 2
484 1
485 0
486 1
487 5
488 51
489 80
490 75
491 103
492 112
493 109
494 96
495 98
496 122
497 79
498 88
499 95
500 63
501 13
502 9
503 11
504 4
505 8
506 1
507 5
508 3
509 3
510 4
511 4
512 16
513 23
514 23
515 62
516 61
517 72
518 43
519 63
520 51
521 55
522 36
523 24
524 2
525 6
526 1
527 2
528 3
529 3
530 2
531 1
532 1
533 1
534 7
535 4
536 105
537 105
538 141
539 114
540 150
541 143
542 137
543 130
544 154
545 120
546 96
547 90
548 52
549 9
550 5
551 2
552 1
553 2
554 3
555 1
556 2
557 0
558 3
559 8
560 102
561 105
562 133
563 130
564 143
565 159
566 154
567 134
568 151
569 111
570 124
571 114
572 51
573 11
574 5
575 5
576 1
577 5
578 2
579 2
580 2
581 1
582 4
583 4
584 94
585 100
586 132
587 119
588 150
589 124
590 160
591 140
592 154
593 149
594 101
595 112
596 70
597 14
598 11
599 7
600 4
601 7
602 5
603 3
604 3
605 8
606 3
607 7
608 63
609 41
610 42
611 41
612 27
613 33
614 44
615 48
616 39
617 41
618 31
619 77
620 49
621 13
622 13
623 5
624 11
625 8
626 4
627 2
628 1
629 3
630 2
631 2
632 77
633 112
634 139
635 135
636 154
637 158
638 131
639 148
640 160
641 116
642 129
643 123
644 85
645 10
646 8
647 5
648 1
649 7
650 4
651 5
652 1
653 4
654 0
655 3
656 44
657 46
658 78
659 89
660 127
661 116
662 98
663 122
664 93
665 89
666 100
667 115
668 67
669 12
670 2
671 6
672 7
673 8
674 2
675 2
676 1
677 0
678 1
679 0
680 23
681 30
682 34
683 40
684 69
685 64
686 66
687 71
688 50
689 65
690 56
691 31
692 3
693 5
694 3
695 5
696 4
697 3
698 0
699 1
700 0
701 1
702 5
703 2
704 95
705 103
706 145
707 153
708 174
709 153
710 150
711 147
712 141
713 135
714 134
715 118
716 57
717 12
718 4
719 3
720 3
721 4
722 1
723 2
724 1
725 2
726 1
727 6
728 114
729 96
730 156
731 137
732 135
733 162
734 156
735 184
736 130
737 122
738 136
739 127
740 87
741 4
742 5
743 0
744 0
745 2
746 2
747 0
748 3
749 0
750 0
751 4
752 105
753 110
754 154
755 156
756 142
757 133
758 135
759 146
760 153
761 134
762 116
763 133
764 68
765 16
766 3
767 5
768 4
769 6
770 1
771 3
772 1
773 2
774 3
775 3
776 110
777 126
778 171
779 165
780 152
781 145
782 160
783 145
784 134
785 109
786 127
787 154
788 79
789 5
790 2
791 6
792 1
793 4
794 3
795 1
796 0
797 0
798 1
799 2
800 126
801 111
802 162
803 158
804 144
805 140
806 171
807 168
808 152
809 144
810 123
811 134
812 62
813 9
814 10
815 6
816 0
817 9
818 0
819 4
820 0
821 3
822 0
823 1
824 72
825 75
826 83
827 106
828 122
829 105
830 121
831 96
832 112
833 80
834 79
835 98
836 61
837 3
838 1
839 0
840 2
841 8
842 1
843 0
844 2
845 0
846 2
847 2
848 34
849 26
850 34
851 37
852 70
853 52
854 65
855 54
856 40
857 46
858 45
859 16
860 1
861 0
862 0
863 0
864 0
865 2
866 1
867 2
868 1
869 4
870 2
871 7
872 118
873 102
874 115
875 133
876 152
877 149
878 129
879 142
880 143
881 111
882 133
883 122
884 57
885 11
886 6
887 0
888 0
889 2
890 1
891 2
892 0
893 0
894 2
895 6
896 108
897 124
898 134
899 132
900 138
901 145
902 143
903 138
904 136
905 141
906 113
907 125
908 50
909 11
910 6
911 4
912 4
913 2
914 1
915 0
916 2
917 0
918 3
919 1
920 125
921 101
922 116
923 154
924 149
925 185
926 142
927 158
928 134
929 116
930 117
931 113
932 67
933 12
934 5
935 5
936 3
937 3
938 2
939 2
940 1
941 0
942 0
943 2
944 107
945 93
946 116
947 142
948 130
949 141
950 142
951 136
952 138
953 131
954 116
955 124
956 78
957 15
958 4
959 3
960 6
961 3
962 1
963 2
964 1
965 0
966 3
967 5
968 107
969 106
970 156
971 118
972 147
973 154
974 141
975 148
976 145
977 125
978 108
979 111
980 67
981 11
982 7
983 6
984 0
985 5
986 4
987 0
988 1
989 0
990 0
991 7
992 78
993 70
994 92
995 80
996 114
997 107
998 103
999 114
1000 92
1001 83
1002 89
1003 98
1004 68
1005 8
1006 6
1007 7
1008 5
1009 8
1010 4
1011 0
1012 3
1013 2
1014 3
1015 2
1016 30
1017 19
1018 26
1019 48
1020 64
1021 70
1022 54
1023 52
1024 52
1025 48
1026 40
1027 27
1028 1
1029 3
1030 4
1031 2
1032 0
1033 5
1034 2
1035 0
1036 0
1037 2
1038 2
1039 5
1040 97
1041 104
1042 159
1043 133
1044 143
1045 120
1046 127
1047 136
1048 119
1049 100
1050 104
1051 102
1052 69
1053 11
1054 1
1055 3
1056 3
1057 3
1058 2
1059 1
1060 0
1061 1
1062 1
1063 1
1064 99
1065 100
1066 121
1067 136
1068 134
1069 134
1070 116
1071 127
1072 131
1073 124
1074 87
1075 104
1076 47
1077 8
1078 4
1079 2
1080 2
1081 2
1082 1
1083 0
1084 1
1085 0
1086 0
1087 2
1088 96
1089 99
1090 128
1091 129
1092 131
1093 131
1094 141
1095 139
1096 129
1097 111
1098 116
1099 121
1100 70
1101 20
1102 4
1103 3
1104 2
1105 3
1106 1
1107 0
1108 0
1109 0
1110 1
1111 1
1112 122
1113 152
1114 118
1115 130
1116 139
1117 133
1118 126
1119 146
1120 132
1121 92
1122 100
1123 108
1124 65
1125 14
1126 0
1127 1
1128 2
1129 5
1130 1
1131 0
1132 0
1133 0
1134 1
1135 3
1136 106
1137 98
1138 135
1139 117
1140 115
1141 145
1142 134
1143 152
1144 120
1145 84
1146 69
1147 125
1148 77
1149 20
1150 8
1151 2
1152 1
1153 6
1154 2
1155 1
1156 0
1157 0
1158 1
1159 3
1160 61
1161 58
1162 103
1163 94
1164 95
1165 101
1166 121
1167 110
1168 84
1169 106
1170 78
1171 99
1172 77
1173 15
1174 7
1175 5
1176 4
1177 10
1178 4
1179 0
1180 2
1181 2
1182 2
1183 1
1184 31
1185 17
1186 29
1187 45
1188 61
1189 62
1190 80
1191 60
1192 82
1193 59
1194 30
1195 16
1196 5
1197 4
1198 2
1199 3
1200 1
1201 3
1202 1
1203 0
1204 2
1205 1
1206 2
1207 1
1208 104
1209 92
1210 130
1211 155
1212 121
1213 138
1214 129
1215 123
1216 139
1217 100
1218 94
1219 118
1220 68
1221 10
1222 4
1223 2
1224 1
1225 5
1226 0
1227 1
1228 1
1229 1
1230 0
1231 4
1232 123
1233 84
1234 132
1235 129
1236 142
1237 134
1238 132
1239 133
1240 122
1241 100
1242 98
1243 120
1244 76
1245 13
1246 0
1247 2
1248 0
1249 1
1250 3
1251 0
1252 1
1253 6
1254 5
1255 6
1256 108
1257 118
1258 128
1259 118
1260 119
1261 133
1262 142
1263 140
1264 128
1265 110
1266 75
1267 102
1268 50
1269 7
1270 4
1271 7
1272 9
1273 7
1274 7
1275 11
1276 9
1277 11
1278 13
1279 15
1280 105
1281 97
1282 125
1283 100
1284 105
1285 151
1286 116
1287 117
1288 120
1289 97
1290 91
1291 126
1292 76
1293 13
1294 7
1295 7
1296 2
1297 2
1298 2
1299 0
1300 3
1301 0
1302 0
1303 5
1304 116
1305 89
1306 136
1307 110
1308 139
1309 132
1310 121
1311 137
1312 136
1313 98
1314 101
1315 91
1316 65
1317 10
1318 6
1319 4
1320 3
1321 6
1322 0
1323 0
1324 0
1325 0
1326 0
1327 1
1328 88
1329 67
1330 80
1331 81
1332 87
1333 103
1334 109
1335 113
1336 94
1337 82
1338 77
1339 100
1340 69
1341 6
1342 6
1343 3
1344 3
1345 10
1346 2
1347 8
1348 1
1349 0
1350 2
1351 1
1352 31
1353 28
1354 43
1355 58
1356 71
1357 62
1358 63
1359 68
1360 57
1361 47
1362 49
1363 21
1364 13
1365 4
1366 7
1367 11
1368 5
1369 5
1370 4
1371 3
1372 2
1373 0
1374 8
1375 1
1376 103
1377 97
1378 126
1379 121
1380 127
1381 131
1382 110
1383 136
1384 118
1385 131
1386 80
1387 109
1388 69
1389 13
1390 4
1391 1
1392 1
1393 3
1394 1
1395 2
1396 0
1397 0
1398 3
1399 2
1400 109
1401 97
1402 120
1403 123
1404 108
1405 121
1406 131
1407 128
1408 133
1409 97
1410 110
1411 157
1412 76
1413 17
1414 4
1415 3
1416 2
1417 4
1418 1
1419 2
1420 2
1421 1
1422 1
1423 4
1424 114
1425 83
1426 136
1427 125
1428 117
1429 129
1430 134
1431 123
1432 131
1433 114
1434 96
1435 102
1436 75
1437 11
1438 4
1439 8
1440 6
1441 6
1442 6
1443 0
1444 3
1445 3
1446 4
1447 7
1448 117
1449 108
1450 152
1451 144
1452 125
1453 147
1454 135
1455 143
1456 122
1457 114
1458 96
1459 124
1460 52
1461 10
1462 4
1463 7
1464 1
1465 10
1466 3
1467 3
1468 4
1469 2
1470 2
1471 7
1472 76
1473 63
1474 111
1475 110
1476 116
1477 115
1478 111
1479 118
1480 109
1481 87
1482 80
1483 100
1484 53
1485 20
1486 1
1487 4
1488 2
1489 8
1490 7
1491 3
1492 6
1493 4
1494 2
1495 2
1496 41
1497 40
1498 51
1499 83
1500 69
1501 72
1502 74
1503 76
1504 74
1505 57
1506 50
1507 45
1508 1
1509 1
1510 3
1511 3
1512 1
1513 4
1514 3
1515 2
1516 2
1517 4
1518 2
1519 5
1520 123
1521 106
1522 154
1523 162
1524 132
1525 127
1526 130
1527 134
1528 154
1529 113
1530 116
1531 130
1532 88
1533 9
1534 6
1535 2
1536 2
1537 1
1538 1
1539 1
1540 3
1541 3
1542 4
1543 9
1544 113
1545 101
1546 159
1547 155
1548 162
1549 146
1550 156
1551 148
1552 151
1553 118
1554 107
1555 112
1556 73
1557 7
1558 3
1559 3
1560 2
1561 4
1562 1
1563 0
1564 1
1565 0
1566 0
1567 1
1568 97
1569 88
1570 143
1571 122
1572 144
1573 130
1574 136
1575 131
1576 150
1577 118
1578 115
1579 124
1580 66
1581 15
1582 6
1583 6
1584 2
1585 2
1586 3
1587 4
1588 4
1589 3
1590 6
1591 8
1592 95
1593 83
1594 120
1595 135
1596 141
1597 128
1598 119
1599 130
1600 136
1601 108
1602 134
1603 120
1604 78
1605 21
1606 7
1607 1
1608 2
1609 1
1610 3
1611 1
1612 1
1613 3
1614 9
1615 3
1616 101
1617 112
1618 114
1619 122
1620 121
1621 144
1622 123
1623 137
1624 140
1625 127
1626 96
1627 136
1628 65
1629 17
1630 12
1631 12
1632 1
1633 6
1634 6
1635 7
1636 4
1637 6
1638 3
1639 6
1640 68
1641 64
1642 93
1643 107
1644 95
1645 113
1646 95
1647 122
1648 101
1649 115
1650 114
1651 110
1652 67
1653 11
1654 1
1655 1
1656 6
1657 9
1658 4
1659 7
1660 6
1661 9
1662 8
1663 8
1664 36
1665 46
1666 30
1667 47
1668 80
1669 67
1670 45
1671 76
1672 70
1673 63
1674 60
1675 29
1676 7
1677 7
1678 6
1679 7
1680 9
1681 10
1682 5
1683 8
1684 6
1685 3
1686 7
1687 0
1688 115
1689 58
1690 53
1691 62
1692 28
1693 35
1694 30
1695 46
1696 51
1697 59
1698 73
1699 60
1700 48
1701 8
1702 5
1703 3
1704 2
1705 3
1706 0
1707 4
1708 0
1709 1
1710 1
1711 5
1712 108
1713 106
1714 144
1715 132
1716 135
1717 161
1718 160
1719 170
1720 154
1721 110
1722 110
1723 134
1724 71
1725 7
1726 6
1727 1
1728 2
1729 2
1730 3
1731 3
1732 1
1733 0
1734 1
1735 5
1736 107
1737 141
1738 150
1739 120
1740 122
1741 142
1742 144
1743 143
1744 114
1745 122
1746 112
1747 103
1748 53
1749 11
1750 8
1751 4
1752 1
1753 2
1754 2
1755 0
1756 1
1757 0
1758 1
1759 6
1760 114
1761 110
1762 124
1763 140
1764 123
1765 139
1766 140
1767 159
1768 127
1769 123
1770 119
1771 118
1772 61
1773 5
1774 11
1775 4
1776 2
1777 2
1778 2
1779 1
1780 4
1781 0
1782 1
1783 6
1784 122
1785 131
1786 158
1787 118
1788 141
1789 131
1790 174
1791 136
1792 140
1793 147
1794 108
1795 118
1796 64
1797 9
1798 5
1799 1
1800 0
1801 6
1802 0
1803 0
1804 1
1805 1
1806 1
1807 0
1808 88
1809 114
1810 107
1811 147
1812 107
1813 128
1814 115
1815 105
1816 104
1817 86
1818 73
1819 118
1820 73
1821 4
1822 0
1823 2
1824 2
1825 6
1826 1
1827 0
1828 0
1829 0
1830 0
1831 2
1832 35
1833 63
1834 57
1835 61
1836 72
1837 65
1838 78
1839 62
1840 66
1841 64
1842 58
1843 32
1844 1
1845 6
1846 4
1847 2
1848 3
1849 4
1850 2
1851 0
1852 0
1853 0
1854 1
1855 1
1856 122
1857 124
1858 129
1859 157
1860 150
1861 156
1862 164
1863 141
1864 133
1865 82
1866 114
1867 89
1868 61
1869 8
1870 1
1871 0
1872 2
1873 2
1874 1
1875 3
1876 0
1877 0
1878 1
1879 2
1880 101
1881 119
1882 152
1883 136
1884 132
1885 147
1886 113
1887 121
1888 122
1889 112
1890 113
1891 128
1892 69
1893 8
1894 5
1895 1
1896 3
1897 4
1898 1
1899 1
1900 1
1901 1
1902 0
1903 3
1904 117
1905 119
1906 144
1907 130
1908 159
1909 117
1910 137
1911 132
1912 117
1913 123
1914 115
1915 139
1916 75
1917 12
1918 3
1919 0
1920 0
1921 2
1922 1
1923 0
1924 0
1925 0
1926 1
1927 2
1928 120
1929 127
1930 143
1931 142
1932 148
1933 131
1934 160
1935 157
1936 148
1937 96
1938 105
1939 142
1940 61
1941 8
1942 0
1943 0
1944 1
1945 4
1946 0
1947 2
1948 0
1949 1
1950 1
1951 4
1952 108
1953 92
1954 140
1955 166
1956 174
1957 142
1958 145
1959 157
1960 158
1961 126
1962 103
1963 140
1964 60
1965 8
1966 4
1967 6
1968 3
1969 10
1970 2
1971 3
1972 0
1973 0
1974 0
1975 0
1976 52
1977 72
1978 96
1979 120
1980 106
1981 129
1982 110
1983 124
1984 125
1985 143
1986 92
1987 104
1988 59
1989 11
1990 1
1991 1
1992 0
1993 7
1994 0
1995 2
1996 1
1997 1
1998 1
1999 0
2000 36
2001 49
2002 67
2003 65
2004 73
2005 66
2006 70
2007 77
2008 82
2009 75
2010 49
2011 19
2012 1
2013 0
2014 3
2015 1
2016 3
2017 3
2018 2
2019 0
2020 0
2021 2
2022 0
2023 2
2024 132
2025 125
2026 160
2027 134
2028 148
2029 140
2030 104
2031 148
2032 111
2033 121
2034 117
2035 129
2036 76
2037 19
2038 1
2039 2
2040 1
2041 3
2042 0
2043 1
2044 0
2045 1
2046 1
2047 2
2048 125
2049 97
2050 134
2051 159
2052 113
2053 131
2054 143
2055 151
2056 160
2057 110
2058 120
2059 94
2060 70
2061 4
2062 7
2063 1
2064 3
2065 4
2066 1
2067 0
2068 1
2069 0
2070 0
2071 1
2072 121
2073 93
2074 161
2075 126
2076 143
2077 158
2078 124
2079 145
2080 140
2081 84
2082 116
2083 121
2084 47
2085 5
2086 4
2087 1
2088 0
2089 2
2090 0
2091 0
2092 0
2093 0
2094 1
2095 0
2096 123
2097 117
2098 133
2099 141
2100 118
2101 128
2102 144
2103 154
2104 134
2105 95
2106 82
2107 111
2108 42
2109 5
2110 3
2111 1
2112 2
2113 2
2114 0
2115 0
2116 1
2117 0
2118 1
2119 2
2120 112
2121 107
2122 125
2123 139
2124 129
2125 147
2126 150
2127 156
2128 140
2129 110
2130 88
2131 102
2132 56
2133 5
2134 1
2135 1
2136 0
2137 5
2138 2
2139 1
2140 0
2141 1
2142 0
2143 1
2144 70
2145 58
2146 91
2147 94
2148 122
2149 106
2150 117
2151 124
2152 126
2153 90
2154 76
2155 108
2156 51
2157 8
2158 4
2159 4
2160 4
2161 11
2162 1
2163 2
2164 3
2165 2
2166 0
2167 0
2168 38
2169 49
2170 32
2171 45
2172 47
2173 45
2174 65
2175 50
2176 73
2177 67
2178 58
2179 28
2180 3
2181 2
2182 1
2183 4
2184 1
2185 3
2186 0
2187 0
2188 0
2189 0
2190 1
2191 2
2192 102
2193 112
2194 173
2195 177
2196 146
2197 150
2198 141
2199 130
2200 140
2201 145
2202 132
2203 133
2204 53
2205 7
2206 4
2207 0
2208 1
2209 3
2210 0
2211 1
2212 0
2213 2
2214 1
2215 0
2216 112
2217 114
2218 153
2219 136
2220 136
2221 131
2222 177
2223 138
2224 158
2225 112
2226 104
2227 91
2228 49
2229 7
2230 3
2231 1
2232 2
2233 3
2234 2
2235 0
2236 0
2237 2
2238 1
2239 3
2240 111
2241 111
2242 130
2243 135
2244 151
2245 116
2246 144
2247 126
2248 105
2249 120
2250 89
2251 105
2252 62
2253 8
2254 2
2255 2
2256 0
2257 5
2258 1
2259 0
2260 0
2261 0
2262 2
2263 1
2264 107
2265 103
2266 142
2267 136
2268 120
2269 119
2270 118
2271 117
2272 109
2273 99
2274 131
2275 118
2276 48
2277 4
2278 3
2279 0
2280 5
2281 6
2282 1
2283 0
2284 0
2285 1
2286 1
2287 0
2288 70
2289 59
2290 69
2291 67
2292 57
2293 53
2294 61
2295 72
2296 60
2297 53
2298 58
2299 102
2300 49
2301 6
2302 5
2303 1
2304 4
2305 4
2306 0
2307 0
2308 1
2309 1
2310 0
2311 0
2312 74
2313 53
2314 91
2315 91
2316 72
2317 87
2318 79
2319 88
2320 73
2321 55
2322 79
2323 103
2324 47
2325 3
2326 2
2327 5
2328 2
2329 7
2330 4
2331 2
2332 3
2333 0
2334 0
2335 0
2336 39
2337 40
2338 55
2339 70
2340 37
2341 64
2342 61
2343 71
2344 57
2345 41
2346 44
2347 16
2348 4
2349 2
2350 3
2351 1
2352 3
2353 5
2354 1
2355 0
2356 0
2357 0
2358 1
2359 0
2360 73
2361 45
2362 49
2363 59
2364 59
2365 50
2366 45
2367 62
2368 62
2369 58
2370 53
2371 67
2372 45
2373 1
2374 0
2375 0
2376 0
2377 3
2378 0
2379 1
2380 0
2381 0
2382 0
2383 1
2384 97
2385 134
2386 117
2387 147
2388 117
2389 120
2390 120
2391 121
2392 121
2393 113
2394 127
2395 119
2396 51
2397 8
2398 0
2399 0
2400 2
2401 5
2402 0
2403 0
2404 0
2405 0
2406 1
2407 2
2408 98
2409 97
2410 117
2411 97
2412 106
2413 107
2414 118
2415 105
2416 125
2417 89
2418 113
2419 147
2420 54
2421 7
2422 1
2423 0
2424 0
2425 3
2426 0
2427 0
2428 0
2429 0
2430 1
2431 1
2432 109
2433 105
2434 129
2435 124
2436 116
2437 110
2438 108
2439 100
2440 105
2441 101
2442 123
2443 131
2444 61
2445 6
2446 2
2447 0
2448 0
2449 4
2450 0
2451 1
2452 1
2453 0
2454 2
2455 1
2456 112
2457 123
2458 161
2459 101
2460 141
2461 113
2462 143
2463 108
2464 115
2465 113
2466 104
2467 107
2468 38
2469 4
2470 2
2471 1
2472 1
2473 5
2474 0
2475 1
2476 0
2477 0
2478 0
2479 1
2480 57
2481 61
2482 90
2483 101
2484 81
2485 99
2486 97
2487 115
2488 107
2489 104
2490 70
2491 91
2492 35
2493 3
2494 1
2495 2
2496 0
2497 6
2498 0
2499 0
2500 0
2501 0
2502 0
2503 0
2504 42
2505 36
2506 41
2507 63
2508 69
2509 63
2510 56
2511 61
2512 44
2513 47
2514 57
2515 25
2516 4
2517 2
2518 1
2519 0
2520 1
2521 3
2522 4
2523 0
2524 0
2525 0
2526 0
2527 2
2528 106
2529 103
2530 140
2531 123
2532 105
2533 123
2534 122
2535 121
2536 124
2537 120
2538 121
2539 114
2540 47
2541 1
2542 1
2543 2
2544 3
2545 3
2546 2
2547 0
2548 1
2549 3
2550 0
2551 4
2552 102
2553 96
2554 127
2555 112
2556 118
2557 116
2558 93
2559 110
2560 110
2561 90
2562 94
2563 83
2564 54
2565 9
2566 3
2567 1
2568 3
2569 3
2570 1
2571 0
2572 0
2573 1
2574 0
2575 1
2576 97
2577 91
2578 104
2579 127
2580 111
2581 116
2582 108
2583 99
2584 109
2585 111
2586 95
2587 99
2588 49
2589 5
2590 2
2591 0
2592 0
2593 2
2594 2
2595 0
2596 1
2597 1
2598 1
2599 0
2600 93
2601 88
2602 134
2603 120
2604 102
2605 105
2606 98
2607 99
2608 109
2609 98
2610 82
2611 103
2612 34
2613 4
2614 1
2615 1
2616 0
2617 5
2618 0
2619 1
2620 1
2621 3
2622 1
2623 1
2624 111
2625 118
2626 124
2627 105
2628 96
2629 117
2630 112
2631 124
2632 105
2633 103
2634 86
2635 94
2636 37
2637 4
2638 4
2639 2
2640 0
2641 5
2642 3
2643 1
2644 1
2645 0
2646 0
2647 2
2648 58
2649 61
2650 76
2651 90
2652 82
2653 69
2654 81
2655 94
2656 68
2657 74
2658 78
2659 110
2660 34
2661 5
2662 3
2663 0
2664 1
2665 7
2666 0
2667 2
2668 1
2669 0
2670 0
2671 2
2672 29
2673 22
2674 39
2675 68
2676 55
2677 57
2678 57
2679 59
2680 45
2681 64
2682 56
2683 31
2684 0
2685 2
2686 1
2687 0
2688 0
2689 2
2690 0
2691 0
2692 0
2693 2
2694 0
2695 0
2696 95
2697 105
2698 130
2699 131
2700 99
2701 119
2702 111
2703 93
2704 106
2705 132
2706 79
2707 76
2708 40
2709 6
2710 1
2711 0
2712 0
2713 7
2714 0
2715 0
2716 1
2717 1
2718 1
2719 1
2720 83
2721 73
2722 121
2723 124
2724 106
2725 109
2726 101
2727 104
2728 97
2729 93
2730 131
2731 138
2732 58
2733 9
2734 2
2735 2
2736 5
2737 6
2738 2
2739 1
2740 1
2741 0
2742 0
2743 2
2744 79
2745 37
2746 27
2747 24
2748 16
2749 33
2750 36
2751 30
2752 37
2753 48
2754 46
2755 64
2756 42
2757 8
2758 0
2759 0
2760 0
2761 1
2762 0
2763 0
2764 0
2765 0
2766 1
2767 0
2768 111
2769 110
2770 124
2771 121
2772 88
2773 113
2774 102
2775 109
2776 124
2777 120
2778 109
2779 110
2780 58
2781 4
2782 0
2783 0
2784 0
2785 3
2786 0
2787 0
2788 0
2789 0
2790 0
2791 0
2792 96
2793 113
2794 106
2795 109
2796 107
2797 131
2798 133
2799 114
2800 112
2801 124
2802 80
2803 111
2804 44
2805 6
2806 1
2807 4
2808 1
2809 5
2810 2
2811 0
2812 1
2813 0
2814 0
2815 0
2816 80
2817 42
2818 68
2819 88
2820 71
2821 70
2822 75
2823 85
2824 93
2825 67
2826 60
2827 68
2828 50
2829 3
2830 2
2831 3
2832 1
2833 7
2834 3
2835 0
2836 3
2837 1
2838 1
2839 0
2840 33
2841 10
2842 25
2843 26
2844 57
2845 46
2846 47
2847 62
2848 47
2849 39
2850 33
2851 15
2852 1
2853 3
2854 0
2855 0
2856 0
2857 4
2858 0
2859 0
2860 0
2861 0
2862 0
2863 1
2864 119
2865 111
2866 120
2867 89
2868 106
2869 108
2870 97
2871 98
2872 121
2873 117
2874 84
2875 112
2876 44
2877 2
2878 1
2879 1
2880 1
2881 3
2882 0
2883 1
2884 1
2885 1
2886 0
2887 2
2888 90
2889 105
2890 97
2891 94
2892 132
2893 98
2894 101
2895 110
2896 117
2897 118
2898 102
2899 128
2900 82
2901 5
2902 0
2903 1
2904 1
2905 4
2906 2
2907 2
2908 0
2909 0
2910 0
2911 1
2912 98
2913 97
2914 124
2915 93
2916 122
2917 101
2918 106
2919 106
2920 118
2921 120
2922 130
2923 121
2924 53
2925 4
2926 1
2927 0
2928 0
2929 3
2930 0
2931 0
2932 2
2933 0
2934 0
2935 1
2936 94
2937 93
2938 124
2939 117
2940 120
2941 101
2942 96
2943 107
2944 91
2945 105
2946 91
2947 89
2948 41
2949 7
2950 1
2951 0
2952 1
2953 4
2954 0
2955 0
2956 2
2957 1
2958 5
2959 3
2960 96
2961 95
2962 134
2963 104
2964 88
2965 97
2966 90
2967 84
2968 84
2969 112
2970 80
2971 92
2972 41
2973 7
2974 8
2975 1
2976 1
2977 6
2978 3
2979 3
2980 4
2981 4
2982 5
2983 0
2984 60
2985 46
2986 70
2987 80
2988 104
2989 90
2990 81
2991 90
2992 64
2993 58
2994 54
2995 69
2996 35
2997 1
2998 4
2999 2
3000 0
3001 4
3002 2
3003 4
3004 2
3005 1
3006 1
3007 1
3008 37
3009 19
3010 23
3011 40
3012 44
3013 31
3014 43
3015 26
3016 36
3017 30
3018 28
3019 11
3020 5
3021 2
3022 0
3023 1
3024 1
3025 3
3026 0
3027 0
3028 0
3029 0
3030 1
3031 3
3032 100
3033 94
3034 124
3035 119
3036 109
3037 97
3038 113
3039 109
3040 107
3041 80
3042 74
3043 80
3044 47
3045 4
3046 2
3047 1
3048 0
3049 4
3050 0
3051 0
3052 1
3053 0
3054 1
3055 3
3056 102
3057 95
3058 96
3059 112
3060 96
3061 82
3062 77
3063 97
3064 95
3065 96
3066 78
3067 98
3068 37
3069 2
3070 2
3071 0
3072 3
3073 4
3074 0
3075 3
3076 1
3077 0
3078 2
3079 1
3080 96
3081 104
3082 107
3083 89
3084 90
3085 68
3086 86
3087 95
3088 91
3089 83
3090 77
3091 88
3092 74
3093 11
3094 3
3095 4
3096 0
3097 2
3098 0
3099 1
3100 0
3101 0
3102 1
3103 1
3104 84
3105 96
3106 104
3107 97
3108 101
3109 88
3110 97
3111 81
3112 89
3113 74
3114 80
3115 104
3116 51
3117 7
3118 1
3119 1
3120 0
3121 4
3122 2
3123 0
3124 0
3125 0
3126 1
3127 1
3128 106
3129 79
3130 108
3131 94
3132 103
3133 88
3134 92
3135 104
3136 89
3137 93
3138 76
3139 84
3140 46
3141 6
3142 4
3143 6
3144 4
3145 5
3146 1
3147 1
3148 0
3149 1
3150 0
3151 1
3152 67
3153 52
3154 62
3155 76
3156 83
3157 78
3158 60
3159 89
3160 79
3161 85
3162 73
3163 68
3164 55
3165 3
3166 2
3167 0
3168 5
3169 9
3170 2
3171 1
3172 2
3173 1
3174 0
3175 2
3176 38
3177 25
3178 26
3179 21
3180 32
3181 27
3182 33
3183 27
3184 24
3185 27
3186 34
3187 18
3188 2
3189 2
3190 1
3191 1
3192 1
3193 3
3194 0
3195 0
3196 1
3197 1
3198 1
3199 1
3200 103
3201 84
3202 108
3203 96
3204 81
3205 88
3206 120
3207 112
3208 97
3209 65
3210 85
3211 83
3212 44
3213 5
3214 3
3215 4
3216 1
3217 2
3218 0
3219 0
3220 1
3221 0
3222 2
3223 0
3224 93
3225 85
3226 95
3227 107
3228 78
3229 72
3230 63
3231 84
3232 97
3233 73
3234 68
3235 97
3236 56
3237 4
3238 0
3239 2
3240 0
3241 3
3242 1
3243 0
3244 0
3245 0
3246 0
3247 0
3248 88
3249 87
3250 92
3251 88
3252 77
3253 100
3254 94
3255 84
3256 87
3257 101
3258 91
3259 87
3260 54
3261 13
3262 0
3263 7
3264 1
3265 6
3266 9
3267 6
3268 4
3269 4
3270 1
3271 4
3272 81
3273 71
3274 97
3275 83
3276 106
3277 115
3278 88
3279 107
3280 85
3281 76
3282 73
3283 82
3284 44
3285 4
3286 1
3287 2
3288 4
3289 5
3290 0
3291 1
3292 3
3293 4
3294 2
3295 2
3296 91
3297 63
3298 108
3299 97
3300 110
3301 76
3302 82
3303 97
3304 105
3305 76
3306 78
3307 65
3308 43
3309 1
3310 1
3311 2
3312 1
3313 6
3314 1
3315 2
3316 2
3317 2
3318 0
3319 1
3320 68
3321 38
3322 67
3323 65
3324 85
3325 71
3326 58
3327 68
3328 67
3329 57
3330 70
3331 80
3332 28
3333 4
3334 2
3335 1
3336 1
3337 5
3338 3
3339 4
3340 0
3341 0
3342 0
3343 1
3344 32
3345 30
3346 22
3347 40
3348 21
3349 21
3350 25
3351 27
3352 20
3353 20
3354 26
3355 13
3356 1
3357 1
3358 0
3359 0
3360 3
3361 3
3362 0
3363 1
3364 1
3365 2
3366 2
3367 2
3368 87
3369 77
3370 123
3371 104
3372 92
3373 93
3374 97
3375 100
3376 87
3377 82
3378 93
3379 65
3380 42
3381 9
3382 1
3383 2
3384 1
3385 3
3386 0
3387 3
3388 2
3389 0
3390 3
3391 1
3392 88
3393 81
3394 90
3395 80
3396 99
3397 90
3398 84
3399 91
3400 95
3401 96
3402 82
3403 103
3404 49
3405 2
3406 0
3407 1
3408 0
3409 7
3410 0
3411 0
3412 2
3413 1
3414 0
3415 1
3416 90
3417 95
3418 108
3419 94
3420 96
3421 93
3422 100
3423 91
3424 109
3425 79
3426 81
3427 110
3428 64
3429 5
3430 2
3431 0
3432 0
3433 4
3434 0
3435 1
3436 1
3437 1
3438 4
3439 1
3440 82
3441 65
3442 115
3443 83
3444 104
3445 84
3446 85
3447 90
3448 95
3449 67
3450 89
3451 55
3452 44
3453 3
3454 3
3455 2
3456 0
3457 4
3458 0
3459 0
3460 0
3461 1
3462 0
3463 4
3464 92
3465 64
3466 101
3467 89
3468 95
3469 104
3470 83
3471 87
3472 80
3473 76
3474 69
3475 58
3476 36
3477 5
3478 4
3479 3
3480 5
3481 4
3482 4
3483 1
3484 1
3485 1
3486 2
3487 4
3488 57
3489 52
3490 68
3491 61
3492 73
3493 90
3494 80
3495 54
3496 53
3497 76
3498 49
3499 52
3500 34
3501 3
3502 2
3503 4
3504 2
3505 5
3506 2
3507 0
3508 4
3509 2
3510 4
3511 3
3512 28
3513 30
3514 42
3515 57
3516 42
3517 37
3518 41
3519 31
3520 43
3521 45
3522 40
3523 12
3524 3
3525 2
3526 0
3527 2
3528 0
3529 4
3530 1
3531 0
3532 2
3533 1
3534 4
3535 5
3536 68
3537 94
3538 117
3539 95
3540 94
3541 105
3542 91
3543 94
3544 82
3545 83
3546 64
3547 86
3548 47
3549 5
3550 3
3551 1
3552 1
3553 4
3554 3
3555 4
3556 1
3557 1
3558 1
3559 7
3560 86
3561 87
3562 115
3563 95
3564 80
3565 101
3566 95
3567 90
3568 85
3569 69
3570 88
3571 75
3572 50
3573 16
3574 5
3575 11
3576 9
3577 10
3578 4
3579 0
3580 4
3581 11
3582 13
3583 22
3584 84
3585 93
3586 93
3587 107
3588 90
3589 109
3590 93
3591 80
3592 96
3593 70
3594 81
3595 76
3596 38
3597 8
3598 5
3599 3
3600 1
3601 4
3602 0
3603 2
3604 0
3605 1
3606 0
3607 6
3608 74
3609 77
3610 92
3611 83
3612 107
3613 99
3614 90
3615 111
3616 106
3617 62
3618 68
3619 82
3620 37
3621 9
3622 0
3623 0
3624 0
3625 3
3626 0
3627 1
3628 0
3629 1
3630 0
3631 4
3632 72
3633 58
3634 104
3635 96
3636 83
3637 76
3638 90
3639 82
3640 70
3641 84
3642 52
3643 75
3644 28
3645 12
3646 4
3647 3
3648 3
3649 5
3650 0
3651 2
3652 2
3653 1
3654 2
3655 3
3656 51
3657 32
3658 56
3659 58
3660 58
3661 61
3662 63
3663 70
3664 55
3665 59
3666 65
3667 67
3668 40
3669 5
3670 2
3671 3
3672 2
3673 7
3674 0
3675 0
3676 0
3677 1
3678 0
3679 0
3680 23
3681 9
3682 29
3683 41
3684 36
3685 34
3686 44
3687 29
3688 32
3689 28
3690 37
3691 9
3692 1
3693 2
3694 1
3695 0
3696 3
3697 2
3698 1
3699 1
3700 1
3701 1
3702 1
3703 2
3704 77
3705 59
3706 96
3707 62
3708 78
3709 89
3710 78
3711 73
3712 76
3713 71
3714 55
3715 55
3716 34
3717 9
3718 0
3719 1
3720 1
3721 1
3722 2
3723 2
3724 1
3725 0
3726 0
3727 5
3728 72
3729 60
3730 88
3731 80
3732 73
3733 77
3734 76
3735 82
3736 82
3737 73
3738 65
3739 79
3740 44
3741 7
3742 3
3743 1
3744 1
3745 2
3746 1
3747 2
3748 0
3749 0
3750 0
3751 2
3752 67
3753 75
3754 93
3755 80
3756 85
3757 96
3758 89
3759 84
3760 83
3761 79
3762 70
3763 73
3764 48
3765 13
3766 7
3767 3
3768 2
3769 3
3770 1
3771 0
3772 0
3773 2
3774 6
3775 5
3776 85
3777 67
3778 91
3779 88
3780 87
3781 87
3782 93
3783 76
3784 95
3785 56
3786 58
3787 69
3788 43
3789 12
3790 2
3791 1
3792 0
3793 1
3794 1
3795 3
3796 2
3797 0
3798 1
3799 1
3800 77
3801 78
3802 98
3803 82
3804 90
3805 93
3806 80
3807 78
3808 95
3809 81
3810 71
3811 67
3812 40
3813 5
3814 1
3815 1
3816 7
3817 4
3818 5
3819 0
3820 1
3821 1
3822 3
3823 1
3824 32
3825 29
3826 46
3827 50
3828 85
3829 68
3830 62
3831 65
3832 55
3833 38
3834 53
3835 59
3836 34
3837 7
3838 2
3839 0
3840 3
3841 5
3842 1
3843 0
3844 1
3845 3
3846 0
3847 1
3848 16
3849 6
3850 19
3851 32
3852 34
3853 44
3854 34
3855 37
3856 29
3857 27
3858 37
3859 16
3860 2
3861 1
3862 3
3863 2
3864 2
3865 5
3866 1
3867 1
3868 1
3869 4
3870 1
3871 2
3872 43
3873 20
3874 29
3875 20
3876 21
3877 22
3878 20
3879 17
3880 19
3881 33
3882 18
3883 37
3884 36
3885 7
3886 3
3887 0
3888 1
3889 1
3890 0
3891 1
3892 1
3893 0
3894 1
3895 1
3896 72
3897 73
3898 89
3899 88
3900 75
3901 74
3902 83
3903 95
3904 86
3905 70
3906 66
3907 76
3908 41
3909 2
3910 7
3911 0
3912 0
3913 1
3914 0
3915 1
3916 0
3917 0
3918 0
3919 1
3920 70
3921 59
3922 103
3923 90
3924 88
3925 78
3926 91
3927 78
3928 65
3929 75
3930 88
3931 84
3932 55
3933 9
3934 0
3935 2
3936 1
3937 0
3938 1
3939 2
3940 1
3941 2
3942 1
3943 1
3944 61
3945 52
3946 88
3947 74
3948 79
3949 83
3950 73
3951 85
3952 75
3953 76
3954 71
3955 88
3956 33
3957 13
3958 1
3959 0
3960 1
3961 2
3962 0
3963 1
3964 2
3965 0
3966 0
3967 2
3968 81
3969 87
3970 95
3971 70
3972 85
3973 80
3974 78
3975 102
3976 93
3977 69
3978 80
3979 73
3980 44
3981 6
3982 0
3983 1
3984 0
3985 4
3986 0
3987 3
3988 0
3989 1
3990 0
3991 1
3992 48
3993 29
3994 65
3995 71
3996 76
3997 72
3998 74
3999 62
4000 57
4001 59
4002 64
4003 65
4004 42
4005 8
4006 1
4007 1
4008 0
4009 4
4010 0
4011 0
4012 0
4013 1
4014 0
4015 1
4016 22
4017 14
4018 39
4019 35
4020 41
4021 48
4022 42
4023 39
4024 33
4025 44
4026 30
4027 20
4028 2
4029 6
4030 2
4031 2
4032 0
4033 0
4034 1
4035 2
4036 0
4037 0
4038 2
4039 4
4040 71
4041 78
4042 82
4043 98
4044 90
4045 82
4046 84
4047 87
4048 102
4049 87
4050 94
4051 83
4052 44
4053 6
4054 3
4055 3
4056 4
4057 1
4058 1
4059 1
4060 0
4061 2
4062 3
4063 0
4064 75
4065 61
4066 91
4067 94
4068 84
4069 92
4070 112
4071 77
4072 104
4073 84
4074 86
4075 96
4076 43
4077 3
4078 2
4079 1
4080 1
4081 1
4082 2
4083 1
4084 2
4085 0
4086 4
4087 2
4088 80
4089 66
4090 112
4091 81
4092 71
4093 96
4094 84
4095 105
4096 93
4097 78
4098 75
4099 78
4100 43
4101 7
4102 6
4103 3
4104 0
4105 1
4106 0
4107 1
4108 1
4109 0
4110 0
4111 6
4112 75
4113 56
4114 91
4115 79
4116 76
4117 89
4118 90
4119 82
4120 88
4121 62
4122 68
4123 80
4124 45
4125 17
4126 8
4127 0
4128 1
4129 2
4130 1
4131 1
4132 1
4133 0
4134 1
4135 7
4136 72
4137 75
4138 95
4139 100
4140 113
4141 110
4142 90
4143 93
4144 90
4145 80
4146 69
4147 81
4148 32
4149 5
4150 4
4151 0
4152 1
4153 5
4154 0
4155 0
4156 1
4157 0
4158 0
4159 1
4160 43
4161 29
4162 61
4163 65
4164 79
4165 67
4166 93
4167 79
4168 70
4169 67
4170 45
4171 60
4172 46
4173 1
4174 1
4175 0
4176 2
4177 5
4178 0
4179 1
4180 0
4181 1
4182 0
4183 1
4184 21
4185 10
4186 22
4187 39
4188 38
4189 40
4190 38
4191 37
4192 38
4193 38
4194 30
4195 12
4196 1
4197 2
4198 0
4199 0
4200 1
4201 1
4202 0
4203 1
4204 0
4205 0
4206 3
4207 1
4208 82
4209 88
4210 95
4211 112
4212 78
4213 76
4214 80
4215 94
4216 75
4217 81
4218 78
4219 81
4220 35
4221 6
4222 0
4223 0
4224 0
4225 1
4226 0
4227 2
4228 0
4229 1
4230 1
4231 4
4232 70
4233 70
4234 90
4235 105
4236 83
4237 86
4238 96
4239 85
4240 84
4241 75
4242 93
4243 109
4244 48
4245 6
4246 2
4247 0
4248 0
4249 2
4250 0
4251 3
4252 1
4253 0
4254 0
4255 1
4256 68
4257 68
4258 89
4259 75
4260 90
4261 92
4262 78
4263 92
4264 82
4265 72
4266 80
4267 93
4268 57
4269 5
4270 6
4271 3
4272 1
4273 1
4274 0
4275 2
4276 0
4277 0
4278 0
4279 0
4280 69
4281 74
4282 91
4283 105
4284 81
4285 85
4286 89
4287 97
4288 86
4289 77
4290 74
4291 95
4292 41
4293 5
4294 1
4295 0
4296 0
4297 1
4298 0
4299 0
4300 0
4301 0
4302 0
4303 1
4304 70
4305 96
4306 91
4307 79
4308 88
4309 94
4310 92
4311 107
4312 90
4313 75
4314 75
4315 56
4316 33
4317 5
4318 2
4319 3
4320 2
4321 2
4322 1
4323 0
4324 0
4325 0
4326 0
4327 0
4328 41
4329 43
4330 65
4331 57
4332 66
4333 78
4334 69
4335 68
4336 70
4337 77
4338 52
4339 58
4340 44
4341 5
4342 2
4343 1
4344 1
4345 5
4346 1
4347 1
4348 0
4349 2
4350 0
4351 2
4352 22
4353 14
4354 19
4355 47
4356 33
4357 33
4358 35
4359 38
4360 37
4361 25
4362 30
4363 12
4364 0
4365 0
4366 0
4367 1
4368 0
4369 1
4370 0
4371 2
4372 2
4373 0
4374 2
4375 0
4376 66
4377 83
4378 117
4379 108
4380 87
4381 102
4382 73
4383 83
4384 98
4385 79
4386 81
4387 92
4388 44
4389 3
4390 2
4391 1
4392 1
4393 1
4394 1
4395 0
4396 0
4397 0
4398 1
4399 3
4400 74
4401 73
4402 124
4403 96
4404 89
4405 95
4406 89
4407 87
4408 78
4409 61
4410 81
4411 83
4412 56
4413 14
4414 3
4415 0
4416 0
4417 1
4418 0
4419 2
4420 0
4421 0
4422 0
4423 0
4424 82
4425 67
4426 74
4427 81
4428 81
4429 82
4430 77
4431 61
4432 83
4433 56
4434 70
4435 94
4436 45
4437 8
4438 4
4439 0
4440 0
4441 1
4442 1
4443 1
4444 1
4445 1
4446 0
4447 0
4448 80
4449 62
4450 88
4451 79
4452 74
4453 91
4454 90
4455 88
4456 90
4457 76
4458 86
4459 93
4460 48
4461 16
4462 1
4463 2
4464 1
4465 3
4466 1
4467 3
4468 0
4469 0
4470 1
4471 0
4472 81
4473 65
4474 98
4475 88
4476 85
4477 110
4478 82
4479 85
4480 97
4481 71
4482 66
4483 66
4484 39
4485 3
4486 1
4487 1
4488 3
4489 6
4490 0
4491 2
4492 0
4493 0
4494 1
4495 1
4496 40
4497 34
4498 44
4499 49
4500 69
4501 56
4502 69
4503 59
4504 68
4505 72
4506 41
4507 69
4508 37
4509 7
4510 3
4511 1
4512 1
4513 8
4514 0
4515 0
4516 0
4517 1
4518 0
4519 0
4520 18
4521 20
4522 25
4523 38
4524 38
4525 37
4526 43
4527 41
4528 39
4529 30
4530 29
4531 21
4532 1
4533 1
4534 1
4535 0
4536 0
4537 2
4538 0
4539 2
4540 0
4541 0
4542 0
4543 0
4544 67
4545 76
4546 96
4547 86
4548 70
4549 76
4550 81
4551 81
4552 104
4553 71
4554 86
4555 99
4556 37
4557 6
4558 2
4559 0
4560 1
4561 1
4562 0
4563 1
4564 0
4565 0
4566 0
4567 1
4568 69
4569 69
4570 112
4571 81
4572 98
4573 100
4574 100
4575 102
4576 92
4577 84
4578 93
4579 84
4580 57
4581 8
4582 2
4583 0
4584 1
4585 1
4586 0
4587 1
4588 0
4589 0
4590 0
4591 0
4592 69
4593 87
4594 79
4595 95
4596 85
4597 77
4598 69
4599 74
4600 91
4601 67
4602 89
4603 86
4604 64
4605 6
4606 3
4607 1
4608 1
4609 2
4610 0
4611 2
4612 0
4613 1
4614 1
4615 0
4616 74
4617 64
4618 104
4619 104
4620 102
4621 106
4622 96
4623 84
4624 85
4625 52
4626 58
4627 62
4628 49
4629 12
4630 4
4631 1
4632 1
4633 1
4634 0
4635 4
4636 0
4637 0
4638 0
4639 0
4640 71
4641 77
4642 100
4643 80
4644 79
4645 93
4646 104
4647 107
4648 75
4649 68
4650 65
4651 85
4652 39
4653 7
4654 4
4655 0
4656 0
4657 5
4658 0
4659 2
4660 0
4661 0
4662 2
4663 0
4664 51
4665 36
4666 68
4667 61
4668 84
4669 72
4670 62
4671 71
4672 72
4673 66
4674 61
4675 62
4676 45
4677 5
4678 0
4679 0
4680 1
4681 5
4682 0
4683 0
4684 1
4685 1
4686 1
4687 0
4688 37
4689 24
4690 23
4691 27
4692 42
4693 36
4694 34
4695 31
4696 34
4697 36
4698 29
4699 13
4700 0
4701 0
4702 0
4703 0
4704 0
4705 1
4706 0
4707 2
4708 0
4709 0
4710 0
4711 0
4712 70
4713 59
4714 108
4715 82
4716 82
4717 91
4718 79
4719 81
4720 78
4721 61
4722 80
4723 80
4724 40
4725 3
4726 2
4727 6
4728 8
4729 7
4730 3
4731 1
4732 2
4733 0
4734 0
4735 8
4736 73
4737 80
4738 91
4739 87
4740 94
4741 92
4742 80
4743 78
4744 84
4745 50
4746 83
4747 82
4748 39
4749 5
4750 3
4751 1
4752 1
4753 0
4754 2
4755 1
4756 0
4757 0
4758 0
4759 4
4760 69
4761 74
4762 99
4763 76
4764 82
4765 84
4766 86
4767 78
4768 79
4769 76
4770 80
4771 80
4772 33
4773 15
4774 4
4775 1
4776 0
4777 1
4778 0
4779 1
4780 0
4781 0
4782 1
4783 2
4784 72
4785 72
4786 101
4787 88
4788 81
4789 91
4790 76
4791 80
4792 89
4793 72
4794 57
4795 68
4796 32
4797 8
4798 4
4799 3
4800 1
4801 1
4802 0
4803 2
4804 0
4805 0
4806 1
4807 4
4808 74
4809 68
4810 108
4811 82
4812 77
4813 93
4814 73
4815 78
4816 89
4817 63
4818 55
4819 72
4820 49
4821 7
4822 7
4823 4
4824 2
4825 8
4826 2
4827 2
4828 0
4829 1
4830 0
4831 0
4832 42
4833 37
4834 48
4835 64
4836 68
4837 52
4838 66
4839 59
4840 63
4841 52
4842 43
4843 48
4844 39
4845 10
4846 2
4847 2
4848 4
4849 6
4850 2
4851 0
4852 1
4853 1
4854 1
4855 1
4856 22
4857 16
4858 20
4859 32
4860 41
4861 32
4862 47
4863 43
4864 36
4865 31
4866 18
4867 13
4868 1
4869 3
4870 2
4871 1
4872 0
4873 0
4874 1
4875 1
4876 1
4877 1
4878 0
4879 1
4880 63
4881 94
4882 109
4883 84
4884 77
4885 87
4886 86
4887 70
4888 85
4889 56
4890 84
4891 68
4892 31
4893 4
4894 3
4895 1
4896 1
4897 0
4898 2
4899 1
4900 1
4901 1
4902 0
4903 2
4904 66
4905 66
4906 71
4907 87
4908 91
4909 92
4910 88
4911 84
4912 80
4913 68
4914 72
4915 88
4916 33
4917 2
4918 1
4919 1
4920 5
4921 1
4922 0
4923 2
4924 1
4925 0
4926 1
4927 4
4928 79
4929 75
4930 103
4931 85
4932 85
4933 94
4934 93
4935 86
4936 90
4937 62
4938 66
4939 81
4940 43
4941 6
4942 7
4943 2
4944 1
4945 2
4946 1
4947 1
4948 1
4949 0
4950 2
4951 5
4952 68
4953 70
4954 95
4955 74
4956 100
4957 89
4958 89
4959 84
4960 88
4961 63
4962 72
4963 70
4964 39
4965 11
4966 5
4967 4
4968 3
4969 7
4970 2
4971 3
4972 2
4973 0
4974 3
4975 3
4976 70
4977 77
4978 113
4979 96
4980 79
4981 96
4982 93
4983 129
4984 87
4985 60
4986 60
4987 75
4988 47
4989 9
4990 7
4991 5
4992 0
4993 6
4994 1
4995 0
4996 1
4997 0
4998 0
4999 0
5000 51
5001 34
5002 43
5003 63
5004 61
5005 66
5006 71
5007 72
5008 70
5009 55
5010 67
5011 64
5012 50
5013 8
5014 2
5015 4
5016 2
5017 6
5018 3
5019 1
5020 1
5021 0
5022 2
5023 0
5024 24
5025 23
5026 27
5027 30
5028 21
5029 25
5030 28
5031 31
5032 20
5033 35
5034 18
5035 6
5036 1
5037 1
5038 2
5039 1
5040 1
5041 1
5042 0
5043 2
5044 1
5045 1
5046 0
5047 2
5048 63
5049 72
5050 103
5051 93
5052 85
5053 92
5054 99
5055 86
5056 84
5057 79
5058 64
5059 84
5060 32
5061 4
5062 5
5063 0
5064 4
5065 0
5066 3
5067 1
5068 1
5069 1
5070 1
5071 3
5072 60
5073 67
5074 102
5075 94
5076 79
5077 90
5078 83
5079 98
5080 91
5081 66
5082 87
5083 83
5084 53
5085 5
5086 2
5087 2
5088 1
5089 3
5090 1
5091 0
5092 0
5093 0
5094 1
5095 4
5096 63
5097 89
5098 94
5099 85
5100 69
5101 119
5102 82
5103 90
5104 69
5105 62
5106 67
5107 76
5108 43
5109 13
5110 4
5111 1
5112 1
5113 0
5114 0
5115 1
5116 0
5117 1
5118 0
5119 3
5120 62
5121 72
5122 88
5123 90
5124 70
5125 85
5126 83
5127 99
5128 76
5129 85
5130 79
5131 92
5132 38
5133 16
5134 6
5135 4
5136 2
5137 2
5138 0
5139 3
5140 1
5141 0
5142 3
5143 1
5144 74
5145 81
5146 107
5147 85
5148 76
5149 98
5150 100
5151 95
5152 91
5153 72
5154 60
5155 78
5156 44
5157 13
5158 3
5159 6
5160 1
5161 4
5162 0
5163 1
5164 0
5165 1
5166 0
5167 0
5168 56
5169 32
5170 40
5171 74
5172 55
5173 61
5174 73
5175 77
5176 53
5177 53
5178 70
5179 80
5180 45
5181 10
5182 3
5183 2
5184 0
5185 7
5186 0
5187 1
5188 1
5189 0
5190 0
5191 0
5192 27
5193 13
5194 29
5195 29
5196 29
5197 38
5198 41
5199 47
5200 41
5201 40
5202 40
5203 10
5204 4
5205 2
5206 1
5207 1
5208 0
5209 1
5210 0
5211 1
5212 1
5213 0
5214 4
5215 1
5216 68
5217 78
5218 105
5219 111
5220 100
5221 99
5222 99
5223 81
5224 114
5225 99
5226 72
5227 102
5228 44
5229 12
5230 3
5231 1
5232 3
5233 2
5234 1
5235 1
5236 0
5237 1
5238 1
5239 7
5240 78
5241 73
5242 105
5243 88
5244 106
5245 108
5246 100
5247 118
5248 97
5249 60
5250 84
5251 92
5252 42
5253 12
5254 5
5255 1
5256 1
5257 1
5258 0
5259 2
5260 1
5261 0
5262 0
5263 3
5264 80
5265 82
5266 123
5267 89
5268 114
5269 116
5270 101
5271 103
5272 83
5273 101
5274 86
5275 91
5276 43
5277 15
5278 7
5279 4
5280 0
5281 3
5282 2
5283 1
5284 0
5285 0
5286 0
5287 4
5288 75
5289 76
5290 117
5291 94
5292 93
5293 97
5294 96
5295 93
5296 106
5297 83
5298 88
5299 101
5300 46
5301 10
5302 3
5303 0
5304 0
5305 1
5306 0
5307 2
5308 0
5309 0
5310 3
5311 2
5312 80
5313 82
5314 108
5315 91
5316 99
5317 98
5318 103
5319 115
5320 121
5321 101
5322 73
5323 76
5324 59
5325 4
5326 3
5327 4
5328 1
5329 4
5330 1
5331 0
5332 0
5333 1
5334 0
5335 3
5336 48
5337 38
5338 72
5339 84
5340 89
5341 76
5342 90
5343 70
5344 75
5345 62
5346 52
5347 72
5348 59
5349 3
5350 5
5351 5
5352 3
5353 8
5354 0
5355 2
5356 3
5357 1
5358 0
5359 0
5360 35
5361 14
5362 30
5363 35
5364 61
5365 56
5366 52
5367 40
5368 50
5369 50
5370 25
5371 10
5372 0
5373 1
5374 3
5375 0
5376 1
5377 2
5378 0
5379 1
5380 0
5381 0
5382 5
5383 3
5384 94
5385 79
5386 115
5387 109
5388 111
5389 111
5390 99
5391 100
5392 85
5393 94
5394 80
5395 63
5396 41
5397 7
5398 4
5399 1
5400 2
5401 0
5402 2
5403 2
5404 0
5405 0
5406 0
5407 1
5408 74
5409 69
5410 119
5411 96
5412 99
5413 89
5414 101
5415 115
5416 105
5417 78
5418 69
5419 98
5420 39
5421 11
5422 10
5423 2
5424 1
5425 2
5426 2
5427 1
5428 0
5429 1
5430 4
5431 4
5432 93
5433 93
5434 116
5435 98
5436 102
5437 103
5438 121
5439 105
5440 105
5441 81
5442 68
5443 82
5444 37
5445 12
5446 8
5447 0
5448 1
5449 1
5450 0
5451 2
5452 0
5453 0
5454 0
5455 3
5456 84
5457 74
5458 130
5459 111
5460 134
5461 93
5462 102
5463 122
5464 102
5465 77
5466 86
5467 95
5468 56
5469 9
5470 7
5471 2
5472 3
5473 0
5474 1
5475 2
5476 1
5477 0
5478 2
5479 4
5480 79
5481 85
5482 127
5483 124
5484 92
5485 119
5486 109
5487 115
5488 108
5489 85
5490 80
5491 89
5492 57
5493 8
5494 1
5495 5
5496 2
5497 5
5498 1
5499 2
5500 2
5501 0
5502 0
5503 4
5504 59
5505 46
5506 77
5507 85
5508 78
5509 86
5510 89
5511 87
5512 72
5513 77
5514 66
5515 90
5516 29
5517 9
5518 3
5519 0
5520 4
5521 8
5522 2
5523 1
5524 0
5525 1
5526 1
5527 3
5528 24
5529 16
5530 28
5531 47
5532 47
5533 54
5534 50
5535 56
5536 55
5537 37
5538 31
5539 26
5540 1
5541 2
5542 3
5543 1
5544 0
5545 3
5546 1
5547 1
5548 0
5549 1
5550 4
5551 4
5552 77
5553 65
5554 99
5555 93
5556 102
5557 92
5558 92
5559 110
5560 72
5561 84
5562 78
5563 93
5564 51
5565 7
5566 8
5567 1
5568 2
5569 1
5570 2
5571 1
5572 1
5573 2
5574 2
5575 1
5576 94
5577 98
5578 104
5579 106
5580 98
5581 106
5582 110
5583 116
5584 90
5585 96
5586 84
5587 107
5588 54
5589 16
5590 6
5591 0
5592 2
5593 2
5594 0
5595 3
5596 2
5597 0
5598 0
5599 6
5600 93
5601 77
5602 116
5603 95
5604 92
5605 96
5606 100
5607 87
5608 77
5609 88
5610 78
5611 101
5612 55
5613 9
5614 5
5615 3
5616 1
5617 3
5618 0
5619 1
5620 0
5621 1
5622 0
5623 3
5624 92
5625 85
5626 130
5627 97
5628 113
5629 112
5630 107
5631 123
5632 107
5633 83
5634 59
5635 79
5636 54
5637 29
5638 4
5639 4
5640 5
5641 2
5642 1
5643 1
5644 1
5645 2
5646 2
5647 3
5648 91
5649 66
5650 113
5651 102
5652 118
5653 90
5654 111
5655 84
5656 102
5657 85
5658 73
5659 98
5660 60
5661 6
5662 7
5663 6
5664 0
5665 5
5666 2
5667 4
5668 1
5669 2
5670 2
5671 1
5672 77
5673 48
5674 66
5675 66
5676 76
5677 107
5678 92
5679 87
5680 93
5681 73
5682 58
5683 72
5684 45
5685 7
5686 5
5687 2
5688 4
5689 7
5690 4
5691 1
5692 1
5693 1
5694 0
5695 0
5696 27
5697 17
5698 28
5699 41
5700 62
5701 51
5702 67
5703 65
5704 45
5705 38
5706 40
5707 16
5708 2
5709 0
5710 4
5711 3
5712 3
5713 1
5714 1
5715 1
5716 0
5717 0
5718 3
5719 2
5720 75
5721 80
5722 121
5723 110
5724 90
5725 132
5726 97
5727 106
5728 108
5729 80
5730 72
5731 75
5732 47
5733 10
5734 2
5735 1
5736 0
5737 2
5738 0
5739 1
5740 2
5741 1
5742 0
5743 5
5744 93
5745 74
5746 114
5747 120
5748 122
5749 117
5750 123
5751 94
5752 123
5753 88
5754 78
5755 109
5756 55
5757 12
5758 6
5759 3
5760 2
5761 2
5762 0
5763 1
5764 0
5765 0
5766 0
5767 3
5768 80
5769 66
5770 101
5771 121
5772 95
5773 95
5774 91
5775 109
5776 100
5777 89
5778 116
5779 112
5780 50
5781 5
5782 5
5783 3
5784 1
5785 3
5786 0
5787 3
5788 2
5789 1
5790 0
5791 4
5792 79
5793 82
5794 125
5795 97
5796 88
5797 111
5798 99
5799 109
5800 101
5801 99
5802 109
5803 118
5804 56
5805 15
5806 7
5807 2
5808 2
5809 4
5810 1
5811 2
5812 2
5813 0
5814 1
5815 4
5816 93
5817 80
5818 146
5819 96
5820 180
5821 119
5822 116
5823 121
5824 124
5825 92
5826 91
5827 109
5828 41
5829 10
5830 11
5831 8
5832 4
5833 8
5834 2
5835 1
5836 0
5837 0
5838 1
5839 1
5840 60
5841 52
5842 82
5843 84
5844 82
5845 69
5846 74
5847 91
5848 67
5849 73
5850 62
5851 89
5852 52
5853 3
5854 3
5855 3
5856 7
5857 6
5858 4
5859 0
5860 1
5861 2
5862 0
5863 1
5864 23
5865 14
5866 18
5867 22
5868 59
5869 51
5870 53
5871 38
5872 42
5873 36
5874 26
5875 20
5876 2
5877 2
5878 0
5879 2
5880 2
5881 1
5882 1
5883 1
5884 0
5885 0
5886 3
5887 6
5888 69
5889 71
5890 134
5891 115
5892 109
5893 104
5894 104
5895 127
5896 95
5897 119
5898 96
5899 104
5900 34
5901 8
5902 2
5903 3
5904 0
5905 0
5906 0
5907 1
5908 1
5909 1
5910 0
5911 2
5912 72
5913 87
5914 115
5915 122
5916 100
5917 110
5918 120
5919 107
5920 99
5921 98
5922 72
5923 94
5924 51
5925 5
5926 5
5927 4
5928 0
5929 2
5930 0
5931 1
5932 3
5933 0
5934 0
5935 6
5936 94
5937 97
5938 112
5939 116
5940 136
5941 148
5942 94
5943 101
5944 97
5945 94
5946 89
5947 96
5948 59
5949 10
5950 17
5951 3
5952 0
5953 2
5954 1
5955 2
5956 0
5957 0
5958 1
5959 2
5960 92
5961 78
5962 114
5963 97
5964 97
5965 101
5966 110
5967 127
5968 100
5969 79
5970 81
5971 105
5972 49
5973 8
5974 10
5975 3
5976 4
5977 5
5978 0
5979 1
5980 0
5981 0
5982 2
5983 4
5984 93
5985 70
5986 114
5987 101
5988 89
5989 97
5990 83
5991 108
5992 106
5993 97
5994 66
5995 80
5996 42
5997 10
5998 10
5999 5
6000 2
6001 6
6002 0
6003 1
6004 1
6005 0
6006 0
6007 1
6008 50
6009 24
6010 59
6011 59
6012 80
6013 79
6014 85
6015 74
6016 77
6017 58
6018 65
6019 88
6020 39
6021 11
6022 3
6023 1
6024 1
6025 6
6026 0
6027 0
6028 1
6029 0
6030 1
6031 1
6032 29
6033 18
6034 32
6035 40
6036 43
6037 54
6038 23
6039 51
6040 37
6041 42
6042 24
6043 18
6044 3
6045 4
6046 2
6047 0
6048 0
6049 1
6050 1
6051 1
6052 1
6053 1
6054 2
6055 6
6056 88
6057 78
6058 97
6059 107
6060 112
6061 113
6062 81
6063 98
6064 103
6065 85
6066 65
6067 76
6068 57
6069 4
6070 3
6071 1
6072 4
6073 1
6074 1
6075 4
6076 1
6077 2
6078 2
6079 4
6080 68
6081 83
6082 110
6083 108
6084 115
6085 102
6086 100
6087 115
6088 102
6089 99
6090 86
6091 110
6092 47
6093 5
6094 2
6095 0
6096 2
6097 2
6098 1
6099 3
6100 0
6101 0
6102 3
6103 2
6104 87
6105 78
6106 99
6107 110
6108 76
6109 100
6110 86
6111 123
6112 102
6113 107
6114 122
6115 101
6116 43
6117 3
6118 8
6119 5
6120 2
6121 1
6122 0
6123 1
6124 1
6125 1
6126 2
6127 1
6128 76
6129 75
6130 136
6131 99
6132 112
6133 99
6134 95
6135 105
6136 83
6137 99
6138 78
6139 79
6140 59
6141 16
6142 10
6143 2
6144 3
6145 2
6146 1
6147 3
6148 3
6149 0
6150 0
6151 4
6152 86
6153 100
6154 103
6155 96
6156 115
6157 88
6158 78
6159 104
6160 90
6161 118
6162 98
6163 114
6164 46
6165 10
6166 4
6167 4
6168 8
6169 9
6170 5
6171 1
6172 0
6173 0
6174 0
6175 2
6176 64
6177 46
6178 66
6179 76
6180 83
6181 82
6182 86
6183 62
6184 82
6185 52
6186 53
6187 58
6188 68
6189 7
6190 7
6191 3
6192 3
6193 8
6194 2
6195 2
6196 0
6197 4
6198 3
6199 0
6200 26
6201 23
6202 18
6203 39
6204 49
6205 50
6206 45
6207 55
6208 43
6209 39
6210 42
6211 26
6212 2
6213 4
6214 2
6215 0
6216 3
6217 1
6218 1
6219 1
6220 1
6221 0
6222 1
6223 2
6224 72
6225 75
6226 111
6227 103
6228 94
6229 101
6230 108
6231 103
6232 115
6233 124
6234 98
6235 87
6236 60
6237 2
6238 2
6239 3
6240 3
6241 0
6242 1
6243 2
6244 1
6245 2
6246 1
6247 2
6248 85
6249 104
6250 117
6251 99
6252 102
6253 110
6254 117
6255 112
6256 91
6257 93
6258 78
6259 100
6260 43
6261 8
6262 8
6263 5
6264 4
6265 2
6266 2
6267 3
6268 1
6269 0
6270 2
6271 2
6272 92
6273 97
6274 122
6275 110
6276 117
6277 101
6278 103
6279 119
6280 110
6281 88
6282 100
6283 68
6284 42
6285 8
6286 12
6287 3
6288 4
6289 2
6290 0
6291 1
6292 2
6293 0
6294 3
6295 2
6296 86
6297 86
6298 117
6299 94
6300 116
6301 113
6302 127
6303 119
6304 114
6305 95
6306 97
6307 104
6308 58
6309 8
6310 3
6311 3
6312 2
6313 2
6314 0
6315 1
6316 1
6317 1
6318 0
6319 4
6320 102
6321 98
6322 142
6323 112
6324 117
6325 153
6326 140
6327 125
6328 110
6329 113
6330 96
6331 119
6332 53
6333 13
6334 6
6335 2
6336 1
6337 5
6338 0
6339 0
6340 0
6341 1
6342 0
6343 1
6344 72
6345 49
6346 53
6347 74
6348 86
6349 68
6350 106
6351 85
6352 77
6353 81
6354 48
6355 64
6356 49
6357 2
6358 2
6359 0
6360 2
6361 4
6362 1
6363 0
6364 0
6365 0
6366 1
6367 0
6368 32
6369 20
6370 34
6371 45
6372 50
6373 52
6374 54
6375 56
6376 59
6377 48
6378 37
6379 23
6380 8
6381 3
6382 1
6383 2
6384 2
6385 3
6386 0
6387 1
6388 2
6389 1
6390 1
6391 3
6392 97
6393 75
6394 143
6395 122
6396 114
6397 121
6398 119
6399 107
6400 107
6401 106
6402 104
6403 82
6404 59
6405 2
6406 3
6407 4
6408 3
6409 0
6410 1
6411 2
6412 0
6413 0
6414 1
6415 2
6416 90
6417 94
6418 124
6419 111
6420 113
6421 102
6422 103
6423 117
6424 115
6425 124
6426 98
6427 88
6428 48
6429 4
6430 3
6431 2
6432 2
6433 2
6434 1
6435 2
6436 0
6437 1
6438 3
6439 5
6440 93
6441 84
6442 128
6443 130
6444 123
6445 93
6446 110
6447 105
6448 90
6449 88
6450 95
6451 93
6452 46
6453 10
6454 2
6455 4
6456 4
6457 0
6458 2
6459 0
6460 1
6461 0
6462 1
6463 6
6464 82
6465 99
6466 115
6467 122
6468 115
6469 119
6470 101
6471 99
6472 117
6473 87
6474 67
6475 74
6476 38
6477 15
6478 3
6479 8
6480 3
6481 6
6482 0
6483 1
6484 0
6485 0
6486 1
6487 5
6488 104
6489 80
6490 116
6491 109
6492 99
6493 99
6494 102
6495 99
6496 89
6497 99
6498 83
6499 90
6500 47
6501 10
6502 7
6503 5
6504 6
6505 7
6506 3
6507 1
6508 1
6509 0
6510 3
6511 4
6512 47
6513 32
6514 64
6515 79
6516 81
6517 72
6518 47
6519 51
6520 33
6521 30
6522 32
6523 51
6524 36
6525 4
6526 4
6527 3
6528 4
6529 6
6530 6
6531 5
6532 1
6533 2
6534 0
6535 4
6536 30
6537 17
6538 38
6539 45
6540 46
6541 40
6542 52
6543 41
6544 49
6545 48
6546 44
6547 15
6548 3
6549 3
6550 2
6551 1
6552 2
6553 2
6554 0
6555 0
6556 1
6557 0
6558 0
6559 1
6560 34
6561 62
6562 78
6563 100
6564 75
6565 83
6566 80
6567 69
6568 48
6569 47
6570 51
6571 80
6572 48
6573 6
6574 5
6575 5
6576 2
6577 6
6578 1
6579 0
6580 1
6581 1
6582 1
6583 0
6584 16
6585 21
6586 34
6587 45
6588 51
6589 47
6590 59
6591 54
6592 54
6593 57
6594 44
6595 20
6596 0
6597 2
6598 0
6599 1
6600 1
6601 2
6602 0
6603 1
6604 2
6605 1
6606 1
6607 4
6608 107
6609 112
6610 150
6611 149
6612 152
6613 136
6614 142
6615 145
6616 125
6617 151
6618 151
6619 123
6620 56
6621 9
6622 3
6623 1
6624 1
6625 0
6626 0
6627 1
6628 2
6629 0
6630 0
6631 0
6632 117
6633 98
6634 139
6635 137
6636 128
6637 150
6638 136
6639 148
6640 141
6641 134
6642 113
6643 145
6644 70
6645 8
6646 2
6647 3
6648 2
6649 0
6650 1
6651 0
6652 3
6653 0
6654 2
6655 1
6656 107
6657 132
6658 189
6659 150
6660 140
6661 130
6662 131
6663 137
6664 148
6665 134
6666 110
6667 131
6668 78
6669 12
6670 7
6671 1
6672 0
6673 1
6674 0
6675 1
6676 0
6677 0
6678 0
6679 3
6680 110
6681 89
6682 160
6683 152
6684 146
6685 145
6686 156
6687 136
6688 148
6689 147
6690 124
6691 147
6692 86
6693 13
6694 10
6695 3
6696 1
6697 2
6698 0
6699 0
6700 0
6701 0
6702 0
6703 1
6704 123
6705 103
6706 142
6707 139
6708 171
6709 123
6710 145
6711 134
6712 126
6713 129
6714 120
6715 148
6716 80
6717 15
6718 7
6719 2
6720 3
6721 4
6722 1
6723 1
6724 1
6725 0
6726 0
6727 2
6728 49
6729 56
6730 88
6731 99
6732 117
6733 94
6734 98
6735 122
6736 110
6737 79
6738 81
6739 106
6740 62
6741 4
6742 3
6743 2
6744 1
6745 5
6746 2
6747 0
6748 1
6749 0
6750 0
6751 0
6752 28
6753 38
6754 41
6755 33
6756 50
6757 60
6758 52
6759 50
6760 58
6761 64
6762 50
6763 18
6764 5
6765 1
6766 2
6767 1
6768 1
6769 1
6770 0
6771 1
6772 1
6773 2
6774 2
6775 1
6776 94
6777 116
6778 159
6779 150
6780 156
6781 148
6782 131
6783 154
6784 146
6785 161
6786 121
6787 143
6788 67
6789 8
6790 2
6791 1
6792 2
6793 0
6794 0
6795 1
6796 0
6797 0
6798 0
6799 1
6800 81
6801 123
6802 151
6803 156
6804 137
6805 154
6806 139
6807 149
6808 148
6809 155
6810 120
6811 122
6812 61
6813 15
6814 7
6815 3
6816 0
6817 1
6818 0
6819 0
6820 2
6821 0
6822 3
6823 3
6824 95
6825 100
6826 170
6827 143
6828 136
6829 161
6830 138
6831 143
6832 154
6833 131
6834 159
6835 153
6836 85
6837 6
6838 1
6839 1
6840 2
6841 1
6842 1
6843 1
6844 2
6845 2
6846 1
6847 1
6848 106
6849 107
6850 158
6851 173
6852 130
6853 147
6854 133
6855 139
6856 139
6857 158
6858 142
6859 146
6860 74
6861 9
6862 2
6863 2
6864 0
6865 0
6866 1
6867 0
6868 0
6869 0
6870 1
6871 1
6872 97
6873 113
6874 153
6875 150
6876 151
6877 164
6878 136
6879 141
6880 185
6881 160
6882 148
6883 144
6884 64
6885 7
6886 4
6887 4
6888 3
6889 3
6890 1
6891 1
6892 0
6893 0
6894 0
6895 2
6896 55
6897 64
6898 90
6899 110
6900 131
6901 110
6902 132
6903 104
6904 105
6905 70
6906 66
6907 95
6908 70
6909 7
6910 2
6911 0
6912 0
6913 4
6914 0
6915 0
6916 0
6917 0
6918 0
6919 0
6920 22
6921 25
6922 28
6923 51
6924 51
6925 65
6926 55
6927 53
6928 75
6929 50
6930 42
6931 26
6932 4
6933 2
6934 0
6935 0
6936 1
6937 0
6938 0
6939 2
6940 0
6941 2
6942 1
6943 1
6944 85
6945 90
6946 173
6947 151
6948 151
6949 151
6950 140
6951 139
6952 153
6953 161
6954 141
6955 144
6956 66
6957 10
6958 5
6959 1
6960 0
6961 2
6962 0
6963 1
6964 2
6965 0
6966 0
6967 3
6968 103
6969 91
6970 141
6971 148
6972 161
6973 154
6974 136
6975 134
6976 129
6977 132
6978 109
6979 153
6980 67
6981 10
6982 4
6983 2
6984 1
6985 1
6986 0
6987 0
6988 3
6989 0
6990 0
6991 3
6992 91
6993 98
6994 166
6995 164
6996 155
6997 123
6998 166
6999 153
7000 136
7001 153
7002 130
7003 168
7004 69
7005 6
7006 1
7007 2
7008 0
7009 1
7010 1
7011 0
7012 0
7013 0
7014 0
7015 0
7016 90
7017 100
7018 165
7019 172
7020 141
7021 141
7022 140
7023 162
7024 149
7025 153
7026 132
7027 159
7028 72
7029 7
7030 4
7031 8
7032 3
7033 5
7034 0
7035 0
7036 0
7037 1
7038 0
7039 2
7040 109
7041 109
7042 130
7043 140
7044 125
7045 143
7046 133
7047 131
7048 165
7049 158
7050 134
7051 138
7052 81
7053 10
7054 2
7055 4
7056 0
7057 5
7058 0
7059 0
7060 1
7061 0
7062 1
7063 0
7064 58
7065 63
7066 78
7067 105
7068 118
7069 118
7070 118
7071 116
7072 105
7073 95
7074 93
7075 119
7076 72
7077 8
7078 2
7079 0
7080 3
7081 6
7082 1
7083 1
7084 0
7085 2
7086 0
7087 2
7088 25
7089 29
7090 33
7091 44
7092 69
7093 66
7094 61
7095 59
7096 54
7097 54
7098 51
7099 25
7100 3
7101 1
7102 2
7103 0
7104 1
7105 3
7106 1
7107 0
7108 0
7109 2
7110 0
7111 2
7112 90
7113 133
7114 172
7115 154
7116 135
7117 142
7118 157
7119 153
7120 116
7121 123
7122 112
7123 120
7124 55
7125 4
7126 1
7127 1
7128 0
7129 0
7130 0
7131 1
7132 0
7133 0
7134 2
7135 1
7136 105
7137 118
7138 141
7139 147
7140 143
7141 161
7142 139
7143 143
7144 165
7145 138
7146 139
7147 147
7148 67
7149 6
7150 3
7151 1
7152 0
7153 0
7154 3
7155 0
7156 2
7157 0
7158 1
7159 5
7160 114
7161 118
7162 156
7163 154
7164 124
7165 148
7166 127
7167 152
7168 139
7169 147
7170 139
7171 151
7172 76
7173 4
7174 2
7175 3
7176 2
7177 0
7178 1
7179 1
7180 2
7181 0
7182 2
7183 2
7184 113
7185 124
7186 150
7187 149
7188 144
7189 174
7190 143
7191 138
7192 145
7193 162
7194 139
7195 150
7196 69
7197 10
7198 4
7199 6
7200 1
7201 2
7202 2
7203 2
7204 3
7205 0
7206 3
7207 0
7208 124
7209 129
7210 177
7211 136
7212 139
7213 159
7214 154
7215 158
7216 169
7217 148
7218 151
7219 144
7220 71
7221 10
7222 1
7223 7
7224 2
7225 4
7226 0
7227 0
7228 1
7229 0
7230 0
7231 0
7232 48
7233 62
7234 96
7235 114
7236 94
7237 110
7238 103
7239 102
7240 83
7241 99
7242 70
7243 99
7244 55
7245 7
7246 1
7247 0
7248 0
7249 7
7250 1
7251 2
7252 2
7253 0
7254 2
7255 0
7256 27
7257 24
7258 29
7259 53
7260 63
7261 79
7262 64
7263 74
7264 53
7265 61
7266 57
7267 13
7268 3
7269 0
7270 1
7271 1
7272 0
7273 1
7274 2
7275 1
7276 0
7277 1
7278 0
7279 1
7280 84
7281 133
7282 181
7283 141
7284 159
7285 147
7286 137
7287 151
7288 143
7289 150
7290 141
7291 123
7292 62
7293 11
7294 6
7295 4
7296 1
7297 5
7298 0
7299 0
7300 0
7301 0
7302 1
7303 2
7304 96
7305 47
7306 51
7307 35
7308 20
7309 20
7310 23
7311 24
7312 26
7313 69
7314 72
7315 64
7316 33
7317 5
7318 2
7319 1
7320 0
7321 1
7322 0
7323 2
7324 2
7325 1
7326 0
7327 3
7328 99
7329 116
7330 150
7331 116
7332 164
7333 163
7334 150
7335 129
7336 135
7337 136
7338 128
7339 144
7340 64
7341 10
7342 1
7343 0
7344 0
7345 0
7346 0
7347 1
7348 2
7349 0
7350 3
7351 5
7352 114
7353 122
7354 154
7355 165
7356 154
7357 143
7358 140
7359 174
7360 139
7361 139
7362 154
7363 153
7364 74
7365 9
7366 2
7367 2
7368 1
7369 2
7370 0
7371 2
7372 2
7373 0
7374 2
7375 3
7376 114
7377 102
7378 142
7379 162
7380 149
7381 145
7382 131
7383 144
7384 134
7385 149
7386 151
7387 156
7388 73
7389 8
7390 4
7391 1
7392 0
7393 5
7394 0
7395 1
7396 0
7397 0
7398 0
7399 1
7400 59
7401 54
7402 82
7403 74
7404 120
7405 104
7406 84
7407 94
7408 90
7409 85
7410 69
7411 87
7412 65
7413 6
7414 3
7415 0
7416 2
7417 5
7418 0
7419 0
7420 0
7421 0
7422 1
7423 0
7424 26
7425 26
7426 28
7427 58
7428 69
7429 45
7430 54
7431 52
7432 55
7433 43
7434 42
7435 25
7436 2
7437 3
7438 0
7439 0
7440 0
7441 0
7442 1
7443 2
7444 3
7445 1
7446 1
7447 3
7448 107
7449 111
7450 157
7451 143
7452 150
7453 146
7454 144
7455 163
7456 138
7457 152
7458 138
7459 121
7460 50
7461 8
7462 0
7463 3
7464 1
7465 3
7466 0
7467 3
7468 2
7469 0
7470 1
7471 4
7472 108
7473 119
7474 137
7475 150
7476 131
7477 143
7478 150
7479 144
7480 141
7481 138
7482 130
7483 139
7484 69
7485 10
7486 2
7487 3
7488 0
7489 0
7490 0
7491 0
7492 1
7493 0
7494 1
7495 0
7496 104
7497 138
7498 135
7499 132
7500 155
7501 136
7502 123
7503 132
7504 130
7505 134
7506 141
7507 150
7508 76
7509 9
7510 1
7511 0
7512 1
7513 1
7514 0
7515 1
7516 2
7517 1
7518 1
7519 3
7520 106
7521 102
7522 134
7523 171
7524 152
7525 152
7526 137
7527 129
7528 133
7529 115
7530 123
7531 162
7532 80
7533 7
7534 4
7535 4
7536 0
7537 1
7538 1
7539 1
7540 2
7541 0
7542 1
7543 2
7544 99
7545 107
7546 147
7547 154
7548 140
7549 167
7550 136
7551 153
7552 154
7553 139
7554 113
7555 117
7556 70
7557 8
7558 7
7559 4
7560 0
7561 4
7562 1
7563 0
7564 0
7565 0
7566 1
7567 1
7568 51
7569 62
7570 95
7571 106
7572 113
7573 118
7574 110
7575 114
7576 100
7577 89
7578 100
7579 87
7580 63
7581 9
7582 3
7583 5
7584 8
7585 6
7586 1
7587 0
7588 0
7589 0
7590 2
7591 1
7592 27
7593 37
7594 43
7595 59
7596 65
7597 69
7598 64
7599 62
7600 74
7601 63
7602 53
7603 21
7604 3
7605 2
7606 2
7607 0
7608 1
7609 1
7610 0
7611 3
7612 0
7613 0
7614 0
7615 4
7616 109
7617 101
7618 156
7619 156
7620 157
7621 133
7622 142
7623 138
7624 138
7625 108
7626 102
7627 107
7628 61
7629 4
7630 0
7631 2
7632 1
7633 2
7634 0
7635 1
7636 0
7637 0
7638 1
7639 0
7640 105
7641 100
7642 157
7643 160
7644 156
7645 145
7646 177
7647 144
7648 148
7649 132
7650 113
7651 151
7652 63
7653 11
7654 5
7655 0
7656 1
7657 1
7658 1
7659 1
7660 0
7661 2
7662 1
7663 2
7664 95
7665 106
7666 150
7667 144
7668 154
7669 147
7670 157
7671 146
7672 137
7673 128
7674 114
7675 125
7676 83
7677 15
7678 0
7679 1
7680 0
7681 1
7682 2
7683 0
7684 0
7685 0
7686 1
7687 2
7688 82
7689 117
7690 158
7691 169
7692 153
7693 126
7694 177
7695 138
7696 133
7697 137
7698 100
7699 107
7700 68
7701 7
7702 3
7703 6
7704 3
7705 1
7706 0
7707 1
7708 0
7709 0
7710 0
7711 3
7712 98
7713 101
7714 162
7715 155
7716 161
7717 153
7718 151
7719 153
7720 169
7721 130
7722 97
7723 122
7724 56
7725 8
7726 3
7727 3
7728 0
7729 4
7730 1
7731 2
7732 1
7733 0
7734 0
7735 0
7736 62
7737 51
7738 81
7739 108
7740 117
7741 122
7742 113
7743 130
7744 115
7745 95
7746 100
7747 100
7748 64
7749 6
7750 4
7751 1
7752 0
7753 7
7754 1
7755 0
7756 2
7757 0
7758 1
7759 0
7760 20
7761 33
7762 34
7763 48
7764 66
7765 59
7766 75
7767 59
7768 62
7769 59
7770 48
7771 23
7772 3
7773 1
7774 0
7775 1
7776 0
7777 3
7778 0
7779 1
7780 1
7781 0
7782 1
7783 1
7784 115
7785 102
7786 152
7787 180
7788 162
7789 161
7790 134
7791 161
7792 168
7793 138
7794 128
7795 148
7796 63
7797 8
7798 1
7799 1
7800 0
7801 3
7802 1
7803 1
7804 2
7805 1
7806 0
7807 2
7808 120
7809 84
7810 152
7811 150
7812 143
7813 147
7814 158
7815 139
7816 137
7817 148
7818 112
7819 115
7820 47
7821 15
7822 2
7823 0
7824 1
7825 3
7826 0
7827 1
7828 1
7829 0
7830 0
7831 2
7832 102
7833 119
7834 157
7835 167
7836 150
7837 136
7838 148
7839 144
7840 135
7841 100
7842 113
7843 120
7844 61
7845 7
7846 3
7847 3
7848 1
7849 2
7850 0
7851 3
7852 0
7853 1
7854 0
7855 1
7856 105
7857 124
7858 144
7859 128
7860 144
7861 147
7862 138
7863 150
7864 121
7865 110
7866 115
7867 96
7868 74
7869 9
7870 4
7871 8
7872 0
7873 2
7874 1
7875 2
7876 1
7877 1
7878 1
7879 3
7880 110
7881 104
7882 149
7883 164
7884 148
7885 165
7886 152
7887 140
7888 156
7889 158
7890 110
7891 115
7892 45
7893 8
7894 4
7895 2
7896 0
7897 6
7898 0
7899 1
7900 0
7901 0
7902 0
7903 1
7904 60
7905 44
7906 96
7907 101
7908 99
7909 98
7910 120
7911 110
7912 106
7913 128
7914 91
7915 90
7916 69
7917 4
7918 4
7919 0
7920 1
7921 6
7922 0
7923 1
7924 2
7925 0
7926 2
7927 3
7928 22
7929 31
7930 39
7931 70
7932 58
7933 49
7934 51
7935 56
7936 50
7937 51
7938 60
7939 27
7940 1
7941 1
7942 3
7943 4
7944 0
7945 4
7946 0
7947 1
7948 1
7949 1
7950 2
7951 3
7952 82
7953 100
7954 145
7955 152
7956 150
7957 134
7958 106
7959 127
7960 106
7961 112
7962 105
7963 101
7964 58
7965 5
7966 2
7967 1
7968 0
7969 2
7970 1
7971 2
7972 0
7973 0
7974 0
7975 2
7976 92
7977 99
7978 127
7979 157
7980 140
7981 125
7982 145
7983 165
7984 132
7985 136
7986 93
7987 120
7988 77
7989 5
7990 1
7991 2
7992 1
7993 1
7994 0
7995 2
7996 2
7997 0
7998 0
7999 1
8000 98
8001 101
8002 132
8003 139
8004 122
8005 142
8006 155
8007 139
8008 139
8009 126
8010 100
8011 135
8012 63
8013 7
8014 2
8015 1
8016 2
8017 1
8018 1
8019 2
8020 1
8021 0
8022 2
8023 4
8024 107
8025 93
8026 156
8027 122
8028 139
8029 134
8030 132
8031 148
8032 140
8033 111
8034 85
8035 97
8036 69
8037 11
8038 2
8039 1
8040 1
8041 1
8042 0
8043 2
8044 0
8045 0
8046 1
8047 2
8048 116
8049 99
8050 147
8051 170
8052 162
8053 156
8054 145
8055 142
8056 162
8057 148
8058 111
8059 126
8060 54
8061 9
8062 2
8063 0
8064 3
8065 5
8066 0
8067 2
8068 2
8069 0
8070 1
8071 3
8072 48
8073 59
8074 93
8075 103
8076 131
8077 126
8078 126
8079 129
8080 107
8081 87
8082 78
8083 115
8084 65
8085 6
8086 3
8087 4
8088 1
8089 4
8090 5
8091 2
8092 0
8093 0
8094 2
8095 2
8096 23
8097 23
8098 31
8099 67
8100 60
8101 71
8102 67
8103 61
8104 63
8105 57
8106 78
8107 35
8108 3
8109 0
8110 3
8111 1
8112 3
8113 3
8114 0
8115 3
8116 2
8117 0
8118 3
8119 2
8120 94
8121 102
8122 126
8123 150
8124 136
8125 153
8126 148
8127 136
8128 152
8129 134
8130 108
8131 115
8132 71
8133 10
8134 1
8135 1
8136 1
8137 1
8138 0
8139 4
8140 0
8141 0
8142 3
8143 4
8144 97
8145 100
8146 126
8147 138
8148 140
8149 157
8150 124
8151 140
8152 149
8153 124
8154 104
8155 126
8156 77
8157 14
8158 3
8159 0
8160 1
8161 2
8162 0
8163 2
8164 1
8165 1
8166 0
8167 2
8168 101
8169 112
8170 170
8171 148
8172 167
8173 139
8174 146
8175 157
8176 134
8177 117
8178 98
8179 117
8180 54
8181 8
8182 1
8183 0
8184 2
8185 4
8186 1
8187 0
8188 1
8189 2
8190 0
8191 0
8192 107
8193 90
8194 145
8195 156
8196 158
8197 137
8198 154
8199 152
8200 142
8201 137
8202 101
8203 120
8204 52
8205 3
8206 4
8207 1
8208 3
8209 2
8210 0
8211 3
8212 0
8213 1
8214 2
8215 1
8216 102
8217 104
8218 150
8219 158
8220 158
8221 138
8222 141
8223 145
8224 163
8225 138
8226 97
8227 118
8228 57
8229 4
8230 6
8231 8
8232 3
8233 6
8234 0
8235 0
8236 1
8237 0
8238 0
8239 0
8240 57
8241 66
8242 85
8243 130
8244 108
8245 107
8246 127
8247 117
8248 110
8249 110
8250 82
8251 129
8252 62
8253 10
8254 0
8255 1
8256 5
8257 5
8258 1
8259 0
8260 0
8261 1
8262 1
8263 0
8264 34
8265 26
8266 39
8267 52
8268 97
8269 63
8270 54
8271 77
8272 69
8273 49
8274 55
8275 22
8276 1
8277 3
8278 1
8279 0
8280 1
8281 2
8282 0
8283 2
8284 0
8285 0
8286 2
8287 2
8288 110
8289 121
8290 134
8291 147
8292 146
8293 154
8294 139
8295 163
8296 150
8297 116
8298 126
8299 148
8300 63
8301 7
8302 3
8303 3
8304 0
8305 1
8306 1
8307 2
8308 0
8309 2
8310 1
8311 0
8312 101
8313 105
8314 158
8315 147
8316 150
8317 157
8318 147
8319 163
8320 144
8321 125
8322 106
8323 141
8324 74
8325 9
8326 2
8327 1
8328 1
8329 1
8330 0
8331 2
8332 2
8333 0
8334 0
8335 5
8336 116
8337 90
8338 131
8339 146
8340 127
8341 161
8342 115
8343 133
8344 163
8345 109
8346 90
8347 88
8348 52
8349 14
8350 2
8351 0
8352 1
8353 1
8354 2
8355 0
8356 1
8357 0
8358 0
8359 2
8360 103
8361 93
8362 159
8363 160
8364 147
8365 150
8366 156
8367 140
8368 159
8369 123
8370 105
8371 98
8372 55
8373 12
8374 4
8375 4
8376 0
8377 4
8378 0
8379 2
8380 0
8381 0
8382 0
8383 2
8384 114
8385 110
8386 137
8387 130
8388 170
8389 131
8390 152
8391 147
8392 147
8393 125
8394 95
8395 111
8396 60
8397 9
8398 4
8399 3
8400 4
8401 6
8402 1
8403 0
8404 1
8405 1
8406 0
8407 1
8408 60
8409 77
8410 93
8411 125
8412 128
8413 117
8414 127
8415 140
8416 104
8417 98
8418 96
8419 124
8420 68
8421 3
8422 2
8423 0
8424 2
8425 9
8426 3
8427 4
8428 3
8429 1
8430 1
8431 4
8432 30
8433 31
8434 43
8435 70
8436 69
8437 63
8438 76
8439 63
8440 65
8441 65
8442 51
8443 20
8444 4
8445 0
8446 1
8447 2
8448 1
8449 4
8450 1
8451 1
8452 0
8453 2
8454 0
8455 0
8456 98
8457 107
8458 154
8459 135
8460 155
8461 138
8462 141
8463 150
8464 162
8465 102
8466 119
8467 156
8468 51
8469 4
8470 5
8471 1
8472 1
8473 0
8474 1
8475 3
8476 1
8477 0
8478 2
8479 4
8480 91
8481 110
8482 169
8483 137
8484 156
8485 173
8486 151
8487 154
8488 187
8489 125
8490 117
8491 139
8492 80
8493 13
8494 3
8495 0
8496 1
8497 0
8498 0
8499 3
8500 2
8501 0
8502 2
8503 2
8504 105
8505 122
8506 159
8507 164
8508 160
8509 187
8510 172
8511 168
8512 176
8513 125
8514 134
8515 140
8516 63
8517 7
8518 2
8519 2
8520 2
8521 1
8522 0
8523 2
8524 1
8525 0
8526 1
8527 2
8528 98
8529 108
8530 152
8531 139
8532 157
8533 133
8534 153
8535 138
8536 150
8537 136
8538 136
8539 133
8540 44
8541 10
8542 4
8543 3
8544 3
8545 4
8546 1
8547 1
8548 2
8549 1
8550 1
8551 1
8552 95
8553 113
8554 163
8555 164
8556 148
8557 160
8558 164
8559 159
8560 140
8561 114
8562 93
8563 139
8564 53
8565 4
8566 6
8567 3
8568 2
8569 8
8570 1
8571 1
8572 2
8573 1
8574 0
8575 1
8576 37
8577 39
8578 95
8579 93
8580 89
8581 116
8582 95
8583 86
8584 92
8585 74
8586 88
8587 71
8588 56
8589 9
8590 2
8591 1
8592 2
8593 5
8594 0
8595 0
8596 0
8597 0
8598 0
8599 0
8600 19
8601 18
8602 25
8603 19
8604 25
8605 47
8606 32
8607 23
8608 27
8609 24
8610 30
8611 11
8612 4
8613 3
8614 0
8615 0
8616 0
8617 2
8618 0
8619 0
8620 0
8621 1
8622 1
8623 0
8624 84
8625 47
8626 48
8627 47
8628 45
8629 47
8630 39
8631 35
8632 63
8633 45
8634 39
8635 53
8636 46
8637 10
8638 1
8639 2
8640 0
8641 3
8642 1
8643 1
8644 1
8645 0
8646 0
8647 1
8648 58
8649 31
8650 67
8651 74
8652 70
8653 65
8654 63
8655 74
8656 78
8657 50
8658 54
8659 68
8660 55
8661 13
8662 1
8663 4
8664 4
8665 3
8666 1
8667 2
8668 0
8669 0
8670 1
8671 1
8672 57
8673 62
8674 84
8675 138
8676 125
8677 148
8678 135
8679 134
8680 136
8681 98
8682 74
8683 82
8684 67
8685 15
8686 4
8687 5
8688 2
8689 3
8690 2
8691 3
8692 1
8693 1
8694 2
8695 0
8696 46
8697 54
8698 108
8699 109
8700 146
8701 158
8702 137
8703 142
8704 105
8705 103
8706 83
8707 93
8708 73
8709 21
8710 1
8711 2
8712 0
8713 2
8714 0
8715 1
8716 1
8717 0
8718 0
8719 2
8720 42
8721 62
8722 86
8723 136
8724 131
8725 145
8726 105
8727 112
8728 145
8729 98
8730 78
8731 110
8732 65
8733 9
8734 2
8735 5
8736 1
8737 4
8738 1
8739 1
8740 0
8741 1
8742 1
8743 0
8744 34
8745 37
8746 64
8747 63
8748 94
8749 64
8750 91
8751 100
8752 88
8753 71
8754 82
8755 56
8756 32
8757 1
8758 0
8759 1
8760 0
