1 0.30
2 1.29
3 4.40
4 3.04
5 4.08
6 1.05
7 5.79
8 0.36
9 1.46
10 0.96
11 1.29
12 1.15
13 1.14
14 0.86
15 1.33
16 1.39
17 1.59
18 2.36
19 4.08
20 0.59
21 45.86
22 1.87
23 1.67
24 3.87
25 0.53
26 0.26
27 1.28
28 4.37
29 11.04
30 1.06
31 1.49
32 0.43
33 0.86
34 0.98
35 0.84
36 1.31
37 1.19
38 0.95
39 1.21
40 1.32
41 1.19
42 1.81
43 1.99
44 2.35
45 1.77
46 4.05
47 3.05
48 2.61
49 0.56
50 6.36
51 14.73
52 2.84
53 1.70
54 2.18
55 5.09
56 0.82
57 2.83
58 3.28
59 1.69
60 2.30
61 2.77
62 2.45
63 2.77
64 2.88
65 2.09
66 2.85
67 2.46
68 3.74
69 3.56
70 1.56
71 2.17
72 2.27
73 0.36
74 3.08
75 1.36
76 17.45
77 1.91
78 46.45
79 10.07
80 0.75
81 2.55
82 2.56
83 2.66
84 2.39
85 1.85
86 1.89
87 2.15
88 1.77
89 1.94
90 2.01
91 2.33
92 2.26
93 3.34
94 4.69
95 1.65
96 5.33
97 0.85
98 1.00
99 18.51
100 30.90
101 2.41
102 2.21
103 7.11
104 0.75
105 3.22
106 2.02
107 2.16
108 2.06
109 2.17
110 2.33
111 1.89
112 2.25
113 1.86
114 1.72
115 2.04
116 3.95
117 3.97
118 1.65
119 4.62
120 3.49
121 0.40
122 1.07
123 24.49
124 1.74
125 2.68
126 7.38
127 4.25
128 0.84
129 2.98
130 2.05
131 1.95
132 1.71
133 2.50
134 1.89
135 2.32
136 2.33
137 2.19
138 1.77
139 2.36
140 2.78
141 3.54
142 1.34
143 1.28
144 3.47
145 0.42
146 6.02
147 2.79
148 2.29
149 1.78
150 1.18
151 7.23
152 0.80
153 2.07
154 3.21
155 2.83
156 2.24
157 2.05
158 1.62
159 1.45
160 2.19
161 1.93
162 1.95
163 2.42
164 3.51
165 5.96
166 3.76
167 2.28
168 8.43
169 0.51
170 3.75
171 2.00
172 0.64
173 1.37
174 0.00
175 1.83
176 0.45
177 2.63
178 1.93
179 1.90
180 1.18
181 1.47
182 1.09
183 1.34
184 1.52
185 1.24
186 1.34
187 2.07
188 1.47
189 2.44
190 5.27
191 2.13
192 12.30
193 1.06
194 1.05
195 6.86
196 0.00
197 0.00
198 5.85
199 9.55
200 0.62
201 2.97
202 1.81
203 2.07
204 2.19
205 2.03
206 1.99
207 1.80
208 1.90
209 2.26
210 2.70
211 2.07
212 2.70
213 3.90
214 2.83
215 1.99
216 3.00
217 0.42
218 5.00
219 1.54
220 10.92
221 21.43
222 0.67
223 5.46
224 0.57
225 2.48
226 2.60
227 1.89
228 2.56
229 2.16
230 2.23
231 2.62
232 2.77
233 2.43
234 2.63
235 2.63
236 3.43
237 1.83
238 0.93
239 1.59
240 18.32
241 0.30
242 0.00
243 0.00
244 13.31
245 18.59
246 2.28
247 2.46
248 0.68
249 4.81
250 2.12
251 3.12
252 2.61
253 2.19
254 2.88
255 1.89
256 2.55
257 2.00
258 2.15
259 2.30
260 2.72
261 6.70
262 1.94
263 1.93
264 8.11
265 0.54
266 0.82
267 0.00
268 0.00
269 32.43
270 23.53
271 4.59
272 0.79
273 4.02
274 2.88
275 2.44
276 2.21
277 2.37
278 2.38
279 2.21
280 2.29
281 2.41
282 2.18
283 2.21
284 3.96
285 3.55
286 1.52
287 2.64
288 3.03
289 0.75
290 23.53
291 0.94
292 11.75
293 1.56
294 4.83
295 2.70
296 0.59
297 4.81
298 2.55
299 1.94
300 3.20
301 2.24
302 2.30
303 2.61
304 2.16
305 2.56
306 2.56
307 2.22
308 2.91
309 2.18
310 2.47
311 6.04
312 3.37
313 0.54
314 5.36
315 4.96
316 15.21
317 7.76
318 4.66
319 15.72
320 0.61
321 4.52
322 2.90
323 2.08
324 2.20
325 2.18
326 1.84
327 2.28
328 1.99
329 2.05
330 2.28
331 1.88
332 3.27
333 2.48
334 1.30
335 13.78
336 4.68
337 1.40
338 2.20
339 4.84
340 5.61
341 3.03
342 3.12
343 12.68
344 0.59
345 3.72
346 2.25
347 1.70
348 1.35
349 1.60
350 1.36
351 1.80
352 1.02
353 1.58
354 1.94
355 2.61
356 1.58
357 2.08
358 0.71
359 2.28
360 11.63
361 0.81
362 23.68
363 53.20
364 45.57
365 47.84
366 41.26
367 10.16
368 0.71
369 1.64
370 3.07
371 2.75
372 2.50
373 2.22
374 2.46
375 2.79
376 2.86
377 1.79
378 2.33
379 2.03
380 3.78
381 2.63
382 8.49
383 2.15
384 2.59
385 0.63
386 4.16
387 17.65
388 42.69
389 7.58
390 28.92
391 6.96
392 0.61
393 4.09
394 2.31
395 2.33
396 2.24
397 1.87
398 2.38
399 2.38
400 3.11
401 2.26
402 2.46
403 1.98
404 2.61
405 3.78
406 1.64
407 2.63
408 2.65
409 0.85
410 5.47
411 21.80
412 28.57
413 38.92
414 3.57
415 6.78
416 0.63
417 3.01
418 2.35
419 2.74
420 2.52
421 2.43
422 2.68
423 2.22
424 3.02
425 2.39
426 2.29
427 1.87
428 3.25
429 3.97
430 2.59
431 3.39
432 6.52
433 0.54
434 0.93
435 36.36
436 0.00
437 0.00
438 19.35
439 9.10
440 0.74
441 2.08
442 3.12
443 3.05
444 2.11
445 2.17
446 1.86
447 2.56
448 3.56
449 2.25
450 2.14
451 2.33
452 4.02
453 6.17
454 3.31
455 2.26
456 3.46
457 1.13
458 2.30
459 1.43
460 11.97
461 6.71
462 3.62
463 1.16
464 0.95
465 2.96
466 3.00
467 2.54
468 2.24
469 2.02
470 2.11
471 2.54
472 3.33
473 2.92
474 1.64
475 2.33
476 2.66
477 3.30
478 1.15
479 1.62
480 4.41
481 1.11
482 0.60
483 11.53
484 2.11
485 7.76
486 1.28
487 3.64
488 0.65
489 2.78
490 1.95
491 2.34
492 1.89
493 2.14
494 1.98
495 2.03
496 2.34
497 1.86
498 2.48
499 1.99
500 3.05
501 2.22
502 0.63
503 9.54
504 3.61
505 0.58
506 4.81
507 0.89
508 1.58
509 9.70
510 7.09
511 8.07
512 0.43
513 2.48
514 2.31
515 1.88
516 1.72
517 1.77
518 1.60
519 1.59
520 1.77
521 2.02
522 2.09
523 3.80
524 0.90
525 3.41
526 3.00
527 2.16
528 9.50
529 1.50
530 2.52
531 1.48
532 2.85
533 4.06
534 4.05
535 7.16
536 0.84
537 2.38
538 2.85
539 2.41
540 2.19
541 2.90
542 2.24
543 2.18
544 2.79
545 2.61
546 3.01
547 2.55
548 3.92
549 3.13
550 4.05
551 4.41
552 2.92
553 0.54
554 11.73
555 21.43
556 23.84
557 0.00
558 5.45
559 10.82
560 0.75
561 2.73
562 2.16
563 2.36
564 2.16
565 3.43
566 2.91
567 2.53
568 2.98
569 2.76
570 2.80
571 2.72
572 2.97
573 2.73
574 1.17
575 3.77
576 6.33
577 0.36
578 0.88
579 1.38
580 9.76
581 0.00
582 2.98
583 2.48
584 1.09
585 2.29
586 3.24
587 2.95
588 2.64
589 3.14
590 3.07
591 2.87
592 2.73
593 3.52
594 2.90
595 3.05
596 3.66
597 1.69
598 1.28
599 1.51
600 2.70
601 1.00
602 2.38
603 3.08
604 2.16
605 1.60
606 8.07
607 5.90
608 0.48
609 0.90
610 1.00
611 1.17
612 1.32
613 2.15
614 1.73
615 1.95
616 1.93
617 1.99
618 1.96
619 1.96
620 2.78
621 1.79
622 3.13
623 4.24
624 4.30
625 0.74
626 0.00
627 16.74
628 8.13
629 0.00
630 2.52
631 3.32
632 0.67
633 2.70
634 3.26
635 2.44
636 2.45
637 2.17
638 2.25
639 2.19
640 2.48
641 3.09
642 2.46
643 2.12
644 4.52
645 2.04
646 1.87
647 4.12
648 7.70
649 0.68
650 0.60
651 1.87
652 52.94
653 1.86
654 1.48
655 0.14
656 0.54
657 4.01
658 2.49
659 2.34
660 2.56
661 2.06
662 2.52
663 2.29
664 2.51
665 2.84
666 2.24
667 2.39
668 2.59
669 1.16
670 1.95
671 1.64
672 11.27
673 0.51
674 0.70
675 0.00
676 0.00
677 1.20
678 0.61
679 2.37
680 0.31
681 2.23
682 1.41
683 1.66
684 1.30
685 1.25
686 1.64
687 1.47
688 1.55
689 1.51
690 1.79
691 2.50
692 1.37
693 0.46
694 1.94
695 2.09
696 13.85
697 1.79
698 10.29
699 21.14
700 10.24
701 1.98
702 1.43
703 3.22
704 0.54
705 3.81
706 3.60
707 2.42
708 2.66
709 2.54
710 1.91
711 2.61
712 2.99
713 2.12
714 3.08
715 2.42
716 2.29
717 5.83
718 0.69
719 1.48
720 2.18
721 0.36
722 45.00
723 41.38
724 1.97
725 16.11
726 58.06
727 7.54
728 0.49
729 1.50
730 2.18
731 2.33
732 2.32
733 2.03
734 2.55
735 2.23
736 2.33
737 2.28
738 2.28
739 2.15
740 4.28
741 2.59
742 0.73
743 12.08
744 3.05
745 0.39
746 0.85
747 4.04
748 1.93
749 0.00
750 2.85
751 1.74
752 0.64
753 1.81
754 2.65
755 2.58
756 2.69
757 2.18
758 2.16
759 2.38
760 2.21
761 2.18
762 2.75
763 2.50
764 4.36
765 3.91
766 1.18
767 5.27
768 5.16
769 0.71
770 0.64
771 6.37
772 0.00
773 43.37
774 41.06
775 1.87
776 0.70
777 1.82
778 2.62
779 2.57
780 2.10
781 2.18
782 2.57
783 2.65
784 2.30
785 2.16
786 2.35
787 2.28
788 2.06
789 2.78
790 1.13
791 1.47
792 4.11
793 1.19
794 2.11
795 7.28
796 1.46
797 2.33
798 33.54
799 8.41
800 0.55
801 2.96
802 2.15
803 1.80
804 2.44
805 1.97
806 2.36
807 2.74
808 2.55
809 1.87
810 1.49
811 1.86
812 3.23
813 1.77
814 2.16
815 3.54
816 2.80
817 0.53
818 2.04
819 0.91
820 1.22
821 6.25
822 7.65
823 1.96
824 0.47
825 2.71
826 2.50
827 1.93
828 2.62
829 1.56
830 1.71
831 2.03
832 2.07
833 1.72
834 2.36
835 2.27
836 3.31
837 1.78
838 0.98
839 2.04
840 7.55
841 0.75
842 2.68
843 0.93
844 1.74
845 3.21
846 0.00
847 0.00
848 0.38
849 2.15
850 2.25
851 1.82
852 1.51
853 1.44
854 1.44
855 1.54
856 1.54
857 1.19
858 1.92
859 2.23
860 0.91
861 0.81
862 5.22
863 2.18
864 3.20
865 0.55
866 16.17
867 0.97
868 25.09
869 17.82
870 1.76
871 2.88
872 0.47
873 2.09
874 2.81
875 2.00
876 1.65
877 1.78
878 2.17
879 1.91
880 2.39
881 2.09
882 2.21
883 2.26
884 2.71
885 1.97
886 1.01
887 3.13
888 3.11
889 0.67
890 2.03
891 9.86
892 8.40
893 0.00
894 7.73
895 3.85
896 0.48
897 3.38
898 2.93
899 2.04
900 2.06
901 1.82
902 2.51
903 2.46
904 1.91
905 2.35
906 2.14
907 1.92
908 2.98
909 2.05
910 0.76
911 4.28
912 2.83
913 0.58
914 1.97
915 2.43
916 4.60
917 1.07
918 0.52
919 1.67
920 0.58
921 2.29
922 1.92
923 1.94
924 2.72
925 2.44
926 2.06
927 2.13
928 2.60
929 2.01
930 2.14
931 2.18
932 2.91
933 8.37
934 2.07
935 3.05
936 13.99
937 0.26
938 3.38
939 1.88
940 0.67
941 15.86
942 22.50
943 9.61
944 0.44
945 4.09
946 2.44
947 2.08
948 1.80
949 2.08
950 1.97
951 2.31
952 2.29
953 1.93
954 1.91
955 2.67
956 4.76
957 1.22
958 2.83
959 1.91
960 2.79
961 0.63
962 45.28
963 6.65
964 4.74
965 6.30
966 0.69
967 3.03
968 0.53
969 3.50
970 1.83
971 2.16
972 2.04
973 1.90
974 2.07
975 1.98
976 2.42
977 1.68
978 1.49
979 2.01
980 2.86
981 2.29
982 0.82
983 1.46
984 4.31
985 0.68
986 9.31
987 1.54
988 1.48
989 4.89
990 1.16
991 0.83
992 0.34
993 1.65
994 1.95
995 2.12
996 2.18
997 1.94
998 2.31
999 2.11
1000 2.36
1001 2.29
1002 2.14
1003 1.66
1004 1.52
1005 2.03
1006 1.37
1007 14.37
1008 7.02
1009 1.28
1010 2.27
1011 3.36
1012 6.06
1013 6.58
1014 3.73
1015 3.62
1016 0.36
1017 1.50
1018 1.23
1019 1.81
1020 1.42
1021 1.42
1022 1.33
1023 1.48
1024 1.64
1025 1.40
1026 1.39
1027 4.19
1028 1.04
1029 0.86
1030 0.92
1031 18.37
1032 15.74
1033 0.90
1034 49.32
1035 33.88
1036 30.64
1037 58.06
1038 6.62
1039 3.98
1040 0.52
1041 2.28
1042 2.55
1043 1.84
1044 2.13
1045 1.76
1046 1.78
1047 2.01
1048 2.56
1049 2.29
1050 1.74
1051 2.19
1052 3.94
1053 1.88
1054 1.14
1055 1.17
1056 3.72
1057 0.90
1058 26.77
1059 13.11
1060 8.02
1061 7.83
1062 0.53
1063 5.64
1064 0.60
1065 4.60
1066 2.95
1067 2.12
1068 2.25
1069 1.96
1070 2.02
1071 1.80
1072 2.46
1073 2.29
1074 3.14
1075 1.80
1076 2.40
1077 0.63
1078 2.97
1079 0.84
1080 1.38
1081 0.40
1082 9.11
1083 0.00
1084 11.71
1085 0.97
1086 32.73
1087 2.60
1088 0.43
1089 3.11
1090 2.22
1091 1.82
1092 2.41
1093 1.58
1094 2.49
1095 2.52
1096 2.14
1097 2.78
1098 2.44
1099 2.43
1100 4.35
1101 1.72
1102 0.67
1103 7.60
1104 3.73
1105 0.22
1106 0.52
1107 4.20
1108 4.99
1109 7.38
1110 26.28
1111 13.14
1112 0.48
1113 2.69
1114 2.40
1115 2.13
1116 1.70
1117 2.06
1118 1.72
1119 2.20
1120 2.85
1121 2.21
1122 2.31
1123 2.57
1124 1.99
1125 6.25
1126 1.05
1127 2.67
1128 1.63
1129 0.57
1130 0.95
1131 36.00
1132 4.87
1133 2.54
1134 9.22
1135 11.45
1136 0.50
1137 3.59
1138 2.82
1139 2.60
1140 1.91
1141 2.16
1142 1.69
1143 2.25
1144 3.27
1145 2.41
1146 2.14
1147 2.31
1148 1.96
1149 3.19
1150 1.55
1151 1.55
1152 4.38
1153 0.34
1154 0.80
1155 6.16
1156 9.73
1157 1.61
1158 0.56
1159 1.14
1160 0.36
1161 2.20
1162 2.63
1163 2.66
1164 2.31
1165 1.55
1166 2.42
1167 2.00
1168 2.04
1169 2.23
1170 2.15
1171 2.44
1172 2.21
1173 8.15
1174 0.78
1175 3.51
1176 3.33
1177 0.98
1178 6.65
1179 3.39
1180 9.17
1181 13.56
1182 3.97
1183 2.44
1184 0.39
1185 1.91
1186 2.72
1187 1.97
1188 1.70
1189 1.58
1190 1.41
1191 1.89
1192 1.93
1193 1.40
1194 1.94
1195 2.48
1196 0.75
1197 0.72
1198 1.19
1199 9.10
1200 4.51
1201 2.05
1202 2.77
1203 0.00
1204 0.00
1205 14.94
1206 2.45
1207 4.31
1208 0.48
1209 1.98
1210 2.19
1211 2.37
1212 2.11
1213 2.21
1214 1.90
1215 2.28
1216 3.20
1217 2.08
1218 1.82
1219 3.12
1220 2.77
1221 2.82
1222 1.20
1223 3.69
1224 8.34
1225 1.95
1226 42.86
1227 0.00
1228 15.58
1229 0.89
1230 0.00
1231 3.41
1232 0.61
1233 2.98
1234 3.12
1235 1.91
1236 2.22
1237 1.89
1238 2.40
1239 2.52
1240 2.40
1241 2.31
1242 2.42
1243 2.49
1244 5.22
1245 4.01
1246 2.47
1247 7.02
1248 3.13
1249 0.96
1250 1.84
1251 4.56
1252 4.24
1253 0.62
1254 4.78
1255 10.50
1256 0.69
1257 1.59
1258 2.23
1259 2.29
1260 2.71
1261 2.24
1262 2.41
1263 2.39
1264 3.83
1265 2.13
1266 2.08
1267 2.65
1268 2.14
1269 6.63
1270 1.45
1271 3.45
1272 4.35
1273 1.50
1274 0.49
1275 13.50
1276 6.99
1277 1.25
1278 3.43
1279 39.39
1280 0.71
1281 3.04
1282 2.58
1283 2.75
1284 2.38
1285 2.42
1286 2.95
1287 3.34
1288 2.78
1289 2.20
1290 2.66
1291 2.53
1292 3.24
1293 6.54
1294 4.55
1295 3.13
1296 3.10
1297 3.44
1298 5.84
1299 13.71
1300 14.19
1301 20.05
1302 5.70
1303 1.17
1304 0.99
1305 4.29
1306 1.86
1307 2.24
1308 2.34
1309 2.61
1310 1.93
1311 2.15
1312 3.29
1313 2.45
1314 2.34
1315 2.50
1316 4.17
1317 5.46
1318 2.76
1319 4.95
1320 8.66
1321 0.61
1322 2.33
1323 3.75
1324 2.23
1325 6.63
1326 4.98
1327 2.27
1328 0.42
1329 1.40
1330 1.46
1331 2.05
1332 1.83
1333 2.17
1334 1.13
1335 1.58
1336 1.69
1337 2.80
1338 2.69
1339 2.03
1340 1.90
1341 1.22
1342 0.86
1343 1.38
1344 3.89
1345 0.42
1346 6.80
1347 22.64
1348 3.29
1349 28.69
1350 7.88
1351 8.16
1352 0.39
1353 5.02
1354 2.16
1355 1.37
1356 1.95
1357 1.83
1358 2.08
1359 1.42
1360 1.61
1361 1.96
1362 1.65
1363 1.26
1364 0.77
1365 1.77
1366 5.92
1367 1.21
1368 5.22
1369 0.45
1370 23.97
1371 20.97
1372 11.80
1373 14.15
1374 11.83
1375 2.09
1376 0.65
1377 3.10
1378 3.04
1379 2.69
1380 2.77
1381 2.03
1382 2.74
1383 2.67
1384 3.10
1385 1.73
1386 2.33
1387 2.64
1388 3.86
1389 4.22
1390 2.57
1391 2.90
1392 3.62
1393 0.21
1394 2.61
1395 4.11
1396 18.75
1397 13.38
1398 1.37
1399 20.40
1400 0.73
1401 2.29
1402 3.14
1403 2.29
1404 2.40
1405 2.31
1406 2.67
1407 2.39
1408 2.43
1409 2.33
1410 2.48
1411 1.85
1412 2.06
1413 5.25
1414 3.66
1415 3.42
1416 3.46
1417 0.72
1418 2.12
1419 2.29
1420 18.65
1421 0.59
1422 19.82
1423 8.54
1424 0.74
1425 2.32
1426 3.01
1427 1.94
1428 2.45
1429 2.16
1430 2.15
1431 2.05
1432 2.97
1433 2.06
1434 2.45
1435 1.85
1436 4.05
1437 4.07
1438 2.97
1439 2.47
1440 4.45
1441 1.34
1442 1.19
1443 1.00
1444 1.65
1445 0.00
1446 15.22
1447 4.19
1448 0.89
1449 2.01
1450 2.81
1451 2.10
1452 2.61
1453 2.77
1454 2.49
1455 2.88
1456 2.90
1457 2.40
1458 2.49
1459 1.82
1460 1.52
1461 0.87
1462 0.66
1463 1.44
1464 0.00
1465 0.30
1466 6.38
1467 7.81
1468 6.20
1469 2.96
1470 3.53
1471 10.22
1472 0.49
1473 3.52
1474 2.37
1475 1.96
1476 1.80
1477 2.04
1478 1.83
1479 1.85
1480 2.37
1481 2.01
1482 2.28
1483 2.24
1484 2.09
1485 1.44
1486 1.98
1487 1.08
1488 3.12
1489 0.33
1490 1.27
1491 5.47
1492 1.28
1493 12.98
1494 9.88
1495 0.86
1496 0.43
1497 2.82
1498 2.59
1499 1.76
1500 1.13
1501 1.37
1502 1.52
1503 1.86
1504 1.97
1505 1.29
1506 1.68
1507 2.66
1508 2.50
1509 1.65
1510 4.30
1511 1.66
1512 6.81
1513 0.21
1514 23.49
1515 0.00
1516 3.82
1517 4.74
1518 4.88
1519 3.10
1520 0.70
1521 2.87
1522 2.11
1523 2.92
1524 2.45
1525 2.30
1526 2.45
1527 2.23
1528 2.88
1529 2.31
1530 1.77
1531 2.19
1532 3.45
1533 4.70
1534 3.75
1535 9.56
1536 6.86
1537 0.28
1538 12.02
1539 16.29
1540 7.16
1541 0.00
1542 0.63
1543 2.51
1544 0.75
1545 2.71
1546 3.40
1547 2.35
1548 2.61
1549 2.46
1550 1.63
1551 2.68
1552 2.82
1553 1.88
1554 2.63
1555 2.13
1556 2.79
1557 1.39
1558 14.85
1559 1.97
1560 4.72
1561 0.18
1562 0.00
1563 0.00
1564 0.85
1565 1.44
1566 25.53
1567 1.40
1568 0.71
1569 2.70
1570 2.32
1571 1.99
1572 1.95
1573 2.08
1574 1.97
1575 2.17
1576 3.20
1577 2.45
1578 2.39
1579 2.05
1580 2.18
1581 4.74
1582 0.86
1583 1.86
1584 2.54
1585 0.19
1586 19.73
1587 7.79
1588 4.98
1589 2.60
1590 7.96
1591 4.11
1592 0.60
1593 6.15
1594 2.84
1595 2.31
1596 2.52
1597 2.12
1598 2.94
1599 2.00
1600 2.76
1601 2.19
1602 2.32
1603 2.19
1604 3.70
1605 2.98
1606 3.51
1607 2.63
1608 3.92
1609 0.18
1610 5.49
1611 6.46
1612 1.16
1613 0.00
1614 7.17
1615 5.00
1616 0.71
1617 3.87
1618 2.12
1619 2.33
1620 2.63
1621 2.55
1622 2.69
1623 3.01
1624 2.62
1625 2.22
1626 2.61
1627 2.00
1628 2.90
1629 1.20
1630 1.68
1631 3.55
1632 10.98
1633 0.32
1634 4.83
1635 13.90
1636 1.51
1637 9.34
1638 5.82
1639 1.17
1640 0.61
1641 3.31
1642 2.47
1643 2.84
1644 2.47
1645 2.06
1646 2.14
1647 2.36
1648 2.57
1649 2.26
1650 2.30
1651 1.89
1652 2.14
1653 1.60
1654 0.94
1655 3.88
1656 10.70
1657 0.25
1658 2.49
1659 1.77
1660 5.98
1661 7.86
1662 0.70
1663 14.63
1664 0.49
1665 2.68
1666 2.03
1667 1.61
1668 1.60
1669 1.41
1670 1.44
1671 1.23
1672 1.47
1673 1.44
1674 1.66
1675 3.05
1676 0.78
1677 0.59
1678 3.50
1679 3.98
1680 9.29
1681 0.24
1682 22.48
1683 12.12
1684 1.36
1685 1.07
1686 55.38
1687 22.71
1688 0.34
1689 1.40
1690 0.58
1691 1.07
1692 1.03
1693 1.67
1694 0.93
1695 1.16
1696 1.54
1697 1.44
1698 1.31
1699 1.87
1700 2.08
1701 3.11
1702 4.24
1703 2.84
1704 5.56
1705 0.11
1706 7.26
1707 5.19
1708 13.36
1709 0.00
1710 18.37
1711 3.87
1712 0.56
1713 2.58
1714 2.38
1715 1.98
1716 2.56
1717 1.84
1718 2.17
1719 2.81
1720 3.02
1721 2.78
1722 2.53
1723 2.37
1724 2.78
1725 2.06
1726 2.94
1727 2.67
1728 5.36
1729 0.14
1730 0.93
1731 17.48
1732 0.35
1733 12.24
1734 31.72
1735 4.74
1736 0.91
1737 3.86
1738 3.35
1739 2.42
1740 2.27
1741 2.72
1742 2.26
1743 2.75
1744 3.58
1745 2.73
1746 2.34
1747 2.53
1748 2.24
1749 3.50
1750 5.03
1751 2.63
1752 10.16
1753 0.20
1754 1.15
1755 10.01
1756 2.68
1757 31.30
1758 3.53
1759 2.38
1760 0.65
1761 2.66
1762 2.13
1763 1.59
1764 2.54
1765 2.56
1766 2.67
1767 3.63
1768 3.26
1769 2.68
1770 2.55
1771 2.49
1772 3.44
1773 1.59
1774 9.68
1775 2.93
1776 3.83
1777 0.26
1778 25.53
1779 10.11
1780 4.74
1781 1.46
1782 1.12
1783 5.22
1784 0.84
1785 1.77
1786 3.00
1787 2.37
1788 2.55
1789 1.94
1790 2.37
1791 2.05
1792 2.66
1793 1.84
1794 2.21
1795 3.37
1796 2.83
1797 2.59
1798 6.63
1799 2.56
1800 2.46
1801 0.31
1802 1.00
1803 2.44
1804 1.96
1805 28.38
1806 2.25
1807 0.70
1808 0.82
1809 2.67
1810 3.16
1811 2.15
1812 2.56
1813 1.85
1814 2.00
1815 1.69
1816 1.52
1817 1.75
1818 1.98
1819 2.36
1820 3.27
1821 1.06
1822 1.10
1823 0.95
1824 10.65
1825 0.16
1826 0.63
1827 5.21
1828 9.18
1829 12.16
1830 2.26
1831 8.85
1832 0.43
1833 2.51
1834 1.88
1835 2.05
1836 1.42
1837 1.77
1838 1.41
1839 1.44
1840 1.47
1841 1.77
1842 2.18
1843 2.90
1844 1.04
1845 2.04
1846 4.76
1847 2.49
1848 7.61
1849 0.14
1850 1.24
1851 21.05
1852 0.80
1853 2.18
1854 2.73
1855 10.88
1856 0.68
1857 1.91
1858 3.05
1859 2.06
1860 2.49
1861 2.29
1862 2.39
1863 2.34
1864 2.43
1865 3.10
1866 2.12
1867 2.28
1868 1.69
1869 2.17
1870 7.10
1871 2.22
1872 1.93
1873 0.18
1874 0.84
1875 5.76
1876 7.96
1877 3.84
1878 0.66
1879 8.87
1880 0.84
1881 4.22
1882 2.55
1883 2.16
1884 2.85
1885 2.13
1886 2.08
1887 2.46
1888 2.91
1889 2.76
1890 2.00
1891 2.20
1892 3.80
1893 4.38
1894 2.61
1895 2.09
1896 3.89
1897 0.14
1898 3.69
1899 10.57
1900 3.80
1901 1.56
1902 8.49
1903 3.40
1904 0.78
1905 3.01
1906 2.09
1907 1.95
1908 2.73
1909 1.93
1910 2.22
1911 2.66
1912 2.35
1913 1.95
1914 2.02
1915 1.90
1916 2.30
1917 7.74
1918 4.09
1919 2.63
1920 2.98
1921 0.23
1922 0.63
1923 0.00
1924 18.70
1925 5.09
1926 1.56
1927 2.91
1928 1.18
1929 3.79
1930 2.01
1931 2.56
1932 2.76
1933 1.83
1934 2.27
1935 2.10
1936 2.24
1937 2.17
1938 2.74
1939 2.10
1940 3.08
1941 3.68
1942 3.73
1943 1.98
1944 14.80
1945 0.22
1946 6.02
1947 13.54
1948 0.89
1949 3.98
1950 1.52
1951 2.17
1952 0.64
1953 3.73
1954 2.09
1955 2.03
1956 2.14
1957 2.24
1958 3.25
1959 2.29
1960 3.26
1961 2.43
1962 2.01
1963 2.63
1964 2.97
1965 1.90
1966 1.41
1967 3.33
1968 10.90
1969 0.21
1970 8.25
1971 5.80
1972 2.15
1973 2.65
1974 0.53
1975 1.30
1976 0.78
1977 3.98
1978 3.21
1979 2.18
1980 1.87
1981 1.71
1982 1.85
1983 2.14
1984 2.06
1985 2.03
1986 2.00
1987 2.23
1988 3.22
1989 2.24
1990 1.80
1991 1.58
1992 11.28
1993 0.23
1994 0.83
1995 3.87
1996 3.74
1997 3.76
1998 1.98
1999 6.36
2000 0.45
2001 2.24
2002 2.17
2003 1.91
2004 1.60
2005 1.36
2006 1.26
2007 1.59
2008 1.59
2009 1.65
2010 2.10
2011 4.69
2012 1.58
2013 3.06
2014 1.69
2015 3.74
2016 4.65
2017 0.18
2018 21.30
2019 1.05
2020 0.00
2021 3.87
2022 1.94
2023 5.58
2024 1.01
2025 2.19
2026 1.86
2027 2.62
2028 2.41
2029 1.98
2030 1.86
2031 2.25
2032 2.34
2033 2.05
2034 2.12
2035 2.09
2036 2.28
2037 2.01
2038 2.06
2039 1.49
2040 8.98
2041 0.12
2042 40.45
2043 20.73
2044 9.89
2045 3.13
2046 27.48
2047 4.62
2048 0.99
2049 2.74
2050 2.84
2051 2.28
2052 2.41
2053 2.07
2054 2.57
2055 2.57
2056 2.92
2057 2.10
2058 2.74
2059 2.52
2060 5.09
2061 4.89
2062 1.78
2063 2.62
2064 10.96
2065 0.10
2066 5.40
2067 30.64
2068 11.49
2069 12.60
2070 0.82
2071 4.13
2072 0.97
2073 4.55
2074 2.64
2075 2.67
2076 2.39
2077 2.71
2078 1.93
2079 2.48
2080 3.00
2081 2.90
2082 2.92
2083 2.22
2084 2.31
2085 3.04
2086 1.84
2087 0.95
2088 5.02
2089 0.57
2090 34.78
2091 0.00
2092 16.67
2093 15.38
2094 3.46
2095 4.30
2096 1.07
2097 1.47
2098 2.13
2099 2.37
2100 2.71
2101 2.53
2102 2.34
2103 2.63
2104 2.64
2105 2.54
2106 2.26
2107 2.23
2108 3.15
2109 1.87
2110 3.41
2111 4.48
2112 6.05
2113 4.47
2114 6.20
2115 16.06
2116 4.13
2117 14.24
2118 1.89
2119 2.52
2120 1.04
2121 2.62
2122 2.86
2123 2.42
2124 2.40
2125 2.02
2126 3.18
2127 2.39
2128 2.35
2129 3.22
2130 2.16
2131 2.08
2132 1.91
2133 1.74
2134 3.17
2135 1.89
2136 4.93
2137 0.79
2138 10.18
2139 1.33
2140 8.33
2141 6.98
2142 16.56
2143 10.37
2144 0.83
2145 2.23
2146 2.19
2147 2.22
2148 1.73
2149 2.10
2150 2.09
2151 1.58
2152 1.77
2153 2.27
2154 2.05
2155 1.81
2156 2.82
2157 0.90
2158 0.71
2159 2.17
2160 5.24
2161 1.06
2162 5.27
2163 4.14
2164 8.64
2165 3.31
2166 0.43
2167 1.10
2168 0.64
2169 3.57
2170 1.63
2171 1.57
2172 1.21
2173 1.18
2174 1.65
2175 1.52
2176 1.71
2177 1.30
2178 1.45
2179 2.36
2180 0.61
2181 7.26
2182 2.04
2183 1.65
2184 2.82
2185 1.15
2186 13.53
2187 2.89
2188 40.00
2189 4.77
2190 2.27
2191 3.35
2192 0.78
2193 2.10
2194 2.33
2195 2.06
2196 1.83
2197 2.18
2198 1.77
2199 2.08
2200 2.49
2201 2.10
2202 2.14
2203 1.91
2204 3.29
2205 1.64
2206 2.72
2207 3.67
2208 6.43
2209 1.80
2210 5.53
2211 0.00
2212 4.10
2213 0.00
2214 1.97
2215 4.23
2216 0.90
2217 2.28
2218 2.00
2219 2.09
2220 2.60
2221 2.40
2222 2.19
2223 2.14
2224 2.30
2225 1.85
2226 2.30
2227 1.98
2228 3.83
2229 1.85
2230 3.15
2231 1.95
2232 2.56
2233 0.98
2234 15.32
2235 0.47
2236 4.31
2237 0.70
2238 1.20
2239 3.74
2240 0.80
2241 3.67
2242 2.78
2243 2.12
2244 2.18
2245 1.98
2246 2.61
2247 2.51
2248 2.05
2249 2.52
2250 2.21
2251 2.53
2252 2.96
2253 2.06
2254 2.84
2255 1.50
2256 7.79
2257 1.35
2258 1.00
2259 1.61
2260 2.39
2261 0.00
2262 3.20
2263 7.36
2264 1.16
2265 2.40
2266 2.90
2267 1.88
2268 2.68
2269 2.29
2270 2.19
2271 2.54
2272 2.66
2273 2.31
2274 2.08
2275 2.17
2276 3.53
2277 1.20
2278 4.67
2279 3.66
2280 2.95
2281 2.02
2282 1.24
2283 15.26
2284 3.38
2285 42.35
2286 13.72
2287 15.69
2288 0.32
2289 0.89
2290 0.63
2291 0.78
2292 1.21
2293 0.84
2294 1.06
2295 1.34
2296 1.00
2297 1.17
2298 1.42
2299 1.49
2300 1.74
2301 1.01
2302 1.58
2303 3.22
2304 4.75
2305 0.46
2306 2.34
2307 3.29
2308 4.68
2309 1.70
2310 1.33
2311 1.60
2312 0.51
2313 1.31
2314 1.38
2315 1.36
2316 1.15
2317 1.35
2318 1.05
2319 1.56
2320 1.48
2321 2.03
2322 1.69
2323 1.51
2324 1.41
2325 1.81
2326 2.06
2327 3.30
2328 9.39
2329 0.29
2330 29.75
2331 19.11
2332 2.58
2333 3.82
2334 1.25
2335 0.46
2336 0.46
2337 2.37
2338 1.42
2339 1.24
2340 1.55
2341 1.46
2342 1.19
2343 1.38
2344 1.44
2345 1.52
2346 1.64
2347 3.03
2348 1.26
2349 0.73
2350 1.80
2351 0.95
2352 4.75
2353 0.51
2354 14.63
2355 15.62
2356 24.08
2357 5.10
2358 2.45
2359 2.07
2360 0.24
2361 0.53
2362 0.52
2363 0.71
2364 0.72
2365 0.82
2366 1.14
2367 1.13
2368 1.23
2369 1.06
2370 1.24
2371 1.26
2372 1.73
2373 0.76
2374 2.39
2375 1.65
2376 2.99
2377 1.08
2378 25.17
2379 0.00
2380 2.40
2381 5.61
2382 3.08
2383 2.13
2384 0.75
2385 2.10
2386 2.00
2387 2.81
2388 2.23
2389 1.78
2390 1.91
2391 2.14
2392 2.33
2393 2.08
2394 1.31
2395 2.04
2396 2.97
2397 1.30
2398 2.21
2399 4.69
2400 3.50
2401 1.81
2402 0.79
2403 3.55
2404 14.15
2405 0.00
2406 1.66
2407 3.48
2408 0.80
2409 2.56
2410 2.11
2411 1.82
2412 2.56
2413 1.89
2414 1.61
2415 2.20
2416 2.05
2417 1.67
2418 1.92
2419 2.20
2420 1.93
2421 2.04
2422 0.49
2423 1.43
2424 6.64
2425 1.42
2426 0.96
2427 19.83
2428 2.80
2429 24.49
2430 5.69
2431 4.27
2432 1.14
2433 4.05
2434 1.55
2435 1.86
2436 2.44
2437 2.04
2438 1.92
2439 2.27
2440 2.28
2441 2.25
2442 2.03
2443 1.84
2444 2.37
2445 1.57
2446 1.76
2447 3.05
2448 3.29
2449 0.95
2450 4.72
2451 5.53
2452 5.87
2453 8.79
2454 1.87
2455 38.40
2456 0.83
2457 2.45
2458 2.00
2459 2.21
2460 2.50
2461 2.43
2462 2.30
2463 2.14
2464 2.13
2465 2.51
2466 1.67
2467 2.18
2468 2.17
2469 2.82
2470 1.18
2471 2.41
2472 3.14
2473 0.57
2474 1.08
2475 17.28
2476 51.43
2477 0.00
2478 3.72
2479 3.33
2480 0.72
2481 2.06
2482 2.08
2483 1.95
2484 1.94
2485 2.44
2486 1.80
2487 2.31
2488 2.11
2489 1.84
2490 1.99
2491 2.49
2492 2.21
2493 0.85
2494 0.96
2495 1.93
2496 3.85
2497 0.80
2498 2.95
2499 3.66
2500 5.47
2501 2.80
2502 19.46
2503 2.56
2504 0.52
2505 1.85
2506 1.70
2507 1.59
2508 1.52
2509 1.26
2510 1.52
2511 1.68
2512 1.78
2513 1.49
2514 1.68
2515 2.33
2516 2.18
2517 1.07
2518 2.48
2519 3.39
2520 4.91
2521 0.58
2522 1.88
2523 4.58
2524 1.99
2525 7.32
2526 2.28
2527 5.63
2528 1.12
2529 2.36
2530 2.29
2531 2.43
2532 2.22
2533 1.75
2534 1.89
2535 1.79
2536 2.67
2537 2.31
2538 2.01
2539 2.11
2540 3.81
2541 7.06
2542 8.49
2543 5.03
2544 2.87
2545 0.96
2546 0.73
2547 0.00
2548 9.33
2549 0.00
2550 3.82
2551 2.17
2552 0.96
2553 2.11
2554 1.97
2555 2.31
2556 1.95
2557 2.49
2558 1.88
2559 3.02
2560 2.67
2561 2.62
2562 2.16
2563 1.95
2564 3.55
2565 1.47
2566 2.12
2567 5.09
2568 8.30
2569 0.39
2570 0.00
2571 11.84
2572 25.99
2573 12.79
2574 0.00
2575 2.32
2576 0.99
2577 4.12
2578 2.51
2579 1.86
2580 2.87
2581 2.23
2582 2.22
2583 2.42
2584 2.89
2585 2.27
2586 2.06
2587 2.06
2588 2.68
2589 0.98
2590 3.85
2591 1.05
2592 2.12
2593 2.08
2594 15.57
2595 0.00
2596 14.06
2597 7.89
2598 6.43
2599 1.01
2600 0.97
2601 2.28
2602 2.03
2603 2.36
2604 2.50
2605 2.39
2606 2.34
2607 2.80
2608 2.25
2609 2.40
2610 2.15
2611 1.70
2612 2.74
2613 3.28
2614 2.70
2615 2.77
2616 5.08
2617 1.34
2618 10.60
2619 21.18
2620 12.93
2621 0.00
2622 6.35
2623 1.26
2624 0.98
2625 3.83
2626 2.24
2627 2.34
2628 2.42
2629 2.22
2630 2.25
2631 2.04
2632 2.03
2633 2.20
2634 2.06
2635 1.51
2636 3.00
2637 4.17
2638 2.32
2639 1.45
2640 4.85
2641 0.32
2642 3.05
2643 1.60
2644 36.86
2645 7.49
2646 21.69
2647 12.28
2648 0.70
2649 1.79
2650 2.74
2651 2.12
2652 2.05
2653 2.36
2654 1.94
2655 2.09
2656 1.90
2657 1.64
2658 2.03
2659 1.85
2660 2.03
2661 1.26
2662 0.69
2663 1.22
2664 9.26
2665 0.81
2666 2.04
2667 13.55
2668 2.61
2669 17.87
2670 13.99
2671 1.91
2672 0.67
2673 2.65
2674 1.30
2675 1.68
2676 1.21
2677 1.17
2678 1.23
2679 1.37
2680 1.25
2681 1.43
2682 1.49
2683 2.60
2684 0.83
2685 1.25
2686 3.90
2687 4.80
2688 5.21
2689 0.73
2690 0.00
2691 0.00
2692 0.00
2693 6.35
2694 1.46
2695 9.85
2696 1.01
2697 1.97
2698 1.79
2699 1.69
2700 2.17
2701 2.02
2702 1.88
2703 2.13
2704 2.30
2705 2.28
2706 1.96
2707 1.98
2708 3.98
2709 5.97
2710 2.85
2711 3.02
2712 3.38
2713 0.54
2714 0.00
2715 20.38
2716 16.90
2717 0.35
2718 9.86
2719 4.08
2720 1.22
2721 3.04
2722 2.02
2723 2.35
2724 2.02
2725 1.86
2726 2.12
2727 1.91
2728 1.98
2729 2.45
2730 2.03
2731 2.28
2732 4.36
2733 2.34
2734 1.58
2735 1.73
2736 5.96
2737 0.47
2738 0.00
2739 10.76
2740 4.41
2741 1.90
2742 0.38
2743 15.58
2744 0.33
2745 1.06
2746 0.67
2747 0.97
2748 0.79
2749 0.72
2750 0.89
2751 0.77
2752 0.98
2753 0.97
2754 1.09
2755 1.62
2756 1.70
2757 9.22
2758 0.92
2759 1.90
2760 10.69
2761 5.07
2762 1.23
2763 0.00
2764 0.00
2765 2.69
2766 18.87
2767 3.36
2768 0.98
2769 1.07
2770 2.51
2771 2.14
2772 2.35
2773 1.98
2774 1.77
2775 2.28
2776 2.00
2777 2.47
2778 2.50
2779 1.78
2780 2.95
2781 1.52
2782 3.46
2783 2.08
2784 12.20
2785 0.53
2786 19.96
2787 50.70
2788 6.09
2789 0.00
2790 38.30
2791 2.00
2792 1.32
2793 2.43
2794 2.02
2795 2.55
2796 2.12
2797 1.77
2798 2.21
2799 2.57
2800 1.60
2801 2.47
2802 1.83
2803 1.71
2804 2.69
2805 4.34
2806 3.44
2807 2.16
2808 4.02
2809 1.45
2810 0.57
2811 3.57
2812 8.45
2813 0.91
2814 13.53
2815 1.52
2816 0.70
2817 2.93
2818 3.07
2819 2.02
2820 1.62
2821 1.95
2822 1.74
2823 1.94
2824 2.01
2825 1.96
2826 1.97
2827 2.03
2828 2.33
2829 2.15
2830 1.29
2831 1.67
2832 3.75
2833 0.71
2834 2.96
2835 5.18
2836 9.31
2837 2.85
2838 5.31
2839 0.00
2840 0.66
2841 1.83
2842 1.33
2843 1.47
2844 1.36
2845 1.29
2846 1.18
2847 1.37
2848 1.31
2849 1.37
2850 1.34
2851 3.29
2852 0.79
2853 3.06
2854 2.39
2855 2.56
2856 2.70
2857 0.52
2858 23.53
2859 6.86
2860 6.67
2861 3.13
2862 1.39
2863 6.31
2864 0.81
2865 3.21
2866 2.25
2867 1.86
2868 1.87
2869 2.29
2870 2.47
2871 2.61
2872 2.29
2873 2.15
2874 1.92
2875 2.45
2876 3.31
2877 4.18
2878 3.42
2879 1.60
2880 8.35
2881 0.96
2882 40.45
2883 17.78
2884 14.15
2885 5.34
2886 5.12
2887 2.19
2888 1.58
2889 1.87
2890 1.56
2891 2.38
2892 1.64
2893 2.13
2894 1.90
2895 2.38
2896 2.12
2897 2.32
2898 1.83
2899 2.37
2900 2.21
2901 11.07
2902 5.76
2903 3.33
2904 4.12
2905 2.99
2906 29.51
2907 0.00
2908 22.93
2909 8.72
2910 2.31
2911 4.30
2912 0.81
2913 2.13
2914 4.09
2915 1.97
2916 2.38
2917 2.30
2918 2.16
2919 2.44
2920 2.03
2921 1.96
2922 1.97
2923 1.74
2924 2.17
2925 3.92
2926 1.02
2927 3.24
2928 0.00
2929 0.93
2930 0.45
2931 2.10
2932 0.00
2933 3.10
2934 3.88
2935 2.64
2936 1.20
2937 5.47
2938 2.51
2939 2.35
2940 2.66
2941 2.19
2942 1.89
2943 2.54
2944 2.48
2945 1.92
2946 2.37
2947 2.00
2948 2.64
2949 3.83
2950 1.89
2951 2.19
2952 13.65
2953 0.45
2954 13.21
2955 6.45
2956 22.93
2957 0.00
2958 3.12
2959 5.63
2960 1.21
2961 3.14
2962 1.71
2963 2.26
2964 2.05
2965 2.04
2966 2.03
2967 2.57
2968 2.06
2969 2.00
2970 2.03
2971 1.78
2972 1.59
2973 6.93
2974 2.05
2975 4.91
2976 5.22
2977 0.67
2978 17.14
2979 0.64
2980 2.64
2981 10.22
2982 2.18
2983 1.91
2984 2.04
2985 2.38
2986 2.77
2987 2.28
2988 1.97
2989 1.89
2990 1.57
2991 1.89
2992 1.96
2993 1.94
2994 1.94
2995 1.69
2996 2.01
2997 9.51
2998 1.05
2999 2.49
3000 6.75
3001 0.58
3002 4.81
3003 6.81
3004 9.64
3005 3.28
3006 9.17
3007 45.00
3008 0.51
3009 2.74
3010 1.93
3011 1.52
3012 1.59
3013 1.47
3014 1.42
3015 1.38
3016 1.27
3017 1.42
3018 1.74
3019 2.73
3020 2.53
3021 1.65
3022 2.08
3023 2.53
3024 2.27
3025 0.57
3026 0.00
3027 0.00
3028 0.48
3029 3.36
3030 0.73
3031 2.59
3032 1.85
3033 2.72
3034 3.70
3035 2.31
3036 2.07
3037 2.13
3038 1.79
3039 2.41
3040 2.24
3041 1.72
3042 2.35
3043 2.36
3044 3.78
3045 9.09
3046 1.54
3047 4.52
3048 7.34
3049 1.30
3050 0.00
3051 6.62
3052 11.09
3053 2.33
3054 9.95
3055 1.65
3056 2.78
3057 2.77
3058 1.83
3059 2.48
3060 1.96
3061 2.00
3062 2.03
3063 2.12
3064 1.96
3065 2.40
3066 2.14
3067 1.78
3068 4.73
3069 2.99
3070 3.33
3071 25.14
3072 2.81
3073 3.74
3074 15.58
3075 0.55
3076 2.22
3077 55.81
3078 2.15
3079 4.83
3080 1.80
3081 3.32
3082 2.25
3083 1.91
3084 2.10
3085 2.13
3086 2.17
3087 2.17
3088 2.90
3089 2.02
3090 2.46
3091 1.87
3092 2.91
3093 3.07
3094 3.53
3095 16.12
3096 6.09
3097 1.55
3098 33.03
3099 3.35
3100 13.48
3101 5.78
3102 10.83
3103 1.48
3104 1.33
3105 2.62
3106 2.62
3107 2.00
3108 2.21
3109 2.19
3110 2.25
3111 2.29
3112 3.17
3113 2.16
3114 2.70
3115 1.60
3116 3.02
3117 2.88
3118 3.80
3119 4.75
3120 3.78
3121 4.60
3122 7.14
3123 1.82
3124 16.10
3125 6.47
3126 12.37
3127 2.14
3128 1.18
3129 2.22
3130 1.89
3131 2.30
3132 2.23
3133 2.45
3134 2.55
3135 1.74
3136 2.34
3137 2.11
3138 1.78
3139 2.04
3140 1.79
3141 2.94
3142 2.17
3143 3.17
3144 2.92
3145 0.64
3146 6.33
3147 3.66
3148 4.11
3149 9.89
3150 3.59
3151 12.35
3152 1.04
3153 2.53
3154 1.86
3155 1.64
3156 2.08
3157 1.72
3158 1.73
3159 1.53
3160 1.90
3161 2.22
3162 1.61
3163 1.92
3164 3.01
3165 1.29
3166 1.47
3167 1.45
3168 31.62
3169 1.23
3170 6.49
3171 5.48
3172 2.25
3173 8.91
3174 2.97
3175 6.42
3176 0.79
3177 1.71
3178 2.10
3179 1.55
3180 1.51
3181 1.27
3182 1.23
3183 1.42
3184 1.71
3185 1.47
3186 1.63
3187 5.67
3188 1.69
3189 0.66
3190 2.13
3191 40.00
3192 4.43
3193 0.26
3194 1.05
3195 0.00
3196 25.35
3197 0.00
3198 2.11
3199 1.64
3200 1.45
3201 2.26
3202 2.04
3203 1.81
3204 1.58
3205 1.92
3206 2.58
3207 2.07
3208 2.49
3209 2.00
3210 2.07
3211 2.09
3212 2.85
3213 5.96
3214 3.77
3215 18.28
3216 9.17
3217 3.34
3218 22.09
3219 41.86
3220 7.67
3221 0.00
3222 3.99
3223 5.16
3224 1.38
3225 2.38
3226 2.02
3227 1.98
3228 2.23
3229 1.55
3230 2.15
3231 2.12
3232 2.48
3233 2.31
3234 2.29
3235 2.84
3236 2.56
3237 3.36
3238 2.08
3239 4.01
3240 4.50
3241 0.68
3242 13.55
3243 23.76
3244 0.00
3245 1.89
3246 4.11
3247 13.23
3248 1.58
3249 4.29
3250 2.94
3251 1.87
3252 1.86
3253 1.92
3254 2.63
3255 2.09
3256 3.05
3257 2.41
3258 2.21
3259 1.72
3260 4.90
3261 1.90
3262 1.34
3263 17.28
3264 30.17
3265 0.78
3266 0.00
3267 0.22
3268 46.75
3269 1.52
3270 7.97
3271 3.67
3272 1.03
3273 3.03
3274 2.41
3275 2.61
3276 2.15
3277 1.75
3278 2.11
3279 2.07
3280 2.08
3281 2.03
3282 2.18
3283 2.09
3284 2.79
3285 2.73
3286 2.00
3287 1.59
3288 3.75
3289 1.31
3290 16.27
3291 0.61
3292 1.93
3293 2.52
3294 7.32
3295 3.50
3296 1.34
3297 2.71
3298 1.95
3299 2.12
3300 2.10
3301 1.97
3302 2.48
3303 1.90
3304 2.00
3305 2.42
3306 2.16
3307 2.05
3308 2.49
3309 2.32
3310 1.98
3311 2.04
3312 11.29
3313 0.56
3314 4.10
3315 1.92
3316 1.69
3317 10.55
3318 26.47
3319 10.24
3320 1.14
3321 2.55
3322 3.76
3323 2.51
3324 1.99
3325 1.67
3326 1.99
3327 2.25
3328 1.87
3329 1.89
3330 2.14
3331 2.02
3332 2.96
3333 1.45
3334 0.88
3335 1.35
3336 0.00
3337 0.94
3338 1.45
3339 1.35
3340 0.58
3341 13.40
3342 0.00
3343 59.02
3344 1.03
3345 1.76
3346 1.83
3347 1.66
3348 1.36
3349 1.32
3350 1.29
3351 1.32
3352 1.72
3353 1.50
3354 1.74
3355 2.97
3356 1.82
3357 0.98
3358 44.44
3359 2.79
3360 9.55
3361 1.20
3362 23.08
3363 1.06
3364 11.18
3365 33.03
3366 0.83
3367 16.29
3368 1.78
3369 1.46
3370 1.98
3371 1.75
3372 2.05
3373 2.02
3374 2.22
3375 2.21
3376 2.44
3377 2.61
3378 2.29
3379 2.16
3380 3.39
3381 1.65
3382 1.86
3383 4.46
3384 3.04
3385 0.61
3386 0.00
3387 0.00
3388 0.63
3389 1.07
3390 5.05
3391 4.71
3392 1.29
3393 3.39
3394 2.52
3395 2.68
3396 2.27
3397 2.16
3398 2.63
3399 2.02
3400 2.88
3401 2.13
3402 2.19
3403 2.03
3404 5.36
3405 2.70
3406 12.61
3407 1.02
3408 8.08
3409 0.89
3410 0.00
3411 7.76
3412 7.38
3413 9.36
3414 1.30
3415 3.02
3416 1.19
3417 3.13
3418 2.18
3419 2.35
3420 1.93
3421 2.09
3422 2.03
3423 2.30
3424 2.15
3425 2.07
3426 2.64
3427 2.14
3428 3.28
3429 2.33
3430 5.49
3431 1.19
3432 4.29
3433 0.90
3434 50.70
3435 3.64
3436 52.17
3437 1.53
3438 1.12
3439 14.71
3440 0.87
3441 1.83
3442 1.92
3443 1.98
3444 2.09
3445 1.92
3446 2.06
3447 2.40
3448 2.43
3449 1.78
3450 1.92
3451 1.70
3452 1.67
3453 1.75
3454 3.38
3455 2.85
3456 16.17
3457 5.06
3458 13.03
3459 17.56
3460 0.67
3461 0.00
3462 22.55
3463 1.65
3464 0.83
3465 6.27
3466 2.01
3467 2.08
3468 1.97
3469 2.19
3470 2.02
3471 2.23
3472 2.12
3473 2.03
3474 2.22
3475 2.11
3476 1.95
3477 3.89
3478 1.51
3479 6.19
3480 4.97
3481 0.73
3482 0.84
3483 6.43
3484 20.22
3485 4.24
3486 11.32
3487 0.45
3488 0.59
3489 2.42
3490 2.67
3491 2.24
3492 1.63
3493 1.79
3494 1.79
3495 1.82
3496 1.81
3497 1.94
3498 2.09
3499 1.67
3500 1.81
3501 1.20
3502 0.67
3503 1.79
3504 13.95
3505 0.52
3506 3.38
3507 5.59
3508 2.23
3509 8.07
3510 30.77
3511 14.72
3512 0.51
3513 1.69
3514 1.59
3515 1.52
3516 1.42
3517 1.41
3518 1.36
3519 1.60
3520 1.49
3521 1.20
3522 1.73
3523 2.56
3524 1.30
3525 4.62
3526 0.80
3527 3.01
3528 6.13
3529 0.51
3530 0.00
3531 0.41
3532 0.00
3533 3.12
3534 14.34
3535 1.87
3536 0.73
3537 1.79
3538 2.12
3539 1.80
3540 1.69
3541 1.98
3542 1.64
3543 2.11
3544 2.81
3545 2.49
3546 1.89
3547 1.92
3548 3.12
3549 1.12
3550 4.38
3551 2.16
3552 2.94
3553 0.75
3554 1.35
3555 0.00
3556 4.12
3557 5.20
3558 0.00
3559 5.37
3560 0.90
3561 3.42
3562 2.73
3563 1.95
3564 1.92
3565 2.39
3566 2.17
3567 2.13
3568 2.09
3569 2.08
3570 2.29
3571 1.90
3572 2.58
3573 1.24
3574 8.30
3575 3.45
3576 15.13
3577 1.38
3578 34.95
3579 41.86
3580 0.00
3581 1.86
3582 2.77
3583 22.22
3584 0.92
3585 1.69
3586 2.46
3587 2.26
3588 1.83
3589 1.94
3590 2.38
3591 1.79
3592 3.13
3593 2.79
3594 2.19
3595 2.29
3596 3.11
3597 1.31
3598 2.31
3599 3.39
3600 3.89
3601 0.61
3602 9.62
3603 19.89
3604 2.07
3605 35.82
3606 0.00
3607 10.71
3608 0.81
3609 1.68
3610 2.51
3611 2.39
3612 1.95
3613 1.69
3614 1.61
3615 2.25
3616 2.05
3617 2.28
3618 1.78
3619 1.76
3620 2.49
3621 2.98
3622 1.09
3623 2.44
3624 3.58
3625 1.23
3626 0.00
3627 41.38
3628 5.26
3629 10.06
3630 7.91
3631 9.44
3632 1.08
3633 2.18
3634 1.87
3635 1.89
3636 1.91
3637 2.24
3638 2.73
3639 2.56
3640 1.95
3641 2.59
3642 2.08
3643 1.50
3644 4.22
3645 1.49
3646 1.45
3647 2.31
3648 7.41
3649 0.87
3650 10.29
3651 12.28
3652 0.77
3653 4.26
3654 0.00
3655 3.95
3656 0.71
3657 6.69
3658 2.62
3659 2.28
3660 2.53
3661 2.28
3662 1.82
3663 1.92
3664 1.75
3665 2.28
3666 1.87
3667 2.27
3668 1.81
3669 1.21
3670 0.93
3671 2.04
3672 12.07
3673 0.76
3674 1.79
3675 3.23
3676 1.60
3677 27.69
3678 13.51
3679 1.66
3680 0.82
3681 3.37
3682 2.21
3683 1.17
3684 1.21
3685 1.45
3686 1.37
3687 1.54
3688 1.69
3689 1.17
3690 1.93
3691 4.18
3692 0.99
3693 3.75
3694 2.04
3695 2.92
3696 4.16
3697 2.35
3698 15.65
3699 4.23
3700 19.89
3701 0.96
3702 3.26
3703 2.69
3704 1.49
3705 2.73
3706 2.42
3707 2.20
3708 2.18
3709 1.81
3710 2.10
3711 2.09
3712 2.54
3713 1.85
3714 1.98
3715 1.76
3716 2.20
3717 1.29
3718 1.34
3719 7.17
3720 1.42
3721 0.42
3722 0.83
3723 0.00
3724 8.04
3725 1.26
3726 27.91
3727 26.67
3728 1.47
3729 2.21
3730 2.95
3731 1.95
3732 1.74
3733 1.79
3734 1.71
3735 2.12
3736 2.36
3737 2.19
3738 1.79
3739 2.44
3740 4.01
3741 1.97
3742 5.39
3743 3.82
3744 4.40
3745 0.36
3746 11.63
3747 33.64
3748 10.57
3749 0.65
3750 0.00
3751 5.46
3752 0.95
3753 2.45
3754 2.88
3755 2.54
3756 2.23
3757 2.79
3758 1.78
3759 2.56
3760 2.11
3761 2.33
3762 1.63
3763 2.13
3764 2.91
3765 2.10
3766 1.68
3767 2.12
3768 7.37
3769 0.80
3770 2.17
3771 13.03
3772 3.07
3773 4.02
3774 4.11
3775 9.18
3776 1.21
3777 3.73
3778 1.74
3779 2.05
3780 2.08
3781 2.19
3782 1.95
3783 2.04
3784 2.16
3785 1.83
3786 1.89
3787 2.29
3788 3.34
3789 10.07
3790 2.67
3791 1.19
3792 11.44
3793 0.77
3794 18.65
3795 31.12
3796 7.13
3797 0.76
3798 3.17
3799 11.32
3800 1.21
3801 2.77
3802 2.80
3803 2.70
3804 1.71
3805 2.35
3806 1.98
3807 2.03
3808 1.87
3809 2.45
3810 2.46
3811 2.24
3812 2.39
3813 1.11
3814 2.70
3815 1.20
3816 5.31
3817 0.88
3818 2.48
3819 2.20
3820 6.33
3821 6.25
3822 14.17
3823 1.71
3824 0.95
3825 4.17
3826 2.87
3827 2.15
3828 1.78
3829 2.04
3830 1.45
3831 1.88
3832 1.85
3833 2.04
3834 1.53
3835 1.74
3836 2.53
3837 1.96
3838 3.14
3839 1.86
3840 1.87
3841 0.68
3842 14.68
3843 1.50
3844 18.90
3845 3.67
3846 11.46
3847 17.60
3848 1.02
3849 1.87
3850 1.81
3851 1.68
3852 1.05
3853 1.19
3854 1.30
3855 1.29
3856 1.53
3857 1.48
3858 1.60
3859 3.39
3860 1.06
3861 3.14
3862 6.82
3863 7.80
3864 3.27
3865 0.66
3866 11.33
3867 1.72
3868 5.89
3869 1.32
3870 9.89
3871 2.44
3872 0.23
3873 0.40
3874 0.57
3875 0.97
3876 1.03
3877 0.86
3878 0.86
3879 1.07
3880 1.28
3881 1.10
3882 1.09
3883 1.48
3884 3.57
3885 1.36
3886 1.27
3887 1.97
3888 38.99
3889 0.65
3890 24.66
3891 0.00
3892 0.00
3893 0.00
3894 0.00
3895 3.57
3896 1.02
3897 3.98
3898 2.40
3899 2.35
3900 2.47
3901 2.56
3902 2.19
3903 2.00
3904 2.51
3905 1.94
3906 2.14
3907 2.42
3908 4.60
3909 2.99
3910 3.11
3911 11.83
3912 24.97
3913 1.27
3914 0.00
3915 0.00
3916 0.00
3917 1.74
3918 7.03
3919 7.84
3920 1.31
3921 5.50
3922 2.72
3923 2.30
3924 2.08
3925 2.03
3926 1.73
3927 2.08
3928 2.28
3929 1.83
3930 1.81
3931 1.82
3932 5.55
3933 2.74
3934 1.16
3935 6.72
3936 9.85
3937 0.51
3938 13.33
3939 57.14
3940 0.00
3941 2.06
3942 1.33
3943 2.75
3944 1.03
3945 2.33
3946 1.78
3947 1.57
3948 1.95
3949 2.10
3950 2.34
3951 2.04
3952 2.62
3953 1.74
3954 1.95
3955 2.25
3956 3.19
3957 4.54
3958 1.37
3959 3.45
3960 31.36
3961 0.63
3962 20.06
3963 1.53
3964 33.96
3965 5.33
3966 7.37
3967 3.62
3968 1.22
3969 3.16
3970 2.85
3971 2.33
3972 1.85
3973 2.15
3974 2.23
3975 2.33
3976 2.19
3977 2.07
3978 2.31
3979 2.52
3980 3.27
3981 1.38
3982 1.56
3983 3.12
3984 9.07
3985 0.58
3986 1.73
3987 48.00
3988 23.23
3989 1.00
3990 23.23
3991 8.85
3992 1.21
3993 2.47
3994 2.42
3995 2.08
3996 2.04
3997 1.86
3998 1.67
3999 2.04
4000 1.87
4001 2.30
4002 2.15
4003 2.15
4004 2.40
4005 1.08
4006 0.91
4007 4.07
4008 9.82
4009 0.70
4010 3.21
4011 8.93
4012 3.81
4013 3.42
4014 0.00
4015 13.91
4016 0.85
4017 5.15
4018 2.22
4019 1.54
4020 1.44
4021 1.59
4022 1.27
4023 1.27
4024 1.68
4025 1.93
4026 1.79
4027 4.26
4028 3.05
4029 1.85
4030 2.62
4031 2.91
4032 7.14
4033 0.41
4034 0.00
4035 25.17
4036 0.80
4037 0.00
4038 13.04
4039 4.07
4040 1.59
4041 2.82
4042 2.97
4043 3.15
4044 2.91
4045 2.06
4046 2.12
4047 2.05
4048 2.59
4049 2.03
4050 1.85
4051 2.33
4052 2.97
4053 3.62
4054 1.18
4055 4.17
4056 1.82
4057 0.63
4058 0.75
4059 0.00
4060 1.37
4061 0.61
4062 23.84
4063 3.30
4064 1.08
4065 1.89
4066 2.28
4067 2.12
4068 2.32
4069 1.93
4070 2.48
4071 1.99
4072 2.28
4073 2.51
4074 2.11
4075 2.55
4076 3.40
4077 4.76
4078 1.10
4079 15.35
4080 0.00
4081 4.66
4082 0.00
4083 23.92
4084 0.00
4085 14.54
4086 9.51
4087 2.66
4088 1.07
4089 4.75
4090 2.85
4091 2.93
4092 2.54
4093 2.12
4094 2.22
4095 1.93
4096 2.11
4097 2.41
4098 2.63
4099 2.40
4100 4.57
4101 2.22
4102 8.55
4103 1.83
4104 11.62
4105 54.55
4106 23.92
4107 4.49
4108 3.48
4109 1.61
4110 7.33
4111 2.55
4112 1.64
4113 3.08
4114 2.73
4115 2.35
4116 2.30
4117 2.38
4118 1.95
4119 2.21
4120 2.43
4121 2.13
4122 3.09
4123 2.89
4124 3.17
4125 3.11
4126 2.16
4127 1.96
4128 3.50
4129 0.86
4130 10.78
4131 2.45
4132 7.25
4133 10.40
4134 34.29
4135 2.71
4136 1.26
4137 3.74
4138 3.01
4139 2.67
4140 2.34
4141 2.24
4142 2.27
4143 2.23
4144 2.31
4145 2.26
4146 2.30
4147 2.07
4148 3.63
4149 1.15
4150 2.66
4151 5.09
4152 10.84
4153 2.62
4154 2.96
4155 13.09
4156 2.36
4157 3.57
4158 0.88
4159 2.45
4160 1.16
4161 1.99
4162 2.27
4163 2.27
4164 2.08
4165 2.51
4166 1.96
4167 1.91
4168 2.12
4169 1.72
4170 1.87
4171 2.66
4172 2.53
4173 3.17
4174 6.14
4175 1.59
4176 4.17
4177 2.24
4178 8.09
4179 4.77
4180 4.46
4181 9.06
4182 23.23
4183 1.25
4184 1.00
4185 3.43
4186 3.15
4187 1.36
4188 1.67
4189 1.56
4190 1.57
4191 1.22
4192 1.46
4193 1.33
4194 2.13
4195 2.08
4196 14.29
4197 6.49
4198 9.16
4199 2.96
4200 7.91
4201 1.87
4202 0.00
4203 49.66
4204 10.94
4205 9.49
4206 1.74
4207 13.77
4208 2.24
4209 2.62
4210 2.40
4211 2.27
4212 1.88
4213 2.54
4214 2.43
4215 2.04
4216 2.18
4217 2.53
4218 1.96
4219 2.27
4220 5.54
4221 0.91
4222 1.89
4223 1.30
4224 7.43
4225 0.45
4226 10.56
4227 7.91
4228 7.97
4229 0.93
4230 7.29
4231 2.74
4232 1.70
4233 3.93
4234 2.71
4235 2.37
4236 2.20
4237 2.13
4238 2.44
4239 1.95
4240 2.17
4241 2.64
4242 2.33
4243 2.62
4244 3.64
4245 4.75
4246 3.13
4247 2.73
4248 8.24
4249 1.10
4250 3.72
4251 50.70
4252 57.14
4253 49.32
4254 4.27
4255 18.95
4256 1.27
4257 2.08
4258 1.94
4259 2.21
4260 2.45
4261 2.46
4262 2.05
4263 2.47
4264 2.48
4265 3.06
4266 2.64
4267 2.33
4268 2.87
4269 3.89
4270 1.43
4271 6.14
4272 2.48
4273 1.53
4274 23.84
4275 17.84
4276 17.06
4277 2.29
4278 2.15
4279 2.54
4280 0.88
4281 4.37
4282 3.23
4283 2.69
4284 1.98
4285 1.98
4286 2.23
4287 2.22
4288 2.48
4289 2.03
4290 2.11
4291 2.32
4292 2.82
4293 1.81
4294 1.80
4295 2.13
4296 3.58
4297 1.27
4298 24.16
4299 15.79
4300 16.78
4301 2.87
4302 4.04
4303 13.44
4304 1.27
4305 1.91
4306 2.01
4307 2.34
4308 2.42
4309 2.15
4310 1.89
4311 2.79
4312 2.09
4313 1.93
4314 2.12
4315 2.28
4316 2.69
4317 1.68
4318 1.36
4319 3.39
4320 12.89
4321 0.92
4322 1.21
4323 6.65
4324 5.77
4325 2.61
4326 4.10
4327 5.08
4328 0.72
4329 4.86
4330 2.49
4331 1.83
4332 1.90
4333 2.31
4334 1.87
4335 1.82
4336 1.98
4337 1.62
4338 1.39
4339 2.18
4340 2.99
4341 1.43
4342 2.27
4343 1.00
4344 9.20
4345 0.66
4346 2.84
4347 18.14
4348 9.21
4349 25.03
4350 29.27
4351 0.68
4352 0.88
4353 3.55
4354 1.86
4355 1.86
4356 1.03
4357 1.16
4358 1.95
4359 1.49
4360 1.44
4361 1.47
4362 1.71
4363 3.95
4364 1.01
4365 6.92
4366 2.06
4367 1.86
4368 1.96
4369 0.36
4370 45.57
4371 0.00
4372 0.36
4373 0.64
4374 7.50
4375 12.08
4376 1.16
4377 2.06
4378 2.48
4379 2.03
4380 2.12
4381 2.46
4382 2.27
4383 2.28
4384 2.48
4385 2.12
4386 2.18
4387 2.20
4388 4.90
4389 2.51
4390 2.42
4391 1.32
4392 3.52
4393 0.49
4394 0.00
4395 0.00
4396 2.09
4397 2.10
4398 1.66
4399 3.17
4400 0.89
4401 3.77
4402 2.40
4403 3.58
4404 1.99
4405 2.32
4406 2.74
4407 2.51
4408 2.55
4409 2.50
4410 1.76
4411 2.19
4412 2.61
4413 8.96
4414 2.70
4415 2.16
4416 4.80
4417 1.37
4418 1.39
4419 1.67
4420 0.31
4421 0.95
4422 7.39
4423 5.04
4424 1.12
4425 1.90
4426 2.72
4427 1.83
4428 2.13
4429 2.25
4430 2.03
4431 2.10
4432 2.23
4433 1.99
4434 2.23
4435 2.55
4436 3.25
4437 1.40
4438 2.76
4439 2.77
4440 5.81
4441 0.53
4442 8.13
4443 1.80
4444 1.59
4445 33.96
4446 0.54
4447 4.83
4448 0.87
4449 3.30
4450 2.54
4451 2.59
4452 2.39
4453 1.78
4454 1.82
4455 2.07
4456 1.95
4457 2.53
4458 1.84
4459 2.16
4460 2.73
4461 2.31
4462 1.65
4463 3.78
4464 7.70
4465 1.21
4466 7.14
4467 11.59
4468 20.00
4469 48.00
4470 1.24
4471 13.04
4472 1.30
4473 2.27
4474 2.21
4475 1.98
4476 2.48
4477 2.45
4478 2.18
4479 2.18
4480 2.26
4481 2.57
4482 2.35
4483 1.86
4484 2.28
4485 2.20
4486 1.27
4487 8.10
4488 5.52
4489 0.38
4490 7.69
4491 0.00
4492 20.73
4493 16.88
4494 4.25
4495 1.05
4496 1.15
4497 3.08
4498 2.66
4499 2.22
4500 2.64
4501 1.56
4502 1.82
4503 1.59
4504 1.92
4505 2.17
4506 1.94
4507 1.86
4508 2.09
4509 2.35
4510 0.92
4511 5.97
4512 14.16
4513 0.55
4514 8.46
4515 2.56
4516 3.25
4517 10.02
4518 0.62
4519 24.83
4520 0.70
4521 4.62
4522 2.54
4523 2.16
4524 1.33
4525 1.46
4526 1.17
4527 1.35
4528 1.48
4529 1.34
4530 1.79
4531 3.63
4532 1.63
4533 2.08
4534 1.67
4535 2.04
4536 32.14
4537 0.99
4538 27.38
4539 2.03
4540 0.00
4541 3.08
4542 3.49
4543 7.38
4544 1.20
4545 2.64
4546 2.19
4547 2.35
4548 2.33
4549 2.03
4550 2.16
4551 2.68
4552 2.25
4553 2.67
4554 2.17
4555 2.97
4556 3.86
4557 2.45
4558 1.43
4559 1.99
4560 21.91
4561 0.55
4562 0.00
4563 32.43
4564 2.52
4565 28.80
4566 7.21
4567 13.15
4568 1.28
4569 2.58
4570 3.25
4571 2.63
4572 2.18
4573 1.76
4574 2.26
4575 2.12
4576 2.45
4577 2.29
4578 2.04
4579 2.03
4580 4.54
4581 1.28
4582 7.07
4583 1.16
4584 2.41
4585 0.21
4586 1.97
4587 18.75
4588 10.26
4589 0.99
4590 12.37
4591 6.32
4592 1.43
4593 2.27
4594 3.62
4595 2.37
4596 1.74
4597 2.27
4598 2.44
4599 2.30
4600 2.16
4601 1.97
4602 1.70
4603 2.28
4604 4.12
4605 5.14
4606 1.17
4607 2.91
4608 3.72
4609 0.33
4610 4.57
4611 20.40
4612 0.00
4613 0.43
4614 26.87
4615 24.11
4616 1.30
4617 3.97
4618 2.37
4619 2.51
4620 2.39
4621 2.25
4622 2.54
4623 2.16
4624 2.81
4625 2.17
4626 2.56
4627 2.15
4628 5.87
4629 0.82
4630 2.54
4631 2.67
4632 3.17
4633 0.46
4634 0.99
4635 6.17
4636 6.58
4637 3.74
4638 34.29
4639 3.54
4640 1.32
4641 4.62
4642 2.23
4643 2.38
4644 2.70
4645 2.15
4646 2.70
4647 2.21
4648 2.82
4649 2.06
4650 2.08
4651 1.93
4652 3.03
4653 2.12
4654 1.62
4655 3.88
4656 11.91
4657 0.68
4658 5.92
4659 4.48
4660 2.45
4661 9.79
4662 3.42
4663 4.63
4664 1.29
4665 3.67
4666 1.97
4667 2.32
4668 2.43
4669 1.92
4670 1.61
4671 1.73
4672 1.39
4673 1.92
4674 1.68
4675 1.50
4676 3.10
4677 3.01
4678 0.95
4679 4.90
4680 4.13
4681 0.28
4682 9.50
4683 8.92
4684 20.77
4685 20.27
4686 3.91
4687 8.19
4688 0.87
4689 1.71
4690 1.64
4691 1.55
4692 1.68
4693 1.24
4694 1.60
4695 1.56
4696 1.51
4697 1.41
4698 1.99
4699 2.68
4700 0.91
4701 1.39
4702 7.24
4703 4.38
4704 17.65
4705 0.21
4706 2.04
4707 0.00
4708 7.26
4709 31.58
4710 8.09
4711 16.77
4712 1.90
4713 2.19
4714 2.58
4715 2.76
4716 2.75
4717 2.61
4718 2.41
4719 2.14
4720 2.60
4721 2.49
4722 2.20
4723 2.07
4724 6.29
4725 3.53
4726 2.49
4727 1.50
4728 13.69
4729 0.81
4730 0.00
4731 2.90
4732 2.04
4733 35.64
4734 7.12
4735 9.39
4736 1.34
4737 2.97
4738 3.06
4739 2.80
4740 3.16
4741 2.63
4742 2.01
4743 3.32
4744 2.54
4745 2.19
4746 1.83
4747 2.14
4748 3.42
4749 1.19
4750 1.20
4751 3.33
4752 15.89
4753 0.98
4754 0.00
4755 49.32
4756 2.54
4757 31.03
4758 3.57
4759 2.60
4760 1.52
4761 4.07
4762 3.49
4763 2.22
4764 2.51
4765 2.61
4766 2.49
4767 3.40
4768 3.07
4769 2.89
4770 2.76
4771 2.20
4772 3.24
4773 1.15
4774 4.19
4775 1.44
4776 2.22
4777 0.22
4778 1.29
4779 0.00
4780 0.00
4781 15.25
4782 17.39
4783 9.09
4784 1.34
4785 3.92
4786 1.72
4787 2.52
4788 2.48
4789 2.34
4790 2.19
4791 2.54
4792 3.13
4793 2.76
4794 1.95
4795 2.61
4796 3.46
4797 1.73
4798 2.74
4799 1.85
4800 7.49
4801 0.43
4802 4.63
4803 43.37
4804 10.72
4805 26.28
4806 8.48
4807 1.05
4808 1.43
4809 4.78
4810 3.72
4811 2.61
4812 2.22
4813 2.57
4814 2.66
4815 2.37
4816 2.21
4817 2.35
4818 2.25
4819 2.03
4820 3.08
4821 1.63
4822 1.13
4823 1.36
4824 2.55
4825 0.60
4826 0.00
4827 3.07
4828 1.83
4829 13.71
4830 28.57
4831 7.13
4832 1.13
4833 4.34
4834 2.52
4835 2.27
4836 2.27
4837 1.68
4838 1.71
4839 2.09
4840 1.81
4841 2.40
4842 2.25
4843 1.78
4844 2.32
4845 1.09
4846 0.99
4847 28.80
4848 6.19
4849 0.17
4850 24.49
4851 21.18
4852 11.95
4853 7.98
4854 14.88
4855 5.77
4856 0.67
4857 4.74
4858 2.03
4859 1.71
4860 1.21
4861 1.50
4862 1.50
4863 1.58
4864 1.51
4865 1.71
4866 1.89
4867 5.14
4868 0.99
4869 24.49
4870 7.18
4871 1.54
4872 9.11
4873 1.21
4874 0.73
4875 0.00
4876 0.00
4877 0.90
4878 0.00
4879 9.66
4880 1.31
4881 1.90
4882 3.32
4883 2.28
4884 2.58
4885 2.17
4886 2.57
4887 2.23
4888 2.47
4889 2.15
4890 2.04
4891 2.19
4892 6.02
4893 8.85
4894 1.84
4895 0.88
4896 9.07
4897 0.53
4898 3.06
4899 40.00
4900 0.00
4901 24.16
4902 12.19
4903 6.11
4904 0.95
4905 8.27
4906 3.52
4907 3.16
4908 2.87
4909 2.78
4910 3.05
4911 2.79
4912 1.95
4913 2.36
4914 2.88
4915 2.53
4916 3.68
4917 10.52
4918 1.76
4919 3.10
4920 8.32
4921 0.73
4922 21.18
4923 14.34
4924 52.17
4925 2.20
4926 13.33
4927 14.75
4928 1.16
4929 1.97
4930 3.85
4931 2.27
4932 2.08
4933 2.80
4934 2.89
4935 2.16
4936 2.47
4937 2.82
4938 2.13
4939 2.13
4940 2.95
4941 7.76
4942 1.59
4943 3.39
4944 14.39
4945 0.70
4946 0.00
4947 0.00
4948 0.00
4949 7.89
4950 16.55
4951 4.50
4952 0.86
4953 7.03
4954 2.36
4955 2.55
4956 2.13
4957 2.31
4958 2.47
4959 2.34
4960 2.30
4961 2.51
4962 1.95
4963 1.66
4964 3.89
4965 0.36
4966 2.29
4967 4.19
4968 3.62
4969 0.49
4970 7.45
4971 12.27
4972 0.84
4973 11.87
4974 0.00
4975 23.84
4976 1.14
4977 2.22
4978 2.23
4979 2.87
4980 2.19
4981 2.03
4982 1.90
4983 2.51
4984 2.62
4985 2.09
4986 1.73
4987 1.88
4988 3.69
4989 16.67
4990 2.35
4991 1.86
4992 12.94
4993 0.74
4994 0.40
4995 28.39
4996 7.14
4997 0.00
4998 6.94
4999 15.90
5000 1.04
5001 1.86
5002 2.65
5003 2.51
5004 2.01
5005 1.67
5006 1.64
5007 1.33
5008 2.03
5009 2.03
5010 1.91
5011 1.58
5012 3.45
5013 3.58
5014 15.52
5015 1.53
5016 4.59
5017 0.62
5018 0.19
5019 4.63
5020 10.16
5021 11.53
5022 3.34
5023 0.00
5024 0.82
5025 4.08
5026 2.23
5027 1.31
5028 1.36
5029 1.23
5030 1.23
5031 1.38
5032 1.59
5033 1.87
5034 1.85
5035 5.44
5036 24.66
5037 0.00
5038 29.03
5039 21.69
5040 6.73
5041 0.00
5042 0.00
5043 23.53
5044 3.29
5045 0.00
5046 2.57
5047 4.97
5048 1.41
5049 3.41
5050 2.20
5051 2.60
5052 2.63
5053 1.83
5054 2.64
5055 2.46
5056 2.41
5057 2.28
5058 2.30
5059 2.21
5060 4.09
5061 12.91
5062 0.00
5063 3.69
5064 34.62
5065 0.49
5066 0.00
5067 0.00
5068 0.72
5069 43.90
5070 30.90
5071 10.89
5072 1.41
5073 2.49
5074 2.45
5075 3.34
5076 2.29
5077 2.77
5078 2.39
5079 2.26
5080 2.24
5081 1.97
5082 1.74
5083 2.32
5084 2.06
5085 0.00
5086 11.01
5087 5.88
5088 16.22
5089 0.43
5090 45.57
5091 5.06
5092 0.00
5093 11.56
5094 1.76
5095 29.27
5096 1.02
5097 3.77
5098 1.85
5099 2.18
5100 2.24
5101 1.88
5102 2.23
5103 2.48
5104 2.89
5105 1.79
5106 2.04
5107 2.11
5108 1.81
5109 4.31
5110 5.66
5111 16.33
5112 15.65
5113 0.52
5114 0.00
5115 0.00
5116 3.02
5117 1.59
5118 10.41
5119 2.82
5120 0.88
5121 5.68
5122 2.22
5123 2.09
5124 2.33
5125 1.95
5126 2.27
5127 2.13
5128 2.57
5129 2.26
5130 2.27
5131 2.45
5132 2.77
5133 3.97
5134 2.00
5135 6.02
5136 8.97
5137 0.44
5138 0.89
5139 0.00
5140 28.12
5141 0.27
5142 8.56
5143 2.64
5144 1.11
5145 3.15
5146 2.06
5147 2.73
5148 2.67
5149 2.36
5150 2.07
5151 2.67
5152 2.16
5153 3.04
5154 2.22
5155 2.09
5156 2.72
5157 1.46
5158 0.75
5159 1.67
5160 8.21
5161 1.13
5162 49.66
5163 46.75
5164 2.73
5165 5.36
5166 6.19
5167 7.48
5168 0.74
5169 1.86
5170 1.88
5171 2.06
5172 1.64
5173 1.85
5174 1.58
5175 1.22
5176 1.77
5177 1.58
5178 2.25
5179 1.78
5180 2.69
5181 1.28
5182 1.00
5183 12.35
5184 12.95
5185 0.34
5186 0.00
5187 10.42
5188 2.83
5189 13.93
5190 9.90
5191 3.44
5192 0.58
5193 7.43
5194 1.82
5195 1.52
5196 1.38
5197 1.62
5198 1.49
5199 1.38
5200 1.71
5201 1.36
5202 1.71
5203 3.42
5204 3.57
5205 11.59
5206 8.46
5207 2.79
5208 6.69
5209 0.92
5210 0.00
5211 0.00
5212 0.00
5213 0.00
5214 3.02
5215 12.08
5216 1.30
5217 4.60
5218 2.10
5219 2.41
5220 2.10
5221 2.59
5222 2.50
5223 2.44
5224 2.71
5225 2.52
5226 1.84
5227 2.37
5228 4.18
5229 4.82
5230 5.35
5231 7.88
5232 11.88
5233 0.14
5234 36.36
5235 9.28
5236 0.00
5237 0.81
5238 0.00
5239 5.03
5240 0.98
5241 5.46
5242 2.26
5243 2.49
5244 1.80
5245 1.98
5246 2.24
5247 2.52
5248 2.92
5249 2.49
5250 1.93
5251 2.45
5252 5.43
5253 2.39
5254 3.83
5255 2.68
5256 4.94
5257 0.08
5258 0.00
5259 5.56
5260 0.00
5261 0.00
5262 0.00
5263 16.46
5264 1.03
5265 2.60
5266 1.69
5267 2.23
5268 2.60
5269 2.37
5270 2.61
5271 2.15
5272 2.73
5273 2.60
5274 1.99
5275 2.36
5276 3.79
5277 4.85
5278 2.07
5279 8.11
5280 3.90
5281 0.18
5282 0.00
5283 11.98
5284 0.31
5285 1.89
5286 12.16
5287 2.97
5288 1.21
5289 3.48
5290 2.04
5291 2.75
5292 2.58
5293 1.91
5294 2.90
5295 2.45
5296 2.74
5297 1.83
5298 1.97
5299 2.16
5300 4.40
5301 5.80
5302 1.78
5303 1.88
5304 2.97
5305 0.33
5306 2.40
5307 50.00
5308 2.67
5309 0.00
5310 4.82
5311 10.39
5312 1.03
5313 5.47
5314 1.66
5315 2.32
5316 2.76
5317 2.01
5318 2.87
5319 2.96
5320 2.63
5321 2.63
5322 1.88
5323 1.69
5324 1.93
5325 7.46
5326 0.76
5327 0.98
5328 25.00
5329 0.16
5330 50.70
5331 14.81
5332 1.35
5333 3.59
5334 6.61
5335 1.09
5336 0.61
5337 1.98
5338 2.30
5339 2.64
5340 1.72
5341 1.69
5342 2.28
5343 2.27
5344 1.74
5345 1.92
5346 2.26
5347 2.27
5348 2.89
5349 1.81
5350 0.95
5351 4.62
5352 4.76
5353 0.18
5354 0.98
5355 1.65
5356 2.63
5357 2.31
5358 0.00
5359 3.24
5360 0.72
5361 2.27
5362 2.09
5363 1.96
5364 1.60
5365 1.56
5366 1.44
5367 1.43
5368 1.56
5369 1.66
5370 1.57
5371 2.91
5372 1.30
5373 10.08
5374 12.50
5375 3.39
5376 6.08
5377 0.08
5378 7.28
5379 0.00
5380 0.00
5381 0.00
5382 11.30
5383 5.70
5384 0.86
5385 4.13
5386 2.32
5387 1.83
5388 2.55
5389 2.79
5390 1.92
5391 2.33
5392 2.24
5393 2.64
5394 2.13
5395 2.03
5396 3.47
5397 6.17
5398 0.91
5399 2.60
5400 9.52
5401 0.21
5402 5.31
5403 4.83
5404 0.00
5405 0.92
5406 6.30
5407 5.85
5408 1.40
5409 1.91
5410 1.93
5411 1.81
5412 2.03
5413 2.45
5414 2.01
5415 2.25
5416 2.08
5417 2.58
5418 2.31
5419 2.54
5420 2.90
5421 30.00
5422 6.53
5423 2.45
5424 6.28
5425 0.11
5426 6.70
5427 2.03
5428 4.56
5429 1.16
5430 0.42
5431 5.32
5432 1.82
5433 4.71
5434 2.66
5435 3.02
5436 2.85
5437 2.20
5438 2.34
5439 2.67
5440 2.11
5441 2.34
5442 1.80
5443 2.41
5444 4.52
5445 3.44
5446 1.38
5447 2.04
5448 9.63
5449 0.11
5450 44.44
5451 26.77
5452 34.62
5453 3.23
5454 8.25
5455 3.50
5456 1.22
5457 4.09
5458 1.93
5459 2.37
5460 2.35
5461 2.05
5462 2.52
5463 2.25
5464 2.37
5465 2.54
5466 1.54
5467 2.40
5468 3.78
5469 2.04
5470 3.48
5471 2.68
5472 5.04
5473 0.33
5474 8.75
5475 6.56
5476 5.98
5477 0.00
5478 12.10
5479 3.81
5480 2.01
5481 4.52
5482 1.30
5483 1.77
5484 2.08
5485 2.53
5486 2.04
5487 2.36
5488 2.54
5489 1.98
5490 2.16
5491 2.00
5492 3.11
5493 1.57
5494 0.40
5495 29.45
5496 1.16
5497 0.17
5498 15.98
5499 0.80
5500 6.57
5501 0.00
5502 0.00
5503 15.75
5504 0.73
5505 1.20
5506 2.66
5507 2.47
5508 2.13
5509 1.75
5510 2.06
5511 2.30
5512 1.97
5513 1.71
5514 1.88
5515 1.96
5516 2.41
5517 0.93
5518 0.72
5519 0.98
5520 1.57
5521 0.20
5522 0.75
5523 25.90
5524 0.91
5525 9.60
5526 10.37
5527 6.36
5528 0.70
5529 7.73
5530 3.06
5531 1.53
5532 1.60
5533 1.73
5534 1.59
5535 1.47
5536 1.12
5537 1.54
5538 2.45
5539 5.59
5540 1.68
5541 13.41
5542 1.37
5543 6.08
5544 42.86
5545 0.12
5546 9.50
5547 0.00
5548 0.00
5549 0.00
5550 4.39
5551 5.34
5552 1.26
5553 5.84
5554 1.73
5555 2.31
5556 2.73
5557 2.22
5558 2.05
5559 2.88
5560 2.76
5561 2.92
5562 2.64
5563 2.59
5564 2.90
5565 3.33
5566 0.76
5567 2.50
5568 0.00
5569 0.54
5570 0.00
5571 0.00
5572 0.79
5573 0.00
5574 13.68
5575 2.27
5576 1.68
5577 5.42
5578 2.39
5579 2.38
5580 2.41
5581 2.84
5582 1.87
5583 2.60
5584 2.51
5585 2.03
5586 2.77
5587 2.89
5588 5.10
5589 1.13
5590 2.12
5591 0.57
5592 5.74
5593 7.28
5594 0.00
5595 0.00
5596 0.18
5597 0.91
5598 9.85
5599 8.41
5600 2.28
5601 2.82
5602 2.50
5603 2.31
5604 2.41
5605 2.19
5606 2.47
5607 1.89
5608 2.08
5609 2.22
5610 2.68
5611 2.22
5612 4.50
5613 6.97
5614 4.56
5615 10.94
5616 1.36
5617 5.01
5618 0.00
5619 7.96
5620 22.50
5621 0.00
5622 3.58
5623 1.59
5624 1.65
5625 5.86
5626 1.51
5627 2.10
5628 2.23
5629 2.36
5630 2.84
5631 2.60
5632 2.62
5633 2.28
5634 2.04
5635 2.45
5636 3.33
5637 4.14
5638 1.45
5639 1.50
5640 2.66
5641 2.56
5642 16.89
5643 5.50
5644 8.47
5645 2.12
5646 1.05
5647 6.43
5648 1.06
5649 4.66
5650 2.13
5651 1.54
5652 1.71
5653 1.99
5654 2.12
5655 2.75
5656 2.48
5657 2.26
5658 2.44
5659 2.76
5660 1.65
5661 0.82
5662 0.46
5663 2.13
5664 3.75
5665 0.56
5666 0.45
5667 22.45
5668 0.00
5669 52.94
5670 26.67
5671 1.57
5672 0.82
5673 4.83
5674 1.75
5675 2.20
5676 1.97
5677 1.75
5678 1.90
5679 1.55
5680 1.62
5681 2.60
5682 1.98
5683 2.32
5684 3.09
5685 0.68
5686 0.52
5687 1.71
5688 4.75
5689 0.23
5690 0.00
5691 0.49
5692 0.00
5693 15.58
5694 6.92
5695 5.62
5696 0.63
5697 5.73
5698 1.38
5699 1.69
5700 1.60
5701 1.41
5702 1.38
5703 1.73
5704 1.83
5705 1.29
5706 1.41
5707 5.96
5708 1.06
5709 0.85
5710 12.74
5711 1.32
5712 0.00
5713 0.45
5714 0.00
5715 0.44
5716 0.00
5717 0.00
5718 31.30
5719 52.94
5720 1.21
5721 3.21
5722 1.91
5723 2.36
5724 2.07
5725 2.22
5726 2.82
5727 2.38
5728 2.12
5729 2.32
5730 2.52
5731 2.69
5732 3.58
5733 0.84
5734 7.04
5735 1.49
5736 1.32
5737 0.55
5738 0.00
5739 0.00
5740 0.00
5741 3.91
5742 36.00
5743 9.99
5744 1.30
5745 1.69
5746 3.01
5747 2.17
5748 2.02
5749 2.80
5750 2.40
5751 2.53
5752 2.75
5753 2.07
5754 2.36
5755 2.31
5756 5.68
5757 1.88
5758 6.66
5759 1.67
5760 48.65
5761 0.25
5762 0.00
5763 0.00
5764 0.00
5765 0.00
5766 1.65
5767 21.82
5768 1.67
5769 2.21
5770 2.01
5771 2.39
5772 2.56
5773 2.04
5774 3.00
5775 3.19
5776 3.23
5777 2.55
5778 2.57
5779 2.43
5780 2.53
5781 3.64
5782 1.91
5783 9.15
5784 3.92
5785 0.84
5786 1.64
5787 0.79
5788 0.86
5789 0.85
5790 1.91
5791 3.42
5792 1.93
5793 4.22
5794 2.00
5795 2.63
5796 2.15
5797 2.31
5798 2.54
5799 1.79
5800 2.67
5801 1.97
5802 2.18
5803 2.26
5804 4.16
5805 4.03
5806 1.00
5807 1.74
5808 4.80
5809 1.39
5810 12.54
5811 1.82
5812 0.00
5813 0.40
5814 5.35
5815 3.83
5816 1.78
5817 3.31
5818 2.04
5819 2.85
5820 2.40
5821 2.41
5822 2.25
5823 2.01
5824 1.94
5825 2.21
5826 2.18
5827 1.93
5828 4.26
5829 4.29
5830 4.26
5831 1.49
5832 3.38
5833 1.39
5834 2.29
5835 9.80
5836 1.89
5837 30.51
5838 1.38
5839 5.62
5840 0.86
5841 1.99
5842 2.66
5843 2.32
5844 2.16
5845 1.39
5846 2.02
5847 1.68
5848 1.99
5849 1.86
5850 1.71
5851 2.06
5852 2.11
5853 1.11
5854 1.54
5855 3.25
5856 7.34
5857 0.61
5858 17.14
5859 1.62
5860 1.26
5861 9.09
5862 0.00
5863 3.94
5864 0.50
5865 6.11
5866 1.39
5867 1.68
5868 1.67
5869 1.37
5870 1.54
5871 2.06
5872 1.98
5873 1.79
5874 1.93
5875 4.98
5876 3.19
5877 0.72
5878 2.93
5879 0.64
5880 10.83
5881 15.58
5882 33.96
5883 0.00
5884 0.00
5885 0.62
5886 14.48
5887 9.68
5888 1.29
5889 2.47
5890 2.00
5891 3.13
5892 2.13
5893 2.37
5894 2.43
5895 1.95
5896 2.72
5897 2.96
5898 2.06
5899 2.39
5900 3.20
5901 47.68
5902 28.94
5903 0.74
5904 4.59
5905 0.52
5906 4.69
5907 17.82
5908 1.79
5909 2.18
5910 2.18
5911 4.48
5912 1.65
5913 4.86
5914 3.04
5915 3.38
5916 2.85
5917 2.29
5918 2.23
5919 2.27
5920 2.32
5921 2.36
5922 2.38
5923 2.83
5924 3.86
5925 3.22
5926 0.84
5927 2.15
5928 6.47
5929 0.32
5930 0.00
5931 13.08
5932 7.74
5933 0.00
5934 10.14
5935 3.22
5936 1.68
5937 2.70
5938 3.20
5939 2.09
5940 2.48
5941 1.88
5942 2.57
5943 2.34
5944 2.46
5945 2.50
5946 2.63
5947 2.30
5948 6.21
5949 2.18
5950 3.61
5951 3.65
5952 4.67
5953 0.11
5954 51.06
5955 6.32
5956 24.49
5957 0.63
5958 1.14
5959 5.71
5960 1.89
5961 2.49
5962 1.89
5963 2.45
5964 2.29
5965 2.43
5966 2.48
5967 2.36
5968 1.98
5969 2.90
5970 2.07
5971 2.23
5972 5.22
5973 2.91
5974 4.06
5975 0.94
5976 11.17
5977 0.21
5978 29.15
5979 29.83
5980 1.40
5981 1.22
5982 1.46
5983 4.77
5984 1.65
5985 3.78
5986 1.65
5987 2.78
5988 1.82
5989 2.23
5990 2.36
5991 2.43
5992 2.49
5993 2.53
5994 2.11
5995 2.15
5996 2.33
5997 1.21
5998 3.16
5999 4.13
6000 6.72
6001 0.35
6002 2.19
6003 3.64
6004 3.35
6005 0.72
6006 11.34
6007 4.86
6008 1.02
6009 1.56
6010 2.54
6011 2.49
6012 1.81
6013 1.82
6014 2.00
6015 1.92
6016 2.28
6017 2.25
6018 2.31
6019 2.26
6020 3.06
6021 2.11
6022 1.42
6023 0.84
6024 2.02
6025 0.17
6026 1.06
6027 0.00
6028 0.00
6029 0.00
6030 17.56
6031 3.33
6032 0.56
6033 2.01
6034 2.58
6035 1.90
6036 1.55
6037 2.04
6038 1.27
6039 1.43
6040 1.38
6041 1.30
6042 1.84
6043 4.12
6044 3.27
6045 0.92
6046 8.99
6047 1.96
6048 1.29
6049 0.17
6050 0.00
6051 0.00
6052 0.00
6053 0.67
6054 5.93
6055 4.11
6056 1.89
6057 2.54
6058 1.63
6059 2.65
6060 2.05
6061 2.41
6062 2.25
6063 2.71
6064 2.28
6065 2.25
6066 1.93
6067 2.03
6068 3.40
6069 3.17
6070 1.61
6071 3.17
6072 2.89
6073 0.14
6074 15.45
6075 0.43
6076 0.00
6077 3.30
6078 11.25
6079 5.23
6080 1.30
6081 2.35
6082 2.67
6083 1.78
6084 2.18
6085 2.17
6086 2.41
6087 2.76
6088 2.22
6089 2.50
6090 2.78
6091 2.74
6092 4.24
6093 4.34
6094 2.26
6095 6.70
6096 7.00
6097 0.17
6098 0.00
6099 0.00
6100 5.91
6101 1.42
6102 10.94
6103 25.64
6104 0.75
6105 4.67
6106 2.03
6107 2.44
6108 2.31
6109 1.97
6110 2.19
6111 2.50
6112 3.02
6113 2.61
6114 2.43
6115 2.23
6116 3.91
6117 2.92
6118 5.54
6119 2.85
6120 4.51
6121 0.12
6122 6.75
6123 3.70
6124 0.00
6125 0.65
6126 9.13
6127 14.35
6128 1.17
6129 5.21
6130 2.39
6131 2.18
6132 1.96
6133 2.16
6134 1.98
6135 1.87
6136 1.90
6137 2.18
6138 2.11
6139 2.10
6140 2.92
6141 2.12
6142 1.23
6143 15.36
6144 4.46
6145 0.19
6146 15.31
6147 0.00
6148 8.96
6149 0.88
6150 2.69
6151 2.18
6152 1.39
6153 2.78
6154 1.82
6155 2.56
6156 2.43
6157 2.30
6158 2.94
6159 2.02
6160 2.25
6161 2.62
6162 1.68
6163 2.29
6164 5.70
6165 2.10
6166 1.48
6167 9.92
6168 6.84
6169 0.29
6170 7.31
6171 5.62
6172 1.42
6173 6.75
6174 9.18
6175 15.32
6176 0.83
6177 2.39
6178 1.93
6179 2.30
6180 1.76
6181 1.98
6182 1.79
6183 2.12
6184 1.97
6185 1.98
6186 2.13
6187 2.06
6188 3.21
6189 1.00
6190 1.70
6191 1.08
6192 5.23
6193 0.24
6194 9.73
6195 0.00
6196 15.67
6197 5.45
6198 49.32
6199 13.42
6200 0.64
6201 7.15
6202 2.60
6203 1.88
6204 1.46
6205 1.45
6206 1.22
6207 1.55
6208 2.01
6209 1.76
6210 1.80
6211 4.29
6212 2.11
6213 3.06
6214 8.60
6215 2.26
6216 4.88
6217 0.12
6218 1.08
6219 0.00
6220 0.93
6221 1.09
6222 6.29
6223 1.40
6224 1.18
6225 2.71
6226 2.13
6227 2.05
6228 2.10
6229 2.10
6230 2.39
6231 2.17
6232 2.30
6233 2.33
6234 2.29
6235 2.49
6236 4.21
6237 0.69
6238 2.31
6239 1.10
6240 4.78
6241 0.17
6242 0.00
6243 0.00
6244 1.82
6245 0.00
6246 8.59
6247 1.11
6248 1.20
6249 2.29
6250 2.52
6251 2.41
6252 2.26
6253 1.91
6254 1.88
6255 1.89
6256 2.58
6257 2.33
6258 2.43
6259 2.11
6260 2.93
6261 2.24
6262 1.05
6263 1.38
6264 3.88
6265 0.14
6266 8.74
6267 21.69
6268 0.00
6269 0.75
6270 18.46
6271 15.25
6272 1.00
6273 2.35
6274 2.54
6275 1.82
6276 1.86
6277 2.54
6278 1.91
6279 2.09
6280 2.10
6281 2.22
6282 2.21
6283 2.00
6284 2.24
6285 3.13
6286 3.13
6287 2.58
6288 3.44
6289 0.26
6290 1.71
6291 3.70
6292 0.00
6293 0.54
6294 3.94
6295 4.59
6296 1.03
6297 2.84
6298 2.08
6299 2.27
6300 2.05
6301 1.73
6302 3.05
6303 2.38
6304 2.21
6305 2.33
6306 2.32
6307 2.31
6308 4.15
6309 4.19
6310 1.75
6311 4.36
6312 9.73
6313 0.17
6314 23.33
6315 21.43
6316 25.90
6317 0.25
6318 7.86
6319 11.80
6320 0.88
6321 3.97
6322 2.45
6323 2.46
6324 2.60
6325 2.12
6326 2.15
6327 2.40
6328 2.42
6329 1.56
6330 1.77
6331 1.92
6332 2.30
6333 1.44
6334 1.19
6335 3.17
6336 7.57
6337 0.63
6338 2.70
6339 7.07
6340 4.43
6341 26.67
6342 4.78
6343 1.20
6344 0.80
6345 2.40
6346 1.73
6347 2.60
6348 2.50
6349 1.95
6350 1.99
6351 1.94
6352 1.98
6353 2.14
6354 2.43
6355 2.01
6356 2.11
6357 4.36
6358 0.67
6359 2.36
6360 9.06
6361 0.28
6362 30.81
6363 7.68
6364 24.83
6365 0.96
6366 13.85
6367 34.95
6368 0.57
6369 3.09
6370 1.87
6371 1.59
6372 1.44
6373 1.62
6374 1.29
6375 1.28
6376 1.42
6377 1.55
6378 1.86
6379 4.65
6380 0.88
6381 1.44
6382 2.21
6383 1.01
6384 5.50
6385 0.24
6386 16.82
6387 0.00
6388 0.00
6389 0.58
6390 12.03
6391 11.37
6392 1.47
6393 3.48
6394 2.64
6395 2.09
6396 2.24
6397 2.12
6398 2.61
6399 2.65
6400 1.98
6401 2.37
6402 2.07
6403 2.68
6404 2.48
6405 1.20
6406 1.24
6407 13.30
6408 3.01
6409 0.15
6410 0.00
6411 0.00
6412 1.63
6413 2.96
6414 4.65
6415 0.73
6416 0.89
6417 2.52
6418 2.79
6419 1.84
6420 1.93
6421 1.67
6422 2.06
6423 2.07
6424 2.36
6425 2.25
6426 2.80
6427 2.33
6428 3.95
6429 3.55
6430 3.31
6431 1.54
6432 7.83
6433 0.30
6434 5.74
6435 38.16
6436 0.00
6437 0.34
6438 6.46
6439 3.07
6440 1.02
6441 1.68
6442 3.12
6443 1.81
6444 1.97
6445 2.26
6446 2.56
6447 2.42
6448 1.79
6449 2.15
6450 1.96
6451 1.87
6452 2.28
6453 3.55
6454 2.91
6455 3.02
6456 3.02
6457 0.28
6458 8.20
6459 0.00
6460 0.00
6461 1.26
6462 6.87
6463 19.16
6464 0.97
6465 4.38
6466 3.45
6467 2.79
6468 2.48
6469 2.28
6470 2.36
6471 2.16
6472 2.22
6473 2.53
6474 2.54
6475 2.62
6476 4.07
6477 2.69
6478 5.96
6479 2.11
6480 22.70
6481 0.40
6482 3.80
6483 4.28
6484 1.86
6485 0.38
6486 6.46
6487 0.00
6488 0.96
6489 2.64
6490 2.78
6491 3.05
6492 1.90
6493 4.25
6494 2.42
6495 1.62
6496 2.39
6497 2.43
6498 2.10
6499 2.63
6500 1.69
6501 1.75
6502 3.23
6503 2.03
6504 10.77
6505 0.43
6506 2.55
6507 9.80
6508 12.00
6509 0.97
6510 0.99
6511 4.45
6512 0.46
6513 2.31
6514 1.78
6515 2.43
6516 1.94
6517 1.83
6518 2.04
6519 1.70
6520 2.15
6521 2.12
6522 2.21
6523 2.01
6524 2.16
6525 0.86
6526 0.98
6527 11.44
6528 1.96
6529 0.30
6530 2.76
6531 0.00
6532 24.16
6533 0.45
6534 0.00
6535 0.00
6536 0.49
6537 4.46
6538 2.44
6539 1.31
6540 1.26
6541 1.41
6542 1.31
6543 1.20
6544 1.32
6545 1.65
6546 2.31
6547 1.97
6548 17.91
6549 1.02
6550 2.90
6551 3.57
6552 4.95
6553 0.44
6554 0.88
6555 0.82
6556 1.55
6557 33.64
6558 0.19
6559 1.51
6560 1.21
6561 2.52
6562 2.79
6563 1.87
6564 1.82
6565 1.91
6566 1.73
6567 1.96
6568 1.90
6569 1.70
6570 2.01
6571 1.83
6572 2.30
6573 3.65
6574 3.40
6575 2.29
6576 12.89
6577 0.82
6578 2.24
6579 0.00
6580 2.07
6581 6.75
6582 1.46
6583 0.60
6584 1.03
6585 3.92
6586 2.00
6587 1.39
6588 1.36
6589 1.14
6590 1.09
6591 1.27
6592 1.13
6593 1.41
6594 1.70
6595 3.54
6596 0.92
6597 5.81
6598 9.15
6599 2.94
6600 3.86
6601 1.39
6602 2.76
6603 7.37
6604 4.29
6605 0.92
6606 3.86
6607 2.03
6608 1.61
6609 3.04
6610 2.87
6611 1.89
6612 1.99
6613 2.04
6614 2.16
6615 2.22
6616 1.92
6617 2.57
6618 2.77
6619 3.02
6620 2.98
6621 5.40
6622 2.30
6623 2.29
6624 3.42
6625 1.48
6626 3.76
6627 1.79
6628 43.90
6629 4.42
6630 1.99
6631 1.87
6632 1.92
6633 3.41
6634 3.22
6635 2.20
6636 1.65
6637 1.73
6638 2.03
6639 1.73
6640 1.97
6641 1.89
6642 2.61
6643 2.52
6644 2.94
6645 1.80
6646 0.83
6647 3.40
6648 3.77
6649 0.87
6650 1.71
6651 0.00
6652 16.29
6653 13.33
6654 1.22
6655 1.87
6656 2.70
6657 3.97
6658 2.16
6659 1.93
6660 1.89
6661 2.19
6662 1.91
6663 2.20
6664 1.64
6665 1.75
6666 2.45
6667 2.11
6668 2.16
6669 2.44
6670 1.59
6671 2.88
6672 2.69
6673 1.31
6674 6.90
6675 3.96
6676 1.82
6677 46.15
6678 1.76
6679 2.70
6680 2.70
6681 2.49
6682 2.02
6683 2.16
6684 2.26
6685 1.60
6686 1.90
6687 1.98
6688 2.37
6689 2.17
6690 2.11
6691 2.34
6692 2.17
6693 3.85
6694 8.62
6695 1.67
6696 17.62
6697 0.78
6698 5.13
6699 8.98
6700 1.38
6701 2.75
6702 21.75
6703 1.45
6704 1.95
6705 2.59
6706 2.16
6707 2.69
6708 2.30
6709 1.59
6710 1.86
6711 2.14
6712 2.04
6713 2.49
6714 2.37
6715 2.43
6716 2.32
6717 1.61
6718 3.15
6719 7.05
6720 9.06
6721 1.14
6722 3.28
6723 4.82
6724 7.60
6725 1.76
6726 15.57
6727 3.22
6728 1.10
6729 3.38
6730 2.03
6731 2.20
6732 1.61
6733 1.70
6734 1.51
6735 1.91
6736 1.77
6737 1.68
6738 1.82
6739 1.94
6740 2.30
6741 1.52
6742 1.09
6743 2.12
6744 4.09
6745 0.67
6746 6.41
6747 4.67
6748 2.15
6749 3.89
6750 19.30
6751 0.85
6752 1.12
6753 1.18
6754 1.49
6755 1.70
6756 0.94
6757 1.00
6758 1.22
6759 1.43
6760 1.32
6761 1.55
6762 1.54
6763 1.99
6764 2.62
6765 1.48
6766 3.16
6767 5.26
6768 6.98
6769 1.48
6770 6.52
6771 2.15
6772 1.04
6773 1.00
6774 3.79
6775 1.77
6776 2.33
6777 2.04
6778 2.47
6779 2.45
6780 2.00
6781 1.98
6782 2.05
6783 1.88
6784 1.99
6785 2.69
6786 2.56
6787 2.15
6788 2.38
6789 3.03
6790 3.91
6791 1.66
6792 4.49
6793 0.32
6794 0.61
6795 5.47
6796 0.00
6797 0.00
6798 12.44
6799 2.01
6800 3.08
6801 2.03
6802 2.57
6803 2.45
6804 2.13
6805 2.00
6806 2.16
6807 1.81
6808 1.81
6809 1.71
6810 2.23
6811 2.82
6812 2.75
6813 5.33
6814 1.86
6815 9.79
6816 2.02
6817 0.61
6818 5.77
6819 29.63
6820 16.44
6821 34.29
6822 3.33
6823 5.69
6824 4.28
6825 3.09
6826 3.08
6827 0.87
6828 1.86
6829 1.78
6830 1.96
6831 1.67
6832 2.17
6833 2.99
6834 2.85
6835 2.62
6836 2.80
6837 3.41
6838 1.08
6839 3.31
6840 2.69
6841 0.29
6842 17.50
6843 43.37
6844 1.73
6845 8.51
6846 2.10
6847 1.64
6848 0.56
6849 2.47
6850 2.58
6851 2.03
6852 2.09
6853 1.41
6854 2.13
6855 1.81
6856 2.65
6857 2.20
6858 3.59
6859 2.38
6860 2.36
6861 3.95
6862 1.16
6863 4.91
6864 5.32
6865 0.28
6866 0.00
6867 0.00
6868 42.86
6869 0.00
6870 4.22
6871 1.51
6872 0.54
6873 2.67
6874 2.38
6875 2.05
6876 2.20
6877 1.96
6878 2.29
6879 2.36
6880 2.31
6881 3.08
6882 3.40
6883 2.66
6884 2.50
6885 2.41
6886 0.77
6887 1.34
6888 3.88
6889 0.30
6890 2.04
6891 1.20
6892 11.26
6893 2.92
6894 3.16
6895 2.70
6896 0.33
6897 2.61
6898 1.62
6899 1.93
6900 1.93
6901 1.30
6902 1.29
6903 1.76
6904 1.96
6905 1.75
6906 1.91
6907 1.54
6908 1.55
6909 1.91
6910 0.67
6911 1.67
6912 3.31
6913 0.35
6914 1.35
6915 1.44
6916 1.19
6917 3.20
6918 6.19
6919 0.51
6920 0.39
6921 1.25
6922 1.59
6923 1.21
6924 1.01
6925 1.38
6926 1.20
6927 1.23
6928 1.19
6929 1.34
6930 1.60
6931 4.00
6932 1.57
6933 5.31
6934 0.95
6935 3.26
6936 2.91
6937 0.15
6938 9.89
6939 0.00
6940 0.00
6941 0.00
6942 7.22
6943 1.92
6944 0.52
6945 2.98
6946 1.64
6947 1.98
6948 1.80
6949 2.19
6950 1.57
6951 1.95
6952 1.66
6953 3.30
6954 5.22
6955 2.76
6956 2.96
6957 7.78
6958 1.84
6959 1.47
6960 3.47
6961 0.22
6962 43.90
6963 55.38
6964 0.00
6965 0.00
6966 9.91
6967 1.24
6968 0.64
6969 4.03
6970 2.45
6971 2.40
6972 1.93
6973 2.06
6974 2.11
6975 2.09
6976 1.48
6977 3.15
6978 3.12
6979 2.45
6980 2.19
6981 4.06
6982 2.04
6983 5.82
6984 13.33
6985 0.25
6986 32.14
6987 5.90
6988 0.00
6989 0.00
6990 4.45
6991 1.22
6992 2.03
6993 1.81
6994 3.80
6995 3.44
6996 2.31
6997 1.43
6998 1.60
6999 2.34
7000 2.43
7001 3.55
7002 2.69
7003 2.92
7004 3.69
7005 5.90
7006 1.39
7007 2.24
7008 4.41
7009 0.58
7010 2.26
7011 4.09
7012 1.15
7013 0.00
7014 7.53
7015 4.37
7016 1.56
7017 2.85
7018 3.20
7019 3.19
7020 1.95
7021 2.04
7022 2.42
7023 2.54
7024 1.93
7025 2.47
7026 2.59
7027 2.76
7028 2.13
7029 1.18
7030 1.44
7031 0.83
7032 6.25
7033 0.55
7034 0.41
7035 6.02
7036 0.23
7037 0.00
7038 2.13
7039 1.96
7040 0.87
7041 1.91
7042 1.84
7043 1.96
7044 1.84
7045 1.50
7046 1.88
7047 1.89
7048 2.30
7049 2.11
7050 2.89
7051 2.76
7052 1.80
7053 2.23
7054 1.26
7055 3.41
7056 4.86
7057 0.21
7058 2.84
7059 2.25
7060 27.07
7061 2.10
7062 0.00
7063 7.81
7064 0.43
7065 2.15
7066 1.91
7067 1.67
7068 1.49
7069 1.88
7070 1.42
7071 2.40
7072 1.80
7073 1.65
7074 2.30
7075 2.49
7076 2.80
7077 1.75
7078 1.90
7079 0.97
7080 4.85
7081 0.33
7082 1.60
7083 1.81
7084 2.83
7085 6.47
7086 6.84
7087 1.12
7088 0.33
7089 1.39
7090 1.55
7091 1.54
7092 1.11
7093 1.14
7094 1.49
7095 1.17
7096 1.27
7097 1.40
7098 1.78
7099 5.32
7100 0.45
7101 1.24
7102 2.58
7103 2.20
7104 3.23
7105 0.13
7106 1.12
7107 4.35
7108 2.57
7109 0.00
7110 4.32
7111 2.76
7112 0.66
7113 2.96
7114 2.89
7115 2.58
7116 2.47
7117 1.88
7118 1.30
7119 1.72
7120 2.04
7121 2.29
7122 2.52
7123 2.56
7124 2.79
7125 6.60
7126 1.45
7127 1.70
7128 48.32
7129 0.10
7130 0.89
7131 0.66
7132 0.69
7133 0.00
7134 4.13
7135 10.72
7136 0.72
7137 2.65
7138 2.49
7139 2.23
7140 2.05
7141 1.85
7142 1.96
7143 2.70
7144 2.07
7145 2.67
7146 2.68
7147 2.89
7148 3.50
7149 4.51
7150 2.23
7151 2.41
7152 10.08
7153 0.43
7154 0.80
7155 26.28
7156 15.79
7157 35.29
7158 9.85
7159 6.20
7160 2.02
7161 1.86
7162 1.66
7163 2.10
7164 1.69
7165 2.01
7166 2.29
7167 2.20
7168 2.03
7169 2.39
7170 2.93
7171 2.73
7172 2.05
7173 1.82
7174 3.11
7175 4.11
7176 4.67
7177 0.88
7178 1.63
7179 4.42
7180 4.33
7181 12.97
7182 15.64
7183 2.06
7184 1.19
7185 2.41
7186 1.54
7187 2.34
7188 2.28
7189 1.99
7190 2.04
7191 2.42
7192 2.00
7193 2.56
7194 2.61
7195 2.45
7196 1.89
7197 3.02
7198 2.79
7199 3.04
7200 5.11
7201 1.09
7202 0.51
7203 0.46
7204 4.85
7205 1.01
7206 1.40
7207 2.37
7208 1.24
7209 2.10
7210 2.05
7211 2.49
7212 2.38
7213 2.24
7214 2.21
7215 1.98
7216 2.45
7217 2.06
7218 2.65
7219 2.34
7220 2.30
7221 3.45
7222 1.31
7223 3.61
7224 14.76
7225 0.93
7226 2.84
7227 1.41
7228 3.07
7229 1.29
7230 1.34
7231 0.82
7232 0.78
7233 2.64
7234 2.39
7235 2.31
7236 2.18
7237 1.93
7238 1.55
7239 1.91
7240 1.62
7241 1.70
7242 1.97
7243 2.42
7244 1.81
7245 3.55
7246 4.18
7247 2.79
7248 4.56
7249 0.87
7250 1.62
7251 1.64
7252 6.81
7253 6.26
7254 2.21
7255 0.62
7256 0.68
7257 1.67
7258 1.54
7259 1.54
7260 1.52
7261 1.29
7262 1.26
7263 1.01
7264 1.32
7265 1.54
7266 1.49
7267 2.81
7268 2.87
7269 3.69
7270 2.71
7271 2.02
7272 4.11
7273 1.94
7274 15.56
7275 2.99
7276 22.75
7277 3.34
7278 5.91
7279 2.86
7280 1.21
7281 1.67
7282 2.65
7283 1.78
7284 2.51
7285 2.10
7286 1.88
7287 2.21
7288 2.39
7289 2.63
7290 2.50
7291 2.41
7292 2.35
7293 2.85
7294 1.50
7295 1.34
7296 3.92
7297 0.41
7298 1.59
7299 1.17
7300 6.05
7301 4.54
7302 3.79
7303 1.87
7304 0.36
7305 1.13
7306 0.65
7307 0.82
7308 1.17
7309 0.92
7310 1.26
7311 1.02
7312 1.18
7313 0.96
7314 1.13
7315 1.92
7316 1.80
7317 4.00
7318 2.31
7319 2.52
7320 3.45
7321 0.91
7322 4.46
7323 0.67
7324 11.36
7325 9.45
7326 2.98
7327 1.84
7328 1.58
7329 2.69
7330 2.23
7331 1.78
7332 1.84
7333 1.57
7334 1.96
7335 1.82
7336 1.76
7337 2.71
7338 2.45
7339 2.47
7340 2.44
7341 2.79
7342 3.78
7343 4.80
7344 3.63
7345 0.87
7346 1.44
7347 42.35
7348 0.70
7349 10.84
7350 3.57
7351 1.75
7352 2.03
7353 2.66
7354 2.66
7355 2.45
7356 2.35
7357 1.74
7358 1.88
7359 2.17
7360 2.96
7361 2.04
7362 2.81
7363 2.13
7364 1.81
7365 3.71
7366 4.12
7367 1.87
7368 2.84
7369 0.54
7370 12.44
7371 3.75
7372 14.55
7373 2.77
7374 2.84
7375 1.88
7376 1.33
7377 3.22
7378 2.14
7379 2.06
7380 2.26
7381 2.10
7382 2.31
7383 2.36
7384 2.06
7385 2.03
7386 2.14
7387 2.06
7388 2.79
7389 1.44
7390 1.75
7391 2.71
7392 8.11
7393 0.80
7394 12.15
7395 3.80
7396 7.59
7397 4.21
7398 3.06
7399 0.66
7400 1.67
7401 2.48
7402 1.71
7403 2.23
7404 2.06
7405 2.08
7406 1.94
7407 1.95
7408 1.56
7409 1.55
7410 1.90
7411 1.83
7412 2.25
7413 1.48
7414 1.69
7415 2.49
7416 6.99
7417 0.78
7418 2.22
7419 1.12
7420 2.64
7421 4.57
7422 0.76
7423 1.51
7424 1.68
7425 1.90
7426 2.21
7427 1.56
7428 1.47
7429 1.16
7430 1.56
7431 1.37
7432 1.46
7433 1.24
7434 1.64
7435 2.81
7436 1.36
7437 1.12
7438 4.75
7439 2.25
7440 6.78
7441 0.94
7442 2.00
7443 7.41
7444 11.78
7445 18.37
7446 5.46
7447 1.86
7448 2.57
7449 2.64
7450 2.34
7451 2.51
7452 2.26
7453 2.24
7454 1.77
7455 2.73
7456 2.23
7457 2.23
7458 2.59
7459 2.68
7460 3.28
7461 1.30
7462 2.54
7463 2.95
7464 3.81
7465 0.92
7466 5.55
7467 4.92
7468 11.56
7469 2.34
7470 11.25
7471 3.57
7472 1.65
7473 2.53
7474 3.88
7475 1.84
7476 2.63
7477 2.16
7478 2.18
7479 2.15
7480 2.65
7481 2.33
7482 2.28
7483 2.23
7484 2.28
7485 8.90
7486 1.80
7487 1.01
7488 2.64
7489 0.92
7490 16.59
7491 2.52
7492 1.73
7493 40.45
7494 4.43
7495 1.88
7496 1.98
7497 2.04
7498 1.85
7499 1.84
7500 1.89
7501 1.97
7502 2.08
7503 2.32
7504 2.25
7505 2.18
7506 2.98
7507 2.76
7508 2.77
7509 4.28
7510 1.94
7511 4.00
7512 18.95
7513 1.48
7514 1.61
7515 15.41
7516 5.20
7517 0.00
7518 1.81
7519 2.79
7520 2.18
7521 4.27
7522 3.00
7523 2.06
7524 2.81
7525 1.90
7526 2.34
7527 1.68
7528 1.90
7529 1.80
7530 1.86
7531 2.04
7532 2.81
7533 3.80
7534 3.68
7535 3.59
7536 4.62
7537 0.77
7538 4.34
7539 5.57
7540 13.31
7541 1.58
7542 6.38
7543 2.73
7544 2.17
7545 2.36
7546 2.42
7547 2.12
7548 2.72
7549 2.21
7550 2.31
7551 2.11
7552 2.75
7553 2.33
7554 2.61
7555 1.95
7556 2.10
7557 1.42
7558 1.58
7559 2.65
7560 2.41
7561 0.66
7562 1.74
7563 5.09
7564 7.34
7565 2.91
7566 0.79
7567 4.58
7568 1.26
7569 2.14
7570 2.30
7571 1.64
7572 2.03
7573 1.65
7574 1.51
7575 1.67
7576 1.41
7577 1.86
7578 1.57
7579 1.88
7580 2.75
7581 2.32
7582 2.05
7583 2.17
7584 4.52
7585 0.60
7586 25.50
7587 3.59
7588 2.60
7589 8.62
7590 7.45
7591 1.15
7592 1.05
7593 2.75
7594 2.05
7595 1.50
7596 1.31
7597 1.40
7598 1.10
7599 1.44
7600 1.40
7601 1.32
7602 1.47
7603 2.60
7604 0.56
7605 3.39
7606 4.55
7607 4.21
7608 2.39
7609 0.96
7610 3.16
7611 2.43
7612 8.44
7613 6.30
7614 14.31
7615 7.59
7616 2.27
7617 3.70
7618 1.95
7619 2.53
7620 2.42
7621 2.16
7622 2.19
7623 2.03
7624 2.81
7625 1.95
7626 2.24
7627 2.23
7628 2.71
7629 8.22
7630 1.00
7631 2.98
7632 3.59
7633 0.86
7634 1.75
7635 0.00
7636 9.30
7637 14.81
7638 1.48
7639 4.53
7640 1.86
7641 2.31
7642 2.41
7643 1.76
7644 2.21
7645 1.73
7646 2.21
7647 2.35
7648 3.46
7649 2.68
7650 2.14
7651 1.48
7652 2.66
7653 4.14
7654 4.44
7655 4.66
7656 10.58
7657 1.06
7658 2.13
7659 3.58
7660 1.17
7661 42.35
7662 3.90
7663 1.53
7664 1.19
7665 1.84
7666 2.90
7667 2.50
7668 1.98
7669 2.40
7670 2.29
7671 2.04
7672 2.36
7673 2.15
7674 1.81
7675 2.34
7676 3.50
7677 2.33
7678 1.89
7679 1.25
7680 3.23
7681 0.86
7682 2.45
7683 10.30
7684 12.12
7685 3.01
7686 1.77
7687 7.25
7688 1.39
7689 4.07
7690 3.05
7691 2.35
7692 2.51
7693 2.09
7694 2.50
7695 1.85
7696 3.03
7697 2.26
7698 1.82
7699 2.33
7700 2.60
7701 2.83
7702 2.52
7703 3.01
7704 6.99
7705 1.17
7706 0.92
7707 17.22
7708 0.00
7709 8.25
7710 9.95
7711 6.10
7712 1.56
7713 2.99
7714 2.58
7715 2.26
7716 2.59
7717 2.46
7718 2.23
7719 1.95
7720 2.77
7721 2.25
7722 2.03
7723 2.05
7724 2.73
7725 2.89
7726 1.08
7727 2.92
7728 4.50
7729 0.70
7730 2.89
7731 0.42
7732 1.86
7733 4.08
7734 19.15
7735 2.37
7736 0.89
7737 1.50
7738 2.36
7739 2.29
7740 2.02
7741 1.91
7742 1.89
7743 1.84
7744 1.81
7745 1.75
7746 1.39
7747 1.67
7748 2.20
7749 1.50
7750 3.42
7751 1.75
7752 4.05
7753 0.78
7754 1.08
7755 2.47
7756 6.73
7757 16.11
7758 0.95
7759 0.82
7760 1.46
7761 2.73
7762 1.70
7763 1.43
7764 1.34
7765 1.10
7766 1.23
7767 1.21
7768 1.18
7769 1.43
7770 1.40
7771 1.99
7772 1.03
7773 1.83
7774 4.25
7775 3.75
7776 3.60
7777 0.61
7778 0.40
7779 0.00
7780 16.74
7781 0.00
7782 20.28
7783 5.89
7784 2.11
7785 2.40
7786 3.16
7787 2.02
7788 2.23
7789 1.68
7790 2.22
7791 2.49
7792 2.96
7793 2.62
7794 2.49
7795 2.42
7796 3.35
7797 7.96
7798 2.52
7799 1.56
7800 5.83
7801 0.80
7802 33.03
7803 11.58
7804 12.31
7805 0.00
7806 3.03
7807 5.05
7808 1.93
7809 3.72
7810 2.69
7811 2.16
7812 2.31
7813 2.16
7814 2.19
7815 2.21
7816 2.66
7817 1.99
7818 1.91
7819 1.96
7820 2.66
7821 5.35
7822 1.94
7823 6.82
7824 5.11
7825 1.00
7826 1.06
7827 18.18
7828 1.54
7829 0.00
7830 4.54
7831 2.95
7832 1.21
7833 4.20
7834 2.83
7835 2.41
7836 1.93
7837 1.74
7838 2.03
7839 1.74
7840 1.82
7841 2.20
7842 1.82
7843 2.23
7844 2.30
7845 3.56
7846 2.70
7847 4.13
7848 3.03
7849 0.87
7850 7.40
7851 4.29
7852 54.96
7853 5.07
7854 33.33
7855 2.16
7856 1.29
7857 2.75
7858 2.76
7859 2.33
7860 2.23
7861 1.79
7862 2.06
7863 2.34
7864 1.94
7865 2.36
7866 2.27
7867 1.97
7868 2.49
7869 6.17
7870 1.83
7871 2.02
7872 4.42
7873 0.89
7874 47.68
7875 31.86
7876 1.26
7877 2.45
7878 3.27
7879 1.89
7880 1.53
7881 3.80
7882 3.25
7883 2.85
7884 2.02
7885 2.34
7886 2.05
7887 2.00
7888 2.39
7889 1.54
7890 1.84
7891 2.23
7892 2.20
7893 2.11
7894 14.60
7895 2.75
7896 6.48
7897 0.68
7898 5.44
7899 1.34
7900 2.47
7901 4.48
7902 4.67
7903 1.29
7904 1.44
7905 1.60
7906 1.95
7907 1.59
7908 1.92
7909 1.54
7910 1.42
7911 1.67
7912 1.60
7913 2.13
7914 1.66
7915 1.88
7916 2.09
7917 1.96
7918 0.69
7919 4.73
7920 3.85
7921 1.61
7922 3.01
7923 2.51
7924 2.46
7925 26.87
7926 4.98
7927 25.90
7928 1.31
7929 1.98
7930 1.55
7931 1.25
7932 1.33
7933 1.09
7934 1.34
7935 1.00
7936 1.29
7937 1.37
7938 1.57
7939 2.76
7940 4.50
7941 2.76
7942 3.35
7943 3.38
7944 7.29
7945 1.12
7946 1.38
7947 5.40
7948 3.81
7949 2.26
7950 3.49
7951 9.97
7952 2.00
7953 3.10
7954 2.75
7955 2.28
7956 2.17
7957 2.08
7958 1.84
7959 2.03
7960 2.28
7961 2.16
7962 1.83
7963 2.34
7964 2.20
7965 3.41
7966 1.70
7967 2.70
7968 13.55
7969 0.64
7970 2.72
7971 0.00
7972 13.36
7973 0.00
7974 2.48
7975 4.40
7976 1.55
7977 3.55
7978 2.82
7979 2.83
7980 2.48
7981 2.09
7982 2.28
7983 1.97
7984 2.75
7985 2.32
7986 2.20
7987 2.17
7988 2.83
7989 2.84
7990 3.65
7991 1.89
7992 6.55
7993 1.48
7994 1.71
7995 5.47
7996 1.14
7997 0.00
7998 1.92
7999 11.35
8000 1.41
8001 2.09
8002 2.16
8003 2.16
8004 1.67
8005 2.09
8006 2.13
8007 2.50
8008 2.27
8009 2.14
8010 1.57
8011 2.28
8012 2.51
8013 3.64
8014 1.86
8015 3.50
8016 4.12
8017 0.36
8018 1.88
8019 24.27
8020 0.98
8021 3.90
8022 3.68
8023 4.07
8024 1.93
8025 2.01
8026 2.12
8027 1.77
8028 1.81
8029 1.96
8030 2.04
8031 2.00
8032 2.18
8033 2.33
8034 2.26
8035 1.80
8036 2.33
8037 2.52
8038 2.92
8039 5.84
8040 4.75
8041 0.62
8042 19.78
8043 5.54
8044 4.07
8045 11.84
8046 1.25
8047 2.59
8048 1.71
8049 2.71
8050 2.27
8051 2.32
8052 2.20
8053 2.00
8054 2.16
8055 1.94
8056 1.97
8057 2.10
8058 1.78
8059 1.72
8060 2.10
8061 1.36
8062 5.26
8063 3.21
8064 7.09
8065 0.86
8066 7.07
8067 8.59
8068 1.73
8069 3.98
8070 1.02
8071 2.84
8072 1.24
8073 2.05
8074 2.17
8075 2.02
8076 1.98
8077 1.39
8078 1.73
8079 1.84
8080 1.74
8081 1.67
8082 1.46
8083 2.01
8084 2.01
8085 1.87
8086 2.53
8087 1.92
8088 4.53
8089 1.01
8090 0.84
8091 0.97
8092 5.05
8093 1.89
8094 42.86
8095 4.63
8096 0.97
8097 2.27
8098 1.66
8099 1.16
8100 1.04
8101 1.38
8102 1.12
8103 1.15
8104 1.34
8105 1.43
8106 1.63
8107 3.70
8108 1.40
8109 2.68
8110 1.94
8111 3.18
8112 3.98
8113 0.78
8114 1.99
8115 2.37
8116 8.11
8117 0.00
8118 7.40
8119 6.51
8120 1.41
8121 3.13
8122 2.46
8123 2.15
8124 2.20
8125 2.03
8126 2.11
8127 2.23
8128 2.76
8129 2.52
8130 1.84
8131 2.55
8132 2.55
8133 3.26
8134 2.34
8135 3.17
8136 6.75
8137 0.76
8138 18.15
8139 0.61
8140 7.45
8141 0.13
8142 0.82
8143 3.98
8144 1.57
8145 1.74
8146 2.35
8147 1.61
8148 1.88
8149 1.74
8150 2.04
8151 2.50
8152 2.78
8153 1.86
8154 2.51
8155 2.26
8156 2.64
8157 6.64
8158 2.13
8159 2.80
8160 3.27
8161 1.06
8162 1.36
8163 1.00
8164 57.60
8165 3.25
8166 3.12
8167 3.44
8168 2.46
8169 2.53
8170 1.96
8171 2.31
8172 2.00
8173 1.65
8174 1.84
8175 2.15
8176 3.15
8177 2.03
8178 1.87
8179 2.33
8180 3.11
8181 2.91
8182 2.90
8183 1.87
8184 3.37
8185 1.01
8186 12.29
8187 46.15
8188 2.03
8189 5.35
8190 3.25
8191 4.58
8192 2.06
8193 3.24
8194 2.15
8195 2.72
8196 1.83
8197 1.88
8198 2.08
8199 2.41
8200 2.31
8201 2.16
8202 2.43
8203 1.72
8204 2.55
8205 2.51
8206 1.56
8207 3.09
8208 9.71
8209 0.82
8210 8.65
8211 12.41
8212 2.51
8213 1.92
8214 2.64
8215 4.69
8216 1.62
8217 2.46
8218 2.52
8219 1.86
8220 2.40
8221 2.25
8222 1.82
8223 2.52
8224 2.48
8225 2.39
8226 1.98
8227 2.32
8228 2.03
8229 4.02
8230 0.90
8231 3.05
8232 2.86
8233 0.38
8234 6.85
8235 4.29
8236 3.06
8237 26.28
8238 4.47
8239 1.12
8240 1.90
8241 3.03
8242 2.60
8243 2.12
8244 2.13
8245 2.12
8246 1.82
8247 1.84
8248 1.67
8249 1.86
8250 1.73
8251 1.62
8252 2.00
8253 1.19
8254 3.03
8255 3.01
8256 11.39
8257 0.79
8258 5.93
8259 6.78
8260 2.02
8261 6.80
8262 7.93
8263 2.01
8264 1.19
8265 2.25
8266 1.51
8267 1.67
8268 1.17
8269 1.29
8270 1.24
8271 1.41
8272 1.41
8273 1.37
8274 1.39
8275 3.63
8276 1.42
8277 1.47
8278 1.92
8279 7.07
8280 11.93
8281 1.82
8282 1.62
8283 3.80
8284 39.56
8285 12.86
8286 4.15
8287 7.12
8288 3.56
8289 2.23
8290 2.01
8291 2.38
8292 2.10
8293 1.85
8294 1.50
8295 2.19
8296 2.10
8297 2.08
8298 1.73
8299 1.81
8300 3.01
8301 6.60
8302 1.75
8303 1.92
8304 16.02
8305 0.47
8306 3.01
8307 23.19
8308 11.90
8309 1.54
8310 8.97
8311 3.77
8312 2.15
8313 2.42
8314 2.14
8315 1.89
8316 1.83
8317 2.21
8318 2.01
8319 2.03
8320 2.49
8321 2.08
8322 2.66
8323 1.77
8324 3.09
8325 4.37
8326 3.53
8327 3.21
8328 2.68
8329 0.65
8330 16.82
8331 4.42
8332 55.81
8333 4.06
8334 0.88
8335 1.66
8336 2.07
8337 2.53
8338 2.90
8339 2.13
8340 1.60
8341 2.25
8342 1.86
8343 1.66
8344 2.92
8345 2.05
8346 1.69
8347 2.04
8348 2.57
8349 1.58
8350 2.22
8351 4.91
8352 4.37
8353 0.59
8354 0.61
8355 5.41
8356 1.37
8357 0.00
8358 10.30
8359 10.15
8360 1.46
8361 4.08
8362 2.03
8363 2.26
8364 2.20
8365 2.21
8366 2.27
8367 2.23
8368 2.58
8369 2.04
8370 1.70
8371 1.85
8372 1.91
8373 4.33
8374 1.17
8375 2.85
8376 2.67
8377 0.95
8378 0.66
8379 6.40
8380 21.18
8381 7.89
8382 2.87
8383 5.23
8384 1.15
8385 3.09
8386 2.28
8387 2.77
8388 2.57
8389 2.46
8390 2.70
8391 2.76
8392 2.35
8393 1.99
8394 2.11
8395 2.28
8396 1.90
8397 7.78
8398 1.64
8399 1.51
8400 10.65
8401 0.77
8402 6.44
8403 1.07
8404 25.50
8405 3.10
8406 0.98
8407 3.46
8408 1.23
8409 2.94
8410 3.00
8411 3.18
8412 1.85
8413 2.11
8414 1.70
8415 2.20
8416 1.70
8417 2.41
8418 1.83
8419 1.97
8420 1.79
8421 8.69
8422 0.78
8423 8.45
8424 5.01
8425 0.50
8426 2.14
8427 0.21
8428 4.99
8429 15.43
8430 2.44
8431 9.24
8432 0.89
8433 2.13
8434 1.28
8435 1.15
8436 1.42
8437 1.31
8438 1.27
8439 1.39
8440 1.33
8441 1.27
8442 1.69
8443 3.74
8444 1.58
8445 2.44
8446 3.84
8447 4.59
8448 2.35
8449 1.41
8450 3.08
8451 15.19
8452 6.11
8453 41.86
8454 7.03
8455 5.17
8456 1.69
8457 2.58
8458 3.15
8459 2.28
8460 1.81
8461 2.40
8462 2.44
8463 2.33
8464 1.74
8465 1.99
8466 1.78
8467 1.96
8468 2.69
8469 1.64
8470 2.00
8471 1.37
8472 5.04
8473 1.22
8474 0.84
8475 8.63
8476 9.65
8477 0.00
8478 1.15
8479 8.28
8480 1.58
8481 3.26
8482 3.33
8483 2.69
8484 1.87
8485 2.22
8486 2.21
8487 2.38
8488 2.21
8489 2.38
8490 1.59
8491 2.40
8492 3.50
8493 4.15
8494 3.07
8495 3.63
8496 3.10
8497 0.75
8498 10.16
8499 4.72
8500 5.28
8501 34.62
8502 9.83
8503 1.77
8504 2.41
8505 2.45
8506 2.10
8507 2.49
8508 2.26
8509 2.16
8510 2.22
8511 2.15
8512 2.39
8513 1.84
8514 2.27
8515 2.20
8516 2.99
8517 3.03
8518 1.63
8519 2.87
8520 3.46
8521 0.91
8522 3.91
8523 1.59
8524 5.51
8525 21.05
8526 7.32
8527 2.48
8528 1.65
8529 2.44
8530 2.39
8531 2.15
8532 2.04
8533 1.52
8534 2.02
8535 2.54
8536 2.13
8537 2.15
8538 1.84
8539 2.46
8540 2.23
8541 1.98
8542 1.24
8543 2.38
8544 3.86
8545 1.09
8546 2.12
8547 5.27
8548 3.29
8549 2.50
8550 3.51
8551 1.63
8552 1.43
8553 2.85
8554 2.48
8555 2.39
8556 2.21
8557 2.20
8558 2.51
8559 2.45
8560 1.89
8561 2.22
8562 2.01
8563 2.17
8564 4.63
8565 2.06
8566 1.15
8567 2.37
8568 5.27
8569 1.48
8570 2.92
8571 6.63
8572 1.92
8573 0.57
8574 25.09
8575 10.54
8576 1.91
8577 2.11
8578 2.02
8579 2.13
8580 1.95
8581 2.07
8582 1.63
8583 2.04
8584 1.96
8585 1.77
8586 2.00
8587 2.14
8588 3.22
8589 3.83
8590 2.06
8591 1.68
8592 4.06
8593 0.58
8594 2.42
8595 2.04
8596 4.87
8597 10.85
8598 0.49
8599 1.36
8600 0.91
8601 0.67
8602 0.91
8603 0.91
8604 1.11
8605 1.01
8606 1.14
8607 1.63
8608 1.25
8609 1.43
8610 2.00
8611 2.21
8612 0.98
8613 1.44
8614 2.07
8615 1.58
8616 3.28
8617 0.31
8618 2.55
8619 6.86
8620 2.57
8621 0.31
8622 1.02
8623 1.00
8624 0.37
8625 0.75
8626 0.80
8627 0.86
8628 0.73
8629 1.15
8630 1.02
8631 0.90
8632 1.34
8633 0.86
8634 1.12
8635 1.91
8636 2.20
8637 2.11
8638 1.54
8639 1.43
8640 8.61
8641 0.39
8642 2.95
8643 4.60
8644 1.20
8645 0.81
8646 14.23
8647 4.99
8648 0.62
8649 2.12
8650 0.88
8651 1.01
8652 1.02
8653 1.08
8654 1.30
8655 1.36
8656 1.31
8657 1.45
8658 1.66
8659 1.90
8660 2.14
8661 4.19
8662 1.14
8663 1.01
8664 3.23
8665 0.51
8666 4.61
8667 1.02
8668 1.70
8669 2.42
8670 4.19
8671 0.80
8672 1.70
8673 2.66
8674 1.86
8675 2.16
8676 1.79
8677 1.59
8678 2.06
8679 1.95
8680 1.80
8681 1.73
8682 2.18
8683 2.50
8684 3.30
8685 3.20
8686 1.91
8687 2.14
8688 4.41
8689 0.75
8690 2.35
8691 6.48
8692 0.00
8693 22.09
8694 3.11
8695 9.15
8696 1.72
8697 2.35
8698 2.55
8699 2.17
8700 1.74
8701 1.88
8702 2.00
8703 1.90
8704 1.89
8705 1.96
8706 2.26
8707 2.28
8708 5.00
8709 3.41
8710 1.24
8711 2.65
8712 8.61
8713 0.97
8714 1.36
8715 1.42
8716 14.17
8717 0.00
8718 21.95
8719 4.41
8720 1.94
8721 3.11
8722 2.95
8723 2.38
8724 2.39
8725 1.82
8726 2.02
8727 2.21
8728 2.23
8729 1.96
8730 1.90
8731 2.35
8732 2.47
8733 3.11
8734 4.42
8735 1.91
8736 4.23
8737 0.82
8738 2.81
8739 5.96
8740 1.47
8741 8.25
8742 37.50
8743 1.59
8744 1.03
8745 2.90
8746 2.21
8747 1.76
8748 2.24
8749 2.23
8750 2.60
8751 1.78
8752 2.01
8753 1.92
8754 2.30
8755 2.48
8756 1.77
8757 2.72
8758 0.74
8759 3.52
8760 2.84
