1 14
2 9
3 3
4 3
5 6
6 10
7 6
8 52
9 45
10 46
11 74
12 75
13 74
14 63
15 65
16 74
17 75
18 94
19 38
20 10
21 2
22 9
23 5
24 6
25 11
26 3
27 6
28 2
29 4
30 7
31 3
32 55
33 33
34 68
35 85
36 68
37 58
38 57
39 70
40 71
41 48
42 82
43 96
44 43
45 15
46 7
47 9
48 7
49 9
50 1
51 3
52 5
53 2
54 1
55 4
56 74
57 58
58 93
59 126
60 132
61 133
62 138
63 144
64 146
65 127
66 134
67 134
68 66
69 13
70 7
71 8
72 5
73 8
74 3
75 4
76 6
77 2
78 2
79 4
80 66
81 63
82 105
83 132
84 151
85 127
86 94
87 115
88 88
89 96
90 117
91 113
92 68
93 14
94 9
95 7
96 4
97 13
98 2
99 2
100 2
101 2
102 4
103 1
104 54
105 69
106 101
107 121
108 129
109 108
110 115
111 120
112 111
113 115
114 99
115 102
116 64
117 24
118 12
119 11
120 5
121 14
122 2
123 1
124 4
125 1
126 2
127 9
128 62
129 49
130 109
131 96
132 109
133 129
134 126
135 123
136 146
137 120
138 114
139 114
140 59
141 26
142 9
143 7
144 4
145 11
146 6
147 9
148 6
149 4
150 3
151 4
152 55
153 61
154 86
155 116
156 125
157 115
158 111
159 109
160 123
161 127
162 113
163 113
164 72
165 18
166 5
167 16
168 10
169 13
170 8
171 16
172 5
173 6
174 0
175 4
176 38
177 26
178 75
179 99
180 96
181 105
182 89
183 72
184 90
185 93
186 82
187 39
188 12
189 6
190 5
191 5
192 3
193 8
194 1
195 1
196 0
197 0
198 7
199 7
200 65
201 67
202 89
203 139
204 111
205 113
206 104
207 108
208 108
209 119
210 102
211 101
212 67
213 15
214 10
215 8
216 5
217 9
218 4
219 1
220 3
221 1
222 4
223 5
224 49
225 77
226 96
227 112
228 156
229 123
230 111
231 142
232 128
233 118
234 116
235 134
236 63
237 17
238 7
239 4
240 4
241 10
242 0
243 0
244 2
245 3
246 5
247 4
248 56
249 76
250 104
251 131
252 154
253 135
254 141
255 129
256 132
257 109
258 103
259 128
260 58
261 20
262 11
263 8
264 11
265 9
266 6
267 0
268 0
269 2
270 2
271 18
272 60
273 73
274 99
275 124
276 153
277 129
278 119
279 131
280 121
281 119
282 112
283 108
284 64
285 28
286 8
287 7
288 4
289 11
290 2
291 8
292 4
293 2
294 5
295 6
296 62
297 76
298 107
299 117
300 136
301 156
302 133
303 137
304 118
305 116
306 136
307 120
308 57
309 20
310 14
311 12
312 9
313 16
314 7
315 8
316 7
317 5
318 3
319 6
320 60
321 64
322 85
323 128
324 126
325 125
326 141
327 97
328 132
329 123
330 150
331 95
332 70
333 24
334 8
335 5
336 6
337 18
338 14
339 8
340 21
341 6
342 8
343 9
344 58
345 49
346 72
347 109
348 87
349 113
350 93
351 96
352 91
353 85
354 101
355 50
356 9
357 17
358 2
359 13
360 4
361 13
362 11
363 3
364 6
365 4
366 8
367 4
368 64
369 68
370 91
371 137
372 147
373 126
374 129
375 142
376 162
377 128
378 91
379 102
380 53
381 23
382 6
383 12
384 4
385 14
386 6
387 3
388 3
389 4
390 4
391 8
392 73
393 73
394 110
395 125
396 127
397 120
398 114
399 126
400 136
401 95
402 105
403 128
404 56
405 26
406 8
407 9
408 6
409 16
410 4
411 6
412 4
413 4
414 5
415 6
416 54
417 76
418 113
419 137
420 145
421 151
422 148
423 122
424 138
425 134
426 115
427 97
428 64
429 26
430 10
431 8
432 6
433 10
434 2
435 1
436 0
437 0
438 2
439 3
440 68
441 61
442 134
443 146
444 141
445 124
446 107
447 132
448 152
449 141
450 101
451 107
452 49
453 15
454 10
455 7
456 3
457 10
458 6
459 4
460 5
461 3
462 5
463 4
464 68
465 72
466 112
467 126
468 151
469 127
470 112
471 143
472 153
473 133
474 96
475 119
476 60
477 13
478 7
479 7
480 7
481 13
482 1
483 4
484 9
485 4
486 4
487 3
488 53
489 41
490 77
491 116
492 113
493 110
494 123
495 111
496 116
497 136
498 110
499 114
500 46
501 15
502 4
503 7
504 7
505 13
506 2
507 8
508 5
509 4
510 2
511 2
512 34
513 31
514 60
515 101
516 97
517 107
518 103
519 99
520 111
521 117
522 105
523 33
524 9
525 13
526 6
527 12
528 10
529 7
530 4
531 2
532 4
533 2
534 2
535 4
536 64
537 64
538 114
539 135
540 117
541 139
542 115
543 125
544 122
545 137
546 126
547 119
548 51
549 10
550 8
551 5
552 3
553 11
554 1
555 2
556 1
557 0
558 3
559 4
560 72
561 51
562 104
563 128
564 142
565 151
566 136
567 139
568 131
569 129
570 121
571 124
572 80
573 14
574 3
575 3
576 4
577 7
578 2
579 3
580 3
581 0
582 2
583 5
584 65
585 74
586 127
587 149
588 146
589 179
590 153
591 156
592 137
593 139
594 144
595 130
596 61
597 15
598 6
599 9
600 9
601 16
602 8
603 7
604 6
605 5
606 1
607 3
608 58
609 65
610 96
611 72
612 60
613 77
614 80
615 80
616 86
617 95
618 95
619 86
620 55
621 12
622 8
623 13
624 6
625 13
626 0
627 9
628 1
629 0
630 1
631 7
632 54
633 63
634 116
635 135
636 141
637 130
638 112
639 137
640 104
641 125
642 133
643 108
644 59
645 14
646 8
647 12
648 14
649 13
650 2
651 4
652 1
653 6
654 2
655 1
656 57
657 54
658 83
659 101
660 122
661 127
662 124
663 120
664 111
665 146
666 129
667 109
668 50
669 10
670 7
671 6
672 2
673 18
674 7
675 0
676 0
677 3
678 2
679 2
680 53
681 29
682 51
683 60
684 45
685 54
686 61
687 42
688 40
689 34
690 59
691 23
692 11
693 2
694 6
695 6
696 4
697 8
698 2
699 3
700 2
701 3
702 4
703 8
704 60
705 77
706 132
707 162
708 141
709 111
710 111
711 114
712 141
713 92
714 97
715 124
716 43
717 9
718 5
719 3
720 4
721 11
722 1
723 1
724 3
725 2
726 1
727 5
728 53
729 56
730 82
731 110
732 115
733 124
734 105
735 113
736 128
737 108
738 103
739 98
740 56
741 18
742 9
743 3
744 3
745 10
746 1
747 2
748 2
749 0
750 3
751 4
752 64
753 57
754 88
755 117
756 119
757 116
758 126
759 125
760 130
761 106
762 116
763 124
764 62
765 21
766 11
767 5
768 15
769 12
770 1
771 3
772 0
773 1
774 3
775 4
776 82
777 85
778 116
779 121
780 137
781 120
782 100
783 131
784 113
785 89
786 103
787 112
788 40
789 11
790 10
791 5
792 6
793 14
794 2
795 4
796 2
797 2
798 3
799 7
800 66
801 76
802 116
803 120
804 102
805 123
806 95
807 136
808 116
809 91
810 83
811 86
812 56
813 10
814 11
815 16
816 5
817 12
818 2
819 4
820 5
821 5
822 2
823 3
824 64
825 69
826 90
827 97
828 120
829 111
830 98
831 95
832 114
833 98
834 112
835 97
836 63
837 14
838 6
839 9
840 13
841 14
842 6
843 8
844 4
845 4
846 0
847 0
848 47
849 49
850 84
851 111
852 90
853 72
854 85
855 85
856 88
857 83
858 103
859 32
860 9
861 4
862 3
863 6
864 8
865 12
866 3
867 4
868 2
869 3
870 5
871 5
872 54
873 79
874 84
875 115
876 103
877 75
878 90
879 100
880 113
881 94
882 107
883 91
884 51
885 4
886 6
887 10
888 5
889 9
890 5
891 4
892 4
893 0
894 2
895 9
896 58
897 74
898 90
899 108
900 102
901 101
902 96
903 128
904 114
905 80
906 85
907 80
908 61
909 12
910 5
911 11
912 5
913 9
914 1
915 3
916 1
917 3
918 1
919 4
920 81
921 63
922 78
923 106
924 98
925 95
926 100
927 109
928 111
929 89
930 87
931 95
932 57
933 14
934 7
935 8
936 3
937 3
938 2
939 1
940 2
941 1
942 1
943 4
944 64
945 64
946 85
947 99
948 94
949 81
950 91
951 101
952 110
953 95
954 87
955 114
956 51
957 10
958 6
959 6
960 5
961 6
962 2
963 2
964 7
965 3
966 2
967 5
968 72
969 55
970 98
971 119
972 104
973 100
974 98
975 114
976 105
977 102
978 78
979 81
980 49
981 9
982 7
983 5
984 7
985 11
986 2
987 6
988 6
989 4
990 4
991 6
992 49
993 55
994 96
995 82
996 116
997 113
998 107
999 101
1000 118
1001 113
1002 105
1003 99
1004 38
1005 11
1006 7
1007 2
1008 14
1009 14
1010 10
1011 6
1012 10
1013 5
1014 3
1015 4
1016 43
1017 46
1018 73
1019 73
1020 88
1021 84
1022 69
1023 62
1024 89
1025 103
1026 76
1027 36
1028 8
1029 3
1030 4
1031 1
1032 3
1033 7
1034 2
1035 4
1036 2
1037 1
1038 2
1039 4
1040 59
1041 51
1042 106
1043 101
1044 111
1045 100
1046 90
1047 86
1048 102
1049 91
1050 80
1051 111
1052 48
1053 18
1054 6
1055 1
1056 3
1057 8
1058 2
1059 2
1060 1
1061 2
1062 1
1063 3
1064 67
1065 63
1066 117
1067 143
1068 123
1069 86
1070 103
1071 105
1072 100
1073 91
1074 105
1075 96
1076 46
1077 7
1078 4
1079 4
1080 1
1081 8
1082 3
1083 0
1084 2
1085 3
1086 1
1087 7
1088 57
1089 59
1090 84
1091 109
1092 110
1093 94
1094 98
1095 111
1096 109
1097 99
1098 93
1099 104
1100 50
1101 11
1102 4
1103 5
1104 6
1105 6
1106 3
1107 2
1108 1
1109 2
1110 1
1111 1
1112 65
1113 55
1114 78
1115 117
1116 108
1117 90
1118 81
1119 110
1120 101
1121 99
1122 87
1123 106
1124 59
1125 5
1126 3
1127 4
1128 1
1129 9
1130 2
1131 2
1132 5
1133 3
1134 3
1135 7
1136 64
1137 69
1138 101
1139 130
1140 106
1141 89
1142 88
1143 109
1144 117
1145 109
1146 99
1147 102
1148 52
1149 13
1150 5
1151 8
1152 7
1153 13
1154 4
1155 5
1156 4
1157 8
1158 2
1159 1
1160 41
1161 50
1162 67
1163 124
1164 106
1165 91
1166 107
1167 101
1168 112
1169 111
1170 116
1171 91
1172 51
1173 6
1174 9
1175 2
1176 5
1177 19
1178 10
1179 7
1180 9
1181 12
1182 6
1183 4
1184 45
1185 30
1186 56
1187 105
1188 115
1189 82
1190 79
1191 104
1192 88
1193 90
1194 84
1195 37
1196 5
1197 1
1198 4
1199 5
1200 4
1201 7
1202 4
1203 0
1204 0
1205 2
1206 2
1207 6
1208 51
1209 49
1210 77
1211 114
1212 107
1213 89
1214 86
1215 111
1216 118
1217 95
1218 90
1219 98
1220 55
1221 7
1222 6
1223 8
1224 5
1225 6
1226 1
1227 0
1228 3
1229 2
1230 0
1231 3
1232 76
1233 67
1234 107
1235 122
1236 102
1237 102
1238 115
1239 107
1240 103
1241 88
1242 84
1243 114
1244 50
1245 8
1246 15
1247 13
1248 8
1249 10
1250 4
1251 5
1252 2
1253 1
1254 3
1255 9
1256 81
1257 83
1258 89
1259 116
1260 120
1261 130
1262 81
1263 114
1264 118
1265 102
1266 67
1267 111
1268 56
1269 18
1270 7
1271 5
1272 7
1273 11
1274 5
1275 3
1276 1
1277 4
1278 2
1279 10
1280 87
1281 88
1282 91
1283 116
1284 121
1285 118
1286 150
1287 137
1288 139
1289 105
1290 116
1291 103
1292 56
1293 22
1294 8
1295 13
1296 8
1297 23
1298 23
1299 17
1300 12
1301 21
1302 16
1303 23
1304 103
1305 82
1306 124
1307 131
1308 110
1309 143
1310 111
1311 127
1312 143
1313 122
1314 112
1315 101
1316 55
1317 22
1318 14
1319 23
1320 31
1321 20
1322 18
1323 12
1324 10
1325 2
1326 8
1327 12
1328 48
1329 53
1330 59
1331 73
1332 68
1333 63
1334 61
1335 44
1336 60
1337 60
1338 67
1339 65
1340 33
1341 2
1342 8
1343 5
1344 5
1345 16
1346 15
1347 3
1348 10
1349 17
1350 8
1351 11
1352 58
1353 43
1354 42
1355 56
1356 70
1357 63
1358 77
1359 59
1360 52
1361 56
1362 50
1363 20
1364 5
1365 5
1366 5
1367 4
1368 6
1369 9
1370 5
1371 3
1372 1
1373 3
1374 8
1375 12
1376 74
1377 69
1378 92
1379 128
1380 154
1381 117
1382 121
1383 134
1384 157
1385 123
1386 105
1387 117
1388 53
1389 13
1390 12
1391 9
1392 4
1393 11
1394 6
1395 3
1396 4
1397 2
1398 6
1399 4
1400 83
1401 93
1402 96
1403 122
1404 145
1405 111
1406 116
1407 114
1408 108
1409 91
1410 91
1411 92
1412 35
1413 13
1414 9
1415 11
1416 6
1417 14
1418 1
1419 2
1420 1
1421 1
1422 3
1423 13
1424 100
1425 74
1426 75
1427 125
1428 133
1429 124
1430 121
1431 142
1432 132
1433 99
1434 128
1435 111
1436 48
1437 10
1438 14
1439 14
1440 8
1441 14
1442 6
1443 2
1444 2
1445 0
1446 4
1447 19
1448 107
1449 76
1450 133
1451 117
1452 163
1453 144
1454 135
1455 140
1456 139
1457 143
1458 135
1459 119
1460 21
1461 6
1462 4
1463 7
1464 0
1465 12
1466 8
1467 7
1468 12
1469 6
1470 7
1471 6
1472 63
1473 90
1474 98
1475 114
1476 146
1477 103
1478 126
1479 124
1480 139
1481 132
1482 132
1483 113
1484 60
1485 13
1486 11
1487 2
1488 9
1489 17
1490 3
1491 11
1492 5
1493 15
1494 3
1495 1
1496 47
1497 76
1498 93
1499 105
1500 101
1501 92
1502 117
1503 109
1504 113
1505 111
1506 91
1507 25
1508 12
1509 11
1510 3
1511 7
1512 6
1513 7
1514 4
1515 0
1516 3
1517 2
1518 4
1519 6
1520 76
1521 91
1522 123
1523 163
1524 167
1525 121
1526 110
1527 166
1528 150
1529 125
1530 106
1531 95
1532 56
1533 11
1534 15
1535 7
1536 9
1537 10
1538 2
1539 1
1540 1
1541 0
1542 3
1543 6
1544 83
1545 90
1546 122
1547 167
1548 159
1549 145
1550 133
1551 144
1552 138
1553 135
1554 111
1555 103
1556 45
1557 9
1558 10
1559 8
1560 5
1561 11
1562 0
1563 0
1564 3
1565 3
1566 2
1567 6
1568 70
1569 76
1570 112
1571 141
1572 121
1573 118
1574 111
1575 124
1576 151
1577 152
1578 106
1579 121
1580 40
1581 12
1582 6
1583 3
1584 6
1585 10
1586 4
1587 1
1588 5
1589 1
1590 4
1591 10
1592 63
1593 93
1594 93
1595 141
1596 132
1597 114
1598 137
1599 130
1600 148
1601 131
1602 137
1603 104
1604 47
1605 11
1606 8
1607 10
1608 5
1609 9
1610 4
1611 2
1612 3
1613 0
1614 3
1615 6
1616 69
1617 82
1618 107
1619 169
1620 151
1621 144
1622 144
1623 160
1624 172
1625 117
1626 113
1627 110
1628 57
1629 12
1630 11
1631 8
1632 8
1633 20
1634 19
1635 10
1636 7
1637 4
1638 5
1639 2
1640 69
1641 62
1642 103
1643 147
1644 158
1645 126
1646 144
1647 133
1648 147
1649 158
1650 133
1651 118
1652 52
1653 13
1654 7
1655 6
1656 11
1657 16
1658 8
1659 8
1660 8
1661 16
1662 7
1663 3
1664 52
1665 53
1666 63
1667 76
1668 114
1669 96
1670 98
1671 86
1672 87
1673 105
1674 93
1675 38
1676 8
1677 6
1678 6
1679 12
1680 16
1681 18
1682 12
1683 5
1684 5
1685 2
1686 1
1687 2
1688 72
1689 54
1690 71
1691 90
1692 53
1693 47
1694 47
1695 60
1696 68
1697 58
1698 80
1699 62
1700 36
1701 6
1702 5
1703 6
1704 3
1705 6
1706 2
1707 1
1708 2
1709 0
1710 3
1711 6
1712 52
1713 69
1714 93
1715 141
1716 148
1717 115
1718 124
1719 136
1720 163
1721 148
1722 123
1723 127
1724 39
1725 14
1726 8
1727 11
1728 8
1729 8
1730 2
1731 2
1732 1
1733 1
1734 2
1735 7
1736 78
1737 88
1738 108
1739 131
1740 171
1741 143
1742 119
1743 175
1744 142
1745 137
1746 109
1747 108
1748 61
1749 8
1750 10
1751 8
1752 12
1753 11
1754 1
1755 2
1756 1
1757 2
1758 3
1759 12
1760 65
1761 84
1762 91
1763 135
1764 107
1765 131
1766 150
1767 170
1768 147
1769 140
1770 123
1771 135
1772 52
1773 10
1774 8
1775 5
1776 9
1777 14
1778 6
1779 2
1780 2
1781 5
1782 5
1783 3
1784 92
1785 66
1786 116
1787 146
1788 151
1789 138
1790 115
1791 138
1792 109
1793 99
1794 136
1795 124
1796 61
1797 16
1798 11
1799 7
1800 7
1801 17
1802 7
1803 10
1804 6
1805 6
1806 4
1807 5
1808 94
1809 70
1810 131
1811 123
1812 155
1813 110
1814 117
1815 111
1816 121
1817 106
1818 123
1819 105
1820 63
1821 13
1822 4
1823 4
1824 6
1825 13
1826 3
1827 5
1828 2
1829 2
1830 1
1831 7
1832 38
1833 46
1834 70
1835 97
1836 102
1837 127
1838 91
1839 96
1840 99
1841 107
1842 114
1843 40
1844 10
1845 6
1846 7
1847 8
1848 7
1849 8
1850 1
1851 4
1852 2
1853 4
1854 4
1855 8
1856 69
1857 61
1858 113
1859 122
1860 166
1861 132
1862 120
1863 131
1864 115
1865 123
1866 99
1867 119
1868 36
1869 19
1870 9
1871 11
1872 3
1873 12
1874 4
1875 3
1876 1
1877 1
1878 1
1879 6
1880 71
1881 75
1882 116
1883 160
1884 130
1885 122
1886 122
1887 145
1888 155
1889 109
1890 121
1891 109
1892 57
1893 12
1894 6
1895 10
1896 6
1897 7
1898 5
1899 2
1900 2
1901 2
1902 4
1903 6
1904 75
1905 85
1906 121
1907 134
1908 140
1909 130
1910 114
1911 125
1912 122
1913 118
1914 121
1915 100
1916 44
1917 16
1918 9
1919 11
1920 5
1921 13
1922 5
1923 0
1924 2
1925 3
1926 3
1927 6
1928 120
1929 83
1930 117
1931 147
1932 138
1933 109
1934 125
1935 129
1936 114
1937 115
1938 126
1939 121
1940 56
1941 8
1942 18
1943 7
1944 4
1945 12
1946 4
1947 5
1948 4
1949 6
1950 3
1951 7
1952 66
1953 101
1954 110
1955 117
1956 141
1957 147
1958 167
1959 144
1960 142
1961 149
1962 116
1963 105
1964 66
1965 13
1966 9
1967 9
1968 12
1969 14
1970 4
1971 9
1972 6
1973 4
1974 1
1975 7
1976 70
1977 82
1978 120
1979 153
1980 106
1981 123
1982 114
1983 107
1984 119
1985 118
1986 155
1987 112
1988 64
1989 17
1990 11
1991 10
1992 7
1993 15
1994 12
1995 5
1996 11
1997 9
1998 5
1999 8
2000 51
2001 42
2002 78
2003 114
2004 102
2005 91
2006 78
2007 100
2008 109
2009 122
2010 106
2011 48
2012 9
2013 12
2014 8
2015 6
2016 6
2017 10
2018 2
2019 3
2020 0
2021 3
2022 5
2023 6
2024 80
2025 74
2026 94
2027 154
2028 157
2029 118
2030 95
2031 139
2032 107
2033 110
2034 106
2035 118
2036 44
2037 5
2038 8
2039 6
2040 3
2041 6
2042 1
2043 3
2044 1
2045 1
2046 1
2047 10
2048 70
2049 84
2050 95
2051 125
2052 142
2053 131
2054 130
2055 153
2056 172
2057 113
2058 133
2059 100
2060 69
2061 12
2062 11
2063 7
2064 5
2065 5
2066 4
2067 2
2068 3
2069 4
2070 1
2071 7
2072 96
2073 81
2074 128
2075 156
2076 146
2077 136
2078 113
2079 132
2080 138
2081 149
2082 137
2083 111
2084 52
2085 17
2086 9
2087 2
2088 4
2089 8
2090 2
2091 0
2092 1
2093 1
2094 3
2095 9
2096 92
2097 73
2098 100
2099 115
2100 148
2101 154
2102 124
2103 140
2104 123
2105 126
2106 119
2107 107
2108 48
2109 17
2110 12
2111 15
2112 6
2113 10
2114 4
2115 5
2116 3
2117 6
2118 3
2119 6
2120 74
2121 81
2122 105
2123 148
2124 132
2125 136
2126 159
2127 159
2128 152
2129 119
2130 112
2131 96
2132 34
2133 15
2134 14
2135 10
2136 7
2137 10
2138 8
2139 7
2140 4
2141 6
2142 3
2143 6
2144 61
2145 67
2146 87
2147 128
2148 121
2149 105
2150 131
2151 108
2152 102
2153 126
2154 142
2155 88
2156 43
2157 20
2158 2
2159 9
2160 5
2161 17
2162 10
2163 23
2164 10
2165 5
2166 4
2167 1
2168 54
2169 57
2170 64
2171 97
2172 91
2173 85
2174 79
2175 83
2176 105
2177 99
2178 84
2179 20
2180 8
2181 6
2182 12
2183 4
2184 2
2185 5
2186 3
2187 1
2188 1
2189 5
2190 6
2191 7
2192 70
2193 83
2194 100
2195 130
2196 129
2197 114
2198 101
2199 128
2200 121
2201 103
2202 105
2203 101
2204 49
2205 10
2206 7
2207 9
2208 2
2209 4
2210 3
2211 0
2212 2
2213 0
2214 4
2215 6
2216 74
2217 83
2218 133
2219 141
2220 125
2221 125
2222 134
2223 123
2224 129
2225 116
2226 105
2227 96
2228 55
2229 13
2230 5
2231 11
2232 3
2233 6
2234 1
2235 2
2236 1
2237 2
2238 1
2239 9
2240 69
2241 70
2242 106
2243 137
2244 117
2245 126
2246 134
2247 129
2248 123
2249 118
2250 128
2251 109
2252 41
2253 11
2254 10
2255 5
2256 8
2257 7
2258 4
2259 2
2260 2
2261 0
2262 8
2263 7
2264 81
2265 91
2266 120
2267 135
2268 135
2269 153
2270 126
2271 133
2272 136
2273 165
2274 123
2275 111
2276 52
2277 12
2278 8
2279 17
2280 10
2281 24
2282 8
2283 11
2284 6
2285 2
2286 5
2287 2
2288 46
2289 40
2290 53
2291 69
2292 66
2293 52
2294 40
2295 61
2296 58
2297 60
2298 58
2299 57
2300 31
2301 4
2302 10
2303 5
2304 14
2305 9
2306 4
2307 1
2308 6
2309 3
2310 4
2311 2
2312 63
2313 65
2314 95
2315 98
2316 86
2317 69
2318 66
2319 67
2320 77
2321 89
2322 108
2323 77
2324 37
2325 12
2326 13
2327 14
2328 12
2329 8
2330 2
2331 5
2332 5
2333 3
2334 2
2335 3
2336 34
2337 40
2338 68
2339 105
2340 94
2341 88
2342 76
2343 99
2344 92
2345 97
2346 85
2347 41
2348 12
2349 6
2350 12
2351 4
2352 9
2353 10
2354 1
2355 5
2356 4
2357 4
2358 5
2359 6
2360 50
2361 27
2362 58
2363 63
2364 28
2365 27
2366 37
2367 42
2368 50
2369 43
2370 51
2371 51
2372 30
2373 8
2374 9
2375 5
2376 3
2377 9
2378 2
2379 0
2380 3
2381 2
2382 5
2383 6
2384 56
2385 68
2386 100
2387 132
2388 138
2389 119
2390 99
2391 116
2392 133
2393 99
2394 106
2395 89
2396 49
2397 11
2398 12
2399 7
2400 6
2401 11
2402 7
2403 2
2404 3
2405 0
2406 3
2407 3
2408 57
2409 74
2410 87
2411 140
2412 123
2413 123
2414 100
2415 111
2416 138
2417 108
2418 106
2419 113
2420 34
2421 12
2422 1
2423 4
2424 7
2425 8
2426 1
2427 2
2428 1
2429 1
2430 1
2431 7
2432 63
2433 75
2434 118
2435 122
2436 126
2437 126
2438 107
2439 101
2440 138
2441 131
2442 96
2443 111
2444 44
2445 10
2446 8
2447 6
2448 5
2449 8
2450 3
2451 2
2452 6
2453 3
2454 3
2455 4
2456 59
2457 77
2458 108
2459 121
2460 153
2461 135
2462 116
2463 132
2464 140
2465 134
2466 103
2467 105
2468 34
2469 14
2470 8
2471 8
2472 3
2473 11
2474 4
2475 3
2476 1
2477 0
2478 4
2479 3
2480 62
2481 70
2482 110
2483 102
2484 116
2485 135
2486 115
2487 120
2488 128
2489 119
2490 123
2491 117
2492 66
2493 13
2494 3
2495 8
2496 8
2497 22
2498 8
2499 9
2500 8
2501 3
2502 4
2503 1
2504 45
2505 38
2506 70
2507 93
2508 104
2509 74
2510 101
2511 102
2512 110
2513 103
2514 97
2515 31
2516 14
2517 11
2518 7
2519 7
2520 5
2521 9
2522 2
2523 1
2524 2
2525 2
2526 5
2527 6
2528 69
2529 58
2530 108
2531 145
2532 118
2533 116
2534 119
2535 116
2536 112
2537 104
2538 131
2539 108
2540 31
2541 15
2542 6
2543 8
2544 3
2545 8
2546 5
2547 0
2548 1
2549 0
2550 1
2551 3
2552 67
2553 69
2554 88
2555 119
2556 105
2557 138
2558 121
2559 127
2560 143
2561 135
2562 114
2563 98
2564 47
2565 16
2566 12
2567 7
2568 11
2569 4
2570 0
2571 2
2572 2
2573 2
2574 0
2575 5
2576 66
2577 68
2578 116
2579 117
2580 149
2581 135
2582 116
2583 130
2584 148
2585 136
2586 112
2587 104
2588 39
2589 9
2590 7
2591 3
2592 3
2593 8
2594 4
2595 0
2596 1
2597 2
2598 1
2599 3
2600 76
2601 71
2602 102
2603 140
2604 138
2605 139
2606 119
2607 148
2608 137
2609 133
2610 122
2611 99
2612 45
2613 8
2614 10
2615 6
2616 5
2617 10
2618 3
2619 5
2620 2
2621 0
2622 3
2623 2
2624 75
2625 72
2626 99
2627 143
2628 144
2629 136
2630 111
2631 128
2632 123
2633 115
2634 122
2635 82
2636 42
2637 10
2638 10
2639 10
2640 2
2641 7
2642 5
2643 5
2644 3
2645 3
2646 2
2647 6
2648 54
2649 65
2650 97
2651 93
2652 106
2653 101
2654 115
2655 110
2656 118
2657 129
2658 112
2659 102
2660 39
2661 7
2662 5
2663 4
2664 4
2665 18
2666 5
2667 3
2668 6
2669 4
2670 3
2671 4
2672 47
2673 32
2674 61
2675 95
2676 94
2677 81
2678 79
2679 90
2680 92
2681 91
2682 76
2683 30
2684 6
2685 7
2686 2
2687 4
2688 7
2689 7
2690 0
2691 0
2692 0
2693 2
2694 3
2695 5
2696 78
2697 48
2698 78
2699 116
2700 143
2701 106
2702 108
2703 118
2704 105
2705 100
2706 80
2707 103
2708 46
2709 12
2710 6
2711 9
2712 2
2713 2
2714 0
2715 3
2716 1
2717 1
2718 4
2719 9
2720 74
2721 60
2722 86
2723 131
2724 130
2725 103
2726 102
2727 123
2728 109
2729 101
2730 81
2731 87
2732 59
2733 21
2734 13
2735 8
2736 6
2737 8
2738 0
2739 4
2740 5
2741 6
2742 4
2743 1
2744 56
2745 36
2746 50
2747 57
2748 57
2749 44
2750 32
2751 41
2752 53
2753 34
2754 54
2755 56
2756 32
2757 10
2758 7
2759 3
2760 6
2761 2
2762 1
2763 0
2764 0
2765 1
2766 4
2767 6
2768 61
2769 60
2770 111
2771 126
2772 142
2773 106
2774 102
2775 115
2776 109
2777 103
2778 124
2779 89
2780 52
2781 15
2782 4
2783 8
2784 11
2785 7
2786 3
2787 1
2788 2
2789 0
2790 1
2791 6
2792 83
2793 69
2794 100
2795 155
2796 108
2797 124
2798 107
2799 137
2800 111
2801 114
2802 109
2803 91
2804 37
2805 14
2806 12
2807 9
2808 4
2809 22
2810 4
2811 3
2812 6
2813 3
2814 1
2815 3
2816 67
2817 72
2818 105
2819 114
2820 96
2821 99
2822 105
2823 104
2824 108
2825 121
2826 121
2827 100
2828 39
2829 19
2830 13
2831 3
2832 11
2833 13
2834 6
2835 4
2836 6
2837 4
2838 4
2839 0
2840 44
2841 39
2842 62
2843 99
2844 73
2845 101
2846 75
2847 85
2848 88
2849 91
2850 67
2851 33
2852 8
2853 8
2854 3
2855 4
2856 2
2857 6
2858 3
2859 2
2860 3
2861 1
2862 5
2863 2
2864 72
2865 73
2866 109
2867 116
2868 115
2869 131
2870 103
2871 135
2872 126
2873 98
2874 105
2875 100
2876 47
2877 10
2878 6
2879 3
2880 2
2881 4
2882 1
2883 2
2884 3
2885 1
2886 7
2887 8
2888 80
2889 56
2890 88
2891 142
2892 117
2893 106
2894 98
2895 120
2896 125
2897 122
2898 113
2899 108
2900 41
2901 12
2902 5
2903 5
2904 5
2905 10
2906 2
2907 0
2908 2
2909 2
2910 2
2911 1
2912 63
2913 42
2914 83
2915 131
2916 131
2917 140
2918 108
2919 116
2920 129
2921 87
2922 107
2923 86
2924 46
2925 11
2926 4
2927 1
2928 0
2929 5
2930 3
2931 2
2932 0
2933 1
2934 2
2935 5
2936 78
2937 77
2938 109
2939 128
2940 155
2941 107
2942 123
2943 130
2944 128
2945 109
2946 92
2947 103
2948 52
2949 10
2950 7
2951 9
2952 4
2953 8
2954 7
2955 3
2956 2
2957 0
2958 4
2959 1
2960 65
2961 104
2962 99
2963 124
2964 106
2965 112
2966 127
2967 126
2968 129
2969 110
2970 97
2971 101
2972 37
2973 8
2974 5
2975 10
2976 6
2977 11
2978 3
2979 2
2980 6
2981 3
2982 2
2983 7
2984 76
2985 87
2986 75
2987 135
2988 117
2989 109
2990 109
2991 86
2992 109
2993 128
2994 129
2995 87
2996 41
2997 2
2998 8
2999 4
3000 5
3001 12
3002 7
3003 10
3004 5
3005 7
3006 2
3007 1
3008 38
3009 34
3010 62
3011 117
3012 88
3013 90
3014 94
3015 92
3016 82
3017 93
3018 93
3019 45
3020 6
3021 6
3022 7
3023 4
3024 1
3025 6
3026 0
3027 0
3028 1
3029 3
3030 2
3031 4
3032 90
3033 82
3034 129
3035 158
3036 136
3037 115
3038 117
3039 115
3040 123
3041 103
3042 104
3043 98
3044 50
3045 10
3046 2
3047 4
3048 2
3049 3
3050 0
3051 1
3052 2
3053 1
3054 4
3055 6
3056 91
3057 93
3058 91
3059 126
3060 142
3061 117
3062 107
3063 135
3064 113
3065 114
3066 101
3067 99
3068 45
3069 10
3070 4
3071 6
3072 4
3073 5
3074 3
3075 3
3076 2
3077 2
3078 5
3079 6
3080 71
3081 55
3082 116
3083 139
3084 121
3085 121
3086 104
3087 129
3088 128
3089 109
3090 110
3091 104
3092 38
3093 18
3094 8
3095 3
3096 4
3097 6
3098 1
3099 2
3100 2
3101 2
3102 2
3103 6
3104 79
3105 71
3106 98
3107 139
3108 119
3109 115
3110 122
3111 132
3112 150
3113 125
3114 120
3115 104
3116 37
3117 10
3118 3
3119 10
3120 9
3121 8
3122 9
3123 3
3124 3
3125 4
3126 2
3127 5
3128 63
3129 74
3130 109
3131 135
3132 122
3133 152
3134 149
3135 119
3136 129
3137 133
3138 102
3139 106
3140 45
3141 12
3142 9
3143 8
3144 6
3145 10
3146 4
3147 8
3148 10
3149 4
3150 3
3151 6
3152 51
3153 63
3154 79
3155 113
3156 114
3157 120
3158 98
3159 93
3160 112
3161 124
3162 126
3163 110
3164 51
3165 6
3166 5
3167 4
3168 7
3169 13
3170 1
3171 8
3172 12
3173 5
3174 4
3175 3
3176 48
3177 45
3178 70
3179 121
3180 97
3181 83
3182 90
3183 84
3184 97
3185 95
3186 96
3187 35
3188 11
3189 2
3190 4
3191 1
3192 3
3193 5
3194 1
3195 0
3196 1
3197 0
3198 4
3199 3
3200 50
3201 76
3202 124
3203 117
3204 96
3205 113
3206 115
3207 118
3208 119
3209 103
3210 103
3211 106
3212 41
3213 6
3214 10
3215 9
3216 7
3217 9
3218 1
3219 2
3220 2
3221 0
3222 6
3223 7
3224 74
3225 75
3226 103
3227 120
3228 114
3229 112
3230 119
3231 123
3232 129
3233 102
3234 113
3235 121
3236 42
3237 5
3238 8
3239 5
3240 4
3241 8
3242 3
3243 2
3244 0
3245 1
3246 1
3247 7
3248 60
3249 72
3250 105
3251 136
3252 116
3253 106
3254 130
3255 125
3256 141
3257 111
3258 107
3259 97
3260 59
3261 8
3262 2
3263 3
3264 3
3265 3
3266 0
3267 1
3268 1
3269 2
3270 4
3271 6
3272 67
3273 61
3274 105
3275 158
3276 123
3277 106
3278 109
3279 125
3280 104
3281 109
3282 115
3283 102
3284 47
3285 9
3286 12
3287 7
3288 4
3289 8
3290 3
3291 3
3292 1
3293 2
3294 3
3295 5
3296 71
3297 76
3298 92
3299 119
3300 129
3301 126
3302 119
3303 137
3304 121
3305 127
3306 115
3307 122
3308 49
3309 14
3310 10
3311 9
3312 2
3313 8
3314 2
3315 5
3316 8
3317 3
3318 4
3319 8
3320 70
3321 63
3322 99
3323 123
3324 118
3325 103
3326 106
3327 120
3328 109
3329 126
3330 133
3331 114
3332 54
3333 11
3334 10
3335 3
3336 0
3337 13
3338 5
3339 8
3340 2
3341 3
3342 0
3343 1
3344 57
3345 32
3346 60
3347 101
3348 98
3349 86
3350 83
3351 77
3352 103
3353 96
3354 95
3355 40
3356 10
3357 4
3358 1
3359 6
3360 2
3361 5
3362 1
3363 5
3364 1
3365 2
3366 2
3367 4
3368 64
3369 73
3370 94
3371 127
3372 115
3373 100
3374 115
3375 93
3376 124
3377 121
3378 116
3379 92
3380 49
3381 15
3382 3
3383 7
3384 4
3385 6
3386 0
3387 0
3388 3
3389 1
3390 2
3391 5
3392 72
3393 54
3394 98
3395 141
3396 154
3397 120
3398 129
3399 109
3400 133
3401 123
3402 95
3403 114
3404 49
3405 13
3406 4
3407 2
3408 3
3409 5
3410 0
3411 1
3412 2
3413 2
3414 1
3415 5
3416 53
3417 61
3418 110
3419 125
3420 110
3421 107
3422 121
3423 117
3424 128
3425 100
3426 113
3427 87
3428 52
3429 12
3430 9
3431 4
3432 2
3433 6
3434 1
3435 1
3436 1
3437 2
3438 2
3439 4
3440 69
3441 71
3442 82
3443 105
3444 124
3445 121
3446 110
3447 114
3448 104
3449 106
3450 92
3451 93
3452 34
3453 8
3454 5
3455 10
3456 8
3457 8
3458 6
3459 4
3460 3
3461 0
3462 3
3463 5
3464 46
3465 63
3466 83
3467 120
3468 108
3469 129
3470 103
3471 104
3472 112
3473 115
3474 99
3475 104
3476 34
3477 17
3478 11
3479 13
3480 18
3481 13
3482 8
3483 4
3484 4
3485 4
3486 3
3487 4
3488 29
3489 56
3490 69
3491 118
3492 100
3493 92
3494 93
3495 107
3496 112
3497 93
3498 104
3499 94
3500 42
3501 5
3502 6
3503 3
3504 4
3505 16
3506 4
3507 14
3508 4
3509 4
3510 2
3511 2
3512 39
3513 46
3514 63
3515 94
3516 82
3517 82
3518 75
3519 89
3520 92
3521 78
3522 83
3523 33
3524 6
3525 5
3526 3
3527 4
3528 4
3529 8
3530 0
3531 2
3532 0
3533 2
3534 2
3535 1
3536 50
3537 44
3538 72
3539 129
3540 107
3541 107
3542 78
3543 108
3544 118
3545 109
3546 85
3547 97
3548 52
3549 6
3550 5
3551 8
3552 5
3553 8
3554 2
3555 0
3556 3
3557 4
3558 0
3559 7
3560 49
3561 65
3562 82
3563 127
3564 102
3565 120
3566 110
3567 111
3568 114
3569 116
3570 105
3571 86
3572 45
3573 6
3574 5
3575 7
3576 2
3577 6
3578 1
3579 1
3580 0
3581 2
3582 4
3583 3
3584 56
3585 56
3586 90
3587 116
3588 121
3589 100
3590 113
3591 105
3592 124
3593 125
3594 112
3595 92
3596 48
3597 8
3598 10
3599 12
3600 7
3601 16
3602 3
3603 1
3604 4
3605 2
3606 0
3607 12
3608 59
3609 55
3610 83
3611 119
3612 103
3613 92
3614 85
3615 103
3616 126
3617 113
3618 119
3619 79
3620 36
3621 10
3622 4
3623 4
3624 2
3625 8
3626 0
3627 1
3628 5
3629 1
3630 4
3631 5
3632 59
3633 46
3634 71
3635 94
3636 109
3637 108
3638 109
3639 114
3640 93
3641 124
3642 126
3643 77
3644 37
3645 13
3646 8
3647 7
3648 9
3649 10
3650 6
3651 6
3652 4
3653 3
3654 0
3655 7
3656 51
3657 51
3658 116
3659 146
3660 119
3661 116
3662 97
3663 115
3664 103
3665 113
3666 122
3667 95
3668 47
3669 14
3670 3
3671 4
3672 14
3673 15
3674 7
3675 2
3676 4
3677 2
3678 2
3679 2
3680 37
3681 34
3682 57
3683 94
3684 72
3685 98
3686 84
3687 76
3688 98
3689 69
3690 101
3691 45
3692 9
3693 3
3694 10
3695 4
3696 9
3697 14
3698 1
3699 1
3700 1
3701 3
3702 3
3703 5
3704 53
3705 75
3706 89
3707 118
3708 103
3709 106
3710 121
3711 122
3712 109
3713 110
3714 94
3715 83
3716 29
3717 5
3718 6
3719 5
3720 1
3721 6
3722 3
3723 0
3724 1
3725 3
3726 1
3727 2
3728 53
3729 53
3730 100
3731 133
3732 111
3733 98
3734 92
3735 106
3736 119
3737 116
3738 94
3739 104
3740 47
3741 10
3742 11
3743 8
3744 4
3745 7
3746 3
3747 2
3748 3
3749 2
3750 0
3751 3
3752 51
3753 64
3754 102
3755 121
3756 123
3757 123
3758 112
3759 113
3760 111
3761 98
3762 114
3763 89
3764 48
3765 6
3766 5
3767 5
3768 8
3769 17
3770 3
3771 6
3772 2
3773 2
3774 1
3775 7
3776 59
3777 37
3778 72
3779 127
3780 124
3781 114
3782 104
3783 119
3784 116
3785 104
3786 100
3787 90
3788 52
3789 19
3790 8
3791 3
3792 6
3793 8
3794 1
3795 3
3796 5
3797 3
3798 1
3799 8
3800 62
3801 68
3802 94
3803 121
3804 106
3805 98
3806 110
3807 107
3808 106
3809 102
3810 110
3811 105
3812 43
3813 6
3814 9
3815 9
3816 4
3817 11
3818 8
3819 4
3820 9
3821 8
3822 3
3823 7
3824 39
3825 59
3826 99
3827 133
3828 106
3829 101
3830 93
3831 97
3832 112
3833 103
3834 110
3835 91
3836 32
3837 15
3838 12
3839 3
3840 5
3841 14
3842 5
3843 3
3844 2
3845 5
3846 1
3847 2
3848 37
3849 33
3850 51
3851 99
3852 80
3853 66
3854 79
3855 85
3856 90
3857 86
3858 70
3859 47
3860 14
3861 8
3862 9
3863 17
3864 9
3865 8
3866 5
3867 3
3868 5
3869 4
3870 4
3871 1
3872 35
3873 42
3874 55
3875 42
3876 30
3877 34
3878 25
3879 37
3880 39
3881 49
3882 53
3883 45
3884 33
3885 4
3886 3
3887 4
3888 3
3889 4
3890 1
3891 0
3892 0
3893 0
3894 0
3895 6
3896 54
3897 62
3898 105
3899 113
3900 121
3901 109
3902 111
3903 102
3904 102
3905 109
3906 94
3907 116
3908 44
3909 6
3910 8
3911 4
3912 6
3913 5
3914 0
3915 0
3916 0
3917 4
3918 4
3919 6
3920 62
3921 60
3922 121
3923 116
3924 133
3925 97
3926 92
3927 110
3928 110
3929 103
3930 78
3931 100
3932 58
3933 11
3934 3
3935 3
3936 10
3937 4
3938 3
3939 1
3940 0
3941 2
3942 3
3943 5
3944 55
3945 47
3946 64
3947 100
3948 115
3949 116
3950 106
3951 121
3952 100
3953 119
3954 86
3955 97
3956 50
3957 15
3958 10
3959 7
3960 5
3961 5
3962 2
3963 2
3964 2
3965 3
3966 5
3967 6
3968 56
3969 56
3970 91
3971 122
3972 124
3973 105
3974 113
3975 111
3976 107
3977 143
3978 120
3979 102
3980 42
3981 7
3982 10
3983 10
3984 3
3985 10
3986 4
3987 1
3988 1
3989 4
3990 1
3991 1
3992 34
3993 59
3994 91
3995 117
3996 107
3997 115
3998 96
3999 113
4000 114
4001 126
4002 127
4003 116
4004 40
4005 6
4006 10
4007 4
4008 9
4009 11
4010 7
4011 7
4012 7
4013 6
4014 0
4015 5
4016 38
4017 47
4018 60
4019 111
4020 78
4021 75
4022 87
4023 71
4024 81
4025 75
4026 97
4027 51
4028 12
4029 9
4030 6
4031 4
4032 8
4033 3
4034 0
4035 1
4036 1
4037 0
4038 1
4039 6
4040 64
4041 84
4042 118
4043 116
4044 129
4045 134
4046 119
4047 119
4048 139
4049 116
4050 99
4051 110
4052 36
4053 8
4054 3
4055 8
4056 3
4057 3
4058 1
4059 0
4060 2
4061 2
4062 2
4063 4
4064 55
4065 60
4066 77
4067 108
4068 119
4069 113
4070 101
4071 105
4072 103
4073 113
4074 89
4075 124
4076 46
4077 7
4078 9
4079 2
4080 0
4081 3
4082 0
4083 2
4084 0
4085 3
4086 2
4087 9
4088 60
4089 79
4090 101
4091 131
4092 138
4093 99
4094 115
4095 110
4096 106
4097 111
4098 103
4099 97
4100 36
4101 9
4102 12
4103 10
4104 10
4105 1
4106 2
4107 1
4108 3
4109 3
4110 4
4111 2
4112 68
4113 63
4114 82
4115 115
4116 106
4117 119
4118 93
4119 128
4120 121
4121 103
4122 111
4123 127
4124 53
4125 12
4126 10
4127 7
4128 4
4129 8
4130 3
4131 5
4132 2
4133 3
4134 3
4135 6
4136 66
4137 90
4138 109
4139 134
4140 130
4141 117
4142 93
4143 122
4144 110
4145 108
4146 113
4147 95
4148 49
4149 7
4150 7
4151 13
4152 8
4153 14
4154 11
4155 6
4156 9
4157 7
4158 6
4159 3
4160 29
4161 56
4162 76
4163 109
4164 103
4165 133
4166 124
4167 95
4168 122
4169 107
4170 119
4171 106
4172 52
4173 11
4174 5
4175 5
4176 5
4177 18
4178 6
4179 7
4180 8
4181 9
4182 4
4183 5
4184 35
4185 41
4186 72
4187 91
4188 106
4189 95
4190 96
4191 76
4192 71
4193 80
4194 100
4195 38
4196 7
4197 2
4198 1
4199 8
4200 1
4201 9
4202 0
4203 2
4204 3
4205 3
4206 1
4207 4
4208 59
4209 87
4210 94
4211 120
4212 103
4213 121
4214 102
4215 105
4216 107
4217 106
4218 108
4219 103
4220 47
4221 4
4222 4
4223 2
4224 2
4225 4
4226 1
4227 1
4228 2
4229 1
4230 2
4231 5
4232 52
4233 75
4234 96
4235 111
4236 125
4237 111
4238 119
4239 110
4240 119
4241 111
4242 119
4243 109
4244 43
4245 7
4246 5
4247 5
4248 4
4249 5
4250 1
4251 1
4252 1
4253 1
4254 2
4255 1
4256 54
4257 70
4258 80
4259 128
4260 130
4261 116
4262 106
4263 131
4264 123
4265 114
4266 125
4267 114
4268 56
4269 7
4270 5
4271 4
4272 6
4273 11
4274 1
4275 4
4276 1
4277 3
4278 4
4279 3
4280 56
4281 56
4282 86
4283 122
4284 135
4285 113
4286 97
4287 116
4288 109
4289 110
4290 113
4291 114
4292 35
4293 14
4294 3
4295 5
4296 4
4297 11
4298 7
4299 1
4300 4
4301 2
4302 1
4303 9
4304 55
4305 63
4306 82
4307 116
4308 141
4309 117
4310 100
4311 140
4312 107
4313 111
4314 104
4315 97
4316 33
4317 7
4318 10
4319 5
4320 9
4321 11
4322 6
4323 4
4324 5
4325 6
4326 4
4327 6
4328 36
4329 58
4330 80
4331 102
4332 111
4333 111
4334 102
4335 97
4336 99
4337 102
4338 96
4339 74
4340 44
4341 8
4342 8
4343 4
4344 4
4345 11
4346 12
4347 6
4348 6
4349 6
4350 1
4351 1
4352 42
4353 61
4354 68
4355 122
4356 64
4357 80
4358 88
4359 84
4360 86
4361 78
4362 77
4363 37
4364 11
4365 6
4366 6
4367 5
4368 1
4369 7
4370 1
4371 0
4372 1
4373 1
4374 4
4375 1
4376 55
4377 53
4378 99
4379 119
4380 118
4381 114
4382 109
4383 121
4384 106
4385 100
4386 99
4387 101
4388 40
4389 8
4390 6
4391 4
4392 3
4393 7
4394 0
4395 0
4396 2
4397 1
4398 4
4399 4
4400 54
4401 59
4402 88
4403 143
4404 112
4405 104
4406 116
4407 115
4408 114
4409 107
4410 108
4411 96
4412 33
4413 6
4414 9
4415 3
4416 6
4417 6
4418 3
4419 1
4420 2
4421 2
4422 3
4423 10
4424 58
4425 63
4426 76
4427 107
4428 90
4429 113
4430 109
4431 119
4432 99
4433 99
4434 91
4435 117
4436 51
4437 5
4438 12
4439 4
4440 5
4441 6
4442 4
4443 3
4444 4
4445 1
4446 2
4447 5
4448 45
4449 63
4450 73
4451 126
4452 103
4453 106
4454 92
4455 99
4456 106
4457 88
4458 102
4459 96
4460 35
4461 3
4462 8
4463 7
4464 12
4465 17
4466 4
4467 3
4468 3
4469 1
4470 5
4471 2
4472 53
4473 57
4474 90
4475 92
4476 119
4477 110
4478 108
4479 137
4480 101
4481 131
4482 131
4483 82
4484 33
4485 9
4486 11
4487 6
4488 7
4489 9
4490 6
4491 0
4492 3
4493 3
4494 2
4495 4
4496 49
4497 80
4498 91
4499 131
4500 109
4501 106
4502 89
4503 85
4504 125
4505 98
4506 115
4507 78
4508 45
4509 11
4510 7
4511 2
4512 6
4513 14
4514 4
4515 1
4516 2
4517 3
4518 1
4519 1
4520 33
4521 45
4522 74
4523 115
4524 87
4525 96
4526 74
4527 74
4528 80
4529 80
4530 88
4531 32
4532 8
4533 2
4534 7
4535 3
4536 1
4537 5
4538 2
4539 1
4540 0
4541 2
4542 3
4543 5
4544 45
4545 64
4546 102
4547 113
4548 125
4549 90
4550 106
4551 118
4552 113
4553 112
4554 109
4555 132
4556 50
4557 7
4558 4
4559 4
4560 6
4561 3
4562 0
4563 1
4564 3
4565 1
4566 2
4567 5
4568 75
4569 80
4570 87
4571 133
4572 117
4573 90
4574 112
4575 110
4576 115
4577 122
4578 107
4579 95
4580 63
4581 5
4582 8
4583 4
4584 3
4585 4
4586 2
4587 3
4588 2
4589 2
4590 1
4591 1
4592 47
4593 61
4594 112
4595 138
4596 104
4597 109
4598 112
4599 116
4600 116
4601 113
4602 80
4603 88
4604 53
4605 12
4606 6
4607 6
4608 5
4609 7
4610 4
4611 2
4612 0
4613 2
4614 1
4615 3
4616 53
4617 64
4618 98
4619 137
4620 118
4621 107
4622 133
4623 124
4624 127
4625 110
4626 97
4627 106
4628 33
4629 6
4630 4
4631 9
4632 3
4633 8
4634 6
4635 3
4636 2
4637 2
4638 1
4639 4
4640 57
4641 82
4642 116
4643 122
4644 132
4645 120
4646 110
4647 132
4648 122
4649 113
4650 95
4651 103
4652 31
4653 5
4654 11
4655 6
4656 9
4657 11
4658 4
4659 3
4660 10
4661 3
4662 7
4663 5
4664 63
4665 55
4666 110
4667 133
4668 120
4669 118
4670 86
4671 92
4672 81
4673 120
4674 108
4675 63
4676 42
4677 6
4678 8
4679 4
4680 5
4681 7
4682 1
4683 2
4684 3
4685 7
4686 3
4687 4
4688 46
4689 58
4690 75
4691 85
4692 92
4693 84
4694 81
4695 92
4696 84
4697 85
4698 102
4699 47
4700 7
4701 6
4702 5
4703 5
4704 1
4705 2
4706 1
4707 0
4708 1
4709 1
4710 1
4711 3
4712 54
4713 69
4714 104
4715 123
4716 125
4717 129
4718 99
4719 127
4720 116
4721 103
4722 102
4723 97
4724 44
4725 5
4726 8
4727 5
4728 2
4729 4
4730 0
4731 1
4732 3
4733 3
4734 3
4735 3
4736 53
4737 79
4738 89
4739 128
4740 144
4741 123
4742 110
4743 131
4744 149
4745 107
4746 115
4747 113
4748 47
4749 5
4750 6
4751 9
4752 5
4753 6
4754 0
4755 1
4756 4
4757 1
4758 3
4759 4
4760 66
4761 72
4762 99
4763 124
4764 124
4765 127
4766 142
4767 148
4768 158
4769 126
4770 128
4771 103
4772 44
4773 5
4774 7
4775 4
4776 2
4777 5
4778 2
4779 0
4780 0
4781 1
4782 1
4783 4
4784 64
4785 67
4786 84
4787 126
4788 131
4789 102
4790 96
4791 127
4792 139
4793 122
4794 118
4795 100
4796 48
4797 6
4798 5
4799 5
4800 5
4801 8
4802 1
4803 1
4804 3
4805 1
4806 2
4807 1
4808 54
4809 89
4810 123
4811 111
4812 110
4813 118
4814 132
4815 123
4816 118
4817 125
4818 113
4819 82
4820 36
4821 5
4822 3
4823 5
4824 3
4825 8
4826 0
4827 5
4828 3
4829 5
4830 2
4831 3
4832 39
4833 53
4834 81
4835 126
4836 99
4837 97
4838 93
4839 109
4840 103
4841 119
4842 111
4843 80
4844 37
4845 5
4846 2
4847 4
4848 5
4849 6
4850 1
4851 2
4852 5
4853 3
4854 1
4855 1
4856 33
4857 43
4858 56
4859 83
4860 67
4861 91
4862 75
4863 80
4864 79
4865 87
4866 97
4867 36
4868 7
4869 3
4870 7
4871 7
4872 2
4873 3
4874 2
4875 0
4876 0
4877 2
4878 0
4879 4
4880 64
4881 73
4882 115
4883 113
4884 121
4885 101
4886 104
4887 113
4888 98
4889 115
4890 78
4891 100
4892 54
4893 13
4894 8
4895 4
4896 3
4897 4
4898 2
4899 1
4900 0
4901 1
4902 5
4903 6
4904 67
4905 78
4906 108
4907 133
4908 126
4909 118
4910 123
4911 137
4912 121
4913 81
4914 121
4915 105
4916 49
4917 7
4918 5
4919 6
4920 4
4921 5
4922 1
4923 3
4924 1
4925 2
4926 3
4927 1
4928 52
4929 50
4930 74
4931 116
4932 110
4933 123
4934 124
4935 100
4936 113
4937 108
4938 109
4939 98
4940 41
4941 9
4942 5
4943 6
4944 4
4945 6
4946 0
4947 0
4948 0
4949 2
4950 2
4951 6
4952 49
4953 57
4954 109
4955 105
4956 106
4957 115
4958 118
4959 103
4960 115
4961 97
4962 88
4963 81
4964 41
4965 3
4966 2
4967 7
4968 3
4969 6
4970 4
4971 4
4972 1
4973 3
4974 0
4975 1
4976 47
4977 66
4978 79
4979 95
4980 119
4981 92
4982 88
4983 115
4984 109
4985 96
4986 79
4987 86
4988 41
4989 1
4990 5
4991 7
4992 4
4993 6
4994 1
4995 5
4996 4
4997 0
4998 2
4999 7
5000 52
5001 61
5002 83
5003 114
5004 109
5005 84
5006 92
5007 60
5008 110
5009 89
5010 117
5011 81
5012 33
5013 4
5014 1
5015 4
5016 3
5017 6
5018 2
5019 1
5020 4
5021 3
5022 4
5023 0
5024 50
5025 54
5026 65
5027 85
5028 61
5029 68
5030 67
5031 53
5032 81
5033 105
5034 97
5035 27
5036 1
5037 0
5038 3
5039 3
5040 1
5041 0
5042 0
5043 1
5044 1
5045 0
5046 2
5047 2
5048 57
5049 74
5050 79
5051 112
5052 119
5053 101
5054 115
5055 109
5056 96
5057 97
5058 99
5059 92
5060 37
5061 9
5062 0
5063 8
5064 2
5065 1
5066 0
5067 0
5068 1
5069 1
5070 2
5071 4
5072 57
5073 80
5074 74
5075 126
5076 122
5077 110
5078 112
5079 99
5080 105
5081 97
5082 75
5083 93
5084 34
5085 0
5086 3
5087 4
5088 7
5089 3
5090 2
5091 1
5092 0
5093 2
5094 1
5095 1
5096 59
5097 62
5098 63
5099 105
5100 107
5101 89
5102 95
5103 113
5104 112
5105 92
5106 99
5107 85
5108 35
5109 6
5110 3
5111 2
5112 1
5113 1
5114 0
5115 0
5116 1
5117 2
5118 3
5119 6
5120 56
5121 58
5122 82
5123 89
5124 92
5125 88
5126 78
5127 92
5128 99
5129 96
5130 111
5131 89
5132 37
5133 5
5134 7
5135 11
5136 4
5137 5
5138 1
5139 0
5140 1
5141 1
5142 4
5143 3
5144 57
5145 64
5146 82
5147 109
5148 130
5149 114
5150 100
5151 110
5152 111
5153 127
5154 127
5155 99
5156 24
5157 3
5158 3
5159 5
5160 2
5161 6
5162 2
5163 2
5164 7
5165 3
5166 2
5167 2
5168 51
5169 50
5170 78
5171 100
5172 85
5173 91
5174 72
5175 58
5176 82
5177 90
5178 108
5179 84
5180 36
5181 7
5182 6
5183 6
5184 4
5185 5
5186 0
5187 5
5188 2
5189 4
5190 5
5191 7
5192 33
5193 45
5194 54
5195 87
5196 78
5197 88
5198 75
5199 64
5200 87
5201 78
5202 83
5203 22
5204 6
5205 5
5206 5
5207 8
5208 12
5209 6
5210 0
5211 0
5212 0
5213 0
5214 3
5215 9
5216 51
5217 81
5218 87
5219 108
5220 100
5221 115
5222 117
5223 108
5224 125
5225 96
5226 97
5227 91
5228 25
5229 4
5230 4
5231 3
5232 2
5233 4
5234 2
5235 1
5236 0
5237 1
5238 0
5239 2
5240 53
5241 71
5242 106
5243 108
5244 96
5245 90
5246 91
5247 117
5248 107
5249 115
5250 88
5251 90
5252 44
5253 9
5254 5
5255 2
5256 2
5257 2
5258 0
5259 1
5260 0
5261 0
5262 0
5263 3
5264 44
5265 54
5266 106
5267 109
5268 100
5269 101
5270 93
5271 109
5272 109
5273 98
5274 107
5275 87
5276 29
5277 4
5278 6
5279 5
5280 1
5281 5
5282 0
5283 2
5284 1
5285 1
5286 2
5287 4
5288 54
5289 63
5290 104
5291 109
5292 114
5293 106
5294 141
5295 109
5296 120
5297 82
5298 107
5299 87
5300 36
5301 9
5302 7
5303 4
5304 2
5305 10
5306 2
5307 1
5308 3
5309 0
5310 3
5311 5
5312 50
5313 55
5314 73
5315 130
5316 98
5317 97
5318 116
5319 124
5320 124
5321 114
5322 91
5323 73
5324 26
5325 4
5326 3
5327 1
5328 2
5329 5
5330 1
5331 3
5332 1
5333 2
5334 1
5335 3
5336 49
5337 61
5338 72
5339 96
5340 91
5341 79
5342 94
5343 108
5344 99
5345 85
5346 122
5347 79
5348 43
5349 4
5350 2
5351 5
5352 3
5353 6
5354 1
5355 3
5356 2
5357 2
5358 0
5359 3
5360 42
5361 46
5362 80
5363 93
5364 82
5365 83
5366 73
5367 72
5368 76
5369 79
5370 82
5371 21
5372 6
5373 4
5374 3
5375 1
5376 1
5377 2
5378 2
5379 0
5380 0
5381 0
5382 2
5383 3
5384 44
5385 76
5386 82
5387 104
5388 120
5389 114
5390 102
5391 104
5392 129
5393 96
5394 96
5395 77
5396 39
5397 6
5398 4
5399 2
5400 4
5401 6
5402 3
5403 1
5404 0
5405 1
5406 1
5407 3
5408 54
5409 62
5410 95
5411 78
5412 103
5413 104
5414 105
5415 107
5416 93
5417 93
5418 96
5419 97
5420 32
5421 4
5422 5
5423 6
5424 4
5425 3
5426 1
5427 1
5428 1
5429 1
5430 2
5431 3
5432 57
5433 59
5434 95
5435 117
5436 134
5437 117
5438 97
5439 111
5440 109
5441 83
5442 89
5443 97
5444 36
5445 6
5446 5
5447 4
5448 7
5449 3
5450 1
5451 2
5452 1
5453 3
5454 4
5455 4
5456 48
5457 60
5458 75
5459 102
5460 113
5461 95
5462 115
5463 104
5464 102
5465 86
5466 91
5467 87
5468 27
5469 6
5470 6
5471 7
5472 6
5473 9
5474 4
5475 3
5476 1
5477 0
5478 2
5479 2
5480 48
5481 56
5482 92
5483 88
5484 84
5485 86
5486 92
5487 90
5488 104
5489 98
5490 108
5491 76
5492 28
5493 8
5494 3
5495 4
5496 2
5497 6
5498 6
5499 7
5500 1
5501 0
5502 0
5503 4
5504 45
5505 53
5506 69
5507 104
5508 96
5509 97
5510 91
5511 99
5512 90
5513 82
5514 81
5515 76
5516 36
5517 3
5518 4
5519 3
5520 1
5521 7
5522 2
5523 2
5524 3
5525 1
5526 1
5527 1
5528 34
5529 38
5530 47
5531 100
5532 78
5533 84
5534 79
5535 77
5536 76
5537 69
5538 79
5539 41
5540 12
5541 2
5542 7
5543 4
5544 1
5545 3
5546 1
5547 0
5548 0
5549 0
5550 4
5551 2
5552 37
5553 66
5554 89
5555 114
5556 128
5557 116
5558 77
5559 112
5560 99
5561 112
5562 111
5563 109
5564 37
5565 3
5566 4
5567 4
5568 0
5569 4
5570 0
5571 0
5572 1
5573 0
5574 4
5575 2
5576 46
5577 57
5578 85
5579 115
5580 121
5581 114
5582 87
5583 116
5584 115
5585 99
5586 90
5587 106
5588 53
5589 3
5590 4
5591 1
5592 7
5593 4
5594 0
5595 0
5596 1
5597 1
5598 2
5599 6
5600 52
5601 69
5602 85
5603 106
5604 110
5605 103
5606 97
5607 82
5608 85
5609 103
5610 100
5611 94
5612 44
5613 10
5614 4
5615 5
5616 2
5617 6
5618 0
5619 2
5620 1
5621 0
5622 4
5623 5
5624 49
5625 64
5626 77
5627 102
5628 108
5629 104
5630 109
5631 103
5632 98
5633 102
5634 91
5635 103
5636 29
5637 2
5638 4
5639 3
5640 3
5641 9
5642 11
5643 3
5644 3
5645 4
5646 1
5647 4
5648 47
5649 51
5650 92
5651 115
5652 97
5653 96
5654 95
5655 95
5656 101
5657 100
5658 109
5659 105
5660 18
5661 5
5662 3
5663 1
5664 4
5665 8
5666 1
5667 3
5668 0
5669 1
5670 1
5671 1
5672 37
5673 41
5674 93
5675 102
5676 86
5677 96
5678 91
5679 83
5680 88
5681 102
5682 114
5683 85
5684 40
5685 4
5686 2
5687 5
5688 2
5689 4
5690 0
5691 1
5692 0
5693 2
5694 2
5695 1
5696 33
5697 54
5698 54
5699 79
5700 82
5701 80
5702 75
5703 83
5704 94
5705 67
5706 70
5707 37
5708 7
5709 4
5710 2
5711 5
5712 0
5713 5
5714 0
5715 1
5716 0
5717 0
5718 1
5719 1
5720 38
5721 49
5722 90
5723 82
5724 100
5725 102
5726 125
5727 110
5728 92
5729 111
5730 98
5731 108
5732 39
5733 6
5734 2
5735 4
5736 2
5737 8
5738 0
5739 0
5740 0
5741 2
5742 1
5743 3
5744 56
5745 53
5746 97
5747 104
5748 88
5749 116
5750 102
5751 117
5752 99
5753 99
5754 89
5755 97
5756 61
5757 8
5758 6
5759 5
5760 1
5761 4
5762 0
5763 0
5764 0
5765 0
5766 2
5767 1
5768 36
5769 50
5770 72
5771 88
5772 84
5773 81
5774 114
5775 112
5776 100
5777 124
5778 117
5779 91
5780 44
5781 2
5782 5
5783 2
5784 2
5785 6
5786 2
5787 1
5788 1
5789 3
5790 3
5791 2
5792 49
5793 62
5794 96
5795 137
5796 112
5797 91
5798 115
5799 92
5800 75
5801 105
5802 88
5803 85
5804 44
5805 5
5806 5
5807 6
5808 3
5809 9
5810 2
5811 5
5812 0
5813 2
5814 3
5815 3
5816 89
5817 64
5818 95
5819 133
5820 108
5821 95
5822 92
5823 101
5824 99
5825 93
5826 88
5827 80
5828 27
5829 2
5830 14
5831 6
5832 6
5833 7
5834 3
5835 5
5836 2
5837 1
5838 4
5839 2
5840 41
5841 40
5842 81
5843 94
5844 99
5845 91
5846 69
5847 82
5848 103
5849 85
5850 100
5851 88
5852 24
5853 3
5854 4
5855 4
5856 6
5857 5
5858 1
5859 2
5860 3
5861 3
5862 0
5863 2
5864 29
5865 47
5866 62
5867 83
5868 74
5869 88
5870 60
5871 89
5872 83
5873 90
5874 90
5875 37
5876 3
5877 3
5878 3
5879 1
5880 2
5881 1
5882 1
5883 0
5884 0
5885 2
5886 3
5887 1
5888 46
5889 82
5890 72
5891 120
5892 111
5893 92
5894 89
5895 95
5896 127
5897 105
5898 94
5899 92
5900 30
5901 2
5902 5
5903 1
5904 2
5905 3
5906 2
5907 1
5908 3
5909 1
5910 6
5911 8
5912 62
5913 79
5914 107
5915 125
5916 124
5917 128
5918 113
5919 104
5920 110
5921 99
5922 88
5923 107
5924 50
5925 6
5926 3
5927 1
5928 8
5929 8
5930 0
5931 3
5932 1
5933 0
5934 2
5935 3
5936 70
5937 57
5938 122
5939 110
5940 104
5941 122
5942 107
5943 112
5944 118
5945 102
5946 112
5947 106
5948 56
5949 14
5950 8
5951 6
5952 4
5953 3
5954 2
5955 1
5956 1
5957 2
5958 1
5959 3
5960 67
5961 64
5962 107
5963 103
5964 121
5965 107
5966 113
5967 114
5968 116
5969 93
5970 112
5971 104
5972 49
5973 13
5974 6
5975 5
5976 11
5977 7
5978 2
5979 3
5980 1
5981 4
5982 2
5983 2
5984 57
5985 69
5986 94
5987 111
5988 107
5989 113
5990 125
5991 102
5992 126
5993 111
5994 112
5995 85
5996 45
5997 6
5998 8
5999 7
6000 7
6001 10
6002 6
6003 5
6004 2
6005 5
6006 4
6007 4
6008 38
6009 58
6010 82
6011 110
6012 107
6013 117
6014 113
6015 108
6016 103
6017 120
6018 109
6019 115
6020 51
6021 9
6022 4
6023 3
6024 3
6025 7
6026 3
6027 0
6028 0
6029 0
6030 1
6031 2
6032 35
6033 35
6034 66
6035 103
6036 94
6037 102
6038 90
6039 71
6040 72
6041 79
6042 72
6043 38
6044 4
6045 6
6046 5
6047 8
6048 1
6049 5
6050 0
6051 0
6052 0
6053 2
6054 4
6055 2
6056 59
6057 68
6058 86
6059 109
6060 118
6061 103
6062 120
6063 131
6064 97
6065 87
6066 108
6067 105
6068 41
6069 1
6070 6
6071 3
6072 3
6073 4
6074 1
6075 2
6076 0
6077 3
6078 2
6079 6
6080 70
6081 69
6082 84
6083 131
6084 99
6085 91
6086 103
6087 125
6088 119
6089 100
6090 107
6091 106
6092 41
6093 10
6094 9
6095 12
6096 3
6097 6
6098 0
6099 0
6100 1
6101 1
6102 3
6103 5
6104 62
6105 50
6106 73
6107 117
6108 118
6109 106
6110 102
6111 133
6112 134
6113 112
6114 102
6115 98
6116 27
6117 15
6118 5
6119 6
6120 4
6121 3
6122 1
6123 3
6124 0
6125 2
6126 2
6127 6
6128 59
6129 61
6130 97
6131 114
6132 105
6133 93
6134 102
6135 114
6136 98
6137 96
6138 93
6139 80
6140 50
6141 4
6142 5
6143 5
6144 5
6145 5
6146 7
6147 0
6148 4
6149 3
6150 2
6151 3
6152 60
6153 65
6154 95
6155 133
6156 121
6157 125
6158 116
6159 110
6160 121
6161 118
6162 103
6163 93
6164 49
6165 18
6166 12
6167 2
6168 9
6169 10
6170 4
6171 2
6172 3
6173 6
6174 1
6175 1
6176 44
6177 72
6178 82
6179 96
6180 87
6181 98
6182 103
6183 93
6184 113
6185 122
6186 102
6187 100
6188 47
6189 4
6190 7
6191 4
6192 2
6193 10
6194 3
6195 0
6196 7
6197 1
6198 1
6199 3
6200 41
6201 42
6202 83
6203 109
6204 84
6205 85
6206 68
6207 82
6208 98
6209 83
6210 90
6211 50
6212 9
6213 7
6214 4
6215 3
6216 4
6217 3
6218 1
6219 0
6220 1
6221 4
6222 3
6223 6
6224 57
6225 62
6226 75
6227 97
6228 102
6229 103
6230 111
6231 85
6232 106
6233 107
6234 96
6235 127
6236 47
6237 3
6238 4
6239 4
6240 3
6241 5
6242 0
6243 0
6244 3
6245 0
6246 4
6247 1
6248 56
6249 67
6250 91
6251 137
6252 96
6253 103
6254 112
6255 107
6256 104
6257 111
6258 90
6259 100
6260 41
6261 8
6262 7
6263 6
6264 1
6265 4
6266 1
6267 1
6268 0
6269 1
6270 1
6271 3
6272 63
6273 67
6274 100
6275 112
6276 112
6277 103
6278 83
6279 113
6280 92
6281 108
6282 93
6283 87
6284 29
6285 8
6286 7
6287 8
6288 5
6289 9
6290 2
6291 1
6292 0
6293 3
6294 4
6295 6
6296 53
6297 69
6298 96
6299 94
6300 102
6301 109
6302 125
6303 115
6304 111
6305 115
6306 99
6307 107
6308 45
6309 11
6310 8
6311 8
6312 12
6313 6
6314 3
6315 5
6316 2
6317 1
6318 2
6319 7
6320 56
6321 58
6322 91
6323 116
6324 136
6325 93
6326 94
6327 110
6328 118
6329 98
6330 92
6331 79
6332 37
6333 7
6334 9
6335 8
6336 8
6337 16
6338 10
6339 2
6340 5
6341 1
6342 4
6343 1
6344 47
6345 68
6346 90
6347 112
6348 114
6349 92
6350 99
6351 107
6352 104
6353 116
6354 103
6355 107
6356 45
6357 2
6358 4
6359 5
6360 9
6361 11
6362 7
6363 7
6364 2
6365 9
6366 2
6367 1
6368 46
6369 44
6370 61
6371 97
6372 71
6373 71
6374 87
6375 85
6376 66
6377 64
6378 83
6379 46
6380 8
6381 6
6382 6
6383 3
6384 1
6385 7
6386 2
6387 0
6388 0
6389 2
6390 9
6391 4
6392 47
6393 56
6394 101
6395 112
6396 134
6397 104
6398 117
6399 121
6400 106
6401 97
6402 100
6403 101
6404 42
6405 9
6406 3
6407 4
6408 4
6409 5
6410 0
6411 0
6412 1
6413 1
6414 2
6415 4
6416 50
6417 69
6418 89
6419 110
6420 101
6421 85
6422 85
6423 89
6424 122
6425 92
6426 91
6427 102
6428 52
6429 9
6430 3
6431 7
6432 3
6433 8
6434 1
6435 3
6436 0
6437 1
6438 3
6439 2
6440 75
6441 56
6442 78
6443 90
6444 81
6445 108
6446 109
6447 104
6448 94
6449 74
6450 90
6451 80
6452 35
6453 13
6454 6
6455 7
6456 5
6457 9
6458 2
6459 0
6460 0
6461 1
6462 2
6463 7
6464 58
6465 90
6466 91
6467 111
6468 117
6469 125
6470 92
6471 114
6472 93
6473 105
6474 105
6475 110
6476 42
6477 6
6478 9
6479 11
6480 5
6481 10
6482 5
6483 3
6484 2
6485 1
6486 1
6487 0
6488 58
6489 75
6490 101
6491 99
6492 75
6493 69
6494 101
6495 93
6496 94
6497 101
6498 102
6499 101
6500 40
6501 2
6502 9
6503 10
6504 6
6505 12
6506 4
6507 2
6508 4
6509 3
6510 1
6511 1
6512 35
6513 58
6514 82
6515 99
6516 84
6517 88
6518 95
6519 89
6520 95
6521 90
6522 106
6523 86
6524 32
6525 3
6526 5
6527 3
6528 3
6529 10
6530 2
6531 0
6532 2
6533 4
6534 0
6535 0
6536 45
6537 39
6538 57
6539 80
6540 63
6541 60
6542 65
6543 62
6544 61
6545 78
6546 90
6547 35
6548 1
6549 4
6550 6
6551 6
6552 7
6553 10
6554 5
6555 7
6556 6
6557 2
6558 2
6559 9
6560 47
6561 53
6562 106
6563 130
6564 125
6565 128
6566 121
6567 127
6568 138
6569 126
6570 130
6571 121
6572 71
6573 19
6574 7
6575 8
6576 11
6577 19
6578 8
6579 0
6580 8
6581 6
6582 5
6583 2
6584 45
6585 45
6586 66
6587 106
6588 115
6589 95
6590 85
6591 80
6592 81
6593 108
6594 94
6595 45
6596 8
6597 6
6598 9
6599 13
6600 7
6601 12
6602 4
6603 3
6604 2
6605 2
6606 7
6607 14
6608 63
6609 85
6610 107
6611 148
6612 148
6613 127
6614 126
6615 141
6616 141
6617 151
6618 156
6619 148
6620 95
6621 13
6622 13
6623 9
6624 6
6625 11
6626 5
6627 1
6628 1
6629 2
6630 2
6631 15
6632 76
6633 89
6634 108
6635 139
6636 151
6637 117
6638 122
6639 131
6640 122
6641 143
6642 141
6643 137
6644 67
6645 21
6646 6
6647 6
6648 8
6649 17
6650 2
6651 0
6652 3
6653 1
6654 3
6655 11
6656 68
6657 71
6658 113
6659 134
6660 120
6661 139
6662 132
6663 137
6664 118
6665 142
6666 147
6667 111
6668 61
6669 23
6670 4
6671 10
6672 8
6673 15
6674 5
6675 4
6676 5
6677 3
6678 6
6679 14
6680 73
6681 74
6682 150
6683 141
6684 158
6685 137
6686 136
6687 136
6688 140
6689 152
6690 149
6691 145
6692 74
6693 12
6694 9
6695 5
6696 6
6697 9
6698 8
6699 7
6700 5
6701 4
6702 2
6703 12
6704 72
6705 76
6706 121
6707 159
6708 157
6709 101
6710 106
6711 137
6712 151
6713 138
6714 150
6715 119
6716 71
6717 20
6718 19
6719 17
6720 15
6721 25
6722 11
6723 5
6724 8
6725 11
6726 4
6727 11
6728 46
6729 72
6730 101
6731 121
6732 126
6733 119
6734 128
6735 133
6736 124
6737 127
6738 145
6739 114
6740 74
6741 10
6742 9
6743 9
6744 13
6745 22
6746 9
6747 9
6748 6
6749 8
6750 2
6751 4
6752 52
6753 48
6754 82
6755 108
6756 89
6757 74
6758 83
6759 90
6760 101
6761 93
6762 115
6763 35
6764 13
6765 8
6766 8
6767 11
6768 11
6769 7
6770 5
6771 4
6772 1
6773 2
6774 4
6775 11
6776 71
6777 65
6778 133
6779 142
6780 138
6781 135
6782 131
6783 148
6784 131
6785 134
6786 178
6787 114
6788 74
6789 18
6790 13
6791 6
6792 10
6793 9
6794 3
6795 3
6796 0
6797 0
6798 2
6799 16
6800 84
6801 70
6802 103
6803 159
6804 128
6805 140
6806 106
6807 124
6808 102
6809 112
6810 115
6811 107
6812 72
6813 27
6814 10
6815 6
6816 6
6817 9
6818 4
6819 4
6820 2
6821 1
6822 3
6823 36
6824 111
6825 105
6826 163
6827 101
6828 85
6829 83
6830 67
6831 87
6832 90
6833 108
6834 110
6835 81
6836 55
6837 25
6838 4
6839 5
6840 4
6841 9
6842 3
6843 1
6844 1
6845 3
6846 1
6847 12
6848 75
6849 59
6850 80
6851 76
6852 91
6853 84
6854 72
6855 89
6856 84
6857 100
6858 93
6859 87
6860 68
6861 18
6862 10
6863 6
6864 8
6865 11
6866 0
6867 0
6868 1
6869 0
6870 4
6871 13
6872 75
6873 63
6874 75
6875 91
6876 94
6877 87
6878 92
6879 106
6880 100
6881 109
6882 93
6883 111
6884 55
6885 26
6886 13
6887 3
6888 6
6889 15
6890 4
6891 1
6892 6
6893 4
6894 6
6895 5
6896 45
6897 62
6898 72
6899 73
6900 76
6901 83
6902 68
6903 65
6904 75
6905 94
6906 76
6907 68
6908 60
6909 8
6910 5
6911 6
6912 4
6913 14
6914 7
6915 6
6916 3
6917 2
6918 5
6919 3
6920 50
6921 31
6922 65
6923 63
6924 67
6925 49
6926 60
6927 54
6928 51
6929 59
6930 69
6931 39
6932 8
6933 10
6934 12
6935 3
6936 2
6937 5
6938 1
6939 0
6940 0
6941 0
6942 3
6943 15
6944 66
6945 63
6946 63
6947 76
6948 83
6949 79
6950 79
6951 80
6952 71
6953 109
6954 100
6955 90
6956 65
6957 11
6958 6
6959 5
6960 5
6961 6
6962 1
6963 1
6964 0
6965 0
6966 3
6967 12
6968 60
6969 62
6970 83
6971 105
6972 86
6973 79
6974 85
6975 115
6976 93
6977 108
6978 106
6979 95
6980 54
6981 26
6982 8
6983 6
6984 4
6985 3
6986 2
6987 2
6988 0
6989 0
6990 7
6991 14
6992 70
6993 68
6994 170
6995 156
6996 131
6997 89
6998 95
6999 87
7000 108
7001 157
7002 148
7003 105
7004 70
7005 21
7006 4
7007 8
7008 3
7009 8
7010 8
7011 5
7012 3
7013 0
7014 8
7015 22
7016 113
7017 112
7018 127
7019 206
7020 165
7021 116
7022 141
7023 140
7024 130
7025 134
7026 154
7027 127
7028 78
7029 9
7030 6
7031 5
7032 6
7033 8
7034 3
7035 2
7036 8
7037 0
7038 7
7039 12
7040 98
7041 72
7042 102
7043 113
7044 120
7045 100
7046 101
7047 112
7048 123
7049 129
7050 108
7051 114
7052 71
7053 17
7054 13
7055 9
7056 6
7057 16
7058 3
7059 8
7060 1
7061 1
7062 0
7063 5
7064 54
7065 57
7066 90
7067 84
7068 76
7069 94
7070 88
7071 101
7072 88
7073 95
7074 117
7075 83
7076 62
7077 18
7078 7
7079 7
7080 8
7081 22
7082 8
7083 3
7084 7
7085 4
7086 7
7087 7
7088 43
7089 44
7090 65
7091 71
7092 74
7093 52
7094 69
7095 64
7096 67
7097 67
7098 79
7099 45
7100 7
7101 3
7102 11
7103 7
7104 7
7105 6
7106 1
7107 3
7108 1
7109 0
7110 5
7111 6
7112 63
7113 63
7114 116
7115 130
7116 129
7117 129
7118 102
7119 102
7120 117
7121 145
7122 102
7123 108
7124 54
7125 21
7126 7
7127 7
7128 2
7129 4
7130 4
7131 1
7132 1
7133 0
7134 6
7135 6
7136 82
7137 75
7138 127
7139 120
7140 140
7141 113
7142 98
7143 124
7144 125
7145 141
7146 146
7147 133
7148 84
7149 18
7150 9
7151 10
7152 9
7153 7
7154 4
7155 1
7156 1
7157 1
7158 13
7159 27
7160 113
7161 79
7162 109
7163 127
7164 118
7165 113
7166 122
7167 153
7168 145
7169 147
7170 150
7171 157
7172 73
7173 22
7174 14
7175 10
7176 15
7177 14
7178 3
7179 4
7180 4
7181 2
7182 8
7183 13
7184 77
7185 71
7186 105
7187 141
7188 129
7189 119
7190 144
7191 142
7192 130
7193 153
7194 141
7195 127
7196 63
7197 14
7198 9
7199 7
7200 7
7201 17
7202 2
7203 4
7204 4
7205 5
7206 3
7207 9
7208 70
7209 65
7210 109
7211 156
7212 154
7213 148
7214 147
7215 140
7216 140
7217 159
7218 121
7219 124
7220 66
7221 14
7222 20
7223 7
7224 8
7225 17
7226 6
7227 2
7228 8
7229 3
7230 3
7231 5
7232 48
7233 78
7234 124
7235 135
7236 138
7237 118
7238 130
7239 131
7240 128
7241 113
7242 126
7243 121
7244 67
7245 28
7246 25
7247 18
7248 6
7249 19
7250 12
7251 6
7252 12
7253 10
7254 7
7255 2
7256 54
7257 53
7258 67
7259 110
7260 91
7261 97
7262 89
7263 85
7264 95
7265 110
7266 94
7267 40
7268 10
7269 16
7270 16
7271 4
7272 10
7273 13
7274 6
7275 6
7276 4
7277 2
7278 4
7279 13
7280 67
7281 66
7282 109
7283 130
7284 127
7285 109
7286 131
7287 143
7288 136
7289 175
7290 155
7291 140
7292 86
7293 28
7294 18
7295 8
7296 6
7297 20
7298 4
7299 6
7300 2
7301 4
7302 8
7303 11
7304 52
7305 67
7306 67
7307 78
7308 55
7309 43
7310 38
7311 57
7312 69
7313 67
7314 70
7315 69
7316 43
7317 11
7318 9
7319 11
7320 4
7321 11
7322 4
7323 6
7324 1
7325 1
7326 4
7327 6
7328 67
7329 66
7330 116
7331 135
7332 118
7333 119
7334 111
7335 123
7336 114
7337 130
7338 137
7339 151
7340 84
7341 23
7342 19
7343 15
7344 9
7345 11
7346 3
7347 1
7348 2
7349 2
7350 2
7351 13
7352 87
7353 79
7354 112
7355 172
7356 136
7357 128
7358 112
7359 144
7360 141
7361 162
7362 160
7363 125
7364 55
7365 20
7366 15
7367 18
7368 6
7369 15
7370 6
7371 4
7372 5
7373 2
7374 6
7375 12
7376 63
7377 79
7378 134
7379 144
7380 146
7381 120
7382 147
7383 150
7384 133
7385 167
7386 145
7387 103
7388 69
7389 25
7390 13
7391 11
7392 6
7393 21
7394 11
7395 18
7396 5
7397 3
7398 4
7399 4
7400 55
7401 75
7402 96
7403 128
7404 103
7405 135
7406 116
7407 135
7408 119
7409 109
7410 121
7411 120
7412 63
7413 27
7414 11
7415 11
7416 17
7417 18
7418 6
7419 3
7420 5
7421 9
7422 7
7423 6
7424 47
7425 47
7426 72
7427 104
7428 115
7429 98
7430 104
7431 109
7432 104
7433 98
7434 87
7435 53
7436 16
7437 6
7438 12
7439 11
7440 11
7441 14
7442 2
7443 3
7444 2
7445 2
7446 3
7447 13
7448 70
7449 63
7450 130
7451 148
7452 133
7453 139
7454 130
7455 158
7456 139
7457 129
7458 140
7459 135
7460 83
7461 10
7462 13
7463 9
7464 8
7465 10
7466 2
7467 3
7468 3
7469 2
7470 1
7471 13
7472 70
7473 86
7474 98
7475 154
7476 153
7477 139
7478 131
7479 137
7480 143
7481 126
7482 114
7483 136
7484 83
7485 18
7486 9
7487 6
7488 2
7489 8
7490 4
7491 2
7492 1
7493 1
7494 5
7495 5
7496 66
7497 74
7498 113
7499 144
7500 123
7501 123
7502 133
7503 131
7504 156
7505 132
7506 119
7507 144
7508 83
7509 17
7510 12
7511 8
7512 4
7513 11
7514 2
7515 6
7516 3
7517 0
7518 5
7519 10
7520 74
7521 82
7522 136
7523 141
7524 165
7525 127
7526 126
7527 134
7528 128
7529 114
7530 134
7531 104
7532 64
7533 13
7534 11
7535 14
7536 11
7537 12
7538 3
7539 4
7540 6
7541 1
7542 3
7543 9
7544 79
7545 78
7546 110
7547 162
7548 155
7549 155
7550 128
7551 134
7552 152
7553 147
7554 145
7555 136
7556 65
7557 17
7558 5
7559 14
7560 4
7561 14
7562 5
7563 4
7564 5
7565 6
7566 5
7567 6
7568 64
7569 64
7570 94
7571 129
7572 128
7573 124
7574 118
7575 113
7576 107
7577 140
7578 110
7579 126
7580 71
7581 13
7582 7
7583 8
7584 15
7585 21
7586 5
7587 2
7588 8
7589 6
7590 4
7591 4
7592 52
7593 51
7594 73
7595 123
7596 107
7597 107
7598 86
7599 78
7600 107
7601 106
7602 91
7603 42
7604 7
7605 10
7606 15
7607 6
7608 6
7609 11
7610 3
7611 2
7612 4
7613 2
7614 5
7615 7
7616 78
7617 81
7618 111
7619 136
7620 162
7621 136
7622 118
7623 125
7624 152
7625 120
7626 119
7627 128
7628 67
7629 14
7630 10
7631 5
7632 6
7633 11
7634 3
7635 0
7636 1
7637 2
7638 3
7639 7
7640 75
7641 73
7642 116
7643 124
7644 147
7645 119
7646 125
7647 161
7648 164
7649 155
7650 110
7651 113
7652 56
7653 17
7654 13
7655 5
7656 4
7657 11
7658 5
7659 1
7660 3
7661 1
7662 4
7663 4
7664 82
7665 68
7666 120
7667 135
7668 142
7669 134
7670 127
7671 150
7672 144
7673 121
7674 122
7675 101
7676 86
7677 22
7678 10
7679 5
7680 4
7681 13
7682 8
7683 2
7684 4
7685 4
7686 1
7687 4
7688 97
7689 84
7690 101
7691 165
7692 155
7693 141
7694 120
7695 146
7696 131
7697 118
7698 114
7699 137
7700 80
7701 15
7702 11
7703 15
7704 6
7705 11
7706 3
7707 5
7708 0
7709 2
7710 11
7711 7
7712 75
7713 74
7714 122
7715 163
7716 192
7717 156
7718 134
7719 128
7720 155
7721 132
7722 121
7723 113
7724 53
7725 13
7726 8
7727 8
7728 6
7729 9
7730 5
7731 2
7732 9
7733 7
7734 2
7735 7
7736 68
7737 55
7738 94
7739 124
7740 127
7741 112
7742 108
7743 122
7744 123
7745 134
7746 117
7747 99
7748 56
7749 17
7750 9
7751 6
7752 14
7753 23
7754 3
7755 6
7756 5
7757 5
7758 5
7759 4
7760 66
7761 56
7762 83
7763 110
7764 104
7765 89
7766 104
7767 83
7768 103
7769 96
7770 96
7771 33
7772 6
7773 8
7774 10
7775 8
7776 13
7777 10
7778 1
7779 0
7780 2
7781 0
7782 2
7783 10
7784 81
7785 77
7786 129
7787 144
7788 161
7789 122
7790 121
7791 146
7792 155
7793 131
7794 104
7795 144
7796 75
7797 17
7798 8
7799 9
7800 4
7801 9
7802 1
7803 2
7804 2
7805 0
7806 2
7807 13
7808 82
7809 83
7810 141
7811 137
7812 159
7813 151
7814 152
7815 130
7816 149
7817 124
7818 118
7819 112
7820 74
7821 14
7822 12
7823 15
7824 9
7825 9
7826 3
7827 4
7828 2
7829 0
7830 4
7831 10
7832 67
7833 71
7834 131
7835 145
7836 179
7837 115
7838 128
7839 122
7840 108
7841 124
7842 110
7843 114
7844 69
7845 16
7846 10
7847 11
7848 5
7849 13
7850 3
7851 7
7852 2
7853 3
7854 3
7855 7
7856 75
7857 67
7858 116
7859 137
7860 147
7861 115
7862 128
7863 161
7864 125
7865 125
7866 111
7867 110
7868 63
7869 13
7870 8
7871 7
7872 8
7873 11
7874 2
7875 1
7876 6
7877 3
7878 2
7879 6
7880 81
7881 94
7882 126
7883 168
7884 147
7885 150
7886 121
7887 135
7888 150
7889 98
7890 101
7891 139
7892 64
7893 14
7894 16
7895 15
7896 10
7897 15
7898 7
7899 5
7900 7
7901 5
7902 7
7903 3
7904 57
7905 81
7906 112
7907 120
7908 117
7909 123
7910 107
7911 107
7912 121
7913 143
7914 136
7915 111
7916 69
7917 13
7918 4
7919 13
7920 9
7921 28
7922 7
7923 9
7924 6
7925 1
7926 4
7927 2
7928 74
7929 53
7930 81
7931 103
7932 94
7933 79
7934 96
7935 85
7936 90
7937 99
7938 97
7939 36
7940 10
7941 17
7942 14
7943 14
7944 8
7945 10
7946 2
7947 2
7948 3
7949 1
7950 4
7951 6
7952 82
7953 74
7954 140
7955 150
7956 129
7957 138
7958 115
7959 129
7960 133
7961 112
7962 109
7963 131
7964 48
7965 21
7966 10
7967 9
7968 3
7969 7
7970 6
7971 0
7972 2
7973 0
7974 1
7975 9
7976 75
7977 91
7978 144
7979 177
7980 182
7981 146
7982 133
7983 126
7984 146
7985 152
7986 129
7987 111
7988 59
7989 23
7990 18
7991 12
7992 6
7993 10
7994 4
7995 3
7996 3
7997 0
7998 2
7999 5
8000 82
8001 70
8002 127
8003 121
8004 136
8005 122
8006 119
8007 140
8008 131
8009 131
8010 96
8011 125
8012 64
8013 17
8014 10
8015 16
8016 8
8017 8
8018 2
8019 3
8020 2
8021 3
8022 2
8023 10
8024 81
8025 87
8026 93
8027 144
8028 107
8029 118
8030 117
8031 131
8032 137
8033 121
8034 97
8035 116
8036 67
8037 15
8038 10
8039 6
8040 7
8041 11
8042 3
8043 4
8044 2
8045 3
8046 5
8047 9
8048 82
8049 77
8050 85
8051 166
8052 162
8053 119
8054 147
8055 142
8056 132
8057 114
8058 99
8059 99
8060 66
8061 15
8062 9
8063 15
8064 7
8065 18
8066 4
8067 9
8068 8
8069 10
8070 3
8071 6
8072 63
8073 73
8074 133
8075 125
8076 135
8077 119
8078 114
8079 111
8080 106
8081 146
8082 125
8083 90
8084 64
8085 10
8086 10
8087 4
8088 7
8089 15
8090 11
8091 6
8092 6
8093 6
8094 1
8095 4
8096 51
8097 45
8098 79
8099 110
8100 78
8101 83
8102 85
8103 97
8104 83
8105 109
8106 105
8107 50
8108 14
8109 13
8110 6
8111 5
8112 4
8113 12
8114 4
8115 2
8116 1
8117 0
8118 2
8119 8
8120 64
8121 97
8122 122
8123 147
8124 140
8125 133
8126 132
8127 143
8128 163
8129 146
8130 116
8131 131
8132 74
8133 20
8134 9
8135 8
8136 8
8137 12
8138 3
8139 2
8140 1
8141 1
8142 2
8143 6
8144 81
8145 69
8146 114
8147 130
8148 126
8149 111
8150 133
8151 137
8152 168
8153 134
8154 112
8155 139
8156 71
8157 22
8158 13
8159 13
8160 3
8161 12
8162 3
8163 1
8164 2
8165 1
8166 2
8167 7
8168 78
8169 70
8170 121
8171 136
8172 134
8173 116
8174 107
8175 143
8176 143
8177 118
8178 114
8179 122
8180 72
8181 26
8182 14
8183 4
8184 5
8185 13
8186 1
8187 2
8188 3
8189 2
8190 4
8191 10
8192 73
8193 122
8194 121
8195 159
8196 115
8197 135
8198 119
8199 142
8200 138
8201 113
8202 103
8203 119
8204 68
8205 21
8206 8
8207 10
8208 10
8209 11
8210 3
8211 5
8212 7
8213 4
8214 8
8215 9
8216 69
8217 101
8218 126
8219 150
8220 130
8221 132
8222 110
8223 157
8224 135
8225 142
8226 123
8227 122
8228 60
8229 13
8230 10
8231 7
8232 5
8233 13
8234 4
8235 4
8236 5
8237 3
8238 9
8239 4
8240 79
8241 101
8242 115
8243 159
8244 150
8245 142
8246 137
8247 122
8248 134
8249 124
8250 148
8251 103
8252 59
8253 16
8254 4
8255 15
8256 13
8257 20
8258 15
8259 8
8260 8
8261 3
8262 9
8263 9
8264 57
8265 77
8266 78
8267 117
8268 118
8269 87
8270 96
8271 95
8272 97
8273 103
8274 92
8275 44
8276 9
8277 7
8278 9
8279 8
8280 7
8281 8
8282 4
8283 2
8284 1
8285 1
8286 7
8287 8
8288 72
8289 89
8290 148
8291 147
8292 143
8293 136
8294 108
8295 127
8296 121
8297 125
8298 104
8299 94
8300 71
8301 18
8302 6
8303 14
8304 4
8305 11
8306 3
8307 4
8308 2
8309 1
8310 3
8311 7
8312 95
8313 81
8314 102
8315 137
8316 145
8317 130
8318 123
8319 147
8320 145
8321 126
8322 101
8323 109
8324 76
8325 15
8326 4
8327 15
8328 9
8329 11
8330 1
8331 3
8332 2
8333 2
8334 2
8335 2
8336 95
8337 83
8338 120
8339 158
8340 150
8341 129
8342 111
8343 133
8344 141
8345 126
8346 99
8347 107
8348 54
8349 13
8350 8
8351 11
8352 6
8353 10
8354 3
8355 2
8356 8
8357 0
8358 6
8359 10
8360 67
8361 62
8362 104
8363 146
8364 130
8365 133
8366 124
8367 112
8368 138
8369 108
8370 90
8371 95
8372 54
8373 14
8374 6
8375 6
8376 8
8377 18
8378 6
8379 4
8380 2
8381 2
8382 5
8383 10
8384 74
8385 64
8386 119
8387 134
8388 155
8389 156
8390 152
8391 144
8392 136
8393 118
8394 109
8395 109
8396 59
8397 16
8398 12
8399 9
8400 11
8401 18
8402 7
8403 3
8404 6
8405 3
8406 9
8407 5
8408 73
8409 67
8410 104
8411 127
8412 133
8413 147
8414 136
8415 100
8416 132
8417 123
8418 141
8419 112
8420 70
8421 9
8422 4
8423 8
8424 15
8425 15
8426 5
8427 1
8428 6
8429 3
8430 6
8431 4
8432 69
8433 61
8434 89
8435 87
8436 81
8437 99
8438 93
8439 97
8440 99
8441 99
8442 101
8443 38
8444 8
8445 12
8446 13
8447 14
8448 6
8449 9
8450 4
8451 1
8452 3
8453 1
8454 7
8455 7
8456 84
8457 69
8458 120
8459 145
8460 143
8461 149
8462 130
8463 143
8464 126
8465 121
8466 94
8467 100
8468 58
8469 18
8470 9
8471 6
8472 12
8473 14
8474 7
8475 2
8476 1
8477 0
8478 2
8479 3
8480 90
8481 84
8482 143
8483 159
8484 154
8485 138
8486 117
8487 162
8488 135
8489 144
8490 107
8491 130
8492 44
8493 28
8494 9
8495 15
8496 15
8497 12
8498 4
8499 3
8500 3
8501 2
8502 5
8503 8
8504 64
8505 72
8506 135
8507 147
8508 147
8509 156
8510 155
8511 126
8512 140
8513 116
8514 118
8515 144
8516 46
8517 25
8518 5
8519 10
8520 8
8521 9
8522 6
8523 5
8524 2
8525 3
8526 2
8527 5
8528 80
8529 78
8530 123
8531 152
8532 150
8533 111
8534 113
8535 139
8536 131
8537 128
8538 115
8539 106
8540 49
8541 15
8542 7
8543 10
8544 9
8545 12
8546 6
8547 10
8548 10
8549 4
8550 4
8551 8
8552 66
8553 92
8554 147
8555 147
8556 151
8557 133
8558 135
8559 155
8560 132
8561 126
8562 113
8563 123
8564 68
8565 25
8566 4
8567 10
8568 10
8569 23
8570 12
8571 10
8572 8
8573 3
8574 2
8575 2
8576 75
8577 79
8578 98
8579 128
8580 138
8581 143
8582 130
8583 133
8584 119
8585 131
8586 143
8587 120
8588 77
8589 22
8590 11
8591 9
8592 7
8593 12
8594 11
8595 7
8596 8
8597 4
8598 6
8599 5
8600 41
8601 47
8602 59
8603 64
8604 77
8605 77
8606 67
8607 73
8608 101
8609 80
8610 78
8611 34
8612 8
8613 7
8614 9
8615 7
8616 5
8617 11
8618 3
8619 3
8620 2
8621 8
8622 6
8623 3
8624 99
8625 53
8626 54
8627 60
8628 41
8629 45
8630 50
8631 52
8632 61
8633 45
8634 62
8635 65
8636 52
8637 19
8638 8
8639 10
8640 11
8641 19
8642 7
8643 6
8644 6
8645 3
8646 1
8647 3
8648 53
8649 76
8650 130
8651 76
8652 78
8653 52
8654 71
8655 75
8656 74
8657 60
8658 78
8659 88
8660 64
8661 14
8662 9
8663 4
8664 2
8665 9
8666 4
8667 3
8668 2
8669 3
8670 3
8671 3
8672 55
8673 68
8674 103
8675 129
8676 145
8677 96
8678 96
8679 119
8680 114
8681 110
8682 129
8683 119
8684 62
8685 23
8686 6
8687 9
8688 7
8689 13
8690 6
8691 5
8692 0
8693 1
8694 3
8695 5
8696 53
8697 58
8698 103
8699 140
8700 113
8701 117
8702 107
8703 121
8704 115
8705 137
8706 121
8707 113
8708 77
8709 34
8710 8
8711 7
8712 11
8713 9
8714 8
8715 3
8716 1
8717 0
8718 2
8719 7
8720 65
8721 90
8722 134
8723 154
8724 168
8725 122
8726 132
8727 150
8728 136
8729 117
8730 122
8731 140
8732 52
8733 25
8734 6
8735 15
8736 5
8737 12
8738 4
8739 10
8740 8
8741 4
8742 1
8743 3
8744 65
8745 54
8746 96
8747 129
8748 117
8749 144
8750 137
8751 126
8752 124
8753 139
8754 111
8755 109
8756 57
8757 13
8758 9
8759 4
8760 5
