1 0.46
2 0.33
3 3.22
4 6.99
5 1.86
6 3.81
7 23.84
8 0.49
9 7.03
10 1.87
11 2.12
12 2.94
13 1.75
14 1.49
15 2.16
16 1.81
17 1.95
18 2.56
19 4.70
20 2.33
21 0.77
22 18.00
23 1.74
24 14.48
25 0.59
26 6.98
27 0.00
28 1.13
29 0.00
30 8.96
31 22.64
32 0.28
33 1.50
34 1.71
35 1.29
36 1.41
37 1.44
38 1.66
39 1.62
40 1.78
41 2.04
42 2.45
43 2.56
44 6.62
45 16.10
46 27.62
47 8.27
48 3.18
49 0.75
50 10.47
51 17.88
52 12.59
53 18.27
54 3.85
55 10.99
56 0.85
57 3.36
58 2.95
59 2.80
60 2.75
61 2.64
62 2.19
63 3.04
64 2.80
65 3.22
66 3.78
67 3.05
68 5.89
69 2.54
70 2.65
71 9.66
72 8.92
73 4.13
74 1.52
75 0.72
76 4.49
77 16.78
78 0.88
79 1.16
80 1.01
81 5.42
82 4.01
83 2.53
84 2.57
85 2.44
86 2.27
87 2.43
88 3.24
89 3.36
90 2.99
91 3.24
92 5.17
93 4.49
94 2.67
95 23.10
96 4.29
97 2.21
98 4.72
99 0.00
100 0.00
101 19.46
102 2.19
103 12.22
104 0.91
105 3.61
106 3.40
107 2.34
108 2.70
109 2.58
110 2.22
111 2.93
112 3.05
113 2.96
114 3.50
115 3.49
116 5.56
117 5.64
118 52.17
119 23.14
120 17.20
121 0.99
122 3.83
123 5.05
124 0.00
125 13.09
126 0.97
127 9.27
128 0.92
129 4.98
130 3.06
131 2.57
132 2.83
133 2.92
134 2.65
135 2.43
136 2.32
137 3.10
138 3.13
139 2.88
140 3.63
141 1.54
142 2.16
143 2.43
144 5.21
145 0.57
146 8.41
147 4.27
148 5.14
149 7.54
150 6.55
151 6.32
152 0.42
153 3.57
154 3.34
155 2.16
156 2.91
157 2.74
158 2.49
159 2.95
160 3.11
161 2.45
162 2.71
163 2.90
164 4.42
165 5.22
166 1.13
167 1.79
168 2.74
169 0.67
170 38.71
171 1.67
172 8.77
173 14.12
174 1.58
175 7.86
176 0.48
177 5.44
178 1.29
179 1.66
180 1.49
181 1.78
182 2.13
183 2.05
184 1.80
185 1.86
186 2.20
187 7.25
188 2.48
189 4.74
190 1.28
191 1.95
192 21.05
193 0.98
194 3.85
195 1.87
196 0.00
197 10.99
198 1.04
199 5.47
200 0.74
201 6.47
202 3.91
203 2.63
204 2.95
205 3.02
206 2.84
207 3.21
208 2.93
209 3.65
210 3.34
211 3.69
212 4.98
213 5.67
214 7.54
215 19.07
216 15.69
217 2.81
218 0.66
219 0.00
220 0.00
221 12.74
222 1.19
223 2.80
224 0.94
225 4.26
226 2.61
227 2.35
228 2.18
229 3.01
230 2.90
231 2.87
232 2.67
233 3.04
234 3.36
235 3.51
236 6.72
237 4.03
238 1.55
239 3.34
240 14.43
241 2.45
242 1.81
243 3.06
244 16.48
245 39.13
246 10.92
247 9.72
248 0.92
249 4.97
250 2.71
251 2.40
252 2.54
253 2.79
254 2.63
255 3.15
256 2.72
257 3.00
258 3.32
259 2.56
260 3.68
261 8.53
262 16.85
263 2.19
264 38.03
265 1.13
266 0.00
267 0.00
268 22.22
269 11.73
270 2.96
271 9.15
272 0.82
273 2.70
274 2.15
275 2.23
276 2.10
277 2.36
278 2.73
279 2.54
280 3.34
281 3.02
282 3.27
283 2.24
284 5.63
285 2.51
286 1.32
287 6.72
288 10.98
289 1.73
290 7.21
291 33.64
292 53.73
293 4.73
294 2.24
295 15.61
296 0.89
297 5.02
298 2.25
299 1.79
300 2.32
301 2.79
302 2.23
303 2.55
304 2.80
305 3.21
306 3.13
307 2.37
308 3.37
309 1.47
310 2.30
311 1.73
312 2.88
313 0.72
314 6.86
315 0.00
316 3.65
317 22.36
318 15.42
319 5.81
320 0.50
321 4.41
322 2.58
323 2.26
324 2.07
325 2.57
326 2.48
327 2.49
328 2.31
329 2.80
330 2.34
331 2.57
332 2.64
333 8.72
334 1.41
335 1.39
336 6.60
337 0.89
338 3.24
339 50.88
340 6.10
341 16.56
342 12.93
343 6.14
344 0.32
345 3.03
346 2.08
347 1.16
348 1.54
349 1.52
350 1.68
351 1.66
352 2.12
353 2.12
354 2.00
355 4.34
356 2.20
357 0.77
358 1.91
359 6.82
360 12.44
361 5.25
362 4.12
363 16.90
364 15.55
365 14.54
366 1.76
367 7.46
368 0.91
369 4.48
370 2.92
371 1.94
372 2.42
373 3.13
374 2.62
375 2.67
376 3.18
377 3.07
378 3.11
379 2.93
380 2.74
381 7.34
382 19.76
383 0.53
384 14.59
385 2.66
386 6.56
387 0.00
388 12.48
389 8.35
390 1.11
391 6.04
392 0.70
393 3.77
394 1.99
395 2.48
396 3.31
397 2.58
398 2.24
399 2.71
400 2.57
401 3.00
402 3.19
403 2.95
404 3.60
405 6.32
406 2.41
407 1.28
408 8.81
409 4.34
410 6.83
411 56.25
412 16.59
413 3.05
414 2.31
415 9.94
416 0.57
417 4.62
418 2.46
419 1.96
420 2.31
421 2.18
422 2.80
423 2.30
424 2.64
425 2.64
426 3.06
427 2.37
428 4.47
429 2.29
430 11.76
431 17.01
432 1.92
433 3.96
434 5.52
435 41.38
436 27.27
437 5.00
438 3.26
439 7.01
440 0.67
441 2.48
442 2.06
443 2.51
444 2.54
445 2.71
446 2.40
447 2.96
448 3.47
449 2.54
450 3.04
451 2.58
452 3.12
453 5.45
454 3.45
455 3.53
456 4.71
457 3.00
458 5.84
459 5.14
460 2.87
461 7.56
462 1.91
463 2.54
464 0.89
465 3.23
466 2.50
467 1.99
468 2.81
469 2.57
470 2.50
471 2.91
472 3.13
473 2.71
474 2.57
475 2.59
476 3.96
477 5.38
478 2.78
479 5.28
480 10.35
481 1.83
482 3.45
483 7.17
484 4.97
485 5.74
486 7.25
487 5.26
488 0.56
489 2.65
490 3.38
491 2.49
492 2.39
493 2.46
494 2.67
495 2.95
496 2.59
497 2.76
498 2.63
499 2.66
500 4.74
501 3.95
502 20.34
503 2.84
504 8.99
505 0.94
506 7.05
507 9.60
508 2.89
509 24.16
510 16.54
511 26.97
512 0.62
513 3.30
514 1.53
515 1.82
516 2.30
517 1.59
518 1.90
519 2.20
520 2.24
521 2.32
522 2.25
523 3.70
524 12.95
525 8.41
526 18.00
527 33.11
528 20.55
529 8.18
530 11.57
531 8.91
532 7.42
533 21.54
534 10.40
535 10.21
536 0.68
537 3.08
538 2.87
539 2.37
540 2.84
541 2.91
542 2.69
543 2.71
544 3.27
545 3.18
546 3.61
547 2.97
548 5.79
549 20.26
550 18.89
551 10.57
552 21.21
553 4.43
554 15.99
555 14.02
556 17.15
557 24.98
558 4.61
559 26.11
560 0.73
561 4.69
562 2.56
563 2.10
564 2.62
565 3.31
566 2.62
567 2.92
568 3.10
569 3.40
570 3.48
571 2.74
572 5.29
573 10.98
574 16.63
575 5.01
576 16.65
577 15.34
578 13.72
579 23.29
580 22.77
581 14.91
582 6.52
583 11.75
584 0.73
585 3.66
586 2.69
587 2.31
588 2.66
589 2.25
590 2.53
591 2.75
592 2.74
593 2.67
594 2.74
595 3.10
596 4.55
597 7.76
598 13.96
599 6.78
600 13.85
601 5.18
602 13.69
603 23.48
604 25.44
605 21.93
606 19.84
607 2.30
608 0.27
609 0.73
610 1.31
611 0.72
612 1.96
613 1.22
614 1.14
615 1.50
616 1.95
617 1.49
618 1.23
619 1.96
620 1.68
621 1.91
622 9.45
623 9.81
624 5.44
625 0.56
626 1.75
627 17.22
628 12.60
629 3.35
630 2.27
631 3.06
632 0.73
633 3.73
634 2.61
635 1.85
636 1.89
637 2.46
638 2.12
639 2.37
640 2.29
641 2.87
642 2.26
643 2.18
644 4.18
645 3.34
646 20.75
647 1.09
648 12.46
649 0.35
650 10.66
651 9.78
652 22.43
653 17.44
654 8.58
655 35.91
656 0.36
657 2.48
658 3.39
659 2.31
660 2.19
661 2.71
662 2.30
663 2.50
664 2.42
665 2.94
666 2.89
667 2.13
668 4.98
669 1.95
670 2.36
671 1.51
672 12.29
673 0.59
674 3.06
675 20.08
676 2.55
677 0.00
678 9.00
679 3.10
680 0.35
681 3.21
682 2.29
683 1.68
684 1.62
685 1.30
686 1.61
687 2.29
688 1.89
689 1.83
690 2.58
691 4.39
692 0.71
693 2.47
694 14.69
695 13.82
696 13.30
697 3.35
698 13.18
699 21.16
700 22.62
701 26.32
702 3.93
703 14.29
704 1.00
705 5.96
706 2.47
707 2.52
708 2.83
709 2.45
710 2.83
711 2.84
712 2.62
713 2.11
714 3.47
715 2.93
716 4.11
717 1.72
718 1.36
719 9.68
720 0.00
721 0.09
722 1.99
723 0.00
724 6.06
725 8.69
726 1.06
727 3.53
728 0.83
729 2.92
730 2.27
731 2.05
732 2.52
733 2.35
734 2.48
735 2.41
736 2.64
737 2.77
738 2.63
739 2.52
740 3.58
741 17.01
742 7.01
743 25.28
744 23.80
745 0.67
746 11.77
747 3.29
748 27.55
749 11.67
750 8.51
751 12.75
752 0.90
753 5.50
754 2.77
755 2.49
756 3.16
757 2.27
758 2.52
759 2.96
760 2.69
761 2.66
762 3.19
763 3.43
764 4.86
765 4.92
766 17.61
767 24.63
768 16.81
769 0.64
770 5.49
771 6.28
772 20.63
773 7.25
774 16.98
775 8.16
776 0.80
777 3.48
778 2.21
779 2.09
780 2.27
781 1.95
782 2.62
783 2.33
784 2.48
785 2.95
786 3.10
787 2.57
788 3.94
789 2.33
790 7.37
791 6.06
792 3.41
793 0.12
794 5.14
795 0.00
796 3.85
797 5.73
798 17.68
799 17.57
800 0.85
801 4.74
802 2.08
803 2.49
804 2.70
805 2.72
806 3.03
807 3.43
808 2.80
809 2.54
810 2.75
811 3.82
812 7.60
813 3.12
814 2.96
815 5.10
816 11.00
817 0.44
818 6.59
819 7.24
820 4.95
821 6.72
822 17.98
823 1.61
824 0.50
825 1.79
826 2.45
827 2.24
828 2.64
829 2.23
830 2.49
831 2.50
832 2.57
833 2.39
834 1.96
835 2.90
836 5.65
837 2.85
838 1.37
839 6.71
840 3.57
841 0.21
842 8.13
843 4.94
844 4.76
845 4.05
846 0.88
847 10.59
848 0.34
849 2.06
850 1.47
851 1.82
852 1.63
853 2.03
854 1.50
855 1.53
856 1.50
857 1.76
858 2.40
859 4.84
860 1.51
861 9.62
862 5.01
863 4.63
864 0.00
865 0.18
866 2.47
867 12.20
868 12.90
869 10.44
870 7.24
871 5.84
872 0.67
873 2.74
874 1.80
875 2.21
876 2.23
877 2.57
878 1.80
879 2.91
880 2.64
881 2.22
882 2.54
883 1.92
884 2.14
885 0.81
886 6.29
887 6.62
888 0.00
889 0.08
890 7.81
891 0.00
892 15.56
893 11.93
894 12.71
895 4.01
896 0.63
897 2.83
898 1.39
899 2.00
900 2.39
901 2.45
902 2.24
903 2.52
904 2.29
905 2.83
906 2.51
907 2.70
908 3.17
909 7.01
910 26.68
911 10.62
912 19.08
913 0.53
914 7.85
915 5.70
916 12.48
917 8.23
918 11.10
919 7.52
920 0.84
921 3.28
922 2.92
923 2.13
924 2.52
925 2.61
926 2.33
927 2.58
928 2.71
929 3.00
930 3.70
931 2.73
932 5.29
933 3.76
934 18.51
935 33.85
936 14.07
937 0.79
938 2.83
939 17.34
940 12.49
941 14.71
942 18.29
943 1.23
944 0.76
945 3.51
946 2.28
947 2.55
948 2.31
949 2.21
950 2.50
951 2.43
952 2.24
953 2.16
954 2.39
955 2.41
956 3.45
957 1.86
958 8.84
959 37.05
960 16.50
961 0.51
962 6.87
963 10.84
964 10.34
965 25.10
966 13.41
967 11.69
968 1.04
969 3.06
970 1.92
971 1.92
972 1.96
973 2.92
974 2.68
975 2.78
976 2.63
977 2.77
978 2.55
979 2.66
980 3.36
981 6.05
982 13.06
983 3.98
984 7.66
985 0.44
986 10.57
987 11.77
988 1.36
989 14.18
990 1.48
991 5.39
992 0.61
993 3.55
994 2.31
995 2.45
996 2.58
997 2.77
998 2.36
999 2.54
1000 2.75
1001 3.27
1002 2.68
1003 2.25
1004 4.23
1005 4.57
1006 6.93
1007 5.02
1008 9.79
1009 0.68
1010 10.13
1011 13.62
1012 6.71
1013 9.59
1014 11.91
1015 12.97
1016 0.42
1017 4.01
1018 2.75
1019 1.86
1020 2.01
1021 1.92
1022 1.79
1023 2.23
1024 2.10
1025 1.83
1026 2.70
1027 7.69
1028 3.62
1029 21.36
1030 7.24
1031 9.10
1032 13.74
1033 0.64
1034 7.22
1035 19.57
1036 11.14
1037 17.48
1038 15.77
1039 5.65
1040 0.90
1041 3.87
1042 3.20
1043 2.96
1044 2.78
1045 2.77
1046 2.86
1047 3.19
1048 2.93
1049 3.45
1050 3.99
1051 3.63
1052 5.16
1053 5.70
1054 17.53
1055 4.05
1056 15.44
1057 0.59
1058 3.71
1059 12.67
1060 15.76
1061 12.57
1062 12.62
1063 7.77
1064 0.79
1065 4.15
1066 4.71
1067 3.12
1068 2.97
1069 2.94
1070 2.25
1071 3.07
1072 2.47
1073 3.43
1074 3.22
1075 2.61
1076 6.00
1077 3.71
1078 3.73
1079 17.19
1080 22.45
1081 0.26
1082 15.16
1083 6.17
1084 2.94
1085 10.50
1086 8.22
1087 10.79
1088 1.28
1089 2.75
1090 2.96
1091 2.74
1092 2.82
1093 3.34
1094 2.75
1095 3.21
1096 3.59
1097 3.15
1098 3.09
1099 3.64
1100 4.89
1101 4.13
1102 5.88
1103 4.11
1104 11.23
1105 0.39
1106 0.00
1107 0.38
1108 0.00
1109 4.95
1110 9.91
1111 3.68
1112 1.02
1113 3.45
1114 2.71
1115 3.29
1116 2.36
1117 3.09
1118 3.27
1119 3.69
1120 3.72
1121 3.28
1122 2.95
1123 2.74
1124 4.54
1125 12.45
1126 3.02
1127 18.05
1128 20.79
1129 0.36
1130 3.26
1131 6.06
1132 8.37
1133 3.60
1134 1.63
1135 3.35
1136 1.13
1137 2.81
1138 2.40
1139 2.89
1140 2.82
1141 2.37
1142 3.54
1143 2.83
1144 2.84
1145 3.14
1146 3.33
1147 2.07
1148 5.93
1149 3.35
1150 3.53
1151 6.86
1152 5.79
1153 0.40
1154 8.90
1155 7.11
1156 16.62
1157 5.85
1158 10.56
1159 15.72
1160 0.53
1161 4.06
1162 3.10
1163 2.42
1164 3.31
1165 2.62
1166 2.65
1167 2.69
1168 2.39
1169 2.76
1170 3.59
1171 2.31
1172 4.59
1173 2.85
1174 4.24
1175 4.71
1176 4.25
1177 0.56
1178 9.17
1179 5.62
1180 9.46
1181 12.15
1182 1.56
1183 8.51
1184 0.78
1185 2.84
1186 1.69
1187 2.04
1188 2.30
1189 1.84
1190 2.24
1191 2.05
1192 2.20
1193 2.20
1194 2.13
1195 7.95
1196 4.59
1197 16.54
1198 5.91
1199 13.03
1200 3.87
1201 0.72
1202 10.47
1203 20.65
1204 13.94
1205 4.60
1206 5.69
1207 7.23
1208 0.94
1209 3.42
1210 2.93
1211 2.84
1212 2.83
1213 2.73
1214 2.51
1215 2.50
1216 3.12
1217 2.52
1218 3.30
1219 2.84
1220 4.59
1221 6.72
1222 5.23
1223 4.50
1224 6.56
1225 3.02
1226 1.08
1227 1.77
1228 15.06
1229 10.55
1230 14.51
1231 5.51
1232 0.88
1233 3.08
1234 2.83
1235 2.99
1236 3.20
1237 2.02
1238 3.40
1239 3.61
1240 3.32
1241 3.38
1242 3.33
1243 2.90
1244 3.97
1245 3.99
1246 6.79
1247 12.85
1248 8.74
1249 1.85
1250 11.91
1251 18.90
1252 17.35
1253 12.93
1254 16.74
1255 16.97
1256 0.87
1257 2.63
1258 3.01
1259 2.35
1260 2.14
1261 2.46
1262 3.22
1263 3.14
1264 2.59
1265 3.50
1266 3.61
1267 2.62
1268 5.11
1269 4.93
1270 18.60
1271 20.94
1272 18.66
1273 8.92
1274 1.08
1275 12.35
1276 4.21
1277 5.23
1278 18.57
1279 12.05
1280 1.03
1281 2.34
1282 2.52
1283 3.31
1284 3.16
1285 3.15
1286 2.65
1287 2.91
1288 3.61
1289 2.18
1290 4.14
1291 2.90
1292 3.05
1293 1.83
1294 2.80
1295 4.57
1296 16.33
1297 0.76
1298 7.16
1299 8.22
1300 10.27
1301 11.99
1302 9.88
1303 6.97
1304 0.83
1305 3.59
1306 2.66
1307 2.84
1308 2.76
1309 2.93
1310 2.39
1311 3.61
1312 3.95
1313 3.00
1314 3.48
1315 2.86
1316 4.38
1317 3.09
1318 7.51
1319 4.98
1320 17.12
1321 1.05
1322 21.69
1323 22.75
1324 2.45
1325 10.82
1326 6.59
1327 4.39
1328 0.78
1329 2.50
1330 3.70
1331 2.84
1332 2.29
1333 2.71
1334 3.01
1335 2.60
1336 3.32
1337 3.43
1338 2.84
1339 2.68
1340 4.44
1341 7.34
1342 3.82
1343 2.38
1344 10.47
1345 1.64
1346 2.10
1347 3.35
1348 18.60
1349 2.16
1350 0.31
1351 3.11
1352 0.42
1353 1.92
1354 2.36
1355 2.16
1356 2.26
1357 2.23
1358 2.08
1359 2.09
1360 2.20
1361 2.06
1362 2.32
1363 5.83
1364 5.24
1365 3.46
1366 6.64
1367 8.50
1368 9.77
1369 1.47
1370 4.08
1371 4.51
1372 4.88
1373 11.27
1374 6.12
1375 6.60
1376 0.86
1377 3.10
1378 3.46
1379 2.96
1380 2.84
1381 2.74
1382 3.03
1383 2.57
1384 3.23
1385 3.04
1386 3.10
1387 2.80
1388 5.02
1389 9.32
1390 2.62
1391 2.36
1392 27.34
1393 1.97
1394 0.00
1395 1.03
1396 0.00
1397 15.86
1398 4.06
1399 5.33
1400 0.83
1401 4.19
1402 2.76
1403 2.44
1404 2.13
1405 2.42
1406 2.89
1407 3.17
1408 2.87
1409 3.08
1410 2.67
1411 2.57
1412 4.80
1413 4.69
1414 2.07
1415 20.75
1416 4.18
1417 5.28
1418 3.25
1419 1.45
1420 5.81
1421 9.73
1422 2.06
1423 17.65
1424 1.00
1425 3.24
1426 3.11
1427 2.50
1428 2.47
1429 3.08
1430 2.60
1431 3.41
1432 2.54
1433 3.23
1434 2.82
1435 2.89
1436 5.01
1437 4.19
1438 6.43
1439 20.00
1440 3.62
1441 5.94
1442 2.44
1443 11.24
1444 1.00
1445 0.56
1446 4.47
1447 3.52
1448 0.71
1449 3.83
1450 2.53
1451 2.27
1452 2.49
1453 2.62
1454 2.74
1455 2.79
1456 3.34
1457 2.39
1458 2.76
1459 2.77
1460 4.03
1461 1.96
1462 2.65
1463 2.64
1464 10.25
1465 0.94
1466 2.78
1467 2.18
1468 0.47
1469 18.98
1470 2.65
1471 7.19
1472 0.79
1473 3.37
1474 2.84
1475 2.69
1476 2.85
1477 2.43
1478 2.64
1479 2.85
1480 3.21
1481 3.51
1482 3.17
1483 2.88
1484 6.09
1485 5.52
1486 3.65
1487 2.14
1488 3.99
1489 0.48
1490 0.18
1491 9.38
1492 9.57
1493 7.23
1494 18.00
1495 11.58
1496 0.47
1497 1.84
1498 2.10
1499 1.64
1500 2.30
1501 2.17
1502 2.17
1503 1.84
1504 1.71
1505 1.92
1506 2.43
1507 6.46
1508 1.44
1509 14.61
1510 2.81
1511 15.17
1512 9.51
1513 11.24
1514 4.47
1515 3.97
1516 6.77
1517 6.88
1518 15.96
1519 10.18
1520 1.12
1521 4.16
1522 3.44
1523 3.91
1524 3.16
1525 3.30
1526 3.37
1527 2.87
1528 3.84
1529 3.26
1530 3.63
1531 3.47
1532 4.10
1533 5.59
1534 3.14
1535 1.72
1536 11.01
1537 0.96
1538 0.00
1539 48.98
1540 6.51
1541 3.24
1542 15.23
1543 10.47
1544 1.25
1545 2.36
1546 2.97
1547 2.02
1548 2.64
1549 2.35
1550 2.59
1551 2.67
1552 3.16
1553 3.06
1554 3.28
1555 3.01
1556 4.09
1557 14.74
1558 19.27
1559 23.26
1560 4.03
1561 5.42
1562 8.84
1563 1.85
1564 5.55
1565 7.44
1566 2.35
1567 3.86
1568 2.15
1569 2.88
1570 2.63
1571 2.15
1572 3.18
1573 2.99
1574 2.42
1575 3.09
1576 2.55
1577 3.03
1578 3.11
1579 2.49
1580 4.54
1581 6.10
1582 8.45
1583 9.67
1584 4.37
1585 1.92
1586 0.00
1587 54.55
1588 1.91
1589 13.21
1590 6.72
1591 1.86
1592 1.33
1593 2.35
1594 2.52
1595 2.20
1596 2.57
1597 2.23
1598 2.48
1599 2.18
1600 2.98
1601 3.26
1602 2.95
1603 2.46
1604 3.92
1605 2.69
1606 2.94
1607 3.95
1608 10.73
1609 0.80
1610 9.97
1611 31.86
1612 14.26
1613 4.58
1614 6.20
1615 2.49
1616 1.30
1617 3.68
1618 2.80
1619 2.42
1620 2.57
1621 3.23
1622 3.28
1623 2.80
1624 2.35
1625 2.58
1626 2.40
1627 2.29
1628 2.62
1629 2.05
1630 2.17
1631 2.11
1632 19.28
1633 0.56
1634 2.26
1635 33.64
1636 17.76
1637 2.18
1638 6.09
1639 6.55
1640 0.70
1641 2.48
1642 2.04
1643 2.25
1644 2.20
1645 2.27
1646 2.81
1647 2.55
1648 2.86
1649 2.32
1650 2.34
1651 2.16
1652 2.74
1653 1.36
1654 2.01
1655 3.31
1656 1.37
1657 0.74
1658 6.16
1659 5.80
1660 8.10
1661 0.77
1662 4.52
1663 16.97
1664 0.66
1665 1.53
1666 1.81
1667 1.70
1668 1.52
1669 1.42
1670 1.66
1671 1.49
1672 1.35
1673 1.80
1674 1.67
1675 6.66
1676 1.11
1677 2.58
1678 1.97
1679 3.72
1680 9.94
1681 0.45
1682 0.79
1683 28.80
1684 0.00
1685 29.27
1686 0.00
1687 3.36
1688 0.23
1689 0.65
1690 0.62
1691 0.73
1692 1.54
1693 1.01
1694 1.32
1695 1.58
1696 1.90
1697 1.37
1698 1.34
1699 2.17
1700 3.40
1701 1.57
1702 0.72
1703 0.93
1704 9.07
1705 0.55
1706 13.28
1707 0.00
1708 8.53
1709 4.58
1710 2.03
1711 9.95
1712 1.59
1713 3.50
1714 2.52
1715 2.42
1716 2.64
1717 2.45
1718 2.59
1719 2.69
1720 2.70
1721 2.55
1722 2.34
1723 2.40
1724 4.19
1725 4.19
1726 8.98
1727 26.41
1728 5.27
1729 0.91
1730 3.70
1731 0.00
1732 9.37
1733 0.00
1734 7.71
1735 1.95
1736 1.13
1737 3.65
1738 2.54
1739 2.62
1740 2.54
1741 2.45
1742 2.64
1743 2.92
1744 3.14
1745 3.06
1746 2.51
1747 2.50
1748 2.89
1749 6.00
1750 2.63
1751 6.85
1752 6.78
1753 2.58
1754 12.79
1755 0.00
1756 14.75
1757 2.25
1758 2.74
1759 4.72
1760 1.13
1761 1.96
1762 2.49
1763 2.84
1764 3.07
1765 2.25
1766 2.23
1767 2.53
1768 2.89
1769 2.77
1770 3.47
1771 2.82
1772 5.06
1773 5.00
1774 3.12
1775 4.33
1776 11.40
1777 1.74
1778 11.00
1779 43.37
1780 3.25
1781 22.36
1782 9.34
1783 2.87
1784 1.27
1785 2.64
1786 2.35
1787 2.42
1788 2.59
1789 2.63
1790 2.16
1791 2.96
1792 2.82
1793 2.27
1794 2.53
1795 2.13
1796 2.93
1797 2.32
1798 3.12
1799 1.09
1800 5.88
1801 0.52
1802 2.58
1803 24.41
1804 4.59
1805 4.16
1806 2.35
1807 1.87
1808 1.22
1809 2.30
1810 2.76
1811 2.11
1812 2.08
1813 1.91
1814 2.08
1815 1.82
1816 2.49
1817 2.53
1818 2.50
1819 2.54
1820 4.18
1821 3.77
1822 0.64
1823 3.34
1824 11.25
1825 0.54
1826 5.44
1827 4.86
1828 2.07
1829 3.37
1830 0.80
1831 8.28
1832 0.61
1833 1.60
1834 1.41
1835 1.69
1836 1.75
1837 1.67
1838 1.53
1839 1.33
1840 1.59
1841 1.86
1842 2.08
1843 4.22
1844 2.69
1845 0.96
1846 3.51
1847 1.74
1848 6.97
1849 0.68
1850 14.23
1851 0.00
1852 42.35
1853 10.79
1854 12.92
1855 10.29
1856 1.53
1857 3.67
1858 2.89
1859 2.62
1860 2.58
1861 3.11
1862 2.18
1863 2.99
1864 2.85
1865 3.27
1866 3.87
1867 2.62
1868 4.65
1869 8.80
1870 8.50
1871 5.53
1872 41.62
1873 5.33
1874 1.43
1875 0.00
1876 5.62
1877 1.26
1878 8.26
1879 3.66
1880 1.17
1881 3.47
1882 3.32
1883 2.93
1884 2.73
1885 2.89
1886 2.44
1887 2.82
1888 3.28
1889 3.31
1890 2.98
1891 2.94
1892 4.13
1893 2.09
1894 1.68
1895 6.60
1896 45.00
1897 10.04
1898 26.53
1899 0.00
1900 0.00
1901 7.65
1902 7.66
1903 3.19
1904 0.47
1905 2.02
1906 2.40
1907 2.50
1908 2.61
1909 1.74
1910 2.12
1911 2.99
1912 1.96
1913 2.40
1914 2.10
1915 2.72
1916 3.78
1917 1.24
1918 8.35
1919 10.40
1920 3.83
1921 10.63
1922 18.75
1923 11.69
1924 3.64
1925 2.87
1926 5.63
1927 2.89
1928 0.96
1929 2.45
1930 1.73
1931 1.40
1932 2.34
1933 1.83
1934 1.96
1935 2.55
1936 2.34
1937 1.99
1938 2.93
1939 3.04
1940 2.16
1941 1.10
1942 1.61
1943 3.37
1944 7.09
1945 0.30
1946 0.92
1947 17.25
1948 0.00
1949 4.05
1950 12.05
1951 9.22
1952 1.34
1953 4.57
1954 2.42
1955 3.22
1956 2.73
1957 2.82
1958 3.67
1959 2.61
1960 2.36
1961 2.30
1962 2.49
1963 3.02
1964 2.34
1965 1.56
1966 1.77
1967 1.73
1968 2.97
1969 0.71
1970 46.95
1971 8.03
1972 9.73
1973 6.39
1974 5.03
1975 8.09
1976 1.48
1977 3.48
1978 2.37
1979 2.70
1980 2.42
1981 2.34
1982 2.40
1983 2.20
1984 2.55
1985 1.90
1986 2.25
1987 2.33
1988 3.46
1989 2.84
1990 0.47
1991 1.54
1992 9.09
1993 0.42
1994 20.81
1995 36.36
1996 19.57
1997 2.78
1998 3.34
1999 1.47
2000 0.72
2001 1.99
2002 1.82
2003 1.91
2004 1.45
2005 1.42
2006 1.41
2007 1.51
2008 1.22
2009 1.28
2010 2.10
2011 4.69
2012 1.43
2013 0.00
2014 9.31
2015 5.13
2016 2.28
2017 0.32
2018 6.72
2019 20.22
2020 7.02
2021 45.57
2022 33.80
2023 1.69
2024 1.88
2025 4.10
2026 2.83
2027 2.99
2028 2.57
2029 2.48
2030 2.43
2031 2.63
2032 2.07
2033 2.30
2034 2.86
2035 2.35
2036 3.98
2037 2.65
2038 0.00
2039 10.78
2040 5.53
2041 27.27
2042 0.72
2043 2.26
2044 13.46
2045 2.79
2046 8.49
2047 6.25
2048 2.34
2049 3.71
2050 1.92
2051 2.11
2052 1.90
2053 2.37
2054 2.39
2055 2.82
2056 2.50
2057 2.72
2058 2.85
2059 2.72
2060 5.01
2061 6.97
2062 6.65
2063 3.42
2064 3.84
2065 0.50
2066 14.47
2067 1.08
2068 0.00
2069 5.29
2070 2.96
2071 2.86
2072 1.49
2073 2.76
2074 2.51
2075 2.34
2076 2.64
2077 2.71
2078 2.61
2079 2.07
2080 3.10
2081 3.45
2082 2.57
2083 2.73
2084 3.93
2085 6.10
2086 17.91
2087 14.55
2088 8.51
2089 0.41
2090 12.04
2091 30.25
2092 0.00
2093 11.80
2094 25.40
2095 4.46
2096 1.64
2097 3.05
2098 1.98
2099 2.48
2100 2.20
2101 2.47
2102 2.35
2103 2.17
2104 2.59
2105 3.04
2106 2.07
2107 2.22
2108 3.23
2109 1.64
2110 2.67
2111 6.04
2112 3.32
2113 0.52
2114 52.17
2115 2.16
2116 23.68
2117 2.97
2118 24.87
2119 1.76
2120 1.14
2121 2.11
2122 3.31
2123 2.06
2124 2.96
2125 3.47
2126 2.87
2127 2.60
2128 2.65
2129 2.77
2130 2.40
2131 2.61
2132 2.67
2133 1.26
2134 1.96
2135 1.51
2136 24.62
2137 0.84
2138 4.16
2139 1.16
2140 2.32
2141 31.44
2142 2.42
2143 1.27
2144 1.01
2145 3.54
2146 2.42
2147 2.42
2148 1.99
2149 2.05
2150 2.44
2151 2.73
2152 1.92
2153 2.39
2154 3.57
2155 2.66
2156 2.69
2157 1.61
2158 0.76
2159 2.14
2160 1.72
2161 1.01
2162 9.51
2163 12.04
2164 2.55
2165 5.05
2166 3.63
2167 1.45
2168 0.97
2169 2.02
2170 1.27
2171 1.86
2172 1.17
2173 1.63
2174 1.51
2175 1.55
2176 1.55
2177 1.69
2178 1.56
2179 2.39
2180 3.27
2181 1.13
2182 21.18
2183 1.76
2184 24.32
2185 2.05
2186 11.36
2187 11.80
2188 4.20
2189 13.00
2190 2.34
2191 9.60
2192 1.30
2193 2.25
2194 3.83
2195 2.61
2196 2.67
2197 2.27
2198 2.62
2199 2.50
2200 2.91
2201 2.67
2202 1.91
2203 2.37
2204 2.31
2205 1.27
2206 4.04
2207 8.88
2208 24.49
2209 4.92
2210 22.43
2211 12.95
2212 1.31
2213 7.30
2214 5.11
2215 5.96
2216 1.32
2217 2.52
2218 2.24
2219 2.19
2220 2.39
2221 2.18
2222 2.48
2223 2.14
2224 2.51
2225 2.23
2226 1.80
2227 2.57
2228 2.69
2229 6.84
2230 3.11
2231 7.47
2232 6.20
2233 8.77
2234 18.41
2235 1.50
2236 11.82
2237 6.88
2238 5.45
2239 1.77
2240 1.82
2241 2.59
2242 2.62
2243 2.25
2244 2.81
2245 2.38
2246 3.03
2247 2.19
2248 2.32
2249 2.33
2250 2.12
2251 1.92
2252 2.97
2253 2.63
2254 1.03
2255 10.16
2256 17.07
2257 0.47
2258 35.64
2259 23.08
2260 56.25
2261 14.31
2262 8.42
2263 4.22
2264 1.34
2265 2.43
2266 2.35
2267 2.37
2268 2.09
2269 2.25
2270 2.32
2271 2.47
2272 2.26
2273 2.00
2274 2.36
2275 2.29
2276 2.51
2277 1.29
2278 5.06
2279 14.64
2280 6.21
2281 1.30
2282 0.00
2283 1.08
2284 57.14
2285 19.22
2286 20.45
2287 22.64
2288 0.50
2289 0.72
2290 0.96
2291 1.21
2292 1.31
2293 1.23
2294 1.31
2295 1.45
2296 1.57
2297 1.17
2298 1.30
2299 1.84
2300 2.24
2301 5.29
2302 1.31
2303 1.76
2304 5.31
2305 0.70
2306 13.90
2307 8.93
2308 38.71
2309 18.95
2310 6.08
2311 9.66
2312 0.81
2313 2.88
2314 1.26
2315 1.87
2316 2.14
2317 1.64
2318 2.09
2319 2.12
2320 1.70
2321 2.39
2322 2.29
2323 2.01
2324 2.45
2325 1.14
2326 1.74
2327 9.93
2328 10.08
2329 0.71
2330 9.04
2331 11.01
2332 3.96
2333 2.43
2334 1.22
2335 16.33
2336 0.38
2337 1.58
2338 0.95
2339 1.49
2340 1.51
2341 1.52
2342 1.51
2343 1.23
2344 1.28
2345 1.41
2346 1.84
2347 6.62
2348 1.73
2349 2.04
2350 0.83
2351 3.77
2352 4.11
2353 0.64
2354 54.55
2355 4.53
2356 0.00
2357 10.69
2358 3.15
2359 22.50
2360 0.34
2361 1.06
2362 1.16
2363 0.89
2364 1.11
2365 1.23
2366 1.71
2367 1.48
2368 1.54
2369 1.41
2370 1.10
2371 2.04
2372 3.82
2373 3.12
2374 3.18
2375 6.38
2376 11.54
2377 4.39
2378 12.61
2379 0.00
2380 1.89
2381 9.36
2382 18.11
2383 3.83
2384 1.33
2385 5.26
2386 2.84
2387 2.06
2388 2.93
2389 2.49
2390 2.48
2391 2.53
2392 2.49
2393 2.85
2394 2.45
2395 2.42
2396 3.14
2397 10.08
2398 6.72
2399 42.52
2400 10.35
2401 15.45
2402 1.26
2403 10.24
2404 1.79
2405 7.01
2406 13.25
2407 7.78
2408 1.46
2409 2.97
2410 2.42
2411 1.95
2412 2.57
2413 2.61
2414 2.65
2415 2.48
2416 2.51
2417 2.61
2418 1.92
2419 2.24
2420 4.41
2421 4.59
2422 2.06
2423 3.28
2424 6.31
2425 2.93
2426 4.15
2427 55.38
2428 1.76
2429 11.43
2430 10.43
2431 5.70
2432 1.98
2433 2.35
2434 2.47
2435 2.87
2436 2.26
2437 2.24
2438 2.77
2439 2.78
2440 2.60
2441 2.83
2442 2.76
2443 2.26
2444 2.23
2445 7.87
2446 11.02
2447 1.94
2448 7.35
2449 1.06
2450 52.55
2451 2.96
2452 21.18
2453 20.66
2454 5.40
2455 9.11
2456 1.74
2457 2.61
2458 2.95
2459 2.40
2460 2.64
2461 2.65
2462 2.34
2463 2.45
2464 2.57
2465 3.02
2466 2.32
2467 2.13
2468 4.63
2469 1.37
2470 1.75
2471 4.06
2472 4.84
2473 0.76
2474 2.21
2475 5.43
2476 7.70
2477 2.51
2478 3.29
2479 7.51
2480 0.78
2481 2.91
2482 2.91
2483 2.25
2484 2.56
2485 2.89
2486 2.50
2487 1.96
2488 2.39
2489 2.64
2490 2.44
2491 1.89
2492 3.77
2493 2.05
2494 5.15
2495 2.20
2496 15.99
2497 0.49
2498 0.21
2499 0.00
2500 2.16
2501 1.00
2502 23.53
2503 0.52
2504 0.48
2505 1.60
2506 1.22
2507 1.45
2508 1.72
2509 1.83
2510 1.62
2511 1.42
2512 1.62
2513 1.63
2514 1.94
2515 2.11
2516 1.25
2517 1.79
2518 17.94
2519 14.32
2520 4.87
2521 0.00
2522 2.04
2523 16.00
2524 0.00
2525 17.98
2526 2.71
2527 5.54
2528 1.08
2529 3.00
2530 2.26
2531 1.72
2532 1.94
2533 1.83
2534 2.29
2535 2.75
2536 2.33
2537 2.70
2538 2.64
2539 3.65
2540 9.66
2541 1.73
2542 0.71
2543 4.31
2544 5.74
2545 0.94
2546 0.00
2547 4.16
2548 6.04
2549 3.41
2550 5.11
2551 8.85
2552 1.52
2553 2.22
2554 2.27
2555 2.15
2556 2.39
2557 2.61
2558 2.54
2559 2.74
2560 2.55
2561 2.36
2562 2.59
2563 2.20
2564 3.11
2565 1.66
2566 4.43
2567 5.95
2568 13.77
2569 1.71
2570 1.16
2571 0.00
2572 8.02
2573 9.09
2574 2.88
2575 4.98
2576 1.29
2577 2.45
2578 2.55
2579 2.67
2580 2.74
2581 2.24
2582 2.90
2583 2.69
2584 2.90
2585 3.43
2586 2.49
2587 2.37
2588 4.24
2589 5.57
2590 4.26
2591 1.49
2592 19.71
2593 4.53
2594 6.62
2595 17.91
2596 11.98
2597 0.41
2598 3.30
2599 9.13
2600 1.34
2601 4.70
2602 2.76
2603 2.53
2604 2.87
2605 2.38
2606 2.72
2607 1.86
2608 2.44
2609 2.22
2610 2.49
2611 2.07
2612 3.59
2613 1.39
2614 1.95
2615 6.93
2616 9.00
2617 0.73
2618 12.64
2619 23.53
2620 0.00
2621 10.73
2622 2.27
2623 5.76
2624 1.12
2625 2.27
2626 2.97
2627 2.14
2628 2.70
2629 3.08
2630 2.16
2631 2.16
2632 2.80
2633 2.59
2634 2.31
2635 1.63
2636 1.73
2637 7.27
2638 2.05
2639 4.54
2640 2.36
2641 1.48
2642 1.60
2643 1.67
2644 4.92
2645 0.82
2646 0.85
2647 4.60
2648 0.74
2649 3.10
2650 2.54
2651 2.32
2652 2.65
2653 2.23
2654 2.65
2655 2.04
2656 2.65
2657 3.02
2658 2.56
2659 2.21
2660 1.96
2661 2.42
2662 0.83
2663 8.36
2664 2.58
2665 2.02
2666 2.13
2667 8.22
2668 11.03
2669 5.32
2670 2.99
2671 0.75
2672 0.98
2673 2.70
2674 1.66
2675 1.38
2676 1.56
2677 1.68
2678 1.62
2679 1.51
2680 1.75
2681 1.40
2682 1.98
2683 4.59
2684 1.34
2685 1.43
2686 2.26
2687 7.67
2688 3.32
2689 0.38
2690 1.69
2691 5.09
2692 0.00
2693 7.83
2694 0.21
2695 2.75
2696 1.17
2697 3.52
2698 2.14
2699 2.66
2700 2.77
2701 2.45
2702 2.22
2703 2.32
2704 2.99
2705 2.70
2706 3.05
2707 2.97
2708 3.92
2709 4.56
2710 15.22
2711 5.87
2712 7.35
2713 0.41
2714 0.00
2715 0.00
2716 0.00
2717 13.89
2718 5.92
2719 3.67
2720 1.16
2721 3.59
2722 2.55
2723 2.65
2724 2.60
2725 2.33
2726 2.80
2727 2.38
2728 2.73
2729 2.35
2730 3.39
2731 3.21
2732 7.53
2733 5.50
2734 12.13
2735 6.25
2736 4.80
2737 1.70
2738 3.74
2739 36.55
2740 1.42
2741 0.26
2742 2.66
2743 4.79
2744 0.39
2745 0.47
2746 0.53
2747 0.73
2748 1.38
2749 0.74
2750 1.41
2751 1.05
2752 1.35
2753 1.30
2754 1.39
2755 2.32
2756 2.90
2757 2.61
2758 0.89
2759 3.38
2760 4.84
2761 0.96
2762 2.27
2763 0.74
2764 2.58
2765 8.17
2766 4.95
2767 3.57
2768 1.14
2769 3.06
2770 1.49
2771 2.32
2772 2.67
2773 2.15
2774 2.18
2775 2.55
2776 2.26
2777 2.01
2778 2.52
2779 2.57
2780 3.71
2781 5.56
2782 2.93
2783 10.02
2784 8.44
2785 8.31
2786 4.00
2787 4.33
2788 0.00
2789 8.11
2790 2.36
2791 9.17
2792 2.13
2793 2.56
2794 2.07
2795 2.60
2796 2.52
2797 2.38
2798 2.39
2799 2.20
2800 2.53
2801 2.29
2802 2.34
2803 2.44
2804 3.96
2805 1.43
2806 1.93
2807 5.86
2808 4.45
2809 1.13
2810 25.44
2811 12.45
2812 19.80
2813 0.72
2814 1.64
2815 3.15
2816 1.69
2817 2.07
2818 2.15
2819 2.56
2820 2.02
2821 1.67
2822 1.93
2823 1.63
2824 2.67
2825 2.69
2826 2.39
2827 2.18
2828 2.14
2829 0.60
2830 6.48
2831 3.57
2832 3.34
2833 0.59
2834 2.15
2835 2.07
2836 4.82
2837 26.47
2838 6.24
2839 0.44
2840 1.10
2841 1.36
2842 1.69
2843 1.70
2844 1.24
2845 1.74
2846 1.33
2847 1.43
2848 1.49
2849 1.45
2850 1.82
2851 5.35
2852 6.66
2853 2.51
2854 11.68
2855 4.25
2856 2.36
2857 1.24
2858 3.96
2859 15.00
2860 0.00
2861 11.36
2862 5.37
2863 10.34
2864 2.36
2865 2.88
2866 2.32
2867 2.48
2868 1.98
2869 1.88
2870 2.28
2871 2.51
2872 2.17
2873 2.33
2874 2.32
2875 3.02
2876 5.04
2877 2.76
2878 6.84
2879 13.04
2880 15.17
2881 8.16
2882 5.03
2883 0.00
2884 9.14
2885 4.17
2886 3.04
2887 5.29
2888 1.78
2889 3.51
2890 2.24
2891 2.18
2892 2.56
2893 2.57
2894 2.33
2895 2.44
2896 2.29
2897 2.30
2898 2.37
2899 2.76
2900 4.42
2901 9.96
2902 1.42
2903 10.23
2904 4.51
2905 3.45
2906 0.80
2907 3.73
2908 11.46
2909 16.74
2910 4.25
2911 5.62
2912 1.11
2913 4.44
2914 3.11
2915 2.23
2916 2.35
2917 2.96
2918 2.24
2919 2.21
2920 2.42
2921 2.69
2922 2.08
2923 2.62
2924 3.27
2925 2.53
2926 4.42
2927 3.64
2928 4.15
2929 1.43
2930 3.14
2931 0.00
2932 13.09
2933 14.01
2934 0.80
2935 3.05
2936 1.31
2937 2.25
2938 2.02
2939 2.17
2940 2.51
2941 1.97
2942 2.21
2943 2.41
2944 2.73
2945 2.56
2946 2.13
2947 1.65
2948 3.17
2949 5.82
2950 1.50
2951 7.89
2952 6.34
2953 1.90
2954 2.58
2955 52.17
2956 0.00
2957 11.90
2958 2.96
2959 7.34
2960 1.73
2961 2.81
2962 2.40
2963 2.29
2964 2.56
2965 2.39
2966 2.52
2967 2.25
2968 2.40
2969 1.82
2970 2.41
2971 2.28
2972 3.19
2973 1.52
2974 2.25
2975 1.06
2976 9.21
2977 0.38
2978 52.17
2979 3.12
2980 27.69
2981 1.71
2982 4.70
2983 1.23
2984 1.39
2985 2.00
2986 2.35
2987 1.98
2988 2.28
2989 1.93
2990 1.93
2991 1.83
2992 2.44
2993 2.90
2994 2.24
2995 2.34
2996 3.69
2997 2.39
2998 0.95
2999 1.19
3000 4.39
3001 0.23
3002 8.37
3003 11.39
3004 47.37
3005 8.89
3006 19.67
3007 0.62
3008 0.74
3009 4.08
3010 1.16
3011 1.60
3012 1.17
3013 1.83
3014 1.22
3015 1.34
3016 1.52
3017 1.72
3018 1.60
3019 4.46
3020 1.90
3021 4.60
3022 0.72
3023 9.33
3024 11.87
3025 1.14
3026 7.79
3027 0.00
3028 0.00
3029 2.64
3030 4.03
3031 0.97
3032 1.78
3033 3.26
3034 2.44
3035 2.09
3036 1.92
3037 2.42
3038 2.60
3039 2.13
3040 2.54
3041 2.30
3042 2.68
3043 2.65
3044 3.58
3045 12.17
3046 5.56
3047 7.86
3048 12.01
3049 2.77
3050 0.00
3051 1.06
3052 12.90
3053 11.26
3054 5.22
3055 3.04
3056 2.23
3057 1.83
3058 1.71
3059 2.59
3060 2.27
3061 2.91
3062 2.58
3063 2.50
3064 2.34
3065 2.37
3066 2.05
3067 2.24
3068 3.54
3069 3.20
3070 4.91
3071 6.83
3072 9.94
3073 7.52
3074 1.24
3075 0.70
3076 0.00
3077 12.42
3078 8.14
3079 2.19
3080 1.58
3081 2.11
3082 2.47
3083 2.32
3084 2.27
3085 2.44
3086 2.45
3087 2.33
3088 2.60
3089 2.38
3090 2.72
3091 2.48
3092 4.33
3093 4.81
3094 1.72
3095 3.83
3096 5.48
3097 2.15
3098 1.44
3099 0.00
3100 0.00
3101 3.60
3102 1.33
3103 2.15
3104 1.42
3105 1.86
3106 2.55
3107 2.56
3108 2.92
3109 2.87
3110 2.49
3111 1.79
3112 2.35
3113 2.19
3114 2.74
3115 2.71
3116 5.53
3117 11.36
3118 1.75
3119 4.48
3120 6.02
3121 1.42
3122 2.16
3123 0.00
3124 0.00
3125 13.07
3126 3.90
3127 5.53
3128 1.33
3129 2.70
3130 1.99
3131 1.75
3132 2.51
3133 2.69
3134 1.99
3135 2.35
3136 2.25
3137 2.26
3138 2.16
3139 1.90
3140 2.96
3141 1.19
3142 1.03
3143 2.18
3144 6.77
3145 0.26
3146 2.15
3147 0.00
3148 5.16
3149 7.38
3150 0.74
3151 11.08
3152 0.62
3153 2.64
3154 2.22
3155 2.45
3156 2.21
3157 2.14
3158 2.17
3159 1.77
3160 2.37
3161 2.09
3162 1.87
3163 2.29
3164 4.85
3165 2.29
3166 3.22
3167 2.38
3168 10.44
3169 3.40
3170 21.82
3171 6.00
3172 7.54
3173 1.86
3174 4.01
3175 0.86
3176 0.60
3177 2.11
3178 1.36
3179 1.73
3180 1.60
3181 1.47
3182 1.40
3183 1.47
3184 1.29
3185 1.88
3186 2.00
3187 6.62
3188 7.85
3189 7.11
3190 1.56
3191 25.90
3192 15.04
3193 1.09
3194 7.13
3195 2.98
3196 1.72
3197 9.44
3198 1.89
3199 4.69
3200 1.67
3201 1.82
3202 2.06
3203 2.69
3204 1.99
3205 2.32
3206 2.03
3207 2.46
3208 2.28
3209 2.06
3210 2.07
3211 2.06
3212 4.58
3213 2.09
3214 9.41
3215 6.07
3216 43.37
3217 4.99
3218 3.29
3219 1.85
3220 1.24
3221 17.45
3222 8.24
3223 3.38
3224 1.56
3225 2.55
3226 2.37
3227 2.19
3228 1.99
3229 2.23
3230 2.29
3231 2.60
3232 2.33
3233 2.03
3234 2.69
3235 2.40
3236 2.62
3237 0.97
3238 1.45
3239 40.30
3240 38.99
3241 1.50
3242 1.58
3243 8.10
3244 2.92
3245 9.22
3246 6.33
3247 4.88
3248 1.35
3249 2.96
3250 2.66
3251 1.82
3252 2.30
3253 2.21
3254 1.73
3255 2.67
3256 2.06
3257 2.46
3258 2.18
3259 2.49
3260 3.08
3261 4.93
3262 2.22
3263 5.54
3264 5.96
3265 1.41
3266 4.58
3267 2.40
3268 6.75
3269 5.54
3270 1.28
3271 4.91
3272 1.68
3273 2.08
3274 2.11
3275 2.39
3276 2.11
3277 1.84
3278 1.77
3279 2.35
3280 2.04
3281 2.38
3282 2.55
3283 2.49
3284 4.59
3285 10.98
3286 2.07
3287 3.22
3288 13.31
3289 2.54
3290 2.56
3291 6.18
3292 9.93
3293 13.61
3294 8.17
3295 3.38
3296 1.10
3297 2.10
3298 2.38
3299 2.07
3300 2.09
3301 2.05
3302 2.23
3303 1.87
3304 2.46
3305 2.15
3306 2.24
3307 2.11
3308 3.95
3309 5.26
3310 1.74
3311 1.39
3312 15.19
3313 0.47
3314 15.60
3315 10.07
3316 1.48
3317 2.58
3318 0.40
3319 13.58
3320 0.81
3321 2.55
3322 2.07
3323 2.30
3324 2.25
3325 2.32
3326 2.92
3327 1.97
3328 2.24
3329 2.33
3330 1.70
3331 2.48
3332 2.11
3333 3.08
3334 18.18
3335 2.80
3336 3.10
3337 0.31
3338 0.00
3339 13.57
3340 17.06
3341 31.72
3342 1.80
3343 0.61
3344 0.81
3345 1.46
3346 1.42
3347 1.55
3348 1.53
3349 1.59
3350 1.30
3351 1.41
3352 1.33
3353 1.70
3354 2.00
3355 5.12
3356 0.62
3357 1.11
3358 1.63
3359 13.57
3360 6.63
3361 4.31
3362 6.95
3363 1.53
3364 4.39
3365 21.73
3366 1.59
3367 2.87
3368 1.52
3369 1.67
3370 2.18
3371 2.20
3372 1.99
3373 2.12
3374 2.51
3375 2.58
3376 2.03
3377 2.38
3378 2.25
3379 2.59
3380 2.88
3381 2.09
3382 11.92
3383 8.72
3384 2.01
3385 2.04
3386 0.00
3387 9.02
3388 19.25
3389 13.33
3390 5.18
3391 5.39
3392 1.38
3393 2.47
3394 1.92
3395 2.01
3396 1.75
3397 1.81
3398 1.91
3399 2.25
3400 2.28
3401 2.73
3402 2.16
3403 2.16
3404 5.18
3405 5.78
3406 2.22
3407 1.85
3408 0.00
3409 0.28
3410 1.01
3411 1.67
3412 42.86
3413 11.39
3414 9.76
3415 3.61
3416 1.33
3417 2.09
3418 2.07
3419 1.74
3420 2.13
3421 2.49
3422 2.09
3423 2.60
3424 2.54
3425 2.33
3426 2.44
3427 2.64
3428 3.59
3429 3.38
3430 5.32
3431 0.00
3432 5.31
3433 2.18
3434 1.16
3435 2.05
3436 3.07
3437 11.08
3438 4.07
3439 6.13
3440 1.41
3441 2.29
3442 2.19
3443 2.51
3444 2.32
3445 2.26
3446 1.94
3447 2.12
3448 2.10
3449 2.16
3450 2.09
3451 2.22
3452 2.93
3453 1.44
3454 1.69
3455 3.83
3456 10.80
3457 4.47
3458 4.70
3459 4.50
3460 0.00
3461 6.44
3462 2.78
3463 3.87
3464 1.87
3465 2.08
3466 2.25
3467 2.04
3468 2.05
3469 2.26
3470 2.39
3471 2.25
3472 1.96
3473 2.55
3474 1.92
3475 1.74
3476 4.77
3477 1.74
3478 1.18
3479 11.95
3480 9.41
3481 1.37
3482 3.09
3483 1.93
3484 14.34
3485 4.04
3486 1.55
3487 17.00
3488 1.19
3489 2.92
3490 2.29
3491 2.56
3492 2.27
3493 2.14
3494 1.89
3495 2.17
3496 2.22
3497 2.58
3498 1.92
3499 2.66
3500 3.07
3501 2.06
3502 1.38
3503 1.47
3504 4.90
3505 0.63
3506 2.03
3507 5.41
3508 0.87
3509 3.01
3510 6.43
3511 2.35
3512 0.61
3513 1.71
3514 1.16
3515 1.21
3516 1.39
3517 1.31
3518 1.10
3519 1.45
3520 1.38
3521 1.76
3522 1.85
3523 3.47
3524 5.51
3525 6.82
3526 2.13
3527 5.81
3528 1.50
3529 1.29
3530 5.01
3531 0.00
3532 6.01
3533 26.51
3534 5.58
3535 3.38
3536 1.77
3537 1.96
3538 1.99
3539 2.00
3540 2.27
3541 2.35
3542 2.67
3543 2.31
3544 2.16
3545 2.14
3546 1.99
3547 2.88
3548 4.76
3549 7.59
3550 4.68
3551 9.57
3552 19.05
3553 0.23
3554 1.82
3555 0.00
3556 0.00
3557 12.33
3558 6.09
3559 3.89
3560 1.38
3561 3.23
3562 1.97
3563 2.51
3564 2.07
3565 2.35
3566 1.91
3567 2.22
3568 2.48
3569 2.19
3570 1.49
3571 2.09
3572 2.53
3573 2.74
3574 1.96
3575 0.97
3576 0.00
3577 0.61
3578 34.29
3579 2.24
3580 13.04
3581 6.19
3582 5.34
3583 2.07
3584 1.88
3585 2.29
3586 2.64
3587 2.58
3588 2.63
3589 2.34
3590 2.22
3591 2.48
3592 2.34
3593 3.07
3594 2.23
3595 1.97
3596 1.58
3597 6.48
3598 1.25
3599 0.00
3600 3.69
3601 0.28
3602 1.13
3603 0.00
3604 4.69
3605 8.93
3606 1.35
3607 5.12
3608 1.67
3609 2.41
3610 1.66
3611 2.34
3612 1.95
3613 2.17
3614 2.44
3615 2.18
3616 1.92
3617 1.96
3618 1.88
3619 2.23
3620 3.08
3621 1.03
3622 1.18
3623 1.60
3624 22.93
3625 6.79
3626 14.63
3627 3.07
3628 3.48
3629 4.59
3630 4.03
3631 3.75
3632 1.54
3633 1.76
3634 2.42
3635 1.88
3636 2.60
3637 2.48
3638 2.14
3639 2.61
3640 2.62
3641 2.52
3642 2.21
3643 2.05
3644 2.08
3645 2.29
3646 1.60
3647 4.04
3648 14.57
3649 0.58
3650 10.84
3651 4.46
3652 0.25
3653 4.66
3654 0.78
3655 3.74
3656 1.10
3657 2.11
3658 1.93
3659 2.28
3660 2.12
3661 2.23
3662 1.43
3663 2.10
3664 1.70
3665 2.35
3666 2.29
3667 2.14
3668 3.38
3669 1.59
3670 0.93
3671 11.79
3672 3.88
3673 0.86
3674 2.38
3675 22.78
3676 10.12
3677 2.95
3678 27.43
3679 0.88
3680 0.63
3681 1.04
3682 2.53
3683 1.49
3684 1.51
3685 1.25
3686 1.33
3687 1.74
3688 1.56
3689 1.44
3690 1.64
3691 3.22
3692 2.22
3693 3.03
3694 0.00
3695 2.38
3696 29.03
3697 0.44
3698 3.04
3699 0.00
3700 3.85
3701 7.93
3702 5.15
3703 2.14
3704 1.39
3705 2.08
3706 2.17
3707 2.36
3708 2.46
3709 2.33
3710 2.06
3711 2.32
3712 2.20
3713 2.88
3714 2.29
3715 2.25
3716 3.56
3717 7.29
3718 3.49
3719 4.37
3720 0.00
3721 0.53
3722 1.86
3723 3.20
3724 24.00
3725 10.94
3726 3.41
3727 8.64
3728 1.30
3729 2.40
3730 2.32
3731 1.98
3732 2.09
3733 2.00
3734 2.44
3735 2.15
3736 2.08
3737 2.55
3738 2.41
3739 2.14
3740 3.96
3741 2.29
3742 14.86
3743 3.61
3744 3.55
3745 0.13
3746 5.22
3747 3.38
3748 5.66
3749 7.55
3750 10.76
3751 3.84
3752 1.65
3753 3.82
3754 2.31
3755 2.48
3756 2.53
3757 2.12
3758 2.19
3759 1.67
3760 1.88
3761 2.31
3762 1.88
3763 1.95
3764 2.55
3765 12.90
3766 1.38
3767 13.83
3768 0.00
3769 0.08
3770 3.86
3771 0.00
3772 0.00
3773 5.22
3774 20.49
3775 4.09
3776 1.64
3777 1.31
3778 3.05
3779 2.44
3780 1.93
3781 2.12
3782 1.73
3783 2.11
3784 2.17
3785 2.45
3786 1.71
3787 1.93
3788 3.85
3789 2.03
3790 0.00
3791 4.61
3792 15.86
3793 0.43
3794 2.12
3795 18.85
3796 0.00
3797 5.52
3798 3.47
3799 7.74
3800 1.78
3801 1.37
3802 2.10
3803 2.62
3804 1.82
3805 1.86
3806 1.83
3807 2.19
3808 2.44
3809 2.04
3810 1.79
3811 2.03
3812 3.09
3813 1.88
3814 1.01
3815 10.89
3816 3.11
3817 0.24
3818 1.27
3819 1.09
3820 1.66
3821 19.42
3822 3.44
3823 2.05
3824 1.11
3825 2.62
3826 2.14
3827 2.15
3828 1.90
3829 2.15
3830 1.99
3831 1.67
3832 2.12
3833 2.16
3834 1.85
3835 2.35
3836 2.51
3837 1.51
3838 1.36
3839 5.75
3840 2.57
3841 0.27
3842 3.24
3843 5.17
3844 23.76
3845 1.28
3846 3.24
3847 0.79
3848 0.63
3849 1.06
3850 1.32
3851 1.09
3852 1.39
3853 1.49
3854 1.48
3855 1.52
3856 1.28
3857 1.68
3858 1.78
3859 3.77
3860 0.65
3861 10.56
3862 1.70
3863 2.13
3864 42.19
3865 0.37
3866 2.65
3867 12.08
3868 9.33
3869 0.00
3870 12.78
3871 19.61
3872 0.31
3873 0.84
3874 0.59
3875 0.59
3876 1.05
3877 1.06
3878 0.98
3879 0.94
3880 1.62
3881 1.90
3882 1.25
3883 1.63
3884 5.40
3885 8.24
3886 0.80
3887 8.29
3888 0.00
3889 0.21
3890 2.18
3891 15.52
3892 1.09
3893 10.33
3894 3.69
3895 2.69
3896 1.69
3897 2.44
3898 2.23
3899 2.59
3900 2.36
3901 2.14
3902 2.60
3903 2.15
3904 2.14
3905 2.45
3906 1.97
3907 2.08
3908 3.20
3909 13.12
3910 1.51
3911 0.61
3912 0.00
3913 0.19
3914 3.07
3915 2.19
3916 11.54
3917 6.00
3918 2.40
3919 1.16
3920 1.14
3921 1.51
3922 1.77
3923 2.23
3924 1.84
3925 2.16
3926 2.05
3927 2.35
3928 2.26
3929 1.66
3930 1.98
3931 3.60
3932 2.86
3933 0.86
3934 25.71
3935 1.81
3936 20.93
3937 0.04
3938 2.62
3939 0.00
3940 0.73
3941 26.97
3942 2.91
3943 1.20
3944 1.50
3945 1.84
3946 1.77
3947 2.19
3948 2.58
3949 1.97
3950 2.13
3951 2.97
3952 2.07
3953 2.83
3954 2.60
3955 2.27
3956 4.53
3957 1.11
3958 5.70
3959 10.30
3960 3.52
3961 0.54
3962 6.46
3963 2.64
3964 1.17
3965 14.88
3966 5.13
3967 2.50
3968 1.41
3969 2.15
3970 1.84
3971 2.16
3972 2.64
3973 2.23
3974 2.19
3975 2.23
3976 2.34
3977 2.43
3978 2.01
3979 1.67
3980 3.31
3981 5.26
3982 1.84
3983 3.40
3984 5.07
3985 0.55
3986 4.26
3987 0.28
3988 2.30
3989 0.25
3990 7.43
3991 0.26
3992 0.75
3993 2.88
3994 3.71
3995 2.27
3996 2.21
3997 1.70
3998 2.12
3999 2.00
4000 2.04
4001 2.39
4002 2.84
4003 2.34
4004 2.75
4005 1.05
4006 1.76
4007 1.88
4008 19.96
4009 0.33
4010 0.99
4011 23.95
4012 16.22
4013 3.12
4014 4.65
4015 7.54
4016 1.28
4017 1.91
4018 1.44
4019 1.70
4020 1.40
4021 1.41
4022 1.77
4023 1.35
4024 1.91
4025 1.85
4026 2.02
4027 4.66
4028 2.37
4029 0.00
4030 7.52
4031 1.11
4032 0.00
4033 0.13
4034 11.80
4035 0.00
4036 1.77
4037 55.38
4038 2.02
4039 0.96
4040 1.34
4041 2.32
4042 2.33
4043 2.89
4044 1.85
4045 2.35
4046 2.18
4047 2.45
4048 2.68
4049 2.56
4050 1.89
4051 2.65
4052 3.58
4053 14.42
4054 5.46
4055 9.57
4056 0.00
4057 0.11
4058 0.00
4059 5.62
4060 0.00
4061 11.03
4062 4.75
4063 4.49
4064 1.54
4065 2.20
4066 2.46
4067 2.10
4068 1.57
4069 2.07
4070 2.29
4071 2.25
4072 2.61
4073 2.25
4074 2.51
4075 2.23
4076 3.51
4077 1.07
4078 32.73
4079 10.29
4080 0.00
4081 0.57
4082 6.00
4083 0.00
4084 3.49
4085 7.78
4086 2.41
4087 4.89
4088 1.76
4089 2.15
4090 1.49
4091 3.24
4092 1.88
4093 2.35
4094 2.40
4095 2.32
4096 2.04
4097 2.29
4098 1.96
4099 1.75
4100 1.96
4101 1.16
4102 2.01
4103 2.65
4104 8.21
4105 0.49
4106 12.22
4107 0.00
4108 33.03
4109 1.82
4110 0.47
4111 5.65
4112 1.23
4113 1.67
4114 2.14
4115 1.34
4116 1.82
4117 2.04
4118 2.08
4119 2.10
4120 2.38
4121 2.43
4122 2.17
4123 2.03
4124 1.86
4125 4.37
4126 6.56
4127 2.11
4128 9.43
4129 1.78
4130 4.25
4131 59.02
4132 9.12
4133 11.55
4134 5.48
4135 4.14
4136 2.04
4137 3.03
4138 1.62
4139 3.01
4140 2.78
4141 2.87
4142 2.31
4143 2.39
4144 1.73
4145 2.49
4146 2.98
4147 2.39
4148 2.71
4149 2.45
4150 1.73
4151 1.16
4152 4.40
4153 0.10
4154 16.33
4155 50.70
4156 3.80
4157 11.04
4158 0.72
4159 17.06
4160 1.30
4161 2.62
4162 3.22
4163 2.54
4164 2.07
4165 2.06
4166 2.19
4167 1.88
4168 2.18
4169 2.25
4170 2.18
4171 2.44
4172 5.39
4173 0.48
4174 0.00
4175 2.12
4176 17.29
4177 0.13
4178 1.21
4179 1.09
4180 12.50
4181 1.00
4182 2.54
4183 13.65
4184 0.41
4185 2.06
4186 2.09
4187 1.68
4188 1.16
4189 1.19
4190 1.30
4191 1.29
4192 1.33
4193 1.42
4194 1.72
4195 3.92
4196 1.26
4197 0.42
4198 0.00
4199 16.04
4200 11.04
4201 0.11
4202 17.60
4203 0.85
4204 0.00
4205 46.75
4206 0.73
4207 3.11
4208 1.17
4209 2.10
4210 2.14
4211 1.88
4212 2.20
4213 1.14
4214 2.48
4215 2.20
4216 2.25
4217 2.65
4218 2.46
4219 2.68
4220 5.75
4221 4.13
4222 5.14
4223 13.25
4224 9.92
4225 0.06
4226 11.88
4227 0.00
4228 0.00
4229 0.00
4230 3.31
4231 4.24
4232 1.10
4233 2.83
4234 2.41
4235 2.17
4236 2.40
4237 2.42
4238 2.21
4239 2.22
4240 3.12
4241 2.62
4242 3.14
4243 2.56
4244 3.97
4245 2.57
4246 2.07
4247 11.50
4248 3.87
4249 0.07
4250 0.00
4251 0.00
4252 0.00
4253 27.07
4254 4.47
4255 2.16
4256 1.62
4257 2.70
4258 2.50
4259 2.80
4260 2.80
4261 2.91
4262 2.15
4263 2.82
4264 2.49
4265 2.30
4266 2.21
4267 2.28
4268 2.61
4269 3.30
4270 37.89
4271 2.49
4272 50.00
4273 0.05
4274 0.00
4275 0.00
4276 23.38
4277 5.15
4278 6.83
4279 2.70
4280 1.76
4281 2.40
4282 2.84
4283 2.31
4284 2.31
4285 1.97
4286 1.94
4287 2.91
4288 2.55
4289 2.77
4290 2.50
4291 2.28
4292 3.74
4293 9.64
4294 12.09
4295 0.80
4296 6.51
4297 0.07
4298 50.35
4299 0.00
4300 5.26
4301 14.21
4302 7.21
4303 12.36
4304 1.69
4305 1.67
4306 1.95
4307 2.61
4308 2.44
4309 2.63
4310 2.15
4311 2.38
4312 2.71
4313 2.97
4314 2.21
4315 2.21
4316 3.11
4317 5.23
4318 1.46
4319 1.47
4320 7.71
4321 0.12
4322 0.00
4323 48.00
4324 35.29
4325 2.67
4326 5.74
4327 0.00
4328 1.66
4329 2.89
4330 2.98
4331 2.29
4332 2.74
4333 2.73
4334 2.30
4335 1.78
4336 1.95
4337 2.45
4338 1.71
4339 2.24
4340 3.82
4341 1.61
4342 2.54
4343 2.18
4344 27.75
4345 0.13
4346 0.00
4347 0.00
4348 44.44
4349 1.89
4350 0.00
4351 45.00
4352 1.35
4353 3.43
4354 1.76
4355 1.65
4356 1.46
4357 1.27
4358 1.45
4359 1.44
4360 1.46
4361 1.76
4362 1.56
4363 4.48
4364 7.04
4365 25.53
4366 0.55
4367 59.02
4368 0.00
4369 0.07
4370 11.84
4371 0.56
4372 0.00
4373 0.00
4374 0.00
4375 7.11
4376 1.83
4377 2.50
4378 3.34
4379 2.08
4380 2.54
4381 2.10
4382 2.46
4383 2.37
4384 2.73
4385 2.43
4386 2.11
4387 2.82
4388 3.35
4389 2.32
4390 58.06
4391 3.81
4392 3.84
4393 0.07
4394 0.43
4395 0.00
4396 19.46
4397 16.25
4398 5.19
4399 6.72
4400 1.46
4401 2.50
4402 2.33
4403 2.69
4404 2.29
4405 1.89
4406 2.11
4407 2.33
4408 2.07
4409 2.65
4410 2.43
4411 2.80
4412 3.19
4413 1.82
4414 5.06
4415 1.51
4416 2.11
4417 0.06
4418 0.00
4419 0.00
4420 4.74
4421 0.00
4422 0.00
4423 12.50
4424 1.59
4425 2.06
4426 2.46
4427 2.50
4428 2.48
4429 1.92
4430 2.51
4431 1.95
4432 2.64
4433 2.55
4434 2.97
4435 2.32
4436 2.56
4437 0.75
4438 9.15
4439 3.53
4440 5.46
4441 0.11
4442 14.40
4443 0.00
4444 5.38
4445 3.05
4446 3.88
4447 2.76
4448 1.34
4449 2.43
4450 2.05
4451 1.93
4452 2.09
4453 1.62
4454 1.61
4455 2.49
4456 1.99
4457 2.43
4458 2.12
4459 2.57
4460 2.15
4461 13.41
4462 0.40
4463 48.00
4464 8.80
4465 0.08
4466 0.00
4467 0.75
4468 0.69
4469 0.00
4470 0.00
4471 0.97
4472 2.17
4473 2.69
4474 2.42
4475 2.22
4476 1.86
4477 1.67
4478 2.19
4479 2.19
4480 2.54
4481 2.71
4482 2.36
4483 2.31
4484 3.12
4485 0.95
4486 3.69
4487 15.06
4488 8.16
4489 0.09
4490 0.00
4491 13.28
4492 1.50
4493 0.00
4494 5.80
4495 55.38
4496 1.78
4497 3.86
4498 2.61
4499 2.20
4500 2.54
4501 2.40
4502 1.92
4503 1.80
4504 2.27
4505 2.63
4506 2.35
4507 2.01
4508 2.13
4509 2.14
4510 6.94
4511 2.19
4512 10.94
4513 0.12
4514 36.55
4515 0.57
4516 0.00
4517 1.34
4518 0.00
4519 1.86
4520 0.67
4521 1.72
4522 1.07
4523 0.88
4524 1.60
4525 1.40
4526 1.46
4527 1.27
4528 1.44
4529 1.57
4530 2.21
4531 4.43
4532 1.63
4533 19.78
4534 5.43
4535 0.00
4536 0.00
4537 0.07
4538 16.78
4539 0.00
4540 4.49
4541 43.20
4542 0.00
4543 3.80
4544 1.39
4545 2.72
4546 2.27
4547 2.46
4548 2.09
4549 2.25
4550 2.22
4551 1.46
4552 2.26
4553 2.51
4554 2.66
4555 2.84
4556 6.12
4557 11.10
4558 4.61
4559 2.05
4560 0.00
4561 0.05
4562 0.00
4563 0.00
4564 0.00
4565 0.00
4566 42.86
4567 8.36
4568 1.37
4569 2.19
4570 1.75
4571 1.78
4572 2.35
4573 2.47
4574 2.14
4575 2.29
4576 2.68
4577 2.98
4578 3.08
4579 2.40
4580 3.70
4581 4.80
4582 0.00
4583 21.11
4584 48.32
4585 0.04
4586 15.74
4587 0.00
4588 58.06
4589 0.00
4590 43.64
4591 32.88
4592 1.89
4593 2.17
4594 1.96
4595 2.47
4596 2.01
4597 2.40
4598 2.12
4599 2.10
4600 2.38
4601 2.46
4602 2.25
4603 2.15
4604 3.76
4605 5.83
4606 12.10
4607 15.73
4608 10.49
4609 0.12
4610 17.76
4611 24.16
4612 6.56
4613 20.30
4614 15.00
4615 3.11
4616 1.61
4617 3.13
4618 1.91
4619 2.44
4620 1.95
4621 1.81
4622 2.14
4623 2.01
4624 2.54
4625 2.28
4626 2.53
4627 2.60
4628 2.94
4629 2.89
4630 6.15
4631 20.61
4632 5.55
4633 0.07
4634 20.87
4635 30.25
4636 0.00
4637 0.00
4638 23.53
4639 20.73
4640 1.82
4641 1.52
4642 2.31
4643 2.02
4644 2.17
4645 1.91
4646 2.40
4647 2.14
4648 2.40
4649 2.72
4650 2.61
4651 2.00
4652 3.66
4653 4.70
4654 5.79
4655 2.12
4656 24.91
4657 0.10
4658 11.92
4659 51.67
4660 56.25
4661 0.00
4662 44.44
4663 9.73
4664 1.55
4665 4.08
4666 2.83
4667 1.78
4668 2.66
4669 2.71
4670 2.38
4671 2.58
4672 2.52
4673 2.75
4674 1.88
4675 2.39
4676 3.72
4677 1.98
4678 0.35
4679 1.85
4680 4.47
4681 0.08
4682 0.00
4683 17.20
4684 26.77
4685 1.00
4686 3.53
4687 37.11
4688 0.68
4689 1.73
4690 1.37
4691 1.65
4692 1.53
4693 1.42
4694 1.57
4695 1.11
4696 1.43
4697 1.69
4698 2.16
4699 7.00
4700 0.79
4701 0.94
4702 0.57
4703 1.55
4704 0.00
4705 0.09
4706 0.00
4707 25.53
4708 0.00
4709 0.00
4710 5.48
4711 20.81
4712 1.56
4713 2.47
4714 2.18
4715 2.93
4716 2.33
4717 2.42
4718 2.35
4719 2.05
4720 1.92
4721 2.27
4722 3.08
4723 2.44
4724 4.53
4725 1.94
4726 3.35
4727 18.58
4728 7.61
4729 2.03
4730 9.85
4731 28.12
4732 27.48
4733 21.56
4734 2.70
4735 3.41
4736 1.13
4737 3.01
4738 1.42
4739 1.74
4740 1.81
4741 1.48
4742 1.97
4743 1.91
4744 2.26
4745 2.56
4746 2.40
4747 2.60
4748 5.06
4749 1.99
4750 4.10
4751 1.95
4752 47.37
4753 0.30
4754 10.24
4755 2.19
4756 1.23
4757 3.97
4758 4.50
4759 5.82
4760 1.17
4761 2.27
4762 2.39
4763 1.86
4764 1.87
4765 1.81
4766 2.13
4767 1.99
4768 2.49
4769 2.68
4770 2.09
4771 2.12
4772 3.37
4773 2.61
4774 7.33
4775 5.14
4776 8.61
4777 16.26
4778 1.07
4779 11.15
4780 19.05
4781 7.15
4782 7.43
4783 9.98
4784 1.17
4785 2.80
4786 1.91
4787 1.77
4788 2.23
4789 2.27
4790 1.86
4791 2.29
4792 2.03
4793 2.53
4794 2.08
4795 1.90
4796 2.92
4797 2.61
4798 3.59
4799 11.89
4800 5.43
4801 1.15
4802 0.81
4803 3.86
4804 14.69
4805 2.99
4806 6.83
4807 11.13
4808 1.45
4809 2.13
4810 2.57
4811 1.78
4812 2.46
4813 2.18
4814 2.19
4815 2.30
4816 2.58
4817 2.33
4818 2.46
4819 2.40
4820 2.33
4821 1.42
4822 2.39
4823 23.31
4824 2.29
4825 0.36
4826 11.45
4827 7.64
4828 3.30
4829 7.40
4830 9.06
4831 14.63
4832 1.10
4833 4.54
4834 2.50
4835 2.19
4836 2.69
4837 2.57
4838 1.88
4839 2.20
4840 2.16
4841 2.12
4842 2.02
4843 2.63
4844 2.70
4845 1.45
4846 0.35
4847 24.66
4848 21.30
4849 0.37
4850 0.00
4851 48.65
4852 2.74
4853 5.01
4854 2.67
4855 0.81
4856 0.93
4857 2.80
4858 2.35
4859 1.45
4860 1.82
4861 1.33
4862 1.39
4863 1.72
4864 1.47
4865 1.44
4866 2.57
4867 5.37
4868 13.65
4869 19.25
4870 0.00
4871 1.84
4872 6.22
4873 6.62
4874 5.72
4875 24.16
4876 4.24
4877 7.19
4878 5.87
4879 4.93
4880 1.61
4881 2.78
4882 1.73
4883 2.26
4884 2.13
4885 2.21
4886 2.50
4887 2.17
4888 2.26
4889 2.82
4890 3.33
4891 2.51
4892 3.47
4893 2.28
4894 6.72
4895 10.73
4896 4.68
4897 13.22
4898 3.87
4899 7.47
4900 8.74
4901 13.33
4902 8.17
4903 5.26
4904 1.44
4905 2.20
4906 2.39
4907 2.27
4908 2.55
4909 2.45
4910 2.49
4911 2.33
4912 2.18
4913 2.46
4914 2.57
4915 2.72
4916 3.34
4917 14.03
4918 1.78
4919 8.87
4920 15.89
4921 28.42
4922 7.71
4923 4.20
4924 5.25
4925 10.70
4926 4.82
4927 7.27
4928 1.44
4929 4.10
4930 1.70
4931 2.64
4932 2.51
4933 2.40
4934 2.22
4935 2.37
4936 2.72
4937 2.71
4938 1.74
4939 2.17
4940 2.91
4941 3.84
4942 3.80
4943 3.60
4944 2.95
4945 0.59
4946 56.25
4947 0.00
4948 0.00
4949 12.48
4950 10.78
4951 6.53
4952 1.13
4953 2.75
4954 2.46
4955 2.64
4956 2.08
4957 1.73
4958 2.46
4959 2.34
4960 2.03
4961 2.42
4962 1.89
4963 1.88
4964 3.28
4965 1.22
4966 6.08
4967 12.76
4968 12.16
4969 0.73
4970 5.93
4971 8.97
4972 2.91
4973 9.72
4974 39.85
4975 2.44
4976 1.27
4977 1.83
4978 2.61
4979 2.42
4980 2.10
4981 1.93
4982 1.91
4983 2.22
4984 2.30
4985 2.63
4986 2.31
4987 2.38
4988 4.33
4989 1.54
4990 1.74
4991 4.42
4992 5.35
4993 0.73
4994 2.20
4995 19.39
4996 2.24
4997 9.94
4998 1.78
4999 14.38
5000 0.86
5001 2.02
5002 3.30
5003 1.94
5004 2.33
5005 2.00
5006 1.52
5007 1.69
5008 1.65
5009 1.79
5010 2.50
5011 2.44
5012 4.16
5013 1.38
5014 6.45
5015 12.75
5016 4.50
5017 0.51
5018 1.86
5019 16.49
5020 6.13
5021 2.11
5022 1.07
5023 19.10
5024 0.73
5025 1.91
5026 1.59
5027 1.22
5028 1.47
5029 1.94
5030 1.63
5031 1.17
5032 1.43
5033 2.04
5034 2.20
5035 4.31
5036 26.62
5037 2.79
5038 25.53
5039 1.07
5040 3.76
5041 4.20
5042 8.00
5043 12.14
5044 2.63
5045 17.09
5046 8.18
5047 5.68
5048 0.88
5049 2.59
5050 1.44
5051 1.87
5052 1.80
5053 2.34
5054 1.99
5055 1.94
5056 2.13
5057 2.64
5058 1.70
5059 2.50
5060 4.32
5061 9.04
5062 11.58
5063 16.67
5064 2.96
5065 0.17
5066 6.16
5067 4.23
5068 12.88
5069 21.30
5070 0.75
5071 12.83
5072 1.12
5073 2.09
5074 1.67
5075 2.26
5076 1.79
5077 2.71
5078 1.88
5079 2.25
5080 2.40
5081 2.65
5082 2.39
5083 2.18
5084 2.72
5085 5.68
5086 1.71
5087 12.93
5088 4.66
5089 0.25
5090 3.59
5091 0.96
5092 0.00
5093 1.35
5094 8.88
5095 7.79
5096 1.23
5097 2.85
5098 2.41
5099 2.58
5100 3.08
5101 2.22
5102 2.21
5103 2.27
5104 2.22
5105 2.86
5106 1.74
5107 2.23
5108 3.33
5109 6.57
5110 2.93
5111 5.88
5112 2.04
5113 0.16
5114 3.09
5115 10.51
5116 6.29
5117 8.87
5118 3.04
5119 7.67
5120 1.57
5121 2.81
5122 1.64
5123 1.57
5124 2.05
5125 2.26
5126 2.11
5127 2.38
5128 2.17
5129 2.78
5130 1.93
5131 2.22
5132 3.67
5133 1.59
5134 4.47
5135 21.71
5136 6.18
5137 0.81
5138 8.98
5139 1.47
5140 13.24
5141 11.11
5142 24.83
5143 6.26
5144 1.28
5145 2.75
5146 2.41
5147 2.64
5148 2.27
5149 1.76
5150 1.96
5151 2.18
5152 2.59
5153 2.21
5154 1.93
5155 1.77
5156 4.19
5157 1.37
5158 24.45
5159 3.84
5160 8.16
5161 0.37
5162 5.33
5163 2.57
5164 8.70
5165 0.81
5166 4.39
5167 6.33
5168 1.41
5169 3.12
5170 1.99
5171 2.40
5172 2.65
5173 2.27
5174 1.76
5175 1.87
5176 2.01
5177 1.98
5178 2.64
5179 2.00
5180 1.91
5181 0.65
5182 0.78
5183 0.00
5184 6.08
5185 0.56
5186 0.20
5187 2.16
5188 0.37
5189 1.42
5190 0.16
5191 11.15
5192 0.65
5193 4.49
5194 1.85
5195 1.32
5196 1.22
5197 1.62
5198 1.20
5199 1.13
5200 1.35
5201 1.85
5202 1.75
5203 4.21
5204 16.59
5205 1.97
5206 0.48
5207 3.72
5208 7.43
5209 0.98
5210 1.76
5211 21.82
5212 4.66
5213 1.20
5214 3.13
5215 4.22
5216 1.13
5217 3.74
5218 1.78
5219 2.27
5220 2.54
5221 2.25
5222 1.84
5223 2.08
5224 2.97
5225 1.92
5226 2.47
5227 2.20
5228 3.43
5229 9.74
5230 1.65
5231 12.00
5232 0.00
5233 0.80
5234 3.84
5235 3.76
5236 1.80
5237 14.12
5238 10.29
5239 9.08
5240 1.43
5241 2.03
5242 1.83
5243 1.97
5244 2.89
5245 2.51
5246 1.97
5247 2.32
5248 2.48
5249 2.17
5250 2.06
5251 2.03
5252 3.22
5253 1.54
5254 2.73
5255 4.26
5256 10.92
5257 50.70
5258 0.00
5259 0.00
5260 0.00
5261 8.30
5262 5.52
5263 5.91
5264 1.05
5265 2.18
5266 2.82
5267 2.38
5268 2.01
5269 1.99
5270 2.76
5271 2.82
5272 2.49
5273 2.64
5274 1.94
5275 2.04
5276 2.61
5277 1.48
5278 7.39
5279 10.54
5280 4.90
5281 0.41
5282 4.47
5283 22.81
5284 13.33
5285 7.24
5286 21.49
5287 5.41
5288 0.86
5289 3.78
5290 1.86
5291 2.56
5292 2.06
5293 2.64
5294 1.97
5295 2.18
5296 2.06
5297 2.11
5298 1.92
5299 2.04
5300 1.50
5301 0.00
5302 13.58
5303 6.62
5304 46.15
5305 2.03
5306 4.32
5307 12.47
5308 0.00
5309 3.75
5310 0.00
5311 10.73
5312 1.15
5313 2.38
5314 1.51
5315 1.92
5316 2.64
5317 2.17
5318 2.53
5319 2.33
5320 2.33
5321 2.70
5322 1.69
5323 2.10
5324 2.06
5325 0.99
5326 16.00
5327 10.25
5328 4.23
5329 0.66
5330 4.32
5331 3.44
5332 2.71
5333 0.00
5334 29.11
5335 7.25
5336 0.91
5337 2.41
5338 2.67
5339 2.05
5340 2.20
5341 1.90
5342 2.36
5343 2.13
5344 1.97
5345 2.33
5346 2.19
5347 1.82
5348 2.64
5349 0.95
5350 5.80
5351 3.49
5352 13.90
5353 1.14
5354 2.87
5355 14.10
5356 1.51
5357 0.85
5358 0.98
5359 8.80
5360 0.57
5361 1.83
5362 1.84
5363 1.57
5364 1.46
5365 1.63
5366 1.47
5367 1.31
5368 1.51
5369 1.87
5370 1.97
5371 1.86
5372 0.43
5373 45.00
5374 1.28
5375 0.76
5376 0.00
5377 0.29
5378 24.66
5379 24.66
5380 45.57
5381 12.16
5382 21.82
5383 15.60
5384 1.20
5385 4.19
5386 2.32
5387 1.94
5388 2.09
5389 2.05
5390 2.48
5391 2.11
5392 1.98
5393 2.08
5394 2.13
5395 2.63
5396 3.45
5397 9.94
5398 6.26
5399 14.01
5400 4.19
5401 0.00
5402 4.75
5403 0.00
5404 0.00
5405 5.26
5406 2.94
5407 7.64
5408 0.92
5409 2.98
5410 2.09
5411 2.41
5412 2.35
5413 2.13
5414 2.05
5415 2.72
5416 2.49
5417 2.69
5418 3.14
5419 2.65
5420 3.44
5421 7.49
5422 3.37
5423 16.85
5424 5.01
5425 0.37
5426 7.21
5427 15.00
5428 7.06
5429 16.17
5430 2.45
5431 17.31
5432 1.03
5433 2.55
5434 2.17
5435 2.01
5436 2.09
5437 2.29
5438 2.17
5439 2.46
5440 2.63
5441 2.31
5442 2.64
5443 2.11
5444 3.96
5445 1.67
5446 10.44
5447 5.73
5448 6.30
5449 10.18
5450 3.09
5451 0.00
5452 7.91
5453 23.48
5454 11.73
5455 9.71
5456 0.94
5457 2.37
5458 1.97
5459 2.05
5460 2.69
5461 2.28
5462 2.35
5463 2.35
5464 2.70
5465 2.34
5466 1.98
5467 1.63
5468 2.99
5469 1.40
5470 1.26
5471 2.72
5472 21.48
5473 1.89
5474 7.20
5475 20.81
5476 0.00
5477 11.42
5478 25.71
5479 7.89
5480 1.12
5481 1.33
5482 1.92
5483 3.09
5484 2.86
5485 2.30
5486 2.02
5487 1.97
5488 2.03
5489 2.35
5490 2.56
5491 1.81
5492 1.95
5493 0.53
5494 2.09
5495 2.61
5496 0.00
5497 0.43
5498 6.92
5499 7.09
5500 13.52
5501 8.93
5502 10.90
5503 9.45
5504 0.70
5505 1.90
5506 1.49
5507 2.06
5508 2.25
5509 1.96
5510 1.78
5511 2.02
5512 2.20
5513 1.75
5514 2.02
5515 2.40
5516 2.99
5517 2.22
5518 1.33
5519 1.34
5520 4.95
5521 0.44
5522 4.70
5523 0.82
5524 4.46
5525 1.00
5526 8.63
5527 1.15
5528 0.71
5529 1.86
5530 1.73
5531 1.39
5532 1.65
5533 1.47
5534 1.56
5535 1.42
5536 1.28
5537 1.33
5538 1.67
5539 3.91
5540 0.91
5541 0.29
5542 1.96
5543 28.20
5544 24.16
5545 1.54
5546 21.22
5547 1.63
5548 18.18
5549 7.59
5550 23.38
5551 13.42
5552 1.14
5553 2.31
5554 2.56
5555 1.97
5556 2.16
5557 1.99
5558 1.84
5559 2.25
5560 2.20
5561 2.97
5562 3.03
5563 2.70
5564 2.95
5565 4.80
5566 1.78
5567 4.95
5568 46.15
5569 6.65
5570 4.71
5571 10.37
5572 2.06
5573 13.04
5574 0.00
5575 10.42
5576 0.98
5577 3.52
5578 2.09
5579 1.94
5580 2.20
5581 1.54
5582 2.33
5583 2.33
5584 2.24
5585 1.99
5586 2.10
5587 2.68
5588 2.87
5589 7.57
5590 3.78
5591 5.43
5592 48.65
5593 0.29
5594 1.16
5595 9.92
5596 0.00
5597 19.89
5598 17.06
5599 15.65
5600 0.82
5601 2.23
5602 1.53
5603 2.39
5604 2.83
5605 2.76
5606 1.91
5607 1.77
5608 1.99
5609 2.37
5610 2.32
5611 2.49
5612 2.78
5613 6.49
5614 0.90
5615 14.57
5616 12.07
5617 0.51
5618 1.70
5619 0.00
5620 0.75
5621 11.25
5622 6.94
5623 7.95
5624 0.91
5625 2.11
5626 1.89
5627 2.52
5628 2.38
5629 1.98
5630 2.27
5631 1.99
5632 1.93
5633 2.32
5634 2.66
5635 2.59
5636 3.87
5637 2.17
5638 1.49
5639 8.26
5640 44.17
5641 0.49
5642 4.14
5643 0.00
5644 0.00
5645 20.34
5646 0.89
5647 5.16
5648 1.11
5649 2.09
5650 2.16
5651 2.33
5652 2.80
5653 1.80
5654 1.92
5655 2.03
5656 2.49
5657 2.52
5658 2.75
5659 2.24
5660 3.61
5661 1.47
5662 4.63
5663 4.92
5664 2.48
5665 3.62
5666 2.35
5667 20.22
5668 2.64
5669 1.30
5670 27.69
5671 5.43
5672 0.70
5673 4.34
5674 2.97
5675 2.18
5676 1.56
5677 2.09
5678 2.12
5679 2.08
5680 1.99
5681 2.02
5682 2.28
5683 2.18
5684 2.62
5685 2.17
5686 1.36
5687 0.62
5688 0.00
5689 0.19
5690 1.17
5691 1.48
5692 0.00
5693 1.89
5694 2.79
5695 7.58
5696 0.92
5697 2.17
5698 1.77
5699 1.43
5700 1.73
5701 1.63
5702 1.53
5703 1.40
5704 1.80
5705 1.93
5706 2.10
5707 1.83
5708 1.55
5709 10.23
5710 5.24
5711 6.20
5712 2.94
5713 0.14
5714 2.94
5715 14.46
5716 0.00
5717 0.00
5718 4.59
5719 4.44
5720 0.81
5721 2.56
5722 2.29
5723 1.49
5724 2.02
5725 2.03
5726 1.70
5727 2.23
5728 2.27
5729 2.48
5730 1.94
5731 2.52
5732 4.32
5733 5.85
5734 25.71
5735 2.52
5736 6.32
5737 0.10
5738 23.53
5739 0.00
5740 0.00
5741 28.46
5742 1.90
5743 4.01
5744 0.75
5745 2.22
5746 2.29
5747 2.01
5748 2.21
5749 2.27
5750 2.73
5751 1.90
5752 2.40
5753 2.05
5754 2.07
5755 2.05
5756 3.20
5757 2.97
5758 23.15
5759 2.94
5760 5.21
5761 0.25
5762 2.59
5763 18.60
5764 26.47
5765 11.23
5766 3.24
5767 18.31
5768 1.05
5769 1.66
5770 2.17
5771 2.49
5772 2.48
5773 1.87
5774 2.31
5775 2.12
5776 2.63
5777 2.58
5778 2.11
5779 2.33
5780 2.00
5781 2.00
5782 2.70
5783 6.26
5784 32.14
5785 2.68
5786 6.22
5787 0.00
5788 5.86
5789 7.68
5790 1.92
5791 6.53
5792 0.92
5793 1.52
5794 2.45
5795 2.23
5796 2.37
5797 1.86
5798 1.86
5799 2.32
5800 1.76
5801 2.59
5802 1.87
5803 1.69
5804 3.38
5805 2.21
5806 2.04
5807 1.27
5808 5.48
5809 0.86
5810 0.96
5811 14.33
5812 2.72
5813 10.32
5814 11.36
5815 2.29
5816 0.83
5817 2.45
5818 1.99
5819 2.58
5820 2.22
5821 2.05
5822 2.09
5823 2.62
5824 2.38
5825 2.53
5826 1.55
5827 2.28
5828 2.29
5829 0.58
5830 2.13
5831 0.82
5832 4.64
5833 0.51
5834 4.81
5835 8.45
5836 20.08
5837 13.48
5838 12.74
5839 20.62
5840 0.50
5841 3.05
5842 1.90
5843 1.65
5844 2.19
5845 2.32
5846 2.08
5847 2.10
5848 2.19
5849 1.77
5850 1.99
5851 2.65
5852 2.66
5853 2.86
5854 1.34
5855 0.99
5856 4.21
5857 0.28
5858 0.00
5859 22.09
5860 5.57
5861 3.88
5862 0.00
5863 0.81
5864 0.86
5865 1.58
5866 1.14
5867 1.22
5868 1.51
5869 1.39
5870 1.22
5871 1.55
5872 1.33
5873 1.53
5874 2.14
5875 3.41
5876 0.00
5877 6.25
5878 11.32
5879 11.04
5880 34.62
5881 6.44
5882 15.62
5883 2.92
5884 4.77
5885 26.87
5886 11.39
5887 5.68
5888 0.86
5889 1.19
5890 1.63
5891 2.24
5892 2.28
5893 2.08
5894 2.38
5895 2.21
5896 3.02
5897 2.50
5898 1.85
5899 2.02
5900 2.44
5901 3.38
5902 2.41
5903 17.71
5904 48.32
5905 0.35
5906 3.32
5907 18.75
5908 2.02
5909 12.72
5910 7.96
5911 5.47
5912 1.03
5913 2.27
5914 1.92
5915 2.47
5916 2.75
5917 2.13
5918 2.30
5919 2.82
5920 2.38
5921 2.36
5922 2.45
5923 1.66
5924 2.14
5925 2.93
5926 1.89
5927 11.76
5928 6.50
5929 1.82
5930 0.99
5931 4.15
5932 35.47
5933 12.68
5934 9.24
5935 10.88
5936 0.85
5937 2.39
5938 1.72
5939 2.55
5940 2.24
5941 2.40
5942 2.33
5943 2.92
5944 2.21
5945 2.48
5946 2.54
5947 1.91
5948 3.07
5949 2.26
5950 1.17
5951 18.16
5952 21.95
5953 0.40
5954 17.52
5955 1.05
5956 3.00
5957 9.26
5958 32.58
5959 4.63
5960 1.19
5961 1.74
5962 2.28
5963 2.07
5964 2.13
5965 1.79
5966 1.99
5967 2.38
5968 1.94
5969 2.43
5970 2.12
5971 1.99
5972 4.57
5973 1.35
5974 1.56
5975 11.37
5976 5.76
5977 1.69
5978 4.78
5979 2.30
5980 0.00
5981 15.77
5982 8.16
5983 4.74
5984 0.95
5985 1.72
5986 1.78
5987 1.75
5988 2.23
5989 1.79
5990 2.07
5991 2.52
5992 2.31
5993 2.88
5994 2.02
5995 2.32
5996 3.54
5997 0.85
5998 0.95
5999 2.20
6000 12.36
6001 0.49
6002 0.00
6003 5.72
6004 3.93
6005 4.10
6006 5.13
6007 3.29
6008 0.80
6009 3.08
6010 1.77
6011 1.96
6012 2.50
6013 2.10
6014 2.11
6015 1.88
6016 2.26
6017 1.68
6018 2.12
6019 3.06
6020 2.02
6021 1.41
6022 1.00
6023 32.00
6024 7.29
6025 0.38
6026 0.64
6027 35.47
6028 3.14
6029 2.00
6030 11.85
6031 11.76
6032 0.96
6033 2.02
6034 1.54
6035 1.44
6036 1.41
6037 1.52
6038 1.36
6039 1.34
6040 1.46
6041 1.78
6042 2.01
6043 5.73
6044 4.95
6045 1.02
6046 1.32
6047 5.40
6048 11.43
6049 0.50
6050 3.12
6051 4.31
6052 1.36
6053 4.31
6054 5.19
6055 4.73
6056 1.26
6057 1.91
6058 1.63
6059 2.39
6060 2.52
6061 2.23
6062 2.26
6063 2.48
6064 2.86
6065 2.33
6066 3.09
6067 2.10
6068 2.72
6069 0.00
6070 2.38
6071 14.71
6072 4.35
6073 7.30
6074 2.46
6075 10.20
6076 42.35
6077 13.76
6078 10.69
6079 10.68
6080 1.27
6081 1.61
6082 2.00
6083 1.59
6084 1.88
6085 1.82
6086 1.99
6087 2.60
6088 2.36
6089 2.48
6090 2.38
6091 2.49
6092 5.25
6093 6.60
6094 2.12
6095 9.42
6096 13.69
6097 0.23
6098 4.05
6099 1.16
6100 2.46
6101 12.02
6102 2.88
6103 4.05
6104 1.31
6105 2.71
6106 1.94
6107 2.08
6108 1.69
6109 2.77
6110 2.01
6111 2.67
6112 2.41
6113 2.44
6114 1.75
6115 2.48
6116 4.40
6117 2.17
6118 1.05
6119 3.71
6120 0.00
6121 0.59
6122 2.24
6123 0.00
6124 21.72
6125 6.08
6126 45.28
6127 8.10
6128 0.98
6129 2.68
6130 1.78
6131 2.31
6132 1.54
6133 1.81
6134 2.00
6135 2.50
6136 2.23
6137 2.79
6138 2.51
6139 2.25
6140 3.94
6141 0.88
6142 1.63
6143 2.70
6144 1.21
6145 1.18
6146 15.95
6147 3.02
6148 19.10
6149 10.33
6150 12.00
6151 4.93
6152 1.13
6153 1.91
6154 2.16
6155 1.55
6156 2.34
6157 1.51
6158 1.97
6159 2.21
6160 2.37
6161 2.31
6162 1.84
6163 2.10
6164 2.66
6165 1.77
6166 2.23
6167 4.00
6168 3.80
6169 0.82
6170 10.64
6171 42.60
6172 1.86
6173 15.58
6174 14.40
6175 1.09
6176 0.82
6177 2.69
6178 3.19
6179 2.16
6180 2.03
6181 1.89
6182 1.38
6183 2.42
6184 2.27
6185 2.26
6186 2.26
6187 2.04
6188 3.01
6189 1.54
6190 1.63
6191 6.24
6192 3.05
6193 0.50
6194 1.40
6195 4.61
6196 4.85
6197 3.44
6198 1.30
6199 2.54
6200 0.66
6201 2.51
6202 1.97
6203 1.60
6204 1.59
6205 1.23
6206 1.85
6207 1.36
6208 1.41
6209 1.83
6210 1.71
6211 2.61
6212 1.19
6213 28.05
6214 25.62
6215 1.50
6216 17.02
6217 1.95
6218 2.32
6219 20.57
6220 1.28
6221 5.65
6222 1.97
6223 2.55
6224 0.81
6225 1.72
6226 2.01
6227 2.68
6228 2.16
6229 2.35
6230 2.69
6231 2.30
6232 2.87
6233 2.96
6234 3.13
6235 2.30
6236 4.23
6237 8.05
6238 7.77
6239 17.20
6240 4.91
6241 3.59
6242 3.40
6243 9.52
6244 0.00
6245 6.19
6246 1.95
6247 2.98
6248 1.17
6249 2.38
6250 1.31
6251 1.88
6252 2.53
6253 2.20
6254 1.96
6255 2.45
6256 2.60
6257 2.60
6258 2.02
6259 3.07
6260 3.98
6261 12.25
6262 2.63
6263 4.82
6264 14.77
6265 0.27
6266 3.30
6267 0.92
6268 43.90
6269 44.44
6270 8.16
6271 6.11
6272 1.27
6273 2.97
6274 2.63
6275 2.68
6276 1.81
6277 2.33
6278 2.24
6279 2.52
6280 1.90
6281 2.46
6282 2.15
6283 2.40
6284 4.23
6285 4.39
6286 2.62
6287 25.57
6288 8.10
6289 1.50
6290 0.00
6291 2.51
6292 4.32
6293 11.30
6294 2.91
6295 8.37
6296 1.27
6297 2.08
6298 2.22
6299 2.36
6300 1.99
6301 2.08
6302 2.03
6303 2.14
6304 3.27
6305 2.71
6306 2.65
6307 2.18
6308 3.43
6309 1.14
6310 1.03
6311 6.36
6312 4.73
6313 0.55
6314 6.23
6315 8.45
6316 1.25
6317 10.69
6318 10.08
6319 6.67
6320 1.47
6321 2.26
6322 2.10
6323 2.02
6324 2.58
6325 2.60
6326 1.83
6327 2.45
6328 2.57
6329 1.67
6330 1.68
6331 2.66
6332 3.25
6333 0.84
6334 1.89
6335 3.22
6336 5.47
6337 0.31
6338 2.15
6339 0.00
6340 27.17
6341 3.78
6342 17.14
6343 2.48
6344 0.76
6345 2.18
6346 2.73
6347 3.07
6348 2.31
6349 2.80
6350 2.31
6351 2.52
6352 2.06
6353 2.52
6354 2.10
6355 2.54
6356 3.00
6357 1.49
6358 0.88
6359 0.99
6360 3.85
6361 0.53
6362 2.13
6363 4.21
6364 0.00
6365 1.92
6366 1.29
6367 0.00
6368 1.20
6369 1.90
6370 1.97
6371 1.60
6372 1.66
6373 1.41
6374 1.16
6375 1.88
6376 1.02
6377 1.68
6378 2.19
6379 5.73
6380 0.61
6381 22.22
6382 20.69
6383 9.96
6384 6.33
6385 0.46
6386 4.21
6387 4.32
6388 9.10
6389 21.05
6390 1.76
6391 6.19
6392 1.50
6393 4.37
6394 3.09
6395 2.29
6396 2.53
6397 2.68
6398 2.38
6399 2.95
6400 2.35
6401 2.04
6402 3.15
6403 2.52
6404 3.83
6405 1.01
6406 16.56
6407 2.55
6408 16.47
6409 0.25
6410 2.79
6411 10.68
6412 0.00
6413 12.70
6414 1.60
6415 11.26
6416 1.20
6417 2.36
6418 2.16
6419 2.33
6420 2.00
6421 2.33
6422 1.92
6423 2.42
6424 2.68
6425 3.29
6426 2.80
6427 2.31
6428 5.40
6429 5.76
6430 2.42
6431 7.57
6432 20.20
6433 1.82
6434 12.12
6435 4.32
6436 20.51
6437 9.60
6438 1.65
6439 7.68
6440 1.78
6441 1.61
6442 1.89
6443 1.79
6444 1.82
6445 2.19
6446 2.63
6447 2.28
6448 2.75
6449 2.12
6450 2.08
6451 1.79
6452 2.07
6453 4.57
6454 1.50
6455 9.99
6456 20.93
6457 0.33
6458 4.73
6459 4.76
6460 14.94
6461 6.83
6462 7.46
6463 5.66
6464 1.57
6465 1.25
6466 2.44
6467 1.89
6468 2.22
6469 2.35
6470 2.52
6471 2.20
6472 2.57
6473 2.49
6474 2.49
6475 2.52
6476 2.84
6477 5.39
6478 4.16
6479 1.70
6480 3.56
6481 0.90
6482 1.49
6483 16.90
6484 5.53
6485 2.59
6486 6.74
6487 5.20
6488 1.51
6489 1.89
6490 2.12
6491 1.51
6492 2.64
6493 2.48
6494 1.88
6495 2.74
6496 2.44
6497 2.50
6498 2.21
6499 2.05
6500 2.53
6501 1.57
6502 1.69
6503 5.13
6504 3.43
6505 0.44
6506 0.81
6507 2.69
6508 3.23
6509 0.28
6510 22.09
6511 9.36
6512 0.68
6513 0.98
6514 2.53
6515 1.85
6516 3.10
6517 2.77
6518 2.86
6519 2.46
6520 2.54
6521 2.53
6522 2.13
6523 2.51
6524 2.68
6525 2.16
6526 1.55
6527 3.56
6528 5.49
6529 0.82
6530 4.16
6531 10.70
6532 8.78
6533 2.75
6534 4.07
6535 0.93
6536 1.15
6537 2.15
6538 1.17
6539 1.47
6540 1.58
6541 1.68
6542 1.60
6543 1.50
6544 1.46
6545 1.77
6546 2.02
6547 1.95
6548 0.73
6549 1.32
6550 6.11
6551 59.02
6552 2.96
6553 1.28
6554 9.05
6555 9.60
6556 5.61
6557 1.08
6558 3.08
6559 2.36
6560 1.78
6561 1.32
6562 2.78
6563 2.85
6564 1.70
6565 2.65
6566 2.20
6567 2.11
6568 2.61
6569 2.64
6570 3.09
6571 2.51
6572 3.35
6573 29.75
6574 3.24
6575 6.41
6576 25.47
6577 2.05
6578 7.60
6579 0.00
6580 5.70
6581 6.24
6582 1.18
6583 7.39
6584 2.25
6585 1.53
6586 1.79
6587 1.18
6588 1.49
6589 1.71
6590 1.35
6591 1.42
6592 1.65
6593 1.94
6594 1.92
6595 3.33
6596 4.50
6597 5.34
6598 1.87
6599 3.64
6600 8.62
6601 0.47
6602 0.64
6603 2.27
6604 3.66
6605 1.66
6606 0.91
6607 2.06
6608 2.61
6609 5.22
6610 2.32
6611 2.18
6612 2.87
6613 2.24
6614 2.32
6615 2.37
6616 2.51
6617 3.28
6618 3.80
6619 2.81
6620 3.49
6621 7.29
6622 4.21
6623 35.09
6624 3.81
6625 0.96
6626 1.29
6627 50.00
6628 1.70
6629 1.01
6630 2.75
6631 4.84
6632 3.20
6633 4.76
6634 2.06
6635 2.16
6636 2.18
6637 2.49
6638 2.39
6639 3.01
6640 2.54
6641 2.95
6642 3.23
6643 2.97
6644 3.21
6645 4.18
6646 12.16
6647 3.28
6648 5.53
6649 1.04
6650 1.50
6651 22.22
6652 0.54
6653 1.70
6654 1.46
6655 5.50
6656 2.57
6657 3.14
6658 2.17
6659 2.05
6660 2.51
6661 2.75
6662 2.93
6663 2.14
6664 2.39
6665 2.65
6666 2.90
6667 3.01
6668 2.86
6669 3.02
6670 4.26
6671 3.79
6672 4.99
6673 0.94
6674 2.48
6675 2.85
6676 3.72
6677 2.77
6678 3.57
6679 4.60
6680 1.76
6681 3.25
6682 2.83
6683 2.09
6684 2.69
6685 1.92
6686 2.15
6687 2.66
6688 2.40
6689 2.54
6690 2.69
6691 2.42
6692 2.98
6693 4.88
6694 11.70
6695 5.48
6696 7.00
6697 5.10
6698 2.79
6699 5.02
6700 2.02
6701 3.07
6702 1.92
6703 4.28
6704 3.61
6705 3.11
6706 2.41
6707 1.70
6708 2.90
6709 2.20
6710 2.17
6711 2.62
6712 2.67
6713 2.47
6714 2.39
6715 2.34
6716 3.88
6717 11.37
6718 5.14
6719 5.45
6720 8.93
6721 1.16
6722 5.82
6723 8.80
6724 6.54
6725 1.69
6726 2.69
6727 2.23
6728 1.54
6729 3.09
6730 2.22
6731 2.99
6732 1.98
6733 2.11
6734 2.04
6735 2.02
6736 2.04
6737 2.12
6738 2.46
6739 2.20
6740 3.98
6741 15.43
6742 1.33
6743 3.41
6744 12.14
6745 0.80
6746 0.78
6747 1.21
6748 3.40
6749 0.73
6750 2.22
6751 2.55
6752 1.05
6753 2.17
6754 1.72
6755 1.95
6756 1.64
6757 1.68
6758 1.79
6759 1.45
6760 1.63
6761 1.41
6762 2.06
6763 5.75
6764 2.15
6765 6.97
6766 12.33
6767 8.86
6768 4.50
6769 0.39
6770 2.10
6771 3.71
6772 1.24
6773 2.05
6774 3.60
6775 4.67
6776 1.67
6777 3.29
6778 1.91
6779 1.99
6780 2.71
6781 2.60
6782 2.64
6783 2.67
6784 2.88
6785 3.54
6786 2.58
6787 2.46
6788 2.61
6789 9.15
6790 11.91
6791 7.82
6792 7.22
6793 0.39
6794 4.86
6795 3.13
6796 1.53
6797 1.07
6798 1.40
6799 3.26
6800 2.71
6801 2.64
6802 1.83
6803 2.11
6804 2.37
6805 1.93
6806 2.45
6807 2.10
6808 2.10
6809 2.98
6810 2.73
6811 2.41
6812 2.43
6813 2.31
6814 4.37
6815 6.16
6816 5.65
6817 4.61
6818 5.93
6819 6.38
6820 2.67
6821 2.88
6822 2.03
6823 5.75
6824 2.23
6825 3.99
6826 2.12
6827 1.77
6828 1.70
6829 2.49
6830 2.24
6831 2.40
6832 2.50
6833 2.50
6834 2.56
6835 2.35
6836 3.17
6837 3.94
6838 8.15
6839 6.04
6840 6.68
6841 1.39
6842 2.51
6843 1.19
6844 0.91
6845 2.89
6846 1.72
6847 3.54
6848 2.00
6849 2.31
6850 2.10
6851 2.44
6852 2.44
6853 2.08
6854 2.17
6855 2.32
6856 2.19
6857 2.31
6858 2.66
6859 2.86
6860 4.94
6861 5.07
6862 2.51
6863 3.34
6864 5.60
6865 0.58
6866 8.03
6867 4.10
6868 2.18
6869 2.52
6870 2.10
6871 1.34
6872 2.35
6873 2.53
6874 1.52
6875 2.22
6876 2.14
6877 1.97
6878 2.20
6879 2.35
6880 2.42
6881 2.49
6882 2.52
6883 2.83
6884 2.40
6885 4.69
6886 3.18
6887 7.45
6888 10.10
6889 2.31
6890 9.99
6891 9.69
6892 5.23
6893 1.60
6894 4.26
6895 4.08
6896 0.95
6897 2.45
6898 1.71
6899 1.66
6900 1.87
6901 1.80
6902 2.33
6903 1.68
6904 1.97
6905 2.18
6906 2.24
6907 2.35
6908 2.07
6909 0.69
6910 6.37
6911 2.21
6912 3.04
6913 0.74
6914 7.01
6915 11.60
6916 12.69
6917 3.79
6918 2.82
6919 2.72
6920 0.64
6921 2.02
6922 1.54
6923 1.25
6924 1.43
6925 1.45
6926 1.52
6927 1.41
6928 1.58
6929 1.59
6930 1.80
6931 3.69
6932 1.36
6933 8.85
6934 6.32
6935 6.91
6936 8.56
6937 0.69
6938 2.54
6939 1.14
6940 2.80
6941 1.94
6942 2.04
6943 5.12
6944 1.96
6945 2.86
6946 2.58
6947 1.97
6948 2.00
6949 2.31
6950 2.28
6951 2.42
6952 2.39
6953 2.29
6954 3.20
6955 2.87
6956 5.57
6957 5.11
6958 12.65
6959 5.27
6960 7.83
6961 3.70
6962 1.87
6963 21.05
6964 2.02
6965 1.61
6966 2.23
6967 3.82
6968 2.29
6969 2.72
6970 1.98
6971 2.13
6972 2.32
6973 2.14
6974 2.11
6975 2.32
6976 2.97
6977 2.77
6978 2.78
6979 2.17
6980 2.80
6981 7.10
6982 5.50
6983 10.39
6984 12.31
6985 6.89
6986 6.43
6987 8.15
6988 1.65
6989 3.33
6990 1.94
6991 3.74
6992 2.84
6993 2.61
6994 1.63
6995 2.72
6996 2.49
6997 2.47
6998 2.07
6999 2.32
7000 2.30
7001 3.49
7002 2.93
7003 2.66
7004 3.57
7005 3.94
7006 2.66
7007 10.02
7008 9.57
7009 4.11
7010 9.51
7011 4.51
7012 1.08
7013 2.16
7014 2.66
7015 4.58
7016 1.98
7017 3.04
7018 2.15
7019 1.88
7020 1.95
7021 2.14
7022 2.19
7023 2.09
7024 2.69
7025 2.74
7026 2.82
7027 2.43
7028 3.29
7029 3.20
7030 4.32
7031 4.48
7032 6.18
7033 4.32
7034 8.77
7035 9.87
7036 2.48
7037 1.78
7038 1.50
7039 7.66
7040 1.20
7041 1.96
7042 0.99
7043 1.63
7044 1.80
7045 1.63
7046 1.69
7047 1.99
7048 3.02
7049 2.05
7050 2.39
7051 2.10
7052 3.78
7053 2.58
7054 8.12
7055 4.62
7056 10.37
7057 0.90
7058 10.98
7059 10.53
7060 4.59
7061 1.86
7062 4.85
7063 3.96
7064 0.90
7065 2.59
7066 3.37
7067 2.29
7068 2.23
7069 1.56
7070 1.99
7071 1.91
7072 2.30
7073 2.24
7074 2.65
7075 2.31
7076 3.12
7077 1.29
7078 3.74
7079 8.71
7080 14.52
7081 1.00
7082 3.62
7083 3.13
7084 2.07
7085 10.66
7086 2.56
7087 2.25
7088 1.37
7089 3.07
7090 1.13
7091 1.82
7092 1.75
7093 1.70
7094 1.78
7095 1.67
7096 1.92
7097 1.70
7098 1.94
7099 5.48
7100 2.38
7101 7.92
7102 7.31
7103 4.15
7104 5.05
7105 1.05
7106 3.64
7107 4.36
7108 1.37
7109 4.09
7110 2.21
7111 5.62
7112 0.99
7113 4.51
7114 2.19
7115 2.29
7116 2.25
7117 2.42
7118 2.39
7119 2.56
7120 2.44
7121 2.91
7122 3.39
7123 3.13
7124 4.46
7125 4.04
7126 3.69
7127 8.72
7128 10.65
7129 8.29
7130 2.66
7131 1.18
7132 3.87
7133 2.42
7134 2.17
7135 4.57
7136 1.31
7137 3.17
7138 1.69
7139 2.31
7140 2.41
7141 2.06
7142 2.37
7143 2.25
7144 2.36
7145 2.64
7146 3.34
7147 2.33
7148 3.73
7149 4.61
7150 7.98
7151 6.33
7152 6.64
7153 3.65
7154 7.45
7155 1.97
7156 2.39
7157 2.70
7158 2.40
7159 1.96
7160 2.33
7161 1.53
7162 1.80
7163 1.56
7164 2.01
7165 1.84
7166 1.99
7167 2.18
7168 2.92
7169 2.84
7170 2.21
7171 2.70
7172 3.84
7173 1.65
7174 8.23
7175 7.73
7176 4.06
7177 2.23
7178 7.58
7179 16.90
7180 1.28
7181 2.11
7182 3.60
7183 5.31
7184 1.86
7185 3.55
7186 2.53
7187 1.80
7188 1.91
7189 2.29
7190 2.08
7191 2.45
7192 2.31
7193 2.20
7194 2.57
7195 2.40
7196 4.11
7197 5.00
7198 8.71
7199 4.41
7200 3.84
7201 1.42
7202 1.26
7203 10.47
7204 8.41
7205 5.52
7206 2.32
7207 6.70
7208 2.75
7209 2.41
7210 1.79
7211 2.17
7212 2.06
7213 2.19
7214 2.13
7215 2.31
7216 2.96
7217 2.93
7218 2.50
7219 2.36
7220 2.16
7221 13.92
7222 3.28
7223 3.93
7224 10.80
7225 3.33
7226 8.55
7227 6.58
7228 3.10
7229 0.97
7230 6.59
7231 5.15
7232 1.13
7233 2.47
7234 2.35
7235 2.32
7236 2.34
7237 2.04
7238 2.12
7239 2.36
7240 2.07
7241 2.32
7242 2.86
7243 2.60
7244 2.39
7245 13.41
7246 2.57
7247 3.95
7248 5.54
7249 0.49
7250 6.88
7251 1.05
7252 10.71
7253 6.68
7254 15.09
7255 9.99
7256 0.54
7257 2.74
7258 1.40
7259 1.80
7260 1.38
7261 1.59
7262 1.30
7263 1.94
7264 1.64
7265 1.78
7266 1.95
7267 6.46
7268 3.16
7269 4.26
7270 2.07
7271 9.64
7272 3.92
7273 6.97
7274 7.13
7275 17.06
7276 1.43
7277 8.90
7278 5.55
7279 7.67
7280 2.71
7281 3.00
7282 1.99
7283 2.41
7284 2.12
7285 1.62
7286 2.39
7287 2.74
7288 2.59
7289 2.55
7290 2.26
7291 2.71
7292 4.77
7293 6.11
7294 4.98
7295 5.29
7296 7.63
7297 0.81
7298 2.18
7299 17.29
7300 12.13
7301 4.18
7302 10.10
7303 3.72
7304 0.34
7305 0.51
7306 1.03
7307 1.48
7308 0.98
7309 1.14
7310 1.18
7311 1.46
7312 2.01
7313 1.17
7314 1.90
7315 2.04
7316 4.30
7317 7.74
7318 11.16
7319 10.05
7320 10.34
7321 5.36
7322 8.59
7323 16.98
7324 19.27
7325 8.01
7326 2.94
7327 10.57
7328 1.61
7329 3.95
7330 1.67
7331 2.10
7332 2.27
7333 2.40
7334 2.13
7335 2.41
7336 2.25
7337 2.85
7338 3.00
7339 2.05
7340 2.33
7341 14.70
7342 10.50
7343 5.19
7344 3.78
7345 5.97
7346 3.33
7347 13.82
7348 15.00
7349 3.38
7350 5.87
7351 10.04
7352 1.45
7353 4.14
7354 2.23
7355 1.62
7356 3.09
7357 2.30
7358 2.40
7359 2.27
7360 2.71
7361 3.04
7362 2.51
7363 2.39
7364 2.21
7365 8.30
7366 6.39
7367 10.66
7368 11.24
7369 2.77
7370 5.10
7371 4.30
7372 6.35
7373 2.88
7374 4.14
7375 11.17
7376 2.02
7377 4.27
7378 1.74
7379 1.90
7380 2.35
7381 2.06
7382 1.98
7383 2.55
7384 2.22
7385 2.17
7386 2.45
7387 2.37
7388 2.34
7389 1.29
7390 6.49
7391 4.24
7392 5.69
7393 0.75
7394 6.54
7395 7.62
7396 9.96
7397 1.62
7398 7.81
7399 6.46
7400 0.98
7401 2.37
7402 2.18
7403 2.53
7404 2.49
7405 2.20
7406 2.55
7407 2.05
7408 2.04
7409 2.33
7410 2.32
7411 2.50
7412 3.01
7413 10.97
7414 3.21
7415 2.95
7416 9.03
7417 0.94
7418 6.07
7419 4.23
7420 8.72
7421 6.10
7422 6.62
7423 1.89
7424 0.76
7425 1.92
7426 1.21
7427 1.66
7428 1.77
7429 1.25
7430 1.84
7431 1.67
7432 1.71
7433 1.64
7434 2.49
7435 5.11
7436 5.83
7437 5.52
7438 10.91
7439 6.95
7440 46.55
7441 3.60
7442 1.34
7443 4.89
7444 0.00
7445 10.10
7446 3.80
7447 13.74
7448 1.94
7449 1.69
7450 2.60
7451 1.86
7452 2.48
7453 2.32
7454 2.67
7455 2.38
7456 2.42
7457 3.00
7458 3.80
7459 2.42
7460 2.90
7461 5.19
7462 4.32
7463 4.40
7464 8.67
7465 5.03
7466 3.77
7467 1.05
7468 0.00
7469 12.34
7470 6.43
7471 10.11
7472 1.12
7473 1.88
7474 1.97
7475 1.73
7476 2.46
7477 1.82
7478 2.28
7479 2.09
7480 2.43
7481 2.62
7482 2.38
7483 2.40
7484 3.44
7485 6.12
7486 3.12
7487 2.02
7488 14.32
7489 6.78
7490 11.54
7491 16.74
7492 8.70
7493 12.66
7494 4.71
7495 5.03
7496 1.50
7497 4.07
7498 1.98
7499 2.13
7500 1.93
7501 1.94
7502 2.26
7503 2.45
7504 2.55
7505 2.81
7506 2.43
7507 2.00
7508 4.08
7509 6.68
7510 11.71
7511 8.08
7512 8.59
7513 0.62
7514 4.27
7515 8.55
7516 8.17
7517 6.72
7518 7.39
7519 6.99
7520 1.63
7521 3.52
7522 2.09
7523 2.33
7524 2.41
7525 2.20
7526 1.82
7527 2.58
7528 2.48
7529 1.68
7530 2.48
7531 2.19
7532 2.85
7533 11.04
7534 7.53
7535 13.13
7536 8.55
7537 4.52
7538 7.59
7539 10.17
7540 8.78
7541 12.21
7542 4.09
7543 13.21
7544 2.20
7545 2.76
7546 1.60
7547 1.86
7548 2.38
7549 2.08
7550 2.30
7551 2.19
7552 2.59
7553 2.09
7554 1.64
7555 2.35
7556 3.58
7557 1.43
7558 12.32
7559 2.65
7560 13.33
7561 0.72
7562 9.09
7563 9.41
7564 7.13
7565 2.67
7566 8.43
7567 7.29
7568 1.97
7569 3.49
7570 3.04
7571 1.91
7572 2.27
7573 1.72
7574 2.44
7575 2.10
7576 1.85
7577 2.31
7578 2.57
7579 2.12
7580 4.35
7581 1.50
7582 1.28
7583 2.07
7584 9.32
7585 1.31
7586 0.72
7587 47.57
7588 2.28
7589 11.21
7590 3.84
7591 0.68
7592 1.22
7593 2.74
7594 1.38
7595 1.39
7596 1.77
7597 1.55
7598 1.43
7599 1.46
7600 1.32
7601 1.59
7602 2.32
7603 5.56
7604 7.68
7605 1.33
7606 10.93
7607 3.12
7608 8.15
7609 0.59
7610 5.23
7611 3.25
7612 8.05
7613 13.74
7614 4.13
7615 11.05
7616 1.41
7617 3.05
7618 2.07
7619 2.03
7620 2.07
7621 2.51
7622 2.07
7623 2.25
7624 2.36
7625 2.67
7626 2.97
7627 3.40
7628 3.49
7629 4.81
7630 13.55
7631 6.21
7632 6.35
7633 12.46
7634 0.00
7635 11.23
7636 16.00
7637 10.40
7638 3.17
7639 10.16
7640 2.08
7641 2.82
7642 2.03
7643 1.71
7644 2.51
7645 1.92
7646 2.43
7647 2.77
7648 2.52
7649 2.65
7650 3.44
7651 2.45
7652 3.38
7653 3.71
7654 3.48
7655 4.84
7656 10.63
7657 11.21
7658 3.37
7659 10.26
7660 12.93
7661 13.24
7662 2.17
7663 9.88
7664 2.03
7665 2.70
7666 2.76
7667 1.69
7668 2.20
7669 2.17
7670 2.20
7671 2.21
7672 2.76
7673 2.67
7674 2.99
7675 2.69
7676 3.36
7677 3.91
7678 14.02
7679 7.14
7680 10.22
7681 4.23
7682 2.90
7683 5.85
7684 14.17
7685 10.35
7686 3.33
7687 7.13
7688 2.80
7689 3.19
7690 2.70
7691 2.13
7692 2.27
7693 2.32
7694 2.08
7695 2.40
7696 2.54
7697 3.18
7698 2.50
7699 2.34
7700 2.50
7701 3.20
7702 23.73
7703 14.30
7704 8.40
7705 1.02
7706 23.38
7707 6.17
7708 6.33
7709 10.07
7710 2.58
7711 13.38
7712 1.97
7713 4.17
7714 1.76
7715 1.97
7716 2.21
7717 2.40
7718 2.29
7719 2.34
7720 3.17
7721 3.39
7722 3.25
7723 2.57
7724 3.28
7725 3.93
7726 14.17
7727 5.04
7728 12.42
7729 1.03
7730 2.05
7731 10.01
7732 3.70
7733 2.13
7734 8.20
7735 2.22
7736 1.30
7737 3.02
7738 2.02
7739 2.65
7740 2.20
7741 2.33
7742 2.58
7743 2.22
7744 2.41
7745 2.67
7746 2.90
7747 2.47
7748 2.97
7749 15.49
7750 7.56
7751 2.37
7752 11.80
7753 0.71
7754 10.07
7755 2.81
7756 1.29
7757 13.51
7758 8.79
7759 6.99
7760 3.24
7761 3.23
7762 1.83
7763 1.33
7764 1.63
7765 1.62
7766 1.49
7767 1.44
7768 1.73
7769 1.60
7770 1.88
7771 5.61
7772 5.62
7773 3.56
7774 5.65
7775 5.85
7776 3.87
7777 0.85
7778 3.36
7779 14.21
7780 18.09
7781 9.43
7782 4.83
7783 7.10
7784 2.57
7785 2.56
7786 2.17
7787 2.50
7788 2.21
7789 2.06
7790 2.55
7791 1.99
7792 2.54
7793 2.67
7794 4.25
7795 2.31
7796 5.07
7797 2.58
7798 3.27
7799 8.26
7800 10.31
7801 0.44
7802 5.50
7803 2.40
7804 3.73
7805 10.99
7806 6.07
7807 6.04
7808 1.81
7809 4.45
7810 2.60
7811 1.81
7812 2.68
7813 2.20
7814 2.33
7815 2.09
7816 2.62
7817 2.51
7818 2.23
7819 2.13
7820 1.84
7821 2.32
7822 2.11
7823 2.97
7824 11.46
7825 2.22
7826 5.02
7827 1.16
7828 12.46
7829 2.75
7830 2.61
7831 3.69
7832 1.75
7833 3.56
7834 2.62
7835 2.22
7836 2.39
7837 2.41
7838 2.26
7839 2.74
7840 2.57
7841 2.48
7842 2.99
7843 1.95
7844 3.03
7845 2.82
7846 1.23
7847 6.99
7848 6.39
7849 1.46
7850 4.38
7851 3.91
7852 10.27
7853 3.31
7854 3.79
7855 5.07
7856 2.55
7857 3.28
7858 2.20
7859 2.22
7860 2.47
7861 2.25
7862 1.98
7863 2.31
7864 2.65
7865 2.85
7866 2.22
7867 2.45
7868 3.72
7869 3.88
7870 5.18
7871 8.51
7872 7.75
7873 5.34
7874 7.33
7875 13.47
7876 3.10
7877 8.29
7878 5.50
7879 13.08
7880 1.93
7881 2.98
7882 2.03
7883 2.15
7884 2.76
7885 2.69
7886 2.61
7887 2.27
7888 2.89
7889 2.79
7890 3.19
7891 1.96
7892 2.58
7893 5.87
7894 2.93
7895 6.25
7896 16.13
7897 1.27
7898 5.65
7899 2.39
7900 4.53
7901 1.82
7902 5.48
7903 8.31
7904 1.34
7905 2.65
7906 2.56
7907 2.00
7908 2.09
7909 2.25
7910 2.41
7911 2.23
7912 2.35
7913 2.53
7914 2.81
7915 2.31
7916 4.35
7917 1.17
7918 6.84
7919 2.06
7920 5.25
7921 0.97
7922 2.62
7923 2.73
7924 12.00
7925 1.50
7926 5.18
7927 3.89
7928 0.85
7929 2.85
7930 1.58
7931 1.61
7932 1.62
7933 1.60
7934 1.41
7935 1.22
7936 1.56
7937 1.34
7938 1.92
7939 2.41
7940 1.99
7941 7.25
7942 6.88
7943 4.50
7944 4.04
7945 2.79
7946 5.06
7947 9.62
7948 18.65
7949 7.04
7950 2.90
7951 4.81
7952 3.95
7953 4.17
7954 1.98
7955 2.20
7956 1.89
7957 2.45
7958 2.71
7959 2.56
7960 2.68
7961 2.95
7962 3.16
7963 2.22
7964 3.28
7965 9.97
7966 11.72
7967 3.74
7968 8.21
7969 4.07
7970 7.64
7971 9.91
7972 3.64
7973 10.95
7974 4.37
7975 1.79
7976 1.29
7977 5.18
7978 2.94
7979 2.57
7980 2.39
7981 2.41
7982 2.07
7983 2.29
7984 2.70
7985 2.69
7986 2.85
7987 2.57
7988 3.36
7989 3.51
7990 2.06
7991 4.81
7992 5.17
7993 1.03
7994 1.81
7995 4.05
7996 8.11
7997 19.23
7998 3.63
7999 6.57
8000 2.00
8001 6.14
8002 2.29
8003 2.10
8004 2.09
8005 2.55
8006 2.82
8007 2.01
8008 2.13
8009 2.39
8010 2.27
8011 2.27
8012 2.43
8013 1.59
8014 6.35
8015 5.04
8016 3.92
8017 0.39
8018 6.14
8019 3.26
8020 13.98
8021 19.49
8022 1.86
8023 6.35
8024 1.48
8025 3.48
8026 1.91
8027 1.86
8028 2.16
8029 2.07
8030 2.41
8031 2.30
8032 2.28
8033 2.60
8034 2.56
8035 2.19
8036 2.88
8037 4.43
8038 9.28
8039 4.26
8040 18.34
8041 4.63
8042 3.99
8043 6.93
8044 12.84
8045 8.23
8046 1.11
8047 1.44
8048 1.78
8049 2.95
8050 1.88
8051 1.60
8052 1.70
8053 2.28
8054 2.22
8055 2.33
8056 2.23
8057 2.99
8058 2.57
8059 1.83
8060 2.38
8061 1.74
8062 1.31
8063 2.78
8064 1.52
8065 0.36
8066 48.00
8067 5.79
8068 4.33
8069 6.47
8070 10.16
8071 0.86
8072 1.03
8073 3.22
8074 2.39
8075 2.69
8076 2.02
8077 2.05
8078 2.05
8079 1.92
8080 2.44
8081 2.60
8082 2.51
8083 2.42
8084 2.47
8085 19.21
8086 1.15
8087 3.03
8088 8.14
8089 0.49
8090 4.68
8091 3.21
8092 27.07
8093 20.17
8094 2.17
8095 9.04
8096 0.63
8097 2.84
8098 1.89
8099 1.24
8100 1.49
8101 1.15
8102 1.47
8103 1.25
8104 1.40
8105 1.50
8106 1.28
8107 3.33
8108 22.96
8109 10.75
8110 9.31
8111 6.87
8112 5.99
8113 6.65
8114 6.29
8115 22.22
8116 0.00
8117 10.48
8118 1.15
8119 3.45
8120 1.08
8121 3.52
8122 1.95
8123 2.14
8124 2.06
8125 2.23
8126 2.07
8127 2.40
8128 1.98
8129 2.78
8130 2.71
8131 2.36
8132 3.79
8133 4.94
8134 6.80
8135 11.06
8136 4.71
8137 6.52
8138 4.87
8139 4.79
8140 4.96
8141 1.12
8142 23.61
8143 3.69
8144 1.69
8145 2.90
8146 1.97
8147 1.89
8148 2.35
8149 2.11
8150 2.21
8151 2.44
8152 2.41
8153 3.17
8154 2.49
8155 2.34
8156 2.51
8157 2.89
8158 6.71
8159 3.72
8160 2.50
8161 0.71
8162 3.11
8163 16.51
8164 14.10
8165 15.33
8166 0.94
8167 6.11
8168 1.06
8169 3.07
8170 2.26
8171 2.17
8172 2.46
8173 2.12
8174 2.68
8175 2.62
8176 2.36
8177 3.07
8178 2.58
8179 2.32
8180 1.94
8181 0.82
8182 3.22
8183 9.28
8184 43.37
8185 8.67
8186 4.67
8187 0.00
8188 2.70
8189 27.27
8190 1.33
8191 11.14
8192 0.94
8193 2.63
8194 2.20
8195 1.94
8196 2.04
8197 2.22
8198 2.78
8199 2.74
8200 2.70
8201 2.30
8202 2.72
8203 2.51
8204 3.19
8205 1.81
8206 3.54
8207 3.04
8208 19.35
8209 8.07
8210 4.58
8211 2.24
8212 20.34
8213 12.67
8214 1.55
8215 9.51
8216 1.44
8217 3.45
8218 1.67
8219 2.39
8220 2.96
8221 2.50
8222 2.71
8223 2.40
8224 2.96
8225 2.57
8226 2.78
8227 2.61
8228 3.07
8229 3.19
8230 17.43
8231 4.55
8232 22.54
8233 1.17
8234 3.81
8235 3.21
8236 5.37
8237 0.99
8238 16.60
8239 10.96
8240 1.30
8241 2.77
8242 2.63
8243 2.80
8244 2.61
8245 2.52
8246 2.00
8247 2.25
8248 2.09
8249 2.47
8250 2.36
8251 2.33
8252 4.06
8253 1.29
8254 5.88
8255 1.73
8256 48.98
8257 0.69
8258 3.15
8259 11.82
8260 1.29
8261 8.09
8262 9.17
8263 17.54
8264 1.49
8265 2.00
8266 1.36
8267 1.47
8268 1.65
8269 1.33
8270 1.48
8271 1.46
8272 1.65
8273 1.69
8274 2.20
8275 5.20
8276 1.46
8277 4.68
8278 2.72
8279 11.09
8280 12.22
8281 5.99
8282 5.12
8283 22.09
8284 0.00
8285 4.66
8286 2.40
8287 6.40
8288 1.61
8289 3.25
8290 2.28
8291 1.91
8292 2.34
8293 2.29
8294 2.50
8295 2.66
8296 2.19
8297 2.25
8298 2.83
8299 2.16
8300 2.73
8301 7.81
8302 4.40
8303 6.91
8304 8.85
8305 4.04
8306 13.28
8307 31.86
8308 24.00
8309 0.43
8310 3.42
8311 7.61
8312 1.29
8313 2.85
8314 2.00
8315 2.75
8316 2.13
8317 1.76
8318 2.25
8319 2.26
8320 2.45
8321 2.19
8322 2.49
8323 2.17
8324 3.12
8325 2.06
8326 1.63
8327 6.58
8328 5.15
8329 1.53
8330 0.80
8331 1.98
8332 3.61
8333 3.99
8334 2.58
8335 5.04
8336 1.05
8337 2.55
8338 2.20
8339 2.11
8340 2.56
8341 1.97
8342 2.62
8343 2.59
8344 2.34
8345 2.33
8346 2.09
8347 2.09
8348 1.82
8349 31.30
8350 6.75
8351 2.15
8352 8.37
8353 6.89
8354 5.30
8355 1.62
8356 0.00
8357 9.29
8358 3.42
8359 5.16
8360 1.24
8361 3.56
8362 1.96
8363 2.72
8364 2.06
8365 2.02
8366 1.87
8367 2.46
8368 2.57
8369 2.72
8370 2.33
8371 2.01
8372 2.98
8373 3.59
8374 10.66
8375 26.28
8376 4.86
8377 3.35
8378 6.27
8379 44.44
8380 10.08
8381 14.29
8382 1.62
8383 8.58
8384 0.99
8385 2.66
8386 2.22
8387 2.20
8388 2.19
8389 2.43
8390 1.87
8391 2.02
8392 1.95
8393 2.11
8394 2.09
8395 2.43
8396 2.45
8397 2.90
8398 0.88
8399 2.53
8400 4.44
8401 0.60
8402 3.12
8403 3.79
8404 22.64
8405 3.38
8406 1.98
8407 7.77
8408 1.03
8409 2.89
8410 1.97
8411 2.29
8412 1.99
8413 2.46
8414 2.18
8415 1.97
8416 2.31
8417 2.33
8418 2.27
8419 2.21
8420 2.03
8421 1.36
8422 1.28
8423 0.53
8424 2.88
8425 0.66
8426 5.14
8427 48.65
8428 10.29
8429 6.59
8430 13.64
8431 3.33
8432 0.66
8433 2.67
8434 1.70
8435 1.38
8436 1.39
8437 1.46
8438 1.71
8439 1.45
8440 1.45
8441 1.27
8442 1.71
8443 2.80
8444 1.70
8445 8.00
8446 2.13
8447 2.87
8448 7.80
8449 4.26
8450 5.29
8451 6.26
8452 8.52
8453 1.58
8454 0.98
8455 15.48
8456 1.41
8457 3.24
8458 2.82
8459 2.56
8460 2.32
8461 2.39
8462 2.08
8463 2.79
8464 2.73
8465 3.00
8466 2.66
8467 2.73
8468 2.72
8469 4.63
8470 6.06
8471 5.22
8472 8.62
8473 4.75
8474 0.44
8475 0.00
8476 37.50
8477 53.73
8478 3.52
8479 4.39
8480 1.32
8481 2.51
8482 2.12
8483 2.18
8484 2.36
8485 2.50
8486 2.84
8487 2.47
8488 2.87
8489 2.68
8490 2.60
8491 2.45
8492 2.94
8493 1.83
8494 1.47
8495 3.53
8496 3.41
8497 16.13
8498 6.96
8499 18.27
8500 6.43
8501 2.65
8502 2.11
8503 2.15
8504 1.32
8505 3.58
8506 2.22
8507 2.24
8508 2.00
8509 2.23
8510 2.67
8511 3.06
8512 3.10
8513 2.43
8514 2.62
8515 2.51
8516 4.84
8517 6.16
8518 3.10
8519 3.62
8520 6.15
8521 1.56
8522 2.15
8523 4.73
8524 0.00
8525 8.32
8526 3.61
8527 7.87
8528 1.47
8529 2.67
8530 2.36
8531 2.96
8532 3.08
8533 2.42
8534 2.59
8535 2.52
8536 3.13
8537 2.50
8538 2.54
8539 2.40
8540 4.24
8541 1.31
8542 1.95
8543 5.30
8544 6.82
8545 2.43
8546 4.36
8547 5.28
8548 2.42
8549 2.44
8550 1.14
8551 4.32
8552 1.40
8553 3.79
8554 2.99
8555 2.41
8556 2.40
8557 3.10
8558 2.41
8559 2.67
8560 2.39
8561 2.51
8562 2.04
8563 2.75
8564 3.95
8565 1.38
8566 0.70
8567 1.53
8568 9.41
8569 1.19
8570 2.17
8571 3.88
8572 9.23
8573 13.00
8574 21.25
8575 14.68
8576 1.04
8577 2.62
8578 2.27
8579 2.34
8580 1.83
8581 2.38
8582 2.01
8583 1.99
8584 2.37
8585 2.11
8586 2.68
8587 2.31
8588 2.54
8589 10.92
8590 0.53
8591 1.21
8592 2.80
8593 0.29
8594 4.30
8595 15.25
8596 25.71
8597 1.21
8598 29.15
8599 11.17
8600 0.58
8601 0.75
8602 0.85
8603 1.52
8604 1.00
8605 1.05
8606 1.31
8607 1.90
8608 1.68
8609 1.85
8610 1.66
8611 7.59
8612 9.07
8613 1.91
8614 9.40
8615 3.41
8616 0.00
8617 0.48
8618 34.62
8619 19.35
8620 50.70
8621 0.95
8622 0.69
8623 4.85
8624 0.37
8625 0.45
8626 1.15
8627 1.04
8628 0.96
8629 0.99
8630 1.36
8631 1.19
8632 1.16
8633 1.62
8634 1.37
8635 2.02
8636 2.55
8637 4.62
8638 1.89
8639 4.01
8640 5.12
8641 1.35
8642 3.86
8643 8.96
8644 0.00
8645 11.32
8646 0.51
8647 6.24
8648 0.42
8649 1.09
8650 1.19
8651 0.88
8652 1.57
8653 1.26
8654 1.25
8655 1.73
8656 1.28
8657 1.30
8658 2.02
8659 2.01
8660 4.78
8661 1.90
8662 5.75
8663 3.20
8664 11.55
8665 0.79
8666 6.66
8667 0.00
8668 14.17
8669 9.51
8670 0.85
8671 5.86
8672 0.99
8673 3.44
8674 2.14
8675 2.85
8676 2.32
8677 2.46
8678 2.25
8679 2.55
8680 2.43
8681 2.30
8682 2.68
8683 2.34
8684 3.87
8685 2.86
8686 5.20
8687 2.48
8688 34.56
8689 33.33
8690 2.89
8691 50.00
8692 8.09
8693 10.37
8694 2.65
8695 3.72
8696 1.19
8697 3.81
8698 2.92
8699 2.76
8700 2.23
8701 1.87
8702 1.95
8703 2.58
8704 2.18
8705 2.21
8706 2.51
8707 2.50
8708 3.89
8709 2.09
8710 2.71
8711 7.93
8712 8.03
8713 15.72
8714 9.41
8715 0.00
8716 0.00
8717 18.65
8718 1.02
8719 9.38
8720 0.99
8721 3.68
8722 2.49
8723 2.45
8724 1.97
8725 2.16
8726 2.22
8727 2.01
8728 2.93
8729 2.46
8730 1.84
8731 2.61
8732 3.60
8733 4.16
8734 1.43
8735 1.45
8736 7.30
8737 0.43
8738 11.90
8739 1.72
8740 10.96
8741 0.00
8742 17.96
8743 4.64
8744 0.40
8745 3.54
8746 2.63
8747 1.64
8748 2.26
8749 2.05
8750 2.19
8751 2.22
8752 2.15
8753 3.54
8754 3.79
8755 3.64
8756 3.04
8757 3.15
8758 0.00
8759 0.86
8760 1.77
