1 4
2 4
3 5
4 4
5 3
6 5
7 1
8 43
9 45
10 76
11 76
12 91
13 96
14 103
15 104
16 69
17 99
18 65
19 38
20 8
21 3
22 3
23 4
24 6
25 7
26 3
27 0
28 3
29 0
30 1
31 1
32 42
33 48
34 79
35 99
36 100
37 96
38 91
39 98
40 100
41 111
42 95
43 79
44 46
45 3
46 3
47 8
48 3
49 2
50 4
51 3
52 1
53 3
54 7
55 6
56 61
57 94
58 145
59 171
60 169
61 143
62 133
63 161
64 147
65 165
66 156
67 121
68 67
69 7
70 8
71 5
72 9
73 9
74 2
75 3
76 3
77 2
78 5
79 2
80 74
81 125
82 153
83 171
84 158
85 146
86 152
87 165
88 155
89 162
90 161
91 125
92 60
93 11
94 6
95 11
96 3
97 5
98 3
99 0
100 0
101 2
102 8
103 9
104 74
105 100
106 136
107 180
108 180
109 171
110 157
111 147
112 165
113 175
114 138
115 138
116 63
117 15
118 1
119 7
120 3
121 3
122 1
123 2
124 0
125 1
126 6
127 11
128 71
129 107
130 134
131 166
132 185
133 172
134 159
135 157
136 161
137 140
138 184
139 135
140 59
141 9
142 7
143 5
144 6
145 6
146 2
147 5
148 4
149 4
150 6
151 9
152 41
153 56
154 88
155 103
156 153
157 135
158 133
159 166
160 148
161 146
162 107
163 141
164 42
165 7
166 5
167 11
168 2
169 7
170 3
171 6
172 3
173 3
174 4
175 1
176 47
177 52
178 44
179 97
180 110
181 126
182 119
183 112
184 108
185 111
186 101
187 50
188 6
189 7
190 4
191 6
192 2
193 4
194 2
195 3
196 0
197 2
198 7
199 8
200 75
201 98
202 158
203 149
204 189
205 201
206 166
207 191
208 160
209 174
210 114
211 133
212 40
213 6
214 7
215 5
216 2
217 1
218 2
219 0
220 0
221 3
222 5
223 7
224 89
225 113
226 142
227 152
228 159
229 165
230 168
231 175
232 165
233 145
234 153
235 141
236 65
237 11
238 6
239 2
240 4
241 5
242 1
243 1
244 2
245 20
246 20
247 18
248 82
249 119
250 151
251 145
252 172
253 160
254 166
255 171
256 186
257 140
258 129
259 138
260 55
261 11
262 3
263 4
264 3
265 4
266 0
267 0
268 3
269 2
270 10
271 11
272 72
273 83
274 113
275 143
276 139
277 137
278 142
279 159
280 165
281 146
282 128
283 129
284 55
285 14
286 7
287 3
288 2
289 7
290 3
291 2
292 1
293 3
294 5
295 8
296 81
297 102
298 147
299 148
300 154
301 150
302 154
303 147
304 151
305 154
306 164
307 138
308 60
309 6
310 7
311 7
312 6
313 12
314 3
315 0
316 5
317 1
318 4
319 5
320 50
321 66
322 91
323 142
324 135
325 136
326 142
327 159
328 144
329 134
330 121
331 129
332 53
333 2
334 7
335 5
336 8
337 12
338 5
339 4
340 5
341 3
342 5
343 3
344 28
345 45
346 67
347 76
348 93
349 99
350 104
351 115
352 102
353 114
354 85
355 47
356 5
357 2
358 6
359 3
360 2
361 2
362 1
363 2
364 2
365 3
366 4
367 11
368 105
369 92
370 147
371 159
372 151
373 145
374 149
375 145
376 153
377 144
378 124
379 123
380 47
381 14
382 10
383 1
384 3
385 7
386 2
387 0
388 2
389 3
390 5
391 10
392 79
393 96
394 142
395 153
396 152
397 152
398 139
399 160
400 152
401 115
402 107
403 113
404 54
405 12
406 11
407 2
408 4
409 4
410 3
411 1
412 3
413 4
414 7
415 8
416 73
417 94
418 130
419 147
420 136
421 136
422 133
423 139
424 163
425 127
426 101
427 109
428 54
429 6
430 5
431 3
432 4
433 4
434 3
435 1
436 1
437 3
438 8
439 6
440 84
441 77
442 127
443 141
444 139
445 156
446 136
447 156
448 163
449 126
450 118
451 130
452 49
453 17
454 6
455 12
456 5
457 14
458 7
459 4
460 3
461 7
462 13
463 21
464 117
465 129
466 169
467 149
468 161
469 131
470 166
471 169
472 151
473 148
474 150
475 127
476 55
477 21
478 16
479 16
480 21
481 17
482 8
483 9
484 7
485 7
486 9
487 16
488 66
489 74
490 111
491 149
492 136
493 152
494 117
495 167
496 159
497 129
498 101
499 128
500 85
501 32
502 21
503 19
504 21
505 20
506 7
507 1
508 2
509 2
510 25
511 21
512 66
513 67
514 90
515 103
516 98
517 112
518 120
519 123
520 104
521 117
522 103
523 50
524 17
525 28
526 25
527 19
528 22
529 18
530 16
531 21
532 22
533 25
534 35
535 25
536 87
537 83
538 162
539 130
540 165
541 156
542 143
543 156
544 166
545 143
546 129
547 119
548 75
549 29
550 22
551 23
552 20
553 23
554 15
555 14
556 19
557 21
558 20
559 16
560 95
561 96
562 156
563 163
564 150
565 193
566 156
567 157
568 123
569 140
570 112
571 127
572 60
573 25
574 26
575 20
576 12
577 24
578 18
579 19
580 19
581 18
582 20
583 25
584 92
585 117
586 155
587 152
588 145
589 147
590 138
591 146
592 159
593 136
594 115
595 135
596 62
597 32
598 24
599 23
600 26
601 25
602 17
603 18
604 20
605 22
606 19
607 19
608 71
609 71
610 85
611 45
612 37
613 60
614 79
615 67
616 90
617 62
618 57
619 67
620 35
621 4
622 2
623 5
624 5
625 5
626 3
627 1
628 7
629 3
630 5
631 8
632 82
633 101
634 134
635 156
636 129
637 120
638 136
639 123
640 132
641 142
642 104
643 108
644 57
645 18
646 15
647 7
648 5
649 8
650 3
651 3
652 17
653 10
654 23
655 17
656 42
657 42
658 101
659 109
660 122
661 130
662 142
663 125
664 123
665 143
666 108
667 107
668 47
669 8
670 23
671 8
672 2
673 8
674 6
675 4
676 3
677 0
678 5
679 5
680 33
681 41
682 49
683 98
684 95
685 104
686 93
687 115
688 113
689 99
690 121
691 42
692 8
693 8
694 12
695 7
696 24
697 29
698 19
699 23
700 22
701 22
702 28
703 23
704 123
705 112
706 154
707 145
708 158
709 147
710 156
711 179
712 153
713 128
714 108
715 117
716 48
717 3
718 3
719 2
720 0
721 3
722 1
723 0
724 2
725 2
726 5
727 6
728 90
729 85
730 135
731 141
732 133
733 136
734 140
735 132
736 146
737 137
738 96
739 114
740 52
741 26
742 19
743 15
744 22
745 17
746 5
747 3
748 6
749 7
750 18
751 32
752 99
753 111
754 163
755 167
756 160
757 148
758 157
759 141
760 127
761 144
762 117
763 157
764 66
765 26
766 21
767 29
768 19
769 16
770 5
771 8
772 12
773 7
774 19
775 26
776 87
777 103
778 146
779 133
780 132
781 125
782 121
783 125
784 138
785 98
786 100
787 106
788 55
789 8
790 14
791 7
792 5
793 3
794 1
795 0
796 3
797 2
798 5
799 25
800 116
801 109
802 147
803 160
804 150
805 154
806 155
807 179
808 156
809 146
810 142
811 146
812 74
813 17
814 24
815 9
816 11
817 18
818 9
819 5
820 6
821 3
822 4
823 14
824 66
825 104
826 115
827 121
828 116
829 132
830 135
831 118
832 129
833 97
834 86
835 95
836 39
837 16
838 5
839 3
840 3
841 6
842 5
843 6
844 8
845 10
846 8
847 6
848 42
849 34
850 49
851 84
852 89
853 93
854 95
855 88
856 83
857 79
858 94
859 43
860 14
861 10
862 5
863 3
864 0
865 6
866 3
867 5
868 7
869 10
870 7
871 16
872 90
873 93
874 132
875 142
876 97
877 151
878 125
879 111
880 133
881 105
882 100
883 105
884 38
885 1
886 10
887 9
888 0
889 2
890 1
891 0
892 7
893 13
894 7
895 12
896 82
897 80
898 110
899 127
900 142
901 116
902 133
903 140
904 127
905 108
906 105
907 112
908 69
909 23
910 15
911 14
912 24
913 17
914 8
915 2
916 11
917 11
918 23
919 27
920 98
921 104
922 122
923 157
924 152
925 140
926 148
927 113
928 148
929 112
930 120
931 133
932 63
933 23
934 14
935 20
936 17
937 20
938 4
939 13
940 9
941 16
942 19
943 13
944 90
945 73
946 124
947 170
948 139
949 142
950 136
951 124
952 123
953 112
954 115
955 124
956 48
957 9
958 3
959 12
960 20
961 16
962 9
963 7
964 8
965 7
966 19
967 25
968 118
969 121
970 167
971 140
972 123
973 149
974 141
975 145
976 130
977 118
978 130
979 108
980 48
981 21
982 20
983 20
984 9
985 17
986 12
987 6
988 13
989 11
990 13
991 5
992 72
993 80
994 104
995 132
996 155
997 147
998 136
999 150
1000 145
1001 146
1002 148
1003 109
1004 49
1005 22
1006 16
1007 24
1008 20
1009 25
1010 17
1011 15
1012 15
1013 9
1014 11
1015 14
1016 44
1017 62
1018 79
1019 114
1020 104
1021 126
1022 110
1023 110
1024 113
1025 107
1026 101
1027 60
1028 23
1029 13
1030 11
1031 12
1032 23
1033 19
1034 11
1035 12
1036 11
1037 18
1038 22
1039 17
1040 108
1041 131
1042 151
1043 176
1044 153
1045 185
1046 158
1047 169
1048 153
1049 163
1050 96
1051 149
1052 55
1053 21
1054 16
1055 16
1056 19
1057 15
1058 3
1059 8
1060 13
1061 11
1062 17
1063 23
1064 98
1065 125
1066 179
1067 168
1068 162
1069 166
1070 146
1071 158
1072 131
1073 143
1074 113
1075 146
1076 63
1077 29
1078 8
1079 21
1080 20
1081 7
1082 11
1083 5
1084 4
1085 13
1086 15
1087 22
1088 128
1089 125
1090 144
1091 141
1092 148
1093 165
1094 148
1095 160
1096 157
1097 160
1098 121
1099 130
1100 65
1101 21
1102 16
1103 11
1104 6
1105 10
1106 0
1107 2
1108 0
1109 2
1110 3
1111 8
1112 86
1113 99
1114 147
1115 166
1116 165
1117 165
1118 174
1119 186
1120 191
1121 145
1122 118
1123 128
1124 68
1125 12
1126 10
1127 19
1128 15
1129 9
1130 2
1131 2
1132 9
1133 9
1134 7
1135 6
1136 105
1137 149
1138 176
1139 160
1140 163
1141 178
1142 154
1143 179
1144 142
1145 159
1146 155
1147 119
1148 66
1149 20
1150 19
1151 18
1152 13
1153 19
1154 9
1155 8
1156 6
1157 13
1158 10
1159 24
1160 76
1161 70
1162 100
1163 128
1164 135
1165 145
1166 135
1167 153
1168 127
1169 126
1170 140
1171 106
1172 59
1173 14
1174 14
1175 9
1176 10
1177 21
1178 7
1179 11
1180 13
1181 8
1182 12
1183 11
1184 65
1185 67
1186 95
1187 88
1188 105
1189 127
1190 105
1191 107
1192 111
1193 92
1194 79
1195 44
1196 15
1197 13
1198 16
1199 12
1200 11
1201 21
1202 11
1203 3
1204 10
1205 5
1206 7
1207 19
1208 105
1209 112
1210 143
1211 147
1212 141
1213 141
1214 126
1215 133
1216 124
1217 131
1218 108
1219 111
1220 46
1221 19
1222 17
1223 6
1224 11
1225 4
1226 10
1227 2
1228 8
1229 12
1230 15
1231 14
1232 84
1233 119
1234 125
1235 183
1236 169
1237 158
1238 163
1239 182
1240 154
1241 140
1242 116
1243 135
1244 48
1245 10
1246 20
1247 21
1248 6
1249 17
1250 8
1251 12
1252 9
1253 15
1254 19
1255 25
1256 108
1257 127
1258 158
1259 168
1260 131
1261 153
1262 153
1263 153
1264 137
1265 126
1266 126
1267 109
1268 87
1269 21
1270 25
1271 26
1272 19
1273 10
1274 9
1275 10
1276 15
1277 4
1278 8
1279 28
1280 122
1281 128
1282 161
1283 182
1284 184
1285 149
1286 147
1287 144
1288 153
1289 143
1290 135
1291 151
1292 55
1293 9
1294 7
1295 10
1296 17
1297 11
1298 10
1299 13
1300 22
1301 17
1302 24
1303 29
1304 118
1305 136
1306 176
1307 179
1308 157
1309 176
1310 171
1311 185
1312 188
1313 175
1314 163
1315 150
1316 81
1317 20
1318 33
1319 29
1320 12
1321 23
1322 10
1323 14
1324 24
1325 15
1326 21
1327 10
1328 106
1329 81
1330 130
1331 131
1332 150
1333 149
1334 143
1335 155
1336 148
1337 160
1338 116
1339 155
1340 58
1341 16
1342 21
1343 14
1344 12
1345 22
1346 9
1347 5
1348 5
1349 10
1350 3
1351 3
1352 38
1353 50
1354 87
1355 110
1356 116
1357 124
1358 116
1359 102
1360 141
1361 106
1362 115
1363 48
1364 16
1365 5
1366 6
1367 9
1368 10
1369 9
1370 5
1371 2
1372 4
1373 11
1374 13
1375 19
1376 103
1377 120
1378 124
1379 160
1380 182
1381 143
1382 104
1383 138
1384 135
1385 164
1386 108
1387 124
1388 72
1389 14
1390 11
1391 4
1392 3
1393 4
1394 0
1395 1
1396 0
1397 4
1398 11
1399 14
1400 99
1401 111
1402 165
1403 145
1404 136
1405 137
1406 145
1407 154
1408 154
1409 126
1410 124
1411 129
1412 67
1413 14
1414 7
1415 2
1416 6
1417 12
1418 10
1419 4
1420 8
1421 12
1422 12
1423 20
1424 117
1425 125
1426 163
1427 140
1428 135
1429 144
1430 145
1431 178
1432 160
1433 143
1434 120
1435 147
1436 74
1437 23
1438 21
1439 11
1440 5
1441 8
1442 8
1443 3
1444 5
1445 6
1446 5
1447 8
1448 84
1449 136
1450 176
1451 157
1452 155
1453 150
1454 138
1455 147
1456 201
1457 145
1458 125
1459 145
1460 66
1461 17
1462 14
1463 11
1464 16
1465 14
1466 4
1467 4
1468 7
1469 3
1470 9
1471 13
1472 71
1473 87
1474 116
1475 142
1476 151
1477 181
1478 129
1479 137
1480 184
1481 146
1482 142
1483 149
1484 74
1485 28
1486 16
1487 13
1488 4
1489 12
1490 1
1491 1
1492 3
1493 5
1494 2
1495 5
1496 45
1497 44
1498 65
1499 119
1500 115
1501 109
1502 125
1503 122
1504 107
1505 90
1506 101
1507 56
1508 5
1509 13
1510 9
1511 8
1512 6
1513 5
1514 5
1515 4
1516 5
1517 4
1518 4
1519 7
1520 91
1521 123
1522 173
1523 196
1524 189
1525 206
1526 197
1527 164
1528 184
1529 169
1530 150
1531 179
1532 76
1533 14
1534 9
1535 9
1536 3
1537 10
1538 0
1539 2
1540 3
1541 2
1542 9
1543 18
1544 77
1545 104
1546 134
1547 142
1548 159
1549 150
1550 142
1551 151
1552 147
1553 133
1554 137
1555 161
1556 45
1557 31
1558 7
1559 4
1560 3
1561 4
1562 4
1563 2
1564 6
1565 8
1566 10
1567 23
1568 95
1569 117
1570 146
1571 178
1572 195
1573 191
1574 155
1575 176
1576 154
1577 139
1578 144
1579 141
1580 68
1581 10
1582 16
1583 9
1584 3
1585 6
1586 0
1587 1
1588 2
1589 4
1590 3
1591 10
1592 99
1593 97
1594 151
1595 168
1596 150
1597 137
1598 146
1599 149
1600 158
1601 145
1602 94
1603 141
1604 43
1605 11
1606 11
1607 8
1608 5
1609 7
1610 2
1611 1
1612 2
1613 2
1614 6
1615 11
1616 93
1617 112
1618 176
1619 175
1620 185
1621 179
1622 193
1623 185
1624 166
1625 137
1626 107
1627 123
1628 51
1629 12
1630 10
1631 5
1632 7
1633 8
1634 5
1635 2
1636 3
1637 3
1638 4
1639 8
1640 46
1641 49
1642 90
1643 108
1644 127
1645 136
1646 143
1647 140
1648 132
1649 156
1650 124
1651 115
1652 37
1653 10
1654 10
1655 1
1656 1
1657 11
1658 4
1659 12
1660 4
1661 5
1662 3
1663 6
1664 39
1665 26
1666 67
1667 102
1668 88
1669 108
1670 98
1671 106
1672 92
1673 91
1674 89
1675 32
1676 9
1677 9
1678 8
1679 10
1680 5
1681 8
1682 1
1683 1
1684 0
1685 1
1686 0
1687 5
1688 50
1689 36
1690 57
1691 60
1692 54
1693 54
1694 68
1695 68
1696 60
1697 76
1698 85
1699 79
1700 47
1701 11
1702 3
1703 1
1704 4
1705 6
1706 2
1707 0
1708 2
1709 6
1710 7
1711 6
1712 96
1713 100
1714 132
1715 180
1716 152
1717 158
1718 143
1719 146
1720 142
1721 132
1722 116
1723 118
1724 48
1725 11
1726 6
1727 3
1728 2
1729 9
1730 2
1731 0
1732 3
1733 0
1734 3
1735 8
1736 73
1737 94
1738 131
1739 160
1740 146
1741 175
1742 136
1743 160
1744 174
1745 150
1746 112
1747 140
1748 49
1749 5
1750 8
1751 9
1752 3
1753 3
1754 2
1755 0
1756 1
1757 3
1758 6
1759 11
1760 84
1761 89
1762 121
1763 174
1764 166
1765 155
1766 126
1767 141
1768 134
1769 143
1770 115
1771 159
1772 55
1773 7
1774 10
1775 4
1776 3
1777 4
1778 3
1779 2
1780 2
1781 1
1782 8
1783 15
1784 96
1785 95
1786 132
1787 199
1788 168
1789 151
1790 137
1791 180
1792 163
1793 131
1794 109
1795 118
1796 47
1797 7
1798 8
1799 7
1800 7
1801 9
1802 4
1803 2
1804 5
1805 7
1806 3
1807 6
1808 70
1809 65
1810 103
1811 135
1812 126
1813 144
1814 118
1815 117
1816 128
1817 129
1818 128
1819 102
1820 48
1821 8
1822 7
1823 6
1824 5
1825 10
1826 1
1827 3
1828 4
1829 5
1830 2
1831 3
1832 28
1833 48
1834 62
1835 114
1836 105
1837 107
1838 106
1839 85
1840 105
1841 95
1842 104
1843 32
1844 9
1845 5
1846 5
1847 3
1848 2
1849 6
1850 1
1851 0
1852 1
1853 4
1854 3
1855 6
1856 95
1857 124
1858 158
1859 157
1860 174
1861 176
1862 152
1863 152
1864 166
1865 142
1866 114
1867 154
1868 57
1869 7
1870 2
1871 7
1872 2
1873 2
1874 2
1875 0
1876 4
1877 4
1878 9
1879 7
1880 105
1881 98
1882 158
1883 195
1884 158
1885 172
1886 149
1887 131
1888 142
1889 130
1890 115
1891 102
1892 44
1893 9
1894 5
1895 4
1896 1
1897 2
1898 3
1899 0
1900 0
1901 3
1902 11
1903 10
1904 79
1905 89
1906 90
1907 117
1908 101
1909 82
1910 91
1911 103
1912 107
1913 87
1914 90
1915 87
1916 38
1917 6
1918 2
1919 5
1920 7
1921 4
1922 1
1923 1
1924 2
1925 4
1926 3
1927 8
1928 78
1929 104
1930 130
1931 112
1932 123
1933 137
1934 115
1935 117
1936 109
1937 95
1938 109
1939 112
1940 49
1941 4
1942 10
1943 7
1944 5
1945 6
1946 2
1947 4
1948 0
1949 1
1950 4
1951 9
1952 97
1953 120
1954 138
1955 160
1956 154
1957 143
1958 180
1959 148
1960 159
1961 118
1962 110
1963 133
1964 54
1965 13
1966 7
1967 3
1968 3
1969 10
1970 3
1971 7
1972 2
1973 8
1974 6
1975 7
1976 81
1977 106
1978 137
1979 152
1980 132
1981 155
1982 160
1983 144
1984 146
1985 130
1986 113
1987 115
1988 51
1989 6
1990 4
1991 3
1992 5
1993 8
1994 4
1995 1
1996 1
1997 4
1998 2
1999 6
2000 36
2001 44
2002 71
2003 99
2004 91
2005 110
2006 93
2007 84
2008 91
2009 68
2010 102
2011 28
2012 5
2013 0
2014 6
2015 1
2016 4
2017 6
2018 5
2019 1
2020 3
2021 1
2022 4
2023 6
2024 85
2025 116
2026 146
2027 171
2028 172
2029 155
2030 162
2031 159
2032 112
2033 126
2034 105
2035 108
2036 34
2037 6
2038 0
2039 5
2040 3
2041 3
2042 3
2043 1
2044 2
2045 4
2046 6
2047 10
2048 87
2049 109
2050 112
2051 118
2052 112
2053 114
2054 126
2055 132
2056 147
2057 136
2058 123
2059 145
2060 39
2061 13
2062 9
2063 6
2064 5
2065 5
2066 4
2067 2
2068 0
2069 6
2070 4
2071 6
2072 88
2073 103
2074 159
2075 162
2076 147
2077 156
2078 117
2079 143
2080 154
2081 142
2082 124
2083 156
2084 52
2085 11
2086 11
2087 7
2088 3
2089 3
2090 1
2091 1
2092 0
2093 1
2094 4
2095 6
2096 93
2097 100
2098 137
2099 150
2100 147
2101 152
2102 142
2103 140
2104 141
2105 151
2106 105
2107 106
2108 50
2109 8
2110 8
2111 2
2112 1
2113 8
2114 1
2115 2
2116 1
2117 3
2118 4
2119 11
2120 104
2121 110
2122 161
2123 172
2124 156
2125 191
2126 149
2127 143
2128 142
2129 120
2130 102
2131 115
2132 44
2133 4
2134 6
2135 6
2136 5
2137 8
2138 2
2139 4
2140 4
2141 4
2142 5
2143 7
2144 71
2145 64
2146 116
2147 138
2148 148
2149 116
2150 150
2151 136
2152 129
2153 126
2154 148
2155 157
2156 54
2157 8
2158 3
2159 10
2160 2
2161 14
2162 2
2163 8
2164 6
2165 8
2166 3
2167 6
2168 60
2169 73
2170 58
2171 76
2172 80
2173 91
2174 99
2175 88
2176 101
2177 104
2178 81
2179 28
2180 7
2181 6
2182 3
2183 2
2184 1
2185 2
2186 1
2187 2
2188 1
2189 1
2190 2
2191 10
2192 84
2193 87
2194 159
2195 166
2196 156
2197 134
2198 160
2199 157
2200 146
2201 128
2202 101
2203 113
2204 36
2205 7
2206 7
2207 5
2208 2
2209 1
2210 2
2211 1
2212 1
2213 6
2214 2
2215 8
2216 84
2217 100
2218 145
2219 131
2220 139
2221 159
2222 158
2223 147
2224 135
2225 114
2226 100
2227 124
2228 39
2229 5
2230 4
2231 6
2232 12
2233 7
2234 6
2235 1
2236 3
2237 7
2238 6
2239 7
2240 98
2241 82
2242 150
2243 172
2244 162
2245 155
2246 159
2247 143
2248 139
2249 111
2250 112
2251 123
2252 53
2253 10
2254 4
2255 9
2256 8
2257 4
2258 2
2259 1
2260 1
2261 2
2262 6
2263 7
2264 91
2265 122
2266 149
2267 178
2268 136
2269 135
2270 140
2271 140
2272 126
2273 124
2274 127
2275 120
2276 33
2277 10
2278 8
2279 7
2280 9
2281 10
2282 0
2283 3
2284 1
2285 3
2286 1
2287 2
2288 49
2289 77
2290 66
2291 89
2292 60
2293 75
2294 68
2295 54
2296 73
2297 92
2298 70
2299 57
2300 34
2301 8
2302 6
2303 6
2304 3
2305 9
2306 1
2307 3
2308 2
2309 2
2310 6
2311 8
2312 63
2313 51
2314 100
2315 101
2316 119
2317 123
2318 114
2319 102
2320 124
2321 115
2322 110
2323 93
2324 43
2325 6
2326 6
2327 6
2328 13
2329 11
2330 5
2331 3
2332 7
2333 3
2334 3
2335 2
2336 48
2337 48
2338 84
2339 73
2340 65
2341 95
2342 90
2343 68
2344 69
2345 93
2346 65
2347 44
2348 12
2349 10
2350 6
2351 3
2352 4
2353 5
2354 1
2355 4
2356 0
2357 6
2358 3
2359 1
2360 51
2361 36
2362 60
2363 91
2364 81
2365 76
2366 63
2367 75
2368 76
2369 76
2370 72
2371 81
2372 32
2373 6
2374 4
2375 2
2376 4
2377 3
2378 2
2379 0
2380 2
2381 6
2382 5
2383 9
2384 70
2385 92
2386 137
2387 139
2388 159
2389 158
2390 159
2391 144
2392 161
2393 141
2394 154
2395 120
2396 41
2397 7
2398 6
2399 3
2400 6
2401 4
2402 2
2403 2
2404 3
2405 2
2406 7
2407 10
2408 87
2409 102
2410 138
2411 155
2412 131
2413 137
2414 151
2415 151
2416 130
2417 121
2418 114
2419 115
2420 49
2421 10
2422 11
2423 9
2424 6
2425 5
2426 3
2427 1
2428 2
2429 1
2430 5
2431 11
2432 81
2433 107
2434 139
2435 159
2436 139
2437 140
2438 137
2439 183
2440 142
2441 125
2442 150
2443 124
2444 35
2445 8
2446 5
2447 9
2448 10
2449 4
2450 2
2451 5
2452 1
2453 4
2454 4
2455 10
2456 80
2457 111
2458 132
2459 135
2460 152
2461 144
2462 162
2463 136
2464 137
2465 147
2466 120
2467 116
2468 69
2469 14
2470 5
2471 5
2472 7
2473 7
2474 2
2475 3
2476 4
2477 6
2478 8
2479 6
2480 77
2481 85
2482 119
2483 132
2484 142
2485 151
2486 135
2487 151
2488 117
2489 130
2490 124
2491 111
2492 37
2493 9
2494 6
2495 10
2496 7
2497 13
2498 3
2499 0
2500 2
2501 1
2502 1
2503 2
2504 38
2505 28
2506 84
2507 70
2508 77
2509 94
2510 102
2511 89
2512 81
2513 84
2514 83
2515 17
2516 3
2517 6
2518 3
2519 5
2520 5
2521 0
2522 3
2523 1
2524 0
2525 5
2526 4
2527 8
2528 80
2529 96
2530 117
2531 148
2532 125
2533 124
2534 119
2535 136
2536 127
2537 100
2538 128
2539 132
2540 41
2541 3
2542 2
2543 3
2544 3
2545 2
2546 0
2547 1
2548 1
2549 7
2550 4
2551 12
2552 95
2553 94
2554 137
2555 131
2556 153
2557 158
2558 152
2559 146
2560 132
2561 128
2562 101
2563 129
2564 26
2565 5
2566 12
2567 5
2568 8
2569 4
2570 3
2571 0
2572 2
2573 1
2574 8
2575 16
2576 93
2577 93
2578 164
2579 164
2580 161
2581 143
2582 143
2583 139
2584 164
2585 122
2586 124
2587 154
2588 62
2589 4
2590 10
2591 4
2592 8
2593 4
2594 3
2595 4
2596 2
2597 4
2598 1
2599 8
2600 99
2601 88
2602 145
2603 166
2604 159
2605 160
2606 134
2607 129
2608 133
2609 120
2610 114
2611 110
2612 50
2613 6
2614 5
2615 5
2616 5
2617 5
2618 4
2619 1
2620 0
2621 4
2622 6
2623 10
2624 97
2625 99
2626 138
2627 157
2628 146
2629 162
2630 134
2631 133
2632 150
2633 141
2634 119
2635 99
2636 31
2637 7
2638 10
2639 13
2640 6
2641 11
2642 4
2643 3
2644 3
2645 3
2646 5
2647 5
2648 46
2649 64
2650 90
2651 142
2652 129
2653 148
2654 152
2655 136
2656 152
2657 141
2658 117
2659 118
2660 42
2661 5
2662 4
2663 5
2664 5
2665 12
2666 6
2667 1
2668 6
2669 5
2670 5
2671 7
2672 49
2673 69
2674 84
2675 84
2676 91
2677 98
2678 112
2679 105
2680 107
2681 93
2682 90
2683 31
2684 6
2685 7
2686 7
2687 2
2688 2
2689 3
2690 2
2691 1
2692 0
2693 3
2694 4
2695 9
2696 79
2697 64
2698 135
2699 134
2700 143
2701 152
2702 141
2703 131
2704 123
2705 121
2706 124
2707 128
2708 51
2709 6
2710 4
2711 6
2712 2
2713 2
2714 0
2715 0
2716 0
2717 7
2718 5
2719 9
2720 75
2721 102
2722 113
2723 167
2724 176
2725 143
2726 127
2727 162
2728 158
2729 108
2730 89
2731 119
2732 84
2733 39
2734 8
2735 11
2736 7
2737 12
2738 2
2739 2
2740 1
2741 3
2742 5
2743 3
2744 76
2745 33
2746 25
2747 24
2748 59
2749 71
2750 60
2751 48
2752 65
2753 68
2754 75
2755 77
2756 29
2757 4
2758 2
2759 7
2760 1
2761 2
2762 2
2763 2
2764 2
2765 5
2766 7
2767 10
2768 86
2769 76
2770 130
2771 138
2772 144
2773 138
2774 131
2775 140
2776 126
2777 117
2778 101
2779 118
2780 52
2781 9
2782 7
2783 6
2784 5
2785 1
2786 6
2787 1
2788 0
2789 2
2790 2
2791 11
2792 94
2793 96
2794 142
2795 161
2796 133
2797 128
2798 160
2799 123
2800 124
2801 115
2802 105
2803 112
2804 42
2805 9
2806 10
2807 9
2808 7
2809 9
2810 2
2811 4
2812 5
2813 6
2814 2
2815 6
2816 72
2817 65
2818 119
2819 112
2820 120
2821 117
2822 114
2823 121
2824 114
2825 137
2826 113
2827 121
2828 39
2829 5
2830 6
2831 7
2832 3
2833 7
2834 3
2835 4
2836 7
2837 4
2838 4
2839 2
2840 31
2841 37
2842 71
2843 91
2844 83
2845 88
2846 97
2847 89
2848 99
2849 71
2850 80
2851 29
2852 15
2853 8
2854 7
2855 2
2856 3
2857 2
2858 4
2859 2
2860 0
2861 1
2862 4
2863 6
2864 81
2865 109
2866 130
2867 143
2868 142
2869 121
2870 119
2871 124
2872 127
2873 123
2874 89
2875 123
2876 44
2877 5
2878 3
2879 2
2880 3
2881 3
2882 3
2883 0
2884 2
2885 4
2886 5
2887 16
2888 79
2889 104
2890 136
2891 157
2892 134
2893 127
2894 158
2895 153
2896 126
2897 113
2898 81
2899 124
2900 49
2901 12
2902 5
2903 2
2904 5
2905 6
2906 1
2907 2
2908 2
2909 3
2910 5
2911 9
2912 81
2913 91
2914 128
2915 151
2916 161
2917 153
2918 130
2919 143
2920 134
2921 136
2922 97
2923 134
2924 47
2925 5
2926 4
2927 7
2928 1
2929 2
2930 4
2931 0
2932 1
2933 3
2934 1
2935 12
2936 86
2937 94
2938 132
2939 129
2940 143
2941 117
2942 139
2943 148
2944 127
2945 132
2946 95
2947 102
2948 47
2949 10
2950 3
2951 6
2952 7
2953 6
2954 4
2955 1
2956 0
2957 2
2958 5
2959 11
2960 75
2961 114
2962 134
2963 146
2964 144
2965 144
2966 145
2967 120
2968 141
2969 101
2970 107
2971 111
2972 53
2973 13
2974 10
2975 3
2976 4
2977 11
2978 1
2979 5
2980 3
2981 3
2982 2
2983 8
2984 62
2985 72
2986 90
2987 122
2988 114
2989 120
2990 125
2991 116
2992 138
2993 143
2994 118
2995 114
2996 40
2997 9
2998 7
2999 2
3000 1
3001 8
3002 1
3003 1
3004 1
3005 4
3006 1
3007 3
3008 31
3009 31
3010 74
3011 82
3012 76
3013 92
3014 81
3015 87
3016 86
3017 96
3018 81
3019 40
3020 11
3021 4
3022 2
3023 4
3024 5
3025 6
3026 1
3027 0
3028 0
3029 6
3030 5
3031 11
3032 96
3033 98
3034 128
3035 144
3036 154
3037 111
3038 139
3039 123
3040 142
3041 128
3042 95
3043 115
3044 48
3045 6
3046 6
3047 9
3048 3
3049 5
3050 0
3051 3
3052 1
3053 5
3054 4
3055 13
3056 89
3057 98
3058 126
3059 134
3060 126
3061 125
3062 143
3063 136
3064 137
3065 112
3066 102
3067 98
3068 35
3069 12
3070 8
3071 11
3072 4
3073 2
3074 5
3075 1
3076 0
3077 4
3078 7
3079 9
3080 100
3081 99
3082 138
3083 133
3084 131
3085 130
3086 114
3087 125
3088 116
3089 107
3090 109
3091 138
3092 38
3093 6
3094 6
3095 4
3096 8
3097 2
3098 2
3099 0
3100 0
3101 8
3102 4
3103 11
3104 82
3105 87
3106 135
3107 129
3108 132
3109 124
3110 117
3111 103
3112 126
3113 107
3114 130
3115 133
3116 44
3117 13
3118 12
3119 6
3120 7
3121 7
3122 2
3123 0
3124 0
3125 4
3126 4
3127 15
3128 85
3129 101
3130 127
3131 105
3132 119
3133 114
3134 121
3135 145
3136 114
3137 118
3138 116
3139 102
3140 31
3141 10
3142 5
3143 5
3144 3
3145 8
3146 3
3147 0
3148 2
3149 2
3150 5
3151 6
3152 54
3153 45
3154 100
3155 111
3156 132
3157 128
3158 121
3159 102
3160 123
3161 103
3162 101
3163 96
3164 47
3165 16
3166 10
3167 5
3168 16
3169 13
3170 6
3171 7
3172 10
3173 3
3174 4
3175 4
3176 47
3177 52
3178 88
3179 87
3180 88
3181 103
3182 84
3183 78
3184 81
3185 92
3186 72
3187 43
3188 7
3189 6
3190 3
3191 1
3192 3
3193 2
3194 3
3195 1
3196 3
3197 4
3198 5
3199 15
3200 79
3201 82
3202 131
3203 129
3204 132
3205 119
3206 120
3207 122
3208 106
3209 91
3210 102
3211 94
3212 40
3213 10
3214 9
3215 2
3216 1
3217 1
3218 4
3219 2
3220 1
3221 3
3222 5
3223 13
3224 67
3225 77
3226 125
3227 140
3228 134
3229 120
3230 127
3231 127
3232 111
3233 97
3234 83
3235 115
3236 30
3237 7
3238 2
3239 3
3240 3
3241 4
3242 2
3243 3
3244 1
3245 3
3246 3
3247 7
3248 69
3249 88
3250 130
3251 134
3252 122
3253 130
3254 98
3255 114
3256 121
3257 106
3258 92
3259 92
3260 31
3261 11
3262 6
3263 5
3264 7
3265 3
3266 2
3267 3
3268 1
3269 4
3270 2
3271 15
3272 66
3273 95
3274 106
3275 141
3276 108
3277 119
3278 97
3279 110
3280 101
3281 93
3282 102
3283 118
3284 43
3285 15
3286 9
3287 3
3288 4
3289 4
3290 4
3291 2
3292 5
3293 5
3294 4
3295 12
3296 74
3297 83
3298 120
3299 127
3300 112
3301 112
3302 102
3303 101
3304 89
3305 103
3306 79
3307 87
3308 44
3309 10
3310 12
3311 6
3312 4
3313 9
3314 4
3315 3
3316 1
3317 4
3318 6
3319 3
3320 48
3321 52
3322 87
3323 109
3324 121
3325 103
3326 103
3327 105
3328 107
3329 111
3330 93
3331 81
3332 40
3333 7
3334 1
3335 7
3336 4
3337 10
3338 0
3339 4
3340 1
3341 2
3342 2
3343 6
3344 50
3345 29
3346 67
3347 76
3348 77
3349 83
3350 61
3351 76
3352 66
3353 76
3354 81
3355 36
3356 3
3357 4
3358 5
3359 3
3360 3
3361 3
3362 2
3363 1
3364 4
3365 3
3366 2
3367 13
3368 65
3369 81
3370 96
3371 127
3372 100
3373 111
3374 114
3375 110
3376 113
3377 95
3378 90
3379 104
3380 29
3381 6
3382 7
3383 4
3384 2
3385 3
3386 0
3387 1
3388 1
3389 2
3390 5
3391 9
3392 72
3393 70
3394 87
3395 128
3396 94
3397 85
3398 97
3399 106
3400 115
3401 102
3402 77
3403 90
3404 39
3405 6
3406 9
3407 5
3408 0
3409 3
3410 1
3411 1
3412 1
3413 4
3414 9
3415 9
3416 81
3417 70
3418 114
3419 113
3420 117
3421 114
3422 101
3423 121
3424 105
3425 99
3426 91
3427 113
3428 40
3429 14
3430 5
3431 0
3432 2
3433 1
3434 1
3435 2
3436 1
3437 6
3438 6
3439 16
3440 66
3441 103
3442 123
3443 118
3444 111
3445 123
3446 115
3447 100
3448 96
3449 90
3450 99
3451 92
3452 30
3453 6
3454 5
3455 6
3456 10
3457 6
3458 3
3459 3
3460 0
3461 7
3462 4
3463 13
3464 81
3465 94
3466 95
3467 102
3468 111
3469 107
3470 108
3471 123
3472 95
3473 108
3474 88
3475 78
3476 45
3477 16
3478 10
3479 11
3480 10
3481 12
3482 3
3483 1
3484 2
3485 6
3486 10
3487 7
3488 50
3489 50
3490 104
3491 102
3492 108
3493 113
3494 109
3495 104
3496 121
3497 109
3498 91
3499 103
3500 53
3501 12
3502 7
3503 4
3504 5
3505 11
3506 6
3507 3
3508 1
3509 6
3510 4
3511 3
3512 36
3513 29
3514 56
3515 68
3516 54
3517 61
3518 62
3519 71
3520 65
3521 82
3522 74
3523 29
3524 9
3525 7
3526 6
3527 3
3528 2
3529 5
3530 2
3531 0
3532 4
3533 5
3534 6
3535 17
3536 69
3537 58
3538 110
3539 103
3540 114
3541 119
3542 123
3543 126
3544 107
3545 98
3546 76
3547 111
3548 36
3549 7
3550 4
3551 2
3552 2
3553 2
3554 2
3555 0
3556 0
3557 3
3558 4
3559 9
3560 69
3561 76
3562 110
3563 120
3564 116
3565 124
3566 98
3567 91
3568 98
3569 112
3570 74
3571 88
3572 32
3573 5
3574 4
3575 3
3576 0
3577 6
3578 1
3579 1
3580 3
3581 3
3582 6
3583 8
3584 59
3585 74
3586 114
3587 139
3588 123
3589 118
3590 123
3591 106
3592 127
3593 103
3594 98
3595 101
3596 25
3597 7
3598 4
3599 0
3600 5
3601 4
3602 1
3603 0
3604 3
3605 5
3606 6
3607 11
3608 77
3609 74
3610 101
3611 100
3612 130
3613 116
3614 112
3615 105
3616 119
3617 108
3618 91
3619 83
3620 39
3621 5
3622 7
3623 2
3624 1
3625 12
3626 1
3627 2
3628 1
3629 5
3630 7
3631 13
3632 76
3633 72
3634 111
3635 127
3636 116
3637 123
3638 109
3639 114
3640 119
3641 114
3642 116
3643 93
3644 37
3645 13
3646 7
3647 5
3648 9
3649 11
3650 3
3651 2
3652 5
3653 6
3654 5
3655 3
3656 45
3657 53
3658 78
3659 93
3660 94
3661 108
3662 101
3663 86
3664 98
3665 100
3666 97
3667 93
3668 41
3669 7
3670 6
3671 3
3672 6
3673 14
3674 3
3675 5
3676 3
3677 4
3678 4
3679 4
3680 35
3681 26
3682 52
3683 71
3684 57
3685 65
3686 61
3687 66
3688 60
3689 65
3690 71
3691 26
3692 9
3693 2
3694 0
3695 4
3696 1
3697 4
3698 1
3699 0
3700 3
3701 11
3702 5
3703 6
3704 66
3705 68
3706 97
3707 104
3708 106
3709 111
3710 105
3711 120
3712 102
3713 100
3714 88
3715 87
3716 32
3717 13
3718 10
3719 11
3720 0
3721 5
3722 4
3723 3
3724 1
3725 3
3726 6
3727 11
3728 74
3729 69
3730 98
3731 97
3732 93
3733 93
3734 108
3735 121
3736 89
3737 109
3738 98
3739 91
3740 36
3741 10
3742 3
3743 5
3744 3
3745 2
3746 1
3747 1
3748 1
3749 4
3750 4
3751 9
3752 76
3753 91
3754 115
3755 115
3756 135
3757 101
3758 105
3759 99
3760 109
3761 95
3762 85
3763 78
3764 30
3765 6
3766 4
3767 3
3768 0
3769 2
3770 3
3771 0
3772 0
3773 5
3774 3
3775 10
3776 80
3777 57
3778 100
3779 124
3780 114
3781 116
3782 78
3783 99
3784 117
3785 103
3786 95
3787 88
3788 28
3789 5
3790 0
3791 10
3792 3
3793 8
3794 2
3795 1
3796 0
3797 2
3798 5
3799 9
3800 75
3801 82
3802 114
3803 102
3804 101
3805 103
3806 86
3807 109
3808 107
3809 112
3810 95
3811 75
3812 45
3813 8
3814 5
3815 2
3816 3
3817 10
3818 2
3819 1
3820 2
3821 3
3822 6
3823 7
3824 40
3825 47
3826 90
3827 103
3828 98
3829 109
3830 97
3831 95
3832 116
3833 90
3834 84
3835 91
3836 39
3837 9
3838 5
3839 2
3840 4
3841 9
3842 7
3843 2
3844 2
3845 3
3846 3
3847 3
3848 31
3849 23
3850 65
3851 50
3852 71
3853 73
3854 69
3855 72
3856 77
3857 63
3858 74
3859 33
3860 5
3861 2
3862 3
3863 4
3864 3
3865 10
3866 9
3867 3
3868 3
3869 0
3870 4
3871 5
3872 40
3873 35
3874 43
3875 42
3876 33
3877 30
3878 35
3879 42
3880 48
3881 81
3882 63
3883 55
3884 30
3885 9
3886 2
3887 2
3888 0
3889 6
3890 2
3891 1
3892 4
3893 4
3894 3
3895 7
3896 55
3897 99
3898 108
3899 130
3900 104
3901 132
3902 104
3903 119
3904 106
3905 91
3906 76
3907 87
3908 37
3909 6
3910 3
3911 1
3912 0
3913 4
3914 1
3915 2
3916 1
3917 4
3918 3
3919 7
3920 74
3921 76
3922 93
3923 109
3924 112
3925 105
3926 115
3927 117
3928 100
3929 86
3930 101
3931 118
3932 36
3933 2
3934 3
3935 2
3936 1
3937 1
3938 4
3939 0
3940 2
3941 2
3942 1
3943 13
3944 86
3945 88
3946 102
3947 80
3948 104
3949 116
3950 94
3951 144
3952 112
3953 104
3954 113
3955 91
3956 36
3957 10
3958 1
3959 2
3960 3
3961 7
3962 6
3963 5
3964 4
3965 2
3966 7
3967 7
3968 74
3969 79
3970 115
3971 123
3972 122
3973 111
3974 120
3975 100
3976 117
3977 122
3978 93
3979 89
3980 29
3981 13
3982 5
3983 8
3984 5
3985 10
3986 6
3987 3
3988 2
3989 1
3990 3
3991 3
3992 47
3993 60
3994 94
3995 114
3996 103
3997 90
3998 117
3999 99
4000 103
4001 94
4002 130
4003 102
4004 39
4005 7
4006 7
4007 4
4008 3
4009 12
4010 4
4011 3
4012 4
4013 4
4014 5
4015 3
4016 33
4017 47
4018 59
4019 74
4020 64
4021 79
4022 77
4023 87
4024 70
4025 79
4026 70
4027 34
4028 2
4029 0
4030 5
4031 3
4032 0
4033 2
4034 2
4035 0
4036 3
4037 1
4038 2
4039 6
4040 64
4041 79
4042 105
4043 117
4044 119
4045 105
4046 102
4047 111
4048 126
4049 113
4050 99
4051 112
4052 35
4053 3
4054 6
4055 2
4056 0
4057 2
4058 0
4059 1
4060 0
4061 2
4062 3
4063 6
4064 76
4065 84
4066 98
4067 108
4068 83
4069 109
4070 104
4071 109
4072 110
4073 117
4074 117
4075 91
4076 30
4077 8
4078 2
4079 8
4080 0
4081 4
4082 1
4083 0
4084 4
4085 3
4086 3
4087 10
4088 87
4089 88
4090 100
4091 101
4092 122
4093 98
4094 119
4095 101
4096 118
4097 89
4098 104
4099 88
4100 13
4101 5
4102 3
4103 7
4104 4
4105 4
4106 2
4107 0
4108 1
4109 8
4110 4
4111 10
4112 69
4113 64
4114 94
4115 104
4116 110
4117 81
4118 106
4119 100
4120 108
4121 116
4122 92
4123 86
4124 39
4125 8
4126 8
4127 3
4128 10
4129 7
4130 4
4131 1
4132 3
4133 4
4134 15
4135 15
4136 85
4137 115
4138 135
4139 122
4140 138
4141 148
4142 102
4143 102
4144 100
4145 99
4146 133
4147 105
4148 34
4149 4
4150 3
4151 3
4152 4
4153 8
4154 2
4155 2
4156 3
4157 1
4158 2
4159 3
4160 58
4161 62
4162 73
4163 98
4164 114
4165 99
4166 97
4167 100
4168 95
4169 88
4170 100
4171 99
4172 33
4173 5
4174 0
4175 3
4176 6
4177 11
4178 2
4179 1
4180 1
4181 1
4182 1
4183 3
4184 21
4185 38
4186 45
4187 71
4188 66
4189 59
4190 70
4191 60
4192 55
4193 54
4194 67
4195 27
4196 3
4197 1
4198 0
4199 2
4200 1
4201 4
4202 2
4203 3
4204 0
4205 2
4206 2
4207 2
4208 67
4209 58
4210 97
4211 77
4212 103
4213 100
4214 83
4215 109
4216 85
4217 96
4218 90
4219 99
4220 45
4221 4
4222 2
4223 4
4224 1
4225 4
4226 1
4227 0
4228 0
4229 0
4230 1
4231 5
4232 73
4233 83
4234 105
4235 125
4236 105
4237 116
4238 114
4239 96
4240 127
4241 118
4242 97
4243 115
4244 45
4245 10
4246 5
4247 1
4248 1
4249 5
4250 0
4251 0
4252 0
4253 2
4254 2
4255 4
4256 77
4257 96
4258 113
4259 101
4260 122
4261 138
4262 107
4263 108
4264 134
4265 115
4266 90
4267 84
4268 28
4269 4
4270 2
4271 6
4272 1
4273 4
4274 0
4275 0
4276 1
4277 1
4278 3
4279 7
4280 70
4281 89
4282 122
4283 124
4284 118
4285 102
4286 110
4287 121
4288 132
4289 114
4290 101
4291 112
4292 38
4293 7
4294 5
4295 2
4296 1
4297 5
4298 2
4299 0
4300 2
4301 3
4302 2
4303 5
4304 68
4305 94
4306 117
4307 124
4308 118
4309 119
4310 104
4311 131
4312 102
4313 121
4314 107
4315 94
4316 33
4317 5
4318 5
4319 2
4320 3
4321 9
4322 0
4323 1
4324 1
4325 1
4326 2
4327 0
4328 37
4329 81
4330 101
4331 129
4332 110
4333 101
4334 120
4335 118
4336 90
4337 116
4338 92
4339 79
4340 19
4341 5
4342 1
4343 8
4344 4
4345 11
4346 0
4347 0
4348 1
4349 2
4350 0
4351 1
4352 25
4353 46
4354 69
4355 80
4356 81
4357 80
4358 64
4359 70
4360 71
4361 64
4362 74
4363 21
4364 5
4365 2
4366 1
4367 1
4368 0
4369 5
4370 3
4371 3
4372 0
4373 0
4374 0
4375 1
4376 69
4377 82
4378 98
4379 120
4380 95
4381 103
4382 97
4383 116
4384 105
4385 98
4386 70
4387 96
4388 26
4389 7
4390 1
4391 4
4392 1
4393 5
4394 1
4395 0
4396 1
4397 2
4398 3
4399 4
4400 61
4401 59
4402 105
4403 105
4404 122
4405 108
4406 106
4407 118
4408 95
4409 91
4410 85
4411 101
4412 43
4413 8
4414 3
4415 3
4416 2
4417 5
4418 0
4419 0
4420 1
4421 0
4422 0
4423 3
4424 73
4425 95
4426 94
4427 108
4428 104
4429 82
4430 103
4431 102
4432 109
4433 109
4434 89
4435 97
4436 34
4437 3
4438 5
4439 3
4440 1
4441 8
4442 2
4443 0
4444 1
4445 1
4446 2
4447 4
4448 80
4449 84
4450 96
4451 93
4452 97
4453 95
4454 92
4455 104
4456 95
4457 101
4458 79
4459 104
4460 36
4461 2
4462 1
4463 1
4464 2
4465 6
4466 0
4467 1
4468 1
4469 0
4470 0
4471 2
4472 78
4473 94
4474 132
4475 97
4476 99
4477 88
4478 86
4479 92
4480 108
4481 116
4482 78
4483 104
4484 38
4485 3
4486 4
4487 8
4488 7
4489 7
4490 0
4491 4
4492 8
4493 0
4494 1
4495 1
4496 39
4497 50
4498 99
4499 117
4500 96
4501 116
4502 100
4503 90
4504 90
4505 90
4506 91
4507 78
4508 19
4509 6
4510 10
4511 7
4512 5
4513 9
4514 2
4515 3
4516 0
4517 2
4518 0
4519 1
4520 20
4521 50
4522 54
4523 53
4524 62
4525 66
4526 63
4527 65
4528 67
4529 60
4530 76
4531 38
4532 5
4533 3
4534 2
4535 0
4536 0
4537 3
4538 2
4539 0
4540 1
4541 3
4542 0
4543 3
4544 57
4545 86
4546 100
4547 114
4548 102
4549 100
4550 108
4551 107
4552 106
4553 92
4554 89
4555 105
4556 38
4557 9
4558 1
4559 4
4560 0
4561 4
4562 0
4563 0
4564 0
4565 0
4566 1
4567 3
4568 61
4569 73
4570 101
4571 109
4572 106
4573 113
4574 102
4575 103
4576 116
4577 92
4578 100
4579 117
4580 34
4581 3
4582 0
4583 4
4584 2
4585 3
4586 3
4587 0
4588 1
4589 0
4590 2
4591 2
4592 61
4593 85
4594 106
4595 119
4596 101
4597 100
4598 113
4599 108
4600 85
4601 111
4602 100
4603 97
4604 31
4605 2
4606 8
4607 10
4608 7
4609 9
4610 4
4611 1
4612 4
4613 3
4614 1
4615 5
4616 68
4617 78
4618 114
4619 105
4620 84
4621 101
4622 110
4623 91
4624 103
4625 87
4626 82
4627 110
4628 23
4629 4
4630 7
4631 7
4632 1
4633 5
4634 2
4635 2
4636 0
4637 0
4638 1
4639 3
4640 81
4641 78
4642 107
4643 105
4644 101
4645 93
4646 98
4647 101
4648 94
4649 111
4650 75
4651 91
4652 42
4653 3
4654 3
4655 7
4656 2
4657 8
4658 2
4659 3
4660 1
4661 0
4662 1
4663 4
4664 56
4665 76
4666 88
4667 86
4668 114
4669 120
4670 116
4671 102
4672 129
4673 108
4674 86
4675 91
4676 24
4677 10
4678 1
4679 3
4680 1
4681 6
4682 0
4683 3
4684 2
4685 1
4686 4
4687 1
4688 60
4689 63
4690 70
4691 67
4692 69
4693 84
4694 72
4695 61
4696 73
4697 79
4698 79
4699 31
4700 6
4701 3
4702 1
4703 1
4704 0
4705 4
4706 0
4707 1
4708 0
4709 0
4710 2
4711 2
4712 65
4713 72
4714 100
4715 106
4716 109
4717 103
4718 116
4719 86
4720 91
4721 88
4722 82
4723 92
4724 30
4725 7
4726 6
4727 21
4728 25
4729 24
4730 16
4731 2
4732 1
4733 1
4734 2
4735 8
4736 51
4737 90
4738 106
4739 102
4740 85
4741 85
4742 78
4743 93
4744 96
4745 94
4746 102
4747 108
4748 52
4749 9
4750 5
4751 4
4752 3
4753 2
4754 2
4755 4
4756 2
4757 4
4758 2
4759 9
4760 75
4761 84
4762 108
4763 108
4764 96
4765 96
4766 114
4767 87
4768 112
4769 93
4770 92
4771 101
4772 28
4773 7
4774 9
4775 8
4776 5
4777 5
4778 2
4779 1
4780 1
4781 3
4782 6
4783 17
4784 73
4785 75
4786 93
4787 104
4788 91
4789 103
4790 100
4791 100
4792 100
4793 106
4794 98
4795 84
4796 31
4797 14
4798 5
4799 9
4800 7
4801 6
4802 3
4803 1
4804 1
4805 7
4806 7
4807 5
4808 92
4809 68
4810 114
4811 105
4812 110
4813 108
4814 103
4815 115
4816 106
4817 112
4818 89
4819 90
4820 34
4821 7
4822 8
4823 7
4824 4
4825 8
4826 2
4827 2
4828 2
4829 4
4830 7
4831 1
4832 38
4833 66
4834 81
4835 97
4836 96
4837 89
4838 100
4839 100
4840 84
4841 110
4842 98
4843 75
4844 47
4845 10
4846 2
4847 1
4848 1
4849 9
4850 0
4851 2
4852 4
4853 9
4854 2
4855 3
4856 35
4857 34
4858 45
4859 77
4860 89
4861 67
4862 72
4863 86
4864 79
4865 83
4866 62
4867 42
4868 7
4869 3
4870 0
4871 5
4872 4
4873 2
4874 3
4875 1
4876 5
4877 7
4878 8
4879 15
4880 74
4881 87
4882 107
4883 96
4884 108
4885 103
4886 100
4887 110
4888 105
4889 103
4890 95
4891 91
4892 40
4893 8
4894 2
4895 2
4896 1
4897 3
4898 5
4899 1
4900 2
4901 4
4902 7
4903 10
4904 91
4905 78
4906 108
4907 122
4908 101
4909 120
4910 106
4911 122
4912 112
4913 96
4914 84
4915 98
4916 36
4917 16
4918 7
4919 7
4920 5
4921 3
4922 3
4923 1
4924 3
4925 6
4926 8
4927 12
4928 69
4929 72
4930 121
4931 107
4932 112
4933 108
4934 104
4935 116
4936 122
4937 104
4938 91
4939 90
4940 27
4941 10
4942 10
4943 9
4944 2
4945 3
4946 1
4947 0
4948 0
4949 5
4950 5
4951 11
4952 61
4953 89
4954 91
4955 134
4956 117
4957 103
4958 102
4959 101
4960 114
4961 98
4962 87
4963 75
4964 43
4965 11
4966 11
4967 12
4968 7
4969 7
4970 4
4971 3
4972 4
4973 4
4974 3
4975 9
4976 76
4977 84
4978 106
4979 105
4980 109
4981 112
4982 96
4983 88
4984 102
4985 101
4986 103
4987 91
4988 42
4989 14
4990 6
4991 6
4992 8
4993 8
4994 1
4995 8
4996 5
4997 1
4998 9
4999 6
5000 44
5001 51
5002 74
5003 104
5004 96
5005 100
5006 86
5007 79
5008 63
5009 104
5010 79
5011 82
5012 39
5013 12
5014 7
5015 14
5016 11
5017 11
5018 1
5019 3
5020 2
5021 4
5022 1
5023 2
5024 46
5025 36
5026 55
5027 68
5028 74
5029 83
5030 83
5031 66
5032 58
5033 70
5034 75
5035 26
5036 4
5037 7
5038 3
5039 3
5040 3
5041 3
5042 7
5043 2
5044 2
5045 5
5046 4
5047 12
5048 72
5049 64
5050 89
5051 96
5052 85
5053 86
5054 93
5055 82
5056 82
5057 71
5058 79
5059 89
5060 28
5061 13
5062 10
5063 2
5064 4
5065 3
5066 2
5067 1
5068 2
5069 2
5070 1
5071 2
5072 53
5073 63
5074 89
5075 114
5076 100
5077 103
5078 109
5079 100
5080 101
5081 102
5082 91
5083 89
5084 42
5085 6
5086 5
5087 4
5088 2
5089 2
5090 2
5091 2
5092 0
5093 4
5094 4
5095 6
5096 71
5097 79
5098 94
5099 97
5100 87
5101 99
5102 96
5103 111
5104 106
5105 96
5106 82
5107 84
5108 37
5109 8
5110 4
5111 6
5112 1
5113 2
5114 2
5115 2
5116 2
5117 3
5118 4
5119 6
5120 73
5121 75
5122 110
5123 97
5124 101
5125 98
5126 102
5127 109
5128 90
5129 112
5130 99
5131 88
5132 31
5133 6
5134 6
5135 11
5136 7
5137 9
5138 3
5139 4
5140 1
5141 3
5142 2
5143 8
5144 76
5145 79
5146 112
5147 126
5148 118
5149 93
5150 93
5151 107
5152 108
5153 98
5154 91
5155 73
5156 33
5157 12
5158 4
5159 3
5160 7
5161 4
5162 3
5163 3
5164 1
5165 4
5166 3
5167 7
5168 51
5169 65
5170 75
5171 116
5172 89
5173 103
5174 87
5175 83
5176 103
5177 88
5178 86
5179 94
5180 27
5181 4
5182 1
5183 0
5184 6
5185 6
5186 1
5187 2
5188 2
5189 4
5190 1
5191 1
5192 29
5193 31
5194 63
5195 77
5196 69
5197 75
5198 63
5199 65
5200 63
5201 66
5202 80
5203 27
5204 1
5205 3
5206 1
5207 3
5208 2
5209 3
5210 2
5211 2
5212 4
5213 3
5214 1
5215 12
5216 67
5217 73
5218 86
5219 121
5220 103
5221 107
5222 94
5223 90
5224 98
5225 103
5226 88
5227 87
5228 33
5229 10
5230 5
5231 2
5232 0
5233 4
5234 3
5235 1
5236 3
5237 2
5238 2
5239 10
5240 77
5241 87
5242 96
5243 90
5244 85
5245 101
5246 90
5247 92
5248 106
5249 110
5250 86
5251 91
5252 30
5253 4
5254 1
5255 6
5256 5
5257 2
5258 0
5259 0
5260 0
5261 4
5262 5
5263 11
5264 62
5265 73
5266 94
5267 124
5268 83
5269 92
5270 100
5271 122
5272 111
5273 102
5274 93
5275 90
5276 22
5277 5
5278 4
5279 6
5280 3
5281 6
5282 3
5283 6
5284 6
5285 5
5286 10
5287 11
5288 60
5289 57
5290 113
5291 123
5292 95
5293 99
5294 90
5295 101
5296 79
5297 106
5298 69
5299 85
5300 28
5301 0
5302 3
5303 3
5304 1
5305 5
5306 5
5307 3
5308 0
5309 4
5310 0
5311 7
5312 69
5313 88
5314 89
5315 122
5316 94
5317 127
5318 98
5319 105
5320 102
5321 112
5322 80
5323 74
5324 26
5325 4
5326 3
5327 8
5328 2
5329 3
5330 4
5331 6
5332 3
5333 0
5334 3
5335 5
5336 31
5337 59
5338 76
5339 102
5340 99
5341 98
5342 90
5343 106
5344 100
5345 81
5346 81
5347 78
5348 38
5349 7
5350 7
5351 8
5352 1
5353 9
5354 6
5355 3
5356 4
5357 2
5358 1
5359 3
5360 30
5361 31
5362 56
5363 64
5364 76
5365 73
5366 58
5367 62
5368 82
5369 78
5370 73
5371 30
5372 2
5373 3
5374 3
5375 1
5376 0
5377 3
5378 1
5379 1
5380 1
5381 7
5382 1
5383 6
5384 61
5385 73
5386 82
5387 101
5388 103
5389 93
5390 112
5391 101
5392 94
5393 74
5394 91
5395 92
5396 27
5397 13
5398 7
5399 2
5400 4
5401 0
5402 2
5403 0
5404 0
5405 4
5406 3
5407 5
5408 57
5409 65
5410 116
5411 122
5412 109
5413 107
5414 98
5415 119
5416 109
5417 98
5418 70
5419 122
5420 27
5421 9
5422 4
5423 3
5424 1
5425 3
5426 2
5427 1
5428 2
5429 3
5430 5
5431 3
5432 63
5433 80
5434 98
5435 96
5436 90
5437 120
5438 93
5439 91
5440 122
5441 108
5442 89
5443 95
5444 19
5445 11
5446 6
5447 3
5448 1
5449 3
5450 1
5451 0
5452 1
5453 3
5454 1
5455 8
5456 52
5457 77
5458 97
5459 94
5460 110
5461 98
5462 96
5463 109
5464 104
5465 116
5466 97
5467 67
5468 36
5469 5
5470 3
5471 3
5472 5
5473 3
5474 4
5475 1
5476 0
5477 3
5478 2
5479 6
5480 81
5481 74
5482 95
5483 103
5484 131
5485 116
5486 83
5487 97
5488 97
5489 103
5490 88
5491 81
5492 26
5493 3
5494 6
5495 8
5496 0
5497 7
5498 1
5499 1
5500 4
5501 3
5502 8
5503 18
5504 46
5505 76
5506 75
5507 94
5508 88
5509 82
5510 73
5511 81
5512 95
5513 83
5514 74
5515 86
5516 36
5517 10
5518 3
5519 2
5520 4
5521 6
5522 6
5523 2
5524 2
5525 1
5526 5
5527 5
5528 21
5529 42
5530 69
5531 66
5532 71
5533 64
5534 81
5535 68
5536 64
5537 64
5538 54
5539 26
5540 3
5541 1
5542 7
5543 3
5544 2
5545 5
5546 6
5547 3
5548 2
5549 4
5550 1
5551 9
5552 69
5553 68
5554 100
5555 119
5556 101
5557 96
5558 100
5559 102
5560 100
5561 103
5562 102
5563 111
5564 40
5565 5
5566 8
5567 11
5568 1
5569 4
5570 1
5571 2
5572 1
5573 2
5574 0
5575 9
5576 58
5577 68
5578 114
5579 116
5580 103
5581 89
5582 88
5583 108
5584 98
5585 99
5586 89
5587 100
5588 31
5589 6
5590 6
5591 4
5592 3
5593 3
5594 1
5595 1
5596 0
5597 3
5598 1
5599 7
5600 73
5601 83
5602 81
5603 97
5604 103
5605 103
5606 88
5607 88
5608 87
5609 87
5610 85
5611 99
5612 40
5613 11
5614 6
5615 1
5616 3
5617 5
5618 1
5619 0
5620 1
5621 1
5622 2
5623 8
5624 72
5625 76
5626 97
5627 113
5628 89
5629 91
5630 102
5631 101
5632 91
5633 82
5634 88
5635 87
5636 37
5637 10
5638 12
5639 4
5640 2
5641 4
5642 2
5643 0
5644 0
5645 2
5646 4
5647 10
5648 81
5649 85
5650 109
5651 111
5652 109
5653 96
5654 89
5655 96
5656 95
5657 104
5658 77
5659 114
5660 44
5661 10
5662 3
5663 8
5664 5
5665 12
5666 6
5667 2
5668 11
5669 5
5670 3
5671 8
5672 48
5673 52
5674 74
5675 99
5676 99
5677 100
5678 89
5679 89
5680 91
5681 95
5682 71
5683 80
5684 26
5685 9
5686 5
5687 1
5688 0
5689 6
5690 1
5691 3
5692 0
5693 2
5694 4
5695 1
5696 28
5697 31
5698 58
5699 84
5700 68
5701 84
5702 64
5703 70
5704 77
5705 85
5706 77
5707 25
5708 5
5709 2
5710 2
5711 3
5712 2
5713 3
5714 1
5715 1
5716 0
5717 0
5718 1
5719 6
5720 55
5721 79
5722 99
5723 104
5724 88
5725 78
5726 83
5727 99
5728 93
5729 82
5730 90
5731 66
5732 44
5733 8
5734 3
5735 5
5736 2
5737 2
5738 2
5739 0
5740 0
5741 4
5742 3
5743 6
5744 71
5745 60
5746 81
5747 105
5748 92
5749 95
5750 104
5751 109
5752 82
5753 95
5754 88
5755 90
5756 25
5757 8
5758 2
5759 6
5760 3
5761 3
5762 1
5763 2
5764 1
5765 2
5766 8
5767 8
5768 65
5769 86
5770 97
5771 118
5772 93
5773 111
5774 79
5775 95
5776 114
5777 91
5778 78
5779 91
5780 33
5781 5
5782 7
5783 7
5784 1
5785 2
5786 2
5787 0
5788 2
5789 5
5790 3
5791 7
5792 68
5793 60
5794 107
5795 100
5796 107
5797 94
5798 91
5799 88
5800 82
5801 100
5802 74
5803 76
5804 27
5805 10
5806 8
5807 4
5808 2
5809 4
5810 1
5811 7
5812 1
5813 2
5814 4
5815 7
5816 71
5817 80
5818 101
5819 115
5820 97
5821 100
5822 94
5823 93
5824 96
5825 113
5826 87
5827 83
5828 26
5829 3
5830 7
5831 2
5832 6
5833 4
5834 3
5835 3
5836 4
5837 2
5838 6
5839 7
5840 46
5841 74
5842 88
5843 99
5844 94
5845 90
5846 82
5847 87
5848 101
5849 74
5850 71
5851 72
5852 32
5853 7
5854 7
5855 5
5856 1
5857 6
5858 0
5859 2
5860 1
5861 6
5862 0
5863 3
5864 30
5865 46
5866 51
5867 66
5868 62
5869 62
5870 67
5871 64
5872 69
5873 66
5874 59
5875 37
5876 0
5877 5
5878 3
5879 1
5880 2
5881 2
5882 2
5883 4
5884 2
5885 1
5886 1
5887 15
5888 57
5889 69
5890 75
5891 85
5892 88
5893 73
5894 90
5895 90
5896 95
5897 102
5898 70
5899 87
5900 35
5901 3
5902 6
5903 3
5904 4
5905 3
5906 1
5907 1
5908 2
5909 1
5910 5
5911 8
5912 80
5913 89
5914 90
5915 109
5916 114
5917 80
5918 103
5919 87
5920 109
5921 105
5922 71
5923 75
5924 24
5925 16
5926 7
5927 7
5928 5
5929 6
5930 3
5931 4
5932 2
5933 3
5934 7
5935 10
5936 92
5937 69
5938 98
5939 97
5940 98
5941 100
5942 106
5943 114
5944 100
5945 101
5946 90
5947 84
5948 32
5949 10
5950 8
5951 4
5952 1
5953 3
5954 2
5955 1
5956 3
5957 5
5958 2
5959 18
5960 68
5961 74
5962 89
5963 111
5964 88
5965 98
5966 95
5967 105
5968 86
5969 84
5970 83
5971 81
5972 54
5973 13
5974 7
5975 7
5976 5
5977 5
5978 2
5979 4
5980 0
5981 3
5982 7
5983 12
5984 69
5985 74
5986 100
5987 82
5988 110
5989 87
5990 77
5991 109
5992 107
5993 97
5994 100
5995 92
5996 31
5997 11
5998 3
5999 3
6000 3
6001 11
6002 0
6003 3
6004 5
6005 6
6006 1
6007 7
6008 53
6009 71
6010 101
6011 84
6012 90
6013 101
6014 88
6015 91
6016 103
6017 91
6018 83
6019 94
6020 28
6021 7
6022 4
6023 2
6024 8
6025 10
6026 2
6027 2
6028 3
6029 5
6030 3
6031 4
6032 31
6033 34
6034 50
6035 76
6036 56
6037 81
6038 79
6039 64
6040 77
6041 71
6042 67
6043 34
6044 6
6045 7
6046 6
6047 3
6048 3
6049 4
6050 2
6051 4
6052 4
6053 6
6054 1
6055 15
6056 75
6057 60
6058 103
6059 103
6060 88
6061 100
6062 87
6063 98
6064 104
6065 89
6066 82
6067 120
6068 34
6069 0
6070 3
6071 3
6072 4
6073 4
6074 4
6075 1
6076 1
6077 6
6078 4
6079 14
6080 73
6081 71
6082 102
6083 96
6084 75
6085 78
6086 87
6087 91
6088 79
6089 98
6090 85
6091 122
6092 51
6093 6
6094 7
6095 11
6096 2
6097 2
6098 1
6099 1
6100 2
6101 2
6102 5
6103 9
6104 79
6105 71
6106 96
6107 100
6108 111
6109 100
6110 96
6111 106
6112 91
6113 103
6114 78
6115 98
6116 38
6117 6
6118 6
6119 7
6120 0
6121 4
6122 3
6123 0
6124 4
6125 6
6126 2
6127 19
6128 70
6129 76
6130 91
6131 94
6132 101
6133 76
6134 67
6135 96
6136 110
6137 131
6138 95
6139 102
6140 34
6141 4
6142 9
6143 6
6144 1
6145 9
6146 3
6147 3
6148 2
6149 2
6150 3
6151 10
6152 87
6153 77
6154 113
6155 103
6156 86
6157 89
6158 73
6159 89
6160 94
6161 106
6162 75
6163 91
6164 37
6165 8
6166 10
6167 10
6168 9
6169 15
6170 3
6171 2
6172 6
6173 1
6174 3
6175 9
6176 51
6177 98
6178 113
6179 76
6180 97
6181 81
6182 102
6183 75
6184 105
6185 100
6186 78
6187 72
6188 42
6189 12
6190 5
6191 9
6192 7
6193 11
6194 1
6195 5
6196 4
6197 5
6198 2
6199 4
6200 27
6201 39
6202 61
6203 59
6204 76
6205 84
6206 73
6207 78
6208 60
6209 82
6210 59
6211 31
6212 10
6213 3
6214 2
6215 4
6216 2
6217 5
6218 1
6219 1
6220 5
6221 3
6222 4
6223 14
6224 59
6225 52
6226 89
6227 105
6228 97
6229 101
6230 100
6231 115
6232 112
6233 96
6234 107
6235 75
6236 31
6237 5
6238 7
6239 3
6240 4
6241 3
6242 3
6243 1
6244 0
6245 5
6246 4
6247 17
6248 75
6249 91
6250 92
6251 102
6252 98
6253 106
6254 89
6255 90
6256 100
6257 100
6258 88
6259 97
6260 42
6261 6
6262 6
6263 9
6264 4
6265 1
6266 2
6267 3
6268 1
6269 1
6270 5
6271 12
6272 86
6273 91
6274 103
6275 125
6276 105
6277 97
6278 99
6279 101
6280 87
6281 83
6282 111
6283 109
6284 36
6285 8
6286 11
6287 5
6288 7
6289 6
6290 0
6291 2
6292 6
6293 2
6294 5
6295 20
6296 87
6297 71
6298 99
6299 108
6300 108
6301 71
6302 113
6303 98
6304 105
6305 108
6306 109
6307 95
6308 43
6309 7
6310 6
6311 12
6312 7
6313 10
6314 3
6315 1
6316 4
6317 5
6318 4
6319 23
6320 87
6321 82
6322 110
6323 111
6324 103
6325 116
6326 103
6327 101
6328 95
6329 100
6330 93
6331 98
6332 33
6333 7
6334 6
6335 8
6336 3
6337 6
6338 1
6339 0
6340 2
6341 2
6342 2
6343 4
6344 58
6345 59
6346 83
6347 105
6348 97
6349 110
6350 112
6351 95
6352 91
6353 93
6354 82
6355 90
6356 43
6357 5
6358 2
6359 5
6360 1
6361 10
6362 3
6363 3
6364 0
6365 2
6366 1
6367 0
6368 53
6369 27
6370 76
6371 83
6372 79
6373 69
6374 66
6375 80
6376 50
6377 62
6378 87
6379 33
6380 5
6381 3
6382 1
6383 2
6384 2
6385 3
6386 1
6387 4
6388 2
6389 2
6390 7
6391 12
6392 86
6393 87
6394 127
6395 134
6396 103
6397 128
6398 114
6399 144
6400 96
6401 94
6402 93
6403 79
6404 43
6405 8
6406 3
6407 7
6408 5
6409 2
6410 3
6411 1
6412 0
6413 2
6414 3
6415 9
6416 72
6417 91
6418 89
6419 101
6420 92
6421 106
6422 94
6423 111
6424 105
6425 94
6426 85
6427 101
6428 45
6429 9
6430 12
6431 7
6432 5
6433 4
6434 1
6435 4
6436 2
6437 4
6438 5
6439 16
6440 81
6441 93
6442 90
6443 88
6444 85
6445 95
6446 103
6447 98
6448 119
6449 106
6450 79
6451 67
6452 29
6453 7
6454 7
6455 12
6456 3
6457 3
6458 2
6459 4
6460 1
6461 5
6462 2
6463 16
6464 83
6465 70
6466 100
6467 99
6468 94
6469 115
6470 96
6471 98
6472 100
6473 87
6474 74
6475 108
6476 45
6477 11
6478 5
6479 9
6480 5
6481 8
6482 2
6483 2
6484 3
6485 3
6486 5
6487 17
6488 74
6489 96
6490 90
6491 54
6492 17
6493 23
6494 41
6495 110
6496 112
6497 94
6498 85
6499 91
6500 31
6501 8
6502 7
6503 5
6504 6
6505 7
6506 5
6507 4
6508 3
6509 3
6510 1
6511 6
6512 29
6513 55
6514 68
6515 84
6516 78
6517 96
6518 86
6519 88
6520 109
6521 91
6522 60
6523 80
6524 37
6525 8
6526 4
6527 8
6528 11
6529 12
6530 1
6531 2
6532 5
6533 4
6534 4
6535 4
6536 35
6537 51
6538 51
6539 61
6540 63
6541 75
6542 85
6543 61
6544 76
6545 84
6546 65
6547 27
6548 7
6549 5
6550 2
6551 1
6552 4
6553 28
6554 26
6555 14
6556 9
6557 11
6558 6
6559 16
6560 38
6561 84
6562 124
6563 147
6564 117
6565 140
6566 145
6567 119
6568 108
6569 102
6570 91
6571 105
6572 61
6573 21
6574 27
6575 28
6576 19
6577 28
6578 28
6579 0
6580 11
6581 6
6582 15
6583 20
6584 47
6585 45
6586 75
6587 80
6588 94
6589 111
6590 102
6591 94
6592 102
6593 111
6594 111
6595 40
6596 9
6597 14
6598 7
6599 10
6600 11
6601 5
6602 3
6603 4
6604 10
6605 10
6606 7
6607 10
6608 62
6609 113
6610 117
6611 161
6612 187
6613 187
6614 163
6615 146
6616 159
6617 159
6618 142
6619 132
6620 55
6621 5
6622 9
6623 5
6624 4
6625 5
6626 7
6627 1
6628 7
6629 6
6630 15
6631 23
6632 97
6633 107
6634 141
6635 141
6636 156
6637 152
6638 149
6639 186
6640 174
6641 140
6642 142
6643 135
6644 73
6645 7
6646 4
6647 15
6648 10
6649 10
6650 2
6651 1
6652 3
6653 8
6654 7
6655 20
6656 82
6657 89
6658 156
6659 131
6660 169
6661 156
6662 164
6663 151
6664 142
6665 137
6666 156
6667 153
6668 58
6669 8
6670 11
6671 13
6672 11
6673 11
6674 7
6675 5
6676 4
6677 9
6678 18
6679 21
6680 93
6681 120
6682 194
6683 148
6684 164
6685 158
6686 158
6687 155
6688 140
6689 166
6690 152
6691 143
6692 67
6693 14
6694 10
6695 22
6696 26
6697 29
6698 14
6699 23
6700 8
6701 19
6702 12
6703 21
6704 113
6705 96
6706 161
6707 161
6708 165
6709 168
6710 164
6711 163
6712 182
6713 169
6714 117
6715 146
6716 64
6717 20
6718 24
6719 38
6720 15
6721 31
6722 13
6723 23
6724 13
6725 12
6726 15
6727 9
6728 57
6729 65
6730 122
6731 127
6732 152
6733 132
6734 147
6735 139
6736 140
6737 115
6738 118
6739 131
6740 48
6741 4
6742 7
6743 17
6744 13
6745 19
6746 4
6747 6
6748 3
6749 10
6750 8
6751 17
6752 70
6753 59
6754 91
6755 108
6756 111
6757 112
6758 126
6759 108
6760 102
6761 125
6762 99
6763 57
6764 13
6765 8
6766 16
6767 24
6768 13
6769 4
6770 4
6771 5
6772 7
6773 6
6774 18
6775 24
6776 109
6777 120
6778 138
6779 160
6780 155
6781 173
6782 148
6783 155
6784 164
6785 163
6786 158
6787 143
6788 43
6789 5
6790 3
6791 7
6792 3
6793 6
6794 6
6795 1
6796 3
6797 6
6798 10
6799 15
6800 114
6801 114
6802 142
6803 152
6804 153
6805 145
6806 151
6807 166
6808 141
6809 132
6810 128
6811 151
6812 33
6813 4
6814 10
6815 13
6816 12
6817 11
6818 6
6819 7
6820 8
6821 14
6822 14
6823 31
6824 109
6825 108
6826 170
6827 177
6828 133
6829 136
6830 135
6831 160
6832 158
6833 156
6834 137
6835 130
6836 51
6837 16
6838 12
6839 22
6840 11
6841 13
6842 5
6843 3
6844 4
6845 6
6846 10
6847 23
6848 112
6849 140
6850 165
6851 153
6852 145
6853 165
6854 157
6855 134
6856 150
6857 153
6858 134
6859 143
6860 57
6861 23
6862 10
6863 17
6864 21
6865 18
6866 9
6867 11
6868 5
6869 8
6870 13
6871 15
6872 94
6873 93
6874 155
6875 134
6876 161
6877 137
6878 153
6879 145
6880 156
6881 157
6882 152
6883 154
6884 67
6885 17
6886 10
6887 29
6888 18
6889 18
6890 29
6891 27
6892 15
6893 11
6894 16
6895 25
6896 53
6897 73
6898 104
6899 120
6900 122
6901 133
6902 123
6903 129
6904 128
6905 117
6906 128
6907 141
6908 45
6909 3
6910 2
6911 17
6912 8
6913 14
6914 6
6915 10
6916 3
6917 9
6918 8
6919 9
6920 28
6921 44
6922 81
6923 71
6924 98
6925 101
6926 103
6927 105
6928 113
6929 112
6930 90
6931 51
6932 7
6933 2
6934 10
6935 11
6936 7
6937 6
6938 3
6939 4
6940 5
6941 12
6942 11
6943 23
6944 79
6945 94
6946 156
6947 172
6948 143
6949 148
6950 160
6951 146
6952 165
6953 131
6954 148
6955 150
6956 87
6957 23
6958 10
6959 18
6960 12
6961 6
6962 4
6963 1
6964 7
6965 8
6966 15
6967 17
6968 106
6969 125
6970 162
6971 165
6972 166
6973 138
6974 138
6975 142
6976 140
6977 136
6978 134
6979 150
6980 43
6981 22
6982 13
6983 13
6984 14
6985 9
6986 8
6987 3
6988 8
6989 13
6990 12
6991 30
6992 98
6993 94
6994 146
6995 159
6996 186
6997 164
6998 133
6999 148
7000 145
7001 157
7002 149
7003 170
7004 59
7005 19
7006 9
7007 23
7008 16
7009 9
7010 4
7011 12
7012 9
7013 7
7014 15
7015 24
7016 104
7017 129
7018 152
7019 144
7020 159
7021 124
7022 142
7023 137
7024 160
7025 172
7026 148
7027 152
7028 50
7029 19
7030 10
7031 26
7032 19
7033 23
7034 29
7035 19
7036 7
7037 11
7038 12
7039 27
7040 108
7041 85
7042 138
7043 94
7044 115
7045 108
7046 102
7047 119
7048 143
7049 134
7050 115
7051 117
7052 47
7053 18
7054 17
7055 25
7056 14
7057 24
7058 26
7059 16
7060 10
7061 8
7062 14
7063 18
7064 52
7065 54
7066 115
7067 129
7068 125
7069 130
7070 124
7071 125
7072 122
7073 132
7074 153
7075 121
7076 56
7077 12
7078 13
7079 33
7080 29
7081 23
7082 9
7083 14
7084 7
7085 10
7086 11
7087 11
7088 43
7089 43
7090 85
7091 99
7092 126
7093 118
7094 114
7095 101
7096 129
7097 87
7098 111
7099 38
7100 13
7101 9
7102 18
7103 11
7104 12
7105 2
7106 4
7107 5
7108 9
7109 12
7110 20
7111 29
7112 113
7113 103
7114 151
7115 132
7116 157
7117 144
7118 161
7119 155
7120 136
7121 119
7122 112
7123 150
7124 65
7125 10
7126 13
7127 15
7128 5
7129 6
7130 3
7131 1
7132 5
7133 11
7134 13
7135 23
7136 101
7137 88
7138 150
7139 132
7140 146
7141 150
7142 151
7143 159
7144 138
7145 145
7146 127
7147 135
7148 65
7149 20
7150 32
7151 23
7152 9
7153 5
7154 5
7155 5
7156 14
7157 5
7158 15
7159 36
7160 75
7161 102
7162 136
7163 135
7164 111
7165 88
7166 110
7167 117
7168 171
7169 155
7170 125
7171 142
7172 66
7173 18
7174 11
7175 13
7176 9
7177 8
7178 3
7179 1
7180 1
7181 9
7182 11
7183 17
7184 104
7185 114
7186 151
7187 160
7188 160
7189 167
7190 129
7191 140
7192 137
7193 137
7194 111
7195 123
7196 41
7197 19
7198 15
7199 19
7200 17
7201 10
7202 4
7203 5
7204 6
7205 8
7206 9
7207 17
7208 97
7209 112
7210 144
7211 160
7212 149
7213 139
7214 155
7215 145
7216 172
7217 175
7218 132
7219 136
7220 53
7221 23
7222 14
7223 23
7224 36
7225 35
7226 17
7227 10
7228 6
7229 4
7230 10
7231 26
7232 49
7233 61
7234 120
7235 137
7236 124
7237 132
7238 151
7239 135
7240 121
7241 140
7242 107
7243 150
7244 67
7245 8
7246 7
7247 19
7248 7
7249 9
7250 5
7251 1
7252 2
7253 4
7254 8
7255 5
7256 31
7257 49
7258 67
7259 84
7260 103
7261 101
7262 89
7263 115
7264 97
7265 97
7266 95
7267 50
7268 26
7269 12
7270 6
7271 9
7272 7
7273 8
7274 5
7275 1
7276 3
7277 5
7278 8
7279 14
7280 98
7281 114
7282 133
7283 141
7284 106
7285 94
7286 150
7287 174
7288 147
7289 176
7290 150
7291 138
7292 62
7293 28
7294 25
7295 41
7296 34
7297 12
7298 7
7299 5
7300 6
7301 5
7302 3
7303 7
7304 72
7305 72
7306 74
7307 68
7308 60
7309 55
7310 56
7311 57
7312 66
7313 100
7314 80
7315 77
7316 36
7317 14
7318 19
7319 36
7320 26
7321 6
7322 4
7323 4
7324 6
7325 12
7326 8
7327 21
7328 98
7329 94
7330 135
7331 145
7332 151
7333 158
7334 143
7335 131
7336 137
7337 154
7338 145
7339 132
7340 43
7341 30
7342 20
7343 22
7344 5
7345 4
7346 5
7347 2
7348 1
7349 7
7350 12
7351 19
7352 83
7353 98
7354 158
7355 159
7356 167
7357 151
7358 153
7359 167
7360 160
7361 151
7362 126
7363 136
7364 51
7365 15
7366 10
7367 14
7368 31
7369 8
7370 5
7371 8
7372 8
7373 7
7374 12
7375 22
7376 80
7377 92
7378 144
7379 170
7380 160
7381 132
7382 131
7383 143
7384 151
7385 152
7386 132
7387 147
7388 42
7389 17
7390 10
7391 21
7392 14
7393 16
7394 4
7395 6
7396 5
7397 11
7398 9
7399 10
7400 63
7401 64
7402 97
7403 130
7404 136
7405 158
7406 144
7407 129
7408 110
7409 138
7410 101
7411 135
7412 61
7413 20
7414 19
7415 13
7416 18
7417 18
7418 5
7419 5
7420 7
7421 13
7422 9
7423 6
7424 32
7425 54
7426 67
7427 82
7428 107
7429 106
7430 112
7431 100
7432 110
7433 98
7434 110
7435 49
7436 11
7437 4
7438 11
7439 13
7440 3
7441 5
7442 2
7443 9
7444 0
7445 7
7446 12
7447 22
7448 97
7449 115
7450 142
7451 171
7452 143
7453 152
7454 151
7455 142
7456 135
7457 150
7458 134
7459 138
7460 51
7461 8
7462 16
7463 7
7464 8
7465 9
7466 2
7467 1
7468 0
7469 8
7470 16
7471 24
7472 85
7473 86
7474 113
7475 151
7476 162
7477 147
7478 123
7479 140
7480 137
7481 131
7482 113
7483 98
7484 53
7485 13
7486 13
7487 9
7488 9
7489 10
7490 5
7491 1
7492 8
7493 8
7494 21
7495 17
7496 83
7497 97
7498 133
7499 159
7500 125
7501 138
7502 128
7503 145
7504 138
7505 148
7506 133
7507 125
7508 69
7509 16
7510 17
7511 16
7512 17
7513 10
7514 6
7515 4
7516 6
7517 6
7518 12
7519 21
7520 101
7521 126
7522 152
7523 150
7524 143
7525 144
7526 134
7527 158
7528 163
7529 129
7530 115
7531 128
7532 55
7533 10
7534 13
7535 23
7536 21
7537 4
7538 6
7539 10
7540 8
7541 11
7542 19
7543 19
7544 106
7545 110
7546 143
7547 145
7548 180
7549 140
7550 153
7551 134
7552 151
7553 129
7554 100
7555 117
7556 61
7557 17
7558 21
7559 15
7560 13
7561 16
7562 8
7563 8
7564 9
7565 15
7566 11
7567 13
7568 59
7569 70
7570 117
7571 126
7572 141
7573 144
7574 147
7575 132
7576 123
7577 113
7578 129
7579 117
7580 57
7581 8
7582 9
7583 13
7584 12
7585 16
7586 8
7587 3
7588 6
7589 1
7590 5
7591 7
7592 29
7593 61
7594 85
7595 105
7596 94
7597 115
7598 113
7599 96
7600 91
7601 112
7602 115
7603 50
7604 11
7605 7
7606 7
7607 15
7608 2
7609 8
7610 6
7611 4
7612 1
7613 3
7614 10
7615 16
7616 88
7617 87
7618 130
7619 159
7620 164
7621 147
7622 162
7623 143
7624 153
7625 136
7626 129
7627 139
7628 79
7629 14
7630 11
7631 12
7632 6
7633 17
7634 0
7635 3
7636 1
7637 7
7638 13
7639 33
7640 93
7641 107
7642 158
7643 153
7644 134
7645 142
7646 130
7647 134
7648 168
7649 136
7650 130
7651 142
7652 46
7653 16
7654 13
7655 10
7656 5
7657 7
7658 4
7659 1
7660 6
7661 3
7662 12
7663 20
7664 101
7665 99
7666 149
7667 159
7668 139
7669 142
7670 150
7671 161
7672 152
7673 129
7674 115
7675 163
7676 51
7677 24
7678 19
7679 16
7680 8
7681 7
7682 4
7683 5
7684 4
7685 10
7686 14
7687 19
7688 89
7689 103
7690 161
7691 177
7692 166
7693 159
7694 148
7695 174
7696 162
7697 134
7698 101
7699 146
7700 56
7701 27
7702 32
7703 32
7704 20
7705 11
7706 3
7707 4
7708 10
7709 11
7710 17
7711 28
7712 111
7713 92
7714 149
7715 147
7716 152
7717 158
7718 149
7719 141
7720 160
7721 169
7722 160
7723 143
7724 63
7725 24
7726 17
7727 28
7728 16
7729 15
7730 12
7731 10
7732 9
7733 9
7734 14
7735 14
7736 72
7737 55
7738 123
7739 143
7740 154
7741 152
7742 138
7743 133
7744 151
7745 161
7746 155
7747 119
7748 72
7749 11
7750 11
7751 17
7752 11
7753 13
7754 3
7755 6
7756 5
7757 13
7758 15
7759 9
7760 49
7761 64
7762 99
7763 113
7764 96
7765 122
7766 108
7767 104
7768 113
7769 95
7770 113
7771 35
7772 13
7773 9
7774 15
7775 14
7776 10
7777 8
7778 3
7779 3
7780 4
7781 8
7782 16
7783 12
7784 113
7785 108
7786 156
7787 158
7788 145
7789 147
7790 145
7791 157
7792 158
7793 132
7794 147
7795 112
7796 52
7797 17
7798 5
7799 10
7800 7
7801 5
7802 5
7803 2
7804 3
7805 8
7806 19
7807 17
7808 106
7809 128
7810 132
7811 158
7812 154
7813 146
7814 148
7815 178
7816 150
7817 107
7818 132
7819 125
7820 40
7821 15
7822 5
7823 9
7824 4
7825 4
7826 8
7827 2
7828 2
7829 6
7830 10
7831 15
7832 99
7833 120
7834 151
7835 169
7836 172
7837 180
7838 142
7839 173
7840 139
7841 154
7842 136
7843 127
7844 57
7845 9
7846 2
7847 9
7848 9
7849 9
7850 1
7851 1
7852 4
7853 3
7854 13
7855 22
7856 108
7857 109
7858 166
7859 167
7860 178
7861 138
7862 151
7863 154
7864 150
7865 131
7866 114
7867 141
7868 53
7869 13
7870 9
7871 20
7872 11
7873 14
7874 8
7875 6
7876 3
7877 8
7878 15
7879 28
7880 120
7881 106
7882 158
7883 145
7884 164
7885 162
7886 169
7887 146
7888 158
7889 145
7890 126
7891 145
7892 68
7893 19
7894 16
7895 22
7896 19
7897 17
7898 7
7899 11
7900 11
7901 8
7902 3
7903 10
7904 57
7905 68
7906 120
7907 137
7908 134
7909 157
7910 175
7911 142
7912 163
7913 141
7914 138
7915 151
7916 56
7917 8
7918 6
7919 13
7920 10
7921 19
7922 9
7923 6
7924 1
7925 6
7926 4
7927 5
7928 47
7929 50
7930 105
7931 99
7932 113
7933 118
7934 104
7935 78
7936 100
7937 84
7938 101
7939 33
7940 9
7941 15
7942 14
7943 13
7944 7
7945 6
7946 5
7947 3
7948 4
7949 6
7950 6
7951 29
7952 113
7953 107
7954 142
7955 175
7956 138
7957 143
7958 154
7959 148
7960 162
7961 135
7962 149
7963 137
7964 40
7965 19
7966 12
7967 9
7968 12
7969 11
7970 7
7971 8
7972 3
7973 7
7974 12
7975 18
7976 87
7977 108
7978 164
7979 135
7980 168
7981 160
7982 140
7983 134
7984 138
7985 118
7986 122
7987 152
7988 54
7989 11
7990 8
7991 14
7992 6
7993 11
7994 4
7995 4
7996 7
7997 4
7998 13
7999 29
8000 99
8001 108
8002 148
8003 185
8004 143
8005 160
8006 152
8007 140
8008 135
8009 130
8010 128
8011 134
8012 43
8013 8
8014 10
8015 12
8016 6
8017 3
8018 2
8019 3
8020 2
8021 3
8022 9
8023 9
8024 79
8025 104
8026 150
8027 149
8028 153
8029 160
8030 154
8031 160
8032 149
8033 148
8034 101
8035 121
8036 51
8037 10
8038 11
8039 9
8040 4
8041 10
8042 8
8043 4
8044 5
8045 2
8046 7
8047 9
8048 90
8049 105
8050 149
8051 147
8052 152
8053 115
8054 126
8055 135
8056 131
8057 120
8058 106
8059 136
8060 37
8061 7
8062 8
8063 9
8064 4
8065 9
8066 1
8067 2
8068 5
8069 4
8070 5
8071 8
8072 51
8073 87
8074 118
8075 142
8076 154
8077 152
8078 136
8079 148
8080 135
8081 143
8082 148
8083 149
8084 40
8085 13
8086 11
8087 9
8088 15
8089 12
8090 6
8091 4
8092 2
8093 2
8094 2
8095 4
8096 40
8097 44
8098 87
8099 103
8100 99
8101 100
8102 93
8103 86
8104 89
8105 88
8106 93
8107 23
8108 5
8109 5
8110 6
8111 6
8112 7
8113 9
8114 6
8115 1
8116 0
8117 2
8118 6
8119 12
8120 73
8121 87
8122 125
8123 148
8124 146
8125 151
8126 121
8127 138
8128 128
8129 132
8130 129
8131 135
8132 47
8133 7
8134 11
8135 9
8136 3
8137 6
8138 3
8139 1
8140 2
8141 4
8142 4
8143 9
8144 102
8145 93
8146 143
8147 157
8148 148
8149 176
8150 148
8151 143
8152 162
8153 153
8154 99
8155 141
8156 34
8157 10
8158 9
8159 6
8160 6
8161 6
8162 2
8163 1
8164 3
8165 5
8166 4
8167 9
8168 96
8169 115
8170 145
8171 149
8172 151
8173 146
8174 142
8175 169
8176 128
8177 152
8178 125
8179 124
8180 44
8181 6
8182 5
8183 10
8184 1
8185 9
8186 4
8187 0
8188 2
8189 1
8190 4
8191 11
8192 94
8193 117
8194 145
8195 172
8196 149
8197 153
8198 138
8199 164
8200 129
8201 133
8202 126
8203 153
8204 54
8205 9
8206 7
8207 7
8208 6
8209 7
8210 7
8211 3
8212 1
8213 5
8214 5
8215 9
8216 106
8217 102
8218 156
8219 189
8220 173
8221 180
8222 141
8223 146
8224 154
8225 161
8226 141
8227 148
8228 69
8229 29
8230 19
8231 14
8232 14
8233 12
8234 8
8235 2
8236 4
8237 4
8238 13
8239 11
8240 70
8241 76
8242 123
8243 154
8244 151
8245 167
8246 167
8247 128
8248 118
8249 144
8250 120
8251 134
8252 55
8253 10
8254 5
8255 6
8256 2
8257 12
8258 5
8259 3
8260 5
8261 3
8262 4
8263 4
8264 41
8265 51
8266 99
8267 96
8268 107
8269 97
8270 84
8271 94
8272 102
8273 117
8274 105
8275 46
8276 6
8277 5
8278 8
8279 2
8280 3
8281 3
8282 3
8283 1
8284 0
8285 1
8286 4
8287 11
8288 98
8289 96
8290 146
8291 155
8292 152
8293 168
8294 142
8295 163
8296 150
8297 123
8298 107
8299 140
8300 58
8301 13
8302 11
8303 6
8304 9
8305 2
8306 2
8307 1
8308 1
8309 6
8310 4
8311 6
8312 86
8313 103
8314 153
8315 141
8316 146
8317 152
8318 167
8319 139
8320 158
8321 148
8322 89
8323 131
8324 40
8325 9
8326 7
8327 4
8328 6
8329 6
8330 3
8331 2
8332 4
8333 3
8334 10
8335 14
8336 83
8337 91
8338 139
8339 159
8340 169
8341 155
8342 164
8343 152
8344 163
8345 123
8346 112
8347 112
8348 47
8349 1
8350 7
8351 8
8352 6
8353 6
8354 1
8355 3
8356 0
8357 5
8358 6
8359 13
8360 84
8361 108
8362 178
8363 155
8364 164
8365 135
8366 140
8367 150
8368 149
8369 128
8370 117
8371 125
8372 59
8373 11
8374 3
8375 10
8376 6
8377 6
8378 5
8379 1
8380 2
8381 1
8382 9
8383 12
8384 91
8385 119
8386 159
8387 164
8388 146
8389 157
8390 145
8391 131
8392 122
8393 121
8394 123
8395 119
8396 46
8397 12
8398 6
8399 10
8400 8
8401 10
8402 3
8403 7
8404 3
8405 2
8406 4
8407 10
8408 73
8409 80
8410 142
8411 128
8412 127
8413 150
8414 165
8415 114
8416 141
8417 151
8418 136
8419 121
8420 36
8421 5
8422 2
8423 2
8424 6
8425 11
8426 1
8427 2
8428 4
8429 3
8430 7
8431 6
8432 33
8433 43
8434 86
8435 107
8436 90
8437 113
8438 89
8439 123
8440 104
8441 88
8442 90
8443 34
8444 8
8445 5
8446 7
8447 5
8448 5
8449 7
8450 2
8451 2
8452 3
8453 4
8454 4
8455 4
8456 95
8457 103
8458 159
8459 205
8460 180
8461 173
8462 147
8463 163
8464 161
8465 154
8466 137
8467 142
8468 48
8469 13
8470 9
8471 6
8472 6
8473 4
8474 3
8475 0
8476 1
8477 2
8478 6
8479 8
8480 99
8481 132
8482 159
8483 162
8484 162
8485 151
8486 157
8487 174
8488 161
8489 134
8490 132
8491 138
8492 58
8493 8
8494 6
8495 5
8496 4
8497 6
8498 3
8499 2
8500 4
8501 2
8502 7
8503 10
8504 90
8505 86
8506 154
8507 154
8508 163
8509 156
8510 151
8511 162
8512 185
8513 154
8514 141
8515 135
8516 74
8517 10
8518 10
8519 12
8520 7
8521 5
8522 1
8523 1
8524 0
8525 3
8526 6
8527 17
8528 94
8529 114
8530 176
8531 183
8532 187
8533 158
8534 168
8535 165
8536 174
8537 166
8538 142
8539 147
8540 69
8541 13
8542 8
8543 5
8544 6
8545 10
8546 4
8547 5
8548 1
8549 2
8550 5
8551 10
8552 98
8553 118
8554 188
8555 197
8556 180
8557 189
8558 195
8559 177
8560 168
8561 166
8562 134
8563 147
8564 61
8565 8
8566 3
8567 9
8568 7
8569 16
8570 4
8571 4
8572 3
8573 1
8574 5
8575 7
8576 52
8577 61
8578 139
8579 141
8580 146
8581 136
8582 143
8583 135
8584 138
8585 140
8586 114
8587 120
8588 59
8589 10
8590 3
8591 4
8592 4
8593 9
8594 3
8595 1
8596 1
8597 2
8598 2
8599 3
8600 43
8601 69
8602 45
8603 46
8604 69
8605 83
8606 71
8607 61
8608 60
8609 55
8610 74
8611 25
8612 7
8613 7
8614 8
8615 7
8616 0
8617 5
8618 2
8619 2
8620 1
8621 3
8622 1
8623 2
8624 84
8625 66
8626 58
8627 59
8628 58
8629 36
8630 70
8631 76
8632 78
8633 70
8634 79
8635 75
8636 44
8637 8
8638 9
8639 9
8640 4
8641 7
8642 1
8643 1
8644 0
8645 1
8646 3
8647 6
8648 63
8649 66
8650 85
8651 90
8652 86
8653 76
8654 66
8655 75
8656 87
8657 70
8658 87
8659 87
8660 59
8661 7
8662 8
8663 7
8664 7
8665 6
8666 3
8667 0
8668 1
8669 2
8670 3
8671 4
8672 46
8673 83
8674 144
8675 143
8676 158
8677 159
8678 146
8679 141
8680 168
8681 131
8682 124
8683 112
8684 58
8685 12
8686 5
8687 5
8688 6
8689 5
8690 1
8691 1
8692 1
8693 2
8694 7
8695 5
8696 75
8697 63
8698 142
8699 161
8700 157
8701 145
8702 143
8703 144
8704 165
8705 126
8706 124
8707 122
8708 55
8709 9
8710 6
8711 5
8712 4
8713 2
8714 3
8715 0
8716 0
8717 2
8718 5
8719 6
8720 61
8721 82
8722 132
8723 143
8724 143
8725 141
8726 129
8727 138
8728 176
8729 131
8730 86
8731 118
8732 51
8733 10
8734 9
8735 6
8736 4
8737 7
8738 2
8739 4
8740 3
8741 0
8742 6
8743 7
8744 32
8745 53
8746 75
8747 91
8748 111
8749 113
8750 101
8751 118
8752 97
8753 100
8754 91
8755 96
8756 32
8757 7
8758 0
8759 1
8760 2
