1 19
2 10
3 2
4 2
5 1
6 5
7 5
8 7
9 10
10 11
11 15
12 12
13 17
14 14
15 17
16 14
17 23
18 12
19 20
20 16
21 9
22 5
23 4
24 2
25 10
26 1
27 8
28 5
29 4
30 2
31 4
32 53
33 33
34 57
35 57
36 76
37 79
38 75
39 73
40 89
41 54
42 51
43 72
44 57
45 23
46 9
47 4
48 5
49 4
50 0
51 0
52 4
53 4
54 2
55 14
56 88
57 133
58 127
59 151
60 140
61 124
62 110
63 124
64 139
65 104
66 94
67 112
68 109
69 45
70 9
71 4
72 8
73 5
74 0
75 0
76 2
77 2
78 9
79 11
80 58
81 115
82 138
83 180
84 163
85 150
86 137
87 126
88 129
89 106
90 135
91 156
92 88
93 32
94 10
95 7
96 6
97 3
98 3
99 1
100 8
101 1
102 7
103 6
104 74
105 117
106 136
107 160
108 152
109 156
110 147
111 138
112 134
113 114
114 139
115 158
116 122
117 27
118 9
119 6
120 4
121 9
122 17
123 17
124 7
125 4
126 3
127 7
128 58
129 134
130 140
131 154
132 144
133 169
134 178
135 141
136 151
137 103
138 139
139 144
140 149
141 45
142 6
143 4
144 8
145 4
146 4
147 4
148 2
149 16
150 16
151 9
152 64
153 81
154 68
155 83
156 107
157 88
158 100
159 80
160 84
161 72
162 101
163 123
164 108
165 39
166 8
167 17
168 18
169 13
170 11
171 7
172 4
173 6
174 3
175 9
176 11
177 4
178 14
179 14
180 28
181 19
182 21
183 26
184 13
185 12
186 19
187 18
188 10
189 11
190 5
191 1
192 0
193 2
194 0
195 2
196 3
197 3
198 8
199 11
200 73
201 103
202 146
203 140
204 141
205 173
206 142
207 148
208 144
209 97
210 84
211 115
212 110
213 52
214 4
215 0
216 4
217 4
218 0
219 1
220 4
221 9
222 3
223 10
224 70
225 119
226 118
227 178
228 162
229 154
230 176
231 163
232 172
233 90
234 95
235 83
236 102
237 25
238 9
239 1
240 1
241 2
242 4
243 1
244 3
245 4
246 2
247 12
248 81
249 111
250 156
251 182
252 177
253 183
254 169
255 159
256 142
257 109
258 115
259 108
260 107
261 40
262 7
263 0
264 1
265 4
266 3
267 0
268 0
269 2
270 3
271 10
272 82
273 130
274 122
275 145
276 160
277 142
278 159
279 163
280 144
281 101
282 109
283 124
284 125
285 34
286 6
287 4
288 5
289 5
290 1
291 4
292 5
293 5
294 8
295 11
296 79
297 128
298 145
299 154
300 169
301 175
302 139
303 122
304 180
305 97
306 93
307 125
308 133
309 23
310 9
311 10
312 2
313 14
314 4
315 7
316 7
317 12
318 5
319 2
320 57
321 51
322 72
323 76
324 78
325 105
326 62
327 76
328 74
329 63
330 72
331 100
332 113
333 43
334 9
335 8
336 11
337 13
338 3
339 1
340 3
341 5
342 2
343 10
344 13
345 5
346 11
347 11
348 19
349 17
350 19
351 22
352 8
353 26
354 13
355 19
356 12
357 4
358 6
359 5
360 1
361 3
362 1
363 1
364 4
365 1
366 4
367 12
368 71
369 119
370 127
371 188
372 160
373 150
374 154
375 161
376 152
377 111
378 114
379 82
380 75
381 36
382 7
383 1
384 2
385 4
386 0
387 1
388 2
389 4
390 4
391 9
392 75
393 159
394 191
395 204
396 179
397 175
398 178
399 200
400 197
401 111
402 129
403 123
404 104
405 33
406 6
407 2
408 2
409 3
410 1
411 0
412 5
413 1
414 4
415 5
416 79
417 130
418 126
419 203
420 175
421 146
422 156
423 176
424 198
425 93
426 81
427 123
428 120
429 38
430 5
431 5
432 2
433 3
434 0
435 4
436 4
437 3
438 6
439 8
440 69
441 137
442 196
443 206
444 215
445 154
446 173
447 166
448 203
449 129
450 90
451 130
452 136
453 41
454 6
455 3
456 7
457 4
458 5
459 3
460 5
461 4
462 3
463 7
464 99
465 142
466 171
467 195
468 199
469 201
470 184
471 183
472 159
473 113
474 117
475 117
476 126
477 41
478 5
479 7
480 10
481 5
482 4
483 3
484 4
485 3
486 4
487 11
488 71
489 49
490 55
491 58
492 73
493 80
494 71
495 69
496 59
497 64
498 52
499 98
500 85
501 25
502 7
503 13
504 6
505 8
506 4
507 1
508 2
509 4
510 7
511 10
512 19
513 30
514 21
515 19
516 18
517 24
518 41
519 21
520 26
521 11
522 19
523 13
524 16
525 11
526 4
527 2
528 3
529 1
530 3
531 1
532 4
533 3
534 11
535 7
536 78
537 154
538 173
539 161
540 186
541 168
542 148
543 162
544 172
545 111
546 94
547 128
548 91
549 26
550 6
551 3
552 2
553 4
554 1
555 1
556 6
557 3
558 3
559 16
560 77
561 129
562 145
563 170
564 131
565 146
566 178
567 154
568 149
569 110
570 100
571 118
572 113
573 35
574 1
575 4
576 8
577 1
578 0
579 0
580 3
581 6
582 3
583 6
584 86
585 123
586 180
587 163
588 169
589 177
590 163
591 169
592 141
593 111
594 85
595 119
596 130
597 31
598 8
599 8
600 7
601 13
602 6
603 1
604 3
605 3
606 1
607 5
608 51
609 41
610 62
611 84
612 70
613 76
614 63
615 94
616 58
617 41
618 45
619 62
620 81
621 18
622 5
623 5
624 4
625 10
626 0
627 2
628 2
629 1
630 3
631 3
632 85
633 116
634 105
635 161
636 174
637 179
638 138
639 171
640 136
641 101
642 98
643 106
644 82
645 29
646 1
647 3
648 9
649 11
650 3
651 3
652 4
653 5
654 3
655 9
656 52
657 46
658 69
659 95
660 72
661 83
662 92
663 75
664 74
665 77
666 80
667 103
668 109
669 18
670 11
671 8
672 2
673 4
674 4
675 4
676 6
677 3
678 3
679 10
680 22
681 25
682 27
683 31
684 40
685 39
686 30
687 32
688 21
689 26
690 27
691 26
692 14
693 13
694 9
695 3
696 3
697 3
698 2
699 3
700 2
701 8
702 5
703 7
704 88
705 127
706 143
707 205
708 203
709 168
710 143
711 158
712 149
713 103
714 95
715 99
716 84
717 15
718 4
719 5
720 3
721 3
722 1
723 0
724 5
725 7
726 2
727 11
728 75
729 117
730 122
731 187
732 162
733 132
734 133
735 159
736 152
737 75
738 72
739 106
740 89
741 14
742 2
743 1
744 3
745 6
746 0
747 0
748 4
749 2
750 2
751 11
752 82
753 115
754 114
755 160
756 146
757 146
758 164
759 149
760 115
761 111
762 97
763 117
764 88
765 16
766 4
767 2
768 2
769 1
770 0
771 2
772 3
773 2
774 1
775 6
776 84
777 115
778 112
779 143
780 143
781 134
782 137
783 119
784 126
785 88
786 92
787 95
788 88
789 14
790 5
791 5
792 2
793 0
794 1
795 1
796 3
797 2
798 5
799 6
800 80
801 87
802 123
803 170
804 137
805 137
806 120
807 133
808 134
809 96
810 87
811 136
812 103
813 28
814 8
815 4
816 6
817 5
818 0
819 1
820 3
821 4
822 4
823 7
824 69
825 51
826 75
827 66
828 92
829 79
830 98
831 79
832 100
833 73
834 91
835 87
836 63
837 25
838 9
839 2
840 5
841 8
842 5
843 6
844 6
845 2
846 2
847 10
848 17
849 14
850 23
851 37
852 32
853 33
854 38
855 28
856 31
857 32
858 27
859 28
860 9
861 5
862 9
863 4
864 4
865 0
866 2
867 0
868 3
869 2
870 7
871 15
872 79
873 99
874 101
875 138
876 121
877 127
878 114
879 125
880 126
881 87
882 90
883 72
884 85
885 21
886 3
887 0
888 1
889 2
890 1
891 1
892 3
893 3
894 6
895 6
896 77
897 118
898 132
899 134
900 144
901 125
902 146
903 124
904 118
905 63
906 90
907 127
908 92
909 21
910 3
911 1
912 2
913 0
914 0
915 0
916 2
917 1
918 4
919 6
920 97
921 99
922 112
923 134
924 110
925 125
926 106
927 114
928 115
929 85
930 73
931 88
932 85
933 14
934 3
935 5
936 0
937 1
938 1
939 1
940 3
941 1
942 5
943 9
944 84
945 82
946 96
947 159
948 132
949 140
950 112
951 136
952 137
953 81
954 90
955 119
956 94
957 19
958 10
959 2
960 4
961 4
962 3
963 4
964 1
965 3
966 6
967 5
968 79
969 104
970 116
971 142
972 131
973 116
974 124
975 152
976 151
977 92
978 98
979 120
980 123
981 21
982 5
983 8
984 8
985 5
986 3
987 3
988 2
989 2
990 4
991 13
992 56
993 58
994 66
995 65
996 83
997 76
998 86
999 62
1000 70
1001 64
1002 73
1003 79
1004 86
1005 22
1006 2
1007 4
1008 4
1009 8
1010 3
1011 1
1012 1
1013 4
1014 3
1015 4
1016 20
1017 17
1018 25
1019 33
1020 22
1021 22
1022 27
1023 31
1024 14
1025 19
1026 21
1027 11
1028 7
1029 8
1030 8
1031 6
1032 5
1033 5
1034 0
1035 0
1036 2
1037 5
1038 2
1039 4
1040 74
1041 114
1042 116
1043 129
1044 95
1045 89
1046 130
1047 118
1048 131
1049 68
1050 62
1051 89
1052 95
1053 22
1054 6
1055 3
1056 2
1057 2
1058 0
1059 0
1060 2
1061 6
1062 3
1063 10
1064 87
1065 117
1066 128
1067 157
1068 112
1069 123
1070 124
1071 134
1072 142
1073 81
1074 91
1075 112
1076 116
1077 27
1078 6
1079 4
1080 4
1081 0
1082 1
1083 0
1084 3
1085 5
1086 5
1087 9
1088 85
1089 118
1090 130
1091 128
1092 125
1093 119
1094 129
1095 131
1096 139
1097 84
1098 104
1099 88
1100 82
1101 27
1102 7
1103 1
1104 2
1105 2
1106 1
1107 0
1108 8
1109 4
1110 1
1111 6
1112 78
1113 106
1114 159
1115 161
1116 137
1117 136
1118 134
1119 154
1120 139
1121 73
1122 68
1123 114
1124 104
1125 32
1126 7
1127 2
1128 2
1129 7
1130 2
1131 1
1132 5
1133 2
1134 3
1135 5
1136 79
1137 140
1138 126
1139 142
1140 131
1141 136
1142 136
1143 139
1144 130
1145 99
1146 90
1147 122
1148 123
1149 32
1150 6
1151 5
1152 3
1153 6
1154 4
1155 1
1156 4
1157 4
1158 3
1159 10
1160 56
1161 77
1162 58
1163 64
1164 79
1165 70
1166 62
1167 59
1168 74
1169 68
1170 69
1171 64
1172 74
1173 32
1174 6
1175 0
1176 4
1177 4
1178 0
1179 1
1180 1
1181 1
1182 5
1183 5
1184 10
1185 3
1186 11
1187 18
1188 17
1189 20
1190 22
1191 17
1192 25
1193 19
1194 17
1195 12
1196 12
1197 7
1198 2
1199 1
1200 1
1201 3
1202 2
1203 2
1204 3
1205 2
1206 8
1207 6
1208 64
1209 102
1210 104
1211 126
1212 108
1213 100
1214 82
1215 120
1216 116
1217 73
1218 77
1219 80
1220 56
1221 28
1222 4
1223 3
1224 3
1225 2
1226 2
1227 2
1228 5
1229 2
1230 4
1231 7
1232 75
1233 99
1234 114
1235 134
1236 122
1237 108
1238 95
1239 99
1240 122
1241 48
1242 63
1243 87
1244 86
1245 17
1246 3
1247 2
1248 0
1249 3
1250 0
1251 0
1252 5
1253 5
1254 5
1255 5
1256 91
1257 115
1258 139
1259 136
1260 116
1261 120
1262 111
1263 99
1264 113
1265 95
1266 95
1267 109
1268 99
1269 32
1270 5
1271 5
1272 4
1273 2
1274 3
1275 2
1276 1
1277 2
1278 6
1279 3
1280 98
1281 133
1282 113
1283 143
1284 128
1285 126
1286 126
1287 134
1288 131
1289 118
1290 104
1291 93
1292 102
1293 21
1294 7
1295 7
1296 5
1297 1
1298 1
1299 3
1300 5
1301 4
1302 4
1303 6
1304 96
1305 104
1306 156
1307 138
1308 141
1309 130
1310 149
1311 160
1312 131
1313 124
1314 100
1315 117
1316 114
1317 28
1318 8
1319 9
1320 6
1321 4
1322 2
1323 5
1324 1
1325 2
1326 5
1327 7
1328 64
1329 51
1330 69
1331 82
1332 67
1333 75
1334 68
1335 65
1336 44
1337 67
1338 70
1339 76
1340 90
1341 23
1342 8
1343 2
1344 1
1345 9
1346 4
1347 5
1348 2
1349 6
1350 6
1351 7
1352 16
1353 12
1354 17
1355 9
1356 17
1357 11
1358 16
1359 15
1360 16
1361 18
1362 14
1363 18
1364 16
1365 8
1366 6
1367 7
1368 0
1369 4
1370 1
1371 4
1372 2
1373 3
1374 4
1375 14
1376 97
1377 78
1378 104
1379 162
1380 130
1381 144
1382 144
1383 110
1384 118
1385 85
1386 94
1387 107
1388 110
1389 26
1390 5
1391 3
1392 3
1393 3
1394 1
1395 0
1396 3
1397 4
1398 5
1399 6
1400 82
1401 110
1402 143
1403 143
1404 137
1405 150
1406 114
1407 126
1408 140
1409 102
1410 81
1411 108
1412 104
1413 24
1414 2
1415 4
1416 2
1417 2
1418 0
1419 0
1420 8
1421 5
1422 3
1423 13
1424 73
1425 77
1426 105
1427 150
1428 118
1429 109
1430 111
1431 142
1432 123
1433 77
1434 73
1435 95
1436 97
1437 33
1438 9
1439 7
1440 7
1441 2
1442 1
1443 3
1444 1
1445 4
1446 4
1447 13
1448 54
1449 85
1450 142
1451 143
1452 133
1453 124
1454 148
1455 158
1456 110
1457 65
1458 66
1459 100
1460 106
1461 28
1462 18
1463 15
1464 5
1465 9
1466 1
1467 2
1468 4
1469 1
1470 5
1471 5
1472 68
1473 72
1474 87
1475 108
1476 90
1477 116
1478 73
1479 66
1480 65
1481 77
1482 83
1483 107
1484 103
1485 14
1486 6
1487 4
1488 16
1489 3
1490 7
1491 6
1492 5
1493 7
1494 3
1495 10
1496 16
1497 11
1498 7
1499 18
1500 20
1501 18
1502 15
1503 14
1504 12
1505 13
1506 19
1507 17
1508 14
1509 5
1510 7
1511 1
1512 2
1513 5
1514 2
1515 2
1516 1
1517 2
1518 7
1519 6
1520 135
1521 199
1522 297
1523 111
1524 172
1525 115
1526 113
1527 103
1528 136
1529 65
1530 61
1531 62
1532 66
1533 16
1534 4
1535 1
1536 1
1537 2
1538 1
1539 3
1540 0
1541 5
1542 1
1543 12
1544 131
1545 159
1546 168
1547 141
1548 205
1549 203
1550 258
1551 229
1552 102
1553 48
1554 46
1555 60
1556 79
1557 16
1558 7
1559 6
1560 3
1561 3
1562 0
1563 0
1564 2
1565 3
1566 1
1567 12
1568 101
1569 122
1570 123
1571 182
1572 198
1573 151
1574 122
1575 135
1576 125
1577 53
1578 48
1579 92
1580 78
1581 25
1582 5
1583 4
1584 3
1585 2
1586 1
1587 1
1588 2
1589 4
1590 5
1591 7
1592 118
1593 154
1594 184
1595 178
1596 168
1597 133
1598 126
1599 133
1600 179
1601 56
1602 65
1603 75
1604 93
1605 14
1606 10
1607 5
1608 3
1609 2
1610 1
1611 2
1612 1
1613 1
1614 6
1615 15
1616 95
1617 88
1618 102
1619 143
1620 134
1621 133
1622 130
1623 157
1624 99
1625 61
1626 65
1627 73
1628 109
1629 28
1630 18
1631 8
1632 6
1633 8
1634 4
1635 3
1636 4
1637 4
1638 3
1639 9
1640 88
1641 52
1642 50
1643 52
1644 50
1645 50
1646 55
1647 43
1648 38
1649 46
1650 54
1651 60
1652 91
1653 15
1654 9
1655 6
1656 12
1657 11
1658 5
1659 2
1660 3
1661 6
1662 3
1663 9
1664 16
1665 17
1666 13
1667 10
1668 16
1669 14
1670 11
1671 14
1672 10
1673 9
1674 13
1675 10
1676 11
1677 10
1678 7
1679 7
1680 3
1681 4
1682 5
1683 4
1684 3
1685 1
1686 5
1687 11
1688 68
1689 23
1690 28
1691 64
1692 46
1693 43
1694 44
1695 55
1696 41
1697 26
1698 22
1699 39
1700 70
1701 18
1702 3
1703 3
1704 3
1705 3
1706 1
1707 2
1708 3
1709 6
1710 8
1711 11
1712 89
1713 90
1714 101
1715 146
1716 115
1717 108
1718 89
1719 111
1720 108
1721 41
1722 40
1723 67
1724 74
1725 23
1726 4
1727 2
1728 6
1729 2
1730 0
1731 0
1732 0
1733 1
1734 2
1735 9
1736 90
1737 84
1738 75
1739 129
1740 102
1741 99
1742 117
1743 136
1744 85
1745 79
1746 74
1747 64
1748 86
1749 29
1750 2
1751 9
1752 0
1753 2
1754 1
1755 1
1756 2
1757 3
1758 5
1759 7
1760 84
1761 68
1762 113
1763 124
1764 104
1765 111
1766 126
1767 96
1768 108
1769 64
1770 73
1771 72
1772 99
1773 19
1774 0
1775 3
1776 2
1777 3
1778 1
1779 1
1780 1
1781 1
1782 1
1783 4
1784 85
1785 82
1786 95
1787 154
1788 126
1789 107
1790 121
1791 118
1792 117
1793 85
1794 82
1795 100
1796 88
1797 19
1798 5
1799 1
1800 5
1801 3
1802 1
1803 2
1804 2
1805 3
1806 2
1807 0
1808 90
1809 66
1810 69
1811 78
1812 68
1813 66
1814 65
1815 63
1816 62
1817 58
1818 66
1819 44
1820 82
1821 16
1822 7
1823 5
1824 5
1825 8
1826 3
1827 2
1828 1
1829 2
1830 0
1831 3
1832 21
1833 4
1834 9
1835 9
1836 2
1837 10
1838 8
1839 13
1840 10
1841 9
1842 14
1843 8
1844 11
1845 7
1846 10
1847 2
1848 0
1849 1
1850 1
1851 1
1852 1
1853 1
1854 0
1855 3
1856 84
1857 62
1858 89
1859 103
1860 114
1861 115
1862 104
1863 94
1864 83
1865 47
1866 57
1867 74
1868 75
1869 7
1870 1
1871 2
1872 1
1873 2
1874 1
1875 3
1876 1
1877 2
1878 1
1879 2
1880 92
1881 64
1882 92
1883 133
1884 111
1885 81
1886 108
1887 81
1888 83
1889 31
1890 34
1891 52
1892 60
1893 15
1894 2
1895 5
1896 0
1897 3
1898 1
1899 1
1900 2
1901 0
1902 1
1903 3
1904 69
1905 60
1906 79
1907 123
1908 87
1909 121
1910 93
1911 83
1912 91
1913 53
1914 58
1915 53
1916 75
1917 18
1918 2
1919 2
1920 3
1921 1
1922 1
1923 4
1924 0
1925 1
1926 2
1927 4
1928 74
1929 58
1930 70
1931 93
1932 89
1933 85
1934 82
1935 92
1936 76
1937 58
1938 56
1939 74
1940 94
1941 14
1942 5
1943 5
1944 4
1945 5
1946 5
1947 1
1948 0
1949 0
1950 0
1951 5
1952 78
1953 90
1954 83
1955 116
1956 87
1957 91
1958 87
1959 92
1960 88
1961 49
1962 56
1963 59
1964 88
1965 20
1966 5
1967 6
1968 3
1969 3
1970 1
1971 2
1972 3
1973 1
1974 0
1975 3
1976 85
1977 47
1978 44
1979 58
1980 50
1981 62
1982 72
1983 63
1984 35
1985 62
1986 70
1987 54
1988 75
1989 17
1990 6
1991 3
1992 6
1993 6
1994 3
1995 2
1996 2
1997 5
1998 0
1999 2
2000 18
2001 6
2002 4
2003 10
2004 15
2005 16
2006 18
2007 14
2008 26
2009 10
2010 18
2011 10
2012 11
2013 7
2014 3
2015 0
2016 4
2017 3
2018 2
2019 0
2020 2
2021 1
2022 1
2023 0
2024 89
2025 109
2026 138
2027 200
2028 122
2029 108
2030 117
2031 136
2032 90
2033 141
2034 85
2035 143
2036 54
2037 17
2038 1
2039 0
2040 1
2041 1
2042 0
2043 0
2044 0
2045 0
2046 2
2047 4
2048 103
2049 134
2050 136
2051 231
2052 160
2053 156
2054 125
2055 122
2056 121
2057 95
2058 89
2059 96
2060 78
2061 16
2062 3
2063 0
2064 3
2065 1
2066 0
2067 0
2068 3
2069 0
2070 1
2071 4
2072 80
2073 139
2074 156
2075 120
2076 120
2077 151
2078 165
2079 137
2080 144
2081 103
2082 110
2083 124
2084 96
2085 17
2086 4
2087 0
2088 6
2089 4
2090 1
2091 0
2092 0
2093 3
2094 1
2095 2
2096 66
2097 128
2098 126
2099 152
2100 133
2101 141
2102 141
2103 136
2104 144
2105 115
2106 114
2107 164
2108 131
2109 28
2110 5
2111 1
2112 2
2113 4
2114 0
2115 0
2116 1
2117 0
2118 2
2119 4
2120 68
2121 130
2122 156
2123 137
2124 145
2125 155
2126 173
2127 159
2128 152
2129 124
2130 116
2131 136
2132 129
2133 24
2134 11
2135 6
2136 3
2137 7
2138 2
2139 2
2140 2
2141 0
2142 1
2143 5
2144 64
2145 59
2146 58
2147 68
2148 54
2149 80
2150 73
2151 67
2152 74
2153 83
2154 90
2155 139
2156 108
2157 12
2158 7
2159 4
2160 12
2161 6
2162 2
2163 6
2164 1
2165 0
2166 0
2167 4
2168 13
2169 4
2170 9
2171 32
2172 32
2173 39
2174 27
2175 30
2176 28
2177 17
2178 35
2179 14
2180 6
2181 2
2182 4
2183 3
2184 3
2185 3
2186 0
2187 1
2188 0
2189 1
2190 2
2191 4
2192 82
2193 111
2194 153
2195 138
2196 127
2197 120
2198 112
2199 130
2200 122
2201 87
2202 73
2203 79
2204 66
2205 11
2206 2
2207 2
2208 2
2209 1
2210 0
2211 0
2212 1
2213 0
2214 0
2215 6
2216 67
2217 108
2218 132
2219 164
2220 155
2221 128
2222 109
2223 139
2224 124
2225 86
2226 113
2227 110
2228 72
2229 23
2230 0
2231 4
2232 1
2233 2
2234 0
2235 0
2236 0
2237 0
2238 1
2239 7
2240 57
2241 114
2242 146
2243 162
2244 138
2245 126
2246 137
2247 137
2248 114
2249 97
2250 108
2251 103
2252 115
2253 16
2254 9
2255 7
2256 2
2257 3
2258 1
2259 0
2260 0
2261 1
2262 0
2263 9
2264 66
2265 124
2266 106
2267 165
2268 137
2269 152
2270 126
2271 140
2272 136
2273 110
2274 124
2275 131
2276 104
2277 24
2278 13
2279 9
2280 3
2281 5
2282 3
2283 1
2284 2
2285 0
2286 0
2287 13
2288 44
2289 33
2290 35
2291 69
2292 74
2293 49
2294 48
2295 45
2296 45
2297 11
2298 20
2299 43
2300 69
2301 14
2302 4
2303 1
2304 4
2305 7
2306 0
2307 0
2308 1
2309 0
2310 1
2311 9
2312 46
2313 27
2314 42
2315 29
2316 48
2317 46
2318 47
2319 54
2320 50
2321 54
2322 64
2323 76
2324 74
2325 15
2326 3
2327 7
2328 5
2329 4
2330 3
2331 4
2332 1
2333 1
2334 0
2335 1
2336 10
2337 3
2338 3
2339 11
2340 7
2341 10
2342 6
2343 7
2344 5
2345 14
2346 17
2347 11
2348 12
2349 12
2350 8
2351 5
2352 10
2353 4
2354 0
2355 0
2356 3
2357 1
2358 3
2359 5
2360 43
2361 15
2362 38
2363 54
2364 61
2365 59
2366 34
2367 39
2368 40
2369 21
2370 17
2371 37
2372 61
2373 13
2374 8
2375 1
2376 5
2377 2
2378 0
2379 0
2380 0
2381 1
2382 1
2383 6
2384 65
2385 120
2386 122
2387 118
2388 129
2389 139
2390 128
2391 129
2392 150
2393 77
2394 87
2395 98
2396 66
2397 21
2398 2
2399 3
2400 2
2401 2
2402 0
2403 0
2404 0
2405 1
2406 2
2407 7
2408 74
2409 111
2410 122
2411 138
2412 142
2413 123
2414 134
2415 143
2416 136
2417 91
2418 85
2419 124
2420 94
2421 17
2422 4
2423 4
2424 4
2425 5
2426 0
2427 1
2428 0
2429 0
2430 0
2431 2
2432 77
2433 120
2434 141
2435 151
2436 145
2437 123
2438 147
2439 120
2440 150
2441 94
2442 101
2443 105
2444 115
2445 20
2446 5
2447 1
2448 2
2449 6
2450 5
2451 2
2452 1
2453 0
2454 0
2455 4
2456 75
2457 120
2458 109
2459 164
2460 137
2461 114
2462 137
2463 137
2464 135
2465 110
2466 96
2467 110
2468 99
2469 17
2470 8
2471 5
2472 10
2473 5
2474 3
2475 2
2476 0
2477 0
2478 0
2479 5
2480 46
2481 44
2482 40
2483 58
2484 46
2485 63
2486 67
2487 59
2488 54
2489 63
2490 76
2491 119
2492 105
2493 13
2494 8
2495 4
2496 6
2497 5
2498 3
2499 1
2500 1
2501 0
2502 0
2503 4
2504 13
2505 4
2506 3
2507 15
2508 13
2509 9
2510 14
2511 9
2512 7
2513 16
2514 13
2515 14
2516 4
2517 5
2518 8
2519 1
2520 2
2521 5
2522 0
2523 0
2524 1
2525 2
2526 2
2527 5
2528 64
2529 114
2530 114
2531 133
2532 139
2533 142
2534 127
2535 137
2536 121
2537 72
2538 73
2539 74
2540 80
2541 16
2542 1
2543 2
2544 2
2545 1
2546 1
2547 0
2548 0
2549 0
2550 0
2551 7
2552 65
2553 97
2554 153
2555 153
2556 132
2557 166
2558 150
2559 120
2560 128
2561 74
2562 90
2563 104
2564 73
2565 22
2566 6
2567 2
2568 0
2569 1
2570 0
2571 0
2572 0
2573 0
2574 1
2575 2
2576 60
2577 101
2578 116
2579 154
2580 140
2581 136
2582 137
2583 125
2584 140
2585 78
2586 96
2587 121
2588 92
2589 12
2590 7
2591 4
2592 5
2593 2
2594 0
2595 1
2596 0
2597 2
2598 0
2599 5
2600 71
2601 92
2602 113
2603 139
2604 153
2605 121
2606 154
2607 140
2608 121
2609 87
2610 122
2611 109
2612 132
2613 24
2614 9
2615 3
2616 0
2617 3
2618 4
2619 4
2620 0
2621 1
2622 1
2623 5
2624 75
2625 79
2626 147
2627 164
2628 126
2629 142
2630 150
2631 148
2632 147
2633 111
2634 89
2635 130
2636 103
2637 17
2638 8
2639 2
2640 6
2641 8
2642 1
2643 2
2644 4
2645 0
2646 2
2647 5
2648 62
2649 61
2650 45
2651 91
2652 94
2653 156
2654 211
2655 106
2656 108
2657 64
2658 161
2659 113
2660 87
2661 19
2662 5
2663 1
2664 1
2665 4
2666 0
2667 0
2668 1
2669 1
2670 2
2671 2
2672 16
2673 6
2674 12
2675 17
2676 10
2677 17
2678 16
2679 19
2680 16
2681 19
2682 12
2683 19
2684 14
2685 6
2686 5
2687 3
2688 1
2689 2
2690 2
2691 0
2692 1
2693 0
2694 2
2695 5
2696 76
2697 85
2698 141
2699 148
2700 167
2701 124
2702 121
2703 147
2704 138
2705 78
2706 79
2707 121
2708 90
2709 20
2710 2
2711 0
2712 0
2713 2
2714 1
2715 0
2716 0
2717 0
2718 0
2719 6
2720 66
2721 83
2722 123
2723 164
2724 148
2725 149
2726 146
2727 138
2728 142
2729 92
2730 54
2731 125
2732 95
2733 22
2734 5
2735 3
2736 2
2737 5
2738 1
2739 1
2740 3
2741 0
2742 0
2743 3
2744 27
2745 20
2746 51
2747 52
2748 67
2749 58
2750 71
2751 49
2752 49
2753 28
2754 33
2755 61
2756 91
2757 16
2758 3
2759 0
2760 1
2761 1
2762 0
2763 2
2764 0
2765 0
2766 0
2767 5
2768 75
2769 121
2770 120
2771 152
2772 117
2773 116
2774 131
2775 124
2776 134
2777 78
2778 81
2779 112
2780 102
2781 21
2782 7
2783 7
2784 9
2785 8
2786 7
2787 4
2788 1
2789 1
2790 0
2791 2
2792 68
2793 83
2794 122
2795 166
2796 151
2797 147
2798 135
2799 150
2800 150
2801 99
2802 82
2803 101
2804 101
2805 22
2806 0
2807 9
2808 5
2809 2
2810 0
2811 0
2812 3
2813 0
2814 3
2815 2
2816 61
2817 39
2818 63
2819 63
2820 45
2821 70
2822 49
2823 59
2824 52
2825 81
2826 69
2827 81
2828 93
2829 21
2830 6
2831 4
2832 4
2833 5
2834 3
2835 0
2836 1
2837 1
2838 1
2839 1
2840 16
2841 5
2842 8
2843 21
2844 15
2845 15
2846 14
2847 28
2848 17
2849 11
2850 13
2851 9
2852 4
2853 4
2854 7
2855 4
2856 3
2857 3
2858 1
2859 0
2860 0
2861 1
2862 1
2863 5
2864 71
2865 98
2866 130
2867 176
2868 125
2869 135
2870 141
2871 136
2872 136
2873 69
2874 90
2875 84
2876 74
2877 12
2878 2
2879 0
2880 1
2881 2
2882 0
2883 1
2884 0
2885 0
2886 2
2887 4
2888 76
2889 106
2890 136
2891 157
2892 114
2893 130
2894 126
2895 160
2896 141
2897 87
2898 82
2899 93
2900 90
2901 18
2902 4
2903 3
2904 5
2905 3
2906 0
2907 0
2908 0
2909 1
2910 2
2911 3
2912 61
2913 90
2914 148
2915 181
2916 140
2917 141
2918 123
2919 133
2920 139
2921 78
2922 87
2923 91
2924 89
2925 21
2926 5
2927 0
2928 0
2929 3
2930 0
2931 0
2932 0
2933 1
2934 0
2935 3
2936 70
2937 96
2938 133
2939 160
2940 131
2941 114
2942 119
2943 94
2944 121
2945 95
2946 66
2947 100
2948 85
2949 18
2950 7
2951 0
2952 1
2953 5
2954 0
2955 1
2956 1
2957 0
2958 3
2959 3
2960 67
2961 103
2962 140
2963 142
2964 139
2965 128
2966 158
2967 130
2968 142
2969 114
2970 112
2971 135
2972 113
2973 21
2974 4
2975 4
2976 5
2977 5
2978 0
2979 1
2980 2
2981 7
2982 1
2983 8
2984 58
2985 51
2986 44
2987 54
2988 61
2989 65
2990 51
2991 57
2992 45
2993 79
2994 56
2995 70
2996 86
2997 17
2998 9
2999 6
3000 8
3001 8
3002 3
3003 1
3004 2
3005 0
3006 2
3007 3
3008 15
3009 8
3010 12
3011 14
3012 19
3013 21
3014 16
3015 7
3016 8
3017 8
3018 16
3019 13
3020 7
3021 5
3022 4
3023 2
3024 4
3025 4
3026 0
3027 0
3028 0
3029 0
3030 0
3031 5
3032 63
3033 101
3034 137
3035 126
3036 110
3037 137
3038 138
3039 123
3040 103
3041 88
3042 79
3043 95
3044 61
3045 12
3046 2
3047 1
3048 2
3049 2
3050 0
3051 0
3052 1
3053 0
3054 1
3055 5
3056 55
3057 91
3058 115
3059 149
3060 140
3061 127
3062 123
3063 117
3064 143
3065 75
3066 77
3067 92
3068 85
3069 19
3070 4
3071 1
3072 1
3073 3
3074 0
3075 0
3076 0
3077 2
3078 0
3079 5
3080 59
3081 91
3082 121
3083 170
3084 150
3085 126
3086 132
3087 143
3088 152
3089 107
3090 99
3091 92
3092 92
3093 25
3094 3
3095 3
3096 3
3097 4
3098 2
3099 0
3100 1
3101 1
3102 0
3103 7
3104 80
3105 86
3106 107
3107 138
3108 125
3109 119
3110 113
3111 138
3112 128
3113 84
3114 95
3115 120
3116 122
3117 24
3118 2
3119 3
3120 5
3121 4
3122 9
3123 8
3124 3
3125 1
3126 1
3127 6
3128 66
3129 120
3130 146
3131 162
3132 145
3133 139
3134 145
3135 155
3136 146
3137 92
3138 90
3139 107
3140 109
3141 20
3142 8
3143 8
3144 5
3145 4
3146 2
3147 0
3148 1
3149 1
3150 3
3151 4
3152 44
3153 38
3154 47
3155 51
3156 74
3157 44
3158 62
3159 48
3160 62
3161 50
3162 106
3163 125
3164 69
3165 12
3166 3
3167 1
3168 1
3169 6
3170 0
3171 1
3172 2
3173 2
3174 1
3175 3
3176 14
3177 4
3178 9
3179 15
3180 11
3181 24
3182 14
3183 13
3184 8
3185 12
3186 14
3187 13
3188 5
3189 3
3190 3
3191 1
3192 4
3193 4
3194 1
3195 0
3196 0
3197 1
3198 0
3199 3
3200 52
3201 87
3202 126
3203 136
3204 127
3205 127
3206 154
3207 143
3208 136
3209 94
3210 122
3211 134
3212 85
3213 12
3214 2
3215 2
3216 3
3217 1
3218 2
3219 0
3220 0
3221 0
3222 0
3223 4
3224 67
3225 109
3226 129
3227 115
3228 135
3229 116
3230 146
3231 131
3232 130
3233 102
3234 90
3235 114
3236 75
3237 15
3238 5
3239 0
3240 3
3241 1
3242 0
3243 0
3244 0
3245 1
3246 2
3247 4
3248 65
3249 116
3250 108
3251 151
3252 125
3253 135
3254 149
3255 125
3256 115
3257 90
3258 86
3259 98
3260 92
3261 15
3262 3
3263 2
3264 1
3265 2
3266 1
3267 2
3268 2
3269 0
3270 1
3271 6
3272 65
3273 89
3274 145
3275 143
3276 114
3277 137
3278 142
3279 116
3280 125
3281 80
3282 98
3283 113
3284 104
3285 18
3286 9
3287 1
3288 0
3289 2
3290 0
3291 0
3292 0
3293 1
3294 0
3295 3
3296 73
3297 100
3298 113
3299 156
3300 146
3301 132
3302 130
3303 165
3304 132
3305 91
3306 86
3307 130
3308 89
3309 21
3310 8
3311 2
3312 4
3313 2
3314 1
3315 0
3316 2
3317 1
3318 0
3319 3
3320 68
3321 62
3322 63
3323 74
3324 60
3325 75
3326 70
3327 82
3328 56
3329 55
3330 83
3331 132
3332 85
3333 8
3334 4
3335 3
3336 4
3337 7
3338 0
3339 0
3340 1
3341 0
3342 0
3343 1
3344 14
3345 6
3346 11
3347 14
3348 11
3349 14
3350 16
3351 22
3352 20
3353 17
3354 14
3355 10
3356 8
3357 7
3358 3
3359 4
3360 3
3361 3
3362 0
3363 0
3364 0
3365 0
3366 0
3367 4
3368 66
3369 113
3370 126
3371 129
3372 124
3373 111
3374 118
3375 132
3376 124
3377 91
3378 83
3379 67
3380 75
3381 20
3382 3
3383 0
3384 0
3385 1
3386 0
3387 0
3388 0
3389 1
3390 0
3391 5
3392 64
3393 91
3394 121
3395 146
3396 128
3397 146
3398 145
3399 135
3400 143
3401 81
3402 69
3403 113
3404 73
3405 19
3406 1
3407 0
3408 0
3409 1
3410 0
3411 0
3412 1
3413 0
3414 0
3415 5
3416 72
3417 136
3418 135
3419 156
3420 130
3421 138
3422 154
3423 149
3424 134
3425 87
3426 95
3427 113
3428 95
3429 12
3430 4
3431 0
3432 0
3433 2
3434 0
3435 0
3436 1
3437 0
3438 3
3439 0
3440 79
3441 131
3442 138
3443 156
3444 151
3445 144
3446 122
3447 141
3448 120
3449 74
3450 83
3451 113
3452 89
3453 22
3454 3
3455 0
3456 4
3457 2
3458 0
3459 0
3460 1
3461 0
3462 1
3463 3
3464 59
3465 100
3466 154
3467 136
3468 153
3469 142
3470 150
3471 121
3472 138
3473 82
3474 86
3475 152
3476 114
3477 16
3478 3
3479 0
3480 1
3481 3
3482 1
3483 1
3484 2
3485 0
3486 0
3487 4
3488 47
3489 79
3490 48
3491 71
3492 80
3493 86
3494 89
3495 100
3496 95
3497 72
3498 57
3499 101
3500 95
3501 17
3502 4
3503 1
3504 2
3505 4
3506 1
3507 2
3508 1
3509 0
3510 2
3511 1
3512 14
3513 6
3514 6
3515 13
3516 10
3517 11
3518 19
3519 13
3520 13
3521 11
3522 11
3523 7
3524 5
3525 0
3526 1
3527 1
3528 2
3529 1
3530 0
3531 1
3532 0
3533 0
3534 0
3535 4
3536 76
3537 135
3538 152
3539 144
3540 122
3541 135
3542 139
3543 135
3544 137
3545 72
3546 70
3547 82
3548 68
3549 25
3550 0
3551 0
3552 1
3553 1
3554 1
3555 0
3556 1
3557 0
3558 1
3559 3
3560 66
3561 98
3562 145
3563 141
3564 115
3565 146
3566 135
3567 118
3568 168
3569 85
3570 75
3571 99
3572 96
3573 21
3574 0
3575 0
3576 1
3577 1
3578 0
3579 0
3580 0
3581 0
3582 1
3583 2
3584 73
3585 99
3586 170
3587 165
3588 136
3589 158
3590 172
3591 173
3592 117
3593 77
3594 100
3595 109
3596 88
3597 17
3598 2
3599 1
3600 1
3601 3
3602 1
3603 0
3604 0
3605 0
3606 0
3607 2
3608 65
3609 140
3610 136
3611 162
3612 132
3613 118
3614 123
3615 152
3616 148
3617 80
3618 75
3619 112
3620 104
3621 29
3622 1
3623 1
3624 1
3625 1
3626 0
3627 0
3628 0
3629 1
3630 0
3631 1
3632 70
3633 98
3634 147
3635 161
3636 175
3637 141
3638 154
3639 174
3640 119
3641 74
3642 83
3643 119
3644 103
3645 9
3646 7
3647 2
3648 3
3649 3
3650 3
3651 0
3652 1
3653 0
3654 0
3655 0
3656 44
3657 54
3658 45
3659 54
3660 69
3661 63
3662 58
3663 50
3664 41
3665 51
3666 50
3667 83
3668 68
3669 22
3670 2
3671 2
3672 1
3673 4
3674 1
3675 4
3676 1
3677 0
3678 1
3679 2
3680 8
3681 1
3682 5
3683 4
3684 6
3685 16
3686 12
3687 11
3688 11
3689 9
3690 5
3691 8
3692 3
3693 1
3694 2
3695 0
3696 4
3697 2
3698 0
3699 1
3700 0
3701 0
3702 2
3703 9
3704 62
3705 128
3706 137
3707 146
3708 117
3709 104
3710 154
3711 130
3712 136
3713 79
3714 91
3715 75
3716 62
3717 10
3718 1
3719 1
3720 1
3721 1
3722 0
3723 0
3724 0
3725 0
3726 2
3727 2
3728 65
3729 102
3730 160
3731 156
3732 141
3733 144
3734 127
3735 150
3736 149
3737 89
3738 84
3739 107
3740 86
3741 19
3742 0
3743 0
3744 0
3745 3
3746 0
3747 1
3748 0
3749 1
3750 3
3751 1
3752 63
3753 115
3754 158
3755 171
3756 129
3757 136
3758 145
3759 145
3760 145
3761 87
3762 90
3763 130
3764 93
3765 21
3766 2
3767 0
3768 2
3769 1
3770 0
3771 0
3772 0
3773 0
3774 2
3775 3
3776 80
3777 113
3778 150
3779 157
3780 131
3781 134
3782 120
3783 146
3784 178
3785 85
3786 118
3787 115
3788 105
3789 21
3790 4
3791 3
3792 5
3793 1
3794 0
3795 1
3796 0
3797 0
3798 3
3799 2
3800 67
3801 122
3802 163
3803 159
3804 136
3805 171
3806 142
3807 164
3808 178
3809 117
3810 79
3811 142
3812 110
3813 20
3814 4
3815 4
3816 3
3817 3
3818 0
3819 1
3820 0
3821 1
3822 0
3823 1
3824 38
3825 36
3826 55
3827 64
3828 36
3829 42
3830 65
3831 61
3832 59
3833 61
3834 100
3835 139
3836 99
3837 14
3838 8
3839 5
3840 2
3841 4
3842 0
3843 1
3844 2
3845 1
3846 3
3847 2
3848 9
3849 5
3850 7
3851 11
3852 16
3853 8
3854 10
3855 12
3856 9
3857 14
3858 8
3859 5
3860 3
3861 8
3862 5
3863 0
3864 1
3865 4
3866 2
3867 2
3868 0
3869 3
3870 0
3871 1
3872 35
3873 31
3874 33
3875 65
3876 70
3877 65
3878 66
3879 67
3880 61
3881 29
3882 34
3883 51
3884 75
3885 13
3886 0
3887 2
3888 0
3889 2
3890 0
3891 1
3892 0
3893 0
3894 3
3895 6
3896 71
3897 149
3898 153
3899 167
3900 153
3901 148
3902 149
3903 128
3904 134
3905 76
3906 92
3907 84
3908 73
3909 15
3910 0
3911 0
3912 0
3913 2
3914 0
3915 0
3916 1
3917 1
3918 0
3919 3
3920 73
3921 142
3922 143
3923 157
3924 141
3925 160
3926 159
3927 155
3928 148
3929 93
3930 87
3931 113
3932 90
3933 10
3934 0
3935 1
3936 0
3937 3
3938 0
3939 0
3940 0
3941 0
3942 0
3943 4
3944 93
3945 148
3946 145
3947 155
3948 148
3949 125
3950 174
3951 146
3952 135
3953 90
3954 87
3955 111
3956 115
3957 21
3958 2
3959 4
3960 2
3961 3
3962 1
3963 0
3964 0
3965 1
3966 3
3967 2
3968 74
3969 101
3970 164
3971 160
3972 158
3973 180
3974 175
3975 167
3976 147
3977 90
3978 82
3979 146
3980 108
3981 19
3982 2
3983 1
3984 5
3985 3
3986 0
3987 2
3988 0
3989 2
3990 1
3991 0
3992 46
3993 26
3994 44
3995 43
3996 47
3997 56
3998 62
3999 62
4000 60
4001 66
4002 104
4003 92
4004 115
4005 9
4006 3
4007 5
4008 2
4009 8
4010 2
4011 1
4012 1
4013 0
4014 2
4015 2
4016 17
4017 5
4018 8
4019 6
4020 15
4021 9
4022 10
4023 15
4024 8
4025 23
4026 9
4027 7
4028 9
4029 6
4030 0
4031 2
4032 3
4033 4
4034 0
4035 1
4036 0
4037 0
4038 1
4039 3
4040 68
4041 93
4042 121
4043 158
4044 140
4045 147
4046 119
4047 151
4048 121
4049 73
4050 111
4051 85
4052 98
4053 25
4054 0
4055 1
4056 1
4057 1
4058 0
4059 2
4060 0
4061 0
4062 1
4063 7
4064 68
4065 110
4066 160
4067 176
4068 120
4069 158
4070 153
4071 149
4072 142
4073 87
4074 81
4075 98
4076 98
4077 22
4078 3
4079 1
4080 0
4081 1
4082 1
4083 0
4084 0
4085 0
4086 2
4087 5
4088 71
4089 115
4090 161
4091 148
4092 131
4093 153
4094 142
4095 100
4096 122
4097 109
4098 105
4099 122
4100 95
4101 19
4102 1
4103 0
4104 2
4105 1
4106 0
4107 0
4108 0
4109 0
4110 1
4111 6
4112 101
4113 87
4114 151
4115 144
4116 145
4117 141
4118 123
4119 150
4120 139
4121 98
4122 91
4123 93
4124 118
4125 22
4126 4
4127 6
4128 1
4129 4
4130 0
4131 0
4132 1
4133 1
4134 2
4135 2
4136 76
4137 124
4138 166
4139 173
4140 168
4141 179
4142 143
4143 139
4144 161
4145 93
4146 118
4147 108
4148 117
4149 21
4150 4
4151 2
4152 0
4153 5
4154 1
4155 0
4156 0
4157 0
4158 0
4159 3
4160 45
4161 36
4162 56
4163 72
4164 71
4165 78
4166 79
4167 66
4168 69
4169 74
4170 64
4171 75
4172 103
4173 12
4174 6
4175 6
4176 3
4177 5
4178 1
4179 2
4180 0
4181 0
4182 2
4183 3
4184 14
4185 3
4186 9
4187 16
4188 12
4189 15
4190 11
4191 15
4192 16
4193 19
4194 19
4195 8
4196 6
4197 1
4198 3
4199 1
4200 2
4201 1
4202 1
4203 0
4204 1
4205 0
4206 1
4207 6
4208 63
4209 111
4210 151
4211 164
4212 156
4213 139
4214 136
4215 127
4216 122
4217 112
4218 114
4219 99
4220 95
4221 15
4222 2
4223 1
4224 4
4225 4
4226 0
4227 0
4228 0
4229 0
4230 2
4231 5
4232 78
4233 116
4234 151
4235 166
4236 144
4237 129
4238 136
4239 125
4240 157
4241 83
4242 72
4243 110
4244 119
4245 22
4246 3
4247 11
4248 0
4249 4
4250 0
4251 0
4252 1
4253 1
4254 1
4255 5
4256 69
4257 144
4258 164
4259 145
4260 129
4261 154
4262 173
4263 127
4264 140
4265 88
4266 87
4267 104
4268 97
4269 28
4270 3
4271 2
4272 2
4273 4
4274 0
4275 1
4276 0
4277 0
4278 3
4279 5
4280 73
4281 127
4282 141
4283 166
4284 149
4285 148
4286 150
4287 120
4288 157
4289 96
4290 115
4291 127
4292 140
4293 30
4294 2
4295 9
4296 1
4297 1
4298 6
4299 3
4300 5
4301 0
4302 1
4303 4
4304 75
4305 150
4306 176
4307 157
4308 148
4309 146
4310 163
4311 149
4312 150
4313 88
4314 106
4315 137
4316 126
4317 36
4318 3
4319 5
4320 5
4321 2
4322 0
4323 2
4324 0
4325 0
4326 1
4327 5
4328 73
4329 43
4330 45
4331 49
4332 60
4333 65
4334 83
4335 65
4336 60
4337 64
4338 79
4339 125
4340 98
4341 15
4342 3
4343 6
4344 3
4345 5
4346 0
4347 0
4348 0
4349 0
4350 1
4351 1
4352 8
4353 4
4354 9
4355 14
4356 16
4357 13
4358 16
4359 8
4360 25
4361 14
4362 13
4363 6
4364 4
4365 7
4366 1
4367 1
4368 1
4369 1
4370 0
4371 1
4372 1
4373 1
4374 1
4375 6
4376 53
4377 98
4378 132
4379 155
4380 131
4381 127
4382 138
4383 138
4384 131
4385 84
4386 86
4387 105
4388 107
4389 27
4390 2
4391 4
4392 1
4393 2
4394 0
4395 2
4396 0
4397 0
4398 3
4399 1
4400 76
4401 110
4402 140
4403 152
4404 155
4405 149
4406 131
4407 146
4408 151
4409 90
4410 69
4411 121
4412 105
4413 19
4414 2
4415 2
4416 1
4417 2
4418 0
4419 0
4420 0
4421 1
4422 0
4423 1
4424 68
4425 117
4426 134
4427 172
4428 129
4429 150
4430 130
4431 127
4432 151
4433 81
4434 102
4435 87
4436 114
4437 16
4438 5
4439 2
4440 1
4441 4
4442 0
4443 0
4444 0
4445 0
4446 2
4447 4
4448 82
4449 128
4450 154
4451 163
4452 151
4453 163
4454 130
4455 152
4456 175
4457 70
4458 92
4459 145
4460 107
4461 36
4462 1
4463 2
4464 3
4465 3
4466 5
4467 1
4468 0
4469 0
4470 1
4471 3
4472 75
4473 109
4474 180
4475 144
4476 176
4477 162
4478 161
4479 156
4480 161
4481 115
4482 103
4483 125
4484 111
4485 17
4486 7
4487 8
4488 5
4489 4
4490 2
4491 4
4492 6
4493 5
4494 2
4495 1
4496 57
4497 58
4498 63
4499 75
4500 67
4501 70
4502 75
4503 66
4504 63
4505 72
4506 72
4507 122
4508 85
4509 17
4510 4
4511 2
4512 11
4513 2
4514 1
4515 1
4516 1
4517 1
4518 0
4519 4
4520 11
4521 0
4522 8
4523 15
4524 17
4525 6
4526 19
4527 18
4528 9
4529 13
4530 6
4531 10
4532 6
4533 5
4534 4
4535 4
4536 0
4537 2
4538 0
4539 0
4540 0
4541 0
4542 2
4543 3
4544 80
4545 128
4546 139
4547 137
4548 147
4549 136
4550 124
4551 164
4552 133
4553 100
4554 84
4555 90
4556 63
4557 18
4558 1
4559 0
4560 0
4561 4
4562 0
4563 0
4564 0
4565 0
4566 2
4567 2
4568 77
4569 119
4570 152
4571 158
4572 145
4573 163
4574 170
4575 147
4576 129
4577 81
4578 77
4579 96
4580 82
4581 20
4582 2
4583 0
4584 1
4585 1
4586 0
4587 0
4588 0
4589 0
4590 0
4591 6
4592 77
4593 137
4594 161
4595 153
4596 134
4597 139
4598 140
4599 129
4600 147
4601 87
4602 106
4603 97
4604 99
4605 15
4606 1
4607 4
4608 1
4609 3
4610 0
4611 2
4612 0
4613 0
4614 1
4615 7
4616 85
4617 103
4618 149
4619 163
4620 162
4621 150
4622 167
4623 140
4624 150
4625 83
4626 83
4627 152
4628 130
4629 27
4630 1
4631 0
4632 4
4633 6
4634 1
4635 7
4636 3
4637 0
4638 1
4639 1
4640 78
4641 108
4642 143
4643 155
4644 149
4645 154
4646 147
4647 166
4648 124
4649 116
4650 101
4651 125
4652 124
4653 9
4654 4
4655 5
4656 6
4657 6
4658 3
4659 3
4660 6
4661 12
4662 6
4663 3
4664 66
4665 60
4666 53
4667 83
4668 81
4669 82
4670 81
4671 66
4672 71
4673 73
4674 63
4675 96
4676 85
4677 18
4678 3
4679 3
4680 3
4681 5
4682 1
4683 0
4684 0
4685 1
4686 1
4687 2
4688 11
4689 4
4690 2
4691 23
4692 23
4693 20
4694 17
4695 25
4696 16
4697 18
4698 11
4699 9
4700 8
4701 6
4702 4
4703 2
4704 2
4705 3
4706 0
4707 0
4708 0
4709 0
4710 2
4711 4
4712 77
4713 117
4714 150
4715 153
4716 147
4717 141
4718 159
4719 133
4720 160
4721 92
4722 91
4723 92
4724 87
4725 14
4726 4
4727 0
4728 1
4729 2
4730 0
4731 0
4732 1
4733 0
4734 1
4735 1
4736 68
4737 149
4738 137
4739 165
4740 138
4741 165
4742 152
4743 147
4744 152
4745 80
4746 92
4747 120
4748 126
4749 24
4750 4
4751 5
4752 2
4753 1
4754 0
4755 0
4756 1
4757 0
4758 1
4759 3
4760 78
4761 113
4762 154
4763 178
4764 180
4765 133
4766 154
4767 130
4768 154
4769 104
4770 62
4771 123
4772 102
4773 21
4774 1
4775 1
4776 0
4777 2
4778 4
4779 0
4780 0
4781 0
4782 1
4783 1
4784 62
4785 124
4786 137
4787 175
4788 175
4789 154
4790 146
4791 159
4792 147
4793 80
4794 112
4795 123
4796 103
4797 28
4798 2
4799 0
4800 1
4801 2
4802 0
4803 3
4804 1
4805 0
4806 1
4807 5
4808 72
4809 148
4810 164
4811 178
4812 143
4813 150
4814 158
4815 134
4816 132
4817 108
4818 103
4819 123
4820 141
4821 13
4822 3
4823 1
4824 5
4825 4
4826 1
4827 2
4828 3
4829 11
4830 0
4831 2
4832 54
4833 63
4834 49
4835 50
4836 70
4837 79
4838 76
4839 88
4840 76
4841 61
4842 81
4843 127
4844 110
4845 14
4846 3
4847 8
4848 4
4849 6
4850 2
4851 4
4852 0
4853 0
4854 0
4855 0
4856 12
4857 5
4858 2
4859 15
4860 8
4861 12
4862 11
4863 6
4864 7
4865 2
4866 6
4867 6
4868 1
4869 2
4870 1
4871 1
4872 1
4873 2
4874 0
4875 0
4876 0
4877 0
4878 3
4879 5
4880 67
4881 122
4882 168
4883 149
4884 123
4885 140
4886 140
4887 128
4888 151
4889 89
4890 97
4891 104
4892 93
4893 22
4894 0
4895 2
4896 1
4897 3
4898 0
4899 0
4900 0
4901 0
4902 4
4903 5
4904 71
4905 142
4906 188
4907 163
4908 114
4909 129
4910 152
4911 144
4912 134
4913 85
4914 75
4915 103
4916 106
4917 23
4918 1
4919 1
4920 0
4921 3
4922 1
4923 1
4924 0
4925 0
4926 0
4927 3
4928 76
4929 106
4930 155
4931 155
4932 138
4933 167
4934 160
4935 163
4936 121
4937 83
4938 83
4939 121
4940 108
4941 17
4942 2
4943 0
4944 2
4945 4
4946 0
4947 0
4948 0
4949 0
4950 0
4951 3
4952 77
4953 131
4954 175
4955 173
4956 145
4957 152
4958 137
4959 153
4960 181
4961 93
4962 106
4963 113
4964 101
4965 21
4966 2
4967 5
4968 2
4969 5
4970 13
4971 12
4972 5
4973 0
4974 0
4975 3
4976 75
4977 120
4978 144
4979 192
4980 186
4981 152
4982 155
4983 169
4984 158
4985 118
4986 128
4987 150
4988 89
4989 11
4990 6
4991 5
4992 4
4993 6
4994 2
4995 2
4996 0
4997 0
4998 0
4999 0
5000 68
5001 53
5002 85
5003 55
5004 52
5005 73
5006 85
5007 82
5008 84
5009 66
5010 63
5011 93
5012 88
5013 26
5014 4
5015 4
5016 4
5017 9
5018 0
5019 1
5020 1
5021 1
5022 1
5023 4
5024 9
5025 5
5026 4
5027 12
5028 13
5029 9
5030 13
5031 21
5032 10
5033 6
5034 7
5035 8
5036 5
5037 1
5038 5
5039 1
5040 0
5041 2
5042 1
5043 0
5044 0
5045 0
5046 1
5047 5
5048 65
5049 136
5050 156
5051 136
5052 126
5053 119
5054 137
5055 146
5056 153
5057 116
5058 99
5059 88
5060 94
5061 18
5062 0
5063 2
5064 0
5065 2
5066 0
5067 0
5068 0
5069 0
5070 2
5071 5
5072 71
5073 113
5074 145
5075 184
5076 162
5077 144
5078 163
5079 129
5080 165
5081 97
5082 91
5083 87
5084 83
5085 19
5086 0
5087 1
5088 0
5089 1
5090 0
5091 0
5092 0
5093 0
5094 0
5095 2
5096 70
5097 138
5098 141
5099 154
5100 136
5101 164
5102 129
5103 144
5104 142
5105 92
5106 86
5107 110
5108 96
5109 26
5110 5
5111 1
5112 1
5113 1
5114 0
5115 0
5116 0
5117 0
5118 1
5119 4
5120 71
5121 131
5122 135
5123 157
5124 136
5125 148
5126 137
5127 143
5128 133
5129 96
5130 99
5131 100
5132 108
5133 19
5134 2
5135 2
5136 2
5137 3
5138 0
5139 0
5140 0
5141 0
5142 0
5143 0
5144 72
5145 132
5146 157
5147 138
5148 135
5149 145
5150 115
5151 121
5152 169
5153 93
5154 94
5155 124
5156 100
5157 12
5158 7
5159 2
5160 4
5161 1
5162 2
5163 2
5164 8
5165 4
5166 0
5167 0
5168 57
5169 56
5170 79
5171 61
5172 59
5173 87
5174 107
5175 64
5176 47
5177 59
5178 69
5179 100
5180 94
5181 16
5182 2
5183 2
5184 5
5185 6
5186 1
5187 0
5188 1
5189 3
5190 0
5191 1
5192 13
5193 6
5194 5
5195 12
5196 12
5197 20
5198 13
5199 18
5200 18
5201 14
5202 8
5203 5
5204 2
5205 0
5206 0
5207 0
5208 0
5209 3
5210 1
5211 0
5212 0
5213 0
5214 1
5215 1
5216 68
5217 104
5218 142
5219 131
5220 153
5221 147
5222 136
5223 141
5224 123
5225 83
5226 91
5227 101
5228 77
5229 19
5230 1
5231 3
5232 0
5233 1
5234 1
5235 0
5236 0
5237 0
5238 1
5239 3
5240 77
5241 106
5242 148
5243 167
5244 142
5245 125
5246 119
5247 140
5248 155
5249 93
5250 85
5251 110
5252 99
5253 14
5254 0
5255 4
5256 2
5257 2
5258 0
5259 1
5260 0
5261 0
5262 0
5263 4
5264 62
5265 97
5266 141
5267 150
5268 143
5269 151
5270 142
5271 134
5272 119
5273 93
5274 82
5275 112
5276 92
5277 15
5278 2
5279 1
5280 1
5281 2
5282 1
5283 2
5284 0
5285 0
5286 0
5287 6
5288 59
5289 141
5290 162
5291 149
5292 137
5293 155
5294 124
5295 143
5296 115
5297 85
5298 97
5299 111
5300 108
5301 23
5302 1
5303 2
5304 2
5305 3
5306 0
5307 0
5308 0
5309 0
5310 1
5311 3
5312 76
5313 98
5314 142
5315 148
5316 144
5317 165
5318 152
5319 141
5320 138
5321 109
5322 98
5323 104
5324 119
5325 32
5326 8
5327 5
5328 6
5329 6
5330 0
5331 1
5332 0
5333 3
5334 0
5335 0
5336 38
5337 72
5338 42
5339 63
5340 78
5341 71
5342 75
5343 69
5344 60
5345 68
5346 74
5347 115
5348 86
5349 13
5350 1
5351 4
5352 3
5353 4
5354 0
5355 0
5356 0
5357 1
5358 1
5359 0
5360 8
5361 3
5362 16
5363 17
5364 20
5365 12
5366 11
5367 11
5368 23
5369 12
5370 10
5371 4
5372 6
5373 7
5374 0
5375 1
5376 4
5377 2
5378 0
5379 0
5380 1
5381 0
5382 1
5383 1
5384 59
5385 91
5386 154
5387 134
5388 123
5389 116
5390 135
5391 101
5392 115
5393 85
5394 109
5395 75
5396 53
5397 17
5398 1
5399 0
5400 4
5401 2
5402 0
5403 0
5404 0
5405 0
5406 2
5407 3
5408 70
5409 132
5410 134
5411 139
5412 144
5413 177
5414 137
5415 141
5416 150
5417 134
5418 93
5419 126
5420 90
5421 21
5422 3
5423 3
5424 1
5425 5
5426 1
5427 3
5428 0
5429 0
5430 0
5431 5
5432 50
5433 108
5434 147
5435 117
5436 142
5437 144
5438 125
5439 143
5440 154
5441 92
5442 107
5443 90
5444 79
5445 15
5446 4
5447 1
5448 6
5449 4
5450 1
5451 0
5452 2
5453 0
5454 1
5455 3
5456 70
5457 102
5458 129
5459 145
5460 157
5461 143
5462 142
5463 152
5464 146
5465 98
5466 103
5467 128
5468 89
5469 25
5470 8
5471 3
5472 7
5473 8
5474 12
5475 8
5476 0
5477 0
5478 2
5479 6
5480 66
5481 104
5482 149
5483 173
5484 135
5485 142
5486 93
5487 131
5488 156
5489 99
5490 126
5491 118
5492 125
5493 23
5494 5
5495 6
5496 3
5497 4
5498 2
5499 4
5500 9
5501 5
5502 3
5503 2
5504 54
5505 50
5506 60
5507 95
5508 90
5509 69
5510 57
5511 88
5512 62
5513 71
5514 101
5515 138
5516 108
5517 20
5518 4
5519 4
5520 4
5521 3
5522 0
5523 1
5524 2
5525 0
5526 3
5527 2
5528 13
5529 4
5530 9
5531 23
5532 21
5533 26
5534 16
5535 24
5536 12
5537 13
5538 14
5539 16
5540 5
5541 6
5542 2
5543 3
5544 3
5545 2
5546 0
5547 0
5548 0
5549 1
5550 0
5551 1
5552 68
5553 87
5554 133
5555 124
5556 142
5557 120
5558 127
5559 143
5560 146
5561 89
5562 87
5563 95
5564 82
5565 17
5566 0
5567 0
5568 1
5569 1
5570 0
5571 0
5572 1
5573 0
5574 0
5575 3
5576 64
5577 119
5578 123
5579 143
5580 155
5581 139
5582 133
5583 131
5584 141
5585 98
5586 97
5587 78
5588 52
5589 21
5590 2
5591 2
5592 1
5593 1
5594 2
5595 1
5596 0
5597 0
5598 1
5599 8
5600 61
5601 98
5602 140
5603 152
5604 159
5605 144
5606 117
5607 129
5608 155
5609 101
5610 112
5611 123
5612 74
5613 24
5614 2
5615 2
5616 1
5617 1
5618 0
5619 0
5620 0
5621 0
5622 1
5623 8
5624 85
5625 107
5626 138
5627 159
5628 137
5629 138
5630 110
5631 147
5632 125
5633 103
5634 104
5635 143
5636 120
5637 23
5638 6
5639 2
5640 3
5641 5
5642 2
5643 8
5644 1
5645 1
5646 2
5647 4
5648 80
5649 105
5650 120
5651 152
5652 133
5653 124
5654 156
5655 135
5656 150
5657 91
5658 104
5659 110
5660 132
5661 24
5662 7
5663 3
5664 5
5665 8
5666 2
5667 0
5668 0
5669 0
5670 2
5671 5
5672 59
5673 58
5674 61
5675 65
5676 80
5677 66
5678 63
5679 62
5680 43
5681 57
5682 46
5683 89
5684 93
5685 28
5686 6
5687 7
5688 2
5689 7
5690 4
5691 4
5692 1
5693 0
5694 2
5695 5
5696 18
5697 6
5698 11
5699 19
5700 14
5701 11
5702 13
5703 26
5704 18
5705 11
5706 14
5707 17
5708 4
5709 9
5710 4
5711 1
5712 1
5713 3
5714 1
5715 0
5716 1
5717 1
5718 0
5719 4
5720 64
5721 91
5722 99
5723 146
5724 118
5725 118
5726 130
5727 118
5728 119
5729 80
5730 81
5731 84
5732 98
5733 17
5734 2
5735 1
5736 1
5737 1
5738 0
5739 0
5740 0
5741 0
5742 0
5743 4
5744 53
5745 75
5746 139
5747 135
5748 126
5749 128
5750 123
5751 115
5752 131
5753 79
5754 80
5755 95
5756 82
5757 15
5758 2
5759 2
5760 3
5761 2
5762 1
5763 0
5764 0
5765 0
5766 1
5767 2
5768 50
5769 93
5770 128
5771 131
5772 141
5773 124
5774 115
5775 121
5776 137
5777 116
5778 69
5779 99
5780 86
5781 23
5782 3
5783 2
5784 0
5785 2
5786 0
5787 0
5788 0
5789 1
5790 1
5791 4
5792 66
5793 106
5794 127
5795 138
5796 161
5797 139
5798 148
5799 134
5800 130
5801 88
5802 114
5803 115
5804 100
5805 19
5806 6
5807 2
5808 4
5809 4
5810 7
5811 6
5812 1
5813 1
5814 1
5815 4
5816 69
5817 103
5818 159
5819 164
5820 160
5821 147
5822 132
5823 119
5824 136
5825 120
5826 117
5827 103
5828 113
5829 26
5830 5
5831 8
5832 9
5833 7
5834 1
5835 4
5836 7
5837 8
5838 1
5839 3
5840 54
5841 48
5842 68
5843 60
5844 54
5845 58
5846 62
5847 53
5848 66
5849 49
5850 53
5851 95
5852 91
5853 17
5854 3
5855 7
5856 1
5857 2
5858 1
5859 1
5860 0
5861 1
5862 0
5863 2
5864 9
5865 3
5866 5
5867 14
5868 22
5869 21
5870 12
5871 12
5872 12
5873 12
5874 14
5875 11
5876 9
5877 14
5878 3
5879 1
5880 1
5881 1
5882 0
5883 0
5884 0
5885 2
5886 4
5887 2
5888 74
5889 100
5890 116
5891 155
5892 117
5893 98
5894 101
5895 122
5896 130
5897 100
5898 81
5899 104
5900 66
5901 17
5902 4
5903 1
5904 2
5905 1
5906 0
5907 0
5908 0
5909 0
5910 1
5911 3
5912 63
5913 96
5914 118
5915 162
5916 114
5917 114
5918 134
5919 139
5920 143
5921 99
5922 83
5923 115
5924 110
5925 16
5926 3
5927 2
5928 1
5929 1
5930 0
5931 1
5932 0
5933 0
5934 1
5935 8
5936 63
5937 77
5938 137
5939 146
5940 121
5941 151
5942 121
5943 147
5944 118
5945 86
5946 97
5947 100
5948 80
5949 31
5950 4
5951 2
5952 2
5953 1
5954 0
5955 0
5956 2
5957 1
5958 1
5959 2
5960 57
5961 93
5962 119
5963 144
5964 145
5965 131
5966 127
5967 138
5968 134
5969 81
5970 91
5971 92
5972 97
5973 19
5974 7
5975 1
5976 1
5977 7
5978 5
5979 13
5980 1
5981 0
5982 1
5983 5
5984 65
5985 126
5986 142
5987 146
5988 133
5989 138
5990 124
5991 149
5992 165
5993 107
5994 98
5995 142
5996 118
5997 33
5998 6
5999 3
6000 8
6001 6
6002 0
6003 3
6004 1
6005 0
6006 1
6007 4
6008 47
6009 61
6010 67
6011 61
6012 52
6013 63
6014 76
6015 65
6016 80
6017 74
6018 54
6019 80
6020 98
6021 28
6022 10
6023 5
6024 8
6025 3
6026 6
6027 2
6028 3
6029 0
6030 1
6031 5
6032 8
6033 7
6034 4
6035 22
6036 17
6037 13
6038 16
6039 14
6040 12
6041 10
6042 16
6043 8
6044 6
6045 3
6046 5
6047 3
6048 0
6049 2
6050 1
6051 0
6052 2
6053 1
6054 3
6055 6
6056 64
6057 97
6058 126
6059 184
6060 136
6061 146
6062 153
6063 141
6064 142
6065 95
6066 111
6067 100
6068 80
6069 27
6070 4
6071 2
6072 0
6073 0
6074 0
6075 1
6076 0
6077 0
6078 2
6079 4
6080 66
6081 117
6082 146
6083 162
6084 129
6085 153
6086 127
6087 127
6088 141
6089 96
6090 87
6091 112
6092 87
6093 24
6094 4
6095 2
6096 2
6097 2
6098 0
6099 1
6100 0
6101 0
6102 0
6103 3
6104 67
6105 122
6106 132
6107 146
6108 131
6109 137
6110 128
6111 133
6112 143
6113 101
6114 98
6115 97
6116 85
6117 18
6118 6
6119 2
6120 0
6121 0
6122 2
6123 0
6124 1
6125 2
6126 1
6127 4
6128 57
6129 99
6130 163
6131 156
6132 151
6133 132
6134 126
6135 124
6136 133
6137 99
6138 102
6139 100
6140 100
6141 22
6142 5
6143 3
6144 3
6145 6
6146 0
6147 1
6148 1
6149 4
6150 1
6151 7
6152 59
6153 118
6154 146
6155 163
6156 146
6157 148
6158 119
6159 120
6160 128
6161 89
6162 121
6163 143
6164 111
6165 19
6166 7
6167 7
6168 6
6169 5
6170 1
6171 0
6172 1
6173 1
6174 2
6175 5
6176 48
6177 45
6178 64
6179 64
6180 75
6181 62
6182 78
6183 61
6184 62
6185 53
6186 51
6187 87
6188 99
6189 31
6190 6
6191 6
6192 2
6193 3
6194 0
6195 0
6196 0
6197 4
6198 2
6199 3
6200 8
6201 1
6202 5
6203 9
6204 10
6205 21
6206 20
6207 13
6208 15
6209 17
6210 12
6211 7
6212 6
6213 7
6214 3
6215 1
6216 1
6217 2
6218 0
6219 0
6220 0
6221 1
6222 0
6223 7
6224 66
6225 107
6226 148
6227 138
6228 136
6229 132
6230 145
6231 123
6232 116
6233 86
6234 95
6235 80
6236 66
6237 23
6238 3
6239 0
6240 4
6241 3
6242 1
6243 0
6244 0
6245 0
6246 3
6247 4
6248 68
6249 122
6250 121
6251 161
6252 124
6253 133
6254 129
6255 149
6256 138
6257 90
6258 115
6259 95
6260 91
6261 27
6262 4
6263 2
6264 2
6265 0
6266 1
6267 0
6268 0
6269 1
6270 2
6271 7
6272 70
6273 87
6274 122
6275 149
6276 150
6277 141
6278 146
6279 107
6280 146
6281 101
6282 69
6283 106
6284 82
6285 24
6286 8
6287 2
6288 3
6289 1
6290 0
6291 1
6292 0
6293 0
6294 0
6295 8
6296 65
6297 94
6298 117
6299 152
6300 150
6301 134
6302 164
6303 127
6304 117
6305 100
6306 91
6307 91
6308 98
6309 18
6310 3
6311 2
6312 2
6313 5
6314 9
6315 5
6316 3
6317 4
6318 0
6319 5
6320 60
6321 100
6322 140
6323 153
6324 132
6325 145
6326 129
6327 129
6328 127
6329 102
6330 138
6331 97
6332 79
6333 25
6334 6
6335 9
6336 7
6337 4
6338 1
6339 12
6340 13
6341 9
6342 2
6343 7
6344 62
6345 61
6346 74
6347 80
6348 86
6349 79
6350 52
6351 63
6352 40
6353 69
6354 66
6355 65
6356 67
6357 21
6358 9
6359 10
6360 5
6361 4
6362 6
6363 0
6364 3
6365 3
6366 4
6367 4
6368 14
6369 12
6370 13
6371 10
6372 10
6373 13
6374 13
6375 13
6376 6
6377 10
6378 16
6379 21
6380 12
6381 8
6382 3
6383 3
6384 1
6385 0
6386 0
6387 0
6388 0
6389 0
6390 2
6391 8
6392 69
6393 106
6394 112
6395 149
6396 112
6397 135
6398 120
6399 129
6400 146
6401 88
6402 80
6403 91
6404 91
6405 24
6406 3
6407 3
6408 2
6409 3
6410 0
6411 1
6412 0
6413 0
6414 1
6415 6
6416 62
6417 113
6418 124
6419 136
6420 161
6421 137
6422 136
6423 128
6424 128
6425 86
6426 93
6427 109
6428 84
6429 24
6430 2
6431 3
6432 2
6433 2
6434 0
6435 2
6436 2
6437 1
6438 2
6439 7
6440 56
6441 113
6442 129
6443 149
6444 120
6445 109
6446 121
6447 145
6448 120
6449 92
6450 106
6451 109
6452 83
6453 22
6454 3
6455 3
6456 2
6457 0
6458 0
6459 0
6460 0
6461 0
6462 2
6463 6
6464 52
6465 103
6466 123
6467 167
6468 147
6469 126
6470 137
6471 146
6472 161
6473 103
6474 116
6475 121
6476 100
6477 33
6478 7
6479 3
6480 3
6481 11
6482 15
6483 7
6484 0
6485 0
6486 0
6487 4
6488 63
6489 93
6490 128
6491 145
6492 127
6493 133
6494 148
6495 187
6496 141
6497 103
6498 121
6499 102
6500 88
6501 28
6502 9
6503 8
6504 8
6505 8
6506 2
6507 4
6508 3
6509 3
6510 4
6511 6
6512 52
6513 43
6514 63
6515 52
6516 54
6517 67
6518 40
6519 38
6520 34
6521 45
6522 72
6523 58
6524 68
6525 18
6526 4
6527 13
6528 3
6529 7
6530 0
6531 1
6532 3
6533 3
6534 1
6535 4
6536 10
6537 7
6538 7
6539 8
6540 10
6541 10
6542 10
6543 16
6544 9
6545 13
6546 11
6547 14
6548 5
6549 7
6550 4
6551 4
6552 0
6553 7
6554 7
6555 12
6556 6
6557 18
6558 10
6559 20
6560 72
6561 58
6562 67
6563 83
6564 69
6565 87
6566 69
6567 49
6568 55
6569 39
6570 61
6571 77
6572 94
6573 43
6574 9
6575 7
6576 8
6577 12
6578 4
6579 0
6580 7
6581 6
6582 4
6583 6
6584 20
6585 14
6586 14
6587 15
6588 34
6589 34
6590 24
6591 34
6592 29
6593 22
6594 28
6595 24
6596 14
6597 8
6598 10
6599 7
6600 3
6601 2
6602 0
6603 3
6604 6
6605 5
6606 8
6607 23
6608 115
6609 193
6610 236
6611 168
6612 165
6613 186
6614 186
6615 159
6616 144
6617 201
6618 218
6619 164
6620 116
6621 24
6622 5
6623 7
6624 8
6625 7
6626 0
6627 1
6628 2
6629 2
6630 11
6631 12
6632 150
6633 225
6634 232
6635 173
6636 199
6637 162
6638 188
6639 199
6640 164
6641 220
6642 261
6643 249
6644 123
6645 36
6646 7
6647 3
6648 7
6649 8
6650 3
6651 2
6652 2
6653 4
6654 5
6655 17
6656 112
6657 180
6658 232
6659 175
6660 191
6661 191
6662 177
6663 170
6664 199
6665 248
6666 268
6667 234
6668 123
6669 33
6670 7
6671 10
6672 1
6673 15
6674 1
6675 1
6676 3
6677 3
6678 6
6679 10
6680 114
6681 231
6682 224
6683 194
6684 198
6685 158
6686 185
6687 192
6688 177
6689 235
6690 262
6691 251
6692 133
6693 56
6694 9
6695 12
6696 1
6697 13
6698 22
6699 15
6700 5
6701 3
6702 12
6703 9
6704 147
6705 222
6706 246
6707 208
6708 158
6709 208
6710 219
6711 206
6712 186
6713 231
6714 262
6715 286
6716 156
6717 51
6718 30
6719 17
6720 7
6721 8
6722 3
6723 6
6724 11
6725 9
6726 10
6727 16
6728 82
6729 71
6730 99
6731 120
6732 106
6733 84
6734 93
6735 76
6736 80
6737 118
6738 158
6739 145
6740 109
6741 31
6742 15
6743 13
6744 15
6745 17
6746 5
6747 2
6748 9
6749 8
6750 9
6751 7
6752 18
6753 11
6754 16
6755 26
6756 35
6757 32
6758 21
6759 26
6760 25
6761 27
6762 15
6763 23
6764 20
6765 10
6766 9
6767 6
6768 10
6769 4
6770 0
6771 5
6772 2
6773 6
6774 3
6775 15
6776 150
6777 235
6778 264
6779 158
6780 164
6781 180
6782 188
6783 158
6784 184
6785 239
6786 299
6787 191
6788 107
6789 26
6790 10
6791 6
6792 2
6793 5
6794 1
6795 0
6796 3
6797 4
6798 1
6799 7
6800 128
6801 191
6802 268
6803 202
6804 200
6805 171
6806 185
6807 182
6808 184
6809 270
6810 273
6811 172
6812 131
6813 39
6814 14
6815 14
6816 13
6817 7
6818 1
6819 1
6820 0
6821 7
6822 4
6823 15
6824 136
6825 218
6826 235
6827 181
6828 150
6829 187
6830 178
6831 190
6832 226
6833 277
6834 273
6835 241
6836 132
6837 43
6838 21
6839 20
6840 17
6841 4
6842 3
6843 2
6844 4
6845 5
6846 6
6847 10
6848 145
6849 207
6850 248
6851 200
6852 190
6853 190
6854 198
6855 189
6856 197
6857 230
6858 253
6859 211
6860 88
6861 20
6862 7
6863 7
6864 6
6865 13
6866 8
6867 12
6868 6
6869 3
6870 4
6871 20
6872 129
6873 177
6874 231
6875 187
6876 188
6877 184
6878 206
6879 186
6880 206
6881 276
6882 281
6883 233
6884 127
6885 43
6886 14
6887 12
6888 13
6889 15
6890 5
6891 5
6892 8
6893 14
6894 3
6895 6
6896 65
6897 65
6898 84
6899 70
6900 81
6901 80
6902 81
6903 84
6904 88
6905 58
6906 79
6907 84
6908 104
6909 36
6910 13
6911 8
6912 11
6913 9
6914 6
6915 8
6916 6
6917 10
6918 5
6919 10
6920 12
6921 20
6922 16
6923 26
6924 24
6925 32
6926 26
6927 27
6928 33
6929 22
6930 23
6931 35
6932 24
6933 13
6934 11
6935 9
6936 1
6937 12
6938 2
6939 0
6940 3
6941 8
6942 5
6943 15
6944 105
6945 213
6946 225
6947 172
6948 180
6949 196
6950 183
6951 172
6952 162
6953 241
6954 257
6955 193
6956 122
6957 24
6958 9
6959 5
6960 1
6961 2
6962 0
6963 2
6964 1
6965 2
6966 9
6967 20
6968 132
6969 241
6970 262
6971 219
6972 180
6973 206
6974 180
6975 184
6976 170
6977 209
6978 310
6979 237
6980 101
6981 34
6982 7
6983 4
6984 4
6985 4
6986 0
6987 1
6988 1
6989 3
6990 7
6991 13
6992 124
6993 183
6994 269
6995 199
6996 198
6997 170
6998 150
6999 142
7000 152
7001 245
7002 278
7003 208
7004 170
7005 47
7006 28
7007 12
7008 11
7009 11
7010 0
7011 4
7012 6
7013 4
7014 8
7015 12
7016 125
7017 185
7018 199
7019 226
7020 169
7021 199
7022 155
7023 184
7024 183
7025 275
7026 284
7027 278
7028 152
7029 47
7030 15
7031 21
7032 11
7033 10
7034 5
7035 0
7036 0
7037 3
7038 9
7039 10
7040 116
7041 232
7042 253
7043 205
7044 193
7045 173
7046 174
7047 201
7048 177
7049 246
7050 278
7051 292
7052 151
7053 29
7054 21
7055 14
7056 13
7057 8
7058 14
7059 14
7060 15
7061 24
7062 10
7063 11
7064 59
7065 67
7066 75
7067 81
7068 83
7069 81
7070 108
7071 85
7072 59
7073 69
7074 82
7075 164
7076 107
7077 28
7078 9
7079 13
7080 13
7081 18
7082 3
7083 5
7084 5
7085 3
7086 3
7087 11
7088 11
7089 15
7090 22
7091 27
7092 38
7093 40
7094 46
7095 27
7096 21
7097 31
7098 26
7099 24
7100 15
7101 11
7102 8
7103 11
7104 3
7105 5
7106 0
7107 0
7108 4
7109 8
7110 3
7111 18
7112 128
7113 239
7114 234
7115 174
7116 197
7117 216
7118 201
7119 187
7120 220
7121 233
7122 289
7123 175
7124 94
7125 25
7126 8
7127 2
7128 2
7129 5
7130 1
7131 1
7132 1
7133 4
7134 8
7135 10
7136 112
7137 230
7138 215
7139 189
7140 182
7141 164
7142 173
7143 153
7144 199
7145 252
7146 275
7147 165
7148 82
7149 32
7150 7
7151 5
7152 5
7153 2
7154 0
7155 1
7156 2
7157 4
7158 9
7159 10
7160 109
7161 187
7162 235
7163 179
7164 190
7165 189
7166 205
7167 178
7168 169
7169 240
7170 260
7171 212
7172 96
7173 30
7174 9
7175 6
7176 2
7177 5
7178 1
7179 2
7180 2
7181 4
7182 9
7183 7
7184 131
7185 187
7186 241
7187 230
7188 180
7189 190
7190 195
7191 189
7192 167
7193 275
7194 320
7195 180
7196 123
7197 37
7198 15
7199 7
7200 5
7201 4
7202 13
7203 15
7204 8
7205 5
7206 7
7207 12
7208 122
7209 215
7210 221
7211 173
7212 200
7213 195
7214 221
7215 214
7216 188
7217 231
7218 304
7219 217
7220 146
7221 42
7222 15
7223 20
7224 10
7225 11
7226 9
7227 6
7228 4
7229 5
7230 5
7231 9
7232 50
7233 74
7234 65
7235 74
7236 93
7237 87
7238 100
7239 87
7240 57
7241 76
7242 90
7243 95
7244 100
7245 24
7246 18
7247 11
7248 13
7249 17
7250 4
7251 4
7252 2
7253 14
7254 12
7255 14
7256 21
7257 13
7258 12
7259 19
7260 37
7261 29
7262 23
7263 34
7264 25
7265 25
7266 27
7267 22
7268 8
7269 17
7270 9
7271 6
7272 5
7273 5
7274 3
7275 1
7276 2
7277 4
7278 7
7279 20
7280 105
7281 206
7282 187
7283 174
7284 192
7285 189
7286 159
7287 148
7288 142
7289 228
7290 245
7291 152
7292 94
7293 37
7294 18
7295 14
7296 18
7297 19
7298 3
7299 4
7300 7
7301 6
7302 2
7303 11
7304 74
7305 76
7306 75
7307 65
7308 75
7309 106
7310 54
7311 63
7312 62
7313 83
7314 88
7315 90
7316 80
7317 32
7318 7
7319 8
7320 1
7321 4
7322 0
7323 2
7324 3
7325 3
7326 9
7327 10
7328 117
7329 219
7330 271
7331 174
7332 167
7333 188
7334 156
7335 176
7336 183
7337 236
7338 223
7339 159
7340 127
7341 37
7342 9
7343 1
7344 2
7345 12
7346 0
7347 3
7348 5
7349 12
7350 6
7351 5
7352 120
7353 236
7354 203
7355 223
7356 198
7357 251
7358 202
7359 194
7360 180
7361 188
7362 276
7363 167
7364 95
7365 35
7366 9
7367 7
7368 6
7369 7
7370 4
7371 8
7372 1
7373 4
7374 8
7375 8
7376 126
7377 220
7378 273
7379 203
7380 170
7381 213
7382 186
7383 179
7384 164
7385 242
7386 250
7387 211
7388 125
7389 35
7390 24
7391 12
7392 15
7393 12
7394 9
7395 4
7396 3
7397 4
7398 6
7399 15
7400 56
7401 62
7402 73
7403 70
7404 78
7405 74
7406 81
7407 87
7408 65
7409 77
7410 76
7411 162
7412 107
7413 20
7414 6
7415 13
7416 11
7417 10
7418 5
7419 4
7420 5
7421 12
7422 5
7423 4
7424 13
7425 13
7426 18
7427 28
7428 24
7429 34
7430 21
7431 22
7432 25
7433 27
7434 20
7435 15
7436 23
7437 15
7438 6
7439 6
7440 2
7441 6
7442 2
7443 1
7444 2
7445 4
7446 6
7447 14
7448 107
7449 230
7450 251
7451 187
7452 135
7453 204
7454 174
7455 185
7456 194
7457 201
7458 246
7459 155
7460 113
7461 22
7462 4
7463 9
7464 1
7465 3
7466 0
7467 0
7468 4
7469 7
7470 4
7471 18
7472 132
7473 197
7474 240
7475 174
7476 169
7477 201
7478 166
7479 177
7480 176
7481 233
7482 231
7483 176
7484 82
7485 28
7486 6
7487 8
7488 1
7489 3
7490 6
7491 2
7492 2
7493 5
7494 5
7495 12
7496 122
7497 168
7498 210
7499 178
7500 187
7501 166
7502 181
7503 184
7504 165
7505 251
7506 229
7507 169
7508 95
7509 28
7510 9
7511 8
7512 7
7513 3
7514 0
7515 3
7516 3
7517 7
7518 7
7519 15
7520 112
7521 219
7522 206
7523 186
7524 169
7525 183
7526 199
7527 172
7528 170
7529 169
7530 179
7531 162
7532 103
7533 38
7534 10
7535 12
7536 8
7537 26
7538 23
7539 22
7540 3
7541 6
7542 6
7543 13
7544 90
7545 158
7546 230
7547 239
7548 194
7549 203
7550 171
7551 190
7552 210
7553 134
7554 133
7555 194
7556 148
7557 41
7558 19
7559 10
7560 19
7561 9
7562 3
7563 10
7564 4
7565 13
7566 5
7567 12
7568 77
7569 73
7570 95
7571 86
7572 103
7573 91
7574 101
7575 82
7576 90
7577 86
7578 103
7579 91
7580 122
7581 37
7582 16
7583 15
7584 12
7585 16
7586 11
7587 16
7588 8
7589 11
7590 9
7591 11
7592 15
7593 23
7594 24
7595 37
7596 40
7597 40
7598 40
7599 34
7600 26
7601 26
7602 34
7603 24
7604 21
7605 14
7606 3
7607 4
7608 2
7609 6
7610 0
7611 1
7612 4
7613 4
7614 11
7615 24
7616 86
7617 132
7618 178
7619 183
7620 142
7621 180
7622 157
7623 180
7624 176
7625 156
7626 114
7627 125
7628 92
7629 20
7630 7
7631 7
7632 5
7633 3
7634 1
7635 3
7636 2
7637 3
7638 3
7639 13
7640 72
7641 137
7642 184
7643 165
7644 184
7645 173
7646 205
7647 147
7648 172
7649 130
7650 126
7651 118
7652 98
7653 22
7654 4
7655 1
7656 5
7657 4
7658 0
7659 1
7660 3
7661 5
7662 3
7663 16
7664 91
7665 130
7666 179
7667 195
7668 184
7669 163
7670 190
7671 170
7672 155
7673 111
7674 108
7675 176
7676 161
7677 31
7678 9
7679 8
7680 10
7681 3
7682 2
7683 5
7684 2
7685 3
7686 10
7687 13
7688 73
7689 164
7690 214
7691 200
7692 198
7693 181
7694 173
7695 203
7696 201
7697 137
7698 134
7699 181
7700 129
7701 33
7702 16
7703 9
7704 7
7705 2
7706 6
7707 7
7708 1
7709 3
7710 6
7711 12
7712 77
7713 145
7714 224
7715 194
7716 201
7717 204
7718 212
7719 202
7720 200
7721 138
7722 137
7723 155
7724 147
7725 48
7726 21
7727 19
7728 18
7729 11
7730 5
7731 6
7732 4
7733 7
7734 3
7735 9
7736 95
7737 78
7738 84
7739 78
7740 105
7741 96
7742 106
7743 101
7744 82
7745 87
7746 84
7747 117
7748 111
7749 30
7750 23
7751 13
7752 18
7753 12
7754 6
7755 8
7756 5
7757 6
7758 6
7759 4
7760 19
7761 10
7762 23
7763 39
7764 37
7765 43
7766 26
7767 36
7768 30
7769 53
7770 34
7771 20
7772 21
7773 8
7774 6
7775 7
7776 6
7777 4
7778 1
7779 0
7780 4
7781 4
7782 4
7783 10
7784 93
7785 125
7786 205
7787 201
7788 182
7789 147
7790 176
7791 182
7792 172
7793 148
7794 116
7795 105
7796 91
7797 20
7798 12
7799 1
7800 6
7801 1
7802 1
7803 1
7804 2
7805 6
7806 6
7807 19
7808 91
7809 139
7810 215
7811 196
7812 183
7813 155
7814 188
7815 183
7816 155
7817 120
7818 119
7819 163
7820 103
7821 45
7822 7
7823 5
7824 1
7825 10
7826 5
7827 4
7828 1
7829 3
7830 5
7831 12
7832 104
7833 164
7834 162
7835 181
7836 152
7837 190
7838 168
7839 188
7840 174
7841 125
7842 141
7843 182
7844 138
7845 38
7846 13
7847 11
7848 6
7849 3
7850 1
7851 2
7852 2
7853 3
7854 9
7855 10
7856 89
7857 142
7858 162
7859 194
7860 181
7861 223
7862 174
7863 177
7864 188
7865 123
7866 125
7867 154
7868 150
7869 32
7870 9
7871 6
7872 7
7873 5
7874 6
7875 6
7876 3
7877 9
7878 10
7879 9
7880 82
7881 184
7882 185
7883 213
7884 187
7885 193
7886 196
7887 160
7888 171
7889 109
7890 140
7891 150
7892 154
7893 39
7894 16
7895 16
7896 10
7897 12
7898 4
7899 4
7900 8
7901 3
7902 5
7903 18
7904 72
7905 60
7906 69
7907 69
7908 76
7909 88
7910 106
7911 87
7912 114
7913 119
7914 113
7915 123
7916 122
7917 30
7918 17
7919 5
7920 4
7921 11
7922 3
7923 4
7924 2
7925 4
7926 5
7927 9
7928 19
7929 11
7930 20
7931 22
7932 36
7933 33
7934 39
7935 32
7936 27
7937 37
7938 24
7939 29
7940 11
7941 11
7942 9
7943 6
7944 7
7945 6
7946 0
7947 3
7948 2
7949 2
7950 4
7951 14
7952 81
7953 174
7954 165
7955 154
7956 155
7957 149
7958 176
7959 169
7960 169
7961 109
7962 105
7963 104
7964 75
7965 34
7966 8
7967 6
7968 6
7969 5
7970 1
7971 2
7972 4
7973 3
7974 8
7975 14
7976 79
7977 136
7978 166
7979 185
7980 166
7981 168
7982 183
7983 194
7984 144
7985 139
7986 125
7987 148
7988 94
7989 23
7990 8
7991 2
7992 2
7993 1
7994 2
7995 2
7996 9
7997 8
7998 7
7999 8
8000 62
8001 127
8002 164
8003 191
8004 175
8005 215
8006 176
8007 183
8008 188
8009 110
8010 107
8011 170
8012 115
8013 31
8014 14
8015 4
8016 3
8017 1
8018 1
8019 0
8020 2
8021 3
8022 12
8023 14
8024 82
8025 152
8026 192
8027 192
8028 162
8029 161
8030 157
8031 199
8032 176
8033 120
8034 109
8035 169
8036 125
8037 23
8038 15
8039 13
8040 6
8041 7
8042 9
8043 5
8044 3
8045 5
8046 12
8047 10
8048 88
8049 150
8050 181
8051 188
8052 181
8053 198
8054 224
8055 170
8056 172
8057 131
8058 109
8059 140
8060 141
8061 29
8062 9
8063 15
8064 14
8065 10
8066 5
8067 5
8068 2
8069 15
8070 12
8071 11
8072 66
8073 69
8074 54
8075 79
8076 82
8077 95
8078 91
8079 103
8080 83
8081 82
8082 93
8083 95
8084 142
8085 40
8086 5
8087 14
8088 7
8089 11
8090 7
8091 2
8092 1
8093 3
8094 4
8095 7
8096 9
8097 12
8098 12
8099 28
8100 30
8101 28
8102 30
8103 33
8104 29
8105 24
8106 25
8107 20
8108 11
8109 9
8110 4
8111 4
8112 3
8113 1
8114 0
8115 4
8116 5
8117 1
8118 7
8119 11
8120 87
8121 144
8122 172
8123 170
8124 160
8125 152
8126 166
8127 148
8128 176
8129 126
8130 113
8131 121
8132 97
8133 47
8134 5
8135 4
8136 7
8137 1
8138 1
8139 2
8140 1
8141 9
8142 11
8143 16
8144 85
8145 122
8146 154
8147 172
8148 165
8149 210
8150 184
8151 167
8152 175
8153 137
8154 124
8155 145
8156 127
8157 26
8158 9
8159 7
8160 0
8161 5
8162 2
8163 4
8164 4
8165 2
8166 5
8167 20
8168 82
8169 132
8170 167
8171 179
8172 187
8173 173
8174 155
8175 190
8176 158
8177 134
8178 104
8179 116
8180 130
8181 34
8182 10
8183 9
8184 0
8185 2
8186 1
8187 2
8188 2
8189 9
8190 3
8191 9
8192 82
8193 142
8194 184
8195 164
8196 153
8197 166
8198 182
8199 180
8200 181
8201 145
8202 125
8203 163
8204 135
8205 26
8206 7
8207 9
8208 3
8209 4
8210 9
8211 20
8212 5
8213 5
8214 3
8215 11
8216 83
8217 135
8218 206
8219 188
8220 201
8221 209
8222 175
8223 195
8224 140
8225 132
8226 145
8227 107
8228 135
8229 21
8230 17
8231 5
8232 7
8233 10
8234 6
8235 7
8236 2
8237 11
8238 10
8239 10
8240 56
8241 64
8242 61
8243 93
8244 89
8245 91
8246 98
8247 78
8248 74
8249 67
8250 77
8251 117
8252 132
8253 15
8254 9
8255 24
8256 10
8257 11
8258 9
8259 3
8260 5
8261 7
8262 2
8263 8
8264 19
8265 8
8266 14
8267 21
8268 37
8269 26
8270 29
8271 27
8272 22
8273 27
8274 31
8275 21
8276 20
8277 8
8278 6
8279 7
8280 5
8281 4
8282 2
8283 1
8284 4
8285 3
8286 9
8287 13
8288 80
8289 147
8290 164
8291 180
8292 162
8293 181
8294 146
8295 173
8296 176
8297 122
8298 108
8299 98
8300 103
8301 26
8302 5
8303 2
8304 1
8305 2
8306 2
8307 0
8308 4
8309 5
8310 5
8311 11
8312 77
8313 149
8314 184
8315 185
8316 173
8317 181
8318 163
8319 159
8320 157
8321 121
8322 139
8323 140
8324 130
8325 31
8326 4
8327 5
8328 2
8329 2
8330 4
8331 2
8332 2
8333 6
8334 8
8335 16
8336 89
8337 134
8338 183
8339 206
8340 172
8341 174
8342 163
8343 180
8344 161
8345 116
8346 107
8347 176
8348 134
8349 28
8350 8
8351 8
8352 5
8353 2
8354 5
8355 2
8356 2
8357 4
8358 6
8359 6
8360 95
8361 162
8362 227
8363 224
8364 188
8365 202
8366 183
8367 175
8368 188
8369 135
8370 149
8371 172
8372 107
8373 40
8374 8
8375 8
8376 5
8377 4
8378 7
8379 6
8380 3
8381 8
8382 5
8383 11
8384 96
8385 143
8386 173
8387 194
8388 191
8389 184
8390 205
8391 142
8392 197
8393 119
8394 114
8395 125
8396 126
8397 26
8398 12
8399 12
8400 13
8401 13
8402 0
8403 6
8404 3
8405 5
8406 9
8407 8
8408 56
8409 85
8410 64
8411 80
8412 84
8413 119
8414 114
8415 97
8416 93
8417 88
8418 109
8419 107
8420 122
8421 30
8422 17
8423 10
8424 15
8425 9
8426 7
8427 2
8428 1
8429 4
8430 7
8431 6
8432 11
8433 9
8434 19
8435 25
8436 32
8437 26
8438 35
8439 28
8440 31
8441 39
8442 24
8443 16
8444 14
8445 11
8446 5
8447 2
8448 2
8449 5
8450 4
8451 3
8452 3
8453 5
8454 5
8455 15
8456 91
8457 145
8458 195
8459 173
8460 211
8461 190
8462 206
8463 192
8464 219
8465 136
8466 143
8467 130
8468 105
8469 28
8470 5
8471 8
8472 1
8473 2
8474 0
8475 0
8476 3
8477 4
8478 6
8479 13
8480 78
8481 137
8482 196
8483 222
8484 200
8485 208
8486 201
8487 192
8488 174
8489 125
8490 138
8491 125
8492 104
8493 29
8494 7
8495 4
8496 5
8497 2
8498 1
8499 0
8500 3
8501 5
8502 8
8503 10
8504 86
8505 118
8506 175
8507 194
8508 198
8509 186
8510 187
8511 175
8512 197
8513 153
8514 136
8515 170
8516 121
8517 43
8518 8
8519 3
8520 6
8521 5
8522 1
8523 3
8524 3
8525 3
8526 7
8527 4
8528 99
8529 143
8530 165
8531 212
8532 191
8533 216
8534 207
8535 180
8536 198
8537 133
8538 135
8539 174
8540 113
8541 46
8542 12
8543 5
8544 15
8545 14
8546 4
8547 6
8548 7
8549 9
8550 8
8551 10
8552 81
8553 158
8554 126
8555 185
8556 201
8557 167
8558 173
8559 169
8560 153
8561 94
8562 107
8563 110
8564 134
8565 44
8566 18
8567 8
8568 13
8569 7
8570 7
8571 9
8572 9
8573 3
8574 9
8575 15
8576 55
8577 55
8578 61
8579 60
8580 82
8581 76
8582 60
8583 70
8584 79
8585 53
8586 70
8587 64
8588 64
8589 29
8590 7
8591 8
8592 10
8593 9
8594 7
8595 10
8596 6
8597 3
8598 8
8599 10
8600 8
8601 7
8602 6
8603 14
8604 11
8605 3
8606 6
8607 5
8608 12
8609 5
8610 8
8611 12
8612 9
8613 9
8614 3
8615 3
8616 3
8617 3
8618 2
8619 1
8620 1
8621 2
8622 7
8623 3
8624 38
8625 36
8626 60
8627 94
8628 99
8629 104
8630 91
8631 84
8632 68
8633 43
8634 44
8635 77
8636 103
8637 21
8638 7
8639 3
8640 6
8641 8
8642 3
8643 5
8644 1
8645 4
8646 3
8647 10
8648 38
8649 23
8650 33
8651 83
8652 56
8653 63
8654 62
8655 64
8656 89
8657 42
8658 60
8659 100
8660 85
8661 23
8662 4
8663 3
8664 2
8665 3
8666 2
8667 3
8668 3
8669 7
8670 4
8671 9
8672 51
8673 52
8674 75
8675 110
8676 113
8677 108
8678 96
8679 134
8680 110
8681 71
8682 61
8683 107
8684 91
8685 27
8686 10
8687 4
8688 5
8689 9
8690 2
8691 3
8692 2
8693 2
8694 7
8695 16
8696 52
8697 57
8698 86
8699 129
8700 108
8701 134
8702 108
8703 112
8704 108
8705 70
8706 65
8707 88
8708 89
8709 24
8710 9
8711 5
8712 10
8713 9
8714 12
8715 4
8716 2
8717 2
8718 4
8719 8
8720 39
8721 62
8722 70
8723 89
8724 121
8725 135
8726 113
8727 107
8728 123
8729 75
8730 77
8731 107
8732 80
8733 28
8734 15
8735 0
8736 4
8737 11
8738 2
8739 4
8740 7
8741 6
8742 3
8743 13
8744 43
8745 34
8746 49
8747 53
8748 41
8749 55
8750 50
8751 52
8752 56
8753 69
8754 42
8755 56
8756 90
8757 29
8758 8
8759 14
8760 17
