1 0.66
2 19.41
3 4.89
4 4.45
5 33.64
6 18.60
7 7.80
8 1.60
9 4.86
10 30.65
11 1.72
12 15.71
13 9.26
14 2.32
15 1.41
16 3.87
17 8.91
18 15.03
19 9.44
20 8.07
21 1.10
22 16.85
23 12.77
24 13.19
25 0.51
26 1.71
27 12.09
28 9.42
29 2.08
30 12.54
31 3.83
32 0.76
33 10.65
34 5.13
35 1.81
36 1.59
37 4.22
38 4.09
39 4.17
40 5.74
41 3.08
42 2.69
43 2.66
44 3.51
45 2.78
46 13.01
47 3.23
48 5.55
49 0.37
50 0.00
51 0.00
52 9.15
53 6.00
54 22.78
55 13.53
56 1.50
57 7.16
58 9.43
59 6.42
60 5.75
61 4.27
62 4.10
63 5.24
64 6.01
65 5.28
66 4.66
67 4.83
68 4.72
69 10.87
70 5.85
71 2.54
72 9.93
73 2.98
74 0.00
75 0.00
76 11.80
77 45.86
78 22.80
79 3.27
80 0.88
81 5.33
82 5.89
83 6.36
84 5.21
85 3.98
86 3.51
87 4.04
88 6.52
89 4.60
90 6.38
91 6.33
92 5.66
93 11.53
94 10.63
95 11.94
96 21.97
97 9.53
98 0.47
99 2.15
100 16.51
101 10.14
102 23.18
103 21.53
104 1.06
105 5.50
106 6.89
107 3.19
108 3.53
109 4.90
110 3.38
111 4.95
112 5.03
113 3.97
114 4.16
115 5.70
116 3.93
117 6.62
118 16.39
119 19.85
120 32.80
121 15.77
122 17.61
123 20.81
124 17.19
125 12.30
126 3.87
127 2.00
128 1.22
129 7.53
130 5.02
131 4.75
132 2.85
133 5.08
134 4.69
135 5.38
136 6.17
137 4.11
138 4.88
139 3.48
140 4.21
141 10.86
142 5.75
143 6.46
144 3.75
145 0.94
146 0.97
147 18.87
148 21.18
149 18.26
150 20.17
151 4.16
152 1.32
153 6.64
154 3.83
155 4.07
156 4.63
157 7.25
158 3.75
159 5.42
160 4.71
161 10.40
162 3.91
163 3.90
164 4.00
165 8.47
166 3.19
167 5.82
168 7.07
169 0.64
170 2.54
171 31.00
172 27.80
173 12.32
174 18.65
175 12.52
176 2.92
177 23.41
178 6.49
179 0.75
180 4.22
181 1.51
182 2.58
183 3.40
184 1.53
185 1.93
186 2.75
187 12.65
188 11.94
189 5.55
190 4.12
191 28.80
192 0.00
193 11.73
194 0.00
195 11.43
196 7.29
197 33.64
198 30.60
199 8.01
200 0.99
201 5.48
202 3.75
203 3.35
204 3.04
205 3.82
206 3.57
207 3.40
208 6.17
209 4.94
210 3.78
211 5.53
212 6.61
213 12.93
214 6.62
215 0.00
216 5.73
217 23.11
218 0.00
219 7.83
220 0.45
221 21.30
222 41.06
223 21.58
224 1.20
225 3.34
226 2.93
227 3.76
228 3.66
229 3.25
230 3.55
231 3.13
232 4.20
233 3.06
234 3.93
235 5.57
236 4.51
237 3.82
238 2.76
239 10.75
240 3.30
241 0.16
242 14.50
243 18.00
244 7.72
245 27.85
246 38.50
247 3.89
248 1.46
249 3.25
250 3.08
251 3.12
252 3.46
253 3.10
254 3.43
255 3.67
256 5.45
257 3.81
258 5.57
259 3.34
260 4.68
261 7.85
262 10.09
263 0.00
264 18.18
265 2.53
266 5.90
267 0.00
268 0.00
269 4.35
270 12.23
271 12.79
272 1.45
273 3.83
274 3.19
275 2.87
276 3.07
277 2.94
278 3.42
279 3.14
280 4.46
281 3.92
282 2.75
283 3.48
284 3.43
285 5.46
286 4.90
287 12.32
288 5.00
289 6.88
290 16.07
291 31.51
292 6.80
293 7.01
294 12.87
295 17.79
296 1.38
297 4.48
298 2.60
299 3.14
300 3.22
301 2.97
302 3.16
303 3.12
304 4.19
305 3.41
306 3.22
307 2.87
308 3.07
309 4.68
310 13.87
311 14.23
312 8.86
313 1.84
314 9.18
315 37.61
316 17.61
317 37.96
318 28.75
319 8.45
320 0.84
321 2.70
322 6.37
323 4.84
324 7.76
325 4.93
326 5.01
327 3.66
328 4.02
329 2.40
330 2.87
331 2.63
332 3.54
333 7.03
334 0.89
335 2.30
336 4.75
337 0.40
338 8.31
339 12.95
340 30.51
341 14.42
342 4.84
343 21.95
344 1.80
345 1.26
346 0.60
347 0.73
348 1.37
349 1.13
350 1.94
351 2.20
352 1.51
353 2.44
354 2.44
355 9.26
356 3.85
357 9.52
358 8.50
359 5.63
360 11.50
361 0.39
362 54.55
363 10.40
364 6.70
365 25.00
366 15.86
367 7.34
368 1.34
369 3.71
370 1.78
371 3.20
372 3.60
373 3.33
374 3.52
375 2.77
376 4.23
377 3.80
378 4.61
379 3.53
380 6.56
381 12.48
382 15.56
383 57.14
384 45.00
385 6.07
386 0.00
387 23.38
388 17.14
389 23.57
390 25.58
391 28.30
392 1.30
393 5.28
394 3.11
395 3.12
396 4.03
397 3.11
398 3.82
399 3.96
400 5.22
401 4.35
402 6.53
403 4.20
404 6.37
405 10.27
406 2.21
407 8.52
408 49.66
409 8.35
410 11.84
411 0.00
412 6.34
413 31.03
414 39.45
415 11.16
416 1.50
417 3.54
418 2.07
419 3.19
420 3.11
421 2.55
422 3.77
423 3.81
424 3.72
425 3.35
426 4.50
427 3.71
428 4.30
429 12.07
430 25.46
431 12.31
432 34.45
433 36.61
434 0.00
435 8.44
436 14.31
437 22.98
438 9.66
439 3.19
440 1.24
441 4.41
442 3.06
443 3.63
444 3.80
445 3.17
446 2.92
447 3.51
448 3.87
449 3.54
450 3.68
451 4.41
452 4.25
453 5.83
454 10.98
455 10.84
456 6.43
457 2.19
458 7.59
459 22.13
460 10.18
461 17.27
462 30.95
463 5.30
464 1.74
465 4.72
466 2.65
467 3.34
468 3.40
469 3.40
470 3.40
471 4.85
472 3.07
473 3.73
474 3.86
475 2.70
476 3.16
477 8.47
478 7.36
479 10.75
480 11.22
481 6.61
482 10.70
483 25.71
484 6.75
485 11.54
486 16.44
487 8.14
488 0.88
489 4.42
490 4.45
491 4.29
492 4.07
493 5.16
494 5.43
495 6.63
496 3.72
497 2.72
498 2.56
499 2.70
500 3.47
501 5.73
502 1.40
503 8.05
504 6.79
505 0.76
506 1.29
507 4.28
508 22.78
509 9.97
510 10.75
511 18.71
512 13.09
513 8.15
514 2.34
515 5.50
516 1.53
517 2.14
518 1.91
519 10.70
520 2.65
521 1.93
522 6.65
523 8.15
524 11.02
525 4.83
526 17.12
527 11.82
528 21.95
529 6.87
530 14.34
531 14.06
532 10.66
533 36.61
534 19.37
535 19.60
536 1.32
537 5.94
538 3.07
539 3.46
540 2.36
541 2.70
542 3.16
543 4.09
544 4.51
545 4.49
546 4.48
547 4.11
548 5.98
549 6.82
550 12.20
551 1.83
552 4.97
553 4.30
554 39.13
555 1.16
556 13.48
557 17.56
558 17.09
559 11.53
560 0.85
561 4.51
562 2.10
563 2.78
564 2.77
565 2.47
566 3.11
567 3.37
568 3.33
569 5.74
570 5.13
571 4.65
572 4.23
573 7.27
574 3.90
575 24.53
576 6.76
577 4.40
578 0.00
579 0.00
580 20.22
581 24.03
582 21.30
583 1.28
584 1.01
585 4.14
586 2.53
587 2.58
588 2.84
589 3.59
590 2.64
591 2.56
592 5.62
593 3.58
594 4.57
595 4.25
596 3.36
597 5.16
598 1.67
599 8.42
600 4.34
601 0.95
602 4.37
603 22.36
604 3.55
605 11.54
606 33.03
607 4.87
608 0.35
609 3.01
610 0.96
611 2.88
612 2.60
613 3.42
614 2.40
615 3.25
616 5.48
617 3.88
618 2.37
619 2.40
620 2.80
621 2.56
622 21.08
623 6.91
624 5.92
625 0.69
626 0.00
627 15.62
628 3.84
629 16.07
630 13.97
631 0.46
632 0.66
633 3.93
634 1.57
635 3.48
636 3.54
637 2.92
638 3.15
639 3.49
640 4.73
641 3.59
642 3.44
643 3.35
644 2.63
645 6.03
646 24.00
647 14.57
648 5.81
649 0.83
650 7.39
651 5.56
652 7.18
653 1.53
654 31.95
655 14.01
656 0.48
657 6.14
658 1.98
659 3.93
660 4.36
661 4.01
662 7.28
663 4.66
664 5.24
665 6.77
666 3.23
667 3.50
668 2.97
669 4.82
670 5.10
671 5.79
672 6.19
673 0.61
674 10.61
675 8.03
676 2.48
677 41.22
678 15.02
679 16.49
680 2.96
681 11.48
682 28.04
683 6.85
684 4.80
685 2.49
686 3.73
687 2.70
688 2.33
689 5.80
690 11.12
691 17.01
692 8.08
693 4.02
694 10.09
695 7.96
696 14.32
697 11.21
698 58.06
699 14.54
700 22.43
701 19.39
702 25.90
703 15.89
704 1.03
705 5.12
706 2.60
707 3.21
708 4.23
709 2.94
710 2.73
711 2.71
712 4.82
713 2.67
714 4.47
715 4.15
716 4.21
717 4.71
718 20.60
719 13.38
720 10.18
721 8.79
722 56.25
723 0.00
724 17.19
725 22.91
726 45.00
727 7.22
728 0.69
729 2.63
730 1.47
731 3.67
732 2.31
733 4.21
734 2.59
735 2.53
736 3.91
737 3.23
738 3.36
739 3.77
740 3.88
741 5.68
742 1.63
743 7.61
744 9.04
745 8.18
746 0.00
747 0.00
748 7.83
749 40.68
750 38.50
751 8.92
752 0.78
753 2.81
754 1.76
755 2.97
756 2.90
757 3.13
758 3.15
759 2.69
760 5.13
761 2.85
762 4.73
763 3.69
764 4.18
765 10.59
766 8.11
767 43.64
768 15.22
769 48.65
770 0.00
771 6.54
772 17.22
773 33.64
774 18.56
775 3.27
776 1.02
777 2.21
778 2.09
779 2.12
780 2.51
781 2.70
782 3.20
783 2.14
784 3.42
785 4.19
786 3.54
787 3.61
788 3.29
789 8.75
790 14.04
791 4.71
792 38.92
793 0.00
794 25.35
795 21.43
796 13.57
797 30.00
798 13.95
799 13.79
800 0.81
801 2.86
802 1.71
803 2.19
804 3.81
805 3.15
806 2.42
807 2.70
808 3.22
809 3.74
810 3.85
811 3.95
812 3.05
813 4.94
814 8.47
815 13.21
816 12.59
817 4.79
818 0.00
819 10.03
820 11.27
821 5.71
822 38.20
823 5.72
824 0.46
825 3.58
826 4.45
827 4.84
828 3.24
829 6.68
830 5.21
831 4.21
832 3.54
833 2.34
834 6.00
835 3.10
836 1.90
837 7.50
838 1.61
839 1.75
840 15.13
841 1.40
842 2.85
843 6.43
844 0.59
845 29.15
846 35.82
847 12.27
848 2.31
849 9.44
850 6.10
851 7.51
852 2.25
853 2.47
854 2.62
855 3.17
856 7.19
857 8.22
858 14.81
859 12.37
860 3.05
861 7.00
862 8.07
863 18.56
864 9.71
865 0.00
866 17.43
867 0.00
868 6.25
869 50.00
870 20.40
871 11.53
872 0.95
873 2.27
874 1.45
875 2.27
876 2.96
877 2.38
878 2.38
879 2.91
880 3.36
881 3.53
882 3.15
883 3.97
884 5.42
885 7.29
886 2.72
887 0.00
888 20.93
889 2.62
890 13.38
891 34.29
892 8.32
893 38.99
894 20.24
895 13.10
896 0.88
897 3.77
898 2.67
899 2.77
900 2.62
901 2.77
902 2.22
903 2.69
904 2.79
905 2.88
906 3.95
907 3.17
908 3.08
909 10.57
910 7.85
911 14.75
912 9.88
913 0.00
914 0.00
915 0.00
916 6.43
917 32.14
918 22.89
919 19.69
920 0.63
921 3.06
922 2.54
923 2.04
924 2.64
925 2.94
926 2.24
927 2.21
928 3.50
929 2.85
930 3.07
931 3.56
932 3.47
933 11.48
934 21.86
935 10.62
936 0.00
937 28.57
938 5.30
939 0.52
940 3.44
941 2.21
942 11.16
943 17.55
944 0.68
945 5.55
946 1.64
947 2.26
948 2.65
949 2.57
950 3.23
951 3.85
952 3.57
953 4.13
954 4.08
955 4.27
956 3.94
957 9.35
958 3.95
959 6.62
960 9.02
961 18.95
962 18.98
963 9.61
964 12.08
965 15.00
966 9.59
967 4.90
968 0.72
969 3.71
970 1.82
971 1.96
972 2.80
973 2.15
974 3.44
975 4.39
976 3.92
977 4.61
978 4.85
979 3.62
980 3.37
981 4.86
982 9.03
983 6.04
984 6.56
985 0.44
986 14.46
987 4.93
988 11.73
989 37.70
990 18.44
991 9.20
992 0.34
993 3.49
994 3.93
995 3.99
996 6.03
997 3.99
998 4.51
999 3.93
1000 5.26
1001 2.44
1002 3.03
1003 3.46
1004 3.08
1005 2.72
1006 0.96
1007 22.61
1008 4.77
1009 0.69
1010 1.14
1011 2.37
1012 12.50
1013 3.50
1014 17.94
1015 15.67
1016 1.44
1017 8.40
1018 3.45
1019 1.33
1020 1.80
1021 1.71
1022 1.05
1023 3.45
1024 2.91
1025 2.79
1026 5.96
1027 8.76
1028 7.44
1029 5.33
1030 4.91
1031 16.36
1032 12.77
1033 0.78
1034 0.00
1035 0.00
1036 28.46
1037 34.68
1038 24.57
1039 8.50
1040 0.78
1041 4.33
1042 1.75
1043 1.50
1044 2.30
1045 2.51
1046 2.44
1047 2.11
1048 3.35
1049 4.07
1050 3.01
1051 3.22
1052 4.66
1053 3.90
1054 7.95
1055 8.84
1056 5.43
1057 1.13
1058 0.00
1059 0.00
1060 14.60
1061 19.41
1062 26.28
1063 21.98
1064 0.91
1065 5.09
1066 2.57
1067 1.75
1068 2.79
1069 2.69
1070 2.32
1071 2.95
1072 3.21
1073 6.20
1074 4.02
1075 4.12
1076 2.99
1077 5.15
1078 14.19
1079 11.15
1080 17.20
1081 0.00
1082 4.85
1083 0.00
1084 9.10
1085 19.85
1086 11.79
1087 6.79
1088 0.83
1089 6.30
1090 2.14
1091 2.08
1092 2.47
1093 2.98
1094 2.42
1095 2.46
1096 4.21
1097 3.94
1098 2.65
1099 3.24
1100 3.24
1101 8.13
1102 6.60
1103 11.39
1104 10.43
1105 2.46
1106 5.37
1107 0.00
1108 8.79
1109 5.97
1110 4.55
1111 18.88
1112 0.79
1113 3.90
1114 4.40
1115 2.07
1116 2.57
1117 3.46
1118 2.79
1119 4.04
1120 3.73
1121 2.42
1122 3.86
1123 3.39
1124 3.38
1125 9.39
1126 5.01
1127 17.82
1128 11.52
1129 6.40
1130 37.11
1131 50.00
1132 10.50
1133 26.37
1134 10.93
1135 5.78
1136 0.74
1137 3.12
1138 2.65
1139 2.37
1140 2.82
1141 2.90
1142 3.98
1143 3.68
1144 4.28
1145 3.99
1146 3.62
1147 3.59
1148 2.62
1149 9.67
1150 4.19
1151 2.17
1152 14.77
1153 0.35
1154 4.23
1155 2.23
1156 13.69
1157 24.87
1158 32.63
1159 9.09
1160 0.38
1161 4.05
1162 3.07
1163 4.25
1164 3.80
1165 5.45
1166 4.43
1167 3.03
1168 2.76
1169 4.69
1170 3.01
1171 2.35
1172 2.57
1173 4.31
1174 25.06
1175 0.00
1176 4.36
1177 0.69
1178 0.00
1179 59.02
1180 46.75
1181 22.93
1182 9.34
1183 24.73
1184 0.61
1185 37.89
1186 0.61
1187 1.50
1188 1.52
1189 1.40
1190 2.01
1191 1.04
1192 1.94
1193 4.42
1194 4.83
1195 15.93
1196 8.13
1197 3.98
1198 41.62
1199 42.35
1200 18.65
1201 9.35
1202 30.38
1203 19.30
1204 5.78
1205 44.44
1206 12.17
1207 4.70
1208 0.57
1209 5.16
1210 1.88
1211 1.79
1212 2.99
1213 2.91
1214 2.90
1215 2.77
1216 2.95
1217 3.85
1218 4.44
1219 4.15
1220 3.11
1221 9.79
1222 15.24
1223 18.37
1224 6.51
1225 29.15
1226 0.79
1227 16.14
1228 19.19
1229 16.98
1230 11.03
1231 4.00
1232 0.92
1233 4.05
1234 2.57
1235 1.76
1236 2.23
1237 3.56
1238 2.22
1239 2.37
1240 3.13
1241 2.73
1242 4.27
1243 4.52
1244 3.68
1245 8.71
1246 9.88
1247 5.21
1248 0.00
1249 8.37
1250 0.00
1251 0.00
1252 18.29
1253 12.07
1254 14.12
1255 10.22
1256 0.86
1257 6.01
1258 2.14
1259 1.94
1260 2.09
1261 2.95
1262 2.07
1263 2.16
1264 4.47
1265 3.46
1266 5.10
1267 3.81
1268 3.12
1269 7.57
1270 6.22
1271 29.75
1272 6.75
1273 45.28
1274 2.13
1275 2.01
1276 9.94
1277 17.56
1278 14.92
1279 12.59
1280 0.68
1281 2.87
1282 1.85
1283 1.95
1284 2.64
1285 2.69
1286 3.27
1287 3.76
1288 4.85
1289 6.04
1290 2.92
1291 3.46
1292 3.45
1293 15.71
1294 12.27
1295 2.28
1296 10.40
1297 2.73
1298 38.71
1299 40.91
1300 14.53
1301 6.85
1302 14.15
1303 18.51
1304 0.57
1305 5.79
1306 3.01
1307 1.67
1308 3.44
1309 2.80
1310 2.71
1311 3.70
1312 4.60
1313 3.85
1314 3.07
1315 3.55
1316 2.82
1317 7.93
1318 2.72
1319 7.15
1320 33.08
1321 8.72
1322 27.80
1323 11.06
1324 23.53
1325 36.36
1326 20.71
1327 22.83
1328 0.35
1329 4.79
1330 2.73
1331 3.26
1332 4.97
1333 6.04
1334 2.99
1335 2.85
1336 4.22
1337 4.08
1338 2.68
1339 2.54
1340 2.57
1341 2.93
1342 2.11
1343 45.57
1344 45.00
1345 1.44
1346 15.50
1347 21.25
1348 22.64
1349 13.71
1350 36.49
1351 6.23
1352 0.45
1353 5.09
1354 1.38
1355 1.28
1356 1.46
1357 1.32
1358 1.44
1359 1.35
1360 1.83
1361 3.56
1362 8.90
1363 10.98
1364 15.57
1365 9.04
1366 5.18
1367 3.59
1368 0.00
1369 3.33
1370 14.75
1371 1.08
1372 6.83
1373 19.15
1374 30.57
1375 14.64
1376 0.46
1377 3.12
1378 2.25
1379 1.75
1380 2.60
1381 3.71
1382 2.33
1383 2.10
1384 3.15
1385 2.91
1386 4.11
1387 3.88
1388 4.09
1389 8.97
1390 8.41
1391 3.16
1392 3.00
1393 9.60
1394 51.43
1395 0.00
1396 12.56
1397 9.43
1398 16.17
1399 12.25
1400 0.63
1401 4.87
1402 2.26
1403 1.71
1404 3.25
1405 2.28
1406 2.36
1407 2.97
1408 2.69
1409 3.34
1410 3.08
1411 3.09
1412 2.89
1413 8.13
1414 7.83
1415 9.30
1416 18.14
1417 12.61
1418 0.00
1419 0.00
1420 13.75
1421 24.23
1422 19.96
1423 11.04
1424 0.45
1425 2.74
1426 1.82
1427 1.86
1428 2.42
1429 1.88
1430 2.40
1431 2.82
1432 3.02
1433 3.07
1434 3.38
1435 2.75
1436 2.24
1437 8.47
1438 14.93
1439 4.77
1440 11.60
1441 1.89
1442 3.45
1443 2.72
1444 11.46
1445 20.63
1446 19.86
1447 9.97
1448 0.39
1449 2.56
1450 2.68
1451 1.74
1452 2.80
1453 2.02
1454 2.71
1455 3.45
1456 3.07
1457 3.18
1458 2.17
1459 3.10
1460 2.69
1461 6.71
1462 10.42
1463 10.64
1464 4.06
1465 1.38
1466 9.81
1467 5.54
1468 12.89
1469 24.32
1470 11.50
1471 5.44
1472 0.32
1473 2.49
1474 3.70
1475 4.63
1476 5.86
1477 3.88
1478 2.84
1479 2.63
1480 3.29
1481 1.80
1482 2.07
1483 3.91
1484 2.19
1485 6.55
1486 10.40
1487 23.19
1488 18.63
1489 0.23
1490 14.65
1491 6.99
1492 19.98
1493 18.82
1494 16.00
1495 8.00
1496 0.30
1497 2.20
1498 0.89
1499 2.95
1500 2.26
1501 5.42
1502 0.74
1503 2.13
1504 1.79
1505 4.08
1506 3.29
1507 10.78
1508 14.42
1509 2.66
1510 6.97
1511 1.63
1512 18.46
1513 0.66
1514 15.75
1515 8.29
1516 8.05
1517 14.78
1518 15.74
1519 15.51
1520 1.04
1521 9.48
1522 3.39
1523 2.22
1524 0.82
1525 3.49
1526 2.67
1527 3.31
1528 4.70
1529 2.77
1530 6.92
1531 3.38
1532 3.70
1533 7.66
1534 12.19
1535 17.82
1536 56.25
1537 0.30
1538 10.65
1539 1.90
1540 0.00
1541 41.86
1542 15.58
1543 9.32
1544 0.53
1545 7.25
1546 4.78
1547 2.34
1548 4.78
1549 5.14
1550 2.00
1551 2.65
1552 3.54
1553 3.27
1554 4.11
1555 4.01
1556 3.33
1557 6.42
1558 8.58
1559 6.73
1560 26.93
1561 0.44
1562 0.00
1563 0.00
1564 10.45
1565 11.51
1566 42.86
1567 16.51
1568 0.21
1569 6.45
1570 2.96
1571 4.71
1572 4.38
1573 3.21
1574 3.56
1575 3.10
1576 4.24
1577 4.50
1578 4.09
1579 3.36
1580 2.92
1581 6.64
1582 17.58
1583 6.71
1584 21.26
1585 1.85
1586 7.78
1587 6.10
1588 35.12
1589 12.86
1590 23.38
1591 17.25
1592 0.25
1593 12.37
1594 5.87
1595 3.38
1596 4.41
1597 3.23
1598 3.61
1599 3.62
1600 8.25
1601 4.05
1602 2.05
1603 4.06
1604 2.54
1605 7.61
1606 10.73
1607 18.40
1608 5.16
1609 0.25
1610 31.03
1611 25.35
1612 27.91
1613 13.48
1614 35.35
1615 9.46
1616 0.20
1617 8.30
1618 3.19
1619 2.27
1620 3.03
1621 3.53
1622 3.63
1623 3.09
1624 3.96
1625 1.58
1626 3.43
1627 4.72
1628 2.66
1629 4.89
1630 15.25
1631 11.88
1632 7.57
1633 0.32
1634 22.89
1635 9.07
1636 6.02
1637 31.51
1638 14.21
1639 13.02
1640 0.15
1641 6.07
1642 4.28
1643 3.01
1644 5.61
1645 4.04
1646 5.01
1647 2.98
1648 2.28
1649 1.69
1650 2.11
1651 3.00
1652 2.12
1653 7.17
1654 7.06
1655 13.28
1656 15.05
1657 0.43
1658 16.84
1659 4.23
1660 7.02
1661 2.63
1662 5.67
1663 5.02
1664 0.19
1665 11.37
1666 2.51
1667 3.05
1668 2.72
1669 1.15
1670 1.84
1671 1.71
1672 4.55
1673 2.51
1674 4.06
1675 7.28
1676 4.68
1677 3.90
1678 19.90
1679 12.70
1680 18.03
1681 0.17
1682 5.21
1683 10.84
1684 10.80
1685 34.95
1686 25.17
1687 19.64
1688 0.12
1689 0.72
1690 0.71
1691 0.82
1692 1.02
1693 2.21
1694 1.37
1695 1.74
1696 2.57
1697 2.11
1698 4.11
1699 2.47
1700 2.65
1701 9.31
1702 16.82
1703 41.22
1704 8.92
1705 0.19
1706 14.88
1707 7.38
1708 10.76
1709 17.68
1710 37.50
1711 18.98
1712 0.17
1713 8.94
1714 4.60
1715 2.65
1716 3.04
1717 2.42
1718 3.46
1719 4.56
1720 2.23
1721 3.41
1722 2.73
1723 3.66
1724 3.25
1725 12.52
1726 5.49
1727 13.04
1728 4.43
1729 0.15
1730 0.00
1731 0.00
1732 0.00
1733 2.51
1734 16.55
1735 3.45
1736 0.19
1737 6.27
1738 2.18
1739 2.34
1740 2.44
1741 2.61
1742 4.79
1743 4.19
1744 5.87
1745 6.13
1746 7.09
1747 4.26
1748 4.56
1749 7.31
1750 2.29
1751 11.03
1752 0.00
1753 0.38
1754 6.88
1755 8.70
1756 27.48
1757 19.46
1758 10.32
1759 10.53
1760 0.16
1761 11.14
1762 2.99
1763 2.64
1764 3.43
1765 3.83
1766 3.86
1767 4.08
1768 5.48
1769 5.56
1770 5.25
1771 5.55
1772 2.65
1773 4.85
1774 0.00
1775 4.67
1776 9.85
1777 0.18
1778 9.78
1779 11.80
1780 2.00
1781 0.99
1782 2.69
1783 7.72
1784 0.19
1785 1.89
1786 2.29
1787 3.05
1788 3.09
1789 3.57
1790 3.25
1791 3.34
1792 5.76
1793 2.31
1794 6.32
1795 4.63
1796 2.45
1797 5.36
1798 10.29
1799 40.00
1800 10.95
1801 0.12
1802 10.32
1803 13.93
1804 14.15
1805 7.22
1806 20.34
1807 0.00
1808 0.16
1809 3.88
1810 3.03
1811 2.59
1812 3.12
1813 3.00
1814 4.25
1815 3.45
1816 2.91
1817 2.20
1818 2.35
1819 2.31
1820 1.97
1821 4.55
1822 9.84
1823 29.61
1824 26.32
1825 0.27
1826 6.21
1827 6.82
1828 1.75
1829 1.00
1830 0.00
1831 2.85
1832 0.20
1833 1.09
1834 1.89
1835 0.65
1836 4.00
1837 1.28
1838 1.14
1839 1.51
1840 1.64
1841 2.05
1842 7.21
1843 7.70
1844 11.13
1845 3.30
1846 15.57
1847 10.64
1848 0.00
1849 0.04
1850 6.62
1851 16.00
1852 12.59
1853 0.44
1854 0.00
1855 10.76
1856 0.16
1857 4.00
1858 2.63
1859 2.48
1860 2.75
1861 2.90
1862 4.06
1863 2.36
1864 4.93
1865 5.46
1866 5.20
1867 6.22
1868 2.68
1869 6.13
1870 58.06
1871 9.13
1872 15.45
1873 0.08
1874 17.56
1875 20.34
1876 0.90
1877 8.08
1878 22.93
1879 5.24
1880 0.17
1881 6.13
1882 3.95
1883 2.39
1884 3.19
1885 3.11
1886 2.39
1887 2.73
1888 3.92
1889 2.52
1890 7.53
1891 3.41
1892 2.37
1893 5.83
1894 25.53
1895 9.31
1896 0.00
1897 0.12
1898 27.07
1899 24.16
1900 25.26
1901 0.00
1902 8.22
1903 1.18
1904 0.13
1905 4.96
1906 2.13
1907 2.61
1908 2.70
1909 3.28
1910 3.84
1911 3.00
1912 5.02
1913 6.81
1914 2.91
1915 3.41
1916 3.43
1917 5.20
1918 5.74
1919 24.66
1920 20.38
1921 0.04
1922 15.32
1923 2.54
1924 0.00
1925 48.65
1926 6.88
1927 7.16
1928 0.14
1929 5.97
1930 2.44
1931 1.77
1932 2.02
1933 2.48
1934 2.51
1935 3.65
1936 3.30
1937 5.84
1938 6.86
1939 4.00
1940 2.41
1941 9.65
1942 25.39
1943 2.54
1944 11.91
1945 0.20
1946 26.05
1947 3.67
1948 0.00
1949 0.00
1950 0.00
1951 4.75
1952 0.14
1953 8.37
1954 3.14
1955 1.71
1956 2.17
1957 3.08
1958 3.06
1959 3.12
1960 4.95
1961 4.57
1962 4.76
1963 3.20
1964 2.57
1965 5.02
1966 19.82
1967 12.76
1968 20.73
1969 0.12
1970 59.02
1971 4.95
1972 6.84
1973 24.16
1974 0.00
1975 3.14
1976 0.15
1977 4.32
1978 4.26
1979 3.29
1980 2.77
1981 4.44
1982 3.15
1983 1.97
1984 4.16
1985 4.85
1986 2.28
1987 2.06
1988 1.94
1989 4.95
1990 7.43
1991 17.88
1992 24.52
1993 0.24
1994 3.88
1995 30.51
1996 29.27
1997 2.20
1998 0.00
1999 12.04
2000 0.17
2001 0.71
2002 1.28
2003 0.69
2004 3.20
2005 4.10
2006 4.33
2007 11.69
2008 3.74
2009 8.74
2010 4.72
2011 11.53
2012 4.18
2013 8.84
2014 11.92
2015 0.00
2016 6.37
2017 0.17
2018 14.97
2019 0.00
2020 3.69
2021 53.73
2022 35.29
2023 0.00
2024 0.35
2025 10.57
2026 4.90
2027 1.09
2028 3.55
2029 3.29
2030 3.37
2031 3.24
2032 7.39
2033 5.49
2034 1.72
2035 5.00
2036 2.75
2037 9.53
2038 43.90
2039 0.00
2040 9.97
2041 0.04
2042 0.00
2043 0.00
2044 0.00
2045 0.00
2046 22.09
2047 7.21
2048 0.66
2049 4.72
2050 3.41
2051 2.16
2052 2.90
2053 3.36
2054 2.87
2055 3.32
2056 3.87
2057 5.55
2058 5.50
2059 4.75
2060 3.48
2061 6.95
2062 17.82
2063 0.00
2064 27.13
2065 0.04
2066 0.00
2067 0.00
2068 6.76
2069 0.00
2070 14.57
2071 2.22
2072 0.38
2073 6.57
2074 2.17
2075 1.88
2076 3.40
2077 2.39
2078 2.66
2079 3.58
2080 4.85
2081 4.85
2082 6.01
2083 4.36
2084 3.66
2085 7.66
2086 2.13
2087 0.00
2088 8.25
2089 0.17
2090 19.89
2091 0.00
2092 0.00
2093 5.35
2094 24.83
2095 9.97
2096 0.53
2097 6.85
2098 2.38
2099 2.54
2100 2.94
2101 2.08
2102 2.86
2103 3.24
2104 3.99
2105 4.82
2106 4.89
2107 5.04
2108 3.34
2109 7.62
2110 2.52
2111 6.57
2112 15.25
2113 0.16
2114 0.00
2115 0.00
2116 28.57
2117 0.00
2118 18.14
2119 4.69
2120 0.54
2121 3.95
2122 4.29
2123 2.31
2124 3.63
2125 3.05
2126 3.97
2127 3.36
2128 3.70
2129 4.21
2130 5.25
2131 4.24
2132 3.34
2133 3.49
2134 9.82
2135 6.93
2136 36.49
2137 0.20
2138 20.51
2139 5.84
2140 22.64
2141 0.00
2142 17.39
2143 6.20
2144 0.35
2145 1.64
2146 6.12
2147 3.72
2148 4.23
2149 3.03
2150 3.02
2151 2.03
2152 3.01
2153 3.41
2154 2.70
2155 2.89
2156 2.03
2157 3.11
2158 2.68
2159 36.73
2160 15.08
2161 0.23
2162 31.58
2163 18.48
2164 39.56
2165 0.00
2166 0.00
2167 5.73
2168 0.15
2169 8.25
2170 0.94
2171 4.49
2172 5.04
2173 3.36
2174 3.70
2175 3.51
2176 7.41
2177 10.88
2178 9.91
2179 12.00
2180 3.25
2181 1.07
2182 9.96
2183 8.28
2184 6.26
2185 0.12
2186 0.00
2187 25.17
2188 0.00
2189 17.14
2190 17.82
2191 27.69
2192 0.61
2193 5.81
2194 2.64
2195 2.37
2196 2.25
2197 2.18
2198 2.45
2199 2.60
2200 3.76
2201 3.08
2202 4.06
2203 3.62
2204 2.87
2205 11.47
2206 10.86
2207 4.59
2208 10.20
2209 0.04
2210 0.00
2211 0.00
2212 5.71
2213 0.00
2214 0.00
2215 7.73
2216 0.50
2217 3.22
2218 2.81
2219 2.42
2220 2.64
2221 2.81
2222 2.45
2223 3.06
2224 3.41
2225 3.12
2226 4.93
2227 3.07
2228 3.58
2229 6.05
2230 0.00
2231 6.74
2232 3.94
2233 0.08
2234 0.00
2235 0.00
2236 0.00
2237 0.00
2238 41.38
2239 2.16
2240 0.44
2241 6.69
2242 2.59
2243 3.02
2244 2.64
2245 2.08
2246 2.15
2247 3.03
2248 3.24
2249 3.53
2250 4.78
2251 3.59
2252 3.02
2253 7.46
2254 11.99
2255 2.31
2256 5.82
2257 0.12
2258 16.74
2259 0.00
2260 0.00
2261 29.27
2262 0.00
2263 9.52
2264 0.52
2265 4.48
2266 2.53
2267 2.73
2268 2.35
2269 2.78
2270 2.47
2271 3.41
2272 4.63
2273 4.59
2274 4.08
2275 3.79
2276 2.56
2277 4.90
2278 4.31
2279 4.29
2280 36.00
2281 0.18
2282 1.26
2283 14.52
2284 16.22
2285 0.00
2286 0.00
2287 13.95
2288 0.28
2289 1.69
2290 2.88
2291 1.39
2292 1.14
2293 1.64
2294 1.91
2295 2.50
2296 3.97
2297 1.94
2298 1.69
2299 2.14
2300 2.93
2301 5.55
2302 2.68
2303 0.61
2304 8.28
2305 0.22
2306 0.00
2307 0.00
2308 9.00
2309 0.00
2310 48.65
2311 6.22
2312 0.27
2313 5.37
2314 5.00
2315 2.60
2316 4.12
2317 1.78
2318 2.27
2319 3.97
2320 1.71
2321 4.05
2322 1.71
2323 2.39
2324 2.24
2325 4.33
2326 2.16
2327 12.98
2328 15.57
2329 0.16
2330 1.06
2331 5.91
2332 30.00
2333 46.75
2334 0.00
2335 24.83
2336 0.11
2337 24.00
2338 7.46
2339 1.68
2340 2.20
2341 1.67
2342 11.51
2343 1.03
2344 9.83
2345 2.78
2346 2.43
2347 12.08
2348 5.56
2349 10.61
2350 7.73
2351 5.08
2352 6.28
2353 0.15
2354 0.00
2355 0.00
2356 7.62
2357 19.15
2358 2.74
2359 5.00
2360 0.21
2361 1.60
2362 0.75
2363 1.47
2364 1.49
2365 1.07
2366 2.29
2367 1.48
2368 2.08
2369 3.13
2370 1.10
2371 2.39
2372 2.12
2373 3.85
2374 6.40
2375 1.14
2376 14.22
2377 0.08
2378 0.00
2379 0.00
2380 0.00
2381 48.00
2382 26.47
2383 10.02
2384 0.43
2385 6.34
2386 3.13
2387 1.99
2388 3.27
2389 2.96
2390 2.20
2391 2.93
2392 3.87
2393 4.83
2394 4.03
2395 3.69
2396 2.93
2397 7.11
2398 3.56
2399 22.83
2400 5.45
2401 0.08
2402 0.00
2403 0.00
2404 0.00
2405 8.67
2406 3.05
2407 2.39
2408 0.50
2409 3.44
2410 2.80
2411 3.02
2412 2.65
2413 2.62
2414 2.50
2415 2.40
2416 3.31
2417 3.57
2418 2.74
2419 3.72
2420 2.64
2421 8.05
2422 8.72
2423 3.14
2424 7.06
2425 0.20
2426 0.00
2427 12.04
2428 0.00
2429 0.00
2430 0.00
2431 32.43
2432 0.63
2433 3.98
2434 3.28
2435 2.54
2436 3.16
2437 2.59
2438 2.15
2439 3.50
2440 3.88
2441 3.44
2442 3.51
2443 2.79
2444 3.23
2445 6.22
2446 1.18
2447 5.66
2448 2.50
2449 0.22
2450 16.23
2451 4.97
2452 11.29
2453 0.00
2454 0.00
2455 4.79
2456 0.57
2457 6.34
2458 3.88
2459 2.43
2460 2.43
2461 2.54
2462 2.75
2463 2.50
2464 3.83
2465 3.63
2466 3.57
2467 3.01
2468 3.04
2469 5.67
2470 3.42
2471 3.14
2472 5.29
2473 0.19
2474 1.42
2475 0.68
2476 0.00
2477 0.00
2478 0.00
2479 4.33
2480 0.34
2481 4.07
2482 3.59
2483 5.26
2484 3.75
2485 5.40
2486 4.49
2487 4.60
2488 2.53
2489 2.66
2490 3.13
2491 2.50
2492 2.30
2493 6.12
2494 11.68
2495 2.55
2496 5.02
2497 0.13
2498 4.55
2499 48.00
2500 0.43
2501 0.00
2502 0.00
2503 3.29
2504 0.14
2505 20.75
2506 9.85
2507 0.90
2508 2.42
2509 1.90
2510 0.96
2511 1.17
2512 8.25
2513 2.07
2514 3.29
2515 4.43
2516 1.44
2517 9.83
2518 5.29
2519 1.97
2520 12.72
2521 0.20
2522 0.00
2523 0.00
2524 18.46
2525 25.17
2526 2.71
2527 5.83
2528 0.52
2529 3.39
2530 1.53
2531 1.97
2532 2.70
2533 2.46
2534 2.00
2535 2.64
2536 3.39
2537 2.42
2538 2.64
2539 3.38
2540 4.42
2541 8.82
2542 41.86
2543 10.13
2544 28.12
2545 0.04
2546 1.71
2547 0.00
2548 0.00
2549 0.00
2550 0.00
2551 12.66
2552 0.48
2553 4.93
2554 2.37
2555 2.28
2556 2.20
2557 2.97
2558 2.58
2559 2.70
2560 2.52
2561 2.30
2562 2.88
2563 2.63
2564 2.51
2565 6.41
2566 5.50
2567 6.72
2568 0.00
2569 0.04
2570 0.00
2571 0.00
2572 0.00
2573 0.00
2574 50.00
2575 12.97
2576 0.48
2577 2.41
2578 2.18
2579 2.34
2580 2.55
2581 2.23
2582 2.56
2583 2.12
2584 3.19
2585 2.70
2586 3.24
2587 3.10
2588 2.87
2589 6.24
2590 13.46
2591 7.99
2592 5.48
2593 0.11
2594 0.00
2595 13.69
2596 0.00
2597 42.60
2598 0.00
2599 10.07
2600 0.73
2601 2.04
2602 1.56
2603 2.59
2604 2.21
2605 2.10
2606 3.99
2607 1.57
2608 3.42
2609 3.09
2610 3.67
2611 3.05
2612 3.30
2613 5.08
2614 3.14
2615 12.37
2616 0.00
2617 0.12
2618 4.91
2619 23.08
2620 0.00
2621 17.65
2622 58.06
2623 14.90
2624 0.58
2625 2.57
2626 2.80
2627 2.70
2628 2.28
2629 2.67
2630 2.71
2631 2.55
2632 3.33
2633 3.62
2634 3.40
2635 2.63
2636 2.77
2637 3.43
2638 11.09
2639 1.00
2640 4.34
2641 0.26
2642 15.45
2643 16.14
2644 4.32
2645 0.00
2646 9.41
2647 10.24
2648 0.49
2649 3.93
2650 2.23
2651 3.56
2652 4.18
2653 4.61
2654 5.11
2655 5.56
2656 4.16
2657 3.50
2658 9.53
2659 2.20
2660 2.15
2661 4.06
2662 5.08
2663 11.61
2664 7.24
2665 0.16
2666 0.00
2667 0.00
2668 16.44
2669 39.56
2670 27.17
2671 2.76
2672 0.17
2673 8.33
2674 1.80
2675 1.77
2676 2.11
2677 1.66
2678 1.24
2679 1.78
2680 4.30
2681 3.46
2682 2.73
2683 5.93
2684 10.79
2685 6.79
2686 19.72
2687 7.05
2688 6.00
2689 0.08
2690 7.29
2691 0.00
2692 28.35
2693 0.00
2694 12.06
2695 11.10
2696 0.65
2697 4.11
2698 2.55
2699 3.16
2700 2.53
2701 2.38
2702 2.43
2703 2.55
2704 2.74
2705 4.12
2706 5.39
2707 3.52
2708 3.79
2709 7.81
2710 0.73
2711 0.00
2712 0.00
2713 0.08
2714 3.17
2715 0.00
2716 0.00
2717 0.00
2718 0.00
2719 29.07
2720 0.55
2721 4.61
2722 2.45
2723 2.47
2724 2.56
2725 2.65
2726 2.63
2727 2.90
2728 3.56
2729 3.57
2730 3.32
2731 3.99
2732 3.12
2733 4.39
2734 24.00
2735 54.82
2736 2.65
2737 0.19
2738 19.46
2739 14.17
2740 2.71
2741 0.00
2742 0.00
2743 17.73
2744 0.17
2745 1.18
2746 0.95
2747 1.04
2748 2.22
2749 1.23
2750 1.45
2751 1.45
2752 1.79
2753 1.38
2754 0.95
2755 2.07
2756 1.91
2757 9.03
2758 0.77
2759 0.00
2760 1.50
2761 0.04
2762 0.00
2763 12.52
2764 0.00
2765 0.00
2766 0.00
2767 3.27
2768 0.62
2769 2.30
2770 2.36
2771 2.12
2772 2.12
2773 2.20
2774 2.00
2775 2.88
2776 2.98
2777 2.39
2778 2.77
2779 3.27
2780 2.69
2781 7.29
2782 1.96
2783 9.06
2784 9.23
2785 0.45
2786 10.60
2787 4.25
2788 21.56
2789 48.65
2790 0.00
2791 6.86
2792 0.80
2793 3.78
2794 2.80
2795 4.02
2796 2.78
2797 2.17
2798 2.52
2799 2.76
2800 3.37
2801 2.52
2802 3.62
2803 2.39
2804 3.07
2805 5.31
2806 0.00
2807 6.99
2808 7.64
2809 0.07
2810 0.00
2811 0.00
2812 11.84
2813 0.00
2814 4.72
2815 13.82
2816 0.52
2817 2.77
2818 2.87
2819 2.29
2820 2.03
2821 3.21
2822 4.42
2823 2.98
2824 2.81
2825 6.34
2826 1.96
2827 1.93
2828 2.24
2829 4.73
2830 2.13
2831 15.45
2832 14.81
2833 0.18
2834 8.90
2835 0.00
2836 1.64
2837 0.50
2838 40.00
2839 41.38
2840 0.17
2841 0.66
2842 2.14
2843 2.29
2844 1.49
2845 1.65
2846 1.27
2847 2.28
2848 1.38
2849 2.03
2850 2.82
2851 10.85
2852 15.17
2853 5.17
2854 7.57
2855 3.19
2856 3.46
2857 0.17
2858 6.13
2859 0.00
2860 0.00
2861 0.67
2862 9.02
2863 4.92
2864 1.06
2865 2.42
2866 1.84
2867 2.46
2868 2.32
2869 1.82
2870 2.46
2871 2.57
2872 3.08
2873 2.88
2874 3.59
2875 3.31
2876 2.73
2877 8.27
2878 6.77
2879 0.00
2880 42.86
2881 0.08
2882 0.00
2883 18.00
2884 0.00
2885 0.00
2886 28.35
2887 28.80
2888 0.68
2889 3.95
2890 2.17
2891 2.19
2892 2.58
2893 2.29
2894 2.72
2895 2.79
2896 3.33
2897 2.71
2898 3.48
2899 3.31
2900 3.86
2901 4.53
2902 12.35
2903 5.38
2904 9.46
2905 0.11
2906 0.00
2907 0.00
2908 0.00
2909 10.29
2910 33.80
2911 17.14
2912 0.53
2913 4.95
2914 3.65
2915 2.03
2916 2.54
2917 2.14
2918 2.04
2919 2.45
2920 3.83
2921 3.54
2922 3.92
2923 2.70
2924 2.73
2925 6.23
2926 1.78
2927 0.00
2928 0.00
2929 0.12
2930 0.00
2931 0.00
2932 0.00
2933 10.47
2934 0.00
2935 22.64
2936 0.64
2937 3.05
2938 2.31
2939 1.57
2940 1.97
2941 1.96
2942 2.42
2943 3.31
2944 2.68
2945 2.31
2946 2.45
2947 2.36
2948 2.41
2949 6.10
2950 2.75
2951 0.00
2952 2.36
2953 0.13
2954 0.00
2955 7.81
2956 13.53
2957 0.00
2958 13.03
2959 4.17
2960 0.61
2961 3.82
2962 2.12
2963 2.55
2964 2.53
2965 2.04
2966 2.06
2967 2.58
2968 3.24
2969 2.92
2970 3.00
2971 3.55
2972 2.32
2973 6.09
2974 22.26
2975 5.93
2976 12.62
2977 0.18
2978 0.00
2979 14.63
2980 21.62
2981 18.27
2982 12.29
2983 5.35
2984 0.46
2985 5.25
2986 2.10
2987 6.50
2988 3.16
2989 2.76
2990 3.18
2991 2.37
2992 2.08
2993 3.79
2994 2.03
2995 2.67
2996 2.23
2997 5.23
2998 8.68
2999 2.78
3000 6.61
3001 0.27
3002 11.45
3003 50.70
3004 25.44
3005 0.00
3006 38.50
3007 2.59
3008 0.16
3009 3.48
3010 1.80
3011 2.36
3012 1.83
3013 1.34
3014 1.72
3015 1.16
3016 1.68
3017 1.87
3018 9.72
3019 9.29
3020 2.30
3021 11.73
3022 13.81
3023 7.67
3024 5.30
3025 0.14
3026 0.00
3027 0.00
3028 0.00
3029 0.00
3030 0.00
3031 8.41
3032 0.62
3033 3.58
3034 1.70
3035 1.77
3036 2.87
3037 2.16
3038 2.93
3039 2.42
3040 2.46
3041 3.71
3042 2.26
3043 2.81
3044 3.18
3045 11.55
3046 0.61
3047 8.89
3048 22.86
3049 0.08
3050 0.00
3051 0.00
3052 13.90
3053 0.00
3054 36.73
3055 10.59
3056 0.51
3057 5.52
3058 2.81
3059 2.63
3060 2.81
3061 2.18
3062 2.37
3063 3.58
3064 2.82
3065 2.44
3066 3.41
3067 2.79
3068 3.16
3069 7.29
3070 3.64
3071 36.36
3072 49.32
3073 0.12
3074 0.00
3075 0.00
3076 0.00
3077 25.26
3078 0.00
3079 1.98
3080 0.65
3081 3.70
3082 2.29
3083 2.24
3084 3.16
3085 2.89
3086 2.39
3087 2.86
3088 4.11
3089 2.82
3090 2.92
3091 2.44
3092 2.73
3093 3.41
3094 1.25
3095 2.84
3096 34.18
3097 0.14
3098 1.93
3099 0.00
3100 55.38
3101 16.29
3102 0.00
3103 11.20
3104 0.67
3105 2.97
3106 3.01
3107 2.05
3108 1.77
3109 1.82
3110 2.27
3111 2.80
3112 2.93
3113 2.98
3114 3.00
3115 2.89
3116 3.15
3117 5.03
3118 22.22
3119 19.25
3120 4.95
3121 0.17
3122 8.73
3123 15.37
3124 30.59
3125 15.45
3126 2.89
3127 12.34
3128 0.63
3129 3.16
3130 2.64
3131 2.54
3132 2.45
3133 1.98
3134 2.57
3135 3.26
3136 3.07
3137 3.59
3138 3.08
3139 3.10
3140 2.63
3141 5.53
3142 9.15
3143 9.07
3144 4.29
3145 0.13
3146 45.57
3147 0.00
3148 42.35
3149 16.29
3150 16.93
3151 11.76
3152 0.35
3153 2.44
3154 3.02
3155 3.64
3156 4.12
3157 4.34
3158 2.50
3159 3.30
3160 3.86
3161 2.20
3162 2.70
3163 2.13
3164 1.54
3165 2.45
3166 2.63
3167 0.74
3168 12.24
3169 0.15
3170 0.00
3171 44.44
3172 9.08
3173 5.80
3174 1.67
3175 2.10
3176 0.16
3177 5.04
3178 1.78
3179 1.54
3180 2.84
3181 3.19
3182 1.35
3183 1.74
3184 1.85
3185 2.28
3186 3.45
3187 4.46
3188 2.05
3189 3.94
3190 35.88
3191 29.51
3192 13.48
3193 0.16
3194 5.75
3195 0.00
3196 0.00
3197 16.22
3198 0.00
3199 5.74
3200 0.46
3201 2.63
3202 1.65
3203 2.02
3204 2.42
3205 2.73
3206 2.64
3207 3.40
3208 2.72
3209 2.71
3210 3.39
3211 3.03
3212 1.85
3213 6.99
3214 1.19
3215 28.12
3216 5.09
3217 0.04
3218 5.92
3219 0.00
3220 0.00
3221 0.00
3222 0.00
3223 16.11
3224 0.72
3225 3.97
3226 2.52
3227 2.48
3228 2.72
3229 2.32
3230 2.53
3231 2.94
3232 2.64
3233 2.88
3234 3.68
3235 3.40
3236 3.00
3237 5.14
3238 3.78
3239 0.00
3240 9.81
3241 0.07
3242 0.00
3243 0.00
3244 0.00
3245 18.65
3246 3.83
3247 37.50
3248 0.81
3249 2.59
3250 1.84
3251 2.41
3252 2.04
3253 2.76
3254 2.88
3255 2.16
3256 2.79
3257 2.45
3258 2.63
3259 2.72
3260 3.01
3261 8.45
3262 6.34
3263 1.00
3264 45.57
3265 0.08
3266 9.42
3267 29.15
3268 32.29
3269 0.00
3270 1.67
3271 23.23
3272 0.84
3273 5.13
3274 2.17
3275 2.02
3276 2.66
3277 2.09
3278 2.28
3279 2.64
3280 3.33
3281 2.57
3282 2.60
3283 3.15
3284 3.15
3285 4.81
3286 11.27
3287 5.52
3288 0.00
3289 0.07
3290 0.00
3291 0.00
3292 0.00
3293 19.67
3294 0.00
3295 21.34
3296 0.88
3297 2.42
3298 2.48
3299 2.73
3300 2.05
3301 3.25
3302 2.34
3303 3.29
3304 4.00
3305 3.13
3306 2.90
3307 3.16
3308 2.51
3309 5.07
3310 8.34
3311 5.00
3312 8.12
3313 0.08
3314 5.19
3315 0.00
3316 1.70
3317 15.58
3318 0.00
3319 6.57
3320 0.57
3321 2.24
3322 1.96
3323 2.84
3324 3.14
3325 3.40
3326 2.63
3327 4.60
3328 3.75
3329 4.66
3330 2.42
3331 2.04
3332 1.84
3333 5.34
3334 4.45
3335 3.56
3336 10.11
3337 0.22
3338 0.00
3339 0.00
3340 28.12
3341 0.00
3342 0.00
3343 3.78
3344 0.23
3345 3.34
3346 4.98
3347 1.17
3348 1.36
3349 2.19
3350 1.89
3351 3.59
3352 3.23
3353 2.39
3354 2.78
3355 7.56
3356 8.50
3357 3.70
3358 12.86
3359 8.93
3360 3.15
3361 0.12
3362 0.00
3363 0.00
3364 0.00
3365 0.00
3366 0.00
3367 15.24
3368 0.79
3369 1.94
3370 2.30
3371 2.21
3372 2.88
3373 2.31
3374 2.41
3375 2.64
3376 3.42
3377 2.85
3378 2.46
3379 2.89
3380 3.80
3381 7.30
3382 3.98
3383 0.00
3384 0.00
3385 0.04
3386 0.00
3387 0.00
3388 0.00
3389 19.46
3390 0.00
3391 6.17
3392 0.68
3393 3.63
3394 3.58
3395 1.97
3396 2.67
3397 2.68
3398 2.92
3399 2.21
3400 3.48
3401 2.74
3402 2.70
3403 3.37
3404 2.74
3405 5.34
3406 17.91
3407 0.00
3408 0.00
3409 0.04
3410 0.00
3411 0.00
3412 15.32
3413 0.00
3414 0.00
3415 2.35
3416 0.84
3417 3.77
3418 2.10
3419 2.87
3420 2.78
3421 2.96
3422 2.92
3423 3.03
3424 3.12
3425 2.24
3426 3.25
3427 2.84
3428 2.69
3429 5.09
3430 7.87
3431 0.00
3432 0.00
3433 0.08
3434 0.00
3435 0.00
3436 21.18
3437 0.00
3438 30.34
3439 0.00
3440 0.86
3441 4.70
3442 2.77
3443 2.02
3444 2.94
3445 2.58
3446 2.22
3447 2.56
3448 2.98
3449 2.56
3450 2.48
3451 3.35
3452 3.43
3453 6.51
3454 17.48
3455 0.00
3456 19.54
3457 0.08
3458 0.00
3459 0.00
3460 19.89
3461 0.00
3462 48.65
3463 16.24
3464 0.66
3465 3.61
3466 3.79
3467 3.06
3468 3.06
3469 2.39
3470 3.31
3471 2.77
3472 3.62
3473 3.58
3474 2.33
3475 3.35
3476 2.31
3477 3.10
3478 1.97
3479 0.00
3480 5.33
3481 0.12
3482 41.86
3483 49.32
3484 11.34
3485 0.00
3486 0.00
3487 12.60
3488 0.50
3489 1.95
3490 3.14
3491 2.50
3492 3.11
3493 3.91
3494 2.91
3495 4.76
3496 5.49
3497 2.75
3498 1.82
3499 2.60
3500 1.87
3501 5.32
3502 1.41
3503 0.77
3504 5.11
3505 0.16
3506 0.43
3507 23.68
3508 1.02
3509 0.00
3510 10.51
3511 12.86
3512 0.20
3513 1.47
3514 1.04
3515 1.26
3516 0.90
3517 3.31
3518 1.36
3519 1.29
3520 4.85
3521 1.58
3522 2.92
3523 9.21
3524 5.92
3525 0.00
3526 46.75
3527 7.10
3528 9.80
3529 0.04
3530 0.00
3531 14.57
3532 0.00
3533 0.00
3534 0.00
3535 20.45
3536 0.91
3537 4.38
3538 2.20
3539 2.90
3540 2.80
3541 2.46
3542 2.40
3543 3.41
3544 4.81
3545 4.38
3546 2.90
3547 3.39
3548 3.88
3549 11.30
3550 0.00
3551 0.00
3552 4.84
3553 0.04
3554 12.46
3555 0.00
3556 27.48
3557 0.00
3558 13.33
3559 1.92
3560 0.68
3561 3.40
3562 2.26
3563 2.10
3564 2.57
3565 3.32
3566 2.17
3567 2.68
3568 3.47
3569 2.59
3570 3.11
3571 4.22
3572 4.29
3573 5.94
3574 0.00
3575 0.00
3576 53.73
3577 0.04
3578 0.00
3579 0.00
3580 0.00
3581 0.00
3582 41.38
3583 42.35
3584 0.80
3585 3.81
3586 3.08
3587 2.80
3588 2.55
3589 2.99
3590 2.86
3591 2.53
3592 2.78
3593 2.49
3594 2.18
3595 2.89
3596 2.89
3597 9.01
3598 3.82
3599 0.56
3600 48.65
3601 0.12
3602 12.81
3603 0.00
3604 0.00
3605 0.00
3606 0.00
3607 14.97
3608 0.83
3609 5.12
3610 3.44
3611 1.96
3612 2.36
3613 2.28
3614 2.20
3615 3.14
3616 3.43
3617 3.85
3618 2.29
3619 3.03
3620 3.57
3621 5.40
3622 2.71
3623 12.46
3624 10.50
3625 0.04
3626 0.00
3627 0.00
3628 0.00
3629 11.21
3630 0.00
3631 48.65
3632 0.88
3633 4.43
3634 3.19
3635 2.59
3636 3.16
3637 2.21
3638 2.96
3639 3.38
3640 4.47
3641 2.37
3642 3.14
3643 2.94
3644 2.28
3645 5.05
3646 1.74
3647 6.85
3648 11.97
3649 0.10
3650 9.29
3651 0.00
3652 28.57
3653 0.00
3654 0.00
3655 0.00
3656 0.44
3657 2.06
3658 1.83
3659 2.24
3660 2.78
3661 2.49
3662 2.70
3663 2.59
3664 2.04
3665 2.47
3666 3.40
3667 2.27
3668 2.35
3669 9.28
3670 0.62
3671 6.84
3672 57.14
3673 0.16
3674 2.66
3675 6.99
3676 16.90
3677 0.00
3678 10.11
3679 4.88
3680 0.18
3681 6.78
3682 2.36
3683 5.98
3684 0.60
3685 1.86
3686 1.08
3687 1.53
3688 1.59
3689 4.55
3690 2.71
3691 6.67
3692 1.57
3693 0.68
3694 24.74
3695 0.00
3696 8.43
3697 0.21
3698 0.00
3699 19.67
3700 0.00
3701 0.00
3702 28.24
3703 23.56
3704 1.23
3705 3.28
3706 1.32
3707 2.03
3708 2.28
3709 1.97
3710 3.21
3711 2.58
3712 3.31
3713 3.15
3714 3.12
3715 4.31
3716 4.12
3717 8.25
3718 12.68
3719 4.74
3720 40.45
3721 0.04
3722 0.00
3723 0.00
3724 0.00
3725 0.00
3726 17.69
3727 2.06
3728 0.86
3729 3.38
3730 2.47
3731 2.34
3732 2.70
3733 2.24
3734 3.66
3735 2.83
3736 3.83
3737 3.51
3738 2.44
3739 3.06
3740 3.97
3741 9.19
3742 0.00
3743 0.00
3744 0.00
3745 0.12
3746 0.00
3747 0.47
3748 0.00
3749 8.70
3750 1.64
3751 50.70
3752 0.74
3753 4.44
3754 2.29
3755 2.41
3756 2.10
3757 2.62
3758 2.49
3759 2.69
3760 3.32
3761 4.44
3762 2.35
3763 3.01
3764 3.06
3765 7.46
3766 19.67
3767 0.00
3768 9.27
3769 0.04
3770 0.00
3771 0.00
3772 0.00
3773 0.00
3774 1.89
3775 4.51
3776 0.95
3777 3.52
3778 2.02
3779 2.04
3780 2.25
3781 2.54
3782 2.22
3783 3.67
3784 4.27
3785 3.13
3786 3.03
3787 2.95
3788 3.17
3789 6.60
3790 15.65
3791 8.15
3792 14.88
3793 0.04
3794 0.00
3795 13.33
3796 0.00
3797 0.00
3798 16.29
3799 21.43
3800 0.79
3801 4.69
3802 2.64
3803 3.56
3804 2.68
3805 3.49
3806 2.35
3807 3.47
3808 3.50
3809 3.83
3810 2.89
3811 2.53
3812 2.29
3813 4.98
3814 2.51
3815 2.23
3816 15.61
3817 0.10
3818 0.00
3819 6.64
3820 0.00
3821 50.70
3822 0.00
3823 35.64
3824 0.35
3825 8.90
3826 11.86
3827 4.18
3828 3.88
3829 3.05
3830 3.56
3831 3.89
3832 3.66
3833 2.73
3834 2.08
3835 2.65
3836 2.11
3837 5.58
3838 2.73
3839 21.10
3840 10.91
3841 0.12
3842 0.00
3843 52.94
3844 1.65
3845 21.82
3846 3.71
3847 9.92
3848 0.13
3849 4.49
3850 2.45
3851 0.73
3852 1.08
3853 1.41
3854 0.91
3855 1.15
3856 1.95
3857 1.33
3858 2.13
3859 1.44
3860 4.96
3861 1.65
3862 1.77
3863 0.00
3864 2.50
3865 0.14
3866 2.97
3867 3.45
3868 0.00
3869 8.99
3870 0.00
3871 34.95
3872 0.23
3873 0.49
3874 0.47
3875 0.83
3876 1.08
3877 1.14
3878 1.79
3879 2.27
3880 2.37
3881 1.70
3882 1.05
3883 2.91
3884 2.54
3885 7.57
3886 0.00
3887 20.40
3888 0.00
3889 0.08
3890 0.00
3891 46.15
3892 0.00
3893 0.00
3894 15.19
3895 17.94
3896 0.76
3897 5.66
3898 2.46
3899 2.92
3900 2.82
3901 2.10
3902 2.89
3903 2.37
3904 3.82
3905 3.57
3906 3.24
3907 2.74
3908 3.00
3909 4.69
3910 0.00
3911 0.00
3912 0.00
3913 0.08
3914 0.00
3915 0.00
3916 0.64
3917 9.30
3918 0.00
3919 2.34
3920 0.65
3921 3.54
3922 2.02
3923 2.01
3924 2.83
3925 2.15
3926 2.62
3927 2.76
3928 4.78
3929 2.77
3930 2.50
3931 3.68
3932 3.23
3933 3.72
3934 0.00
3935 7.73
3936 0.00
3937 0.12
3938 0.00
3939 0.00
3940 0.00
3941 0.00
3942 0.00
3943 12.46
3944 0.69
3945 5.86
3946 2.23
3947 2.55
3948 2.86
3949 2.88
3950 3.53
3951 2.77
3952 3.22
3953 2.68
3954 2.15
3955 3.22
3956 3.39
3957 7.33
3958 1.25
3959 3.80
3960 2.78
3961 0.11
3962 12.29
3963 0.00
3964 0.00
3965 3.68
3966 22.18
3967 8.34
3968 0.68
3969 2.68
3970 2.57
3971 2.67
3972 3.01
3973 3.15
3974 3.31
3975 2.54
3976 3.37
3977 3.23
3978 2.83
3979 3.35
3980 2.43
3981 2.90
3982 3.75
3983 48.65
3984 36.14
3985 0.12
3986 0.00
3987 2.46
3988 0.00
3989 3.10
3990 6.32
3991 0.00
3992 0.43
3993 3.02
3994 2.28
3995 2.99
3996 2.87
3997 5.37
3998 2.62
3999 3.23
4000 2.56
4001 2.38
4002 2.38
4003 2.62
4004 2.31
4005 6.21
4006 2.14
4007 18.71
4008 4.59
4009 0.32
4010 6.72
4011 58.06
4012 29.75
4013 0.00
4014 14.57
4015 27.27
4016 0.22
4017 3.85
4018 0.63
4019 1.12
4020 0.87
4021 0.91
4022 0.87
4023 0.84
4024 2.12
4025 2.37
4026 3.82
4027 5.31
4028 6.81
4029 4.45
4030 0.00
4031 7.12
4032 9.72
4033 0.16
4034 0.00
4035 0.68
4036 0.00
4037 0.00
4038 5.43
4039 7.60
4040 0.64
4041 3.85
4042 1.66
4043 1.97
4044 2.73
4045 2.62
4046 2.10
4047 3.27
4048 3.16
4049 2.42
4050 4.10
4051 2.98
4052 2.50
4053 7.06
4054 0.00
4055 2.74
4056 2.87
4057 0.04
4058 0.00
4059 1.82
4060 0.00
4061 0.00
4062 35.64
4063 11.21
4064 0.59
4065 4.19
4066 3.32
4067 2.69
4068 2.02
4069 2.30
4070 3.05
4071 2.64
4072 3.75
4073 2.74
4074 3.21
4075 2.67
4076 4.92
4077 10.70
4078 28.57
4079 19.05
4080 0.00
4081 0.04
4082 15.58
4083 0.00
4084 0.00
4085 0.00
4086 9.42
4087 2.23
4088 0.62
4089 4.99
4090 2.06
4091 1.90
4092 2.76
4093 2.34
4094 1.69
4095 2.66
4096 3.73
4097 2.96
4098 3.31
4099 2.92
4100 3.40
4101 13.32
4102 1.62
4103 0.00
4104 6.63
4105 0.04
4106 0.00
4107 0.00
4108 0.00
4109 0.00
4110 6.13
4111 7.52
4112 0.83
4113 2.85
4114 2.28
4115 2.13
4116 2.48
4117 2.29
4118 2.48
4119 3.00
4120 2.80
4121 2.80
4122 3.56
4123 3.88
4124 4.26
4125 7.26
4126 14.36
4127 5.54
4128 50.70
4129 0.16
4130 0.00
4131 0.00
4132 15.52
4133 18.46
4134 6.82
4135 2.68
4136 0.68
4137 2.85
4138 2.71
4139 2.85
4140 2.91
4141 2.60
4142 2.27
4143 2.72
4144 3.83
4145 2.53
4146 2.85
4147 2.62
4148 2.71
4149 6.60
4150 23.72
4151 19.00
4152 0.00
4153 0.21
4154 9.52
4155 0.00
4156 0.00
4157 0.00
4158 0.00
4159 10.98
4160 0.41
4161 2.48
4162 2.33
4163 2.69
4164 3.28
4165 1.93
4166 2.36
4167 5.32
4168 2.26
4169 2.97
4170 3.01
4171 1.75
4172 2.55
4173 5.36
4174 3.94
4175 1.82
4176 19.29
4177 0.19
4178 6.62
4179 8.77
4180 0.00
4181 0.00
4182 10.99
4183 2.74
4184 0.20
4185 0.48
4186 1.29
4187 1.19
4188 1.50
4189 1.04
4190 1.44
4191 1.74
4192 2.85
4193 1.84
4194 2.25
4195 1.75
4196 5.89
4197 1.27
4198 16.46
4199 10.47
4200 14.97
4201 0.04
4202 39.56
4203 0.00
4204 10.65
4205 0.00
4206 8.31
4207 15.94
4208 0.50
4209 3.90
4210 2.89
4211 1.83
4212 3.04
4213 3.32
4214 2.36
4215 2.85
4216 2.84
4217 5.02
4218 3.08
4219 3.04
4220 3.54
4221 7.70
4222 10.40
4223 48.00
4224 6.70
4225 0.16
4226 0.00
4227 0.00
4228 0.00
4229 0.00
4230 29.75
4231 10.24
4232 0.64
4233 5.57
4234 2.67
4235 2.78
4236 2.30
4237 2.35
4238 2.58
4239 2.41
4240 3.61
4241 2.65
4242 3.09
4243 3.13
4244 4.10
4245 6.72
4246 11.39
4247 11.90
4248 0.00
4249 0.15
4250 0.00
4251 0.00
4252 55.38
4253 5.60
4254 11.80
4255 1.31
4256 0.60
4257 3.81
4258 2.04
4259 2.50
4260 2.81
4261 2.47
4262 2.39
4263 2.61
4264 2.71
4265 4.16
4266 3.54
4267 3.45
4268 3.86
4269 8.56
4270 7.28
4271 6.53
4272 11.75
4273 0.16
4274 0.00
4275 21.95
4276 0.00
4277 0.00
4278 22.55
4279 34.55
4280 0.56
4281 3.27
4282 2.45
4283 2.43
4284 3.17
4285 2.59
4286 2.40
4287 2.34
4288 3.52
4289 2.97
4290 2.57
4291 2.90
4292 3.35
4293 6.26
4294 5.46
4295 10.59
4296 20.57
4297 0.04
4298 5.90
4299 42.69
4300 19.11
4301 0.00
4302 1.23
4303 5.94
4304 0.65
4305 2.83
4306 2.13
4307 3.19
4308 2.10
4309 2.20
4310 2.71
4311 2.74
4312 3.69
4313 3.22
4314 3.32
4315 3.64
4316 2.84
4317 6.64
4318 8.62
4319 9.41
4320 8.58
4321 0.07
4322 0.00
4323 11.48
4324 0.00
4325 0.00
4326 27.07
4327 17.65
4328 0.58
4329 4.37
4330 3.08
4331 5.40
4332 2.27
4333 4.17
4334 7.04
4335 4.49
4336 2.22
4337 3.04
4338 1.83
4339 2.44
4340 1.90
4341 3.98
4342 9.84
4343 38.78
4344 6.98
4345 0.14
4346 0.00
4347 0.00
4348 0.00
4349 0.00
4350 40.00
4351 14.23
4352 0.12
4353 17.87
4354 3.40
4355 0.87
4356 1.64
4357 1.14
4358 1.02
4359 2.09
4360 1.89
4361 1.29
4362 3.70
4363 3.82
4364 2.01
4365 7.83
4366 7.84
4367 11.32
4368 16.00
4369 0.04
4370 0.00
4371 25.71
4372 12.68
4373 40.00
4374 49.32
4375 9.20
4376 0.46
4377 3.86
4378 1.98
4379 1.93
4380 2.38
4381 2.48
4382 2.72
4383 2.89
4384 3.23
4385 4.78
4386 2.75
4387 3.58
4388 2.86
4389 10.30
4390 4.18
4391 8.65
4392 31.58
4393 0.08
4394 0.00
4395 13.33
4396 0.00
4397 0.00
4398 22.18
4399 13.69
4400 0.71
4401 4.12
4402 2.34
4403 2.72
4404 2.93
4405 2.47
4406 2.93
4407 2.76
4408 3.50
4409 3.04
4410 3.86
4411 3.15
4412 2.97
4413 6.67
4414 7.37
4415 1.95
4416 17.39
4417 0.08
4418 0.00
4419 0.00
4420 0.00
4421 9.38
4422 0.00
4423 4.71
4424 0.61
4425 4.04
4426 2.46
4427 3.08
4428 2.36
4429 1.84
4430 2.23
4431 2.75
4432 3.92
4433 3.49
4434 3.67
4435 2.35
4436 3.78
4437 9.97
4438 11.51
4439 4.36
4440 40.45
4441 0.16
4442 0.00
4443 0.00
4444 0.00
4445 0.00
4446 25.35
4447 26.82
4448 0.77
4449 2.72
4450 3.08
4451 2.76
4452 2.48
4453 2.96
4454 3.15
4455 2.78
4456 3.15
4457 4.34
4458 3.16
4459 3.31
4460 3.24
4461 7.57
4462 9.45
4463 9.08
4464 33.64
4465 0.11
4466 13.03
4467 25.53
4468 0.00
4469 0.00
4470 21.82
4471 5.91
4472 0.65
4473 5.33
4474 2.54
4475 2.43
4476 3.22
4477 3.10
4478 2.62
4479 3.29
4480 4.35
4481 3.37
4482 3.05
4483 3.88
4484 2.50
4485 8.06
4486 9.30
4487 8.82
4488 7.91
4489 0.16
4490 2.14
4491 27.59
4492 24.30
4493 13.82
4494 6.50
4495 11.43
4496 0.50
4497 7.64
4498 1.91
4499 2.72
4500 7.61
4501 2.20
4502 3.46
4503 3.25
4504 3.09
4505 2.01
4506 2.58
4507 2.35
4508 2.02
4509 5.61
4510 42.73
4511 12.46
4512 17.58
4513 0.08
4514 33.64
4515 8.20
4516 15.52
4517 39.13
4518 0.00
4519 7.28
4520 0.19
4521 0.00
4522 2.77
4523 1.49
4524 1.23
4525 1.93
4526 2.17
4527 0.85
4528 1.69
4529 1.25
4530 2.58
4531 4.08
4532 26.67
4533 6.39
4534 7.45
4535 16.80
4536 0.00
4537 0.14
4538 0.00
4539 0.00
4540 0.00
4541 0.00
4542 3.66
4543 2.67
4544 0.97
4545 4.02
4546 2.12
4547 2.85
4548 3.12
4549 2.64
4550 2.39
4551 2.46
4552 2.54
4553 3.28
4554 2.83
4555 2.92
4556 2.53
4557 6.58
4558 4.68
4559 0.00
4560 0.00
4561 0.15
4562 0.00
4563 0.00
4564 0.00
4565 0.00
4566 20.93
4567 6.28
4568 0.72
4569 5.90
4570 3.20
4571 2.69
4572 2.67
4573 3.45
4574 2.55
4575 2.84
4576 3.14
4577 2.99
4578 3.87
4579 3.56
4580 2.76
4581 5.96
4582 12.74
4583 0.00
4584 22.09
4585 0.06
4586 0.00
4587 0.00
4588 0.00
4589 0.00
4590 0.00
4591 20.49
4592 0.93
4593 5.83
4594 2.81
4595 2.17
4596 3.13
4597 2.74
4598 2.59
4599 3.41
4600 2.50
4601 3.57
4602 3.11
4603 2.73
4604 3.38
4605 9.00
4606 4.10
4607 1.91
4608 59.02
4609 0.10
4610 0.00
4611 10.67
4612 0.00
4613 0.00
4614 1.58
4615 7.41
4616 0.67
4617 5.04
4618 2.28
4619 2.49
4620 2.88
4621 2.57
4622 3.36
4623 2.69
4624 3.85
4625 2.98
4626 2.90
4627 3.89
4628 3.13
4629 8.29
4630 9.52
4631 0.00
4632 8.09
4633 0.18
4634 43.37
4635 24.35
4636 22.83
4637 0.00
4638 23.08
4639 20.81
4640 0.66
4641 4.76
4642 2.09
4643 3.12
4644 3.41
4645 2.56
4646 2.84
4647 2.80
4648 4.74
4649 3.14
4650 2.36
4651 3.07
4652 2.51
4653 2.09
4654 13.58
4655 13.36
4656 4.99
4657 0.22
4658 4.62
4659 18.59
4660 24.30
4661 34.67
4662 19.83
4663 7.07
4664 0.53
4665 4.73
4666 4.64
4667 3.06
4668 3.62
4669 3.70
4670 3.51
4671 2.89
4672 3.00
4673 2.44
4674 1.69
4675 2.64
4676 1.98
4677 5.26
4678 18.24
4679 3.05
4680 4.66
4681 0.15
4682 10.78
4683 0.00
4684 0.00
4685 2.61
4686 5.80
4687 49.66
4688 0.14
4689 8.64
4690 0.70
4691 2.39
4692 1.55
4693 3.61
4694 0.97
4695 1.73
4696 1.51
4697 3.48
4698 5.70
4699 6.63
4700 5.36
4701 5.34
4702 5.28
4703 2.28
4704 2.41
4705 0.10
4706 0.00
4707 0.00
4708 0.00
4709 0.00
4710 19.89
4711 5.77
4712 0.82
4713 5.83
4714 2.15
4715 2.33
4716 2.68
4717 1.95
4718 3.13
4719 3.58
4720 2.94
4721 2.01
4722 3.43
4723 2.65
4724 2.85
4725 8.60
4726 9.74
4727 0.00
4728 1.14
4729 0.08
4730 0.00
4731 0.00
4732 36.00
4733 0.00
4734 0.75
4735 5.88
4736 0.79
4737 4.87
4738 2.29
4739 2.63
4740 2.85
4741 2.29
4742 2.41
4743 2.77
4744 3.10
4745 3.42
4746 2.96
4747 4.10
4748 3.68
4749 6.76
4750 6.89
4751 8.41
4752 8.65
4753 0.04
4754 0.00
4755 0.00
4756 23.68
4757 0.00
4758 21.05
4759 12.18
4760 0.65
4761 2.54
4762 3.04
4763 2.29
4764 3.08
4765 2.57
4766 2.66
4767 2.55
4768 2.81
4769 2.63
4770 5.25
4771 2.60
4772 3.63
4773 6.67
4774 2.73
4775 3.90
4776 0.00
4777 0.08
4778 5.83
4779 0.00
4780 0.00
4781 0.00
4782 45.57
4783 14.88
4784 0.60
4785 4.94
4786 2.07
4787 2.81
4788 2.56
4789 2.36
4790 2.42
4791 3.33
4792 3.29
4793 2.51
4794 2.86
4795 2.67
4796 2.64
4797 3.23
4798 13.98
4799 0.00
4800 5.79
4801 0.08
4802 0.00
4803 19.82
4804 12.63
4805 0.00
4806 16.36
4807 3.87
4808 0.55
4809 5.68
4810 2.55
4811 2.42
4812 3.21
4813 2.51
4814 2.87
4815 2.82
4816 4.58
4817 3.26
4818 2.45
4819 3.26
4820 2.62
4821 5.08
4822 1.63
4823 22.09
4824 15.58
4825 0.16
4826 18.37
4827 6.45
4828 28.20
4829 13.87
4830 0.00
4831 15.45
4832 0.42
4833 3.48
4834 1.93
4835 2.11
4836 3.42
4837 2.49
4838 4.56
4839 3.91
4840 3.45
4841 3.05
4842 2.68
4843 2.11
4844 2.17
4845 2.26
4846 1.38
4847 4.36
4848 4.29
4849 0.19
4850 4.07
4851 10.45
4852 0.00
4853 0.00
4854 0.00
4855 0.00
4856 0.14
4857 2.98
4858 30.90
4859 1.47
4860 1.48
4861 1.37
4862 1.18
4863 1.05
4864 2.03
4865 1.82
4866 4.89
4867 4.11
4868 19.89
4869 1.72
4870 4.63
4871 19.05
4872 15.38
4873 0.08
4874 0.00
4875 0.00
4876 0.00
4877 0.00
4878 13.48
4879 7.59
4880 0.60
4881 2.45
4882 2.02
4883 3.48
4884 2.23
4885 2.83
4886 2.14
4887 2.51
4888 4.40
4889 3.27
4890 2.75
4891 3.08
4892 2.83
4893 4.13
4894 0.00
4895 11.46
4896 4.90
4897 0.12
4898 0.00
4899 0.00
4900 0.00
4901 0.00
4902 13.30
4903 28.08
4904 0.50
4905 3.82
4906 2.72
4907 2.14
4908 1.83
4909 2.04
4910 3.13
4911 2.94
4912 3.05
4913 2.52
4914 2.13
4915 3.46
4916 3.46
4917 11.39
4918 6.73
4919 3.35
4920 0.00
4921 0.12
4922 1.26
4923 3.17
4924 0.00
4925 0.00
4926 0.00
4927 22.00
4928 0.68
4929 3.16
4930 2.65
4931 2.45
4932 2.46
4933 2.56
4934 2.27
4935 2.64
4936 2.88
4937 3.43
4938 2.07
4939 3.11
4940 3.54
4941 8.99
4942 9.21
4943 0.00
4944 13.38
4945 0.16
4946 0.00
4947 0.00
4948 0.00
4949 0.00
4950 0.00
4951 3.59
4952 0.61
4953 5.94
4954 2.99
4955 2.95
4956 2.43
4957 2.57
4958 2.93
4959 2.76
4960 3.42
4961 3.14
4962 3.26
4963 2.96
4964 3.01
4965 4.36
4966 2.38
4967 26.16
4968 8.59
4969 0.21
4970 14.45
4971 14.27
4972 21.25
4973 0.00
4974 0.00
4975 13.45
4976 0.58
4977 5.33
4978 2.91
4979 2.98
4980 3.32
4981 2.68
4982 2.35
4983 3.15
4984 3.81
4985 3.59
4986 4.37
4987 2.82
4988 2.05
4989 2.08
4990 2.69
4991 5.28
4992 6.81
4993 0.24
4994 0.34
4995 2.94
4996 0.00
4997 0.00
4998 0.00
4999 0.00
5000 0.55
5001 1.65
5002 2.10
5003 2.47
5004 3.58
5005 3.16
5006 2.99
5007 2.73
5008 2.99
5009 2.33
5010 1.73
5011 2.00
5012 2.28
5013 5.49
5014 18.27
5015 13.52
5016 3.89
5017 0.35
5018 0.00
5019 11.84
5020 28.35
5021 15.06
5022 14.40
5023 1.71
5024 0.13
5025 0.47
5026 7.61
5027 1.76
5028 0.79
5029 0.99
5030 0.85
5031 1.28
5032 1.48
5033 1.16
5034 1.17
5035 7.42
5036 2.71
5037 12.81
5038 7.44
5039 35.64
5040 0.00
5041 0.08
5042 27.48
5043 0.00
5044 0.00
5045 0.00
5046 57.14
5047 9.21
5048 0.54
5049 3.11
5050 1.93
5051 2.35
5052 2.43
5053 2.83
5054 2.75
5055 3.01
5056 3.53
5057 3.12
5058 3.16
5059 3.16
5060 3.53
5061 4.66
5062 0.00
5063 24.41
5064 0.00
5065 0.08
5066 0.00
5067 0.00
5068 0.00
5069 0.00
5070 15.75
5071 7.38
5072 0.61
5073 4.16
5074 3.61
5075 3.25
5076 2.96
5077 2.05
5078 2.21
5079 2.61
5080 3.74
5081 3.00
5082 2.62
5083 2.84
5084 4.21
5085 5.53
5086 0.00
5087 26.67
5088 0.00
5089 0.04
5090 0.00
5091 0.00
5092 0.00
5093 0.00
5094 0.00
5095 13.09
5096 0.62
5097 2.91
5098 3.02
5099 2.54
5100 2.88
5101 2.58
5102 2.61
5103 2.55
5104 5.32
5105 3.67
5106 2.98
5107 2.62
5108 2.93
5109 6.82
5110 14.39
5111 57.14
5112 40.00
5113 0.04
5114 0.00
5115 0.00
5116 0.00
5117 0.00
5118 25.90
5119 33.33
5120 0.57
5121 3.12
5122 3.59
5123 2.03
5124 2.20
5125 2.32
5126 2.64
5127 3.13
5128 2.69
5129 2.69
5130 2.85
5131 2.57
5132 2.78
5133 4.73
5134 6.35
5135 1.47
5136 13.87
5137 0.11
5138 0.00
5139 0.00
5140 0.00
5141 0.00
5142 0.00
5143 0.00
5144 0.57
5145 4.49
5146 2.73
5147 2.46
5148 2.44
5149 2.55
5150 2.06
5151 2.95
5152 3.28
5153 3.89
5154 2.73
5155 3.01
5156 2.64
5157 5.88
5158 3.22
5159 2.67
5160 14.94
5161 0.04
5162 25.44
5163 15.93
5164 13.76
5165 22.09
5166 0.00
5167 0.00
5168 0.45
5169 5.27
5170 3.27
5171 3.15
5172 5.43
5173 4.47
5174 3.61
5175 2.76
5176 6.15
5177 4.55
5178 2.12
5179 2.13
5180 2.38
5181 4.79
5182 1.95
5183 1.20
5184 5.49
5185 0.22
5186 0.82
5187 0.00
5188 0.76
5189 5.93
5190 0.00
5191 14.69
5192 0.19
5193 1.50
5194 2.92
5195 0.79
5196 1.82
5197 1.11
5198 1.51
5199 1.23
5200 3.07
5201 4.30
5202 3.78
5203 0.62
5204 1.23
5205 0.00
5206 0.00
5207 0.00
5208 0.00
5209 0.11
5210 5.03
5211 0.00
5212 0.00
5213 0.00
5214 6.72
5215 2.94
5216 0.61
5217 1.94
5218 2.39
5219 2.51
5220 3.29
5221 2.81
5222 2.47
5223 3.38
5224 2.55
5225 2.99
5226 3.29
5227 3.28
5228 2.65
5229 5.11
5230 42.86
5231 21.86
5232 0.00
5233 0.04
5234 6.79
5235 0.00
5236 0.00
5237 0.00
5238 40.00
5239 8.54
5240 0.61
5241 1.94
5242 2.95
5243 2.22
5244 1.75
5245 2.92
5246 2.82
5247 2.55
5248 3.28
5249 3.64
5250 4.49
5251 2.79
5252 3.15
5253 7.91
5254 0.00
5255 3.18
5256 5.73
5257 0.08
5258 0.00
5259 15.06
5260 0.00
5261 0.00
5262 0.00
5263 1.41
5264 0.55
5265 2.61
5266 2.61
5267 2.18
5268 2.58
5269 2.54
5270 2.76
5271 2.54
5272 2.65
5273 3.16
5274 2.99
5275 2.63
5276 3.38
5277 8.31
5278 10.68
5279 2.47
5280 3.30
5281 0.08
5282 12.00
5283 25.00
5284 0.00
5285 0.00
5286 0.00
5287 6.09
5288 0.52
5289 3.64
5290 2.65
5291 2.35
5292 2.43
5293 2.57
5294 2.31
5295 2.65
5296 3.13
5297 2.41
5298 2.70
5299 3.14
5300 3.59
5301 8.79
5302 5.61
5303 12.93
5304 5.96
5305 0.10
5306 0.00
5307 0.00
5308 0.00
5309 0.00
5310 6.36
5311 1.82
5312 0.58
5313 4.60
5314 2.25
5315 2.10
5316 2.50
5317 2.48
5318 2.52
5319 3.69
5320 3.11
5321 4.10
5322 3.28
5323 2.83
5324 3.16
5325 6.48
5326 5.31
5327 15.45
5328 15.33
5329 0.25
5330 0.00
5331 10.53
5332 0.00
5333 46.55
5334 0.00
5335 0.00
5336 0.33
5337 3.26
5338 5.13
5339 1.65
5340 2.43
5341 3.83
5342 2.25
5343 2.45
5344 1.96
5345 2.72
5346 2.11
5347 1.82
5348 1.87
5349 1.80
5350 0.34
5351 11.78
5352 23.38
5353 0.15
5354 0.00
5355 0.00
5356 0.00
5357 41.38
5358 44.44
5359 0.00
5360 0.13
5361 27.07
5362 2.16
5363 1.42
5364 1.92
5365 0.68
5366 1.52
5367 2.56
5368 1.24
5369 1.35
5370 3.58
5371 5.78
5372 3.86
5373 17.39
5374 0.00
5375 15.00
5376 12.53
5377 0.07
5378 0.00
5379 0.00
5380 5.06
5381 0.00
5382 18.18
5383 52.17
5384 0.50
5385 3.33
5386 2.22
5387 1.85
5388 2.18
5389 2.42
5390 2.68
5391 2.15
5392 2.33
5393 2.55
5394 3.15
5395 3.17
5396 3.30
5397 8.41
5398 5.90
5399 0.00
5400 7.76
5401 0.08
5402 0.00
5403 0.00
5404 0.00
5405 0.00
5406 15.96
5407 4.79
5408 0.57
5409 3.22
5410 2.16
5411 2.33
5412 2.73
5413 3.02
5414 2.20
5415 2.53
5416 4.30
5417 2.93
5418 3.06
5419 2.95
5420 2.97
5421 10.13
5422 12.29
5423 1.74
5424 4.49
5425 0.19
5426 42.35
5427 12.44
5428 0.00
5429 0.00
5430 0.00
5431 2.55
5432 0.46
5433 3.25
5434 2.43
5435 1.81
5436 2.49
5437 2.71
5438 2.55
5439 2.88
5440 3.11
5441 3.32
5442 3.27
5443 4.39
5444 2.98
5445 4.78
5446 1.51
5447 9.09
5448 11.83
5449 0.16
5450 58.06
5451 0.00
5452 10.45
5453 0.00
5454 8.26
5455 24.71
5456 0.58
5457 3.61
5458 2.53
5459 2.36
5460 2.62
5461 3.05
5462 2.88
5463 3.09
5464 3.33
5465 3.49
5466 3.27
5467 2.50
5468 2.86
5469 6.14
5470 4.87
5471 2.19
5472 5.07
5473 0.33
5474 17.79
5475 16.30
5476 0.00
5477 0.00
5478 43.64
5479 5.95
5480 0.56
5481 3.33
5482 3.50
5483 2.59
5484 2.68
5485 2.00
5486 2.01
5487 2.40
5488 3.41
5489 4.72
5490 3.07
5491 3.79
5492 2.57
5493 5.90
5494 5.91
5495 11.09
5496 17.28
5497 0.15
5498 1.30
5499 33.41
5500 23.31
5501 18.24
5502 22.27
5503 9.41
5504 0.45
5505 3.37
5506 3.39
5507 2.85
5508 3.32
5509 2.96
5510 2.94
5511 6.71
5512 3.03
5513 3.53
5514 3.06
5515 2.08
5516 2.20
5517 3.12
5518 15.86
5519 21.75
5520 18.97
5521 0.12
5522 0.00
5523 0.53
5524 8.83
5525 0.00
5526 14.54
5527 46.15
5528 0.20
5529 5.15
5530 1.31
5531 3.05
5532 2.08
5533 1.00
5534 2.85
5535 1.44
5536 2.24
5537 9.32
5538 7.49
5539 6.57
5540 5.74
5541 2.01
5542 8.91
5543 20.49
5544 12.83
5545 0.08
5546 0.00
5547 0.00
5548 0.00
5549 58.06
5550 0.00
5551 2.31
5552 0.61
5553 2.63
5554 2.18
5555 2.47
5556 2.65
5557 2.18
5558 2.28
5559 2.65
5560 3.41
5561 2.95
5562 3.22
5563 2.79
5564 3.51
5565 4.24
5566 0.00
5567 0.00
5568 26.47
5569 0.04
5570 0.00
5571 0.00
5572 24.00
5573 0.00
5574 0.00
5575 12.66
5576 0.62
5577 2.30
5578 2.38
5579 2.50
5580 2.74
5581 2.96
5582 2.26
5583 3.04
5584 3.72
5585 3.01
5586 2.45
5587 2.77
5588 2.67
5589 10.32
5590 2.17
5591 6.75
5592 22.22
5593 0.04
5594 10.68
5595 6.61
5596 0.00
5597 0.00
5598 16.22
5599 13.50
5600 0.51
5601 2.92
5602 3.36
5603 2.22
5604 3.58
5605 2.30
5606 2.18
5607 2.70
5608 3.75
5609 3.76
5610 2.78
5611 3.89
5612 2.75
5613 6.29
5614 16.11
5615 17.48
5616 5.29
5617 0.04
5618 0.00
5619 0.00
5620 0.00
5621 0.00
5622 13.90
5623 16.53
5624 0.67
5625 3.76
5626 2.13
5627 2.87
5628 2.05
5629 2.49
5630 2.55
5631 2.90
5632 3.46
5633 3.64
5634 2.97
5635 3.05
5636 2.81
5637 6.65
5638 7.42
5639 2.16
5640 12.86
5641 0.21
5642 6.16
5643 14.93
5644 3.49
5645 17.48
5646 6.53
5647 21.98
5648 0.67
5649 3.09
5650 1.96
5651 2.29
5652 2.07
5653 2.01
5654 2.67
5655 2.51
5656 3.89
5657 2.58
5658 3.22
5659 3.38
5660 2.93
5661 7.30
5662 3.83
5663 5.59
5664 3.67
5665 0.28
5666 0.43
5667 0.00
5668 0.00
5669 0.00
5670 37.11
5671 10.61
5672 0.38
5673 10.73
5674 3.07
5675 2.53
5676 3.36
5677 3.82
5678 4.09
5679 3.08
5680 2.45
5681 2.38
5682 2.51
5683 2.58
5684 2.78
5685 4.83
5686 5.26
5687 3.66
5688 43.11
5689 0.26
5690 13.94
5691 23.19
5692 41.86
5693 0.00
5694 5.06
5695 38.46
5696 0.29
5697 1.01
5698 0.55
5699 1.69
5700 1.11
5701 1.93
5702 2.62
5703 1.97
5704 1.27
5705 1.85
5706 3.66
5707 11.23
5708 2.36
5709 10.25
5710 1.25
5711 2.75
5712 2.34
5713 0.12
5714 11.84
5715 0.00
5716 31.58
5717 48.00
5718 0.00
5719 28.97
5720 0.57
5721 2.68
5722 1.88
5723 2.39
5724 3.03
5725 2.18
5726 2.74
5727 2.36
5728 2.96
5729 3.01
5730 2.51
5731 2.78
5732 3.60
5733 6.90
5734 2.99
5735 28.80
5736 29.51
5737 0.04
5738 0.00
5739 0.00
5740 0.00
5741 0.00
5742 0.00
5743 11.29
5744 0.44
5745 2.57
5746 2.66
5747 1.99
5748 1.94
5749 2.71
5750 2.48
5751 3.04
5752 3.18
5753 2.26
5754 3.15
5755 2.48
5756 3.11
5757 13.03
5758 21.69
5759 4.28
5760 9.89
5761 0.08
5762 48.00
5763 0.00
5764 0.00
5765 0.00
5766 7.55
5767 23.30
5768 0.44
5769 4.24
5770 2.83
5771 1.66
5772 2.51
5773 2.89
5774 2.66
5775 2.72
5776 5.36
5777 2.68
5778 2.26
5779 3.17
5780 3.45
5781 10.18
5782 1.22
5783 4.64
5784 0.00
5785 0.12
5786 0.00
5787 0.00
5788 0.00
5789 9.65
5790 4.11
5791 10.53
5792 0.68
5793 3.04
5794 1.97
5795 2.09
5796 2.58
5797 2.67
5798 2.71
5799 2.86
5800 2.50
5801 3.51
5802 2.43
5803 3.05
5804 3.13
5805 9.71
5806 5.63
5807 19.67
5808 5.71
5809 0.88
5810 16.73
5811 27.76
5812 9.94
5813 17.56
5814 4.68
5815 18.95
5816 1.31
5817 2.98
5818 2.55
5819 2.31
5820 3.07
5821 1.90
5822 2.48
5823 2.88
5824 3.64
5825 2.86
5826 3.18
5827 2.60
5828 2.92
5829 5.25
5830 2.37
5831 9.16
5832 5.21
5833 1.93
5834 0.21
5835 10.03
5836 7.64
5837 28.60
5838 9.68
5839 3.35
5840 0.60
5841 6.71
5842 3.14
5843 1.51
5844 2.14
5845 2.93
5846 3.80
5847 3.36
5848 2.57
5849 4.06
5850 2.87
5851 2.67
5852 2.48
5853 4.65
5854 1.22
5855 5.63
5856 13.58
5857 0.22
5858 6.55
5859 8.13
5860 0.00
5861 1.00
5862 0.00
5863 24.57
5864 0.19
5865 11.48
5866 2.73
5867 1.67
5868 1.28
5869 2.33
5870 1.35
5871 1.74
5872 4.44
5873 4.46
5874 2.84
5875 6.63
5876 2.94
5877 12.13
5878 16.12
5879 3.08
5880 6.99
5881 11.65
5882 0.00
5883 0.00
5884 0.00
5885 32.88
5886 4.83
5887 33.80
5888 0.79
5889 4.32
5890 2.23
5891 2.27
5892 2.45
5893 1.67
5894 2.20
5895 2.95
5896 2.95
5897 2.79
5898 2.34
5899 2.18
5900 3.32
5901 7.40
5902 20.51
5903 15.93
5904 6.68
5905 11.21
5906 0.00
5907 0.00
5908 0.00
5909 0.00
5910 19.89
5911 29.83
5912 0.74
5913 4.61
5914 2.20
5915 2.64
5916 2.17
5917 2.42
5918 2.85
5919 3.08
5920 3.03
5921 3.05
5922 3.26
5923 3.14
5924 3.64
5925 9.22
5926 8.28
5927 3.82
5928 4.26
5929 30.51
5930 0.00
5931 22.93
5932 0.00
5933 0.00
5934 9.63
5935 15.96
5936 0.67
5937 2.76
5938 2.36
5939 2.15
5940 2.48
5941 2.77
5942 3.12
5943 2.86
5944 2.63
5945 2.44
5946 2.48
5947 2.61
5948 2.88
5949 8.16
5950 7.21
5951 1.27
5952 5.82
5953 3.44
5954 0.00
5955 0.00
5956 1.54
5957 41.86
5958 5.71
5959 13.46
5960 0.65
5961 3.15
5962 2.42
5963 3.31
5964 2.03
5965 2.79
5966 1.93
5967 2.62
5968 2.81
5969 2.97
5970 2.52
5971 2.96
5972 3.33
5973 5.85
5974 2.65
5975 52.94
5976 50.00
5977 9.29
5978 12.17
5979 16.94
5980 59.02
5981 0.00
5982 27.48
5983 26.43
5984 0.66
5985 4.46
5986 2.48
5987 2.79
5988 2.03
5989 2.07
5990 2.97
5991 3.90
5992 3.48
5993 2.98
5994 4.42
5995 3.33
5996 3.01
5997 5.89
5998 5.79
5999 8.30
6000 5.82
6001 0.51
6002 0.00
6003 2.38
6004 5.06
6005 0.00
6006 17.22
6007 5.51
6008 0.43
6009 2.71
6010 2.73
6011 1.57
6012 2.17
6013 2.50
6014 3.87
6015 3.70
6016 3.21
6017 3.41
6018 1.77
6019 2.83
6020 2.89
6021 4.82
6022 4.29
6023 2.94
6024 15.05
6025 1.25
6026 4.00
6027 29.88
6028 1.09
6029 0.00
6030 16.14
6031 26.51
6032 0.17
6033 5.66
6034 1.79
6035 0.90
6036 1.19
6037 1.15
6038 2.73
6039 1.58
6040 2.60
6041 3.76
6042 2.08
6043 1.35
6044 6.85
6045 19.78
6046 29.13
6047 24.49
6048 0.00
6049 2.50
6050 22.78
6051 0.00
6052 6.49
6053 50.70
6054 19.22
6055 9.99
6056 1.01
6057 3.77
6058 2.71
6059 2.62
6060 2.66
6061 2.58
6062 2.25
6063 3.00
6064 2.92
6065 3.50
6066 3.72
6067 3.48
6068 4.22
6069 8.95
6070 12.11
6071 11.67
6072 0.00
6073 0.00
6074 0.00
6075 16.51
6076 0.00
6077 0.00
6078 10.40
6079 7.96
6080 0.81
6081 2.39
6082 2.47
6083 2.81
6084 2.76
6085 2.83
6086 3.11
6087 2.74
6088 3.67
6089 3.06
6090 4.03
6091 3.58
6092 3.28
6093 8.40
6094 28.63
6095 7.08
6096 15.45
6097 34.29
6098 0.00
6099 14.01
6100 0.00
6101 0.00
6102 0.00
6103 2.36
6104 1.01
6105 5.61
6106 2.43
6107 1.99
6108 2.40
6109 2.76
6110 2.58
6111 2.37
6112 2.97
6113 3.23
6114 3.17
6115 2.70
6116 3.14
6117 6.76
6118 4.58
6119 11.56
6120 0.00
6121 0.00
6122 14.94
6123 0.00
6124 18.85
6125 5.80
6126 36.00
6127 14.53
6128 0.72
6129 3.12
6130 4.26
6131 2.09
6132 2.47
6133 3.14
6134 2.50
6135 2.98
6136 3.84
6137 3.63
6138 2.89
6139 3.51
6140 3.25
6141 4.55
6142 16.03
6143 10.64
6144 2.79
6145 1.12
6146 0.00
6147 8.89
6148 28.57
6149 12.28
6150 6.26
6151 11.52
6152 0.77
6153 3.40
6154 2.53
6155 2.53
6156 2.64
6157 2.04
6158 1.91
6159 3.46
6160 4.55
6161 4.43
6162 3.82
6163 2.62
6164 2.45
6165 5.85
6166 6.01
6167 3.59
6168 8.54
6169 2.98
6170 51.43
6171 0.00
6172 4.09
6173 23.68
6174 1.38
6175 18.33
6176 0.53
6177 2.86
6178 1.36
6179 2.37
6180 3.70
6181 2.89
6182 2.92
6183 3.37
6184 3.31
6185 3.06
6186 3.65
6187 2.24
6188 2.83
6189 8.23
6190 8.88
6191 3.55
6192 3.19
6193 3.93
6194 0.00
6195 0.00
6196 0.00
6197 2.13
6198 1.45
6199 33.13
6200 0.22
6201 16.44
6202 1.73
6203 1.55
6204 2.21
6205 0.98
6206 1.71
6207 2.98
6208 4.99
6209 2.75
6210 14.29
6211 2.07
6212 7.58
6213 15.09
6214 12.69
6215 25.90
6216 15.13
6217 11.96
6218 0.00
6219 0.00
6220 0.00
6221 13.48
6222 0.00
6223 21.80
6224 0.81
6225 4.03
6226 2.92
6227 2.19
6228 2.77
6229 2.47
6230 2.38
6231 3.07
6232 4.01
6233 2.61
6234 2.97
6235 3.67
6236 3.65
6237 4.06
6238 3.59
6239 0.00
6240 6.11
6241 0.39
6242 32.43
6243 0.00
6244 0.00
6245 0.00
6246 20.93
6247 10.15
6248 0.87
6249 4.69
6250 2.47
6251 2.25
6252 2.48
6253 2.24
6254 2.40
6255 3.88
6256 3.16
6257 2.77
6258 3.39
6259 3.01
6260 3.63
6261 7.19
6262 11.22
6263 39.34
6264 5.03
6265 0.00
6266 5.83
6267 0.00
6268 0.00
6269 31.86
6270 43.11
6271 2.42
6272 0.96
6273 5.20
6274 2.40
6275 2.44
6276 2.78
6277 3.06
6278 2.50
6279 3.01
6280 3.58
6281 3.24
6282 2.73
6283 3.34
6284 3.12
6285 12.65
6286 4.58
6287 20.06
6288 11.26
6289 10.65
6290 0.00
6291 31.58
6292 0.00
6293 0.00
6294 0.00
6295 18.51
6296 0.78
6297 4.19
6298 2.74
6299 2.24
6300 2.58
6301 2.43
6302 3.06
6303 2.64
6304 3.91
6305 3.31
6306 2.26
6307 3.26
6308 3.44
6309 6.26
6310 4.34
6311 2.45
6312 1.81
6313 3.35
6314 21.33
6315 18.91
6316 28.65
6317 14.98
6318 0.00
6319 28.99
6320 0.74
6321 4.03
6322 2.90
6323 2.49
6324 2.54
6325 2.29
6326 2.32
6327 2.77
6328 3.55
6329 2.70
6330 4.07
6331 3.71
6332 3.00
6333 5.73
6334 1.57
6335 5.24
6336 4.81
6337 0.40
6338 0.90
6339 35.70
6340 30.12
6341 27.62
6342 16.71
6343 12.77
6344 0.69
6345 4.29
6346 4.00
6347 4.11
6348 4.26
6349 2.73
6350 2.01
6351 5.28
6352 3.85
6353 5.92
6354 2.64
6355 1.69
6356 2.22
6357 10.38
6358 7.41
6359 6.64
6360 7.40
6361 2.97
6362 3.54
6363 0.00
6364 16.95
6365 16.44
6366 6.99
6367 9.28
6368 0.29
6369 1.15
6370 6.45
6371 1.55
6372 10.72
6373 4.83
6374 1.57
6375 7.23
6376 2.11
6377 12.90
6378 5.91
6379 11.67
6380 7.82
6381 10.12
6382 20.11
6383 3.28
6384 3.02
6385 0.00
6386 0.00
6387 0.00
6388 0.00
6389 0.00
6390 10.57
6391 7.06
6392 0.97
6393 4.70
6394 1.79
6395 2.77
6396 2.44
6397 2.43
6398 3.12
6399 2.57
6400 3.68
6401 3.08
6402 4.10
6403 2.86
6404 3.73
6405 10.91
6406 3.16
6407 2.43
6408 67.29
6409 1.52
6410 0.00
6411 17.82
6412 0.00
6413 0.00
6414 26.28
6415 16.59
6416 2.21
6417 1.62
6418 2.39
6419 2.27
6420 3.14
6421 2.63
6422 2.87
6423 2.51
6424 3.73
6425 4.24
6426 4.76
6427 3.72
6428 3.50
6429 9.53
6430 10.62
6431 3.07
6432 12.68
6433 3.37
6434 0.00
6435 11.75
6436 26.87
6437 37.89
6438 2.24
6439 3.20
6440 0.78
6441 2.37
6442 2.78
6443 2.60
6444 1.80
6445 2.32
6446 2.53
6447 2.62
6448 4.44
6449 3.59
6450 4.30
6451 3.37
6452 3.08
6453 3.92
6454 5.21
6455 20.26
6456 5.83
6457 0.00
6458 0.00
6459 0.00
6460 0.00
6461 0.00
6462 1.99
6463 12.69
6464 0.69
6465 4.17
6466 2.35
6467 2.55
6468 2.47
6469 2.62
6470 4.02
6471 3.05
6472 3.98
6473 4.34
6474 4.64
6475 3.74
6476 4.27
6477 9.49
6478 32.43
6479 2.71
6480 10.85
6481 18.33
6482 13.33
6483 18.74
6484 0.00
6485 0.00
6486 0.00
6487 40.34
6488 0.87
6489 1.85
6490 2.88
6491 3.12
6492 2.49
6493 3.48
6494 3.43
6495 3.42
6496 4.57
6497 3.14
6498 4.58
6499 2.49
6500 2.81
6501 10.14
6502 3.48
6503 11.43
6504 6.45
6505 1.48
6506 7.87
6507 3.30
6508 5.25
6509 15.77
6510 10.32
6511 7.64
6512 0.68
6513 2.69
6514 3.75
6515 4.72
6516 5.29
6517 7.68
6518 6.12
6519 3.85
6520 4.84
6521 4.71
6522 4.16
6523 1.76
6524 2.82
6525 5.33
6526 4.08
6527 4.11
6528 5.64
6529 0.87
6530 0.00
6531 3.52
6532 28.57
6533 16.77
6534 46.15
6535 26.97
6536 0.24
6537 2.91
6538 18.39
6539 1.18
6540 1.13
6541 0.95
6542 1.80
6543 1.97
6544 4.71
6545 3.04
6546 9.25
6547 5.02
6548 4.07
6549 2.37
6550 35.38
6551 12.24
6552 0.00
6553 22.58
6554 8.28
6555 3.94
6556 26.63
6557 17.27
6558 21.65
6559 15.78
6560 3.50
6561 2.25
6562 5.30
6563 6.66
6564 6.33
6565 3.12
6566 7.94
6567 6.18
6568 7.00
6569 4.65
6570 2.03
6571 2.44
6572 2.99
6573 5.66
6574 6.20
6575 1.35
6576 20.07
6577 0.68
6578 15.79
6579 0.00
6580 2.84
6581 12.83
6582 19.35
6583 5.97
6584 1.25
6585 3.10
6586 2.42
6587 1.55
6588 2.10
6589 1.30
6590 1.01
6591 1.76
6592 2.36
6593 1.82
6594 4.51
6595 8.03
6596 16.68
6597 13.24
6598 10.14
6599 2.39
6600 16.72
6601 6.45
6602 0.00
6603 10.43
6604 24.30
6605 18.24
6606 17.63
6607 9.05
6608 6.35
6609 5.67
6610 2.75
6611 2.65
6612 2.59
6613 3.23
6614 2.54
6615 2.61
6616 3.24
6617 5.07
6618 7.05
6619 6.15
6620 4.75
6621 7.10
6622 8.90
6623 6.83
6624 3.94
6625 0.35
6626 0.00
6627 10.03
6628 23.15
6629 7.90
6630 14.01
6631 6.45
6632 6.68
6633 6.15
6634 2.75
6635 2.65
6636 2.67
6637 3.04
6638 2.37
6639 2.47
6640 2.96
6641 5.18
6642 7.38
6643 7.14
6644 5.31
6645 10.35
6646 4.89
6647 2.07
6648 1.78
6649 0.76
6650 2.09
6651 0.67
6652 27.80
6653 23.45
6654 12.23
6655 5.53
6656 3.99
6657 5.86
6658 2.63
6659 2.55
6660 2.59
6661 2.47
6662 2.40
6663 2.67
6664 3.08
6665 5.50
6666 7.45
6667 4.89
6668 2.81
6669 2.44
6670 15.82
6671 1.62
6672 8.05
6673 0.60
6674 1.72
6675 5.78
6676 14.59
6677 27.76
6678 2.66
6679 7.40
6680 3.56
6681 6.19
6682 3.24
6683 2.43
6684 3.04
6685 2.81
6686 2.42
6687 3.30
6688 3.11
6689 6.10
6690 6.89
6691 5.11
6692 3.03
6693 6.25
6694 2.44
6695 5.39
6696 2.16
6697 1.33
6698 15.61
6699 14.85
6700 20.64
6701 29.83
6702 16.24
6703 7.85
6704 5.14
6705 6.28
6706 3.44
6707 2.95
6708 3.00
6709 2.53
6710 3.19
6711 3.51
6712 4.14
6713 6.73
6714 7.60
6715 5.31
6716 3.73
6717 7.28
6718 2.64
6719 6.89
6720 4.35
6721 0.44
6722 13.92
6723 11.54
6724 12.50
6725 15.48
6726 13.92
6727 8.36
6728 2.41
6729 5.32
6730 4.07
6731 2.88
6732 4.42
6733 3.54
6734 3.72
6735 2.69
6736 4.71
6737 3.42
6738 2.19
6739 1.92
6740 1.96
6741 6.09
6742 3.10
6743 2.87
6744 5.47
6745 1.00
6746 3.37
6747 1.72
6748 2.30
6749 6.08
6750 11.69
6751 5.59
6752 1.75
6753 13.06
6754 2.18
6755 1.84
6756 1.41
6757 1.45
6758 1.52
6759 1.22
6760 1.79
6761 3.88
6762 2.94
6763 10.05
6764 6.00
6765 2.66
6766 5.17
6767 6.05
6768 18.94
6769 12.54
6770 0.00
6771 3.09
6772 5.00
6773 13.44
6774 28.80
6775 12.31
6776 5.35
6777 5.17
6778 2.92
6779 2.85
6780 2.46
6781 2.47
6782 2.72
6783 2.70
6784 3.68
6785 6.58
6786 7.21
6787 6.36
6788 3.28
6789 5.24
6790 7.48
6791 14.02
6792 20.99
6793 8.56
6794 9.52
6795 0.00
6796 14.75
6797 4.78
6798 11.43
6799 11.40
6800 3.50
6801 5.22
6802 3.22
6803 2.78
6804 2.38
6805 2.64
6806 2.45
6807 2.45
6808 3.68
6809 5.38
6810 6.98
6811 5.51
6812 4.81
6813 9.50
6814 13.45
6815 13.52
6816 26.68
6817 20.54
6818 3.87
6819 37.50
6820 0.00
6821 27.42
6822 17.45
6823 2.38
6824 5.68
6825 4.36
6826 3.35
6827 2.04
6828 2.53
6829 2.42
6830 2.74
6831 3.44
6832 3.81
6833 6.85
6834 5.77
6835 4.41
6836 3.54
6837 8.58
6838 31.98
6839 9.20
6840 14.38
6841 1.11
6842 12.83
6843 8.56
6844 16.65
6845 2.94
6846 13.32
6847 6.34
6848 3.20
6849 4.42
6850 2.78
6851 2.42
6852 2.80
6853 2.25
6854 2.53
6855 2.63
6856 3.73
6857 5.51
6858 6.33
6859 4.57
6860 3.40
6861 11.69
6862 10.84
6863 2.02
6864 3.45
6865 0.84
6866 1.80
6867 7.60
6868 20.51
6869 17.03
6870 20.66
6871 16.67
6872 4.65
6873 5.79
6874 3.48
6875 3.06
6876 2.75
6877 2.71
6878 2.73
6879 3.40
6880 4.13
6881 5.45
6882 7.77
6883 5.67
6884 2.99
6885 8.86
6886 3.87
6887 2.10
6888 6.00
6889 1.07
6890 15.79
6891 3.82
6892 10.60
6893 10.35
6894 20.65
6895 35.01
6896 2.82
6897 3.24
6898 4.14
6899 3.34
6900 3.80
6901 2.34
6902 3.23
6903 5.62
6904 3.89
6905 3.24
6906 2.21
6907 3.00
6908 2.40
6909 4.60
6910 6.66
6911 4.99
6912 3.40
6913 0.64
6914 1.44
6915 7.06
6916 1.94
6917 11.92
6918 14.37
6919 4.41
6920 8.81
6921 1.60
6922 16.16
6923 1.38
6924 1.86
6925 1.57
6926 1.44
6927 2.70
6928 2.82
6929 2.61
6930 6.55
6931 12.62
6932 1.91
6933 13.47
6934 5.83
6935 4.37
6936 11.15
6937 0.54
6938 17.65
6939 0.00
6940 10.13
6941 7.70
6942 25.57
6943 12.76
6944 4.01
6945 9.17
6946 2.41
6947 2.93
6948 2.78
6949 3.24
6950 3.11
6951 2.03
6952 3.12
6953 6.79
6954 6.08
6955 4.72
6956 3.75
6957 14.70
6958 12.31
6959 17.72
6960 57.14
6961 11.67
6962 0.00
6963 3.80
6964 6.87
6965 40.45
6966 10.02
6967 10.61
6968 6.13
6969 4.74
6970 2.89
6971 2.28
6972 2.71
6973 3.11
6974 2.69
6975 3.26
6976 2.76
6977 5.76
6978 8.09
6979 5.24
6980 5.51
6981 9.17
6982 34.01
6983 44.04
6984 36.36
6985 0.41
6986 0.00
6987 42.86
6988 25.00
6989 4.10
6990 19.19
6991 7.87
6992 3.36
6993 6.53
6994 3.87
6995 3.17
6996 2.37
6997 2.30
6998 2.39
6999 2.63
7000 4.15
7001 7.11
7002 6.44
7003 4.47
7004 3.97
7005 11.81
7006 23.59
7007 31.44
7008 26.00
7009 11.70
7010 0.00
7011 6.11
7012 4.81
7013 10.48
7014 8.66
7015 8.34
7016 5.69
7017 4.61
7018 2.89
7019 2.45
7020 2.86
7021 2.72
7022 2.59
7023 2.62
7024 3.86
7025 5.29
7026 8.59
7027 5.37
7028 3.82
7029 9.73
7030 3.83
7031 34.06
7032 16.82
7033 4.61
7034 0.80
7035 0.00
7036 0.00
7037 12.09
7038 19.79
7039 11.84
7040 3.98
7041 7.81
7042 3.70
7043 2.36
7044 2.66
7045 2.27
7046 2.94
7047 2.84
7048 3.98
7049 5.70
7050 8.24
7051 5.38
7052 3.70
7053 4.57
7054 7.87
7055 5.81
7056 8.48
7057 12.60
7058 2.74
7059 3.26
7060 10.34
7061 14.39
7062 20.42
7063 9.73
7064 3.24
7065 4.13
7066 3.99
7067 4.47
7068 4.13
7069 3.31
7070 3.93
7071 3.43
7072 2.48
7073 4.00
7074 2.18
7075 2.01
7076 2.27
7077 4.46
7078 4.91
7079 7.03
7080 6.76
7081 0.62
7082 25.23
7083 2.55
7084 7.34
7085 15.65
7086 3.66
7087 21.03
7088 3.23
7089 1.00
7090 0.88
7091 2.47
7092 2.74
7093 2.09
7094 1.61
7095 1.31
7096 6.32
7097 1.92
7098 5.14
7099 1.17
7100 2.00
7101 2.97
7102 2.41
7103 8.42
7104 7.80
7105 0.46
7106 0.00
7107 0.00
7108 11.05
7109 23.66
7110 33.54
7111 9.10
7112 5.00
7113 5.42
7114 2.86
7115 2.63
7116 3.45
7117 2.74
7118 3.04
7119 2.90
7120 2.89
7121 5.32
7122 7.78
7123 5.24
7124 4.03
7125 12.11
7126 5.16
7127 39.56
7128 22.09
7129 0.45
7130 18.65
7131 1.65
7132 6.02
7133 16.46
7134 14.12
7135 13.08
7136 2.66
7137 5.59
7138 2.72
7139 3.07
7140 3.03
7141 2.82
7142 2.54
7143 3.25
7144 2.95
7145 5.34
7146 7.55
7147 3.96
7148 3.35
7149 7.54
7150 9.65
7151 18.07
7152 7.65
7153 4.49
7154 0.00
7155 15.58
7156 7.07
7157 17.33
7158 14.17
7159 1.45
7160 4.82
7161 5.01
7162 3.64
7163 2.60
7164 3.28
7165 3.62
7166 2.51
7167 3.50
7168 3.43
7169 5.41
7170 5.54
7171 5.35
7172 4.64
7173 5.77
7174 6.86
7175 18.95
7176 3.81
7177 0.40
7178 7.59
7179 20.28
7180 10.14
7181 20.84
7182 0.73
7183 8.59
7184 4.13
7185 5.33
7186 3.99
7187 2.66
7188 2.66
7189 2.91
7190 2.74
7191 3.25
7192 3.26
7193 6.76
7194 8.29
7195 3.53
7196 3.28
7197 7.66
7198 7.69
7199 11.32
7200 20.71
7201 0.69
7202 2.48
7203 11.75
7204 10.50
7205 30.66
7206 0.56
7207 9.80
7208 4.60
7209 4.97
7210 2.73
7211 2.09
7212 2.70
7213 3.23
7214 2.58
7215 2.90
7216 3.50
7217 7.05
7218 5.96
7219 4.93
7220 3.36
7221 8.44
7222 8.92
7223 7.78
7224 3.34
7225 0.96
7226 17.85
7227 2.36
7228 3.78
7229 11.28
7230 11.69
7231 14.76
7232 2.83
7233 5.20
7234 4.63
7235 3.65
7236 6.85
7237 6.61
7238 3.32
7239 4.15
7240 2.81
7241 6.71
7242 2.69
7243 2.31
7244 3.11
7245 4.23
7246 2.34
7247 2.82
7248 9.91
7249 0.92
7250 16.65
7251 1.43
7252 3.08
7253 15.19
7254 3.87
7255 11.33
7256 1.47
7257 5.38
7258 2.93
7259 3.02
7260 1.26
7261 1.85
7262 1.88
7263 1.93
7264 2.87
7265 1.44
7266 6.23
7267 3.46
7268 1.46
7269 9.79
7270 4.41
7271 4.62
7272 6.21
7273 0.41
7274 37.24
7275 33.03
7276 14.43
7277 23.08
7278 10.35
7279 20.03
7280 3.16
7281 4.99
7282 2.75
7283 2.75
7284 2.43
7285 2.94
7286 3.11
7287 3.19
7288 3.82
7289 7.05
7290 8.03
7291 4.17
7292 4.46
7293 8.37
7294 3.89
7295 3.69
7296 9.26
7297 0.83
7298 18.53
7299 1.64
7300 5.46
7301 0.57
7302 36.18
7303 23.83
7304 0.55
7305 0.62
7306 0.78
7307 1.46
7308 1.73
7309 1.66
7310 1.84
7311 1.79
7312 2.66
7313 1.50
7314 2.14
7315 2.76
7316 3.18
7317 7.85
7318 9.74
7319 6.59
7320 40.91
7321 39.89
7322 0.00
7323 3.98
7324 13.35
7325 7.33
7326 17.92
7327 12.28
7328 4.84
7329 6.15
7330 3.15
7331 2.58
7332 2.51
7333 2.28
7334 2.07
7335 2.31
7336 3.50
7337 5.63
7338 4.55
7339 3.43
7340 3.26
7341 8.87
7342 7.69
7343 15.65
7344 23.84
7345 0.55
7346 0.00
7347 7.58
7348 22.67
7349 14.26
7350 6.39
7351 10.42
7352 4.13
7353 6.97
7354 2.85
7355 2.74
7356 3.16
7357 3.14
7358 2.28
7359 2.48
7360 3.96
7361 6.04
7362 5.49
7363 5.03
7364 3.79
7365 6.14
7366 1.98
7367 12.04
7368 3.58
7369 1.15
7370 10.58
7371 13.41
7372 15.58
7373 21.52
7374 14.30
7375 7.48
7376 2.38
7377 5.09
7378 3.86
7379 2.48
7380 3.05
7381 3.10
7382 2.27
7383 2.60
7384 3.23
7385 6.07
7386 6.34
7387 5.37
7388 2.99
7389 5.93
7390 10.03
7391 3.07
7392 6.82
7393 1.13
7394 28.10
7395 16.44
7396 49.09
7397 15.30
7398 10.14
7399 13.17
7400 1.71
7401 5.87
7402 2.71
7403 3.55
7404 2.25
7405 2.68
7406 2.80
7407 3.17
7408 4.12
7409 2.41
7410 2.38
7411 2.81
7412 2.25
7413 2.57
7414 3.51
7415 2.27
7416 5.40
7417 1.16
7418 1.61
7419 8.37
7420 2.37
7421 3.71
7422 21.53
7423 32.43
7424 2.87
7425 13.39
7426 1.42
7427 2.27
7428 1.43
7429 1.21
7430 2.34
7431 1.67
7432 1.55
7433 3.22
7434 2.62
7435 9.22
7436 7.79
7437 6.04
7438 13.84
7439 6.33
7440 8.70
7441 6.74
7442 6.29
7443 26.67
7444 12.77
7445 9.28
7446 23.89
7447 12.63
7448 3.21
7449 4.62
7450 2.95
7451 2.28
7452 2.27
7453 2.54
7454 2.51
7455 3.08
7456 3.09
7457 5.19
7458 7.55
7459 4.02
7460 4.38
7461 10.01
7462 32.65
7463 9.12
7464 10.34
7465 0.64
7466 0.00
7467 0.00
7468 2.43
7469 8.95
7470 15.95
7471 10.70
7472 3.86
7473 3.73
7474 2.63
7475 1.96
7476 2.53
7477 2.62
7478 2.25
7479 3.11
7480 3.25
7481 4.77
7482 6.05
7483 5.69
7484 4.16
7485 7.09
7486 11.00
7487 4.59
7488 21.43
7489 38.43
7490 3.60
7491 32.14
7492 31.72
7493 23.75
7494 16.95
7495 26.42
7496 4.61
7497 8.59
7498 2.69
7499 2.28
7500 2.89
7501 2.62
7502 2.34
7503 2.72
7504 2.86
7505 6.86
7506 5.90
7507 4.70
7508 4.64
7509 12.25
7510 27.53
7511 14.55
7512 6.58
7513 4.44
7514 0.00
7515 16.19
7516 2.63
7517 7.21
7518 10.69
7519 16.84
7520 3.29
7521 3.12
7522 3.13
7523 2.08
7524 2.62
7525 2.31
7526 2.27
7527 2.68
7528 3.08
7529 6.07
7530 4.40
7531 3.30
7532 3.93
7533 7.20
7534 5.60
7535 9.64
7536 8.49
7537 8.08
7538 14.24
7539 10.66
7540 17.65
7541 13.71
7542 14.47
7543 6.27
7544 6.52
7545 3.06
7546 2.29
7547 2.55
7548 2.88
7549 2.63
7550 3.04
7551 3.07
7552 3.11
7553 3.19
7554 3.08
7555 3.58
7556 3.32
7557 8.46
7558 7.67
7559 4.44
7560 9.45
7561 1.35
7562 24.54
7563 1.29
7564 19.75
7565 17.32
7566 0.35
7567 10.74
7568 2.32
7569 4.41
7570 3.15
7571 3.70
7572 2.89
7573 3.42
7574 3.84
7575 4.16
7576 4.71
7577 5.04
7578 4.49
7579 2.97
7580 3.06
7581 4.42
7582 15.36
7583 3.08
7584 6.52
7585 1.39
7586 2.65
7587 1.94
7588 7.48
7589 14.33
7590 2.99
7591 24.03
7592 3.59
7593 2.69
7594 2.84
7595 2.39
7596 1.79
7597 2.19
7598 1.85
7599 1.80
7600 1.94
7601 2.48
7602 4.74
7603 4.20
7604 10.14
7605 2.76
7606 29.35
7607 10.90
7608 15.42
7609 17.81
7610 0.00
7611 26.28
7612 13.46
7613 17.18
7614 20.42
7615 12.10
7616 2.16
7617 2.61
7618 2.54
7619 2.27
7620 2.99
7621 2.65
7622 2.73
7623 2.55
7624 3.21
7625 3.02
7626 3.67
7627 3.38
7628 4.49
7629 8.58
7630 9.18
7631 16.45
7632 4.90
7633 6.41
7634 33.96
7635 6.11
7636 2.43
7637 9.42
7638 30.42
7639 11.99
7640 3.41
7641 2.89
7642 1.89
7643 2.23
7644 2.24
7645 2.63
7646 2.44
7647 2.34
7648 2.77
7649 3.15
7650 3.33
7651 3.48
7652 4.44
7653 9.75
7654 8.34
7655 30.25
7656 31.41
7657 13.38
7658 0.00
7659 7.07
7660 3.35
7661 8.85
7662 3.80
7663 8.72
7664 3.84
7665 2.66
7666 2.34
7667 2.94
7668 2.97
7669 2.85
7670 2.32
7671 3.36
7672 2.97
7673 3.97
7674 3.48
7675 4.03
7676 5.91
7677 4.37
7678 12.06
7679 8.59
7680 7.99
7681 3.09
7682 3.42
7683 10.66
7684 2.48
7685 17.79
7686 8.51
7687 4.76
7688 2.05
7689 3.42
7690 2.74
7691 3.15
7692 2.61
7693 2.96
7694 2.56
7695 3.89
7696 3.36
7697 3.34
7698 3.74
7699 3.26
7700 3.07
7701 9.28
7702 12.35
7703 5.17
7704 17.45
7705 0.48
7706 0.98
7707 6.46
7708 56.25
7709 21.30
7710 6.57
7711 12.59
7712 3.08
7713 2.66
7714 2.48
7715 2.62
7716 2.67
7717 2.92
7718 3.27
7719 3.61
7720 3.12
7721 3.40
7722 5.19
7723 3.46
7724 3.38
7725 5.96
7726 6.96
7727 4.19
7728 9.02
7729 1.00
7730 1.00
7731 10.05
7732 1.30
7733 30.66
7734 35.29
7735 11.19
7736 1.52
7737 4.81
7738 4.54
7739 4.69
7740 3.20
7741 4.08
7742 4.48
7743 3.32
7744 6.19
7745 3.50
7746 2.45
7747 2.26
7748 2.47
7749 6.93
7750 7.10
7751 3.29
7752 4.33
7753 0.61
7754 3.50
7755 3.02
7756 2.11
7757 13.76
7758 9.91
7759 9.26
7760 1.23
7761 3.86
7762 3.85
7763 2.02
7764 2.40
7765 1.94
7766 1.13
7767 1.79
7768 1.95
7769 2.26
7770 3.15
7771 15.75
7772 12.07
7773 7.42
7774 10.13
7775 3.67
7776 10.26
7777 7.73
7778 25.71
7779 0.00
7780 5.49
7781 7.94
7782 18.27
7783 11.23
7784 2.94
7785 2.83
7786 2.54
7787 2.60
7788 3.00
7789 2.13
7790 2.54
7791 2.70
7792 3.57
7793 3.59
7794 4.08
7795 2.75
7796 4.88
7797 11.32
7798 4.54
7799 34.62
7800 42.11
7801 15.52
7802 55.38
7803 15.93
7804 35.82
7805 25.20
7806 1.64
7807 12.58
7808 3.45
7809 5.93
7810 2.21
7811 2.53
7812 2.72
7813 2.55
7814 2.35
7815 2.35
7816 3.11
7817 4.23
7818 3.15
7819 3.17
7820 3.71
7821 8.90
7822 10.03
7823 20.67
7824 25.17
7825 6.24
7826 1.70
7827 3.51
7828 20.57
7829 11.82
7830 16.64
7831 6.63
7832 2.66
7833 4.83
7834 2.43
7835 2.33
7836 2.35
7837 2.37
7838 2.93
7839 2.51
7840 4.34
7841 4.11
7842 3.11
7843 4.25
7844 4.40
7845 7.83
7846 7.78
7847 5.55
7848 3.04
7849 3.61
7850 14.46
7851 29.39
7852 2.30
7853 15.74
7854 26.95
7855 7.45
7856 2.44
7857 2.68
7858 2.68
7859 2.52
7860 3.18
7861 2.38
7862 2.96
7863 3.34
7864 3.60
7865 3.41
7866 2.95
7867 3.60
7868 2.79
7869 8.32
7870 8.92
7871 9.78
7872 15.13
7873 1.11
7874 3.94
7875 8.00
7876 9.39
7877 19.47
7878 8.26
7879 12.11
7880 6.30
7881 4.79
7882 3.46
7883 2.58
7884 2.83
7885 2.96
7886 2.97
7887 3.48
7888 3.44
7889 3.66
7890 3.21
7891 3.40
7892 3.35
7893 4.95
7894 5.09
7895 3.00
7896 10.57
7897 0.93
7898 0.88
7899 2.78
7900 3.35
7901 6.07
7902 16.87
7903 13.72
7904 2.50
7905 3.82
7906 3.43
7907 3.25
7908 3.28
7909 3.27
7910 4.56
7911 2.75
7912 5.88
7913 7.69
7914 2.61
7915 3.38
7916 2.37
7917 4.83
7918 7.24
7919 1.55
7920 14.71
7921 1.04
7922 1.01
7923 2.28
7924 3.90
7925 16.84
7926 3.31
7927 6.31
7928 2.55
7929 2.63
7930 1.48
7931 0.92
7932 1.60
7933 1.63
7934 1.97
7935 1.97
7936 4.50
7937 5.65
7938 4.38
7939 5.70
7940 8.05
7941 1.76
7942 5.47
7943 4.15
7944 15.80
7945 5.53
7946 0.00
7947 5.19
7948 17.31
7949 11.94
7950 17.78
7951 4.92
7952 2.49
7953 2.47
7954 2.49
7955 2.69
7956 2.18
7957 2.33
7958 2.64
7959 2.71
7960 3.19
7961 2.82
7962 3.06
7963 4.13
7964 4.57
7965 11.92
7966 4.65
7967 27.55
7968 16.20
7969 3.79
7970 29.75
7971 12.02
7972 8.64
7973 7.80
7974 17.63
7975 5.87
7976 2.70
7977 5.47
7978 2.36
7979 2.57
7980 2.39
7981 2.12
7982 3.32
7983 3.10
7984 3.67
7985 3.73
7986 4.11
7987 3.49
7988 3.12
7989 10.38
7990 8.68
7991 26.37
7992 37.31
7993 11.39
7994 14.88
7995 2.56
7996 6.24
7997 27.96
7998 26.39
7999 2.58
8000 1.91
8001 3.51
8002 2.82
8003 2.93
8004 3.02
8005 2.60
8006 2.53
8007 2.95
8008 3.21
8009 3.26
8010 3.45
8011 4.08
8012 3.69
8013 11.43
8014 10.98
8015 17.60
8016 5.62
8017 3.72
8018 7.02
8019 0.00
8020 25.26
8021 23.63
8022 5.16
8023 5.89
8024 3.45
8025 6.90
8026 2.88
8027 2.51
8028 2.97
8029 2.61
8030 2.80
8031 3.07
8032 3.48
8033 3.68
8034 3.55
8035 3.46
8036 2.55
8037 4.20
8038 6.36
8039 4.58
8040 20.57
8041 12.90
8042 13.36
8043 27.73
8044 34.95
8045 17.19
8046 16.55
8047 2.78
8048 3.33
8049 2.54
8050 3.04
8051 2.25
8052 2.86
8053 2.87
8054 2.88
8055 3.24
8056 3.82
8057 3.27
8058 3.24
8059 2.68
8060 2.73
8061 4.92
8062 6.71
8063 12.41
8064 11.80
8065 1.33
8066 14.45
8067 9.02
8068 46.45
8069 16.99
8070 31.60
8071 3.60
8072 2.42
8073 3.43
8074 3.38
8075 2.85
8076 3.23
8077 3.04
8078 3.19
8079 3.07
8080 4.45
8081 3.93
8082 4.59
8083 2.66
8084 2.97
8085 3.43
8086 5.06
8087 2.71
8088 5.65
8089 0.87
8090 1.24
8091 14.43
8092 2.34
8093 2.87
8094 34.70
8095 20.24
8096 13.32
8097 2.69
8098 1.44
8099 1.41
8100 2.06
8101 0.96
8102 1.89
8103 1.59
8104 2.07
8105 2.94
8106 4.87
8107 8.22
8108 7.71
8109 16.28
8110 9.77
8111 5.03
8112 12.97
8113 5.18
8114 0.00
8115 14.26
8116 27.61
8117 22.64
8118 17.49
8119 7.71
8120 2.50
8121 2.47
8122 2.81
8123 2.34
8124 2.63
8125 2.47
8126 2.38
8127 3.80
8128 2.71
8129 4.44
8130 3.13
8131 3.84
8132 5.48
8133 7.47
8134 5.36
8135 9.47
8136 11.55
8137 52.17
8138 3.25
8139 0.67
8140 13.69
8141 24.42
8142 10.92
8143 11.02
8144 3.16
8145 4.84
8146 2.14
8147 1.96
8148 3.34
8149 2.86
8150 3.02
8151 3.21
8152 2.89
8153 3.18
8154 3.37
8155 2.87
8156 2.50
8157 2.43
8158 4.45
8159 32.73
8160 0.00
8161 7.56
8162 5.91
8163 16.42
8164 12.29
8165 26.09
8166 15.68
8167 8.55
8168 2.05
8169 3.14
8170 2.96
8171 2.60
8172 3.32
8173 2.59
8174 2.75
8175 3.01
8176 4.59
8177 2.64
8178 3.56
8179 2.77
8180 4.64
8181 8.82
8182 15.80
8183 9.17
8184 0.00
8185 12.97
8186 15.19
8187 33.33
8188 3.99
8189 18.40
8190 10.82
8191 15.06
8192 1.86
8193 2.60
8194 3.33
8195 2.77
8196 2.44
8197 2.72
8198 3.07
8199 3.43
8200 3.85
8201 4.14
8202 3.17
8203 3.33
8204 3.12
8205 9.02
8206 9.42
8207 5.01
8208 9.97
8209 4.26
8210 16.97
8211 20.13
8212 5.31
8213 15.67
8214 17.01
8215 23.27
8216 2.97
8217 2.54
8218 3.35
8219 2.76
8220 3.55
8221 3.21
8222 3.38
8223 3.24
8224 3.17
8225 4.03
8226 2.67
8227 2.65
8228 3.17
8229 7.18
8230 7.43
8231 8.17
8232 12.18
8233 1.21
8234 4.87
8235 8.64
8236 20.28
8237 15.49
8238 37.00
8239 31.17
8240 2.26
8241 2.58
8242 4.50
8243 2.77
8244 2.94
8245 3.60
8246 3.91
8247 4.42
8248 5.45
8249 4.34
8250 2.35
8251 2.24
8252 2.41
8253 3.23
8254 4.35
8255 39.70
8256 29.56
8257 6.21
8258 7.34
8259 23.03
8260 44.78
8261 7.07
8262 48.65
8263 9.00
8264 2.18
8265 3.85
8266 1.01
8267 1.58
8268 1.72
8269 1.30
8270 1.19
8271 1.49
8272 3.63
8273 2.25
8274 3.65
8275 10.97
8276 6.02
8277 7.58
8278 4.25
8279 8.64
8280 12.53
8281 7.56
8282 4.99
8283 24.00
8284 10.38
8285 14.71
8286 19.05
8287 13.76
8288 3.48
8289 2.86
8290 2.06
8291 2.54
8292 3.02
8293 2.02
8294 2.28
8295 2.96
8296 3.59
8297 3.26
8298 5.31
8299 3.60
8300 4.03
8301 8.50
8302 17.79
8303 13.16
8304 12.95
8305 13.02
8306 1.40
8307 0.00
8308 38.71
8309 23.84
8310 16.68
8311 10.34
8312 2.95
8313 3.48
8314 2.92
8315 2.26
8316 3.06
8317 2.63
8318 2.83
8319 2.89
8320 3.44
8321 3.30
8322 3.64
8323 3.52
8324 3.97
8325 4.71
8326 5.32
8327 10.02
8328 30.13
8329 4.64
8330 7.72
8331 25.09
8332 13.14
8333 39.63
8334 22.17
8335 16.86
8336 2.77
8337 4.60
8338 2.81
8339 2.93
8340 2.60
8341 2.44
8342 2.55
8343 2.88
8344 3.61
8345 3.64
8346 4.88
8347 3.40
8348 3.45
8349 6.54
8350 18.09
8351 11.79
8352 20.09
8353 0.28
8354 2.17
8355 11.37
8356 24.00
8357 4.39
8358 23.53
8359 19.96
8360 5.73
8361 4.45
8362 2.82
8363 3.10
8364 2.54
8365 2.62
8366 2.47
8367 2.56
8368 3.83
8369 4.79
8370 3.77
8371 3.45
8372 3.42
8373 7.92
8374 14.66
8375 14.84
8376 4.87
8377 2.04
8378 25.28
8379 12.58
8380 14.48
8381 10.67
8382 3.02
8383 12.16
8384 3.95
8385 3.16
8386 2.69
8387 2.96
8388 2.53
8389 2.78
8390 3.12
8391 3.59
8392 4.33
8393 4.68
8394 3.15
8395 2.65
8396 3.94
8397 6.74
8398 2.71
8399 3.57
8400 6.17
8401 1.36
8402 0.00
8403 14.18
8404 31.12
8405 16.64
8406 32.37
8407 7.19
8408 1.57
8409 3.55
8410 2.93
8411 6.59
8412 3.49
8413 6.12
8414 3.29
8415 5.73
8416 6.15
8417 3.67
8418 3.49
8419 2.52
8420 3.21
8421 4.73
8422 3.22
8423 3.35
8424 7.53
8425 0.53
8426 1.10
8427 46.75
8428 31.86
8429 9.56
8430 19.66
8431 6.66
8432 8.47
8433 1.34
8434 1.22
8435 1.36
8436 2.20
8437 1.29
8438 1.63
8439 2.63
8440 2.48
8441 2.87
8442 3.60
8443 6.82
8444 16.66
8445 5.86
8446 5.29
8447 1.86
8448 29.75
8449 7.89
8450 3.44
8451 3.03
8452 15.02
8453 23.26
8454 18.27
8455 11.39
8456 2.43
8457 4.22
8458 2.86
8459 2.76
8460 3.48
8461 3.01
8462 2.45
8463 3.88
8464 4.47
8465 3.92
8466 4.46
8467 4.35
8468 7.33
8469 9.09
8470 8.25
8471 4.52
8472 36.73
8473 5.64
8474 0.00
8475 0.00
8476 14.59
8477 5.04
8478 16.43
8479 37.08
8480 2.57
8481 3.41
8482 3.22
8483 2.58
8484 3.20
8485 3.23
8486 3.17
8487 3.58
8488 3.38
8489 3.23
8490 4.82
8491 3.96
8492 3.95
8493 10.50
8494 18.04
8495 10.25
8496 14.83
8497 11.75
8498 15.45
8499 0.00
8500 14.23
8501 30.41
8502 17.80
8503 11.21
8504 2.28
8505 4.22
8506 3.38
8507 2.55
8508 3.20
8509 3.33
8510 2.86
8511 4.07
8512 3.76
8513 4.51
8514 3.39
8515 3.80
8516 4.73
8517 12.09
8518 9.21
8519 11.42
8520 7.40
8521 0.82
8522 16.44
8523 24.16
8524 20.49
8525 17.71
8526 17.06
8527 3.46
8528 3.43
8529 4.27
8530 3.81
8531 3.96
8532 3.18
8533 3.54
8534 3.30
8535 4.19
8536 4.74
8537 2.83
8538 2.94
8539 3.38
8540 3.62
8541 6.26
8542 3.64
8543 14.49
8544 15.84
8545 1.03
8546 10.79
8547 30.55
8548 14.54
8549 6.77
8550 3.18
8551 1.15
8552 3.27
8553 3.42
8554 3.72
8555 2.53
8556 3.21
8557 3.00
8558 4.13
8559 3.01
8560 3.82
8561 3.17
8562 2.87
8563 2.83
8564 4.21
8565 7.54
8566 12.29
8567 12.03
8568 10.56
8569 4.89
8570 7.80
8571 2.95
8572 15.87
8573 8.23
8574 27.25
8575 7.98
8576 1.70
8577 7.20
8578 6.04
8579 5.80
8580 4.61
8581 4.41
8582 6.34
8583 8.14
8584 4.29
8585 5.73
8586 7.06
8587 2.44
8588 3.72
8589 4.23
8590 9.66
8591 5.66
8592 6.21
8593 0.70
8594 1.97
8595 13.43
8596 19.39
8597 20.97
8598 39.67
8599 4.31
8600 1.79
8601 4.87
8602 13.99
8603 5.97
8604 7.83
8605 2.00
8606 12.62
8607 16.51
8608 2.67
8609 8.09
8610 2.68
8611 13.51
8612 5.36
8613 3.41
8614 1.54
8615 6.74
8616 2.15
8617 0.44
8618 2.23
8619 5.20
8620 17.91
8621 15.93
8622 17.90
8623 2.48
8624 0.60
8625 0.72
8626 0.69
8627 1.10
8628 1.33
8629 1.48
8630 1.56
8631 1.68
8632 2.28
8633 1.71
8634 1.99
8635 2.84
8636 3.33
8637 8.64
8638 2.11
8639 1.84
8640 11.03
8641 1.05
8642 0.92
8643 0.60
8644 4.02
8645 19.67
8646 34.18
8647 13.09
8648 0.57
8649 2.75
8650 1.18
8651 1.51
8652 2.65
8653 3.70
8654 2.38
8655 2.07
8656 3.32
8657 5.45
8658 3.81
8659 3.65
8660 4.85
8661 10.00
8662 11.54
8663 3.21
8664 11.46
8665 1.70
8666 9.88
8667 52.17
8668 13.83
8669 16.57
8670 10.13
8671 21.44
8672 1.05
8673 4.52
8674 2.37
8675 4.13
8676 3.59
8677 4.62
8678 4.37
8679 4.96
8680 5.85
8681 3.44
8682 3.23
8683 4.44
8684 5.97
8685 9.08
8686 9.99
8687 14.40
8688 4.64
8689 1.37
8690 1.39
8691 5.18
8692 15.86
8693 39.13
8694 2.61
8695 13.68
8696 1.07
8697 2.23
8698 6.16
8699 5.33
8700 3.46
8701 4.38
8702 3.16
8703 4.53
8704 6.09
8705 3.62
8706 3.52
8707 3.48
8708 5.08
8709 12.22
8710 7.98
8711 13.76
8712 9.37
8713 10.48
8714 16.27
8715 14.65
8716 4.26
8717 10.03
8718 15.34
8719 22.91
8720 0.85
8721 3.09
8722 4.49
8723 3.33
8724 3.77
8725 4.62
8726 4.22
8727 3.70
8728 6.02
8729 2.80
8730 3.67
8731 5.29
8732 4.94
8733 8.76
8734 13.02
8735 0.00
8736 8.79
8737 0.79
8738 7.39
8739 2.09
8740 13.31
8741 7.74
8742 17.39
8743 24.72
8744 0.84
8745 5.40
8746 3.27
8747 5.75
8748 3.47
8749 6.25
8750 5.46
8751 3.93
8752 4.92
8753 5.19
8754 2.77
8755 3.79
8756 5.25
8757 4.66
8758 2.29
8759 4.06
8760 6.63
