1 0.10
2 0.16
3 0.00
4 0.00
5 0.29
6 0.00
7 0.00
8 0.13
9 56.25
10 17.39
11 0.93
12 0.56
13 0.59
14 3.07
15 1.29
16 3.30
17 17.01
18 2.62
19 3.76
20 0.00
21 2.00
22 13.04
23 6.64
24 0.00
25 0.04
26 46.75
27 0.00
28 0.00
29 0.00
30 0.00
31 0.00
32 0.19
33 1.10
34 0.88
35 1.09
36 1.08
37 1.37
38 1.32
39 1.63
40 2.31
41 1.99
42 2.40
43 2.72
44 0.00
45 17.56
46 41.14
47 0.00
48 0.00
49 0.04
50 0.00
51 0.00
52 0.00
53 0.00
54 0.00
55 0.00
56 0.30
57 1.13
58 1.37
59 2.05
60 1.58
61 1.98
62 2.28
63 1.99
64 2.76
65 2.37
66 2.66
67 4.91
68 0.00
69 6.27
70 0.00
71 1.31
72 0.00
73 0.04
74 0.00
75 2.49
76 0.00
77 0.00
78 0.00
79 0.00
80 0.25
81 2.11
82 2.07
83 2.14
84 2.17
85 2.29
86 2.08
87 2.26
88 2.50
89 1.85
90 1.84
91 3.69
92 0.96
93 1.35
94 0.79
95 1.68
96 1.38
97 0.04
98 12.79
99 0.00
100 0.00
101 0.00
102 0.00
103 0.00
104 0.32
105 1.99
106 1.35
107 1.40
108 1.83
109 1.80
110 1.97
111 2.55
112 2.92
113 2.11
114 2.37
115 6.36
116 21.56
117 14.94
118 0.76
119 0.00
120 0.00
121 0.04
122 0.00
123 0.00
124 0.00
125 34.62
126 0.00
127 0.00
128 0.28
129 1.56
130 1.52
131 1.88
132 1.49
133 2.17
134 1.90
135 1.86
136 2.09
137 2.92
138 3.19
139 6.41
140 9.28
141 0.52
142 2.11
143 19.73
144 18.18
145 0.12
146 39.56
147 0.00
148 0.00
149 11.92
150 0.00
151 0.00
152 0.49
153 1.01
154 1.21
155 1.25
156 1.60
157 2.09
158 1.24
159 1.92
160 2.14
161 3.00
162 2.17
163 1.46
164 10.01
165 2.23
166 9.05
167 0.00
168 17.06
169 0.06
170 0.00
171 0.00
172 0.43
173 0.00
174 0.00
175 0.00
176 0.17
177 0.59
178 1.17
179 1.11
180 1.49
181 1.44
182 1.42
183 1.58
184 1.95
185 2.28
186 1.35
187 4.64
188 21.62
189 0.91
190 37.89
191 3.93
192 1.66
193 0.06
194 0.00
195 6.44
196 0.00
197 0.00
198 0.00
199 0.00
200 0.26
201 1.45
202 0.99
203 2.07
204 2.00
205 2.22
206 1.53
207 2.14
208 2.49
209 2.11
210 2.62
211 5.25
212 0.58
213 0.00
214 0.00
215 0.00
216 0.00
217 0.04
218 0.00
219 0.00
220 0.00
221 0.00
222 0.00
223 0.00
224 0.24
225 1.28
226 1.37
227 1.49
228 1.74
229 1.48
230 1.92
231 1.78
232 2.50
233 2.70
234 1.93
235 3.66
236 4.19
237 1.79
238 0.00
239 14.22
240 0.00
241 0.06
242 0.00
243 1.50
244 0.00
245 0.00
246 0.00
247 0.00
248 0.26
249 0.98
250 1.81
251 2.40
252 2.09
253 1.72
254 1.75
255 1.79
256 2.33
257 1.67
258 1.83
259 3.14
260 0.57
261 1.05
262 0.00
263 1.03
264 0.00
265 0.05
266 0.00
267 0.00
268 0.00
269 0.00
270 0.00
271 0.00
272 0.29
273 1.29
274 1.46
275 1.48
276 1.49
277 1.78
278 2.03
279 1.64
280 1.75
281 2.63
282 2.08
283 5.03
284 9.84
285 0.30
286 19.57
287 1.42
288 0.00
289 0.25
290 0.00
291 0.00
292 0.99
293 0.00
294 0.00
295 0.35
296 0.34
297 1.18
298 1.58
299 1.62
300 1.88
301 1.46
302 1.77
303 2.24
304 1.95
305 2.40
306 2.28
307 4.71
308 40.45
309 22.02
310 1.36
311 4.91
312 1.60
313 0.09
314 0.00
315 0.89
316 0.00
317 43.90
318 0.55
319 0.00
320 0.43
321 1.06
322 1.20
323 1.28
324 1.50
325 2.43
326 1.84
327 1.28
328 1.11
329 4.65
330 3.15
331 2.61
332 0.00
333 9.57
334 2.13
335 24.41
336 0.00
337 0.11
338 0.00
339 0.00
340 0.00
341 0.00
342 0.00
343 0.00
344 0.23
345 1.78
346 1.76
347 2.00
348 1.71
349 1.78
350 1.32
351 1.72
352 3.61
353 2.19
354 4.51
355 7.31
356 2.69
357 1.74
358 0.00
359 13.33
360 0.00
361 0.04
362 0.00
363 0.00
364 0.00
365 0.00
366 0.00
367 0.00
368 0.28
369 1.39
370 2.89
371 1.91
372 2.55
373 1.63
374 2.03
375 2.20
376 2.37
377 2.78
378 2.57
379 5.40
380 10.96
381 1.02
382 0.00
383 1.80
384 1.95
385 0.09
386 0.00
387 0.00
388 0.00
389 0.00
390 0.00
391 0.00
392 0.35
393 1.62
394 1.35
395 2.36
396 1.65
397 2.40
398 2.58
399 2.23
400 2.95
401 2.98
402 3.33
403 7.65
404 3.92
405 8.89
406 0.61
407 24.32
408 0.00
409 0.09
410 0.00
411 0.00
412 0.00
413 43.90
414 53.73
415 0.00
416 0.26
417 1.80
418 2.94
419 2.55
420 2.71
421 2.53
422 3.12
423 3.12
424 3.00
425 2.55
426 2.22
427 5.52
428 2.44
429 0.56
430 2.37
431 16.59
432 1.46
433 0.14
434 0.00
435 0.00
436 0.00
437 0.00
438 0.00
439 2.74
440 0.36
441 1.87
442 2.30
443 1.79
444 2.10
445 2.06
446 1.81
447 2.56
448 2.46
449 3.79
450 3.06
451 7.62
452 0.79
453 56.25
454 8.49
455 2.14
456 0.00
457 0.08
458 0.00
459 0.00
460 0.00
461 0.00
462 0.00
463 0.37
464 0.35
465 2.35
466 1.68
467 2.22
468 2.39
469 2.31
470 2.25
471 2.60
472 3.34
473 2.99
474 3.38
475 7.23
476 7.10
477 1.29
478 17.14
479 34.95
480 0.00
481 0.12
482 0.63
483 0.00
484 0.44
485 0.00
486 3.21
487 0.00
488 0.51
489 1.33
490 1.32
491 1.34
492 1.78
493 2.68
494 1.58
495 2.12
496 2.36
497 4.59
498 3.60
499 8.17
500 12.27
501 9.60
502 0.73
503 3.06
504 0.00
505 0.09
506 0.00
507 0.00
508 0.50
509 0.00
510 0.00
511 0.00
512 0.24
513 3.17
514 1.72
515 2.22
516 1.96
517 1.97
518 1.71
519 1.28
520 2.02
521 2.14
522 5.63
523 2.00
524 47.37
525 13.21
526 0.00
527 0.00
528 0.00
529 0.04
530 2.70
531 29.75
532 0.00
533 0.00
534 0.00
535 0.00
536 0.31
537 1.35
538 2.19
539 3.20
540 2.91
541 2.55
542 3.61
543 2.72
544 2.88
545 3.80
546 3.27
547 6.88
548 0.80
549 1.70
550 1.06
551 5.95
552 0.00
553 0.04
554 0.00
555 0.00
556 0.00
557 0.00
558 0.00
559 0.00
560 0.35
561 1.66
562 1.91
563 1.93
564 2.31
565 2.35
566 2.60
567 2.49
568 2.76
569 3.38
570 2.98
571 7.15
572 1.08
573 0.00
574 7.01
575 0.00
576 13.28
577 0.04
578 0.00
579 47.37
580 0.00
581 0.00
582 0.00
583 0.00
584 0.26
585 1.91
586 2.15
587 2.90
588 2.59
589 2.17
590 3.69
591 2.71
592 2.78
593 2.38
594 2.08
595 4.25
596 1.75
597 1.40
598 0.83
599 6.38
600 1.02
601 0.04
602 0.00
603 0.00
604 2.00
605 0.00
606 0.00
607 0.00
608 0.17
609 3.19
610 2.11
611 1.17
612 1.67
613 1.38
614 1.92
615 2.07
616 1.98
617 2.33
618 2.28
619 4.03
620 3.78
621 1.45
622 2.42
623 9.52
624 40.91
625 0.04
626 0.21
627 0.00
628 0.00
629 0.00
630 0.00
631 0.36
632 0.24
633 0.95
634 1.82
635 2.18
636 2.11
637 1.80
638 1.76
639 2.11
640 2.13
641 2.39
642 2.29
643 5.78
644 18.40
645 0.85
646 0.79
647 51.43
648 12.53
649 0.04
650 0.00
651 1.08
652 0.44
653 0.00
654 0.00
655 45.00
656 0.42
657 1.49
658 1.18
659 1.26
660 1.85
661 1.79
662 1.45
663 1.37
664 2.52
665 2.12
666 2.86
667 0.69
668 7.91
669 0.00
670 0.85
671 2.27
672 0.00
673 0.09
674 0.00
675 0.00
676 1.21
677 0.00
678 0.00
679 0.00
680 0.22
681 1.41
682 1.19
683 1.90
684 1.55
685 1.15
686 1.43
687 2.63
688 1.72
689 3.03
690 3.00
691 0.97
692 0.54
693 0.00
694 9.68
695 2.44
696 0.00
697 0.04
698 0.00
699 0.00
700 0.00
701 0.00
702 0.00
703 0.00
704 0.20
705 0.71
706 2.18
707 2.17
708 1.80
709 1.82
710 1.29
711 3.08
712 1.99
713 2.22
714 2.41
715 4.69
716 0.47
717 12.08
718 0.83
719 0.00
720 0.00
721 0.04
722 0.00
723 0.00
724 0.00
725 0.00
726 0.00
727 40.45
728 0.23
729 1.39
730 1.37
731 1.90
732 1.78
733 1.61
734 2.20
735 2.15
736 2.89
737 1.87
738 1.99
739 3.47
740 0.48
741 6.58
742 0.82
743 50.00
744 0.00
745 0.04
746 0.00
747 5.43
748 0.00
749 0.00
750 0.00
751 0.00
752 0.21
753 2.30
754 1.29
755 2.24
756 1.88
757 1.31
758 1.40
759 1.88
760 2.21
761 1.86
762 1.82
763 3.74
764 4.46
765 1.89
766 0.00
767 44.44
768 0.00
769 0.04
770 0.00
771 0.00
772 0.00
773 0.00
774 0.00
775 0.00
776 0.22
777 0.98
778 1.28
779 1.23
780 2.06
781 1.92
782 2.58
783 2.24
784 1.74
785 1.79
786 2.37
787 3.03
788 0.26
789 0.76
790 0.98
791 0.00
792 0.00
793 0.07
794 0.00
795 0.00
796 0.00
797 0.00
798 0.00
799 0.90
800 0.25
801 1.57
802 1.35
803 1.57
804 2.22
805 1.94
806 2.15
807 2.21
808 2.13
809 3.10
810 2.53
811 5.81
812 50.00
813 5.75
814 4.75
815 2.63
816 28.46
817 0.06
818 0.00
819 0.00
820 0.26
821 0.00
822 0.00
823 0.00
824 0.45
825 1.00
826 1.23
827 1.27
828 1.84
829 2.46
830 1.33
831 1.70
832 2.04
833 0.95
834 2.51
835 1.31
836 0.75
837 0.00
838 1.09
839 0.00
840 0.00
841 0.08
842 0.00
843 26.57
844 0.00
845 0.44
846 0.00
847 22.50
848 0.17
849 1.16
850 1.35
851 1.63
852 1.59
853 1.84
854 1.25
855 1.44
856 1.00
857 1.16
858 1.21
859 3.66
860 0.77
861 3.68
862 0.97
863 1.17
864 0.00
865 0.04
866 1.35
867 0.00
868 0.17
869 0.00
870 0.00
871 0.00
872 0.23
873 1.41
874 0.93
875 2.13
876 1.69
877 1.62
878 1.75
879 2.22
880 2.57
881 2.37
882 2.73
883 5.85
884 1.57
885 1.03
886 5.74
887 4.09
888 0.00
889 0.04
890 0.00
891 0.00
892 0.00
893 0.00
894 0.00
895 0.00
896 0.26
897 2.09
898 1.72
899 2.12
900 2.31
901 1.84
902 2.57
903 2.01
904 2.92
905 2.88
906 3.33
907 5.99
908 52.69
909 0.48
910 20.00
911 0.00
912 0.00
913 0.04
914 0.00
915 8.93
916 0.00
917 0.00
918 0.00
919 0.00
920 0.21
921 2.34
922 1.40
923 1.78
924 2.55
925 1.94
926 1.87
927 2.00
928 3.03
929 2.42
930 2.02
931 5.30
932 1.46
933 1.94
934 0.50
935 2.37
936 0.00
937 0.04
938 0.00
939 0.00
940 0.00
941 0.00
942 0.00
943 0.00
944 0.26
945 2.51
946 1.46
947 2.11
948 2.32
949 2.32
950 1.95
951 2.72
952 3.52
953 2.67
954 2.84
955 7.44
956 5.04
957 5.19
958 3.26
959 2.13
960 0.00
961 0.05
962 0.00
963 0.00
964 0.00
965 0.00
966 0.00
967 0.00
968 0.29
969 1.79
970 1.73
971 1.78
972 1.87
973 2.56
974 1.88
975 2.74
976 2.48
977 2.75
978 2.72
979 7.89
980 11.29
981 7.21
982 1.90
983 0.70
984 0.00
985 0.05
986 0.00
987 0.00
988 0.00
989 0.00
990 0.00
991 0.80
992 0.42
993 1.44
994 1.34
995 1.58
996 1.69
997 2.96
998 1.47
999 1.67
1000 2.28
1001 3.39
1002 1.75
1003 3.07
1004 7.60
1005 13.02
1006 1.99
1007 1.74
1008 22.64
1009 0.04
1010 0.00
1011 0.00
1012 0.95
1013 0.00
1014 2.13
1015 0.00
1016 0.22
1017 1.78
1018 1.74
1019 1.57
1020 1.51
1021 1.15
1022 1.26
1023 1.48
1024 1.97
1025 1.79
1026 1.42
1027 6.16
1028 6.96
1029 0.64
1030 1.26
1031 0.00
1032 1.28
1033 0.10
1034 0.00
1035 0.43
1036 0.00
1037 0.00
1038 0.69
1039 0.00
1040 0.19
1041 0.97
1042 1.26
1043 1.69
1044 2.46
1045 2.42
1046 1.84
1047 2.35
1048 3.62
1049 1.96
1050 2.76
1051 4.76
1052 0.47
1053 0.00
1054 43.64
1055 1.24
1056 0.00
1057 0.07
1058 0.00
1059 0.28
1060 0.00
1061 0.00
1062 0.00
1063 0.00
1064 0.25
1065 1.06
1066 1.56
1067 2.03
1068 2.49
1069 1.93
1070 1.84
1071 2.24
1072 3.26
1073 2.93
1074 2.41
1075 6.19
1076 1.93
1077 1.97
1078 2.03
1079 11.68
1080 4.29
1081 0.24
1082 0.00
1083 3.50
1084 0.00
1085 1.93
1086 0.00
1087 0.98
1088 0.22
1089 1.37
1090 1.47
1091 1.70
1092 3.03
1093 2.07
1094 1.86
1095 2.43
1096 2.39
1097 1.67
1098 1.88
1099 3.84
1100 1.66
1101 1.54
1102 3.17
1103 8.96
1104 10.41
1105 0.10
1106 9.52
1107 13.84
1108 13.66
1109 5.39
1110 5.75
1111 8.61
1112 0.24
1113 1.01
1114 1.48
1115 1.92
1116 1.86
1117 1.71
1118 2.26
1119 2.10
1120 2.30
1121 1.56
1122 2.26
1123 5.63
1124 0.77
1125 4.00
1126 0.84
1127 8.89
1128 1.17
1129 0.28
1130 1.42
1131 0.00
1132 55.38
1133 0.93
1134 1.32
1135 0.00
1136 0.24
1137 1.04
1138 1.42
1139 1.63
1140 1.69
1141 1.53
1142 2.08
1143 1.98
1144 2.22
1145 1.86
1146 2.82
1147 5.52
1148 15.64
1149 4.86
1150 10.20
1151 9.14
1152 9.24
1153 0.16
1154 0.38
1155 0.00
1156 0.41
1157 0.00
1158 0.00
1159 0.00
1160 0.42
1161 1.09
1162 1.15
1163 1.35
1164 1.50
1165 2.27
1166 1.30
1167 1.03
1168 1.89
1169 2.20
1170 1.28
1171 1.11
1172 2.06
1173 6.72
1174 17.82
1175 1.58
1176 0.00
1177 0.05
1178 0.00
1179 0.00
1180 0.00
1181 4.66
1182 0.00
1183 0.00
1184 0.18
1185 1.44
1186 0.99
1187 1.34
1188 1.04
1189 0.96
1190 1.18
1191 1.28
1192 2.18
1193 0.93
1194 1.99
1195 0.91
1196 5.22
1197 1.48
1198 0.00
1199 4.00
1200 0.00
1201 0.06
1202 0.00
1203 0.00
1204 0.00
1205 1.12
1206 0.00
1207 0.11
1208 0.19
1209 1.02
1210 1.21
1211 1.90
1212 2.38
1213 2.53
1214 1.27
1215 2.29
1216 1.86
1217 2.08
1218 2.75
1219 4.15
1220 0.65
1221 12.46
1222 0.00
1223 1.51
1224 0.00
1225 0.06
1226 0.00
1227 0.00
1228 0.00
1229 0.00
1230 10.72
1231 16.37
1232 0.28
1233 2.15
1234 1.60
1235 1.74
1236 2.16
1237 2.05
1238 1.99
1239 2.36
1240 2.01
1241 2.10
1242 2.52
1243 3.71
1244 0.63
1245 1.84
1246 51.43
1247 0.00
1248 0.00
1249 0.05
1250 0.00
1251 0.00
1252 0.00
1253 0.00
1254 0.00
1255 33.96
1256 0.19
1257 1.47
1258 1.84
1259 1.68
1260 2.78
1261 1.69
1262 2.28
1263 2.05
1264 2.59
1265 1.81
1266 2.06
1267 3.23
1268 1.21
1269 5.24
1270 1.96
1271 2.90
1272 0.00
1273 0.08
1274 0.00
1275 2.80
1276 1.55
1277 12.68
1278 2.78
1279 0.00
1280 0.22
1281 1.04
1282 2.09
1283 1.74
1284 1.84
1285 1.89
1286 2.24
1287 2.57
1288 2.54
1289 2.24
1290 1.96
1291 4.39
1292 54.55
1293 8.00
1294 4.80
1295 2.66
1296 22.27
1297 0.24
1298 1.98
1299 0.48
1300 0.00
1301 0.37
1302 0.00
1303 0.00
1304 0.23
1305 0.83
1306 1.26
1307 1.88
1308 1.75
1309 1.78
1310 2.02
1311 1.87
1312 2.39
1313 2.68
1314 2.66
1315 5.46
1316 1.40
1317 13.31
1318 1.55
1319 0.60
1320 0.00
1321 0.14
1322 0.00
1323 0.00
1324 0.41
1325 0.17
1326 0.00
1327 0.80
1328 0.41
1329 1.24
1330 1.12
1331 1.62
1332 1.85
1333 3.07
1334 1.54
1335 1.55
1336 1.43
1337 1.56
1338 3.35
1339 3.28
1340 2.08
1341 1.82
1342 0.82
1343 37.89
1344 2.41
1345 0.07
1346 0.00
1347 1.18
1348 0.00
1349 0.00
1350 6.95
1351 16.18
1352 0.17
1353 1.24
1354 1.05
1355 0.82
1356 1.50
1357 1.17
1358 2.16
1359 1.07
1360 2.50
1361 1.84
1362 1.72
1363 11.21
1364 0.83
1365 32.14
1366 0.95
1367 0.66
1368 0.00
1369 0.07
1370 0.00
1371 0.00
1372 0.00
1373 1.97
1374 0.00
1375 0.32
1376 0.18
1377 0.79
1378 1.18
1379 1.58
1380 2.56
1381 1.81
1382 1.62
1383 2.20
1384 2.18
1385 2.02
1386 2.04
1387 2.96
1388 15.13
1389 12.69
1390 1.29
1391 5.54
1392 1.20
1393 0.08
1394 2.00
1395 0.30
1396 0.00
1397 0.00
1398 2.29
1399 0.34
1400 0.19
1401 1.13
1402 1.15
1403 1.48
1404 1.98
1405 1.90
1406 1.57
1407 2.27
1408 1.93
1409 2.45
1410 2.53
1411 4.30
1412 5.95
1413 2.24
1414 2.36
1415 4.38
1416 5.56
1417 0.06
1418 0.00
1419 0.00
1420 0.00
1421 0.00
1422 0.60
1423 1.95
1424 0.24
1425 1.04
1426 1.38
1427 1.48
1428 1.84
1429 1.86
1430 2.07
1431 2.11
1432 2.75
1433 2.07
1434 2.22
1435 3.39
1436 0.43
1437 9.50
1438 0.99
1439 0.00
1440 0.00
1441 0.04
1442 0.00
1443 0.00
1444 0.00
1445 0.00
1446 1.99
1447 0.00
1448 0.22
1449 1.89
1450 1.56
1451 1.51
1452 1.66
1453 1.67
1454 1.64
1455 1.80
1456 2.15
1457 2.49
1458 2.43
1459 3.60
1460 7.54
1461 9.00
1462 7.41
1463 1.58
1464 0.00
1465 0.04
1466 0.00
1467 0.00
1468 0.00
1469 0.00
1470 0.65
1471 0.00
1472 0.38
1473 1.23
1474 1.11
1475 1.33
1476 1.92
1477 2.41
1478 1.28
1479 1.71
1480 1.78
1481 1.97
1482 2.27
1483 4.40
1484 1.11
1485 4.25
1486 0.00
1487 0.00
1488 0.00
1489 0.04
1490 0.00
1491 0.00
1492 0.00
1493 0.00
1494 0.00
1495 0.00
1496 0.14
1497 1.43
1498 1.24
1499 1.24
1500 0.92
1501 1.23
1502 0.99
1503 1.08
1504 0.66
1505 2.09
1506 1.52
1507 3.83
1508 0.35
1509 0.00
1510 14.88
1511 0.00
1512 0.00
1513 0.04
1514 0.00
1515 0.00
1516 0.00
1517 0.00
1518 0.00
1519 1.41
1520 0.21
1521 1.27
1522 1.44
1523 1.40
1524 2.12
1525 1.77
1526 2.24
1527 2.05
1528 2.07
1529 1.92
1530 2.35
1531 6.57
1532 2.11
1533 0.00
1534 41.38
1535 0.00
1536 0.00
1537 0.04
1538 0.00
1539 0.00
1540 0.00
1541 0.00
1542 0.00
1543 0.39
1544 0.20
1545 1.38
1546 1.52
1547 1.85
1548 1.86
1549 2.06
1550 1.84
1551 2.14
1552 2.58
1553 2.40
1554 2.93
1555 4.17
1556 18.37
1557 0.46
1558 0.61
1559 4.74
1560 0.00
1561 0.04
1562 3.50
1563 0.00
1564 0.00
1565 0.00
1566 0.00
1567 2.53
1568 0.21
1569 1.19
1570 1.13
1571 1.98
1572 1.95
1573 1.85
1574 1.64
1575 1.75
1576 2.30
1577 2.27
1578 2.01
1579 4.12
1580 0.91
1581 0.00
1582 54.55
1583 24.83
1584 0.00
1585 0.06
1586 0.00
1587 0.00
1588 0.00
1589 0.00
1590 0.00
1591 0.00
1592 0.26
1593 1.40
1594 1.49
1595 1.48
1596 1.62
1597 2.04
1598 1.86
1599 1.95
1600 2.81
1601 2.34
1602 2.48
1603 3.04
1604 3.25
1605 9.52
1606 0.77
1607 2.10
1608 0.00
1609 0.04
1610 0.00
1611 0.00
1612 0.00
1613 0.00
1614 2.92
1615 1.50
1616 0.28
1617 1.05
1618 1.52
1619 1.67
1620 1.42
1621 1.66
1622 2.12
1623 2.12
1624 2.09
1625 2.43
1626 2.69
1627 6.07
1628 0.64
1629 0.91
1630 0.00
1631 1.32
1632 0.00
1633 0.08
1634 24.00
1635 0.00
1636 0.64
1637 0.00
1638 0.95
1639 0.00
1640 0.45
1641 1.24
1642 1.20
1643 1.35
1644 1.73
1645 2.25
1646 1.22
1647 1.47
1648 1.48
1649 1.43
1650 1.71
1651 2.50
1652 1.30
1653 7.98
1654 18.60
1655 1.68
1656 3.23
1657 0.06
1658 0.00
1659 0.00
1660 0.00
1661 0.00
1662 0.00
1663 0.00
1664 0.15
1665 1.45
1666 1.04
1667 1.21
1668 1.32
1669 1.15
1670 0.85
1671 1.07
1672 1.86
1673 2.02
1674 5.37
1675 7.53
1676 30.00
1677 4.57
1678 1.08
1679 6.88
1680 0.00
1681 0.04
1682 0.00
1683 0.00
1684 0.00
1685 0.00
1686 0.00
1687 18.56
1688 0.14
1689 0.66
1690 0.64
1691 0.67
1692 0.81
1693 1.14
1694 1.49
1695 1.40
1696 1.31
1697 1.87
1698 2.19
1699 5.47
1700 0.27
1701 1.51
1702 2.70
1703 5.93
1704 7.53
1705 0.06
1706 3.56
1707 0.00
1708 0.00
1709 0.00
1710 0.00
1711 6.84
1712 0.25
1713 1.21
1714 1.76
1715 1.92
1716 2.24
1717 1.64
1718 1.80
1719 2.11
1720 1.94
1721 3.02
1722 2.44
1723 5.57
1724 4.93
1725 5.00
1726 12.65
1727 0.00
1728 0.00
1729 0.04
1730 42.86
1731 0.00
1732 0.00
1733 0.00
1734 0.00
1735 0.00
1736 0.22
1737 1.82
1738 1.84
1739 1.77
1740 1.75
1741 1.99
1742 2.05
1743 1.85
1744 2.54
1745 2.27
1746 2.09
1747 4.75
1748 1.93
1749 7.61
1750 0.00
1751 0.00
1752 0.00
1753 0.04
1754 0.00
1755 0.00
1756 0.00
1757 0.00
1758 0.00
1759 2.02
1760 0.28
1761 2.38
1762 1.38
1763 2.02
1764 1.95
1765 1.77
1766 2.38
1767 2.42
1768 2.65
1769 1.90
1770 2.08
1771 3.59
1772 0.71
1773 2.25
1774 2.15
1775 24.16
1776 0.00
1777 0.04
1778 0.00
1779 0.00
1780 0.00
1781 0.00
1782 1.63
1783 38.30
1784 0.30
1785 1.27
1786 1.48
1787 1.85
1788 1.61
1789 2.31
1790 2.23
1791 2.18
1792 2.06
1793 2.36
1794 2.76
1795 5.09
1796 23.38
1797 0.60
1798 0.00
1799 0.00
1800 0.00
1801 0.05
1802 0.00
1803 0.00
1804 0.00
1805 0.00
1806 1.91
1807 1.69
1808 0.43
1809 1.18
1810 1.45
1811 1.51
1812 1.87
1813 2.52
1814 1.11
1815 1.70
1816 1.68
1817 2.02
1818 1.04
1819 3.95
1820 13.09
1821 1.15
1822 20.57
1823 6.20
1824 0.00
1825 0.04
1826 0.00
1827 0.00
1828 0.00
1829 0.00
1830 0.00
1831 0.00
1832 0.19
1833 0.78
1834 0.66
1835 1.17
1836 1.41
1837 1.54
1838 1.01
1839 0.91
1840 1.65
1841 1.27
1842 2.36
1843 4.32
1844 4.33
1845 1.12
1846 21.95
1847 7.70
1848 0.00
1849 0.04
1850 0.00
1851 0.00
1852 0.00
1853 0.00
1854 0.00
1855 1.33
1856 0.20
1857 1.84
1858 1.51
1859 1.96
1860 2.12
1861 2.10
1862 1.75
1863 2.85
1864 2.55
1865 2.38
1866 2.63
1867 5.24
1868 0.77
1869 22.93
1870 45.57
1871 0.00
1872 0.00
1873 0.04
1874 0.00
1875 0.00
1876 0.00
1877 0.00
1878 1.08
1879 34.95
1880 0.25
1881 1.20
1882 1.53
1883 1.76
1884 1.89
1885 2.17
1886 2.35
1887 2.12
1888 3.15
1889 2.67
1890 2.30
1891 4.86
1892 0.78
1893 12.04
1894 0.56
1895 1.43
1896 38.30
1897 0.04
1898 0.00
1899 0.00
1900 0.00
1901 0.00
1902 0.00
1903 1.36
1904 0.20
1905 1.32
1906 1.95
1907 1.84
1908 2.91
1909 1.67
1910 2.42
1911 2.02
1912 1.95
1913 2.03
1914 1.78
1915 4.69
1916 13.09
1917 34.95
1918 0.56
1919 0.00
1920 0.00
1921 0.04
1922 0.00
1923 0.00
1924 0.00
1925 0.00
1926 0.00
1927 0.00
1928 0.23
1929 0.94
1930 1.53
1931 1.71
1932 2.40
1933 1.85
1934 1.99
1935 2.26
1936 1.94
1937 1.79
1938 2.30
1939 5.10
1940 0.61
1941 0.95
1942 0.00
1943 0.00
1944 0.00
1945 0.04
1946 0.00
1947 0.00
1948 0.00
1949 0.00
1950 1.77
1951 6.16
1952 0.32
1953 1.18
1954 1.46
1955 1.62
1956 1.66
1957 1.68
1958 1.43
1959 1.74
1960 2.07
1961 2.10
1962 2.07
1963 5.37
1964 0.94
1965 6.12
1966 0.99
1967 5.76
1968 0.00
1969 0.06
1970 0.00
1971 0.22
1972 0.00
1973 0.00
1974 0.00
1975 1.37
1976 0.43
1977 1.17
1978 1.12
1979 1.30
1980 1.49
1981 2.14
1982 1.45
1983 1.15
1984 1.50
1985 1.54
1986 1.99
1987 5.94
1988 3.68
1989 5.45
1990 1.31
1991 2.41
1992 0.00
1993 0.04
1994 0.00
1995 0.00
1996 0.00
1997 0.00
1998 0.00
1999 25.53
2000 0.21
2001 0.82
2002 0.89
2003 1.80
2004 1.08
2005 1.15
2006 1.05
2007 1.31
2008 1.78
2009 1.71
2010 2.97
2011 2.05
2012 4.80
2013 0.71
2014 0.00
2015 0.00
2016 0.00
2017 0.04
2018 0.00
2019 0.00
2020 0.00
2021 57.14
2022 0.00
2023 0.00
2024 0.22
2025 1.03
2026 0.95
2027 2.50
2028 1.90
2029 2.13
2030 1.31
2031 1.70
2032 2.64
2033 2.05
2034 2.07
2035 5.51
2036 10.13
2037 0.49
2038 0.00
2039 0.00
2040 0.00
2041 0.04
2042 0.00
2043 0.00
2044 0.00
2045 0.00
2046 0.00
2047 2.11
2048 0.25
2049 1.46
2050 1.31
2051 1.32
2052 1.39
2053 1.80
2054 1.75
2055 1.94
2056 2.03
2057 2.34
2058 1.99
2059 2.95
2060 0.97
2061 1.22
2062 3.85
2063 1.23
2064 0.00
2065 0.04
2066 0.00
2067 0.00
2068 0.00
2069 0.00
2070 0.00
2071 0.00
2072 0.20
2073 1.50
2074 1.37
2075 1.82
2076 2.59
2077 1.41
2078 1.46
2079 1.62
2080 2.06
2081 2.19
2082 1.71
2083 3.78
2084 1.25
2085 0.66
2086 0.00
2087 24.32
2088 0.00
2089 0.06
2090 0.05
2091 0.00
2092 0.00
2093 0.00
2094 0.00
2095 7.03
2096 0.25
2097 1.62
2098 1.42
2099 1.63
2100 2.12
2101 1.93
2102 1.95
2103 2.31
2104 1.88
2105 2.00
2106 1.95
2107 6.09
2108 1.80
2109 0.40
2110 0.50
2111 0.00
2112 0.00
2113 0.13
2114 0.00
2115 0.00
2116 0.00
2117 0.00
2118 0.00
2119 0.76
2120 0.30
2121 1.28
2122 1.21
2123 1.66
2124 1.97
2125 1.53
2126 1.84
2127 2.04
2128 2.14
2129 1.97
2130 1.88
2131 4.97
2132 6.23
2133 2.57
2134 7.14
2135 1.58
2136 0.00
2137 0.04
2138 0.35
2139 0.00
2140 0.00
2141 0.00
2142 2.15
2143 1.66
2144 0.46
2145 1.02
2146 1.18
2147 1.34
2148 1.70
2149 1.72
2150 1.64
2151 1.97
2152 1.25
2153 1.41
2154 2.04
2155 6.25
2156 0.41
2157 0.32
2158 0.79
2159 0.00
2160 0.00
2161 0.05
2162 0.00
2163 0.00
2164 0.00
2165 0.00
2166 0.00
2167 0.00
2168 0.23
2169 1.07
2170 1.38
2171 1.22
2172 1.19
2173 1.45
2174 0.99
2175 1.66
2176 1.95
2177 2.25
2178 1.35
2179 5.83
2180 1.17
2181 0.98
2182 1.30
2183 16.74
2184 0.00
2185 0.04
2186 0.00
2187 0.00
2188 0.00
2189 0.00
2190 0.00
2191 0.00
2192 0.21
2193 1.46
2194 1.42
2195 1.99
2196 1.63
2197 2.17
2198 1.95
2199 1.96
2200 1.51
2201 1.81
2202 1.75
2203 5.16
2204 3.33
2205 0.78
2206 0.57
2207 0.00
2208 0.00
2209 0.04
2210 0.00
2211 0.00
2212 0.00
2213 0.00
2214 3.26
2215 3.42
2216 0.24
2217 1.41
2218 1.67
2219 1.38
2220 1.67
2221 1.78
2222 2.17
2223 1.58
2224 2.32
2225 2.43
2226 2.18
2227 5.04
2228 3.29
2229 2.10
2230 0.97
2231 0.00
2232 0.00
2233 0.04
2234 0.00
2235 0.00
2236 0.00
2237 0.00
2238 0.00
2239 0.00
2240 0.20
2241 1.56
2242 1.76
2243 1.87
2244 1.43
2245 1.96
2246 1.61
2247 1.30
2248 2.06
2249 1.70
2250 1.87
2251 2.65
2252 0.71
2253 0.65
2254 4.56
2255 1.83
2256 0.00
2257 0.17
2258 0.00
2259 0.00
2260 0.00
2261 0.00
2262 0.92
2263 3.23
2264 0.49
2265 1.29
2266 1.19
2267 1.49
2268 1.48
2269 1.43
2270 2.03
2271 2.16
2272 1.79
2273 2.41
2274 2.12
2275 2.11
2276 0.91
2277 1.73
2278 3.00
2279 2.70
2280 0.00
2281 0.06
2282 0.00
2283 0.00
2284 0.00
2285 0.00
2286 0.00
2287 0.00
2288 0.15
2289 0.55
2290 1.46
2291 0.76
2292 0.86
2293 1.03
2294 1.57
2295 1.44
2296 1.73
2297 1.61
2298 1.93
2299 2.37
2300 1.34
2301 1.08
2302 1.72
2303 1.70
2304 0.00
2305 0.06
2306 0.00
2307 0.00
2308 0.00
2309 0.00
2310 0.00
2311 0.38
2312 0.44
2313 1.09
2314 1.10
2315 1.16
2316 1.48
2317 1.72
2318 1.15
2319 1.41
2320 2.04
2321 1.34
2322 2.50
2323 1.18
2324 0.71
2325 0.72
2326 1.31
2327 2.54
2328 19.05
2329 0.04
2330 0.00
2331 11.73
2332 0.00
2333 0.00
2334 0.00
2335 0.00
2336 0.14
2337 1.19
2338 1.56
2339 1.07
2340 1.09
2341 1.01
2342 0.81
2343 1.41
2344 0.85
2345 1.44
2346 1.84
2347 1.08
2348 0.91
2349 0.82
2350 0.62
2351 41.86
2352 17.35
2353 0.04
2354 0.00
2355 0.00
2356 10.23
2357 0.00
2358 0.00
2359 0.00
2360 0.17
2361 0.41
2362 0.89
2363 1.14
2364 1.49
2365 1.43
2366 1.35
2367 1.07
2368 1.47
2369 2.76
2370 2.05
2371 2.86
2372 2.08
2373 2.61
2374 0.76
2375 1.34
2376 0.00
2377 0.06
2378 0.00
2379 0.00
2380 0.00
2381 0.00
2382 0.00
2383 3.12
2384 0.25
2385 1.36
2386 1.76
2387 2.26
2388 1.79
2389 1.74
2390 1.97
2391 2.14
2392 2.25
2393 2.24
2394 2.35
2395 1.47
2396 1.34
2397 0.88
2398 1.34
2399 0.00
2400 0.00
2401 0.04
2402 0.00
2403 0.00
2404 0.00
2405 0.00
2406 0.00
2407 1.00
2408 0.22
2409 1.84
2410 1.44
2411 1.91
2412 1.67
2413 1.70
2414 1.98
2415 2.04
2416 2.36
2417 1.81
2418 1.88
2419 2.94
2420 0.59
2421 2.39
2422 0.61
2423 13.64
2424 0.00
2425 0.06
2426 0.00
2427 0.00
2428 0.00
2429 0.00
2430 0.00
2431 4.74
2432 0.35
2433 1.10
2434 1.26
2435 1.59
2436 1.83
2437 1.77
2438 1.94
2439 2.25
2440 2.18
2441 1.58
2442 2.35
2443 2.68
2444 0.62
2445 1.00
2446 0.97
2447 3.29
2448 58.06
2449 0.04
2450 0.00
2451 0.00
2452 0.00
2453 0.00
2454 0.75
2455 0.00
2456 0.33
2457 0.94
2458 1.57
2459 1.78
2460 1.66
2461 1.70
2462 1.75
2463 1.92
2464 1.62
2465 1.86
2466 1.82
2467 2.70
2468 0.99
2469 1.08
2470 0.66
2471 1.71
2472 0.00
2473 0.06
2474 58.06
2475 0.00
2476 0.00
2477 0.00
2478 0.00
2479 1.36
2480 0.49
2481 1.08
2482 1.04
2483 1.25
2484 1.47
2485 1.89
2486 1.11
2487 1.42
2488 1.63
2489 1.11
2490 2.42
2491 2.67
2492 1.50
2493 1.09
2494 0.99
2495 3.31
2496 0.00
2497 0.06
2498 0.00
2499 0.00
2500 0.15
2501 0.55
2502 0.00
2503 11.58
2504 0.25
2505 0.99
2506 1.32
2507 0.80
2508 1.08
2509 0.88
2510 1.19
2511 1.17
2512 1.07
2513 1.44
2514 2.11
2515 1.52
2516 1.86
2517 0.98
2518 0.93
2519 24.16
2520 0.00
2521 0.04
2522 0.00
2523 0.00
2524 0.00
2525 0.00
2526 0.00
2527 0.00
2528 0.24
2529 1.07
2530 1.35
2531 2.23
2532 2.11
2533 2.02
2534 1.40
2535 1.92
2536 2.44
2537 1.98
2538 1.48
2539 3.61
2540 4.23
2541 0.78
2542 0.84
2543 1.79
2544 0.00
2545 0.04
2546 0.00
2547 0.00
2548 0.00
2549 0.00
2550 0.00
2551 7.76
2552 0.26
2553 1.12
2554 1.37
2555 1.41
2556 1.79
2557 1.61
2558 1.82
2559 2.26
2560 2.31
2561 1.81
2562 1.68
2563 3.62
2564 0.66
2565 1.24
2566 0.80
2567 0.00
2568 0.00
2569 0.04
2570 0.00
2571 0.00
2572 0.00
2573 0.00
2574 0.00
2575 1.23
2576 0.21
2577 0.68
2578 1.57
2579 1.19
2580 2.25
2581 1.72
2582 1.40
2583 1.72
2584 2.11
2585 1.94
2586 1.87
2587 2.95
2588 0.84
2589 0.63
2590 0.68
2591 0.00
2592 0.00
2593 0.04
2594 0.00
2595 0.00
2596 0.00
2597 0.00
2598 0.00
2599 0.00
2600 0.27
2601 1.03
2602 1.38
2603 1.40
2604 1.82
2605 1.87
2606 1.76
2607 2.19
2608 1.81
2609 1.56
2610 1.45
2611 2.34
2612 0.83
2613 1.25
2614 1.69
2615 0.00
2616 0.00
2617 0.04
2618 0.00
2619 0.00
2620 0.00
2621 0.00
2622 1.12
2623 0.53
2624 0.29
2625 1.19
2626 1.42
2627 1.67
2628 1.88
2629 2.07
2630 1.55
2631 1.93
2632 1.99
2633 1.99
2634 2.01
2635 3.48
2636 2.03
2637 1.73
2638 1.65
2639 2.28
2640 21.43
2641 0.04
2642 0.00
2643 0.00
2644 0.00
2645 0.00
2646 1.97
2647 3.72
2648 0.47
2649 1.13
2650 1.01
2651 1.12
2652 1.55
2653 2.04
2654 1.03
2655 1.35
2656 1.21
2657 1.45
2658 2.32
2659 1.41
2660 0.73
2661 0.88
2662 0.93
2663 20.81
2664 1.64
2665 0.12
2666 0.00
2667 0.00
2668 0.00
2669 0.00
2670 0.00
2671 0.00
2672 0.21
2673 1.25
2674 1.40
2675 0.98
2676 1.19
2677 1.07
2678 1.19
2679 0.87
2680 1.30
2681 1.23
2682 1.10
2683 1.21
2684 1.20
2685 10.62
2686 1.89
2687 4.04
2688 0.00
2689 0.04
2690 0.00
2691 0.00
2692 0.00
2693 0.00
2694 0.00
2695 0.00
2696 0.24
2697 3.45
2698 1.59
2699 1.74
2700 1.96
2701 2.02
2702 2.15
2703 1.83
2704 2.05
2705 2.39
2706 3.09
2707 4.79
2708 1.12
2709 0.62
2710 1.36
2711 4.61
2712 0.00
2713 0.07
2714 0.00
2715 0.00
2716 0.00
2717 0.00
2718 0.00
2719 8.71
2720 0.33
2721 2.47
2722 1.41
2723 1.52
2724 2.07
2725 2.00
2726 1.71
2727 2.17
2728 2.72
2729 2.41
2730 3.19
2731 3.65
2732 0.95
2733 0.80
2734 1.80
2735 6.98
2736 0.00
2737 0.04
2738 0.00
2739 0.00
2740 0.00
2741 9.14
2742 0.00
2743 0.00
2744 0.15
2745 0.88
2746 0.81
2747 1.02
2748 1.13
2749 1.96
2750 1.89
2751 1.85
2752 1.80
2753 2.23
2754 3.65
2755 1.68
2756 0.91
2757 0.97
2758 1.09
2759 1.43
2760 0.00
2761 0.04
2762 0.00
2763 0.00
2764 0.00
2765 0.00
2766 0.00
2767 2.61
2768 0.30
2769 1.59
2770 1.33
2771 1.40
2772 1.87
2773 1.90
2774 2.01
2775 2.08
2776 2.66
2777 2.56
2778 2.06
2779 1.66
2780 0.63
2781 0.89
2782 1.48
2783 2.09
2784 0.00
2785 0.04
2786 0.00
2787 0.00
2788 0.00
2789 0.00
2790 4.36
2791 11.23
2792 0.33
2793 1.16
2794 1.45
2795 1.49
2796 2.02
2797 1.99
2798 2.02
2799 2.11
2800 2.44
2801 2.11
2802 2.76
2803 3.11
2804 2.40
2805 1.42
2806 0.84
2807 1.60
2808 0.00
2809 0.04
2810 34.95
2811 0.00
2812 12.59
2813 0.00
2814 0.74
2815 0.00
2816 0.56
2817 1.34
2818 1.13
2819 1.28
2820 1.51
2821 2.23
2822 1.24
2823 1.35
2824 1.81
2825 1.26
2826 1.75
2827 1.81
2828 1.28
2829 0.90
2830 0.89
2831 1.13
2832 0.00
2833 0.06
2834 0.00
2835 0.00
2836 0.00
2837 0.00
2838 0.00
2839 0.00
2840 0.33
2841 1.38
2842 1.02
2843 0.95
2844 1.15
2845 0.70
2846 1.05
2847 1.36
2848 1.55
2849 2.69
2850 0.98
2851 1.95
2852 1.00
2853 1.00
2854 6.89
2855 4.97
2856 0.00
2857 0.04
2858 0.00
2859 0.00
2860 0.00
2861 0.00
2862 0.00
2863 0.00
2864 0.30
2865 0.83
2866 1.40
2867 1.76
2868 2.59
2869 2.18
2870 1.56
2871 2.07
2872 2.07
2873 1.74
2874 2.26
2875 1.74
2876 0.84
2877 1.12
2878 1.17
2879 3.65
2880 0.00
2881 0.04
2882 0.00
2883 0.00
2884 0.00
2885 0.00
2886 0.00
2887 12.86
2888 0.31
2889 1.24
2890 1.64
2891 1.79
2892 2.29
2893 1.84
2894 1.86
2895 2.91
2896 1.87
2897 1.48
2898 2.14
2899 3.43
2900 0.80
2901 0.58
2902 7.18
2903 1.00
2904 0.00
2905 0.05
2906 0.00
2907 0.00
2908 0.00
2909 0.00
2910 0.00
2911 0.00
2912 0.26
2913 1.78
2914 1.21
2915 1.69
2916 1.93
2917 1.85
2918 1.65
2919 2.04
2920 2.88
2921 1.67
2922 2.11
2923 2.82
2924 0.51
2925 1.20
2926 0.59
2927 3.35
2928 2.45
2929 0.04
2930 0.00
2931 0.00
2932 0.00
2933 0.00
2934 0.00
2935 2.82
2936 0.36
2937 1.95
2938 1.20
2939 1.59
2940 1.77
2941 1.81
2942 2.22
2943 2.21
2944 1.92
2945 2.21
2946 1.85
2947 1.98
2948 0.67
2949 1.86
2950 0.87
2951 0.00
2952 0.00
2953 0.04
2954 0.00
2955 0.00
2956 0.00
2957 0.00
2958 0.00
2959 0.94
2960 0.30
2961 1.33
2962 1.75
2963 1.78
2964 1.67
2965 2.02
2966 1.87
2967 1.90
2968 2.18
2969 2.33
2970 2.05
2971 2.67
2972 1.72
2973 1.45
2974 7.42
2975 2.28
2976 1.10
2977 0.08
2978 0.00
2979 0.00
2980 0.00
2981 0.00
2982 0.00
2983 2.36
2984 0.45
2985 1.10
2986 1.03
2987 1.20
2988 1.44
2989 1.45
2990 1.11
2991 1.38
2992 1.05
2993 1.79
2994 1.26
2995 1.19
2996 0.90
2997 0.86
2998 0.76
2999 14.60
3000 0.00
3001 0.04
3002 0.00
3003 0.00
3004 0.00
3005 0.00
3006 14.46
3007 0.00
3008 0.24
3009 0.83
3010 1.24
3011 1.11
3012 1.36
3013 0.80
3014 1.12
3015 1.52
3016 1.20
3017 2.25
3018 1.65
3019 4.82
3020 0.67
3021 0.61
3022 2.42
3023 3.76
3024 0.00
3025 0.04
3026 0.00
3027 0.00
3028 0.00
3029 0.00
3030 0.00
3031 0.00
3032 0.26
3033 0.86
3034 0.82
3035 1.78
3036 1.88
3037 1.66
3038 1.51
3039 2.30
3040 2.24
3041 1.98
3042 1.87
3043 2.10
3044 2.13
3045 7.79
3046 47.37
3047 1.61
3048 0.00
3049 0.04
3050 0.00
3051 0.00
3052 0.00
3053 0.00
3054 0.00
3055 7.01
3056 0.28
3057 1.79
3058 1.33
3059 1.67
3060 1.75
3061 1.65
3062 1.89
3063 2.11
3064 2.52
3065 1.76
3066 2.08
3067 2.78
3068 1.03
3069 0.72
3070 1.23
3071 2.11
3072 0.00
3073 0.04
3074 0.00
3075 0.00
3076 0.00
3077 0.00
3078 0.00
3079 0.00
3080 0.23
3081 1.75
3082 1.78
3083 1.89
3084 2.15
3085 1.64
3086 1.57
3087 1.65
3088 1.75
3089 2.28
3090 2.49
3091 2.69
3092 0.66
3093 0.75
3094 0.00
3095 1.50
3096 0.00
3097 0.04
3098 0.00
3099 0.00
3100 0.00
3101 0.00
3102 0.00
3103 7.05
3104 0.35
3105 1.81
3106 1.54
3107 2.02
3108 1.96
3109 2.02
3110 1.87
3111 2.27
3112 1.93
3113 1.49
3114 2.06
3115 1.93
3116 0.98
3117 18.58
3118 24.16
3119 0.00
3120 0.00
3121 0.04
3122 0.00
3123 0.00
3124 0.00
3125 0.00
3126 1.74
3127 0.94
3128 0.42
3129 1.41
3130 1.79
3131 1.62
3132 1.77
3133 1.49
3134 1.52
3135 1.85
3136 2.03
3137 1.99
3138 2.11
3139 3.70
3140 1.13
3141 1.79
3142 1.18
3143 3.15
3144 0.00
3145 0.04
3146 0.00
3147 0.00
3148 0.00
3149 0.00
3150 0.74
3151 25.90
3152 0.50
3153 0.97
3154 1.13
3155 1.26
3156 1.34
3157 1.97
3158 1.46
3159 1.63
3160 1.52
3161 1.81
3162 0.99
3163 1.19
3164 1.12
3165 0.87
3166 0.53
3167 1.33
3168 0.00
3169 0.06
3170 0.00
3171 0.00
3172 0.00
3173 0.00
3174 0.00
3175 0.00
3176 0.27
3177 1.87
3178 0.94
3179 1.25
3180 1.47
3181 1.24
3182 1.32
3183 1.32
3184 1.22
3185 0.66
3186 2.53
3187 1.22
3188 3.86
3189 0.71
3190 0.72
3191 53.73
3192 0.00
3193 0.04
3194 0.00
3195 0.00
3196 0.00
3197 0.00
3198 0.00
3199 0.00
3200 0.23
3201 0.96
3202 1.05
3203 1.40
3204 1.84
3205 1.53
3206 1.94
3207 1.64
3208 1.65
3209 1.48
3210 1.73
3211 3.57
3212 0.70
3213 1.23
3214 1.29
3215 0.00
3216 0.00
3217 0.04
3218 0.00
3219 0.00
3220 0.00
3221 0.00
3222 7.58
3223 10.43
3224 0.37
3225 0.69
3226 1.33
3227 1.61
3228 2.13
3229 1.54
3230 1.78
3231 1.76
3232 1.51
3233 1.69
3234 1.44
3235 2.29
3236 1.29
3237 0.59
3238 1.00
3239 2.94
3240 0.00
3241 0.04
3242 21.05
3243 0.00
3244 0.00
3245 0.00
3246 0.00
3247 1.28
3248 0.28
3249 1.71
3250 1.27
3251 1.79
3252 2.08
3253 2.05
3254 1.33
3255 1.61
3256 1.24
3257 1.76
3258 1.91
3259 3.18
3260 1.89
3261 0.00
3262 0.53
3263 2.01
3264 0.00
3265 0.04
3266 0.00
3267 0.00
3268 0.00
3269 0.00
3270 0.00
3271 0.00
3272 0.32
3273 1.62
3274 1.30
3275 1.63
3276 2.15
3277 1.86
3278 2.25
3279 2.11
3280 1.70
3281 1.41
3282 1.86
3283 2.32
3284 0.82
3285 0.96
3286 25.35
3287 2.64
3288 0.00
3289 0.04
3290 0.00
3291 0.00
3292 0.00
3293 0.00
3294 4.04
3295 1.72
3296 0.34
3297 1.82
3298 1.50
3299 1.48
3300 1.59
3301 2.03
3302 2.17
3303 1.84
3304 1.81
3305 1.92
3306 1.69
3307 2.96
3308 1.05
3309 0.87
3310 0.62
3311 1.47
3312 0.00
3313 0.04
3314 0.00
3315 0.00
3316 0.00
3317 0.00
3318 2.16
3319 2.04
3320 0.54
3321 1.02
3322 1.15
3323 1.10
3324 1.57
3325 1.99
3326 1.26
3327 1.18
3328 1.05
3329 1.64
3330 1.01
3331 1.07
3332 1.14
3333 1.41
3334 0.60
3335 3.84
3336 56.25
3337 0.04
3338 0.32
3339 0.00
3340 0.00
3341 0.00
3342 0.00
3343 0.00
3344 0.22
3345 2.25
3346 1.09
3347 1.29
3348 1.02
3349 1.26
3350 1.23
3351 1.23
3352 1.60
3353 1.08
3354 1.07
3355 1.37
3356 0.83
3357 0.70
3358 0.69
3359 1.71
3360 0.00
3361 0.04
3362 0.00
3363 0.00
3364 18.85
3365 0.00
3366 0.00
3367 0.00
3368 0.33
3369 0.70
3370 1.13
3371 1.32
3372 1.72
3373 1.63
3374 1.68
3375 1.99
3376 1.53
3377 2.45
3378 1.74
3379 1.69
3380 0.61
3381 0.44
3382 0.68
3383 2.37
3384 0.00
3385 0.07
3386 0.00
3387 0.00
3388 0.00
3389 0.00
3390 4.18
3391 1.79
3392 0.30
3393 1.10
3394 1.27
3395 1.91
3396 2.06
3397 1.58
3398 1.76
3399 1.80
3400 1.70
3401 1.40
3402 2.64
3403 2.76
3404 0.58
3405 1.26
3406 0.90
3407 1.79
3408 0.00
3409 0.04
3410 0.00
3411 0.00
3412 0.00
3413 0.00
3414 0.00
3415 0.86
3416 0.28
3417 1.29
3418 1.81
3419 1.50
3420 1.64
3421 1.68
3422 2.09
3423 1.48
3424 1.78
3425 1.49
3426 2.16
3427 2.57
3428 0.89
3429 0.97
3430 0.79
3431 2.57
3432 0.00
3433 0.10
3434 0.00
3435 0.00
3436 0.00
3437 0.00
3438 0.00
3439 21.18
3440 0.34
3441 2.34
3442 1.84
3443 1.41
3444 1.99
3445 2.08
3446 1.85
3447 2.01
3448 2.17
3449 1.85
3450 1.76
3451 1.71
3452 1.04
3453 0.88
3454 0.00
3455 2.34
3456 0.00
3457 0.07
3458 0.00
3459 0.00
3460 0.00
3461 0.00
3462 5.15
3463 0.70
3464 0.39
3465 0.96
3466 1.36
3467 1.26
3468 1.95
3469 1.72
3470 1.53
3471 1.26
3472 1.92
3473 2.02
3474 2.39
3475 2.86
3476 1.00
3477 1.54
3478 3.11
3479 1.95
3480 0.00
3481 0.04
3482 0.00
3483 0.00
3484 0.00
3485 0.00
3486 1.86
3487 1.53
3488 0.44
3489 1.10
3490 1.19
3491 1.28
3492 1.50
3493 1.82
3494 1.25
3495 1.25
3496 1.87
3497 2.02
3498 1.75
3499 1.35
3500 0.52
3501 1.62
3502 1.69
3503 0.00
3504 0.00
3505 0.04
3506 5.28
3507 0.00
3508 0.00
3509 0.00
3510 0.00
3511 0.00
3512 0.21
3513 1.18
3514 1.47
3515 1.18
3516 1.17
3517 1.14
3518 1.23
3519 1.35
3520 1.47
3521 2.36
3522 1.61
3523 1.11
3524 0.75
3525 0.73
3526 1.19
3527 0.00
3528 0.00
3529 0.08
3530 0.00
3531 0.00
3532 0.00
3533 0.00
3534 0.00
3535 0.00
3536 0.26
3537 1.14
3538 0.80
3539 1.41
3540 2.01
3541 1.63
3542 1.55
3543 1.53
3544 1.36
3545 1.70
3546 1.42
3547 2.85
3548 0.78
3549 0.76
3550 0.00
3551 10.03
3552 0.00
3553 0.09
3554 0.00
3555 0.00
3556 0.00
3557 0.00
3558 0.00
3559 5.44
3560 0.29
3561 0.97
3562 1.51
3563 1.80
3564 1.73
3565 1.94
3566 1.89
3567 2.01
3568 1.45
3569 1.51
3570 1.84
3571 3.34
3572 1.00
3573 0.85
3574 1.17
3575 1.40
3576 0.00
3577 0.04
3578 0.00
3579 0.00
3580 0.00
3581 0.00
3582 0.00
3583 37.11
3584 0.23
3585 1.01
3586 1.35
3587 1.72
3588 2.06
3589 1.36
3590 1.62
3591 1.73
3592 1.50
3593 1.74
3594 1.84
3595 2.43
3596 0.72
3597 3.55
3598 1.05
3599 0.00
3600 0.00
3601 0.06
3602 0.00
3603 0.00
3604 0.00
3605 0.00
3606 0.00
3607 2.02
3608 0.39
3609 2.11
3610 1.14
3611 1.64
3612 1.68
3613 1.22
3614 1.70
3615 1.69
3616 1.65
3617 1.91
3618 2.22
3619 2.37
3620 1.46
3621 0.69
3622 0.82
3623 21.82
3624 0.00
3625 0.04
3626 0.00
3627 0.00
3628 0.00
3629 0.00
3630 0.00
3631 12.06
3632 0.36
3633 1.20
3634 1.46
3635 1.59
3636 1.87
3637 1.40
3638 2.04
3639 1.94
3640 1.66
3641 2.03
3642 1.84
3643 2.28
3644 1.20
3645 1.49
3646 1.59
3647 2.06
3648 0.00
3649 0.04
3650 0.00
3651 0.00
3652 3.75
3653 0.42
3654 0.00
3655 1.71
3656 0.54
3657 1.09
3658 1.14
3659 1.25
3660 1.57
3661 1.79
3662 1.17
3663 1.36
3664 1.66
3665 0.79
3666 1.67
3667 0.99
3668 2.65
3669 1.35
3670 2.69
3671 11.80
3672 0.00
3673 0.08
3674 0.00
3675 0.00
3676 0.00
3677 0.00
3678 0.00
3679 0.00
3680 0.19
3681 1.16
3682 1.32
3683 1.29
3684 1.09
3685 1.17
3686 1.21
3687 1.59
3688 1.57
3689 1.34
3690 1.57
3691 0.87
3692 0.46
3693 0.43
3694 1.02
3695 0.00
3696 0.00
3697 0.04
3698 0.00
3699 0.00
3700 0.00
3701 0.00
3702 0.00
3703 0.00
3704 0.29
3705 1.10
3706 0.85
3707 2.12
3708 1.20
3709 1.85
3710 1.86
3711 1.58
3712 1.31
3713 1.49
3714 2.14
3715 1.72
3716 0.83
3717 0.42
3718 1.88
3719 2.21
3720 0.00
3721 0.04
3722 0.00
3723 0.00
3724 0.00
3725 0.00
3726 0.00
3727 0.00
3728 0.27
3729 1.01
3730 1.58
3731 1.92
3732 1.81
3733 1.86
3734 1.67
3735 1.55
3736 1.23
3737 2.04
3738 1.58
3739 1.44
3740 0.50
3741 2.34
3742 2.45
3743 39.34
3744 0.00
3745 0.04
3746 0.00
3747 0.00
3748 0.00
3749 0.00
3750 0.00
3751 1.31
3752 0.22
3753 1.35
3754 1.22
3755 1.44
3756 2.30
3757 1.40
3758 1.42
3759 1.69
3760 1.71
3761 1.83
3762 1.77
3763 1.95
3764 0.73
3765 2.22
3766 0.00
3767 2.11
3768 0.00
3769 0.04
3770 0.00
3771 0.00
3772 0.00
3773 0.00
3774 0.00
3775 0.00
3776 0.33
3777 1.54
3778 1.18
3779 1.84
3780 1.87
3781 1.59
3782 1.78
3783 2.18
3784 1.86
3785 2.00
3786 2.07
3787 1.90
3788 0.80
3789 0.66
3790 1.63
3791 1.96
3792 0.00
3793 0.07
3794 0.00
3795 0.00
3796 0.00
3797 0.00
3798 4.20
3799 6.14
3800 0.31
3801 1.06
3802 1.45
3803 1.65
3804 1.84
3805 2.18
3806 1.59
3807 2.08
3808 1.89
3809 1.76
3810 2.04
3811 2.39
3812 0.63
3813 1.24
3814 1.02
3815 1.24
3816 0.00
3817 0.08
3818 0.00
3819 0.00
3820 0.00
3821 0.00
3822 0.00
3823 1.14
3824 0.43
3825 1.00
3826 1.15
3827 1.23
3828 1.56
3829 2.01
3830 1.21
3831 1.69
3832 1.28
3833 1.25
3834 1.47
3835 1.40
3836 1.05
3837 0.51
3838 1.84
3839 7.27
3840 0.00
3841 0.04
3842 21.69
3843 9.50
3844 0.00
3845 0.00
3846 0.00
3847 0.00
3848 0.19
3849 0.54
3850 1.38
3851 0.98
3852 0.74
3853 0.86
3854 0.80
3855 1.24
3856 1.76
3857 2.10
3858 1.90
3859 1.87
3860 0.59
3861 3.12
3862 0.90
3863 3.87
3864 0.00
3865 0.04
3866 0.00
3867 0.00
3868 0.00
3869 0.00
3870 0.00
3871 0.00
3872 0.18
3873 0.48
3874 0.64
3875 1.54
3876 1.66
3877 1.03
3878 1.35
3879 0.92
3880 1.25
3881 1.37
3882 2.03
3883 1.40
3884 0.97
3885 0.60
3886 16.98
3887 4.00
3888 0.00
3889 0.00
3890 0.00
3891 0.00
3892 0.00
3893 0.00
3894 0.00
3895 5.03
3896 0.22
3897 0.76
3898 1.62
3899 1.35
3900 1.87
3901 1.74
3902 1.35
3903 1.68
3904 1.82
3905 1.48
3906 1.86
3907 3.05
3908 1.23
3909 0.59
3910 1.64
3911 0.00
3912 0.00
3913 0.00
3914 0.00
3915 0.00
3916 0.00
3917 0.00
3918 0.00
3919 0.00
3920 0.27
3921 0.96
3922 0.96
3923 1.54
3924 1.93
3925 2.03
3926 1.59
3927 2.58
3928 1.96
3929 1.87
3930 1.78
3931 2.15
3932 1.18
3933 1.29
3934 1.54
3935 2.10
3936 0.00
3937 0.00
3938 0.00
3939 0.00
3940 0.00
3941 0.00
3942 31.95
3943 5.32
3944 0.35
3945 1.00
3946 1.34
3947 1.58
3948 1.62
3949 1.46
3950 2.11
3951 2.10
3952 1.91
3953 2.07
3954 1.61
3955 1.81
3956 1.02
3957 0.93
3958 12.50
3959 0.00
3960 18.53
3961 26.65
3962 15.66
3963 2.41
3964 20.90
3965 12.39
3966 49.66
3967 6.30
3968 0.35
3969 1.52
3970 1.65
3971 1.38
3972 1.68
3973 1.60
3974 1.99
3975 1.69
3976 1.69
3977 1.39
3978 2.44
3979 2.63
3980 1.11
3981 0.80
3982 1.79
3983 1.63
3984 0.00
3985 0.00
3986 0.00
3987 0.42
3988 0.00
3989 0.00
3990 0.00
3991 2.13
3992 0.46
3993 0.95
3994 1.14
3995 1.33
3996 1.35
3997 2.10
3998 1.15
3999 1.47
4000 1.74
4001 1.19
4002 1.21
4003 1.73
4004 0.62
4005 0.49
4006 1.19
4007 1.60
4008 0.00
4009 1.11
4010 5.20
4011 0.00
4012 36.73
4013 0.00
4014 0.00
4015 0.00
4016 0.22
4017 0.80
4018 1.09
4019 0.89
4020 1.29
4021 1.15
4022 0.97
4023 1.28
4024 1.13
4025 2.38
4026 1.53
4027 1.08
4028 0.55
4029 0.41
4030 0.79
4031 11.20
4032 0.00
4033 0.00
4034 0.00
4035 0.00
4036 0.00
4037 0.00
4038 0.00
4039 0.00
4040 0.31
4041 0.95
4042 1.02
4043 1.93
4044 1.41
4045 1.77
4046 2.36
4047 1.44
4048 2.10
4049 2.37
4050 2.07
4051 2.00
4052 0.35
4053 0.48
4054 0.78
4055 1.77
4056 0.00
4057 0.00
4058 0.00
4059 0.00
4060 0.00
4061 0.00
4062 0.00
4063 29.75
4064 0.33
4065 1.59
4066 1.56
4067 1.74
4068 1.99
4069 1.59
4070 1.55
4071 1.87
4072 1.96
4073 1.74
4074 2.17
4075 1.91
4076 0.84
4077 0.64
4078 1.11
4079 52.94
4080 7.30
4081 2.83
4082 0.00
4083 0.00
4084 0.00
4085 0.00
4086 0.00
4087 0.00
4088 0.27
4089 1.13
4090 1.31
4091 1.15
4092 1.79
4093 1.59
4094 1.49
4095 2.59
4096 1.69
4097 2.46
4098 2.28
4099 1.89
4100 0.81
4101 7.21
4102 0.86
4103 2.32
4104 0.00
4105 0.00
4106 0.00
4107 0.00
4108 0.00
4109 0.00
4110 0.00
4111 6.99
4112 0.37
4113 1.21
4114 1.53
4115 1.63
4116 1.84
4117 1.66
4118 1.99
4119 1.82
4120 1.76
4121 2.46
4122 1.85
4123 1.75
4124 0.50
4125 0.58
4126 0.00
4127 6.46
4128 0.00
4129 0.00
4130 0.00
4131 0.00
4132 0.00
4133 0.00
4134 6.07
4135 6.86
4136 0.32
4137 1.54
4138 1.09
4139 1.59
4140 1.61
4141 1.74
4142 1.67
4143 1.97
4144 1.43
4145 1.91
4146 2.31
4147 1.58
4148 0.75
4149 1.15
4150 1.49
4151 2.52
4152 0.00
4153 49.32
4154 3.88
4155 0.00
4156 43.37
4157 47.37
4158 3.64
4159 1.59
4160 0.42
4161 1.10
4162 1.27
4163 1.17
4164 1.65
4165 1.83
4166 1.23
4167 1.45
4168 1.38
4169 1.93
4170 2.21
4171 1.93
4172 0.85
4173 1.18
4174 1.11
4175 0.00
4176 0.00
4177 0.00
4178 0.00
4179 10.81
4180 0.00
4181 0.00
4182 0.00
4183 0.00
4184 0.20
4185 1.63
4186 1.35
4187 1.17
4188 0.93
4189 1.28
4190 1.23
4191 1.11
4192 1.71
4193 2.55
4194 1.46
4195 1.60
4196 0.97
4197 1.24
4198 1.14
4199 3.07
4200 12.04
4201 0.00
4202 0.00
4203 0.00
4204 0.00
4205 0.00
4206 0.00
4207 0.00
4208 0.27
4209 0.78
4210 0.91
4211 1.52
4212 1.72
4213 1.57
4214 2.05
4215 2.28
4216 1.98
4217 1.89
4218 1.63
4219 2.05
4220 0.70
4221 0.65
4222 11.71
4223 2.90
4224 2.71
4225 0.00
4226 0.00
4227 0.00
4228 0.00
4229 0.00
4230 0.00
4231 0.00
4232 0.32
4233 1.11
4234 1.33
4235 1.48
4236 1.82
4237 1.71
4238 1.69
4239 2.05
4240 2.35
4241 2.09
4242 2.28
4243 2.93
4244 1.02
4245 0.62
4246 0.86
4247 2.26
4248 0.00
4249 0.00
4250 0.00
4251 0.00
4252 0.00
4253 0.00
4254 0.00
4255 2.80
4256 0.20
4257 0.57
4258 1.17
4259 1.49
4260 1.47
4261 2.19
4262 1.59
4263 2.42
4264 1.66
4265 1.64
4266 1.77
4267 2.31
4268 0.77
4269 2.90
4270 1.33
4271 1.70
4272 21.30
4273 10.84
4274 0.00
4275 0.00
4276 0.00
4277 0.00
4278 0.00
4279 34.95
4280 0.30
4281 1.81
4282 1.26
4283 1.78
4284 1.82
4285 1.67
4286 2.21
4287 1.34
4288 1.93
4289 2.44
4290 1.94
4291 1.89
4292 1.31
4293 0.63
4294 0.00
4295 3.78
4296 5.84
4297 0.00
4298 0.00
4299 0.00
4300 0.00
4301 0.00
4302 0.00
4303 0.00
4304 0.36
4305 1.09
4306 1.57
4307 1.32
4308 1.61
4309 1.68
4310 1.72
4311 1.84
4312 1.59
4313 1.86
4314 2.03
4315 3.05
4316 0.77
4317 3.69
4318 1.54
4319 1.85
4320 19.15
4321 3.09
4322 0.00
4323 0.00
4324 0.00
4325 0.00
4326 1.29
4327 0.00
4328 0.45
4329 1.17
4330 1.17
4331 1.24
4332 1.56
4333 1.88
4334 1.32
4335 0.94
4336 1.19
4337 1.95
4338 2.21
4339 1.41
4340 0.89
4341 0.65
4342 1.68
4343 8.36
4344 0.00
4345 6.92
4346 13.48
4347 0.00
4348 0.00
4349 0.00
4350 0.00
4351 0.00
4352 0.20
4353 0.88
4354 1.16
4355 1.50
4356 1.30
4357 1.12
4358 1.07
4359 1.55
4360 1.31
4361 1.39
4362 1.03
4363 1.12
4364 0.77
4365 0.64
4366 1.24
4367 4.90
4368 0.00
4369 2.74
4370 0.00
4371 0.00
4372 0.00
4373 0.00
4374 0.00
4375 0.00
4376 0.31
4377 1.00
4378 1.25
4379 1.87
4380 1.91
4381 1.79
4382 1.62
4383 1.56
4384 2.26
4385 1.87
4386 2.03
4387 3.65
4388 0.67
4389 0.62
4390 0.56
4391 2.47
4392 5.15
4393 0.00
4394 0.00
4395 0.00
4396 0.00
4397 0.00
4398 0.00
4399 3.11
4400 0.34
4401 0.91
4402 1.24
4403 1.63
4404 1.78
4405 1.67
4406 1.51
4407 2.08
4408 2.69
4409 1.17
4410 2.06
4411 2.17
4412 0.66
4413 1.64
4414 0.81
4415 1.59
4416 0.00
4417 0.00
4418 0.00
4419 0.00
4420 0.00
4421 0.00
4422 0.00
4423 1.69
4424 0.25
4425 1.06
4426 1.05
4427 1.71
4428 2.19
4429 1.57
4430 1.87
4431 1.95
4432 1.61
4433 2.05
4434 2.45
4435 2.02
4436 0.89
4437 1.20
4438 0.56
4439 2.30
4440 0.00
4441 46.75
4442 0.00
4443 0.00
4444 0.00
4445 0.00
4446 4.53
4447 0.00
4448 0.31
4449 1.47
4450 1.56
4451 1.62
4452 1.83
4453 2.00
4454 2.17
4455 2.11
4456 1.57
4457 1.87
4458 2.28
4459 3.33
4460 0.93
4461 2.26
4462 1.49
4463 3.20
4464 23.38
4465 1.77
4466 0.00
4467 0.00
4468 0.00
4469 0.00
4470 0.00
4471 2.15
4472 0.39
4473 1.18
4474 1.36
4475 1.30
4476 1.83
4477 1.33
4478 1.91
4479 2.12
4480 2.35
4481 1.97
4482 2.07
4483 1.48
4484 0.53
4485 0.00
4486 2.55
4487 13.33
4488 0.00
4489 0.00
4490 0.00
4491 0.00
4492 0.00
4493 0.00
4494 0.70
4495 0.00
4496 0.42
4497 1.15
4498 1.19
4499 1.09
4500 1.60
4501 1.75
4502 1.28
4503 1.50
4504 1.46
4505 1.04
4506 1.49
4507 1.76
4508 10.61
4509 1.53
4510 3.74
4511 2.37
4512 0.00
4513 4.72
4514 0.00
4515 9.16
4516 0.00
4517 0.00
4518 13.58
4519 0.00
4520 0.18
4521 0.87
4522 1.08
4523 0.93
4524 0.96
4525 1.02
4526 1.28
4527 1.14
4528 1.63
4529 1.95
4530 1.42
4531 1.31
4532 0.80
4533 0.92
4534 3.06
4535 3.05
4536 0.00
4537 0.00
4538 0.00
4539 0.00
4540 0.00
4541 0.00
4542 0.00
4543 0.00
4544 0.27
4545 0.89
4546 0.93
4547 1.62
4548 1.79
4549 1.58
4550 1.81
4551 2.20
4552 1.35
4553 2.41
4554 1.57
4555 1.72
4556 1.65
4557 1.03
4558 1.24
4559 1.58
4560 0.00
4561 8.71
4562 0.00
4563 0.00
4564 0.00
4565 0.00
4566 0.00
4567 3.25
4568 0.37
4569 1.39
4570 1.20
4571 1.75
4572 1.74
4573 1.80
4574 2.04
4575 2.55
4576 2.08
4577 1.56
4578 1.63
4579 3.16
4580 0.47
4581 0.63
4582 0.71
4583 0.00
4584 0.00
4585 0.00
4586 0.00
4587 0.00
4588 0.00
4589 0.00
4590 0.00
4591 0.00
4592 0.29
4593 1.26
4594 1.36
4595 1.37
4596 1.68
4597 1.90
4598 1.53
4599 2.53
4600 2.04
4601 1.73
4602 1.86
4603 2.02
4604 0.91
4605 1.17
4606 1.05
4607 8.39
4608 0.00
4609 0.00
4610 0.00
4611 0.00
4612 0.00
4613 0.00
4614 0.00
4615 0.00
4616 0.28
4617 1.43
4618 1.31
4619 1.87
4620 1.95
4621 1.48
4622 1.82
4623 1.42
4624 1.58
4625 2.89
4626 1.38
4627 3.43
4628 0.54
4629 0.82
4630 1.16
4631 8.41
4632 0.00
4633 0.00
4634 1.68
4635 0.00
4636 4.18
4637 0.00
4638 0.00
4639 2.41
4640 0.33
4641 1.50
4642 1.65
4643 1.84
4644 1.76
4645 1.70
4646 1.68
4647 1.82
4648 1.87
4649 1.86
4650 1.78
4651 2.40
4652 1.22
4653 1.23
4654 1.26
4655 0.00
4656 0.00
4657 0.00
4658 0.00
4659 0.00
4660 0.00
4661 0.00
4662 0.00
4663 2.95
4664 0.45
4665 1.09
4666 1.14
4667 1.26
4668 1.41
4669 2.04
4670 1.34
4671 1.38
4672 0.92
4673 1.75
4674 1.08
4675 1.44
4676 0.92
4677 2.05
4678 1.26
4679 0.00
4680 0.00
4681 16.29
4682 3.59
4683 0.00
4684 0.00
4685 0.00
4686 0.00
4687 0.00
4688 0.17
4689 1.18
4690 0.93
4691 1.49
4692 0.90
4693 1.06
4694 0.93
4695 1.12
4696 1.80
4697 1.35
4698 1.80
4699 2.61
4700 0.60
4701 0.65
4702 1.45
4703 1.42
4704 0.00
4705 6.30
4706 0.00
4707 0.00
4708 0.00
4709 0.00
4710 59.02
4711 0.00
4712 0.27
4713 0.87
4714 1.35
4715 2.04
4716 2.11
4717 1.67
4718 2.14
4719 1.71
4720 2.11
4721 1.50
4722 1.61
4723 0.99
4724 0.76
4725 1.03
4726 0.98
4727 1.86
4728 7.61
4729 0.00
4730 0.00
4731 0.00
4732 0.00
4733 0.00
4734 0.00
4735 6.47
4736 0.28
4737 1.33
4738 1.67
4739 1.94
4740 1.91
4741 1.71
4742 2.11
4743 2.09
4744 2.50
4745 2.13
4746 1.81
4747 1.68
4748 1.09
4749 1.11
4750 1.01
4751 4.29
4752 0.00
4753 0.00
4754 0.00
4755 0.00
4756 0.00
4757 0.00
4758 0.00
4759 0.00
4760 0.26
4761 1.47
4762 1.45
4763 1.66
4764 2.33
4765 1.98
4766 1.71
4767 1.97
4768 2.04
4769 1.66
4770 1.81
4771 1.38
4772 0.66
4773 0.77
4774 31.86
4775 39.13
4776 0.00
4777 14.94
4778 0.00
4779 0.00
4780 0.00
4781 0.59
4782 0.00
4783 0.39
4784 0.25
4785 1.45
4786 1.08
4787 1.78
4788 1.86
4789 1.86
4790 1.87
4791 1.85
4792 2.07
4793 1.79
4794 1.78
4795 2.17
4796 1.00
4797 22.22
4798 0.99
4799 2.88
4800 0.00
4801 7.21
4802 0.00
4803 0.00
4804 0.00
4805 0.00
4806 0.00
4807 1.83
4808 0.24
4809 1.12
4810 1.16
4811 1.65
4812 1.76
4813 1.88
4814 1.77
4815 2.07
4816 1.85
4817 2.15
4818 1.59
4819 3.43
4820 1.53
4821 1.14
4822 2.43
4823 3.23
4824 0.00
4825 0.00
4826 0.00
4827 0.00
4828 0.00
4829 0.00
4830 0.00
4831 15.19
4832 0.43
4833 1.13
4834 1.07
4835 1.24
4836 1.36
4837 2.22
4838 1.00
4839 1.75
4840 1.78
4841 1.05
4842 1.57
4843 3.10
4844 1.06
4845 1.91
4846 7.17
4847 4.48
4848 0.00
4849 24.49
4850 7.29
4851 0.00
4852 31.86
4853 0.28
4854 0.00
4855 41.86
4856 0.21
4857 0.90
4858 1.23
4859 1.06
4860 1.00
4861 1.17
4862 1.15
4863 1.33
4864 1.44
4865 1.70
4866 2.51
4867 0.78
4868 0.67
4869 0.65
4870 0.76
4871 0.00
4872 54.55
4873 0.00
4874 0.00
4875 0.00
4876 0.00
4877 0.00
4878 0.00
4879 0.00
4880 0.30
4881 0.93
4882 1.31
4883 1.34
4884 1.84
4885 1.62
4886 1.57
4887 2.18
4888 1.62
4889 1.51
4890 1.89
4891 2.97
4892 0.97
4893 0.94
4894 0.70
4895 1.71
4896 9.16
4897 0.00
4898 0.00
4899 0.00
4900 0.00
4901 0.00
4902 3.20
4903 2.30
4904 0.30
4905 0.78
4906 1.35
4907 2.24
4908 1.81
4909 1.75
4910 1.72
4911 1.98
4912 2.97
4913 1.66
4914 1.61
4915 2.23
4916 0.65
4917 10.08
4918 1.25
4919 3.28
4920 36.00
4921 0.00
4922 0.00
4923 0.00
4924 0.00
4925 0.00
4926 0.00
4927 0.00
4928 0.24
4929 1.85
4930 0.88
4931 2.03
4932 1.77
4933 1.62
4934 1.54
4935 1.94
4936 1.37
4937 1.63
4938 1.55
4939 2.40
4940 0.71
4941 1.55
4942 1.59
4943 2.23
4944 9.60
4945 21.30
4946 0.00
4947 0.00
4948 0.00
4949 0.00
4950 0.00
4951 5.67
4952 0.31
4953 1.23
4954 1.38
4955 1.83
4956 1.45
4957 1.67
4958 1.70
4959 1.82
4960 1.82
4961 2.23
4962 1.85
4963 2.30
4964 0.86
4965 0.50
4966 0.96
4967 1.59
4968 0.00
4969 0.00
4970 14.46
4971 0.00
4972 0.00
4973 0.00
4974 3.55
4975 0.00
4976 0.35
4977 1.38
4978 1.13
4979 1.31
4980 1.72
4981 1.59
4982 2.18
4983 2.10
4984 1.94
4985 1.97
4986 1.97
4987 2.59
4988 0.89
4989 1.42
4990 1.46
4991 1.49
4992 42.86
4993 0.00
4994 3.72
4995 0.00
4996 0.00
4997 16.00
4998 0.00
4999 0.92
5000 0.49
5001 0.93
5002 1.22
5003 1.19
5004 1.50
5005 2.04
5006 1.31
5007 1.55
5008 1.61
5009 0.82
5010 1.33
5011 1.97
5012 0.93
5013 1.03
5014 1.20
5015 3.26
5016 9.78
5017 0.53
5018 0.00
5019 0.00
5020 0.00
5021 1.57
5022 0.00
5023 0.00
5024 0.16
5025 1.18
5026 0.83
5027 1.07
5028 0.98
5029 1.06
5030 1.20
5031 1.33
5032 1.43
5033 0.61
5034 0.84
5035 1.04
5036 0.63
5037 0.69
5038 2.17
5039 1.32
5040 3.15
5041 0.00
5042 0.00
5043 0.00
5044 0.00
5045 0.00
5046 58.06
5047 0.00
5048 0.29
5049 2.57
5050 1.12
5051 2.20
5052 2.35
5053 1.72
5054 1.98
5055 1.32
5056 2.19
5057 1.45
5058 1.69
5059 1.84
5060 1.21
5061 0.44
5062 0.84
5063 2.34
5064 7.86
5065 0.00
5066 0.00
5067 0.00
5068 0.00
5069 0.00
5070 0.00
5071 10.17
5072 0.27
5073 1.41
5074 1.32
5075 1.95
5076 1.51
5077 1.48
5078 1.88
5079 1.76
5080 1.83
5081 1.83
5082 1.53
5083 3.18
5084 1.26
5085 0.60
5086 1.50
5087 4.47
5088 1.10
5089 0.18
5090 0.00
5091 0.00
5092 0.00
5093 0.00
5094 0.00
5095 0.00
5096 0.22
5097 0.96
5098 2.06
5099 2.25
5100 2.09
5101 2.19
5102 2.01
5103 1.60
5104 2.24
5105 1.81
5106 1.61
5107 2.39
5108 0.59
5109 1.53
5110 0.78
5111 2.05
5112 0.00
5113 0.00
5114 0.00
5115 0.00
5116 0.00
5117 0.00
5118 0.00
5119 9.47
5120 0.30
5121 1.57
5122 1.28
5123 1.85
5124 1.65
5125 1.68
5126 1.56
5127 2.48
5128 1.53
5129 1.81
5130 2.28
5131 2.17
5132 1.51
5133 0.62
5134 1.08
5135 2.10
5136 0.00
5137 4.33
5138 0.00
5139 0.00
5140 0.00
5141 0.00
5142 5.19
5143 2.01
5144 0.33
5145 1.59
5146 1.37
5147 1.44
5148 1.67
5149 1.85
5150 2.00
5151 2.05
5152 1.84
5153 1.46
5154 1.88
5155 2.32
5156 1.11
5157 0.91
5158 4.03
5159 3.31
5160 18.75
5161 7.64
5162 0.00
5163 25.17
5164 0.00
5165 0.00
5166 0.63
5167 0.00
5168 0.48
5169 1.03
5170 1.14
5171 1.28
5172 1.53
5173 1.67
5174 1.38
5175 1.72
5176 1.54
5177 1.11
5178 1.64
5179 2.21
5180 1.13
5181 0.79
5182 0.73
5183 3.24
5184 2.20
5185 0.69
5186 0.15
5187 0.00
5188 0.00
5189 0.00
5190 20.34
5191 9.55
5192 0.18
5193 1.11
5194 1.38
5195 0.94
5196 1.10
5197 0.87
5198 1.42
5199 1.31
5200 0.97
5201 1.28
5202 0.69
5203 1.21
5204 1.04
5205 0.82
5206 1.25
5207 1.19
5208 0.00
5209 0.12
5210 0.00
5211 0.00
5212 0.00
5213 0.00
5214 0.00
5215 0.00
5216 0.24
5217 1.38
5218 0.87
5219 1.75
5220 2.18
5221 1.41
5222 1.89
5223 1.69
5224 1.21
5225 1.54
5226 1.41
5227 1.58
5228 0.67
5229 20.00
5230 1.10
5231 1.72
5232 0.00
5233 0.00
5234 0.00
5235 0.00
5236 0.00
5237 0.00
5238 0.00
5239 5.13
5240 0.22
5241 0.99
5242 1.56
5243 1.76
5244 1.99
5245 2.13
5246 1.52
5247 1.82
5248 1.90
5249 1.92
5250 1.62
5251 3.08
5252 0.60
5253 0.50
5254 0.76
5255 1.81
5256 56.25
5257 0.00
5258 22.64
5259 0.00
5260 0.00
5261 0.00
5262 0.00
5263 0.00
5264 0.23
5265 1.00
5266 1.11
5267 1.71
5268 1.75
5269 1.43
5270 2.05
5271 1.63
5272 1.79
5273 1.59
5274 1.54
5275 2.91
5276 0.81
5277 0.62
5278 0.89
5279 1.52
5280 0.00
5281 0.00
5282 0.00
5283 0.00
5284 0.00
5285 0.00
5286 0.00
5287 7.15
5288 0.30
5289 1.96
5290 1.10
5291 1.49
5292 1.74
5293 1.43
5294 1.82
5295 1.74
5296 1.92
5297 1.40
5298 1.26
5299 2.74
5300 0.54
5301 0.77
5302 0.64
5303 3.53
5304 0.00
5305 0.00
5306 0.00
5307 0.00
5308 0.00
5309 0.00
5310 0.00
5311 1.10
5312 0.36
5313 1.39
5314 0.97
5315 1.10
5316 1.74
5317 2.03
5318 1.74
5319 1.69
5320 2.00
5321 1.43
5322 1.69
5323 2.40
5324 0.49
5325 1.40
5326 0.94
5327 1.89
5328 0.00
5329 0.00
5330 0.00
5331 0.40
5332 0.00
5333 0.00
5334 2.36
5335 3.09
5336 0.42
5337 1.14
5338 1.24
5339 1.10
5340 1.62
5341 2.47
5342 1.58
5343 1.41
5344 1.32
5345 0.78
5346 1.79
5347 1.19
5348 0.73
5349 0.69
5350 1.13
5351 6.37
5352 0.00
5353 0.00
5354 0.00
5355 0.00
5356 0.00
5357 0.00
5358 0.00
5359 0.00
5360 0.20
5361 0.94
5362 1.42
5363 1.24
5364 1.22
5365 1.10
5366 0.87
5367 1.24
5368 1.50
5369 0.99
5370 1.39
5371 1.58
5372 0.69
5373 0.58
5374 1.00
5375 20.69
5376 7.21
5377 4.40
5378 0.00
5379 0.00
5380 0.00
5381 0.00
5382 0.00
5383 31.44
5384 0.32
5385 0.52
5386 0.83
5387 1.63
5388 1.75
5389 1.79
5390 1.80
5391 1.36
5392 2.29
5393 2.03
5394 1.76
5395 2.01
5396 0.67
5397 0.83
5398 2.30
5399 2.36
5400 0.00
5401 0.00
5402 0.00
5403 0.00
5404 0.00
5405 0.00
5406 0.00
5407 4.81
5408 0.32
5409 0.83
5410 0.92
5411 1.68
5412 1.45
5413 1.73
5414 1.98
5415 1.95
5416 1.93
5417 2.20
5418 1.98
5419 2.91
5420 0.75
5421 0.80
5422 0.63
5423 1.36
5424 0.00
5425 6.57
5426 0.00
5427 0.00
5428 0.00
5429 0.00
5430 0.00
5431 4.56
5432 0.24
5433 0.83
5434 1.11
5435 1.89
5436 1.78
5437 1.86
5438 1.30
5439 2.12
5440 1.96
5441 1.61
5442 1.71
5443 2.24
5444 1.03
5445 1.11
5446 0.73
5447 2.15
5448 0.00
5449 9.16
5450 0.00
5451 0.00
5452 0.00
5453 0.00
5454 0.00
5455 0.00
5456 0.27
5457 1.03
5458 1.30
5459 1.58
5460 1.65
5461 1.61
5462 1.75
5463 1.79
5464 1.81
5465 2.08
5466 2.28
5467 1.41
5468 0.69
5469 0.67
5470 0.86
5471 3.51
5472 0.00
5473 6.30
5474 0.00
5475 44.72
5476 0.00
5477 0.00
5478 0.00
5479 4.03
5480 0.37
5481 0.72
5482 1.10
5483 1.77
5484 1.87
5485 1.44
5486 1.52
5487 1.79
5488 1.72
5489 1.58
5490 2.00
5491 2.50
5492 0.78
5493 0.87
5494 0.68
5495 3.67
5496 0.00
5497 15.72
5498 0.00
5499 2.19
5500 0.00
5501 0.00
5502 0.63
5503 0.00
5504 0.49
5505 1.29
5506 0.97
5507 1.32
5508 1.74
5509 1.95
5510 1.37
5511 1.88
5512 1.26
5513 1.92
5514 1.54
5515 2.19
5516 0.82
5517 1.74
5518 0.97
5519 1.16
5520 0.00
5521 0.16
5522 0.00
5523 0.00
5524 0.00
5525 0.00
5526 0.00
5527 0.00
5528 0.18
5529 0.88
5530 1.18
5531 1.10
5532 1.37
5533 1.16
5534 0.99
5535 1.31
5536 1.52
5537 1.40
5538 1.48
5539 0.75
5540 0.48
5541 0.72
5542 0.98
5543 1.14
5544 0.00
5545 0.22
5546 0.00
5547 0.00
5548 0.00
5549 0.00
5550 0.00
5551 0.00
5552 0.26
5553 0.66
5554 1.25
5555 1.48
5556 2.28
5557 1.28
5558 1.44
5559 1.91
5560 1.89
5561 1.37
5562 1.42
5563 2.44
5564 1.24
5565 0.56
5566 0.82
5567 22.64
5568 0.00
5569 2.51
5570 0.00
5571 0.00
5572 0.00
5573 0.00
5574 0.00
5575 6.17
5576 0.24
5577 0.80
5578 1.40
5579 1.65
5580 1.86
5581 1.63
5582 2.04
5583 1.77
5584 1.78
5585 1.73
5586 1.38
5587 2.27
5588 1.04
5589 0.34
5590 0.78
5591 1.95
5592 27.07
5593 0.00
5594 4.15
5595 0.00
5596 0.00
5597 0.00
5598 0.00
5599 0.00
5600 0.30
5601 0.95
5602 1.11
5603 2.65
5604 2.03
5605 1.58
5606 1.96
5607 1.58
5608 1.89
5609 2.08
5610 1.34
5611 2.35
5612 0.59
5613 0.77
5614 0.82
5615 6.52
5616 24.49
5617 0.00
5618 0.00
5619 0.00
5620 0.00
5621 0.00
5622 0.00
5623 0.00
5624 0.31
5625 1.04
5626 1.39
5627 2.20
5628 1.71
5629 1.75
5630 1.55
5631 1.65
5632 1.82
5633 2.39
5634 1.74
5635 2.44
5636 0.68
5637 0.58
5638 0.98
5639 16.22
5640 0.00
5641 0.12
5642 0.00
5643 0.00
5644 5.08
5645 0.00
5646 0.00
5647 5.19
5648 0.40
5649 0.97
5650 1.30
5651 1.60
5652 1.91
5653 1.79
5654 1.82
5655 1.67
5656 2.18
5657 1.69
5658 2.31
5659 2.81
5660 1.01
5661 0.73
5662 0.92
5663 4.77
5664 0.00
5665 0.00
5666 0.00
5667 9.30
5668 0.00
5669 37.70
5670 1.95
5671 2.09
5672 0.47
5673 1.21
5674 1.03
5675 1.27
5676 1.49
5677 1.82
5678 1.43
5679 1.53
5680 1.48
5681 1.05
5682 1.41
5683 1.09
5684 0.75
5685 1.52
5686 0.80
5687 7.07
5688 0.00
5689 0.09
5690 0.00
5691 0.00
5692 0.00
5693 0.00
5694 0.00
5695 0.00
5696 0.21
5697 0.93
5698 1.10
5699 1.40
5700 1.31
5701 1.11
5702 1.06
5703 1.49
5704 1.85
5705 1.55
5706 1.24
5707 1.24
5708 0.58
5709 0.68
5710 1.71
5711 0.00
5712 13.09
5713 8.67
5714 0.00
5715 0.00
5716 0.00
5717 0.00
5718 58.06
5719 0.00
5720 0.35
5721 0.77
5722 1.22
5723 1.92
5724 1.79
5725 1.42
5726 2.31
5727 2.15
5728 1.76
5729 1.80
5730 1.70
5731 2.48
5732 0.55
5733 0.56
5734 2.23
5735 2.08
5736 0.00
5737 7.44
5738 0.00
5739 0.00
5740 0.00
5741 0.00
5742 44.17
5743 3.54
5744 0.30
5745 0.87
5746 1.22
5747 1.63
5748 2.10
5749 1.74
5750 2.34
5751 2.08
5752 2.24
5753 2.41
5754 1.78
5755 2.16
5756 0.94
5757 0.46
5758 1.16
5759 0.00
5760 0.00
5761 1.79
5762 0.00
5763 0.00
5764 0.00
5765 0.00
5766 0.00
5767 0.00
5768 0.28
5769 1.31
5770 1.18
5771 2.11
5772 1.43
5773 1.72
5774 1.63
5775 2.44
5776 2.34
5777 1.40
5778 1.87
5779 1.86
5780 1.20
5781 0.56
5782 1.01
5783 3.63
5784 0.00
5785 3.89
5786 0.00
5787 0.00
5788 0.00
5789 0.00
5790 0.00
5791 8.20
5792 0.37
5793 1.30
5794 1.49
5795 1.79
5796 2.18
5797 2.00
5798 1.79
5799 2.37
5800 1.89
5801 1.69
5802 2.07
5803 4.22
5804 0.72
5805 0.66
5806 0.97
5807 2.97
5808 0.00
5809 1.52
5810 0.00
5811 0.00
5812 0.00
5813 0.00
5814 1.65
5815 5.40
5816 0.40
5817 1.17
5818 1.18
5819 1.91
5820 1.83
5821 1.77
5822 1.86
5823 2.11
5824 1.85
5825 2.16
5826 1.99
5827 1.81
5828 0.26
5829 0.86
5830 1.78
5831 21.82
5832 0.00
5833 0.00
5834 9.92
5835 0.00
5836 0.00
5837 0.00
5838 0.75
5839 0.00
5840 0.45
5841 1.15
5842 1.20
5843 1.27
5844 1.49
5845 1.83
5846 1.39
5847 1.47
5848 1.72
5849 1.13
5850 2.18
5851 1.06
5852 0.52
5853 0.75
5854 1.56
5855 3.57
5856 0.00
5857 0.23
5858 9.89
5859 0.00
5860 45.00
5861 0.00
5862 0.00
5863 0.00
5864 0.17
5865 0.99
5866 1.03
5867 1.28
5868 1.44
5869 1.14
5870 1.65
5871 1.35
5872 1.43
5873 0.59
5874 0.77
5875 1.78
5876 0.63
5877 1.86
5878 8.24
5879 8.22
5880 3.50
5881 1.22
5882 0.00
5883 0.00
5884 0.00
5885 0.00
5886 0.00
5887 24.00
5888 0.26
5889 2.10
5890 1.13
5891 2.55
5892 2.49
5893 1.41
5894 1.62
5895 2.81
5896 1.87
5897 2.03
5898 1.99
5899 1.97
5900 0.79
5901 1.08
5902 0.78
5903 1.38
5904 2.59
5905 0.00
5906 0.00
5907 0.00
5908 0.00
5909 0.00
5910 0.00
5911 1.55
5912 0.31
5913 1.84
5914 1.39
5915 2.33
5916 1.84
5917 1.92
5918 2.05
5919 1.84
5920 2.08
5921 2.46
5922 1.98
5923 3.40
5924 1.16
5925 1.32
5926 1.28
5927 1.57
5928 0.00
5929 4.30
5930 2.68
5931 0.00
5932 0.00
5933 6.64
5934 0.00
5935 0.00
5936 0.25
5937 1.56
5938 1.34
5939 2.36
5940 1.85
5941 2.33
5942 1.53
5943 1.95
5944 2.03
5945 2.30
5946 1.74
5947 2.14
5948 1.27
5949 0.58
5950 1.09
5951 2.32
5952 0.00
5953 4.15
5954 0.00
5955 26.18
5956 26.28
5957 0.00
5958 0.00
5959 5.58
5960 0.26
5961 1.61
5962 1.25
5963 1.72
5964 1.95
5965 2.16
5966 1.49
5967 2.10
5968 2.04
5969 1.86
5970 1.99
5971 4.11
5972 0.87
5973 2.19
5974 1.02
5975 2.04
5976 0.00
5977 4.78
5978 0.00
5979 0.00
5980 0.00
5981 0.00
5982 0.00
5983 4.31
5984 0.26
5985 1.33
5986 1.43
5987 1.84
5988 1.70
5989 1.68
5990 2.11
5991 2.07
5992 2.06
5993 2.17
5994 1.84
5995 2.72
5996 0.67
5997 0.50
5998 1.09
5999 3.29
6000 0.00
6001 0.71
6002 15.00
6003 54.55
6004 53.73
6005 3.83
6006 1.91
6007 1.85
6008 0.40
6009 1.17
6010 1.10
6011 1.30
6012 1.58
6013 2.06
6014 1.36
6015 1.85
6016 1.48
6017 1.03
6018 1.09
6019 1.81
6020 1.51
6021 0.65
6022 1.15
6023 4.02
6024 0.00
6025 8.49
6026 0.00
6027 0.00
6028 5.92
6029 0.66
6030 0.00
6031 0.00
6032 0.19
6033 0.79
6034 1.40
6035 1.00
6036 0.96
6037 1.57
6038 1.04
6039 1.11
6040 1.46
6041 1.11
6042 2.23
6043 1.10
6044 0.40
6045 0.45
6046 0.94
6047 1.20
6048 0.00
6049 0.00
6050 0.00
6051 0.00
6052 0.00
6053 0.00
6054 0.00
6055 0.00
6056 0.26
6057 1.70
6058 1.32
6059 2.28
6060 2.23
6061 1.49
6062 1.88
6063 2.73
6064 1.73
6065 1.71
6066 2.05
6067 2.55
6068 0.36
6069 0.37
6070 1.30
6071 3.89
6072 0.00
6073 0.00
6074 0.00
6075 0.00
6076 0.00
6077 0.00
6078 0.00
6079 4.92
6080 0.27
6081 1.68
6082 1.93
6083 1.63
6084 2.30
6085 1.96
6086 2.13
6087 2.18
6088 2.27
6089 1.68
6090 1.75
6091 3.19
6092 0.50
6093 1.35
6094 1.10
6095 0.00
6096 0.00
6097 0.00
6098 0.00
6099 0.00
6100 0.00
6101 0.00
6102 0.00
6103 0.00
6104 0.22
6105 0.75
6106 1.63
6107 2.01
6108 2.45
6109 1.84
6110 1.73
6111 1.77
6112 1.62
6113 1.53
6114 1.85
6115 1.97
6116 0.89
6117 0.55
6118 0.66
6119 2.57
6120 0.00
6121 0.00
6122 0.00
6123 0.00
6124 0.00
6125 0.00
6126 0.00
6127 3.08
6128 0.31
6129 0.98
6130 1.96
6131 1.74
6132 1.91
6133 1.62
6134 1.87
6135 2.43
6136 2.11
6137 1.84
6138 2.36
6139 1.52
6140 0.65
6141 0.60
6142 0.70
6143 0.00
6144 58.06
6145 0.00
6146 0.00
6147 0.00
6148 0.00
6149 0.00
6150 0.00
6151 4.67
6152 0.40
6153 2.00
6154 1.26
6155 1.52
6156 1.82
6157 1.66
6158 1.92
6159 2.14
6160 2.18
6161 2.48
6162 1.90
6163 4.28
6164 0.86
6165 2.96
6166 1.75
6167 2.30
6168 0.00
6169 10.37
6170 0.00
6171 0.00
6172 1.13
6173 0.00
6174 0.74
6175 5.70
6176 0.53
6177 1.04
6178 1.32
6179 1.26
6180 1.73
6181 2.38
6182 1.52
6183 1.52
6184 1.86
6185 1.63
6186 1.30
6187 3.65
6188 0.71
6189 1.49
6190 1.13
6191 0.00
6192 0.00
6193 1.76
6194 0.00
6195 0.00
6196 0.00
6197 0.00
6198 0.00
6199 0.00
6200 0.26
6201 1.43
6202 1.09
6203 1.38
6204 1.04
6205 1.31
6206 1.28
6207 1.48
6208 1.02
6209 0.78
6210 1.19
6211 0.95
6212 0.76
6213 1.41
6214 0.93
6215 0.00
6216 0.00
6217 6.65
6218 0.00
6219 0.00
6220 0.00
6221 0.00
6222 0.00
6223 0.81
6224 0.28
6225 1.24
6226 1.74
6227 1.66
6228 2.29
6229 1.24
6230 1.83
6231 1.88
6232 2.20
6233 1.83
6234 1.52
6235 3.68
6236 1.20
6237 0.90
6238 0.81
6239 1.56
6240 0.00
6241 0.00
6242 0.00
6243 0.00
6244 0.00
6245 0.00
6246 5.06
6247 5.38
6248 0.33
6249 1.43
6250 1.50
6251 1.88
6252 1.85
6253 2.08
6254 1.73
6255 2.09
6256 2.16
6257 2.09
6258 1.60
6259 2.39
6260 0.62
6261 0.56
6262 1.93
6263 14.94
6264 54.55
6265 0.00
6266 0.00
6267 0.00
6268 0.00
6269 0.00
6270 0.00
6271 0.72
6272 0.25
6273 1.75
6274 1.55
6275 2.43
6276 1.96
6277 1.63
6278 1.43
6279 2.42
6280 2.37
6281 2.04
6282 1.93
6283 4.02
6284 0.50
6285 0.94
6286 1.66
6287 1.55
6288 0.00
6289 0.00
6290 0.00
6291 0.00
6292 0.00
6293 0.00
6294 0.00
6295 3.58
6296 0.36
6297 2.15
6298 1.37
6299 1.81
6300 2.09
6301 2.06
6302 1.99
6303 2.17
6304 1.61
6305 2.07
6306 2.39
6307 1.88
6308 0.79
6309 0.81
6310 0.56
6311 1.10
6312 0.00
6313 0.00
6314 0.00
6315 0.00
6316 0.00
6317 0.00
6318 0.00
6319 0.00
6320 0.38
6321 1.08
6322 1.86
6323 1.74
6324 1.86
6325 1.56
6326 2.29
6327 2.15
6328 1.80
6329 1.88
6330 2.16
6331 3.07
6332 0.97
6333 0.63
6334 1.30
6335 2.13
6336 1.38
6337 0.47
6338 0.00
6339 0.00
6340 0.28
6341 0.00
6342 2.96
6343 5.68
6344 0.46
6345 1.17
6346 0.99
6347 1.19
6348 1.61
6349 2.04
6350 1.33
6351 1.59
6352 2.21
6353 1.48
6354 2.30
6355 2.79
6356 0.60
6357 0.99
6358 1.67
6359 3.48
6360 11.84
6361 0.70
6362 0.00
6363 0.00
6364 0.00
6365 0.00
6366 0.00
6367 0.00
6368 0.18
6369 0.91
6370 0.96
6371 1.43
6372 1.15
6373 1.33
6374 1.29
6375 1.44
6376 1.58
6377 0.98
6378 0.68
6379 0.92
6380 0.63
6381 1.35
6382 0.72
6383 6.85
6384 0.00
6385 0.00
6386 0.00
6387 0.00
6388 0.00
6389 0.00
6390 0.00
6391 0.00
6392 0.30
6393 1.26
6394 1.49
6395 1.44
6396 2.08
6397 1.52
6398 2.02
6399 1.60
6400 2.19
6401 1.77
6402 1.94
6403 3.44
6404 0.71
6405 0.74
6406 1.20
6407 0.00
6408 0.00
6409 13.14
6410 0.00
6411 0.00
6412 0.00
6413 0.00
6414 5.85
6415 5.58
6416 0.34
6417 1.96
6418 1.55
6419 1.64
6420 1.74
6421 1.42
6422 2.22
6423 1.90
6424 2.55
6425 1.77
6426 1.95
6427 1.86
6428 1.95
6429 2.89
6430 6.29
6431 10.62
6432 0.00
6433 0.00
6434 0.00
6435 37.50
6436 0.00
6437 0.00
6438 0.00
6439 0.00
6440 0.26
6441 1.37
6442 1.94
6443 2.71
6444 2.34
6445 1.66
6446 1.62
6447 1.73
6448 1.58
6449 1.49
6450 1.84
6451 4.92
6452 1.20
6453 0.76
6454 0.83
6455 1.54
6456 0.00
6457 0.00
6458 0.00
6459 0.00
6460 0.00
6461 0.00
6462 0.00
6463 4.97
6464 0.35
6465 2.02
6466 1.71
6467 1.97
6468 1.81
6469 1.48
6470 2.14
6471 1.93
6472 2.30
6473 1.96
6474 2.33
6475 4.16
6476 0.69
6477 1.66
6478 1.08
6479 7.76
6480 0.00
6481 0.00
6482 0.00
6483 0.00
6484 0.00
6485 0.00
6486 46.75
6487 3.22
6488 0.35
6489 1.32
6490 1.35
6491 1.83
6492 1.74
6493 1.73
6494 1.46
6495 1.67
6496 1.73
6497 2.04
6498 2.32
6499 3.29
6500 1.11
6501 0.93
6502 1.47
6503 1.61
6504 40.00
6505 0.00
6506 0.00
6507 23.23
6508 14.01
6509 0.51
6510 0.72
6511 1.01
6512 0.41
6513 1.18
6514 1.39
6515 1.45
6516 1.48
6517 2.23
6518 1.64
6519 0.97
6520 0.91
6521 1.83
6522 2.06
6523 2.29
6524 0.59
6525 0.57
6526 0.60
6527 1.47
6528 0.00
6529 0.96
6530 0.00
6531 0.00
6532 0.00
6533 0.00
6534 0.00
6535 0.00
6536 0.24
6537 0.74
6538 1.34
6539 1.05
6540 0.95
6541 1.19
6542 1.21
6543 1.03
6544 1.59
6545 0.82
6546 0.48
6547 1.95
6548 0.69
6549 1.17
6550 38.92
6551 2.57
6552 0.00
6553 0.15
6554 0.00
6555 0.00
6556 0.00
6557 0.00
6558 0.00
6559 0.00
6560 0.67
6561 1.32
6562 1.27
6563 1.16
6564 1.87
6565 2.16
6566 2.06
6567 1.38
6568 1.07
6569 1.28
6570 5.16
6571 9.79
6572 0.00
6573 9.38
6574 0.66
6575 0.00
6576 0.00
6577 1.10
6578 0.36
6579 0.00
6580 0.00
6581 0.00
6582 0.00
6583 0.00
6584 0.30
6585 0.73
6586 1.17
6587 1.08
6588 0.91
6589 1.17
6590 1.41
6591 0.97
6592 1.61
6593 1.43
6594 1.12
6595 5.93
6596 0.00
6597 0.00
6598 0.00
6599 0.00
6600 0.00
6601 0.15
6602 0.00
6603 0.00
6604 0.00
6605 0.00
6606 0.00
6607 0.00
6608 0.35
6609 1.07
6610 1.15
6611 1.80
6612 2.01
6613 1.70
6614 1.62
6615 2.26
6616 2.27
6617 2.00
6618 1.72
6619 5.13
6620 0.00
6621 0.00
6622 0.00
6623 0.00
6624 0.00
6625 0.17
6626 0.00
6627 0.00
6628 0.00
6629 0.00
6630 0.00
6631 0.00
6632 0.51
6633 1.23
6634 1.33
6635 1.34
6636 1.40
6637 1.68
6638 1.57
6639 1.99
6640 1.98
6641 2.32
6642 2.13
6643 6.15
6644 16.98
6645 7.59
6646 51.80
6647 9.23
6648 0.00
6649 0.14
6650 0.00
6651 0.00
6652 0.00
6653 0.00
6654 0.00
6655 0.00
6656 0.54
6657 0.68
6658 1.09
6659 1.52
6660 1.74
6661 1.94
6662 2.00
6663 1.68
6664 2.24
6665 1.68
6666 2.10
6667 5.50
6668 8.14
6669 5.09
6670 0.00
6671 0.00
6672 0.00
6673 0.48
6674 3.30
6675 0.00
6676 10.17
6677 0.00
6678 0.00
6679 21.69
6680 0.56
6681 1.38
6682 1.59
6683 1.58
6684 2.05
6685 1.77
6686 1.67
6687 1.96
6688 2.01
6689 2.08
6690 1.85
6691 5.86
6692 39.13
6693 0.71
6694 51.43
6695 0.51
6696 0.00
6697 1.31
6698 0.00
6699 0.00
6700 0.00
6701 0.00
6702 5.06
6703 2.20
6704 0.59
6705 1.48
6706 1.55
6707 1.68
6708 1.62
6709 1.67
6710 1.78
6711 1.95
6712 1.80
6713 1.93
6714 1.94
6715 5.11
6716 2.93
6717 2.50
6718 5.17
6719 2.88
6720 8.76
6721 0.24
6722 0.00
6723 5.45
6724 0.00
6725 3.79
6726 0.00
6727 1.31
6728 0.63
6729 1.13
6730 1.17
6731 1.26
6732 1.26
6733 1.88
6734 1.59
6735 1.38
6736 1.27
6737 1.41
6738 1.45
6739 5.12
6740 5.67
6741 28.57
6742 0.00
6743 5.49
6744 0.00
6745 0.55
6746 7.18
6747 0.00
6748 8.72
6749 0.00
6750 0.00
6751 0.00
6752 0.21
6753 0.64
6754 0.97
6755 0.89
6756 0.94
6757 1.02
6758 1.19
6759 1.11
6760 1.95
6761 1.01
6762 2.16
6763 8.40
6764 1.29
6765 5.22
6766 19.15
6767 0.00
6768 0.00
6769 0.14
6770 0.00
6771 0.00
6772 0.00
6773 0.00
6774 0.00
6775 1.94
6776 0.35
6777 1.18
6778 1.13
6779 1.82
6780 2.10
6781 1.99
6782 1.77
6783 2.31
6784 2.03
6785 2.13
6786 1.92
6787 5.10
6788 3.93
6789 4.50
6790 1.55
6791 1.67
6792 0.00
6793 43.11
6794 1.16
6795 14.34
6796 0.00
6797 0.00
6798 51.80
6799 7.14
6800 0.45
6801 1.05
6802 1.28
6803 1.85
6804 1.62
6805 1.60
6806 2.19
6807 2.11
6808 1.48
6809 1.87
6810 1.84
6811 3.38
6812 0.89
6813 9.18
6814 1.07
6815 0.00
6816 0.00
6817 8.74
6818 0.00
6819 0.00
6820 0.00
6821 0.00
6822 0.00
6823 7.81
6824 0.37
6825 0.99
6826 1.51
6827 1.41
6828 1.38
6829 1.47
6830 1.64
6831 1.44
6832 1.61
6833 1.96
6834 1.72
6835 5.17
6836 1.05
6837 2.94
6838 0.98
6839 0.00
6840 22.93
6841 0.12
6842 0.00
6843 0.00
6844 0.00
6845 0.00
6846 5.81
6847 6.12
6848 0.41
6849 0.85
6850 1.44
6851 1.68
6852 1.67
6853 1.81
6854 1.99
6855 2.44
6856 1.74
6857 1.74
6858 2.01
6859 3.30
6860 2.87
6861 1.71
6862 18.65
6863 0.00
6864 0.00
6865 3.98
6866 0.00
6867 0.00
6868 0.00
6869 0.00
6870 8.72
6871 2.43
6872 0.46
6873 0.98
6874 1.48
6875 1.71
6876 1.91
6877 1.83
6878 1.74
6879 1.95
6880 2.02
6881 1.85
6882 2.24
6883 2.96
6884 10.04
6885 1.70
6886 3.51
6887 2.72
6888 8.47
6889 0.44
6890 0.00
6891 0.00
6892 0.00
6893 20.45
6894 1.42
6895 6.95
6896 0.50
6897 1.01
6898 0.99
6899 1.41
6900 1.40
6901 2.35
6902 1.37
6903 1.79
6904 1.47
6905 2.46
6906 1.49
6907 4.26
6908 7.68
6909 0.76
6910 48.65
6911 21.73
6912 23.23
6913 0.31
6914 15.93
6915 0.00
6916 0.00
6917 0.00
6918 0.00
6919 0.00
6920 0.24
6921 0.74
6922 0.82
6923 1.03
6924 1.26
6925 1.10
6926 0.96
6927 1.48
6928 1.69
6929 1.65
6930 2.41
6931 2.35
6932 4.52
6933 12.74
6934 0.66
6935 15.19
6936 0.00
6937 0.37
6938 0.00
6939 0.00
6940 0.00
6941 0.00
6942 0.00
6943 4.63
6944 0.29
6945 1.10
6946 1.03
6947 1.52
6948 2.18
6949 1.63
6950 2.08
6951 1.95
6952 2.09
6953 1.45
6954 2.12
6955 4.34
6956 15.58
6957 1.37
6958 18.46
6959 17.39
6960 55.38
6961 0.00
6962 0.00
6963 0.00
6964 0.00
6965 0.00
6966 0.00
6967 4.04
6968 0.39
6969 0.97
6970 1.91
6971 1.49
6972 1.40
6973 1.54
6974 2.16
6975 1.85
6976 2.12
6977 1.73
6978 1.89
6979 5.51
6980 2.29
6981 1.15
6982 1.24
6983 5.27
6984 0.00
6985 0.45
6986 16.22
6987 0.00
6988 0.00
6989 0.00
6990 0.00
6991 1.62
6992 0.37
6993 1.07
6994 1.12
6995 1.95
6996 1.24
6997 1.91
6998 1.96
6999 1.66
7000 1.74
7001 1.97
7002 1.83
7003 5.74
7004 13.47
7005 22.71
7006 3.03
7007 2.48
7008 0.00
7009 0.00
7010 0.00
7011 48.00
7012 0.00
7013 0.00
7014 58.06
7015 3.04
7016 0.59
7017 1.29
7018 1.35
7019 1.57
7020 1.75
7021 1.64
7022 1.87
7023 2.21
7024 1.84
7025 1.80
7026 2.06
7027 5.75
7028 1.04
7029 1.08
7030 1.43
7031 3.96
7032 0.00
7033 0.08
7034 0.00
7035 0.00
7036 0.00
7037 0.00
7038 5.93
7039 0.75
7040 0.51
7041 1.06
7042 1.27
7043 1.31
7044 1.50
7045 1.63
7046 1.46
7047 1.67
7048 1.97
7049 1.76
7050 2.15
7051 4.12
7052 1.78
7053 2.39
7054 0.91
7055 6.63
7056 0.00
7057 0.07
7058 0.00
7059 0.00
7060 0.00
7061 0.00
7062 2.66
7063 2.78
7064 0.57
7065 1.11
7066 1.22
7067 1.36
7068 1.58
7069 2.42
7070 1.09
7071 1.82
7072 1.53
7073 1.39
7074 1.42
7075 5.48
7076 3.63
7077 1.72
7078 5.71
7079 1.02
7080 0.00
7081 0.11
7082 0.00
7083 2.64
7084 1.20
7085 0.00
7086 3.29
7087 0.00
7088 0.36
7089 0.65
7090 0.85
7091 0.95
7092 1.33
7093 1.17
7094 1.20
7095 1.54
7096 1.46
7097 1.32
7098 2.50
7099 2.54
7100 1.11
7101 1.18
7102 1.10
7103 1.65
7104 0.00
7105 0.08
7106 0.00
7107 0.00
7108 0.00
7109 0.00
7110 0.00
7111 0.00
7112 0.34
7113 0.78
7114 1.18
7115 1.28
7116 1.50
7117 2.08
7118 1.61
7119 1.93
7120 1.60
7121 1.68
7122 1.98
7123 5.73
7124 10.48
7125 1.10
7126 23.95
7127 0.00
7128 0.00
7129 0.06
7130 0.00
7131 0.00
7132 0.00
7133 0.00
7134 5.69
7135 2.04
7136 0.31
7137 0.92
7138 1.23
7139 1.65
7140 1.72
7141 2.10
7142 1.45
7143 2.23
7144 1.75
7145 2.00
7146 2.03
7147 3.38
7148 5.61
7149 3.17
7150 30.13
7151 3.07
7152 0.00
7153 0.28
7154 0.00
7155 0.00
7156 0.00
7157 0.00
7158 0.00
7159 0.39
7160 0.32
7161 1.13
7162 1.38
7163 1.61
7164 1.76
7165 1.92
7166 1.79
7167 1.71
7168 1.57
7169 1.75
7170 1.76
7171 4.30
7172 2.56
7173 2.42
7174 0.00
7175 2.44
7176 0.00
7177 0.21
7178 0.25
7179 0.00
7180 0.55
7181 0.00
7182 3.92
7183 1.84
7184 0.44
7185 1.12
7186 1.44
7187 1.59
7188 2.15
7189 1.80
7190 2.04
7191 2.20
7192 2.26
7193 2.22
7194 1.96
7195 2.41
7196 1.14
7197 11.62
7198 0.90
7199 48.00
7200 1.53
7201 0.04
7202 0.00
7203 0.00
7204 0.00
7205 0.53
7206 7.85
7207 4.23
7208 0.46
7209 1.00
7210 1.37
7211 1.61
7212 1.45
7213 1.89
7214 2.02
7215 1.79
7216 2.07
7217 2.27
7218 2.54
7219 4.50
7220 1.79
7221 4.44
7222 1.38
7223 2.53
7224 3.77
7225 0.06
7226 0.00
7227 0.00
7228 0.00
7229 0.00
7230 1.33
7231 1.72
7232 0.56
7233 0.97
7234 1.24
7235 1.16
7236 1.60
7237 2.61
7238 1.39
7239 2.21
7240 1.87
7241 2.10
7242 1.43
7243 5.26
7244 5.65
7245 2.23
7246 0.69
7247 2.73
7248 1.47
7249 0.08
7250 0.00
7251 0.00
7252 0.00
7253 23.53
7254 0.00
7255 0.00
7256 0.31
7257 1.45
7258 1.43
7259 1.23
7260 1.22
7261 1.21
7262 1.40
7263 1.26
7264 1.96
7265 1.45
7266 1.20
7267 6.17
7268 2.56
7269 7.65
7270 1.04
7271 0.00
7272 0.00
7273 0.04
7274 0.00
7275 0.00
7276 0.00
7277 0.00
7278 0.00
7279 0.68
7280 0.28
7281 1.73
7282 0.85
7283 2.04
7284 1.95
7285 2.21
7286 1.98
7287 2.17
7288 2.24
7289 2.12
7290 2.46
7291 3.32
7292 5.72
7293 9.70
7294 5.88
7295 6.02
7296 51.43
7297 0.04
7298 0.00
7299 0.00
7300 0.00
7301 0.00
7302 0.00
7303 0.00
7304 0.16
7305 0.62
7306 0.63
7307 1.06
7308 1.94
7309 1.21
7310 2.01
7311 1.48
7312 1.53
7313 1.68
7314 2.16
7315 4.40
7316 5.83
7317 0.72
7318 4.04
7319 1.93
7320 0.00
7321 0.17
7322 0.00
7323 0.00
7324 0.00
7325 0.00
7326 0.00
7327 10.62
7328 0.40
7329 0.93
7330 1.22
7331 1.86
7332 2.19
7333 1.84
7334 1.53
7335 1.95
7336 2.26
7337 1.79
7338 2.17
7339 2.79
7340 1.17
7341 3.25
7342 1.69
7343 13.48
7344 0.00
7345 0.39
7346 0.00
7347 19.74
7348 6.58
7349 31.77
7350 14.15
7351 12.84
7352 0.60
7353 2.26
7354 0.93
7355 1.82
7356 1.78
7357 1.63
7358 2.15
7359 2.20
7360 1.74
7361 2.11
7362 2.03
7363 2.25
7364 1.12
7365 1.01
7366 1.56
7367 0.00
7368 0.00
7369 0.15
7370 40.45
7371 0.00
7372 0.00
7373 0.00
7374 1.04
7375 5.06
7376 0.32
7377 1.94
7378 2.15
7379 1.60
7380 1.56
7381 2.05
7382 2.49
7383 2.29
7384 2.22
7385 2.19
7386 1.96
7387 4.88
7388 1.56
7389 3.27
7390 1.63
7391 1.85
7392 0.00
7393 0.12
7394 0.00
7395 0.22
7396 0.00
7397 0.52
7398 0.00
7399 2.72
7400 0.48
7401 1.12
7402 1.28
7403 1.35
7404 1.30
7405 2.49
7406 1.39
7407 2.33
7408 1.54
7409 1.60
7410 1.95
7411 6.21
7412 1.71
7413 9.64
7414 8.89
7415 0.72
7416 0.00
7417 0.13
7418 0.00
7419 0.17
7420 0.00
7421 1.00
7422 0.00
7423 0.00
7424 0.21
7425 0.63
7426 1.13
7427 0.91
7428 1.32
7429 1.12
7430 1.03
7431 1.44
7432 2.60
7433 1.59
7434 1.57
7435 1.61
7436 8.49
7437 0.78
7438 1.00
7439 0.00
7440 54.55
7441 0.12
7442 21.82
7443 0.00
7444 14.46
7445 0.00
7446 0.00
7447 6.44
7448 0.25
7449 0.81
7450 1.47
7451 1.84
7452 1.77
7453 2.26
7454 1.30
7455 2.61
7456 2.02
7457 2.60
7458 2.11
7459 4.55
7460 2.38
7461 0.83
7462 0.62
7463 4.85
7464 8.09
7465 0.00
7466 0.00
7467 0.00
7468 0.00
7469 0.00
7470 0.00
7471 2.71
7472 0.26
7473 1.22
7474 1.10
7475 1.98
7476 1.85
7477 1.55
7478 1.83
7479 2.39
7480 1.98
7481 1.76
7482 2.29
7483 2.88
7484 12.07
7485 3.75
7486 1.41
7487 2.83
7488 0.00
7489 20.81
7490 0.00
7491 0.00
7492 0.00
7493 0.00
7494 0.00
7495 0.00
7496 0.24
7497 1.32
7498 1.71
7499 2.25
7500 1.84
7501 1.94
7502 1.93
7503 2.35
7504 2.18
7505 1.78
7506 1.91
7507 2.55
7508 2.12
7509 1.56
7510 21.69
7511 5.12
7512 15.52
7513 0.00
7514 0.00
7515 0.00
7516 0.00
7517 40.45
7518 0.00
7519 3.11
7520 0.36
7521 1.16
7522 1.81
7523 1.65
7524 1.58
7525 1.73
7526 1.16
7527 2.32
7528 1.84
7529 2.12
7530 1.76
7531 2.19
7532 7.20
7533 1.02
7534 0.84
7535 0.00
7536 0.00
7537 0.20
7538 0.00
7539 0.00
7540 0.00
7541 0.51
7542 0.00
7543 4.31
7544 0.47
7545 0.74
7546 1.36
7547 1.74
7548 2.01
7549 1.91
7550 1.96
7551 2.12
7552 1.88
7553 1.45
7554 2.35
7555 4.96
7556 6.01
7557 1.10
7558 4.65
7559 7.83
7560 10.03
7561 0.08
7562 0.00
7563 0.00
7564 0.55
7565 0.67
7566 0.00
7567 4.37
7568 0.46
7569 1.03
7570 1.10
7571 1.28
7572 1.59
7573 2.29
7574 1.22
7575 1.25
7576 2.37
7577 1.48
7578 1.03
7579 3.95
7580 4.34
7581 1.58
7582 3.25
7583 0.00
7584 0.00
7585 0.08
7586 0.00
7587 0.00
7588 0.00
7589 1.00
7590 0.00
7591 0.00
7592 0.21
7593 0.93
7594 1.07
7595 0.97
7596 1.25
7597 1.57
7598 1.15
7599 0.88
7600 1.89
7601 1.94
7602 1.73
7603 2.04
7604 6.68
7605 2.32
7606 1.11
7607 2.78
7608 4.08
7609 0.16
7610 0.00
7611 0.00
7612 0.00
7613 10.88
7614 0.00
7615 0.00
7616 0.22
7617 1.81
7618 1.15
7619 1.92
7620 1.70
7621 1.84
7622 1.39
7623 2.81
7624 2.52
7625 1.86
7626 1.99
7627 4.87
7628 7.52
7629 5.90
7630 4.99
7631 19.67
7632 0.00
7633 0.15
7634 0.00
7635 0.00
7636 0.00
7637 0.00
7638 15.58
7639 4.83
7640 0.29
7641 1.58
7642 1.32
7643 1.77
7644 2.21
7645 2.30
7646 2.32
7647 2.44
7648 2.12
7649 2.40
7650 2.56
7651 5.55
7652 0.21
7653 5.28
7654 4.77
7655 1.90
7656 0.00
7657 0.62
7658 0.00
7659 0.00
7660 0.00
7661 0.00
7662 45.00
7663 5.08
7664 0.25
7665 2.72
7666 1.43
7667 1.96
7668 1.44
7669 1.65
7670 1.81
7671 2.67
7672 2.66
7673 2.03
7674 1.85
7675 4.92
7676 6.00
7677 11.85
7678 23.15
7679 16.51
7680 0.00
7681 0.11
7682 16.14
7683 0.00
7684 0.00
7685 0.00
7686 0.00
7687 1.78
7688 0.29
7689 2.39
7690 2.00
7691 1.67
7692 2.17
7693 1.73
7694 1.98
7695 1.85
7696 2.06
7697 1.85
7698 2.04
7699 5.64
7700 0.68
7701 3.21
7702 0.00
7703 3.33
7704 0.00
7705 0.23
7706 0.00
7707 0.00
7708 0.00
7709 0.00
7710 1.52
7711 0.00
7712 0.33
7713 1.42
7714 1.96
7715 1.88
7716 1.67
7717 2.43
7718 2.30
7719 2.10
7720 1.97
7721 2.06
7722 2.18
7723 5.17
7724 0.79
7725 1.72
7726 0.00
7727 0.00
7728 0.00
7729 0.04
7730 0.00
7731 22.64
7732 13.61
7733 0.00
7734 5.62
7735 1.84
7736 0.44
7737 1.05
7738 1.21
7739 1.27
7740 1.65
7741 1.73
7742 1.56
7743 1.55
7744 1.20
7745 1.93
7746 1.20
7747 6.71
7748 1.39
7749 2.04
7750 6.14
7751 0.00
7752 0.00
7753 0.11
7754 0.56
7755 0.00
7756 5.14
7757 0.00
7758 0.00
7759 0.88
7760 0.21
7761 1.27
7762 1.34
7763 1.15
7764 1.21
7765 1.25
7766 1.30
7767 1.44
7768 1.80
7769 1.25
7770 1.05
7771 2.00
7772 15.09
7773 3.56
7774 1.22
7775 16.46
7776 0.00
7777 0.04
7778 16.44
7779 0.00
7780 0.00
7781 49.32
7782 0.00
7783 0.00
7784 0.21
7785 1.48
7786 1.80
7787 2.40
7788 1.85
7789 1.93
7790 2.68
7791 2.18
7792 2.33
7793 1.58
7794 2.08
7795 3.84
7796 6.46
7797 0.60
7798 1.30
7799 0.00
7800 0.00
7801 0.12
7802 0.00
7803 0.00
7804 0.00
7805 0.00
7806 0.00
7807 1.21
7808 0.37
7809 1.62
7810 1.66
7811 1.92
7812 1.40
7813 2.16
7814 1.81
7815 2.51
7816 2.24
7817 2.07
7818 2.10
7819 2.98
7820 0.81
7821 4.35
7822 1.01
7823 47.37
7824 0.00
7825 0.09
7826 0.00
7827 0.00
7828 4.72
7829 0.00
7830 0.00
7831 0.00
7832 0.62
7833 2.16
7834 2.65
7835 1.46
7836 2.10
7837 1.59
7838 1.63
7839 1.45
7840 2.02
7841 1.80
7842 1.83
7843 3.73
7844 1.61
7845 1.47
7846 2.18
7847 0.00
7848 24.32
7849 0.05
7850 0.00
7851 0.00
7852 0.00
7853 0.00
7854 0.00
7855 2.11
7856 0.39
7857 1.61
7858 1.31
7859 1.39
7860 1.73
7861 1.51
7862 1.98
7863 2.34
7864 2.17
7865 2.31
7866 2.07
7867 4.17
7868 0.69
7869 29.92
7870 11.84
7871 0.97
7872 11.69
7873 0.06
7874 0.00
7875 0.00
7876 0.00
7877 0.00
7878 1.96
7879 5.56
7880 0.36
7881 1.09
7882 1.76
7883 1.48
7884 1.49
7885 2.17
7886 1.81
7887 1.75
7888 1.82
7889 2.07
7890 2.18
7891 5.66
7892 6.30
7893 0.84
7894 8.12
7895 2.42
7896 0.00
7897 0.04
7898 2.11
7899 3.43
7900 0.00
7901 0.00
7902 0.00
7903 1.50
7904 0.54
7905 1.10
7906 1.20
7907 1.36
7908 1.60
7909 2.03
7910 1.49
7911 1.78
7912 1.30
7913 1.69
7914 1.77
7915 3.51
7916 3.58
7917 1.10
7918 1.00
7919 3.20
7920 46.15
7921 0.12
7922 0.40
7923 0.00
7924 0.00
7925 0.00
7926 0.00
7927 0.00
7928 0.30
7929 0.94
7930 1.59
7931 1.32
7932 1.26
7933 0.99
7934 1.00
7935 1.34
7936 1.06
7937 1.44
7938 1.53
7939 1.90
7940 8.18
7941 7.43
7942 1.53
7943 0.00
7944 0.00
7945 0.04
7946 0.00
7947 0.00
7948 0.00
7949 0.00
7950 0.00
7951 0.00
7952 0.33
7953 1.44
7954 1.21
7955 1.67
7956 1.79
7957 1.87
7958 2.26
7959 2.23
7960 2.05
7961 1.75
7962 2.17
7963 5.77
7964 0.27
7965 9.36
7966 5.42
7967 3.70
7968 0.00
7969 0.08
7970 0.00
7971 0.00
7972 0.00
7973 0.00
7974 0.00
7975 2.74
7976 0.32
7977 1.61
7978 1.30
7979 1.62
7980 1.94
7981 1.84
7982 1.61
7983 1.99
7984 1.80
7985 1.95
7986 2.37
7987 5.06
7988 5.46
7989 8.07
7990 1.54
7991 3.08
7992 8.85
7993 0.12
7994 19.46
7995 0.00
7996 0.00
7997 23.08
7998 0.00
7999 0.00
8000 0.30
8001 1.28
8002 1.15
8003 1.97
8004 1.84
8005 1.70
8006 2.15
8007 2.06
8008 2.07
8009 1.88
8010 1.68
8011 4.62
8012 1.61
8013 2.05
8014 2.20
8015 3.76
8016 51.43
8017 0.08
8018 30.00
8019 0.00
8020 0.00
8021 0.00
8022 0.00
8023 1.10
8024 0.44
8025 1.06
8026 1.24
8027 1.50
8028 1.66
8029 1.94
8030 1.69
8031 1.90
8032 1.83
8033 1.69
8034 2.06
8035 2.79
8036 0.50
8037 2.03
8038 0.00
8039 4.89
8040 0.00
8041 0.08
8042 0.00
8043 0.00
8044 0.00
8045 0.00
8046 0.94
8047 1.23
8048 0.41
8049 1.69
8050 1.46
8051 1.48
8052 1.53
8053 1.53
8054 1.87
8055 1.52
8056 2.05
8057 2.12
8058 2.25
8059 4.17
8060 0.92
8061 0.82
8062 1.27
8063 0.00
8064 4.78
8065 0.09
8066 0.00
8067 0.00
8068 0.00
8069 0.00
8070 0.48
8071 0.00
8072 0.62
8073 1.15
8074 0.99
8075 1.23
8076 1.62
8077 2.50
8078 1.12
8079 0.93
8080 2.02
8081 2.02
8082 1.91
8083 1.93
8084 2.18
8085 1.75
8086 0.69
8087 18.98
8088 0.00
8089 0.06
8090 0.00
8091 22.09
8092 0.00
8093 0.33
8094 0.57
8095 0.00
8096 0.27
8097 0.85
8098 1.15
8099 1.11
8100 0.90
8101 1.65
8102 1.01
8103 1.37
8104 1.46
8105 1.04
8106 1.32
8107 4.36
8108 7.10
8109 0.88
8110 3.55
8111 10.39
8112 0.00
8113 0.06
8114 0.00
8115 0.00
8116 0.00
8117 0.00
8118 0.00
8119 0.00
8120 0.29
8121 1.20
8122 1.41
8123 1.95
8124 1.98
8125 1.93
8126 1.81
8127 2.31
8128 3.46
8129 1.76
8130 1.94
8131 3.98
8132 0.93
8133 18.32
8134 0.83
8135 0.00
8136 0.00
8137 0.06
8138 0.00
8139 0.00
8140 0.00
8141 50.70
8142 0.00
8143 1.47
8144 0.33
8145 1.03
8146 1.26
8147 1.71
8148 1.65
8149 1.66
8150 1.76
8151 2.35
8152 1.86
8153 1.79
8154 2.12
8155 5.52
8156 4.86
8157 0.58
8158 0.00
8159 21.43
8160 0.00
8161 0.08
8162 0.00
8163 6.62
8164 0.00
8165 0.00
8166 0.00
8167 0.00
8168 0.34
8169 1.30
8170 1.59
8171 2.37
8172 1.66
8173 1.68
8174 1.63
8175 2.23
8176 2.39
8177 1.72
8178 1.65
8179 3.56
8180 1.31
8181 1.53
8182 8.50
8183 2.86
8184 0.00
8185 0.06
8186 41.86
8187 1.21
8188 0.00
8189 0.00
8190 0.00
8191 2.70
8192 0.42
8193 2.40
8194 1.29
8195 1.78
8196 2.09
8197 1.55
8198 1.81
8199 2.53
8200 1.92
8201 2.55
8202 2.03
8203 6.12
8204 5.98
8205 0.00
8206 0.77
8207 8.72
8208 0.00
8209 0.17
8210 3.03
8211 0.00
8212 0.00
8213 0.00
8214 0.00
8215 2.39
8216 0.49
8217 1.22
8218 1.71
8219 1.50
8220 1.57
8221 1.79
8222 1.98
8223 2.11
8224 1.82
8225 1.92
8226 2.18
8227 5.18
8228 11.09
8229 2.24
8230 3.62
8231 5.55
8232 0.00
8233 0.08
8234 0.00
8235 0.00
8236 0.51
8237 40.45
8238 5.37
8239 4.35
8240 0.60
8241 0.97
8242 1.02
8243 1.37
8244 1.70
8245 2.49
8246 1.30
8247 1.36
8248 2.40
8249 1.21
8250 1.65
8251 7.23
8252 3.93
8253 2.07
8254 18.79
8255 36.64
8256 2.01
8257 0.10
8258 0.00
8259 0.00
8260 0.00
8261 0.54
8262 0.00
8263 0.00
8264 0.28
8265 0.85
8266 1.68
8267 0.98
8268 1.12
8269 1.08
8270 1.07
8271 1.33
8272 1.64
8273 1.05
8274 2.60
8275 1.82
8276 2.78
8277 11.09
8278 2.94
8279 2.15
8280 0.00
8281 0.08
8282 0.00
8283 0.00
8284 0.00
8285 0.00
8286 0.00
8287 0.00
8288 0.34
8289 0.91
8290 1.37
8291 1.91
8292 1.56
8293 1.59
8294 1.87
8295 1.85
8296 2.19
8297 1.85
8298 1.68
8299 4.39
8300 8.08
8301 4.86
8302 1.86
8303 3.57
8304 0.00
8305 0.07
8306 0.00
8307 0.00
8308 0.00
8309 0.00
8310 0.00
8311 5.04
8312 0.38
8313 1.84
8314 1.88
8315 1.50
8316 1.88
8317 1.76
8318 1.83
8319 1.99
8320 2.08
8321 2.20
8322 2.13
8323 4.15
8324 0.94
8325 17.14
8326 1.80
8327 0.00
8328 21.82
8329 0.04
8330 6.24
8331 0.00
8332 0.00
8333 43.37
8334 0.00
8335 0.00
8336 0.38
8337 1.39
8338 1.36
8339 1.77
8340 1.99
8341 1.64
8342 1.51
8343 2.58
8344 2.89
8345 2.05
8346 1.63
8347 5.05
8348 1.06
8349 2.31
8350 0.71
8351 0.00
8352 0.00
8353 0.04
8354 12.08
8355 0.00
8356 9.60
8357 1.08
8358 0.00
8359 2.96
8360 0.42
8361 1.65
8362 1.22
8363 1.67
8364 1.70
8365 1.66
8366 2.06
8367 2.03
8368 1.66
8369 2.16
8370 2.18
8371 4.06
8372 0.75
8373 0.38
8374 34.62
8375 0.00
8376 42.86
8377 0.04
8378 0.00
8379 0.00
8380 0.00
8381 0.00
8382 4.46
8383 2.78
8384 0.46
8385 1.20
8386 1.68
8387 1.67
8388 1.59
8389 2.07
8390 2.23
8391 2.35
8392 2.02
8393 2.55
8394 1.91
8395 3.36
8396 2.01
8397 18.37
8398 0.59
8399 1.06
8400 0.00
8401 0.08
8402 0.00
8403 0.00
8404 0.46
8405 0.00
8406 6.15
8407 2.33
8408 0.55
8409 1.01
8410 1.21
8411 1.28
8412 1.63
8413 2.56
8414 1.58
8415 1.17
8416 2.39
8417 2.18
8418 1.51
8419 2.30
8420 12.08
8421 48.65
8422 0.97
8423 0.84
8424 0.00
8425 0.06
8426 0.00
8427 0.00
8428 0.00
8429 0.00
8430 0.00
8431 0.00
8432 0.28
8433 1.09
8434 1.30
8435 1.20
8436 1.00
8437 1.27
8438 1.48
8439 1.21
8440 1.15
8441 2.10
8442 2.72
8443 0.98
8444 2.98
8445 0.62
8446 8.85
8447 0.00
8448 0.00
8449 0.12
8450 0.00
8451 0.00
8452 0.00
8453 0.00
8454 2.55
8455 0.00
8456 0.35
8457 0.84
8458 1.18
8459 1.82
8460 1.79
8461 2.08
8462 1.69
8463 1.99
8464 2.34
8465 2.49
8466 2.45
8467 2.87
8468 2.10
8469 0.65
8470 0.36
8471 11.46
8472 0.00
8473 0.14
8474 0.00
8475 0.00
8476 0.00
8477 0.00
8478 0.00
8479 2.69
8480 0.41
8481 1.17
8482 1.89
8483 1.60
8484 1.93
8485 1.83
8486 1.57
8487 2.46
8488 1.98
8489 2.45
8490 2.26
8491 3.67
8492 3.63
8493 1.72
8494 2.64
8495 2.69
8496 9.94
8497 0.07
8498 0.00
8499 21.43
8500 0.00
8501 0.00
8502 0.00
8503 0.00
8504 0.35
8505 1.27
8506 1.57
8507 1.79
8508 2.47
8509 1.96
8510 1.54
8511 2.15
8512 2.37
8513 1.98
8514 1.90
8515 3.19
8516 0.88
8517 1.82
8518 0.00
8519 12.59
8520 0.00
8521 0.07
8522 0.00
8523 0.00
8524 0.00
8525 0.00
8526 2.43
8527 2.35
8528 0.46
8529 1.57
8530 1.70
8531 1.41
8532 1.66
8533 1.75
8534 1.73
8535 2.30
8536 1.92
8537 2.39
8538 2.49
8539 3.72
8540 4.54
8541 0.88
8542 14.46
8543 9.97
8544 0.00
8545 0.14
8546 0.00
8547 0.00
8548 0.00
8549 0.00
8550 1.00
8551 0.00
8552 0.57
8553 1.10
8554 1.39
8555 1.28
8556 1.73
8557 1.68
8558 1.59
8559 1.88
8560 2.27
8561 1.79
8562 2.50
8563 3.29
8564 1.23
8565 3.17
8566 6.88
8567 2.09
8568 2.87
8569 0.11
8570 0.00
8571 0.22
8572 10.11
8573 0.00
8574 0.00
8575 1.59
8576 0.67
8577 1.07
8578 1.33
8579 1.47
8580 1.54
8581 2.14
8582 1.59
8583 2.25
8584 3.63
8585 2.12
8586 2.14
8587 3.09
8588 0.00
8589 1.13
8590 0.00
8591 29.27
8592 30.00
8593 0.04
8594 0.55
8595 0.00
8596 0.63
8597 0.00
8598 0.89
8599 0.00
8600 0.19
8601 2.57
8602 0.88
8603 1.02
8604 3.81
8605 7.34
8606 23.00
8607 3.97
8608 1.65
8609 2.23
8610 1.41
8611 23.53
8612 52.17
8613 0.63
8614 32.14
8615 2.34
8616 9.63
8617 0.10
8618 0.00
8619 0.00
8620 0.00
8621 0.00
8622 0.00
8623 0.00
8624 0.19
8625 0.98
8626 0.84
8627 1.24
8628 1.37
8629 1.17
8630 1.13
8631 1.31
8632 2.01
8633 1.88
8634 3.31
8635 3.90
8636 10.64
8637 0.97
8638 5.58
8639 6.46
8640 1.75
8641 0.07
8642 0.77
8643 0.00
8644 0.00
8645 0.00
8646 0.00
8647 0.00
8648 0.19
8649 0.87
8650 1.27
8651 1.58
8652 1.23
8653 1.05
8654 2.22
8655 1.86
8656 2.03
8657 3.47
8658 2.40
8659 3.84
8660 5.39
8661 9.78
8662 6.12
8663 0.86
8664 0.00
8665 0.04
8666 0.00
8667 0.00
8668 5.98
8669 0.00
8670 0.00
8671 0.00
8672 0.22
8673 0.88
8674 2.17
8675 1.86
8676 2.26
8677 1.81
8678 2.70
8679 2.42
8680 2.53
8681 3.23
8682 2.22
8683 5.07
8684 0.00
8685 1.53
8686 4.18
8687 0.00
8688 4.28
8689 0.08
8690 0.00
8691 0.00
8692 0.00
8693 53.73
8694 0.00
8695 0.00
8696 0.28
8697 1.04
8698 1.71
8699 1.81
8700 1.71
8701 1.84
8702 2.17
8703 1.96
8704 2.33
8705 1.98
8706 2.56
8707 7.52
8708 2.06
8709 2.10
8710 0.00
8711 0.00
8712 1.20
8713 0.07
8714 0.00
8715 0.00
8716 0.00
8717 0.00
8718 0.00
8719 6.69
8720 0.32
8721 1.08
8722 1.77
8723 1.59
8724 1.54
8725 1.71
8726 1.84
8727 2.57
8728 2.12
8729 2.25
8730 2.26
8731 3.63
8732 0.00
8733 8.70
8734 0.91
8735 1.04
8736 0.00
8737 0.07
8738 0.00
8739 0.00
8740 32.43
8741 1.53
8742 37.89
8743 0.00
8744 0.50
8745 1.12
8746 1.22
8747 1.43
8748 1.62
8749 2.34
8750 1.59
8751 1.61
8752 2.31
8753 5.97
8754 0.91
8755 6.24
8756 6.22
8757 1.15
8758 0.47
8759 0.00
8760 1.26
