1 3
2 1
3 0
4 0
5 1
6 0
7 0
8 22
9 1
10 3
11 10
12 12
13 10
14 9
15 14
16 9
17 3
18 8
19 6
20 0
21 2
22 2
23 1
24 0
25 1
26 1
27 0
28 0
29 0
30 0
31 0
32 88
33 22
34 44
35 60
36 67
37 57
38 54
39 47
40 51
41 55
42 63
43 19
44 0
45 2
46 2
47 0
48 0
49 1
50 0
51 0
52 0
53 0
54 0
55 0
56 101
57 77
58 127
59 152
60 152
61 165
62 162
63 141
64 105
65 105
66 112
67 25
68 0
69 1
70 0
71 1
72 0
73 1
74 0
75 2
76 0
77 0
78 0
79 0
80 87
81 67
82 100
83 96
84 127
85 123
86 124
87 139
88 128
89 134
90 174
91 93
92 14
93 2
94 1
95 3
96 1
97 1
98 2
99 0
100 0
101 0
102 0
103 0
104 119
105 93
106 141
107 177
108 212
109 198
110 195
111 166
112 161
113 128
114 121
115 35
116 1
117 1
118 2
119 0
120 0
121 1
122 0
123 0
124 0
125 1
126 0
127 0
128 112
129 88
130 132
131 177
132 211
133 191
134 206
135 176
136 150
137 145
138 127
139 64
140 3
141 3
142 5
143 2
144 1
145 3
146 1
147 0
148 0
149 2
150 0
151 0
152 174
153 134
154 156
155 176
156 174
157 128
158 47
159 52
160 19
161 21
162 11
163 10
164 2
165 5
166 1
167 0
168 1
169 3
170 0
171 0
172 1
173 0
174 0
175 0
176 24
177 13
178 40
179 51
180 52
181 59
182 51
183 45
184 45
185 29
186 14
187 8
188 2
189 2
190 1
191 2
192 1
193 3
194 0
195 1
196 0
197 0
198 0
199 0
200 94
201 64
202 85
203 141
204 141
205 119
206 131
207 127
208 135
209 121
210 110
211 48
212 4
213 0
214 0
215 0
216 0
217 2
218 0
219 0
220 0
221 0
222 0
223 0
224 99
225 76
226 117
227 178
228 158
229 179
230 183
231 142
232 130
233 117
234 120
235 42
236 2
237 5
238 0
239 4
240 0
241 2
242 0
243 1
244 0
245 0
246 0
247 0
248 101
249 51
250 97
251 108
252 134
253 126
254 144
255 111
256 140
257 133
258 170
259 73
260 5
261 4
262 0
263 1
264 0
265 2
266 0
267 0
268 0
269 0
270 0
271 0
272 123
273 80
274 134
275 158
276 171
277 189
278 176
279 141
280 129
281 111
282 128
283 34
284 3
285 1
286 2
287 1
288 0
289 2
290 0
291 0
292 1
293 0
294 0
295 1
296 129
297 101
298 138
299 179
300 189
301 199
302 219
303 171
304 184
305 154
306 111
307 47
308 2
309 2
310 3
311 4
312 1
313 3
314 0
315 1
316 0
317 1
318 1
319 0
320 173
321 118
322 166
323 162
324 208
325 130
326 54
327 55
328 30
329 32
330 28
331 31
332 0
333 2
334 6
335 2
336 0
337 3
338 0
339 0
340 0
341 0
342 0
343 0
344 46
345 37
346 59
347 62
348 74
349 74
350 53
351 68
352 58
353 47
354 34
355 20
356 5
357 6
358 0
359 2
360 0
361 1
362 0
363 0
364 0
365 0
366 0
367 0
368 102
369 91
370 121
371 119
372 123
373 132
374 126
375 126
376 164
377 136
378 137
379 44
380 6
381 3
382 0
383 3
384 1
385 3
386 0
387 0
388 0
389 0
390 0
391 0
392 133
393 107
394 161
395 170
396 177
397 199
398 155
399 152
400 166
401 171
402 173
403 60
404 4
405 4
406 3
407 1
408 0
409 3
410 0
411 0
412 0
413 1
414 1
415 0
416 103
417 113
418 135
419 155
420 176
421 231
422 189
423 191
424 190
425 190
426 229
427 92
428 11
429 2
430 1
431 2
432 1
433 6
434 0
435 0
436 0
437 0
438 0
439 1
440 146
441 113
442 205
443 202
444 233
445 227
446 219
447 186
448 179
449 139
450 161
451 54
452 3
453 1
454 1
455 2
456 0
457 2
458 0
459 0
460 0
461 0
462 0
463 1
464 157
465 132
466 162
467 241
468 216
469 257
470 261
471 250
472 214
473 193
474 171
475 83
476 1
477 4
478 2
479 1
480 0
481 3
482 1
483 0
484 2
485 0
486 1
487 0
488 214
489 175
490 168
491 206
492 219
493 149
494 61
495 52
496 48
497 42
498 41
499 17
500 2
501 2
502 3
503 4
504 0
505 3
506 0
507 0
508 1
509 0
510 0
511 0
512 48
513 46
514 65
515 75
516 70
517 72
518 55
519 48
520 40
521 26
522 30
523 11
524 1
525 2
526 0
527 0
528 0
529 1
530 1
531 1
532 0
533 0
534 0
535 0
536 121
537 101
538 118
539 176
540 167
541 162
542 179
543 183
544 181
545 142
546 160
547 71
548 3
549 5
550 3
551 3
552 0
553 1
554 0
555 0
556 0
557 0
558 0
559 0
560 144
561 130
562 198
563 217
564 215
565 250
566 173
567 185
568 151
569 151
570 149
571 58
572 6
573 0
574 2
575 0
576 1
577 1
578 0
579 1
580 0
581 0
582 0
583 0
584 117
585 100
586 144
587 137
588 170
589 163
590 199
591 190
592 182
593 163
594 189
595 77
596 9
597 5
598 3
599 3
600 1
601 1
602 0
603 0
604 1
605 0
606 0
607 0
608 102
609 41
610 74
611 61
612 79
613 90
614 79
615 86
616 80
617 53
618 66
619 22
620 5
621 3
622 5
623 1
624 1
625 1
626 2
627 0
628 0
629 0
630 0
631 1
632 138
633 102
634 151
635 184
636 193
637 188
638 161
639 165
640 162
641 97
642 118
643 46
644 3
645 2
646 3
647 1
648 3
649 1
650 0
651 1
652 2
653 0
654 0
655 1
656 191
657 112
658 141
659 181
660 170
661 116
662 38
663 37
664 20
665 22
666 12
667 5
668 3
669 0
670 5
671 2
672 0
673 3
674 0
675 0
676 2
677 0
678 0
679 0
680 36
681 27
682 47
683 59
684 62
685 43
686 53
687 42
688 30
689 21
690 13
691 4
692 1
693 0
694 3
695 2
696 0
697 1
698 0
699 0
700 0
701 0
702 0
703 0
704 119
705 54
706 82
707 108
708 118
709 108
710 103
711 88
712 114
713 102
714 117
715 50
716 3
717 1
718 1
719 0
720 0
721 1
722 0
723 0
724 0
725 0
726 0
727 1
728 117
729 78
730 129
731 161
732 147
733 167
734 163
735 126
736 125
737 104
738 121
739 45
740 2
741 3
742 1
743 1
744 0
745 1
746 0
747 1
748 0
749 0
750 0
751 0
752 109
753 59
754 83
755 115
756 127
757 109
758 99
759 123
760 110
761 125
762 171
763 73
764 5
765 5
766 0
767 1
768 0
769 2
770 0
771 0
772 0
773 0
774 0
775 0
776 107
777 75
778 121
779 138
780 151
781 161
782 147
783 138
784 124
785 116
786 103
787 47
788 1
789 1
790 3
791 0
792 0
793 4
794 0
795 0
796 0
797 0
798 0
799 1
800 141
801 99
802 143
803 147
804 184
805 187
806 175
807 142
808 115
809 106
810 87
811 51
812 1
813 4
814 1
815 6
816 2
817 3
818 0
819 0
820 1
821 0
822 0
823 0
824 205
825 137
826 146
827 160
828 182
829 109
830 53
831 43
832 39
833 13
834 24
835 11
836 4
837 0
838 3
839 0
840 0
841 4
842 0
843 2
844 0
845 1
846 0
847 1
848 35
849 27
850 33
851 55
852 42
853 60
854 50
855 38
856 21
857 16
858 11
859 12
860 3
861 4
862 1
863 1
864 0
865 2
866 3
867 0
868 1
869 0
870 0
871 0
872 127
873 81
874 85
875 109
876 116
877 112
878 132
879 107
880 114
881 98
882 107
883 65
884 2
885 3
886 1
887 2
888 0
889 2
890 0
891 0
892 0
893 0
894 0
895 0
896 140
897 109
898 136
899 176
900 173
901 191
902 165
903 148
904 103
905 122
906 143
907 51
908 3
909 1
910 1
911 0
912 0
913 2
914 0
915 1
916 0
917 0
918 0
919 0
920 109
921 92
922 115
923 130
924 110
925 99
926 133
927 124
928 116
929 127
930 168
931 73
932 8
933 5
934 1
935 1
936 0
937 3
938 0
939 0
940 0
941 0
942 0
943 0
944 144
945 73
946 154
947 169
948 182
949 145
950 164
951 159
952 137
953 137
954 139
955 65
956 3
957 3
958 3
959 4
960 0
961 4
962 0
963 0
964 0
965 0
966 0
967 0
968 157
969 151
970 156
971 198
972 181
973 174
974 171
975 147
976 141
977 159
978 136
979 70
980 6
981 3
982 4
983 1
984 0
985 4
986 0
987 0
988 0
989 0
990 0
991 1
992 201
993 130
994 173
995 181
996 180
997 111
998 55
999 51
1000 44
1001 38
1002 19
1003 14
1004 6
1005 4
1006 6
1007 1
1008 1
1009 3
1010 0
1011 0
1012 1
1013 0
1014 1
1015 0
1016 49
1017 48
1018 39
1019 60
1020 44
1021 41
1022 37
1023 40
1024 32
1025 25
1026 18
1027 23
1028 1
1029 2
1030 2
1031 0
1032 1
1033 5
1034 0
1035 1
1036 0
1037 0
1038 2
1039 0
1040 106
1041 60
1042 83
1043 99
1044 122
1045 123
1046 118
1047 127
1048 110
1049 108
1050 124
1051 48
1052 3
1053 0
1054 2
1055 4
1056 0
1057 4
1058 0
1059 1
1060 0
1061 0
1062 0
1063 0
1064 128
1065 70
1066 141
1067 175
1068 165
1069 179
1070 169
1071 136
1072 98
1073 117
1074 127
1075 42
1076 13
1077 5
1078 4
1079 10
1080 6
1081 14
1082 0
1083 6
1084 0
1085 4
1086 0
1087 1
1088 115
1089 68
1090 99
1091 100
1092 102
1093 106
1094 103
1095 112
1096 120
1097 128
1098 132
1099 59
1100 6
1101 7
1102 7
1103 8
1104 8
1105 5
1106 9
1107 7
1108 11
1109 5
1110 6
1111 3
1112 124
1113 72
1114 136
1115 177
1116 143
1117 145
1118 139
1119 88
1120 108
1121 66
1122 90
1123 52
1124 7
1125 6
1126 2
1127 1
1128 1
1129 8
1130 4
1131 0
1132 1
1133 1
1134 3
1135 0
1136 128
1137 61
1138 132
1139 151
1140 138
1141 159
1142 158
1143 141
1144 126
1145 119
1146 120
1147 58
1148 20
1149 13
1150 9
1151 11
1152 8
1153 8
1154 2
1155 0
1156 1
1157 0
1158 0
1159 0
1160 192
1161 103
1162 143
1163 149
1164 140
1165 111
1166 38
1167 42
1168 29
1169 24
1170 19
1171 13
1172 2
1173 5
1174 2
1175 1
1176 0
1177 3
1178 0
1179 0
1180 0
1181 1
1182 0
1183 0
1184 40
1185 33
1186 35
1187 43
1188 46
1189 23
1190 30
1191 36
1192 22
1193 18
1194 10
1195 11
1196 5
1197 4
1198 0
1199 2
1200 0
1201 3
1202 0
1203 0
1204 0
1205 2
1206 0
1207 2
1208 97
1209 51
1210 107
1211 107
1212 111
1213 119
1214 99
1215 108
1216 99
1217 108
1218 98
1219 42
1220 5
1221 1
1222 0
1223 1
1224 0
1225 3
1226 0
1227 0
1228 0
1229 0
1230 6
1231 10
1232 138
1233 82
1234 132
1235 175
1236 165
1237 161
1238 178
1239 120
1240 92
1241 111
1242 88
1243 47
1244 5
1245 3
1246 2
1247 0
1248 0
1249 3
1250 0
1251 0
1252 0
1253 0
1254 0
1255 1
1256 112
1257 69
1258 123
1259 125
1260 132
1261 111
1262 155
1263 120
1264 118
1265 124
1266 154
1267 71
1268 8
1269 2
1270 4
1271 7
1272 0
1273 3
1274 0
1275 2
1276 3
1277 1
1278 4
1279 0
1280 128
1281 98
1282 128
1283 169
1284 162
1285 173
1286 164
1287 151
1288 139
1289 118
1290 112
1291 28
1292 1
1293 5
1294 4
1295 10
1296 11
1297 12
1298 3
1299 1
1300 0
1301 2
1302 0
1303 0
1304 153
1305 71
1306 118
1307 148
1308 181
1309 155
1310 165
1311 131
1312 132
1313 161
1314 115
1315 60
1316 5
1317 4
1318 6
1319 1
1320 0
1321 8
1322 0
1323 0
1324 1
1325 1
1326 0
1327 1
1328 218
1329 127
1330 125
1331 167
1332 162
1333 91
1334 55
1335 44
1336 30
1337 13
1338 13
1339 8
1340 5
1341 8
1342 3
1343 2
1344 3
1345 4
1346 0
1347 3
1348 0
1349 0
1350 3
1351 2
1352 38
1353 38
1354 37
1355 39
1356 38
1357 48
1358 44
1359 36
1360 24
1361 11
1362 9
1363 3
1364 1
1365 1
1366 4
1367 1
1368 0
1369 4
1370 0
1371 0
1372 0
1373 3
1374 0
1375 2
1376 110
1377 35
1378 76
1379 103
1380 113
1381 106
1382 124
1383 113
1384 123
1385 119
1386 105
1387 46
1388 1
1389 3
1390 6
1391 1
1392 1
1393 4
1394 2
1395 1
1396 0
1397 0
1398 1
1399 1
1400 112
1401 53
1402 127
1403 132
1404 166
1405 175
1406 141
1407 125
1408 111
1409 102
1410 104
1411 49
1412 4
1413 10
1414 4
1415 5
1416 4
1417 3
1418 0
1419 0
1420 0
1421 0
1422 1
1423 2
1424 128
1425 98
1426 135
1427 178
1428 169
1429 170
1430 173
1431 162
1432 121
1433 120
1434 129
1435 48
1436 2
1437 1
1438 2
1439 0
1440 0
1441 3
1442 0
1443 0
1444 0
1445 0
1446 2
1447 0
1448 130
1449 73
1450 128
1451 173
1452 189
1453 189
1454 163
1455 146
1456 155
1457 144
1458 111
1459 68
1460 3
1461 5
1462 3
1463 1
1464 0
1465 3
1466 0
1467 0
1468 0
1469 0
1470 1
1471 0
1472 206
1473 123
1474 152
1475 176
1476 208
1477 113
1478 48
1479 49
1480 24
1481 24
1482 24
1483 17
1484 4
1485 2
1486 0
1487 0
1488 0
1489 3
1490 0
1491 0
1492 0
1493 0
1494 0
1495 0
1496 35
1497 18
1498 44
1499 49
1500 45
1501 47
1502 39
1503 31
1504 26
1505 8
1506 14
1507 16
1508 1
1509 0
1510 1
1511 0
1512 0
1513 2
1514 0
1515 0
1516 0
1517 0
1518 0
1519 1
1520 128
1521 75
1522 114
1523 126
1524 120
1525 150
1526 157
1527 137
1528 124
1529 87
1530 112
1531 43
1532 3
1533 0
1534 1
1535 0
1536 0
1537 2
1538 0
1539 0
1540 0
1541 0
1542 0
1543 1
1544 113
1545 70
1546 177
1547 205
1548 194
1549 197
1550 177
1551 145
1552 125
1553 120
1554 124
1555 42
1556 3
1557 1
1558 1
1559 2
1560 0
1561 2
1562 1
1563 0
1564 0
1565 0
1566 0
1567 1
1568 122
1569 46
1570 93
1571 115
1572 143
1573 136
1574 161
1575 123
1576 138
1577 112
1578 121
1579 70
1580 5
1581 0
1582 1
1583 1
1584 0
1585 3
1586 0
1587 0
1588 0
1589 0
1590 0
1591 0
1592 155
1593 106
1594 141
1595 207
1596 199
1597 205
1598 194
1599 167
1600 148
1601 139
1602 137
1603 61
1604 1
1605 2
1606 1
1607 2
1608 0
1609 2
1610 0
1611 0
1612 0
1613 0
1614 2
1615 1
1616 164
1617 114
1618 170
1619 207
1620 182
1621 206
1622 200
1623 166
1624 170
1625 136
1626 141
1627 70
1628 5
1629 4
1630 0
1631 1
1632 0
1633 4
1634 1
1635 0
1636 1
1637 0
1638 1
1639 0
1640 228
1641 135
1642 177
1643 188
1644 191
1645 122
1646 45
1647 43
1648 34
1649 24
1650 13
1651 14
1652 6
1653 5
1654 5
1655 1
1656 1
1657 3
1658 0
1659 0
1660 0
1661 0
1662 0
1663 0
1664 38
1665 20
1666 43
1667 50
1668 48
1669 45
1670 38
1671 33
1672 26
1673 13
1674 12
1675 15
1676 1
1677 6
1678 2
1679 2
1680 0
1681 2
1682 0
1683 0
1684 0
1685 0
1686 0
1687 1
1688 98
1689 23
1690 31
1691 43
1692 72
1693 80
1694 99
1695 81
1696 62
1697 59
1698 79
1699 40
1700 1
1701 1
1702 2
1703 1
1704 1
1705 3
1706 1
1707 0
1708 0
1709 0
1710 0
1711 1
1712 141
1713 74
1714 143
1715 182
1716 218
1717 209
1718 186
1719 154
1720 130
1721 146
1722 124
1723 44
1724 5
1725 2
1726 3
1727 0
1728 0
1729 2
1730 1
1731 0
1732 0
1733 0
1734 0
1735 0
1736 115
1737 77
1738 122
1739 142
1740 139
1741 166
1742 166
1743 155
1744 134
1745 133
1746 146
1747 66
1748 6
1749 1
1750 0
1751 0
1752 0
1753 2
1754 0
1755 0
1756 0
1757 0
1758 0
1759 2
1760 147
1761 117
1762 190
1763 196
1764 223
1765 205
1766 207
1767 138
1768 123
1769 101
1770 144
1771 64
1772 5
1773 4
1774 2
1775 1
1776 0
1777 2
1778 0
1779 0
1780 0
1781 0
1782 1
1783 1
1784 175
1785 134
1786 160
1787 211
1788 209
1789 215
1790 210
1791 201
1792 175
1793 157
1794 169
1795 77
1796 2
1797 3
1798 0
1799 0
1800 0
1801 3
1802 0
1803 0
1804 0
1805 0
1806 1
1807 1
1808 215
1809 147
1810 184
1811 214
1812 221
1813 120
1814 48
1815 52
1816 35
1817 24
1818 18
1819 13
1820 4
1821 4
1822 2
1823 2
1824 0
1825 2
1826 0
1827 0
1828 0
1829 0
1830 0
1831 0
1832 38
1833 29
1834 51
1835 48
1836 46
1837 42
1838 48
1839 42
1840 42
1841 21
1842 17
1843 14
1844 8
1845 5
1846 1
1847 2
1848 0
1849 2
1850 0
1851 0
1852 0
1853 0
1854 0
1855 1
1856 117
1857 68
1858 107
1859 127
1860 141
1861 143
1862 129
1863 147
1864 133
1865 120
1866 130
1867 67
1868 7
1869 1
1870 1
1871 0
1872 0
1873 2
1874 0
1875 0
1876 0
1877 0
1878 1
1879 1
1880 136
1881 98
1882 158
1883 188
1884 210
1885 201
1886 182
1887 163
1888 113
1889 110
1890 109
1891 45
1892 2
1893 1
1894 1
1895 1
1896 1
1897 2
1898 0
1899 0
1900 0
1901 0
1902 0
1903 1
1904 109
1905 65
1906 99
1907 104
1908 143
1909 144
1910 128
1911 136
1912 143
1913 130
1914 149
1915 64
1916 3
1917 1
1918 1
1919 0
1920 0
1921 2
1922 0
1923 0
1924 0
1925 0
1926 0
1927 0
1928 128
1929 92
1930 161
1931 213
1932 220
1933 172
1934 173
1935 143
1936 121
1937 110
1938 134
1939 53
1940 2
1941 6
1942 0
1943 0
1944 0
1945 2
1946 0
1947 0
1948 0
1949 0
1950 1
1951 2
1952 157
1953 97
1954 167
1955 199
1956 204
1957 195
1958 199
1959 150
1960 177
1961 141
1962 123
1963 74
1964 5
1965 2
1966 2
1967 1
1968 0
1969 3
1970 0
1971 1
1972 0
1973 0
1974 0
1975 2
1976 226
1977 135
1978 163
1979 191
1980 161
1981 123
1982 50
1983 51
1984 39
1985 32
1986 18
1987 12
1988 3
1989 3
1990 4
1991 1
1992 0
1993 2
1994 0
1995 0
1996 0
1997 0
1998 0
1999 1
2000 42
2001 33
2002 30
2003 55
2004 61
2005 44
2006 40
2007 47
2008 48
2009 31
2010 12
2011 21
2012 1
2013 2
2014 0
2015 0
2016 0
2017 2
2018 0
2019 0
2020 0
2021 1
2022 0
2023 0
2024 125
2025 52
2026 88
2027 107
2028 133
2029 139
2030 120
2031 118
2032 124
2033 104
2034 121
2035 48
2036 4
2037 1
2038 0
2039 0
2040 0
2041 2
2042 0
2043 0
2044 0
2045 0
2046 0
2047 2
2048 135
2049 66
2050 133
2051 151
2052 170
2053 176
2054 174
2055 123
2056 105
2057 117
2058 98
2059 40
2060 7
2061 7
2062 1
2063 1
2064 0
2065 2
2066 0
2067 0
2068 0
2069 0
2070 0
2071 0
2072 108
2073 72
2074 104
2075 108
2076 132
2077 128
2078 98
2079 135
2080 119
2081 103
2082 108
2083 45
2084 6
2085 4
2086 0
2087 1
2088 0
2089 3
2090 1
2091 0
2092 0
2093 0
2094 0
2095 1
2096 129
2097 85
2098 133
2099 149
2100 183
2101 176
2102 186
2103 143
2104 93
2105 134
2106 121
2107 60
2108 6
2109 2
2110 1
2111 0
2112 0
2113 3
2114 0
2115 0
2116 0
2117 0
2118 0
2119 2
2120 166
2121 91
2122 150
2123 177
2124 198
2125 171
2126 182
2127 191
2128 139
2129 130
2130 116
2131 68
2132 4
2133 2
2134 1
2135 1
2136 0
2137 2
2138 1
2139 0
2140 0
2141 0
2142 1
2143 1
2144 223
2145 123
2146 162
2147 177
2148 203
2149 107
2150 47
2151 73
2152 40
2153 20
2154 22
2155 16
2156 3
2157 1
2158 1
2159 0
2160 0
2161 3
2162 0
2163 0
2164 0
2165 0
2166 0
2167 0
2168 39
2169 47
2170 49
2171 56
2172 61
2173 51
2174 51
2175 35
2176 39
2177 28
2178 20
2179 23
2180 4
2181 2
2182 1
2183 1
2184 0
2185 2
2186 0
2187 0
2188 0
2189 0
2190 0
2191 0
2192 97
2193 63
2194 115
2195 125
2196 136
2197 152
2198 135
2199 131
2200 114
2201 113
2202 114
2203 51
2204 2
2205 2
2206 1
2207 0
2208 0
2209 2
2210 0
2211 0
2212 0
2213 0
2214 1
2215 4
2216 119
2217 87
2218 159
2219 168
2220 213
2221 179
2222 163
2223 138
2224 103
2225 113
2226 108
2227 63
2228 10
2229 5
2230 3
2231 0
2232 0
2233 2
2234 0
2235 0
2236 0
2237 0
2238 0
2239 0
2240 92
2241 47
2242 114
2243 111
2244 129
2245 127
2246 129
2247 117
2248 132
2249 111
2250 127
2251 48
2252 5
2253 3
2254 1
2255 1
2256 0
2257 3
2258 0
2259 0
2260 0
2261 0
2262 1
2263 1
2264 216
2265 154
2266 221
2267 238
2268 235
2269 218
2270 208
2271 168
2272 146
2273 113
2274 126
2275 67
2276 10
2277 5
2278 13
2279 4
2280 0
2281 3
2282 0
2283 0
2284 0
2285 0
2286 0
2287 0
2288 88
2289 19
2290 24
2291 32
2292 43
2293 38
2294 46
2295 42
2296 58
2297 63
2298 61
2299 54
2300 11
2301 11
2302 6
2303 3
2304 0
2305 3
2306 0
2307 0
2308 0
2309 0
2310 0
2311 3
2312 216
2313 142
2314 159
2315 151
2316 187
2317 115
2318 63
2319 50
2320 36
2321 21
2322 36
2323 19
2324 10
2325 10
2326 5
2327 1
2328 1
2329 2
2330 0
2331 1
2332 0
2333 0
2334 0
2335 0
2336 33
2337 5
2338 52
2339 56
2340 47
2341 59
2342 47
2343 36
2344 26
2345 10
2346 15
2347 18
2348 7
2349 9
2350 1
2351 1
2352 2
2353 2
2354 0
2355 0
2356 1
2357 0
2358 0
2359 0
2360 104
2361 20
2362 23
2363 60
2364 72
2365 58
2366 58
2367 74
2368 65
2369 57
2370 89
2371 44
2372 8
2373 3
2374 4
2375 3
2376 0
2377 3
2378 0
2379 0
2380 0
2381 0
2382 0
2383 1
2384 115
2385 85
2386 145
2387 164
2388 195
2389 208
2390 171
2391 150
2392 123
2393 126
2394 104
2395 59
2396 13
2397 5
2398 3
2399 0
2400 0
2401 2
2402 0
2403 0
2404 0
2405 0
2406 0
2407 1
2408 93
2409 50
2410 106
2411 119
2412 115
2413 124
2414 142
2415 127
2416 116
2417 107
2418 112
2419 60
2420 10
2421 3
2422 4
2423 1
2424 0
2425 3
2426 0
2427 0
2428 0
2429 0
2430 0
2431 2
2432 146
2433 96
2434 186
2435 179
2436 214
2437 200
2438 179
2439 145
2440 134
2441 92
2442 103
2443 65
2444 4
2445 9
2446 3
2447 3
2448 1
2449 2
2450 0
2451 0
2452 0
2453 0
2454 1
2455 0
2456 145
2457 95
2458 161
2459 177
2460 188
2461 191
2462 179
2463 161
2464 126
2465 138
2466 131
2467 71
2468 12
2469 8
2470 4
2471 2
2472 0
2473 3
2474 1
2475 0
2476 0
2477 0
2478 0
2479 2
2480 210
2481 116
2482 173
2483 176
2484 164
2485 111
2486 60
2487 59
2488 36
2489 34
2490 37
2491 25
2492 15
2493 14
2494 6
2495 5
2496 0
2497 3
2498 0
2499 0
2500 1
2501 1
2502 0
2503 1
2504 53
2505 38
2506 64
2507 59
2508 59
2509 53
2510 57
2511 54
2512 45
2513 22
2514 24
2515 13
2516 12
2517 2
2518 4
2519 1
2520 0
2521 2
2522 0
2523 0
2524 0
2525 0
2526 0
2527 0
2528 102
2529 49
2530 98
2531 113
2532 100
2533 111
2534 115
2535 101
2536 119
2537 99
2538 126
2539 46
2540 4
2541 2
2542 5
2543 4
2544 0
2545 2
2546 0
2547 0
2548 0
2549 0
2550 0
2551 1
2552 94
2553 77
2554 123
2555 176
2556 180
2557 149
2558 177
2559 135
2560 111
2561 102
2562 84
2563 38
2564 2
2565 7
2566 6
2567 0
2568 0
2569 2
2570 0
2571 0
2572 0
2573 0
2574 0
2575 1
2576 78
2577 35
2578 97
2579 95
2580 121
2581 122
2582 124
2583 122
2584 101
2585 94
2586 110
2587 42
2588 8
2589 2
2590 2
2591 0
2592 0
2593 2
2594 0
2595 0
2596 0
2597 0
2598 0
2599 0
2600 114
2601 85
2602 125
2603 159
2604 169
2605 168
2606 167
2607 125
2608 122
2609 87
2610 88
2611 49
2612 3
2613 4
2614 5
2615 0
2616 0
2617 2
2618 0
2619 0
2620 0
2621 0
2622 1
2623 1
2624 115
2625 74
2626 133
2627 183
2628 192
2629 195
2630 158
2631 157
2632 150
2633 129
2634 113
2635 68
2636 14
2637 7
2638 2
2639 11
2640 1
2641 2
2642 0
2643 0
2644 0
2645 0
2646 1
2647 1
2648 189
2649 159
2650 169
2651 171
2652 169
2653 117
2654 48
2655 62
2656 35
2657 27
2658 20
2659 27
2660 18
2661 9
2662 7
2663 2
2664 2
2665 6
2666 0
2667 0
2668 0
2669 0
2670 0
2671 0
2672 45
2673 44
2674 72
2675 63
2676 51
2677 58
2678 74
2679 53
2680 40
2681 18
2682 18
2683 26
2684 3
2685 1
2686 3
2687 3
2688 0
2689 2
2690 0
2691 0
2692 0
2693 0
2694 0
2695 0
2696 93
2697 99
2698 147
2699 133
2700 140
2701 129
2702 146
2703 102
2704 118
2705 120
2706 170
2707 66
2708 5
2709 5
2710 4
2711 3
2712 0
2713 4
2714 0
2715 0
2716 0
2717 0
2718 0
2719 3
2720 120
2721 113
2722 156
2723 177
2724 182
2725 183
2726 135
2727 132
2728 152
2729 134
2730 97
2731 73
2732 17
2733 10
2734 3
2735 1
2736 0
2737 2
2738 0
2739 0
2740 0
2741 1
2742 0
2743 0
2744 84
2745 25
2746 12
2747 58
2748 45
2749 57
2750 50
2751 68
2752 50
2753 57
2754 74
2755 42
2756 8
2757 7
2758 6
2759 1
2760 0
2761 2
2762 0
2763 0
2764 0
2765 0
2766 0
2767 1
2768 109
2769 78
2770 154
2771 172
2772 157
2773 195
2774 149
2775 117
2776 106
2777 120
2778 103
2779 45
2780 2
2781 9
2782 4
2783 3
2784 0
2785 2
2786 0
2787 0
2788 0
2789 0
2790 1
2791 2
2792 109
2793 100
2794 147
2795 180
2796 221
2797 219
2798 182
2799 167
2800 162
2801 115
2802 127
2803 63
2804 11
2805 9
2806 7
2807 4
2808 0
2809 2
2810 1
2811 0
2812 1
2813 0
2814 1
2815 0
2816 201
2817 121
2818 169
2819 167
2820 166
2821 128
2822 69
2823 74
2824 37
2825 27
2826 25
2827 26
2828 12
2829 7
2830 2
2831 3
2832 0
2833 4
2834 0
2835 0
2836 0
2837 0
2838 0
2839 0
2840 42
2841 38
2842 61
2843 64
2844 75
2845 58
2846 40
2847 52
2848 45
2849 29
2850 27
2851 18
2852 17
2853 7
2854 4
2855 4
2856 0
2857 2
2858 0
2859 0
2860 0
2861 0
2862 0
2863 0
2864 85
2865 58
2866 100
2867 127
2868 126
2869 147
2870 151
2871 126
2872 142
2873 130
2874 117
2875 47
2876 5
2877 6
2878 1
2879 3
2880 0
2881 2
2882 0
2883 0
2884 0
2885 0
2886 0
2887 2
2888 104
2889 95
2890 121
2891 168
2892 179
2893 219
2894 167
2895 110
2896 102
2897 113
2898 93
2899 56
2900 6
2901 7
2902 3
2903 1
2904 0
2905 3
2906 0
2907 0
2908 0
2909 0
2910 0
2911 0
2912 84
2913 57
2914 104
2915 103
2916 127
2917 119
2918 116
2919 88
2920 115
2921 113
2922 107
2923 56
2924 7
2925 4
2926 2
2927 1
2928 1
2929 2
2930 0
2931 0
2932 0
2933 0
2934 0
2935 2
2936 108
2937 96
2938 135
2939 171
2940 163
2941 177
2942 169
2943 160
2944 154
2945 106
2946 99
2947 52
2948 9
2949 11
2950 2
2951 0
2952 0
2953 2
2954 0
2955 0
2956 0
2957 0
2958 0
2959 3
2960 113
2961 77
2962 125
2963 190
2964 195
2965 202
2966 174
2967 150
2968 147
2969 122
2970 111
2971 53
2972 15
2973 13
2974 5
2975 7
2976 1
2977 4
2978 0
2979 0
2980 0
2981 0
2982 0
2983 2
2984 178
2985 120
2986 160
2987 169
2988 161
2989 98
2990 39
2991 54
2992 42
2993 26
2994 19
2995 20
2996 10
2997 7
2998 4
2999 2
3000 0
3001 2
3002 0
3003 0
3004 0
3005 0
3006 1
3007 0
3008 36
3009 32
3010 67
3011 59
3012 74
3013 61
3014 53
3015 62
3016 44
3017 14
3018 28
3019 19
3020 10
3021 5
3022 4
3023 2
3024 0
3025 2
3026 0
3027 0
3028 0
3029 0
3030 0
3031 0
3032 74
3033 43
3034 70
3035 90
3036 103
3037 129
3038 123
3039 117
3040 108
3041 107
3042 98
3043 56
3044 12
3045 1
3046 1
3047 1
3048 0
3049 2
3050 0
3051 0
3052 0
3053 0
3054 0
3055 3
3056 100
3057 80
3058 126
3059 149
3060 169
3061 145
3062 136
3063 118
3064 108
3065 117
3066 100
3067 46
3068 4
3069 5
3070 2
3071 2
3072 0
3073 2
3074 0
3075 0
3076 0
3077 0
3078 0
3079 0
3080 76
3081 67
3082 87
3083 115
3084 127
3085 127
3086 99
3087 101
3088 112
3089 97
3090 119
3091 66
3092 7
3093 3
3094 0
3095 4
3096 0
3097 2
3098 0
3099 0
3100 0
3101 0
3102 0
3103 2
3104 122
3105 90
3106 118
3107 151
3108 170
3109 173
3110 165
3111 129
3112 112
3113 116
3114 101
3115 48
3116 10
3117 5
3118 1
3119 0
3120 0
3121 2
3122 0
3123 0
3124 0
3125 0
3126 1
3127 2
3128 133
3129 116
3130 137
3131 185
3132 205
3133 177
3134 173
3135 141
3136 129
3137 111
3138 109
3139 47
3140 18
3141 9
3142 7
3143 3
3144 0
3145 2
3146 0
3147 0
3148 0
3149 0
3150 1
3151 1
3152 188
3153 126
3154 144
3155 165
3156 160
3157 107
3158 59
3159 62
3160 46
3161 29
3162 25
3163 17
3164 14
3165 6
3166 2
3167 2
3168 0
3169 3
3170 0
3171 0
3172 0
3173 0
3174 0
3175 0
3176 45
3177 21
3178 59
3179 68
3180 68
3181 63
3182 72
3183 54
3184 27
3185 19
3186 22
3187 24
3188 5
3189 2
3190 8
3191 1
3192 0
3193 2
3194 0
3195 0
3196 0
3197 0
3198 0
3199 0
3200 70
3201 57
3202 67
3203 83
3204 101
3205 102
3206 93
3207 92
3208 90
3209 88
3210 91
3211 38
3212 3
3213 3
3214 4
3215 0
3216 0
3217 2
3218 0
3219 0
3220 0
3221 0
3222 1
3223 1
3224 102
3225 56
3226 116
3227 144
3228 148
3229 174
3230 139
3231 118
3232 92
3233 97
3234 79
3235 74
3236 19
3237 5
3238 1
3239 1
3240 0
3241 2
3242 1
3243 0
3244 0
3245 0
3246 0
3247 1
3248 81
3249 52
3250 70
3251 108
3252 93
3253 119
3254 102
3255 111
3256 100
3257 76
3258 123
3259 44
3260 13
3261 0
3262 1
3263 2
3264 0
3265 2
3266 0
3267 0
3268 0
3269 0
3270 0
3271 0
3272 89
3273 79
3274 126
3275 146
3276 164
3277 135
3278 136
3279 116
3280 110
3281 91
3282 107
3283 51
3284 6
3285 4
3286 1
3287 3
3288 0
3289 1
3290 0
3291 0
3292 0
3293 0
3294 1
3295 4
3296 112
3297 97
3298 121
3299 153
3300 164
3301 162
3302 160
3303 154
3304 125
3305 108
3306 115
3307 65
3308 10
3309 8
3310 3
3311 6
3312 0
3313 1
3314 0
3315 0
3316 0
3317 0
3318 1
3319 1
3320 222
3321 117
3322 151
3323 166
3324 173
3325 109
3326 52
3327 51
3328 31
3329 26
3330 24
3331 25
3332 7
3333 8
3334 3
3335 2
3336 1
3337 1
3338 1
3339 0
3340 0
3341 0
3342 0
3343 0
3344 37
3345 31
3346 57
3347 83
3348 63
3349 57
3350 66
3351 62
3352 45
3353 34
3354 24
3355 21
3356 9
3357 10
3358 2
3359 2
3360 0
3361 1
3362 0
3363 0
3364 1
3365 0
3366 0
3367 0
3368 93
3369 33
3370 70
3371 82
3372 97
3373 83
3374 110
3375 80
3376 104
3377 96
3378 107
3379 43
3380 3
3381 5
3382 2
3383 3
3384 0
3385 1
3386 0
3387 0
3388 0
3389 0
3390 1
3391 2
3392 98
3393 67
3394 127
3395 156
3396 158
3397 153
3398 152
3399 108
3400 97
3401 70
3402 111
3403 47
3404 6
3405 4
3406 5
3407 2
3408 0
3409 1
3410 0
3411 0
3412 0
3413 0
3414 0
3415 1
3416 85
3417 47
3418 86
3419 94
3420 123
3421 95
3422 112
3423 100
3424 84
3425 96
3426 118
3427 58
3428 15
3429 6
3430 3
3431 3
3432 0
3433 1
3434 0
3435 0
3436 0
3437 0
3438 0
3439 1
3440 113
3441 70
3442 115
3443 163
3444 163
3445 169
3446 152
3447 122
3448 85
3449 104
3450 99
3451 48
3452 7
3453 5
3454 0
3455 1
3456 0
3457 1
3458 0
3459 0
3460 0
3461 0
3462 1
3463 1
3464 126
3465 61
3466 93
3467 130
3468 148
3469 142
3470 116
3471 120
3472 115
3473 119
3474 99
3475 78
3476 14
3477 8
3478 4
3479 8
3480 0
3481 1
3482 0
3483 0
3484 0
3485 0
3486 2
3487 1
3488 169
3489 120
3490 154
3491 170
3492 163
3493 123
3494 63
3495 63
3496 29
3497 27
3498 17
3499 18
3500 9
3501 11
3502 7
3503 0
3504 0
3505 1
3506 2
3507 0
3508 0
3509 0
3510 0
3511 0
3512 44
3513 37
3514 60
3515 72
3516 56
3517 63
3518 61
3519 65
3520 47
3521 30
3522 20
3523 19
3524 7
3525 6
3526 5
3527 0
3528 0
3529 1
3530 0
3531 0
3532 0
3533 0
3534 0
3535 0
3536 80
3537 38
3538 100
3539 78
3540 91
3541 97
3542 131
3543 85
3544 96
3545 83
3546 102
3547 49
3548 10
3549 5
3550 0
3551 1
3552 0
3553 1
3554 0
3555 0
3556 0
3557 0
3558 0
3559 1
3560 103
3561 61
3562 137
3563 158
3564 182
3565 174
3566 130
3567 117
3568 83
3569 74
3570 103
3571 41
3572 15
3573 5
3574 3
3575 1
3576 0
3577 1
3578 0
3579 0
3580 0
3581 0
3582 0
3583 1
3584 63
3585 68
3586 75
3587 110
3588 128
3589 108
3590 101
3591 101
3592 95
3593 94
3594 129
3595 68
3596 3
3597 5
3598 3
3599 0
3600 0
3601 1
3602 0
3603 0
3604 0
3605 0
3606 0
3607 2
3608 110
3609 77
3610 132
3611 162
3612 149
3613 146
3614 186
3615 113
3616 113
3617 124
3618 105
3619 41
3620 8
3621 4
3622 3
3623 5
3624 0
3625 1
3626 0
3627 0
3628 0
3629 0
3630 0
3631 2
3632 112
3633 75
3634 122
3635 149
3636 187
3637 186
3638 150
3639 165
3640 120
3641 103
3642 123
3643 56
3644 7
3645 11
3646 7
3647 7
3648 0
3649 1
3650 0
3651 0
3652 1
3653 1
3654 0
3655 1
3656 168
3657 151
3658 158
3659 169
3660 204
3661 108
3662 66
3663 58
3664 40
3665 28
3666 16
3667 29
3668 6
3669 6
3670 6
3671 1
3672 0
3673 2
3674 0
3675 0
3676 0
3677 0
3678 0
3679 0
3680 32
3681 35
3682 49
3683 64
3684 70
3685 60
3686 66
3687 61
3688 47
3689 21
3690 15
3691 10
3692 4
3693 4
3694 3
3695 0
3696 0
3697 1
3698 0
3699 0
3700 0
3701 0
3702 0
3703 0
3704 81
3705 42
3706 69
3707 80
3708 109
3709 104
3710 79
3711 90
3712 84
3713 70
3714 93
3715 44
3716 2
3717 1
3718 5
3719 2
3720 0
3721 1
3722 0
3723 0
3724 0
3725 0
3726 0
3727 0
3728 90
3729 53
3730 100
3731 155
3732 150
3733 166
3734 158
3735 117
3736 84
3737 89
3738 77
3739 40
3740 6
3741 7
3742 2
3743 2
3744 0
3745 1
3746 0
3747 0
3748 0
3749 0
3750 0
3751 1
3752 70
3753 50
3754 80
3755 104
3756 110
3757 119
3758 125
3759 109
3760 112
3761 101
3762 115
3763 56
3764 11
3765 6
3766 0
3767 3
3768 0
3769 1
3770 0
3771 0
3772 0
3773 0
3774 0
3775 0
3776 102
3777 82
3778 131
3779 131
3780 153
3781 171
3782 162
3783 125
3784 113
3785 114
3786 110
3787 52
3788 12
3789 5
3790 5
3791 6
3792 0
3793 1
3794 0
3795 0
3796 0
3797 0
3798 2
3799 3
3800 105
3801 69
3802 115
3803 162
3804 176
3805 159
3806 171
3807 132
3808 157
3809 104
3810 93
3811 76
3812 11
3813 12
3814 4
3815 3
3816 0
3817 2
3818 0
3819 0
3820 0
3821 0
3822 0
3823 1
3824 170
3825 119
3826 151
3827 152
3828 155
3829 111
3830 59
3831 55
3832 35
3833 31
3834 23
3835 34
3836 8
3837 4
3838 4
3839 3
3840 0
3841 1
3842 1
3843 1
3844 0
3845 0
3846 0
3847 0
3848 33
3849 23
3850 57
3851 60
3852 49
3853 42
3854 39
3855 40
3856 45
3857 19
3858 25
3859 17
3860 9
3861 7
3862 1
3863 1
3864 0
3865 1
3866 0
3867 0
3868 0
3869 0
3870 0
3871 0
3872 67
3873 9
3874 22
3875 49
3876 48
3877 75
3878 64
3879 61
3880 42
3881 50
3882 52
3883 44
3884 6
3885 6
3886 1
3887 3
3888 0
3889 0
3890 0
3891 0
3892 0
3893 0
3894 0
3895 1
3896 81
3897 68
3898 101
3899 127
3900 145
3901 168
3902 126
3903 97
3904 112
3905 97
3906 74
3907 46
3908 8
3909 5
3910 5
3911 0
3912 0
3913 0
3914 0
3915 0
3916 0
3917 0
3918 0
3919 0
3920 78
3921 61
3922 66
3923 92
3924 111
3925 120
3926 114
3927 103
3928 95
3929 103
3930 91
3931 49
3932 14
3933 3
3934 2
3935 3
3936 0
3937 0
3938 0
3939 0
3940 0
3941 0
3942 3
3943 11
3944 97
3945 57
3946 119
3947 170
3948 144
3949 155
3950 139
3951 105
3952 90
3953 99
3954 85
3955 55
3956 12
3957 5
3958 1
3959 0
3960 6
3961 11
3962 7
3963 5
3964 4
3965 10
3966 6
3967 1
3968 118
3969 60
3970 138
3971 182
3972 181
3973 161
3974 201
3975 156
3976 122
3977 115
3978 95
3979 58
3980 12
3981 8
3982 3
3983 7
3984 0
3985 0
3986 0
3987 1
3988 0
3989 0
3990 0
3991 2
3992 166
3993 135
3994 154
3995 143
3996 163
3997 106
3998 53
3999 58
4000 37
4001 19
4002 18
4003 20
4004 13
4005 3
4006 4
4007 4
4008 0
4009 3
4010 1
4011 0
4012 2
4013 0
4014 0
4015 0
4016 36
4017 34
4018 63
4019 51
4020 55
4021 56
4022 55
4023 63
4024 39
4025 18
4026 17
4027 14
4028 4
4029 2
4030 1
4031 2
4032 0
4033 0
4034 0
4035 0
4036 0
4037 0
4038 0
4039 0
4040 88
4041 53
4042 84
4043 118
4044 108
4045 122
4046 107
4047 118
4048 94
4049 110
4050 90
4051 41
4052 3
4053 8
4054 2
4055 1
4056 0
4057 0
4058 0
4059 0
4060 0
4061 0
4062 0
4063 1
4064 101
4065 71
4066 108
4067 137
4068 159
4069 160
4070 140
4071 122
4072 117
4073 91
4074 93
4075 62
4076 12
4077 4
4078 2
4079 1
4080 1
4081 3
4082 0
4083 0
4084 0
4085 0
4086 0
4087 0
4088 72
4089 51
4090 77
4091 90
4092 98
4093 120
4094 108
4095 110
4096 110
4097 94
4098 114
4099 57
4100 12
4101 3
4102 8
4103 2
4104 0
4105 0
4106 0
4107 0
4108 0
4109 0
4110 0
4111 2
4112 102
4113 55
4114 114
4115 151
4116 163
4117 137
4118 145
4119 111
4120 97
4121 97
4122 110
4123 56
4124 10
4125 9
4126 0
4127 1
4128 0
4129 0
4130 0
4131 0
4132 0
4133 0
4134 1
4135 1
4136 101
4137 70
4138 143
4139 156
4140 171
4141 163
4142 178
4143 138
4144 115
4145 113
4146 101
4147 64
4148 11
4149 8
4150 4
4151 6
4152 0
4153 1
4154 1
4155 0
4156 1
4157 1
4158 1
4159 2
4160 189
4161 141
4162 158
4163 166
4164 157
4165 120
4166 59
4167 59
4168 50
4169 42
4170 28
4171 26
4172 8
4173 15
4174 5
4175 0
4176 0
4177 0
4178 0
4179 1
4180 0
4181 0
4182 0
4183 0
4184 51
4185 28
4186 65
4187 74
4188 48
4189 61
4190 59
4191 55
4192 48
4193 23
4194 23
4195 33
4196 12
4197 5
4198 5
4199 6
4200 1
4201 0
4202 0
4203 0
4204 0
4205 0
4206 0
4207 0
4208 88
4209 55
4210 86
4211 93
4212 118
4213 108
4214 121
4215 122
4216 129
4217 106
4218 104
4219 49
4220 2
4221 2
4222 2
4223 5
4224 1
4225 0
4226 0
4227 0
4228 0
4229 0
4230 0
4231 0
4232 111
4233 69
4234 115
4235 145
4236 171
4237 141
4238 128
4239 130
4240 97
4241 109
4242 106
4243 45
4244 11
4245 7
4246 1
4247 3
4248 0
4249 0
4250 0
4251 0
4252 0
4253 0
4254 0
4255 1
4256 69
4257 50
4258 58
4259 97
4260 113
4261 114
4262 103
4263 74
4264 125
4265 94
4266 96
4267 46
4268 10
4269 4
4270 2
4271 3
4272 1
4273 1
4274 0
4275 0
4276 0
4277 0
4278 0
4279 1
4280 101
4281 70
4282 132
4283 142
4284 157
4285 171
4286 161
4287 131
4288 109
4289 117
4290 89
4291 47
4292 7
4293 4
4294 0
4295 3
4296 2
4297 0
4298 0
4299 0
4300 0
4301 0
4302 0
4303 0
4304 109
4305 81
4306 132
4307 147
4308 169
4309 162
4310 166
4311 159
4312 152
4313 111
4314 104
4315 60
4316 12
4317 6
4318 7
4319 8
4320 1
4321 3
4322 0
4323 0
4324 0
4325 0
4326 1
4327 0
4328 154
4329 138
4330 148
4331 172
4332 161
4333 108
4334 66
4335 60
4336 42
4337 28
4338 29
4339 27
4340 20
4341 5
4342 9
4343 2
4344 0
4345 1
4346 1
4347 0
4348 0
4349 0
4350 0
4351 0
4352 35
4353 24
4354 61
4355 69
4356 76
4357 58
4358 59
4359 47
4360 48
4361 21
4362 15
4363 17
4364 16
4365 5
4366 1
4367 1
4368 0
4369 1
4370 0
4371 0
4372 0
4373 0
4374 0
4375 0
4376 83
4377 58
4378 89
4379 111
4380 92
4381 117
4382 130
4383 131
4384 103
4385 125
4386 101
4387 31
4388 6
4389 6
4390 1
4391 3
4392 2
4393 0
4394 0
4395 0
4396 0
4397 0
4398 0
4399 1
4400 87
4401 71
4402 113
4403 142
4404 157
4405 152
4406 133
4407 119
4408 109
4409 102
4410 72
4411 64
4412 8
4413 8
4414 3
4415 1
4416 0
4417 0
4418 0
4419 0
4420 0
4421 0
4422 0
4423 2
4424 65
4425 53
4426 81
4427 105
4428 90
4429 112
4430 123
4431 107
4432 102
4433 78
4434 109
4435 44
4436 7
4437 4
4438 1
4439 2
4440 0
4441 1
4442 0
4443 0
4444 0
4445 0
4446 1
4447 0
4448 90
4449 68
4450 133
4451 143
4452 166
4453 157
4454 155
4455 128
4456 111
4457 86
4458 94
4459 36
4460 11
4461 7
4462 6
4463 2
4464 1
4465 1
4466 0
4467 0
4468 0
4469 0
4470 0
4471 1
4472 102
4473 88
4474 125
4475 159
4476 176
4477 191
4478 168
4479 159
4480 144
4481 108
4482 113
4483 60
4484 9
4485 0
4486 3
4487 2
4488 0
4489 0
4490 0
4491 0
4492 0
4493 0
4494 1
4495 0
4496 164
4497 110
4498 134
4499 157
4500 170
4501 110
4502 46
4503 59
4504 43
4505 20
4506 32
4507 13
4508 5
4509 13
4510 6
4511 4
4512 0
4513 2
4514 0
4515 1
4516 0
4517 0
4518 1
4519 0
4520 39
4521 25
4522 62
4523 59
4524 46
4525 34
4526 51
4527 56
4528 53
4529 27
4530 18
4531 24
4532 16
4533 11
4534 5
4535 2
4536 0
4537 0
4538 0
4539 0
4540 0
4541 0
4542 0
4543 0
4544 77
4545 36
4546 61
4547 98
4548 101
4549 106
4550 84
4551 103
4552 96
4553 92
4554 105
4555 48
4556 2
4557 5
4558 4
4559 3
4560 0
4561 2
4562 0
4563 0
4564 0
4565 0
4566 0
4567 1
4568 98
4569 82
4570 83
4571 124
4572 164
4573 184
4574 151
4575 117
4576 118
4577 101
4578 105
4579 51
4580 5
4581 3
4582 3
4583 0
4584 0
4585 0
4586 0
4587 0
4588 0
4589 0
4590 0
4591 0
4592 76
4593 58
4594 84
4595 111
4596 119
4597 109
4598 114
4599 102
4600 120
4601 105
4602 105
4603 47
4604 16
4605 5
4606 6
4607 1
4608 0
4609 0
4610 0
4611 0
4612 0
4613 0
4614 0
4615 0
4616 97
4617 57
4618 118
4619 158
4620 157
4621 180
4622 165
4623 125
4624 137
4625 100
4626 73
4627 43
4628 7
4629 6
4630 4
4631 7
4632 0
4633 0
4634 1
4635 0
4636 1
4637 0
4638 0
4639 1
4640 108
4641 77
4642 125
4643 160
4644 183
4645 189
4646 170
4647 170
4648 142
4649 116
4650 88
4651 69
4652 9
4653 10
4654 4
4655 0
4656 0
4657 0
4658 0
4659 0
4660 0
4661 0
4662 0
4663 2
4664 167
4665 110
4666 145
4667 162
4668 164
4669 118
4670 64
4671 65
4672 36
4673 33
4674 23
4675 23
4676 16
4677 5
4678 6
4679 0
4680 0
4681 1
4682 1
4683 0
4684 0
4685 0
4686 0
4687 0
4688 44
4689 20
4690 48
4691 61
4692 58
4693 47
4694 42
4695 46
4696 55
4697 20
4698 17
4699 11
4700 9
4701 10
4702 2
4703 3
4704 0
4705 1
4706 0
4707 0
4708 0
4709 0
4710 1
4711 0
4712 70
4713 50
4714 67
4715 102
4716 118
4717 126
4718 129
4719 108
4720 95
4721 89
4722 69
4723 35
4724 10
4725 1
4726 4
4727 1
4728 1
4729 0
4730 0
4731 0
4732 0
4733 0
4734 0
4735 2
4736 80
4737 67
4738 141
4739 131
4740 166
4741 181
4742 127
4743 131
4744 123
4745 102
4746 101
4747 46
4748 14
4749 9
4750 7
4751 7
4752 0
4753 0
4754 0
4755 0
4756 0
4757 0
4758 0
4759 0
4760 68
4761 58
4762 73
4763 83
4764 110
4765 107
4766 110
4767 112
4768 103
4769 80
4770 96
4771 58
4772 13
4773 4
4774 1
4775 1
4776 0
4777 1
4778 0
4779 0
4780 0
4781 1
4782 0
4783 2
4784 80
4785 61
4786 113
4787 158
4788 170
4789 178
4790 171
4791 109
4792 87
4793 112
4794 82
4795 35
4796 7
4797 1
4798 7
4799 2
4800 0
4801 1
4802 0
4803 0
4804 0
4805 0
4806 0
4807 1
4808 84
4809 73
4810 140
4811 157
4812 178
4813 163
4814 152
4815 124
4816 124
4817 123
4818 105
4819 62
4820 25
4821 9
4822 4
4823 2
4824 0
4825 0
4826 0
4827 0
4828 0
4829 0
4830 0
4831 1
4832 167
4833 127
4834 141
4835 142
4836 150
4837 101
4838 63
4839 52
4840 26
4841 23
4842 30
4843 22
4844 7
4845 4
4846 1
4847 6
4848 0
4849 2
4850 2
4851 0
4852 2
4853 1
4854 0
4855 1
4856 44
4857 35
4858 61
4859 66
4860 53
4861 67
4862 46
4863 61
4864 57
4865 24
4866 26
4867 21
4868 8
4869 4
4870 2
4871 0
4872 1
4873 0
4874 0
4875 0
4876 0
4877 0
4878 0
4879 0
4880 71
4881 48
4882 91
4883 87
4884 83
4885 87
4886 94
4887 119
4888 96
4889 81
4890 81
4891 41
4892 7
4893 5
4894 5
4895 2
4896 1
4897 0
4898 0
4899 0
4900 0
4901 0
4902 1
4903 1
4904 78
4905 59
4906 113
4907 124
4908 178
4909 152
4910 146
4911 136
4912 101
4913 96
4914 83
4915 57
4916 12
4917 1
4918 6
4919 2
4920 1
4921 0
4922 0
4923 0
4924 0
4925 0
4926 0
4927 0
4928 58
4929 35
4930 98
4931 98
4932 118
4933 99
4934 113
4935 115
4936 98
4937 75
4938 132
4939 70
4940 14
4941 8
4942 3
4943 3
4944 1
4945 1
4946 0
4947 0
4948 0
4949 0
4950 0
4951 5
4952 89
4953 84
4954 121
4955 157
4956 162
4957 179
4958 166
4959 119
4960 110
4961 119
4962 102
4963 45
4964 7
4965 6
4966 2
4967 2
4968 0
4969 0
4970 1
4971 0
4972 0
4973 0
4974 1
4975 0
4976 106
4977 64
4978 138
4979 155
4980 191
4981 176
4982 195
4983 176
4984 142
4985 132
4986 116
4987 61
4988 18
4989 10
4990 7
4991 6
4992 1
4993 0
4994 1
4995 0
4996 0
4997 1
4998 0
4999 1
5000 181
5001 121
5002 155
5003 171
5004 183
5005 119
5006 71
5007 84
5008 40
5009 36
5010 23
5011 25
5012 9
5013 14
5014 6
5015 3
5016 2
5017 3
5018 0
5019 0
5020 0
5021 1
5022 0
5023 0
5024 37
5025 31
5026 66
5027 48
5028 51
5029 64
5030 50
5031 57
5032 49
5033 20
5034 17
5035 14
5036 4
5037 1
5038 5
5039 1
5040 1
5041 0
5042 0
5043 0
5044 0
5045 0
5046 1
5047 0
5048 70
5049 59
5050 81
5051 93
5052 111
5053 138
5054 120
5055 101
5056 110
5057 120
5058 111
5059 51
5060 6
5061 4
5062 3
5063 2
5064 1
5065 0
5066 0
5067 0
5068 0
5069 0
5070 0
5071 1
5072 103
5073 66
5074 148
5075 176
5076 153
5077 168
5078 137
5079 117
5080 106
5081 94
5082 131
5083 50
5084 5
5085 4
5086 2
5087 3
5088 1
5089 1
5090 0
5091 0
5092 0
5093 0
5094 0
5095 0
5096 72
5097 52
5098 83
5099 128
5100 121
5101 124
5102 109
5103 120
5104 108
5105 93
5106 94
5107 56
5108 13
5109 3
5110 4
5111 6
5112 0
5113 0
5114 0
5115 0
5116 0
5117 0
5118 0
5119 1
5120 99
5121 61
5122 132
5123 159
5124 171
5125 162
5126 124
5127 116
5128 111
5129 87
5130 123
5131 62
5132 9
5133 6
5134 3
5135 4
5136 0
5137 1
5138 0
5139 0
5140 0
5141 0
5142 1
5143 2
5144 114
5145 86
5146 147
5147 160
5148 168
5149 200
5150 163
5151 158
5152 156
5153 109
5154 103
5155 61
5156 8
5157 9
5158 5
5159 3
5160 1
5161 1
5162 0
5163 1
5164 0
5165 0
5166 1
5167 0
5168 192
5169 115
5170 154
5171 169
5172 176
5173 120
5174 58
5175 73
5176 40
5177 40
5178 25
5179 24
5180 10
5181 6
5182 4
5183 5
5184 1
5185 2
5186 1
5187 0
5188 0
5189 0
5190 1
5191 1
5192 45
5193 39
5194 64
5195 53
5196 55
5197 40
5198 55
5199 67
5200 36
5201 27
5202 20
5203 17
5204 16
5205 4
5206 5
5207 1
5208 0
5209 1
5210 0
5211 0
5212 0
5213 0
5214 0
5215 0
5216 61
5217 55
5218 84
5219 81
5220 117
5221 92
5222 110
5223 116
5224 90
5225 94
5226 102
5227 30
5228 10
5229 1
5230 4
5231 1
5232 0
5233 0
5234 0
5235 0
5236 0
5237 0
5238 0
5239 1
5240 82
5241 62
5242 129
5243 135
5244 161
5245 158
5246 136
5247 103
5248 96
5249 116
5250 111
5251 43
5252 7
5253 7
5254 4
5255 5
5256 1
5257 0
5258 1
5259 0
5260 0
5261 0
5262 0
5263 0
5264 78
5265 85
5266 86
5267 129
5268 120
5269 132
5270 120
5271 130
5272 102
5273 112
5274 118
5275 44
5276 10
5277 5
5278 6
5279 4
5280 0
5281 0
5282 0
5283 0
5284 0
5285 0
5286 0
5287 3
5288 98
5289 88
5290 130
5291 166
5292 129
5293 169
5294 154
5295 130
5296 102
5297 91
5298 91
5299 43
5300 9
5301 3
5302 5
5303 3
5304 0
5305 0
5306 0
5307 0
5308 0
5309 0
5310 0
5311 1
5312 119
5313 82
5314 117
5315 159
5316 187
5317 185
5318 175
5319 131
5320 146
5321 123
5322 116
5323 70
5324 10
5325 7
5326 6
5327 3
5328 0
5329 0
5330 0
5331 1
5332 0
5333 0
5334 2
5335 2
5336 169
5337 101
5338 128
5339 148
5340 163
5341 89
5342 54
5343 51
5344 41
5345 22
5346 23
5347 21
5348 9
5349 5
5350 6
5351 3
5352 0
5353 0
5354 0
5355 0
5356 0
5357 0
5358 0
5359 0
5360 42
5361 28
5362 40
5363 66
5364 54
5365 45
5366 62
5367 45
5368 51
5369 23
5370 23
5371 19
5372 9
5373 10
5374 5
5375 1
5376 2
5377 1
5378 0
5379 0
5380 0
5381 0
5382 0
5383 2
5384 70
5385 59
5386 82
5387 118
5388 103
5389 115
5390 117
5391 113
5392 122
5393 106
5394 125
5395 52
5396 6
5397 6
5398 3
5399 4
5400 0
5401 0
5402 0
5403 0
5404 0
5405 0
5406 0
5407 2
5408 90
5409 76
5410 122
5411 123
5412 159
5413 166
5414 125
5415 122
5416 108
5417 109
5418 102
5419 52
5420 10
5421 13
5422 4
5423 4
5424 0
5425 1
5426 0
5427 0
5428 0
5429 0
5430 0
5431 2
5432 80
5433 61
5434 70
5435 121
5436 109
5437 115
5438 100
5439 99
5440 86
5441 111
5442 118
5443 54
5444 8
5445 5
5446 7
5447 6
5448 0
5449 1
5450 0
5451 0
5452 0
5453 0
5454 0
5455 0
5456 110
5457 82
5458 103
5459 151
5460 138
5461 155
5462 137
5463 121
5464 106
5465 114
5466 107
5467 51
5468 7
5469 2
5470 4
5471 1
5472 0
5473 1
5474 0
5475 2
5476 0
5477 0
5478 0
5479 2
5480 126
5481 66
5482 137
5483 164
5484 174
5485 175
5486 164
5487 138
5488 137
5489 122
5490 141
5491 57
5492 11
5493 10
5494 3
5495 3
5496 0
5497 1
5498 0
5499 1
5500 0
5501 0
5502 1
5503 0
5504 172
5505 127
5506 134
5507 162
5508 152
5509 123
5510 56
5511 51
5512 47
5513 34
5514 26
5515 28
5516 17
5517 10
5518 6
5519 1
5520 0
5521 2
5522 0
5523 0
5524 0
5525 0
5526 0
5527 0
5528 38
5529 24
5530 43
5531 38
5532 53
5533 73
5534 59
5535 56
5536 40
5537 26
5538 22
5539 16
5540 7
5541 3
5542 5
5543 1
5544 0
5545 2
5546 0
5547 0
5548 0
5549 0
5550 0
5551 0
5552 72
5553 51
5554 90
5555 97
5556 114
5557 106
5558 83
5559 96
5560 106
5561 109
5562 90
5563 33
5564 11
5565 3
5566 4
5567 1
5568 0
5569 2
5570 0
5571 0
5572 0
5573 0
5574 0
5575 2
5576 83
5577 81
5578 110
5579 143
5580 143
5581 148
5582 128
5583 97
5584 108
5585 117
5586 108
5587 43
5588 7
5589 1
5590 6
5591 3
5592 1
5593 0
5594 1
5595 0
5596 0
5597 0
5598 0
5599 0
5600 79
5601 49
5602 86
5603 97
5604 110
5605 112
5606 131
5607 110
5608 92
5609 111
5610 113
5611 43
5612 7
5613 9
5614 4
5615 2
5616 1
5617 0
5618 0
5619 0
5620 0
5621 0
5622 0
5623 0
5624 86
5625 67
5626 119
5627 145
5628 154
5629 160
5630 139
5631 118
5632 114
5633 84
5634 101
5635 50
5636 9
5637 7
5638 1
5639 2
5640 0
5641 1
5642 0
5643 0
5644 1
5645 0
5646 0
5647 1
5648 101
5649 86
5650 121
5651 170
5652 160
5653 175
5654 157
5655 152
5656 113
5657 122
5658 129
5659 71
5660 15
5661 9
5662 9
5663 3
5664 0
5665 0
5666 0
5667 1
5668 0
5669 2
5670 1
5671 1
5672 159
5673 109
5674 152
5675 170
5676 149
5677 107
5678 63
5679 65
5680 45
5681 31
5682 25
5683 17
5684 7
5685 9
5686 5
5687 1
5688 0
5689 2
5690 0
5691 0
5692 0
5693 0
5694 0
5695 0
5696 42
5697 25
5698 50
5699 44
5700 63
5701 52
5702 52
5703 60
5704 37
5705 27
5706 15
5707 24
5708 10
5709 5
5710 3
5711 0
5712 1
5713 1
5714 0
5715 0
5716 0
5717 0
5718 1
5719 0
5720 82
5721 44
5722 66
5723 96
5724 104
5725 104
5726 104
5727 108
5728 97
5729 88
5730 91
5731 42
5732 9
5733 5
5734 5
5735 1
5736 0
5737 1
5738 0
5739 0
5740 0
5741 0
5742 2
5743 1
5744 80
5745 64
5746 123
5747 139
5748 150
5749 150
5750 145
5751 111
5752 96
5753 89
5754 78
5755 38
5756 6
5757 2
5758 5
5759 0
5760 0
5761 1
5762 0
5763 0
5764 0
5765 0
5766 0
5767 0
5768 64
5769 43
5770 96
5771 100
5772 123
5773 116
5774 133
5775 120
5776 116
5777 89
5778 119
5779 51
5780 14
5781 3
5782 4
5783 2
5784 0
5785 1
5786 0
5787 0
5788 0
5789 0
5790 0
5791 1
5792 99
5793 85
5794 151
5795 123
5796 140
5797 152
5798 142
5799 121
5800 97
5801 86
5802 110
5803 51
5804 12
5805 6
5806 4
5807 5
5808 0
5809 1
5810 0
5811 0
5812 0
5813 0
5814 1
5815 2
5816 115
5817 89
5818 118
5819 195
5820 172
5821 183
5822 150
5823 141
5824 128
5825 117
5826 111
5827 56
5828 1
5829 7
5830 2
5831 1
5832 0
5833 0
5834 1
5835 0
5836 0
5837 0
5838 1
5839 0
5840 174
5841 119
5842 136
5843 167
5844 157
5845 96
5846 57
5847 63
5848 38
5849 19
5850 26
5851 15
5852 4
5853 3
5854 2
5855 2
5856 0
5857 2
5858 2
5859 0
5860 2
5861 0
5862 0
5863 0
5864 42
5865 34
5866 48
5867 53
5868 50
5869 51
5870 57
5871 53
5872 37
5873 16
5874 12
5875 26
5876 7
5877 5
5878 3
5879 1
5880 1
5881 1
5882 0
5883 0
5884 0
5885 0
5886 0
5887 1
5888 75
5889 54
5890 94
5891 79
5892 104
5893 98
5894 105
5895 92
5896 88
5897 81
5898 90
5899 40
5900 5
5901 4
5902 5
5903 2
5904 1
5905 0
5906 0
5907 0
5908 0
5909 0
5910 0
5911 3
5912 91
5913 77
5914 110
5915 149
5916 135
5917 156
5918 138
5919 101
5920 103
5921 95
5922 81
5923 55
5924 4
5925 9
5926 3
5927 3
5928 0
5929 1
5930 1
5931 0
5932 0
5933 1
5934 0
5935 0
5936 71
5937 75
5938 98
5939 107
5940 121
5941 142
5942 117
5943 112
5944 129
5945 116
5946 100
5947 49
5948 4
5949 3
5950 2
5951 5
5952 0
5953 1
5954 0
5955 2
5956 1
5957 0
5958 0
5959 2
5960 96
5961 90
5962 127
5963 131
5964 127
5965 153
5966 163
5967 126
5968 124
5969 98
5970 83
5971 34
5972 12
5973 4
5974 5
5975 3
5976 0
5977 1
5978 0
5979 0
5980 0
5981 0
5982 0
5983 4
5984 91
5985 66
5986 134
5987 176
5988 156
5989 173
5990 193
5991 153
5992 123
5993 120
5994 97
5995 51
5996 7
5997 5
5998 5
5999 7
6000 0
6001 1
6002 1
6003 1
6004 1
6005 3
6006 1
6007 1
6008 168
6009 128
6010 155
6011 165
6012 158
6013 100
6014 47
6015 72
6016 36
6017 23
6018 32
6019 19
6020 3
6021 6
6022 2
6023 3
6024 0
6025 1
6026 0
6027 0
6028 3
6029 1
6030 0
6031 0
6032 37
6033 34
6034 51
6035 51
6036 49
6037 44
6038 52
6039 48
6040 33
6041 22
6042 21
6043 23
6044 11
6045 2
6046 1
6047 2
6048 0
6049 0
6050 0
6051 0
6052 0
6053 0
6054 0
6055 0
6056 79
6057 54
6058 79
6059 100
6060 105
6061 93
6062 122
6063 108
6064 99
6065 93
6066 101
6067 61
6068 3
6069 1
6070 2
6071 1
6072 0
6073 0
6074 0
6075 0
6076 0
6077 0
6078 0
6079 1
6080 91
6081 69
6082 137
6083 131
6084 149
6085 158
6086 128
6087 138
6088 105
6089 99
6090 105
6091 34
6092 4
6093 2
6094 7
6095 0
6096 0
6097 0
6098 0
6099 0
6100 0
6101 0
6102 0
6103 0
6104 75
6105 64
6106 91
6107 104
6108 118
6109 113
6110 153
6111 108
6112 97
6113 107
6114 93
6115 50
6116 7
6117 4
6118 1
6119 4
6120 0
6121 0
6122 0
6123 0
6124 0
6125 0
6126 0
6127 2
6128 94
6129 83
6130 146
6131 147
6132 168
6133 151
6134 131
6135 120
6136 91
6137 96
6138 88
6139 41
6140 6
6141 6
6142 5
6143 0
6144 1
6145 0
6146 0
6147 0
6148 0
6149 0
6150 0
6151 1
6152 127
6153 79
6154 139
6155 139
6156 183
6157 177
6158 151
6159 142
6160 122
6161 113
6162 114
6163 61
6164 17
6165 4
6166 7
6167 3
6168 0
6169 1
6170 0
6171 0
6172 1
6173 0
6174 2
6175 1
6176 172
6177 123
6178 154
6179 163
6180 172
6181 107
6182 64
6183 63
6184 42
6185 31
6186 39
6187 18
6188 6
6189 5
6190 8
6191 0
6192 0
6193 1
6194 0
6195 0
6196 0
6197 0
6198 0
6199 0
6200 34
6201 31
6202 38
6203 76
6204 58
6205 52
6206 64
6207 57
6208 41
6209 24
6210 17
6211 21
6212 9
6213 4
6214 6
6215 0
6216 0
6217 1
6218 0
6219 0
6220 0
6221 0
6222 0
6223 1
6224 75
6225 66
6226 71
6227 113
6228 121
6229 108
6230 117
6231 113
6232 110
6233 83
6234 106
6235 32
6236 9
6237 10
6238 5
6239 3
6240 0
6241 0
6242 0
6243 0
6244 0
6245 0
6246 1
6247 1
6248 78
6249 60
6250 119
6251 136
6252 174
6253 154
6254 129
6255 132
6256 99
6257 99
6258 101
6259 39
6260 9
6261 4
6262 6
6263 1
6264 1
6265 0
6266 0
6267 0
6268 0
6269 0
6270 0
6271 1
6272 54
6273 61
6274 97
6275 116
6276 116
6277 113
6278 124
6279 87
6280 119
6281 129
6282 99
6283 26
6284 11
6285 2
6286 3
6287 3
6288 0
6289 0
6290 0
6291 0
6292 0
6293 0
6294 0
6295 1
6296 95
6297 81
6298 129
6299 171
6300 176
6301 190
6302 153
6303 128
6304 109
6305 121
6306 104
6307 58
6308 4
6309 9
6310 1
6311 1
6312 0
6313 0
6314 0
6315 0
6316 0
6317 0
6318 0
6319 0
6320 115
6321 88
6322 148
6323 151
6324 192
6325 177
6326 158
6327 155
6328 140
6329 115
6330 106
6331 47
6332 12
6333 5
6334 7
6335 1
6336 1
6337 3
6338 0
6339 0
6340 1
6341 0
6342 2
6343 1
6344 173
6345 130
6346 154
6347 142
6348 174
6349 95
6350 49
6351 67
6352 29
6353 32
6354 18
6355 25
6356 10
6357 8
6358 1
6359 2
6360 1
6361 2
6362 0
6363 0
6364 0
6365 0
6366 0
6367 0
6368 32
6369 32
6370 59
6371 56
6372 47
6373 63
6374 64
6375 50
6376 42
6377 16
6378 21
6379 15
6380 9
6381 4
6382 2
6383 3
6384 0
6385 0
6386 0
6387 0
6388 0
6389 0
6390 0
6391 0
6392 78
6393 64
6394 86
6395 86
6396 102
6397 117
6398 97
6399 103
6400 125
6401 106
6402 84
6403 48
6404 10
6405 5
6406 4
6407 0
6408 0
6409 1
6410 0
6411 0
6412 0
6413 0
6414 1
6415 3
6416 75
6417 85
6418 149
6419 144
6420 147
6421 161
6422 164
6423 120
6424 99
6425 100
6426 85
6427 78
6428 17
6429 13
6430 9
6431 17
6432 0
6433 0
6434 0
6435 1
6436 0
6437 0
6438 0
6439 0
6440 77
6441 68
6442 104
6443 108
6444 114
6445 113
6446 114
6447 98
6448 118
6449 110
6450 105
6451 66
6452 13
6453 6
6454 2
6455 1
6456 0
6457 0
6458 0
6459 0
6460 0
6461 0
6462 0
6463 1
6464 120
6465 103
6466 148
6467 151
6468 187
6469 180
6470 147
6471 112
6472 128
6473 115
6474 125
6475 69
6476 11
6477 5
6478 5
6479 3
6480 0
6481 0
6482 0
6483 0
6484 0
6485 0
6486 1
6487 2
6488 101
6489 115
6490 124
6491 154
6492 158
6493 155
6494 164
6495 151
6496 155
6497 119
6498 97
6499 64
6500 10
6501 8
6502 10
6503 2
6504 1
6505 0
6506 0
6507 1
6508 1
6509 1
6510 1
6511 1
6512 173
6513 102
6514 156
6515 155
6516 141
6517 93
6518 51
6519 41
6520 25
6521 21
6522 16
6523 18
6524 5
6525 5
6526 1
6527 1
6528 0
6529 1
6530 0
6531 0
6532 0
6533 0
6534 0
6535 0
6536 42
6537 33
6538 52
6539 57
6540 40
6541 48
6542 54
6543 41
6544 57
6545 23
6546 16
6547 28
6548 4
6549 7
6550 2
6551 4
6552 0
6553 2
6554 0
6555 0
6556 0
6557 0
6558 0
6559 0
6560 130
6561 85
6562 123
6563 119
6564 120
6565 80
6566 35
6567 26
6568 10
6569 10
6570 4
6571 8
6572 0
6573 1
6574 2
6575 0
6576 0
6577 3
6578 1
6579 0
6580 0
6581 0
6582 0
6583 0
6584 14
6585 13
6586 31
6587 31
6588 45
6589 33
6590 27
6591 38
6592 32
6593 19
6594 11
6595 10
6596 0
6597 0
6598 0
6599 0
6600 0
6601 1
6602 0
6603 0
6604 0
6605 0
6606 0
6607 0
6608 52
6609 43
6610 67
6611 105
6612 91
6613 102
6614 102
6615 114
6616 99
6617 98
6618 83
6619 31
6620 0
6621 0
6622 0
6623 0
6624 0
6625 2
6626 0
6627 0
6628 0
6629 0
6630 0
6631 0
6632 86
6633 109
6634 129
6635 142
6636 146
6637 161
6638 173
6639 142
6640 112
6641 102
6642 102
6643 37
6644 3
6645 3
6646 2
6647 1
6648 0
6649 2
6650 0
6651 0
6652 0
6653 0
6654 0
6655 0
6656 65
6657 52
6658 90
6659 98
6660 96
6661 119
6662 143
6663 106
6664 94
6665 106
6666 102
6667 45
6668 4
6669 3
6670 0
6671 0
6672 0
6673 1
6674 1
6675 0
6676 1
6677 0
6678 0
6679 1
6680 99
6681 118
6682 135
6683 187
6684 212
6685 220
6686 176
6687 163
6688 137
6689 116
6690 101
6691 39
6692 1
6693 5
6694 1
6695 1
6696 0
6697 2
6698 0
6699 0
6700 0
6701 0
6702 1
6703 2
6704 134
6705 134
6706 160
6707 187
6708 202
6709 234
6710 193
6711 180
6712 159
6713 117
6714 106
6715 62
6716 8
6717 11
6718 5
6719 6
6720 1
6721 3
6722 0
6723 1
6724 0
6725 1
6726 0
6727 1
6728 197
6729 130
6730 163
6731 154
6732 162
6733 109
6734 68
6735 55
6736 39
6737 19
6738 26
6739 16
6740 6
6741 1
6742 0
6743 3
6744 0
6745 2
6746 3
6747 0
6748 1
6749 0
6750 0
6751 0
6752 39
6753 22
6754 34
6755 38
6756 43
6757 37
6758 39
6759 42
6760 35
6761 20
6762 21
6763 10
6764 8
6765 4
6766 2
6767 0
6768 0
6769 1
6770 0
6771 0
6772 0
6773 0
6774 0
6775 5
6776 105
6777 90
6778 103
6779 128
6780 144
6781 151
6782 150
6783 137
6784 137
6785 97
6786 131
6787 53
6788 4
6789 7
6790 3
6791 1
6792 0
6793 2
6794 2
6795 1
6796 0
6797 0
6798 2
6799 1
6800 105
6801 100
6802 169
6803 193
6804 180
6805 208
6806 178
6807 156
6808 119
6809 104
6810 91
6811 56
6812 9
6813 3
6814 2
6815 0
6816 0
6817 1
6818 0
6819 0
6820 0
6821 0
6822 0
6823 2
6824 108
6825 70
6826 115
6827 107
6828 130
6829 132
6830 165
6831 135
6832 131
6833 100
6834 125
6835 42
6836 9
6837 3
6838 2
6839 0
6840 1
6841 2
6842 0
6843 0
6844 0
6845 0
6846 1
6847 2
6848 125
6849 110
6850 131
6851 203
6852 205
6853 206
6854 210
6855 149
6856 128
6857 110
6858 110
6859 48
6860 5
6861 4
6862 1
6863 0
6864 0
6865 1
6866 0
6867 0
6868 0
6869 0
6870 1
6871 2
6872 163
6873 115
6874 175
6875 176
6876 214
6877 213
6878 219
6879 186
6880 181
6881 124
6882 110
6883 60
6884 10
6885 8
6886 7
6887 3
6888 2
6889 2
6890 0
6891 0
6892 0
6893 1
6894 2
6895 3
6896 201
6897 138
6898 154
6899 185
6900 156
6901 121
6902 68
6903 60
6904 32
6905 29
6906 23
6907 12
6908 5
6909 2
6910 1
6911 3
6912 1
6913 1
6914 1
6915 0
6916 0
6917 0
6918 0
6919 0
6920 45
6921 38
6922 60
6923 61
6924 49
6925 46
6926 43
6927 39
6928 43
6929 32
6930 15
6931 18
6932 6
6933 5
6934 3
6935 1
6936 0
6937 2
6938 0
6939 0
6940 0
6941 0
6942 0
6943 2
6944 91
6945 54
6946 112
6947 111
6948 95
6949 161
6950 122
6951 130
6952 100
6953 101
6954 109
6955 44
6956 3
6957 6
6958 2
6959 1
6960 1
6961 0
6962 0
6963 0
6964 0
6965 0
6966 0
6967 2
6968 115
6969 89
6970 161
6971 183
6972 172
6973 184
6974 166
6975 132
6976 131
6977 112
6978 93
6979 37
6980 8
6981 4
6982 4
6983 3
6984 0
6985 3
6986 1
6987 0
6988 0
6989 0
6990 0
6991 3
6992 104
6993 63
6994 119
6995 125
6996 139
6997 131
6998 149
6999 136
7000 144
7001 100
7002 113
7003 42
7004 3
7005 2
7006 5
7007 1
7008 0
7009 0
7010 0
7011 1
7012 0
7013 0
7014 1
7015 4
7016 157
7017 95
7018 172
7019 178
7020 198
7021 212
7022 171
7023 167
7024 130
7025 134
7026 126
7027 52
7028 8
7029 4
7030 3
7031 2
7032 0
7033 2
7034 0
7035 0
7036 0
7037 0
7038 1
7039 1
7040 145
7041 101
7042 138
7043 184
7044 192
7045 205
7046 183
7047 162
7048 171
7049 138
7050 125
7051 55
7052 8
7053 7
7054 2
7055 4
7056 0
7057 2
7058 0
7059 0
7060 0
7061 0
7062 3
7063 4
7064 212
7065 154
7066 188
7067 199
7068 200
7069 122
7070 67
7071 53
7072 51
7073 39
7074 21
7075 21
7076 8
7077 7
7078 3
7079 4
7080 0
7081 3
7082 0
7083 1
7084 1
7085 0
7086 2
7087 0
7088 38
7089 34
7090 53
7091 53
7092 58
7093 60
7094 55
7095 41
7096 48
7097 25
7098 18
7099 20
7100 6
7101 2
7102 2
7103 1
7104 0
7105 2
7106 0
7107 0
7108 0
7109 0
7110 0
7111 0
7112 92
7113 74
7114 77
7115 127
7116 128
7117 141
7118 134
7119 141
7120 105
7121 123
7122 104
7123 60
7124 3
7125 3
7126 3
7127 0
7128 0
7129 1
7130 0
7131 0
7132 0
7133 0
7134 1
7135 3
7136 112
7137 98
7138 137
7139 186
7140 191
7141 195
7142 187
7143 138
7144 142
7145 118
7146 158
7147 41
7148 5
7149 7
7150 2
7151 2
7152 0
7153 3
7154 0
7155 0
7156 0
7157 0
7158 0
7159 3
7160 96
7161 73
7162 98
7163 168
7164 145
7165 164
7166 137
7167 141
7168 156
7169 122
7170 118
7171 46
7172 10
7173 6
7174 0
7175 4
7176 0
7177 2
7178 1
7179 0
7180 1
7181 0
7182 1
7183 6
7184 129
7185 89
7186 174
7187 211
7188 195
7189 202
7190 183
7191 155
7192 135
7193 152
7194 130
7195 39
7196 5
7197 4
7198 3
7199 1
7200 1
7201 1
7202 0
7203 0
7204 0
7205 3
7206 21
7207 16
7208 159
7209 120
7210 162
7211 231
7212 207
7213 180
7214 188
7215 209
7216 142
7217 149
7218 120
7219 52
7220 9
7221 5
7222 6
7223 3
7224 1
7225 4
7226 0
7227 0
7228 0
7229 0
7230 1
7231 1
7232 198
7233 143
7234 169
7235 163
7236 195
7237 109
7238 58
7239 49
7240 40
7241 25
7242 19
7243 13
7244 7
7245 9
7246 4
7247 1
7248 1
7249 5
7250 0
7251 0
7252 0
7253 1
7254 0
7255 0
7256 42
7257 26
7258 60
7259 57
7260 59
7261 59
7262 49
7263 55
7264 42
7265 34
7266 21
7267 10
7268 6
7269 2
7270 2
7271 0
7272 0
7273 2
7274 0
7275 0
7276 0
7277 0
7278 0
7279 2
7280 79
7281 59
7282 99
7283 123
7284 122
7285 135
7286 126
7287 124
7288 132
7289 132
7290 124
7291 60
7292 4
7293 1
7294 2
7295 3
7296 2
7297 2
7298 0
7299 0
7300 0
7301 0
7302 0
7303 0
7304 68
7305 11
7306 29
7307 40
7308 51
7309 42
7310 70
7311 54
7312 50
7313 71
7314 85
7315 47
7316 9
7317 3
7318 2
7319 2
7320 0
7321 3
7322 0
7323 0
7324 0
7325 0
7326 0
7327 1
7328 99
7329 83
7330 111
7331 104
7332 133
7333 133
7334 135
7335 134
7336 121
7337 123
7338 119
7339 66
7340 6
7341 13
7342 3
7343 1
7344 0
7345 2
7346 0
7347 8
7348 12
7349 3
7350 14
7351 21
7352 171
7353 259
7354 212
7355 202
7356 179
7357 198
7358 202
7359 152
7360 143
7361 125
7362 112
7363 52
7364 9
7365 3
7366 4
7367 0
7368 0
7369 2
7370 1
7371 0
7372 0
7373 0
7374 1
7375 3
7376 204
7377 110
7378 182
7379 204
7380 229
7381 220
7382 228
7383 208
7384 212
7385 150
7386 134
7387 69
7388 7
7389 9
7390 5
7391 1
7392 0
7393 2
7394 0
7395 1
7396 0
7397 1
7398 0
7399 4
7400 226
7401 137
7402 155
7403 182
7404 163
7405 121
7406 61
7407 49
7408 41
7409 28
7410 24
7411 21
7412 6
7413 3
7414 4
7415 3
7416 0
7417 4
7418 0
7419 1
7420 0
7421 1
7422 0
7423 0
7424 44
7425 34
7426 48
7427 49
7428 51
7429 54
7430 38
7431 35
7432 41
7433 15
7434 11
7435 12
7436 6
7437 2
7438 4
7439 0
7440 1
7441 1
7442 1
7443 0
7444 1
7445 0
7446 0
7447 1
7448 132
7449 83
7450 114
7451 147
7452 142
7453 125
7454 149
7455 162
7456 127
7457 128
7458 135
7459 54
7460 5
7461 2
7462 1
7463 1
7464 1
7465 0
7466 0
7467 0
7468 0
7469 0
7470 0
7471 2
7472 145
7473 83
7474 135
7475 196
7476 204
7477 192
7478 195
7479 166
7480 141
7481 115
7482 106
7483 68
7484 7
7485 6
7486 4
7487 3
7488 0
7489 1
7490 0
7491 0
7492 0
7493 0
7494 0
7495 0
7496 124
7497 71
7498 111
7499 137
7500 146
7501 158
7502 132
7503 155
7504 152
7505 120
7506 123
7507 54
7508 3
7509 4
7510 1
7511 1
7512 1
7513 0
7514 0
7515 0
7516 0
7517 1
7518 0
7519 2
7520 149
7521 111
7522 168
7523 182
7524 193
7525 188
7526 196
7527 153
7528 143
7529 132
7530 120
7531 55
7532 2
7533 3
7534 2
7535 0
7536 0
7537 2
7538 0
7539 0
7540 0
7541 1
7542 0
7543 1
7544 182
7545 141
7546 165
7547 177
7548 227
7549 199
7550 227
7551 211
7552 147
7553 151
7554 129
7555 72
7556 5
7557 10
7558 2
7559 4
7560 1
7561 1
7562 0
7563 0
7564 2
7565 2
7566 0
7567 3
7568 239
7569 132
7570 144
7571 167
7572 166
7573 112
7574 70
7575 68
7576 45
7577 27
7578 13
7579 18
7580 6
7581 7
7582 4
7583 0
7584 0
7585 3
7586 0
7587 0
7588 0
7589 1
7590 0
7591 0
7592 49
7593 36
7594 58
7595 49
7596 51
7597 54
7598 47
7599 48
7600 45
7601 30
7602 20
7603 15
7604 5
7605 3
7606 2
7607 6
7608 1
7609 3
7610 0
7611 0
7612 0
7613 1
7614 0
7615 0
7616 124
7617 61
7618 111
7619 128
7620 130
7621 149
7622 132
7623 106
7624 124
7625 124
7626 110
7627 46
7628 5
7629 3
7630 1
7631 2
7632 0
7633 1
7634 0
7635 0
7636 0
7637 0
7638 1
7639 2
7640 151
7641 79
7642 157
7643 186
7644 194
7645 205
7646 169
7647 137
7648 119
7649 110
7650 103
7651 61
7652 1
7653 3
7654 3
7655 3
7656 0
7657 2
7658 0
7659 0
7660 0
7661 0
7662 1
7663 2
7664 127
7665 73
7666 97
7667 123
7668 189
7669 141
7670 153
7671 128
7672 132
7673 115
7674 136
7675 57
7676 5
7677 3
7678 2
7679 4
7680 0
7681 1
7682 1
7683 0
7684 0
7685 0
7686 0
7687 2
7688 153
7689 115
7690 186
7691 195
7692 218
7693 210
7694 166
7695 130
7696 115
7697 112
7698 97
7699 47
7700 7
7701 3
7702 0
7703 1
7704 0
7705 2
7706 0
7707 0
7708 0
7709 0
7710 2
7711 0
7712 172
7713 107
7714 190
7715 207
7716 196
7717 217
7718 199
7719 189
7720 146
7721 143
7722 123
7723 57
7724 4
7725 4
7726 0
7727 0
7728 0
7729 1
7730 0
7731 1
7732 2
7733 0
7734 1
7735 2
7736 219
7737 127
7738 170
7739 157
7740 175
7741 116
7742 68
7743 63
7744 55
7745 31
7746 25
7747 17
7748 8
7749 8
7750 1
7751 0
7752 0
7753 2
7754 1
7755 0
7756 2
7757 0
7758 0
7759 1
7760 41
7761 33
7762 58
7763 51
7764 51
7765 66
7766 42
7767 58
7768 50
7769 32
7770 18
7771 11
7772 2
7773 1
7774 4
7775 7
7776 0
7777 1
7778 1
7779 0
7780 0
7781 1
7782 0
7783 0
7784 112
7785 63
7786 94
7787 113
7788 138
7789 127
7790 129
7791 108
7792 104
7793 103
7794 110
7795 53
7796 3
7797 3
7798 3
7799 0
7800 0
7801 2
7802 0
7803 0
7804 0
7805 0
7806 0
7807 3
7808 141
7809 117
7810 146
7811 194
7812 227
7813 193
7814 262
7815 139
7816 123
7817 105
7818 109
7819 40
7820 4
7821 4
7822 2
7823 1
7824 0
7825 3
7826 0
7827 0
7828 1
7829 0
7830 0
7831 0
7832 201
7833 125
7834 188
7835 158
7836 153
7837 178
7838 167
7839 161
7840 158
7841 136
7842 176
7843 80
7844 3
7845 7
7846 3
7847 0
7848 1
7849 2
7850 0
7851 0
7852 0
7853 0
7854 0
7855 2
7856 139
7857 102
7858 162
7859 194
7860 191
7861 182
7862 187
7863 187
7864 165
7865 138
7866 125
7867 58
7868 4
7869 3
7870 3
7871 1
7872 1
7873 2
7874 0
7875 0
7876 0
7877 0
7878 2
7879 1
7880 157
7881 106
7882 173
7883 210
7884 190
7885 215
7886 207
7887 180
7888 149
7889 136
7890 140
7891 51
7892 7
7893 5
7894 3
7895 2
7896 0
7897 1
7898 1
7899 2
7900 0
7901 0
7902 0
7903 2
7904 226
7905 136
7906 194
7907 199
7908 223
7909 122
7910 64
7911 58
7912 46
7913 25
7914 20
7915 17
7916 5
7917 3
7918 3
7919 3
7920 1
7921 4
7922 2
7923 0
7924 0
7925 0
7926 0
7927 0
7928 37
7929 49
7930 60
7931 73
7932 54
7933 61
7934 45
7935 59
7936 40
7937 22
7938 21
7939 19
7940 4
7941 5
7942 2
7943 0
7944 0
7945 1
7946 0
7947 0
7948 0
7949 0
7950 0
7951 0
7952 104
7953 62
7954 105
7955 123
7956 168
7957 134
7958 151
7959 138
7960 138
7961 129
7962 104
7963 69
7964 2
7965 3
7966 1
7967 6
7968 0
7969 2
7970 0
7971 0
7972 0
7973 0
7974 0
7975 2
7976 134
7977 88
7978 152
7979 185
7980 160
7981 190
7982 171
7983 148
7984 130
7985 123
7986 122
7987 64
7988 3
7989 3
7990 4
7991 4
7992 1
7993 3
7994 1
7995 0
7996 0
7997 1
7998 0
7999 0
8000 107
8001 59
8002 109
8003 128
8004 177
8005 165
8006 185
8007 152
8008 163
8009 156
8010 158
8011 64
8012 5
8013 7
8014 4
8015 3
8016 1
8017 2
8018 1
8019 0
8020 0
8021 0
8022 0
8023 2
8024 163
8025 117
8026 152
8027 199
8028 208
8029 193
8030 199
8031 165
8032 134
8033 105
8034 101
8035 59
8036 2
8037 2
8038 0
8039 3
8040 0
8041 2
8042 0
8043 0
8044 0
8045 0
8046 1
8047 1
8048 151
8049 123
8050 164
8051 206
8052 214
8053 210
8054 193
8055 184
8056 168
8057 175
8058 156
8059 81
8060 4
8061 2
8062 6
8063 0
8064 1
8065 3
8066 0
8067 0
8068 0
8069 0
8070 1
8071 0
8072 222
8073 136
8074 170
8075 216
8076 198
8077 118
8078 57
8079 58
8080 50
8081 26
8082 18
8083 12
8084 3
8085 3
8086 3
8087 3
8088 0
8089 3
8090 0
8091 1
8092 0
8093 1
8094 1
8095 0
8096 38
8097 40
8098 53
8099 49
8100 53
8101 58
8102 66
8103 38
8104 52
8105 24
8106 21
8107 19
8108 3
8109 1
8110 3
8111 2
8112 0
8113 2
8114 0
8115 0
8116 0
8117 0
8118 0
8119 0
8120 106
8121 50
8122 117
8123 156
8124 149
8125 151
8126 128
8127 145
8128 120
8129 114
8130 119
8131 45
8132 6
8133 2
8134 1
8135 0
8136 0
8137 2
8138 0
8139 0
8140 0
8141 1
8142 0
8143 2
8144 121
8145 93
8146 137
8147 199
8148 175
8149 199
8150 183
8151 123
8152 133
8153 122
8154 115
8155 45
8156 3
8157 2
8158 0
8159 1
8160 0
8161 3
8162 0
8163 1
8164 0
8165 0
8166 0
8167 0
8168 127
8169 66
8170 129
8171 132
8172 166
8173 145
8174 154
8175 145
8176 159
8177 147
8178 166
8179 74
8180 11
8181 4
8182 4
8183 2
8184 0
8185 2
8186 1
8187 1
8188 0
8189 0
8190 0
8191 1
8192 140
8193 131
8194 164
8195 184
8196 218
8197 215
8198 178
8199 166
8200 140
8201 138
8202 131
8203 74
8204 5
8205 0
8206 2
8207 1
8208 0
8209 4
8210 1
8211 0
8212 0
8213 0
8214 0
8215 1
8216 182
8217 111
8218 187
8219 202
8220 198
8221 196
8222 199
8223 185
8224 180
8225 144
8226 142
8227 58
8228 2
8229 6
8230 8
8231 1
8232 0
8233 2
8234 0
8235 0
8236 1
8237 1
8238 1
8239 2
8240 225
8241 153
8242 167
8243 202
8244 209
8245 136
8246 62
8247 53
8248 50
8249 21
8250 19
8251 9
8252 5
8253 7
8254 5
8255 4
8256 2
8257 3
8258 0
8259 0
8260 0
8261 2
8262 0
8263 0
8264 44
8265 30
8266 61
8267 55
8268 43
8269 60
8270 52
8271 49
8272 37
8273 21
8274 12
8275 20
8276 2
8277 2
8278 2
8279 4
8280 0
8281 3
8282 0
8283 0
8284 0
8285 0
8286 0
8287 0
8288 107
8289 59
8290 124
8291 139
8292 153
8293 179
8294 149
8295 158
8296 166
8297 126
8298 122
8299 54
8300 2
8301 1
8302 3
8303 3
8304 0
8305 3
8306 0
8307 0
8308 0
8309 0
8310 0
8311 3
8312 122
8313 120
8314 200
8315 213
8316 198
8317 212
8318 186
8319 177
8320 167
8321 137
8322 138
8323 57
8324 4
8325 3
8326 4
8327 0
8328 1
8329 1
8330 1
8331 0
8332 0
8333 2
8334 0
8335 0
8336 112
8337 91
8338 149
8339 133
8340 174
8341 168
8342 148
8343 183
8344 149
8345 171
8346 184
8347 77
8348 12
8349 2
8350 1
8351 0
8352 0
8353 1
8354 1
8355 0
8356 2
8357 1
8358 0
8359 4
8360 155
8361 105
8362 162
8363 206
8364 224
8365 221
8366 207
8367 199
8368 171
8369 128
8370 119
8371 64
8372 3
8373 1
8374 1
8375 0
8376 1
8377 1
8378 0
8379 0
8380 0
8381 0
8382 2
8383 2
8384 172
8385 119
8386 169
8387 229
8388 230
8389 236
8390 234
8391 212
8392 190
8393 162
8394 147
8395 60
8396 6
8397 4
8398 3
8399 1
8400 0
8401 3
8402 0
8403 0
8404 1
8405 0
8406 1
8407 2
8408 248
8409 145
8410 166
8411 196
8412 213
8413 121
8414 57
8415 41
8416 38
8417 35
8418 23
8419 16
8420 3
8421 1
8422 2
8423 3
8424 0
8425 3
8426 0
8427 0
8428 0
8429 0
8430 0
8431 0
8432 38
8433 34
8434 46
8435 56
8436 52
8437 53
8438 52
8439 56
8440 40
8441 22
8442 20
8443 10
8444 2
8445 3
8446 1
8447 0
8448 0
8449 3
8450 0
8451 0
8452 0
8453 0
8454 1
8455 0
8456 110
8457 75
8458 117
8459 157
8460 168
8461 175
8462 155
8463 148
8464 182
8465 130
8466 116
8467 59
8468 9
8469 2
8470 1
8471 1
8472 0
8473 3
8474 0
8475 0
8476 0
8477 0
8478 0
8479 2
8480 148
8481 117
8482 190
8483 251
8484 213
8485 238
8486 221
8487 168
8488 168
8489 162
8490 104
8491 72
8492 3
8493 7
8494 2
8495 3
8496 2
8497 1
8498 0
8499 1
8500 0
8501 0
8502 0
8503 0
8504 121
8505 83
8506 116
8507 195
8508 177
8509 178
8510 198
8511 170
8512 176
8513 154
8514 191
8515 82
8516 10
8517 8
8518 0
8519 2
8520 0
8521 2
8522 0
8523 0
8524 0
8525 0
8526 1
8527 2
8528 193
8529 118
8530 220
8531 246
8532 235
8533 210
8534 184
8535 179
8536 163
8537 130
8538 138
8539 55
8540 2
8541 4
8542 3
8543 1
8544 0
8545 4
8546 0
8547 0
8548 0
8549 0
8550 2
8551 0
8552 297
8553 208
8554 213
8555 222
8556 252
8557 249
8558 249
8559 209
8560 183
8561 128
8562 102
8563 54
8564 3
8565 1
8566 2
8567 2
8568 1
8569 3
8570 0
8571 1
8572 1
8573 0
8574 0
8575 1
8576 302
8577 169
8578 158
8579 189
8580 195
8581 121
8582 56
8583 39
8584 33
8585 15
8586 13
8587 13
8588 0
8589 2
8590 0
8591 1
8592 1
8593 1
8594 1
8595 0
8596 2
8597 0
8598 1
8599 0
8600 25
8601 5
8602 3
8603 8
8604 8
8605 5
8606 2
8607 4
8608 6
8609 5
8610 3
8611 4
8612 1
8613 2
8614 1
8615 5
8616 2
8617 3
8618 0
8619 0
8620 0
8621 0
8622 0
8623 0
8624 83
8625 24
8626 48
8627 52
8628 56
8629 84
8630 80
8631 94
8632 93
8633 88
8634 76
8635 29
8636 4
8637 4
8638 3
8639 3
8640 1
8641 2
8642 3
8643 0
8644 0
8645 0
8646 0
8647 0
8648 78
8649 25
8650 42
8651 75
8652 115
8653 100
8654 127
8655 118
8656 115
8657 104
8658 80
8659 46
8660 3
8661 3
8662 5
8663 2
8664 0
8665 1
8666 0
8667 0
8668 1
8669 0
8670 0
8671 0
8672 88
8673 48
8674 96
8675 131
8676 148
8677 145
8678 155
8679 138
8680 142
8681 116
8682 141
8683 54
8684 0
8685 1
8686 4
8687 0
8688 1
8689 2
8690 0
8691 0
8692 0
8693 1
8694 0
8695 0
8696 125
8697 86
8698 155
8699 171
8700 204
8701 204
8702 214
8703 156
8704 156
8705 123
8706 129
8707 49
8708 3
8709 1
8710 0
8711 0
8712 1
8713 2
8714 0
8715 0
8716 0
8717 0
8718 0
8719 1
8720 148
8721 110
8722 139
8723 167
8724 227
8725 221
8726 198
8727 177
8728 157
8729 108
8730 113
8731 37
8732 0
8733 3
8734 3
8735 1
8736 0
8737 2
8738 0
8739 0
8740 1
8741 1
8742 2
8743 0
8744 204
8745 129
8746 152
8747 185
8748 165
8749 100
8750 55
8751 59
8752 21
8753 11
8754 10
8755 4
8756 1
8757 2
8758 1
8759 0
8760 1
