1 0.00
2 0.00
3 0.00
4 0.00
5 0.00
6 0.00
7 0.00
8 0.00
9 0.00
10 0.00
11 0.00
12 0.00
13 0.00
14 0.00
15 0.00
16 0.00
17 0.00
18 0.00
19 0.00
20 0.00
21 0.00
22 0.00
23 0.00
24 0.00
25 0.00
26 0.00
27 0.00
28 0.00
29 0.00
30 0.00
31 0.00
32 0.09
33 0.00
34 0.00
35 3.53
36 0.00
37 0.00
38 0.38
39 14.17
40 0.00
41 0.00
42 0.00
43 0.00
44 0.00
45 0.00
46 0.00
47 0.00
48 0.00
49 0.00
50 0.00
51 0.00
52 0.00
53 0.00
54 0.00
55 0.00
56 0.17
57 0.00
58 0.11
59 0.00
60 0.00
61 0.46
62 50.00
63 0.00
64 0.31
65 0.43
66 0.00
67 0.00
68 0.00
69 0.00
70 0.00
71 0.00
72 0.00
73 0.00
74 0.00
75 0.00
76 0.00
77 0.00
78 0.00
79 0.00
80 0.22
81 0.11
82 0.00
83 0.00
84 0.00
85 0.00
86 0.00
87 0.00
88 0.00
89 0.00
90 0.00
91 0.00
92 0.00
93 0.00
94 0.00
95 0.00
96 0.00
97 0.00
98 0.00
99 0.00
100 0.00
101 0.00
102 0.00
103 0.00
104 0.15
105 0.00
106 0.38
107 0.00
108 0.00
109 0.18
110 0.00
111 0.00
112 0.00
113 0.00
114 0.00
115 6.21
116 0.00
117 0.00
118 0.00
119 0.00
120 0.00
121 0.00
122 0.00
123 0.00
124 0.00
125 0.00
126 0.00
127 0.00
128 0.12
129 0.00
130 0.00
131 0.00
132 0.24
133 0.00
134 0.00
135 0.00
136 0.00
137 0.00
138 0.70
139 0.00
140 0.00
141 0.00
142 0.00
143 0.00
144 0.00
145 0.00
146 0.00
147 0.00
148 0.00
149 0.00
150 0.00
151 0.00
152 0.22
153 0.00
154 0.00
155 0.00
156 31.30
157 0.00
158 0.00
159 0.00
160 0.00
161 0.00
162 0.00
163 0.00
164 0.00
165 0.00
166 0.00
167 0.00
168 0.00
169 0.00
170 0.00
171 0.00
172 0.00
173 0.00
174 0.00
175 0.00
176 0.00
177 0.00
178 0.00
179 0.00
180 0.00
181 0.00
182 0.00
183 0.00
184 0.00
185 0.00
186 0.00
187 0.00
188 0.00
189 0.00
190 0.00
191 0.00
192 0.00
193 0.00
194 0.00
195 0.00
196 0.00
197 0.00
198 0.00
199 0.00
200 0.13
201 0.00
202 0.00
203 0.00
204 0.00
205 0.00
206 0.00
207 0.00
208 0.00
209 0.62
210 0.00
211 0.00
212 0.00
213 0.00
214 0.00
215 0.00
216 0.00
217 0.00
218 0.00
219 0.00
220 0.00
221 0.00
222 0.00
223 0.00
224 0.13
225 0.27
226 0.00
227 0.00
228 0.00
229 0.21
230 0.00
231 0.00
232 0.35
233 0.00
234 0.00
235 0.00
236 0.00
237 0.00
238 0.00
239 0.00
240 0.00
241 0.00
242 0.00
243 0.00
244 0.00
245 0.00
246 0.00
247 0.00
248 0.13
249 0.46
250 0.00
251 0.00
252 1.00
253 0.00
254 0.00
255 0.30
256 0.00
257 0.00
258 0.00
259 5.28
260 0.00
261 0.00
262 0.00
263 0.00
264 0.00
265 0.00
266 0.00
267 0.00
268 0.00
269 0.00
270 0.00
271 0.00
272 0.11
273 0.00
274 0.00
275 0.00
276 0.00
277 0.00
278 0.00
279 0.00
280 13.26
281 0.52
282 0.00
283 0.00
284 0.00
285 0.00
286 0.00
287 0.00
288 0.00
289 0.00
290 0.00
291 0.00
292 0.00
293 0.00
294 0.00
295 0.00
296 0.14
297 0.00
298 0.38
299 0.00
300 0.50
301 1.19
302 0.24
303 0.82
304 0.00
305 15.19
306 0.00
307 0.00
308 0.00
309 0.00
310 0.00
311 0.00
312 0.00
313 0.00
314 0.00
315 0.00
316 0.00
317 0.00
318 0.00
319 0.00
320 0.20
321 0.00
322 0.00
323 0.00
324 14.94
325 0.00
326 0.00
327 0.00
328 0.00
329 0.00
330 0.00
331 0.00
332 0.00
333 0.00
334 0.00
335 0.00
336 0.00
337 0.00
338 0.00
339 0.00
340 0.00
341 0.00
342 0.00
343 0.00
344 0.00
345 0.00
346 0.00
347 0.00
348 0.00
349 0.00
350 0.00
351 0.00
352 0.00
353 0.00
354 0.00
355 0.00
356 0.00
357 0.00
358 0.00
359 0.00
360 0.00
361 0.00
362 0.00
363 0.00
364 0.00
365 0.00
366 0.00
367 0.00
368 0.14
369 0.00
370 0.00
371 0.00
372 0.00
373 0.00
374 0.00
375 0.00
376 0.00
377 0.00
378 0.00
379 0.00
380 0.00
381 0.00
382 0.00
383 0.00
384 0.00
385 0.00
386 0.00
387 0.00
388 0.00
389 0.00
390 0.00
391 0.00
392 0.00
393 0.00
394 0.00
395 0.00
396 0.00
397 0.00
398 0.00
399 0.00
400 0.00
401 0.00
402 0.00
403 0.00
404 0.00
405 0.00
406 0.00
407 0.00
408 0.00
409 0.00
410 0.00
411 0.00
412 0.00
413 0.00
414 0.00
415 0.00
416 0.00
417 0.00
418 0.00
419 0.00
420 0.00
421 0.00
422 0.00
423 0.00
424 0.00
425 0.00
426 0.00
427 0.00
428 0.00
429 0.00
430 0.00
431 0.00
432 0.00
433 0.00
434 0.00
435 0.00
436 0.00
437 0.00
438 0.00
439 0.00
440 0.00
441 0.00
442 0.00
443 0.00
444 0.00
445 0.00
446 0.00
447 0.00
448 0.00
449 0.00
450 0.00
451 0.00
452 0.00
453 0.00
454 0.00
455 0.00
456 0.00
457 0.00
458 0.00
459 0.00
460 0.00
461 0.00
462 0.00
463 0.00
464 0.00
465 0.00
466 0.00
467 0.00
468 0.00
469 0.00
470 0.00
471 0.00
472 0.00
473 0.00
474 0.00
475 0.00
476 0.00
477 0.00
478 0.00
479 0.00
480 0.00
481 0.00
482 0.00
483 0.00
484 0.00
485 0.00
486 0.00
487 0.00
488 0.00
489 0.00
490 0.00
491 0.00
492 0.00
493 0.00
494 0.00
495 0.00
496 0.00
497 0.00
498 0.00
499 0.00
500 0.00
501 0.00
502 0.00
503 0.00
504 0.00
505 0.00
506 0.00
507 0.00
508 0.00
509 0.00
510 0.00
511 0.00
512 0.00
513 0.00
514 0.00
515 0.00
516 0.00
517 0.00
518 0.00
519 0.00
520 0.00
521 0.00
522 0.00
523 0.00
524 0.00
525 0.00
526 0.00
527 0.00
528 0.00
529 0.00
530 0.00
531 0.00
532 0.00
533 0.00
534 0.00
535 0.00
536 0.00
537 0.00
538 0.00
539 0.00
540 0.00
541 0.00
542 0.00
543 0.00
544 0.00
545 0.00
546 0.00
547 0.00
548 0.00
549 0.00
550 0.00
551 0.00
552 0.00
553 0.00
554 0.00
555 0.00
556 0.00
557 0.00
558 0.00
559 0.00
560 0.00
561 0.00
562 0.00
563 0.00
564 0.00
565 0.00
566 0.00
567 0.00
568 0.00
569 0.00
570 0.00
571 0.00
572 0.00
573 0.00
574 0.00
575 0.00
576 0.00
577 0.00
578 0.00
579 0.00
580 0.00
581 0.00
582 0.00
583 0.00
584 0.00
585 0.00
586 0.00
587 0.00
588 0.00
589 0.00
590 0.00
591 0.00
592 0.00
593 0.00
594 0.00
595 0.00
596 0.00
597 0.00
598 0.00
599 0.00
600 0.00
601 0.00
602 0.00
603 0.00
604 0.00
605 0.00
606 0.00
607 0.00
608 0.00
609 0.00
610 0.00
611 0.00
612 0.00
613 0.00
614 0.00
615 0.00
616 0.00
617 0.00
618 0.00
619 0.00
620 0.00
621 0.00
622 0.00
623 0.00
624 0.00
625 0.00
626 0.00
627 0.00
628 0.00
629 0.00
630 0.00
631 0.00
632 0.00
633 0.00
634 0.00
635 0.00
636 0.00
637 0.00
638 0.00
639 0.00
640 0.00
641 0.00
642 0.00
643 0.00
644 0.00
645 0.00
646 0.00
647 0.00
648 0.00
649 0.00
650 0.00
651 0.00
652 0.00
653 0.00
654 0.00
655 0.00
656 0.00
657 0.00
658 0.00
659 0.00
660 0.00
661 0.00
662 0.00
663 0.00
664 0.00
665 0.00
666 0.00
667 0.00
668 0.00
669 0.00
670 0.00
671 0.00
672 0.00
673 0.00
674 0.00
675 0.00
676 0.00
677 0.00
678 0.00
679 0.00
680 0.00
681 0.00
682 0.00
683 0.00
684 0.00
685 0.00
686 0.00
687 0.00
688 0.00
689 0.00
690 0.00
691 0.00
692 0.00
693 0.00
694 0.00
695 0.00
696 0.00
697 0.00
698 0.00
699 0.00
700 0.00
701 0.00
702 0.00
703 0.00
704 0.00
705 0.00
706 0.00
707 0.00
708 0.00
709 0.00
710 0.00
711 0.00
712 0.00
713 0.00
714 0.00
715 0.00
716 0.00
717 0.00
718 0.00
719 0.00
720 0.00
721 0.00
722 0.00
723 0.00
724 0.00
725 0.00
726 0.00
727 0.00
728 0.00
729 0.00
730 0.00
731 0.00
732 0.00
733 0.00
734 0.00
735 0.00
736 0.00
737 0.00
738 0.00
739 0.00
740 0.00
741 0.00
742 0.00
743 0.00
744 0.00
745 0.00
746 0.00
747 0.00
748 0.00
749 0.00
750 0.00
751 0.00
752 0.00
753 0.00
754 0.00
755 0.00
756 0.00
757 0.00
758 0.00
759 0.00
760 0.00
761 0.00
762 0.00
763 0.00
764 0.00
765 0.00
766 0.00
767 0.00
768 0.00
769 0.00
770 0.00
771 0.00
772 0.00
773 0.00
774 0.00
775 0.00
776 0.00
777 0.00
778 0.00
779 0.00
780 0.00
781 0.00
782 0.00
783 0.00
784 0.00
785 0.00
786 0.00
787 0.00
788 0.00
789 0.00
790 0.00
791 0.00
792 0.00
793 0.00
794 0.00
795 0.00
796 0.00
797 0.00
798 0.00
799 0.00
800 0.00
801 0.00
802 0.00
803 0.00
804 0.00
805 0.00
806 0.00
807 0.00
808 0.00
809 0.00
810 0.00
811 0.00
812 0.00
813 0.00
814 0.00
815 0.00
816 0.00
817 0.00
818 0.00
819 0.00
820 0.00
821 0.00
822 0.00
823 0.00
824 0.00
825 0.00
826 0.00
827 0.00
828 0.00
829 0.00
830 0.00
831 0.00
832 0.00
833 0.00
834 0.00
835 0.00
836 0.00
837 0.00
838 0.00
839 0.00
840 0.00
841 0.00
842 0.00
843 0.00
844 0.00
845 0.00
846 0.00
847 0.00
848 0.00
849 0.00
850 0.00
851 0.00
852 0.00
853 0.00
854 0.00
855 0.00
856 0.00
857 0.00
858 0.00
859 0.00
860 0.00
861 0.00
862 0.00
863 0.00
864 0.00
865 0.00
866 0.00
867 0.00
868 0.00
869 0.00
870 0.00
871 0.00
872 0.00
873 0.00
874 0.00
875 0.00
876 0.00
877 0.00
878 0.00
879 0.00
880 0.00
881 0.00
882 0.00
883 0.00
884 0.00
885 0.00
886 0.00
887 0.00
888 0.00
889 0.00
890 0.00
891 0.00
892 0.00
893 0.00
894 0.00
895 0.00
896 0.00
897 0.00
898 0.00
899 0.00
900 0.00
901 0.00
902 0.00
903 0.00
904 0.00
905 0.00
906 0.00
907 0.00
908 0.00
909 0.00
910 0.00
911 0.00
912 0.00
913 0.00
914 0.00
915 0.00
916 0.00
917 0.00
918 0.00
919 0.00
920 0.00
921 0.00
922 0.00
923 0.00
924 0.00
925 0.00
926 0.00
927 0.00
928 0.00
929 0.00
930 0.00
931 0.00
932 0.00
933 0.00
934 0.00
935 0.00
936 0.00
937 0.00
938 0.00
939 0.00
940 0.00
941 0.00
942 0.00
943 0.00
944 0.00
945 0.00
946 0.00
947 0.00
948 0.00
949 0.00
950 0.00
951 0.00
952 0.00
953 0.00
954 0.00
955 0.00
956 0.00
957 0.00
958 0.00
959 0.00
960 0.00
961 0.00
962 0.00
963 0.00
964 0.00
965 0.00
966 0.00
967 0.00
968 0.00
969 0.00
970 0.00
971 0.00
972 0.00
973 0.00
974 0.00
975 0.00
976 0.00
977 0.00
978 0.00
979 0.00
980 0.00
981 0.00
982 0.00
983 0.00
984 0.00
985 0.00
986 0.00
987 0.00
988 0.00
989 0.00
990 0.00
991 0.00
992 0.00
993 0.00
994 0.00
995 0.00
996 0.00
997 0.00
998 0.00
999 0.00
1000 0.00
1001 0.00
1002 0.00
1003 0.00
1004 0.00
1005 0.00
1006 0.00
1007 0.00
1008 0.00
1009 0.00
1010 0.00
1011 0.00
1012 0.00
1013 0.00
1014 0.00
1015 0.00
1016 0.00
1017 0.00
1018 0.00
1019 0.00
1020 0.00
1021 0.00
1022 0.00
1023 0.00
1024 0.00
1025 0.00
1026 0.00
1027 0.00
1028 0.00
1029 0.00
1030 0.00
1031 0.00
1032 0.00
1033 0.00
1034 0.00
1035 0.00
1036 0.00
1037 0.00
1038 0.00
1039 0.00
1040 0.00
1041 0.00
1042 0.00
1043 0.00
1044 0.00
1045 0.00
1046 0.00
1047 0.00
1048 0.00
1049 0.00
1050 0.00
1051 0.00
1052 0.00
1053 0.00
1054 0.00
1055 0.00
1056 0.00
1057 0.00
1058 0.00
1059 0.00
1060 0.00
1061 0.00
1062 0.00
1063 0.00
1064 0.00
1065 0.00
1066 0.00
1067 0.00
1068 0.00
1069 0.00
1070 0.00
1071 0.00
1072 0.00
1073 0.00
1074 0.00
1075 0.00
1076 0.00
1077 0.00
1078 0.00
1079 0.00
1080 0.00
1081 0.00
1082 0.00
1083 0.00
1084 0.00
1085 0.00
1086 0.00
1087 0.00
1088 0.00
1089 0.00
1090 0.00
1091 0.00
1092 0.00
1093 0.00
1094 0.00
1095 0.00
1096 0.00
1097 0.00
1098 0.00
1099 0.00
1100 0.00
1101 0.00
1102 0.00
1103 0.00
1104 0.00
1105 0.00
1106 0.00
1107 0.00
1108 0.00
1109 0.00
1110 0.00
1111 0.00
1112 0.00
1113 0.00
1114 0.00
1115 0.00
1116 0.00
1117 0.00
1118 0.00
1119 0.00
1120 0.00
1121 0.00
1122 0.00
1123 0.00
1124 0.00
1125 0.00
1126 0.00
1127 0.00
1128 0.00
1129 0.00
1130 0.00
1131 0.00
1132 0.00
1133 0.00
1134 0.00
1135 0.00
1136 0.00
1137 0.00
1138 0.00
1139 0.00
1140 0.00
1141 0.00
1142 0.00
1143 0.00
1144 0.00
1145 0.00
1146 0.00
1147 0.00
1148 0.00
1149 0.00
1150 0.00
1151 0.00
1152 0.00
1153 0.00
1154 0.00
1155 0.00
1156 0.00
1157 0.00
1158 0.00
1159 0.00
1160 0.00
1161 0.00
1162 0.00
1163 0.00
1164 0.00
1165 0.00
1166 0.00
1167 0.00
1168 0.00
1169 0.00
1170 0.00
1171 0.00
1172 0.00
1173 0.00
1174 0.00
1175 0.00
1176 0.00
1177 0.00
1178 0.00
1179 0.00
1180 0.00
1181 0.00
1182 0.00
1183 0.00
1184 0.00
1185 0.00
1186 0.00
1187 0.00
1188 0.00
1189 0.00
1190 0.00
1191 0.00
1192 0.00
1193 0.00
1194 0.00
1195 0.00
1196 0.00
1197 0.00
1198 0.00
1199 0.00
1200 0.00
1201 0.00
1202 0.00
1203 0.00
1204 0.00
1205 0.00
1206 0.00
1207 0.00
1208 0.00
1209 0.00
1210 0.00
1211 0.00
1212 0.00
1213 0.00
1214 0.00
1215 0.00
1216 0.00
1217 0.00
1218 0.00
1219 0.00
1220 0.00
1221 0.00
1222 0.00
1223 0.00
1224 0.00
1225 0.00
1226 0.00
1227 0.00
1228 0.00
1229 0.00
1230 0.00
1231 0.00
1232 0.00
1233 0.00
1234 0.00
1235 0.00
1236 0.00
1237 0.00
1238 0.00
1239 0.00
1240 0.00
1241 0.00
1242 0.00
1243 0.00
1244 0.00
1245 0.00
1246 0.00
1247 0.00
1248 0.00
1249 0.00
1250 0.00
1251 0.00
1252 0.00
1253 0.00
1254 0.00
1255 0.00
1256 0.00
1257 0.00
1258 0.00
1259 0.00
1260 0.00
1261 0.00
1262 0.00
1263 0.00
1264 0.00
1265 0.00
1266 0.00
1267 0.00
1268 0.00
1269 0.00
1270 0.00
1271 0.00
1272 0.00
1273 0.00
1274 0.00
1275 0.00
1276 0.00
1277 0.00
1278 0.00
1279 0.00
1280 0.00
1281 0.00
1282 0.00
1283 0.00
1284 0.00
1285 0.00
1286 0.00
1287 0.00
1288 0.00
1289 0.00
1290 0.00
1291 0.00
1292 0.00
1293 0.00
1294 0.00
1295 0.00
1296 0.00
1297 0.00
1298 0.00
1299 0.00
1300 0.00
1301 0.00
1302 0.00
1303 0.00
1304 0.00
1305 0.00
1306 0.00
1307 0.00
1308 0.00
1309 0.00
1310 0.00
1311 0.00
1312 0.00
1313 0.00
1314 0.00
1315 0.00
1316 0.00
1317 0.00
1318 0.00
1319 0.00
1320 0.00
1321 0.00
1322 0.00
1323 0.00
1324 0.00
1325 0.00
1326 0.00
1327 0.00
1328 0.00
1329 0.00
1330 0.00
1331 0.00
1332 0.00
1333 0.00
1334 0.00
1335 0.00
1336 0.00
1337 0.00
1338 0.00
1339 0.00
1340 0.00
1341 0.00
1342 0.00
1343 0.00
1344 0.00
1345 0.00
1346 0.00
1347 0.00
1348 0.00
1349 0.00
1350 0.00
1351 0.00
1352 0.00
1353 0.00
1354 0.00
1355 0.00
1356 0.00
1357 0.00
1358 0.00
1359 0.00
1360 0.00
1361 0.00
1362 0.00
1363 0.00
1364 0.00
1365 0.00
1366 0.00
1367 0.00
1368 0.00
1369 0.00
1370 0.00
1371 0.00
1372 0.00
1373 0.00
1374 0.00
1375 0.00
1376 0.00
1377 0.00
1378 0.00
1379 0.00
1380 0.00
1381 0.00
1382 0.00
1383 0.00
1384 0.00
1385 0.00
1386 0.00
1387 0.00
1388 0.00
1389 0.00
1390 0.00
1391 0.00
1392 0.00
1393 0.00
1394 0.00
1395 0.00
1396 0.00
1397 0.00
1398 0.00
1399 0.00
1400 0.00
1401 0.00
1402 0.00
1403 0.00
1404 0.00
1405 0.00
1406 0.00
1407 0.00
1408 0.00
1409 0.00
1410 0.00
1411 0.00
1412 0.00
1413 0.00
1414 0.00
1415 0.00
1416 0.00
1417 0.00
1418 0.00
1419 0.00
1420 0.00
1421 0.00
1422 0.00
1423 0.00
1424 0.00
1425 0.00
1426 0.00
1427 0.00
1428 0.00
1429 0.00
1430 0.00
1431 0.00
1432 0.00
1433 0.00
1434 0.00
1435 0.00
1436 0.00
1437 0.00
1438 0.00
1439 0.00
1440 0.00
1441 0.00
1442 0.00
1443 0.00
1444 0.00
1445 0.00
1446 0.00
1447 0.00
1448 0.00
1449 0.00
1450 0.00
1451 0.00
1452 0.00
1453 0.00
1454 0.00
1455 0.00
1456 0.00
1457 0.00
1458 0.00
1459 0.00
1460 0.00
1461 0.00
1462 0.00
1463 0.00
1464 0.00
1465 0.00
1466 0.00
1467 0.00
1468 0.00
1469 0.00
1470 0.00
1471 0.00
1472 0.00
1473 0.00
1474 0.00
1475 0.00
1476 0.00
1477 0.00
1478 0.00
1479 0.00
1480 0.00
1481 0.00
1482 0.00
1483 0.00
1484 0.00
1485 0.00
1486 0.00
1487 0.00
1488 0.00
1489 0.00
1490 0.00
1491 0.00
1492 0.00
1493 0.00
1494 0.00
1495 0.00
1496 0.00
1497 0.00
1498 0.00
1499 0.00
1500 0.00
1501 0.00
1502 0.00
1503 0.00
1504 0.00
1505 0.00
1506 0.00
1507 0.00
1508 0.00
1509 0.00
1510 0.00
1511 0.00
1512 0.00
1513 0.00
1514 0.00
1515 0.00
1516 0.00
1517 0.00
1518 0.00
1519 0.00
1520 0.00
1521 0.00
1522 0.00
1523 0.00
1524 0.00
1525 0.00
1526 0.00
1527 0.00
1528 0.00
1529 0.00
1530 0.00
1531 0.00
1532 0.00
1533 0.00
1534 0.00
1535 0.00
1536 0.00
1537 0.00
1538 0.00
1539 0.00
1540 0.00
1541 0.00
1542 0.00
1543 0.00
1544 0.00
1545 0.00
1546 0.00
1547 0.00
1548 0.00
1549 0.00
1550 0.00
1551 0.00
1552 0.00
1553 0.00
1554 0.00
1555 0.00
1556 0.00
1557 0.00
1558 0.00
1559 0.00
1560 0.00
1561 0.00
1562 0.00
1563 0.00
1564 0.00
1565 0.00
1566 0.00
1567 0.00
1568 0.00
1569 0.00
1570 0.00
1571 0.00
1572 0.00
1573 0.00
1574 0.00
1575 0.00
1576 0.00
1577 0.00
1578 0.00
1579 0.00
1580 0.00
1581 0.00
1582 0.00
1583 0.00
1584 0.00
1585 0.00
1586 0.00
1587 0.00
1588 0.00
1589 0.00
1590 0.00
1591 0.00
1592 0.00
1593 0.00
1594 0.00
1595 0.00
1596 0.00
1597 0.00
1598 0.00
1599 0.00
1600 0.00
1601 0.00
1602 0.00
1603 0.00
1604 0.00
1605 0.00
1606 0.00
1607 0.00
1608 0.00
1609 0.00
1610 0.00
1611 0.00
1612 0.00
1613 0.00
1614 0.00
1615 0.00
1616 0.00
1617 0.00
1618 0.00
1619 0.00
1620 0.00
1621 0.00
1622 0.00
1623 0.00
1624 0.00
1625 0.00
1626 0.00
1627 0.00
1628 0.00
1629 0.00
1630 0.00
1631 0.00
1632 0.00
1633 0.00
1634 0.00
1635 0.00
1636 0.00
1637 0.00
1638 0.00
1639 0.00
1640 0.00
1641 0.00
1642 0.00
1643 0.00
1644 0.00
1645 0.00
1646 0.00
1647 0.00
1648 0.00
1649 0.00
1650 0.00
1651 0.00
1652 0.00
1653 0.00
1654 0.00
1655 0.00
1656 0.00
1657 0.00
1658 0.00
1659 0.00
1660 0.00
1661 0.00
1662 0.00
1663 0.00
1664 0.00
1665 0.00
1666 0.00
1667 0.00
1668 0.00
1669 0.00
1670 0.00
1671 0.00
1672 0.00
1673 0.00
1674 0.00
1675 0.00
1676 0.00
1677 0.00
1678 0.00
1679 0.00
1680 0.00
1681 0.00
1682 0.00
1683 0.00
1684 0.00
1685 0.00
1686 0.00
1687 0.00
1688 0.00
1689 0.00
1690 0.00
1691 0.00
1692 0.00
1693 0.00
1694 0.00
1695 0.00
1696 0.00
1697 0.00
1698 0.00
1699 0.00
1700 0.00
1701 0.00
1702 0.00
1703 0.00
1704 0.00
1705 0.00
1706 0.00
1707 0.00
1708 0.00
1709 0.00
1710 0.00
1711 0.00
1712 0.00
1713 0.00
1714 0.00
1715 0.00
1716 0.00
1717 0.00
1718 0.00
1719 0.00
1720 0.00
1721 0.00
1722 0.00
1723 0.00
1724 0.00
1725 0.00
1726 0.00
1727 0.00
1728 0.00
1729 0.00
1730 0.00
1731 0.00
1732 0.00
1733 0.00
1734 0.00
1735 0.00
1736 0.00
1737 0.00
1738 0.00
1739 0.00
1740 0.00
1741 0.00
1742 0.00
1743 0.00
1744 0.00
1745 0.00
1746 0.00
1747 0.00
1748 0.00
1749 0.00
1750 0.00
1751 0.00
1752 0.00
1753 0.00
1754 0.00
1755 0.00
1756 0.00
1757 0.00
1758 0.00
1759 0.00
1760 0.00
1761 0.00
1762 0.00
1763 0.00
1764 0.00
1765 0.00
1766 0.00
1767 0.00
1768 0.00
1769 0.00
1770 0.00
1771 0.00
1772 0.00
1773 0.00
1774 0.00
1775 0.00
1776 0.00
1777 0.00
1778 0.00
1779 0.00
1780 0.00
1781 0.00
1782 0.00
1783 0.00
1784 0.00
1785 0.00
1786 0.00
1787 0.00
1788 0.00
1789 0.00
1790 0.00
1791 0.00
1792 0.00
1793 0.00
1794 0.00
1795 0.00
1796 0.00
1797 0.00
1798 0.00
1799 0.00
1800 0.00
1801 0.00
1802 0.00
1803 0.00
1804 0.00
1805 0.00
1806 0.00
1807 0.00
1808 0.00
1809 0.00
1810 0.00
1811 0.00
1812 0.00
1813 0.00
1814 0.00
1815 0.00
1816 0.00
1817 0.00
1818 0.00
1819 0.00
1820 0.00
1821 0.00
1822 0.00
1823 0.00
1824 0.00
1825 0.00
1826 0.00
1827 0.00
1828 0.00
1829 1.00
1830 0.00
1831 0.00
1832 0.00
1833 0.00
1834 0.00
1835 0.00
1836 0.00
1837 0.00
1838 0.00
1839 0.00
1840 0.00
1841 0.00
1842 0.00
1843 0.00
1844 0.00
1845 0.00
1846 0.00
1847 0.00
1848 0.00
1849 0.00
1850 0.00
1851 0.00
1852 0.00
1853 0.00
1854 0.00
1855 0.00
1856 0.00
1857 0.00
1858 0.00
1859 0.00
1860 0.00
1861 0.00
1862 0.00
1863 0.00
1864 0.00
1865 0.00
1866 0.00
1867 0.00
1868 0.00
1869 0.00
1870 0.00
1871 0.00
1872 0.00
1873 0.00
1874 0.00
1875 0.00
1876 0.00
1877 0.00
1878 0.00
1879 0.00
1880 0.00
1881 0.00
1882 0.00
1883 0.00
1884 0.00
1885 0.00
1886 0.00
1887 0.00
1888 0.00
1889 0.00
1890 0.00
1891 0.00
1892 0.00
1893 0.00
1894 0.00
1895 0.00
1896 0.00
1897 0.00
1898 0.00
1899 0.00
1900 0.00
1901 0.00
1902 0.00
1903 0.00
1904 0.00
1905 0.00
1906 0.00
1907 0.00
1908 0.00
1909 0.00
1910 0.00
1911 0.00
1912 0.00
1913 0.00
1914 0.00
1915 0.00
1916 0.00
1917 0.00
1918 0.00
1919 0.00
1920 0.00
1921 0.00
1922 0.00
1923 0.00
1924 0.00
1925 0.00
1926 0.00
1927 0.00
1928 0.00
1929 0.00
1930 0.00
1931 0.00
1932 0.00
1933 0.00
1934 0.00
1935 0.00
1936 0.00
1937 0.00
1938 0.00
1939 0.00
1940 0.00
1941 0.00
1942 0.00
1943 0.00
1944 0.00
1945 0.00
1946 0.00
1947 0.00
1948 0.00
1949 0.00
1950 0.00
1951 0.00
1952 0.00
1953 0.00
1954 0.00
1955 0.00
1956 0.00
1957 0.00
1958 0.00
1959 0.00
1960 0.00
1961 0.00
1962 0.00
1963 0.00
1964 0.00
1965 0.00
1966 0.00
1967 0.00
1968 0.00
1969 0.00
1970 0.00
1971 0.00
1972 0.00
1973 0.00
1974 0.00
1975 0.00
1976 0.00
1977 0.00
1978 0.00
1979 0.00
1980 0.00
1981 0.00
1982 0.00
1983 0.00
1984 0.00
1985 0.00
1986 0.00
1987 0.00
1988 0.00
1989 0.00
1990 0.00
1991 0.00
1992 0.00
1993 0.00
1994 0.00
1995 0.00
1996 0.00
1997 1.00
1998 0.00
1999 0.00
2000 0.00
2001 0.00
2002 0.00
2003 0.00
2004 0.00
2005 0.00
2006 0.00
2007 0.00
2008 0.00
2009 0.00
2010 0.00
2011 0.00
2012 0.00
2013 0.00
2014 0.00
2015 0.00
2016 0.00
2017 0.00
2018 0.00
2019 0.00
2020 0.00
2021 0.00
2022 0.00
2023 0.00
2024 0.00
2025 0.00
2026 0.00
2027 0.00
2028 0.00
2029 0.00
2030 0.00
2031 0.00
2032 0.00
2033 0.00
2034 0.00
2035 0.00
2036 0.00
2037 0.00
2038 0.00
2039 0.00
2040 0.00
2041 0.00
2042 0.00
2043 0.00
2044 0.00
2045 0.00
2046 0.00
2047 0.00
2048 0.00
2049 0.00
2050 0.00
2051 0.00
2052 0.00
2053 0.00
2054 0.00
2055 0.00
2056 0.00
2057 0.00
2058 0.00
2059 0.00
2060 0.00
2061 0.00
2062 0.00
2063 0.00
2064 0.00
2065 0.00
2066 0.00
2067 0.00
2068 0.00
2069 0.00
2070 0.00
2071 0.00
2072 0.00
2073 0.00
2074 0.00
2075 0.00
2076 0.00
2077 0.00
2078 0.00
2079 0.00
2080 0.00
2081 0.00
2082 0.00
2083 0.00
2084 0.00
2085 0.00
2086 0.00
2087 0.00
2088 0.00
2089 0.00
2090 0.00
2091 0.00
2092 0.00
2093 0.00
2094 0.00
2095 0.00
2096 0.00
2097 0.00
2098 0.00
2099 0.00
2100 0.00
2101 0.00
2102 0.00
2103 0.00
2104 0.00
2105 0.00
2106 0.00
2107 0.00
2108 0.00
2109 0.00
2110 0.00
2111 0.00
2112 0.00
2113 0.00
2114 0.00
2115 0.00
2116 0.00
2117 0.00
2118 0.00
2119 0.00
2120 0.00
2121 0.00
2122 0.00
2123 0.00
2124 0.00
2125 0.00
2126 0.00
2127 0.00
2128 0.00
2129 0.00
2130 0.00
2131 0.00
2132 0.00
2133 0.00
2134 0.00
2135 0.00
2136 0.00
2137 0.00
2138 0.00
2139 0.00
2140 0.00
2141 0.00
2142 0.00
2143 0.00
2144 0.00
2145 0.00
2146 0.00
2147 0.00
2148 0.00
2149 0.00
2150 0.00
2151 0.00
2152 0.00
2153 0.00
2154 0.00
2155 0.00
2156 0.00
2157 0.00
2158 0.00
2159 0.00
2160 0.00
2161 0.00
2162 0.00
2163 0.00
2164 0.00
2165 0.00
2166 0.00
2167 0.00
2168 0.00
2169 0.00
2170 0.00
2171 0.00
2172 0.00
2173 0.00
2174 0.00
2175 0.00
2176 0.00
2177 0.00
2178 0.00
2179 0.00
2180 0.00
2181 0.00
2182 0.00
2183 0.00
2184 0.00
2185 0.00
2186 0.00
2187 0.00
2188 0.00
2189 0.00
2190 0.00
2191 0.00
2192 0.00
2193 0.00
2194 0.00
2195 0.00
2196 0.00
2197 0.00
2198 0.00
2199 0.00
2200 0.00
2201 0.00
2202 0.00
2203 0.00
2204 0.00
2205 0.00
2206 0.00
2207 0.00
2208 0.00
2209 0.00
2210 0.00
2211 0.00
2212 0.00
2213 0.00
2214 0.00
2215 0.00
2216 0.00
2217 0.00
2218 0.00
2219 0.00
2220 0.00
2221 0.00
2222 0.00
2223 0.00
2224 0.00
2225 0.00
2226 0.00
2227 0.00
2228 0.00
2229 0.00
2230 0.00
2231 0.00
2232 0.00
2233 0.00
2234 0.00
2235 0.00
2236 0.00
2237 0.00
2238 0.00
2239 0.00
2240 0.00
2241 0.00
2242 0.00
2243 0.00
2244 0.00
2245 0.00
2246 0.00
2247 0.00
2248 0.00
2249 0.00
2250 0.00
2251 0.00
2252 0.00
2253 0.00
2254 0.00
2255 0.00
2256 0.00
2257 0.00
2258 0.00
2259 0.00
2260 0.00
2261 0.00
2262 0.00
2263 0.00
2264 0.00
2265 0.00
2266 0.00
2267 0.00
2268 0.00
2269 0.00
2270 0.00
2271 0.00
2272 0.00
2273 0.00
2274 0.00
2275 0.00
2276 0.00
2277 0.00
2278 0.00
2279 0.00
2280 0.00
2281 0.00
2282 0.00
2283 0.00
2284 0.00
2285 0.00
2286 0.00
2287 0.00
2288 0.00
2289 0.00
2290 0.00
2291 0.00
2292 0.00
2293 0.00
2294 0.00
2295 0.00
2296 0.00
2297 0.00
2298 0.00
2299 0.00
2300 0.00
2301 0.00
2302 0.00
2303 0.00
2304 0.00
2305 0.00
2306 0.00
2307 0.00
2308 0.00
2309 0.00
2310 0.00
2311 0.00
2312 0.00
2313 0.00
2314 0.00
2315 0.00
2316 0.00
2317 0.00
2318 0.00
2319 0.00
2320 0.00
2321 0.00
2322 0.00
2323 0.00
2324 0.00
2325 0.00
2326 0.00
2327 0.00
2328 0.00
2329 0.00
2330 0.00
2331 0.00
2332 0.00
2333 0.00
2334 0.00
2335 0.00
2336 0.00
2337 0.00
2338 0.00
2339 0.00
2340 0.00
2341 0.00
2342 0.00
2343 0.00
2344 0.00
2345 0.00
2346 0.00
2347 0.00
2348 0.00
2349 0.00
2350 0.00
2351 0.00
2352 0.00
2353 0.00
2354 0.00
2355 0.00
2356 0.00
2357 0.00
2358 0.00
2359 0.00
2360 0.00
2361 0.00
2362 0.00
2363 0.00
2364 0.00
2365 0.00
2366 0.00
2367 0.00
2368 0.00
2369 0.00
2370 0.00
2371 0.00
2372 0.00
2373 0.00
2374 0.00
2375 0.00
2376 0.00
2377 0.00
2378 0.00
2379 0.00
2380 0.00
2381 0.00
2382 0.00
2383 0.00
2384 0.00
2385 0.00
2386 0.00
2387 0.00
2388 0.00
2389 0.00
2390 0.00
2391 0.00
2392 0.00
2393 0.00
2394 0.00
2395 0.00
2396 0.00
2397 0.00
2398 0.00
2399 0.00
2400 0.00
2401 0.00
2402 0.00
2403 0.00
2404 0.00
2405 0.00
2406 0.00
2407 0.00
2408 0.00
2409 0.00
2410 0.00
2411 0.00
2412 0.00
2413 0.00
2414 0.00
2415 0.00
2416 0.00
2417 0.00
2418 0.00
2419 0.00
2420 0.00
2421 0.00
2422 0.00
2423 0.00
2424 0.00
2425 0.00
2426 0.00
2427 0.00
2428 0.00
2429 0.00
2430 0.00
2431 0.00
2432 0.00
2433 0.00
2434 0.00
2435 0.00
2436 0.00
2437 0.00
2438 0.00
2439 0.00
2440 0.00
2441 0.00
2442 0.00
2443 0.00
2444 0.00
2445 0.00
2446 0.00
2447 0.00
2448 0.00
2449 0.00
2450 0.00
2451 0.00
2452 0.00
2453 0.00
2454 0.00
2455 0.00
2456 0.00
2457 0.00
2458 0.00
2459 0.00
2460 0.00
2461 0.00
2462 0.00
2463 0.00
2464 0.00
2465 0.00
2466 0.00
2467 0.00
2468 0.00
2469 0.00
2470 0.00
2471 0.00
2472 0.00
2473 0.00
2474 0.00
2475 0.00
2476 0.00
2477 0.00
2478 0.00
2479 0.00
2480 0.00
2481 0.00
2482 0.00
2483 0.00
2484 0.00
2485 0.00
2486 0.00
2487 0.00
2488 0.00
2489 0.00
2490 0.00
2491 0.00
2492 0.00
2493 0.00
2494 0.00
2495 0.00
2496 0.00
2497 0.00
2498 0.00
2499 0.00
2500 0.00
2501 0.00
2502 0.00
2503 0.00
2504 0.00
2505 0.00
2506 0.00
2507 0.00
2508 0.00
2509 0.00
2510 0.00
2511 0.00
2512 0.00
2513 0.00
2514 0.00
2515 0.00
2516 0.00
2517 0.00
2518 0.00
2519 0.00
2520 0.00
2521 0.00
2522 0.00
2523 0.00
2524 0.00
2525 0.00
2526 0.00
2527 0.00
2528 0.00
2529 0.00
2530 0.00
2531 0.00
2532 0.00
2533 0.00
2534 0.00
2535 0.00
2536 0.00
2537 0.00
2538 0.00
2539 0.00
2540 0.00
2541 0.00
2542 0.00
2543 0.00
2544 0.00
2545 0.00
2546 0.00
2547 0.00
2548 0.00
2549 0.00
2550 0.00
2551 0.00
2552 0.00
2553 0.00
2554 0.00
2555 0.00
2556 0.00
2557 0.00
2558 0.00
2559 0.00
2560 0.00
2561 0.00
2562 0.00
2563 0.00
2564 0.00
2565 0.00
2566 0.00
2567 0.00
2568 0.00
2569 0.00
2570 0.00
2571 0.00
2572 0.00
2573 0.00
2574 0.00
2575 0.00
2576 0.00
2577 0.00
2578 0.00
2579 0.00
2580 0.00
2581 0.00
2582 0.00
2583 0.00
2584 0.00
2585 0.00
2586 0.00
2587 0.00
2588 0.00
2589 0.00
2590 0.00
2591 0.00
2592 0.00
2593 0.00
2594 0.00
2595 0.00
2596 0.00
2597 0.00
2598 0.00
2599 0.00
2600 0.00
2601 0.00
2602 0.00
2603 0.00
2604 0.00
2605 0.00
2606 0.00
2607 0.00
2608 0.00
2609 0.00
2610 0.00
2611 0.00
2612 0.00
2613 0.00
2614 0.00
2615 0.00
2616 0.00
2617 0.00
2618 0.00
2619 0.00
2620 0.00
2621 0.00
2622 0.00
2623 0.00
2624 0.00
2625 0.00
2626 0.00
2627 0.00
2628 0.00
2629 0.00
2630 0.00
2631 0.00
2632 0.00
2633 0.00
2634 0.00
2635 0.00
2636 0.00
2637 0.00
2638 0.00
2639 0.00
2640 0.00
2641 0.00
2642 0.00
2643 0.00
2644 0.00
2645 0.00
2646 0.00
2647 0.00
2648 0.00
2649 0.00
2650 0.00
2651 0.00
2652 0.00
2653 0.00
2654 0.00
2655 0.00
2656 0.00
2657 0.00
2658 0.00
2659 0.00
2660 0.00
2661 0.00
2662 0.00
2663 0.00
2664 0.00
2665 0.00
2666 0.00
2667 0.00
2668 0.00
2669 0.00
2670 0.00
2671 0.00
2672 0.00
2673 0.00
2674 0.00
2675 0.00
2676 0.00
2677 0.00
2678 0.00
2679 0.00
2680 0.00
2681 0.00
2682 0.00
2683 0.00
2684 0.00
2685 0.00
2686 0.00
2687 0.00
2688 0.00
2689 0.00
2690 0.00
2691 0.00
2692 0.00
2693 0.00
2694 0.00
2695 0.00
2696 0.00
2697 0.00
2698 0.00
2699 0.00
2700 0.00
2701 0.00
2702 0.00
2703 0.00
2704 0.00
2705 0.00
2706 0.00
2707 0.00
2708 0.00
2709 0.00
2710 0.00
2711 0.00
2712 0.00
2713 0.00
2714 0.00
2715 0.00
2716 0.00
2717 0.00
2718 0.00
2719 0.00
2720 0.00
2721 0.00
2722 0.00
2723 0.00
2724 0.00
2725 0.00
2726 0.00
2727 0.00
2728 0.00
2729 0.00
2730 0.00
2731 0.00
2732 0.00
2733 0.00
2734 0.00
2735 0.00
2736 0.00
2737 0.00
2738 0.00
2739 0.00
2740 0.00
2741 0.00
2742 0.00
2743 0.00
2744 0.00
2745 0.00
2746 0.00
2747 0.00
2748 0.00
2749 0.00
2750 0.00
2751 0.00
2752 0.00
2753 0.00
2754 0.00
2755 0.00
2756 0.00
2757 0.00
2758 0.00
2759 0.00
2760 0.00
2761 0.00
2762 0.00
2763 0.00
2764 0.00
2765 0.00
2766 0.00
2767 0.00
2768 0.00
2769 0.00
2770 0.00
2771 0.00
2772 0.00
2773 0.00
2774 0.00
2775 0.00
2776 0.00
2777 0.00
2778 0.00
2779 0.00
2780 0.00
2781 0.00
2782 0.00
2783 0.00
2784 0.00
2785 0.00
2786 0.00
2787 0.00
2788 0.00
2789 0.00
2790 0.00
2791 0.00
2792 0.00
2793 0.00
2794 0.00
2795 0.00
2796 0.00
2797 0.00
2798 0.00
2799 0.00
2800 0.00
2801 0.00
2802 0.00
2803 0.00
2804 0.00
2805 0.00
2806 0.00
2807 0.00
2808 0.00
2809 0.00
2810 0.00
2811 0.00
2812 0.00
2813 0.00
2814 0.00
2815 0.00
2816 0.00
2817 0.00
2818 0.00
2819 0.00
2820 0.00
2821 0.00
2822 0.00
2823 0.00
2824 0.00
2825 0.00
2826 0.00
2827 0.00
2828 0.00
2829 0.00
2830 0.00
2831 0.00
2832 0.00
2833 0.00
2834 0.00
2835 0.00
2836 0.00
2837 0.00
2838 0.00
2839 0.00
2840 0.00
2841 0.00
2842 0.00
2843 0.00
2844 0.00
2845 0.00
2846 0.00
2847 0.00
2848 0.00
2849 0.00
2850 0.00
2851 0.00
2852 0.00
2853 0.00
2854 0.00
2855 0.00
2856 0.00
2857 0.00
2858 0.00
2859 0.00
2860 0.00
2861 0.00
2862 0.00
2863 0.00
2864 0.00
2865 0.00
2866 0.00
2867 0.00
2868 0.00
2869 0.00
2870 0.00
2871 0.00
2872 0.00
2873 0.00
2874 0.00
2875 0.00
2876 0.00
2877 0.00
2878 0.00
2879 0.00
2880 0.00
2881 0.00
2882 0.00
2883 0.00
2884 0.00
2885 0.00
2886 0.00
2887 0.00
2888 0.00
2889 0.00
2890 0.00
2891 0.00
2892 0.00
2893 0.00
2894 0.00
2895 0.00
2896 0.00
2897 0.00
2898 0.00
2899 0.00
2900 0.00
2901 0.00
2902 0.00
2903 0.00
2904 0.00
2905 0.00
2906 0.00
2907 0.00
2908 0.00
2909 0.00
2910 0.00
2911 0.00
2912 0.00
2913 0.00
2914 0.00
2915 0.00
2916 0.00
2917 0.00
2918 0.00
2919 0.00
2920 0.00
2921 0.00
2922 0.00
2923 0.00
2924 0.00
2925 0.00
2926 0.00
2927 0.00
2928 0.00
2929 0.00
2930 0.00
2931 0.00
2932 0.00
2933 0.00
2934 0.00
2935 0.00
2936 0.00
2937 0.00
2938 0.00
2939 0.00
2940 0.00
2941 0.00
2942 0.00
2943 0.00
2944 0.00
2945 0.00
2946 0.00
2947 0.00
2948 0.00
2949 0.00
2950 0.00
2951 0.00
2952 0.00
2953 0.00
2954 0.00
2955 0.00
2956 0.00
2957 0.00
2958 0.00
2959 0.00
2960 6.49
2961 3.62
2962 1.85
2963 1.91
2964 3.65
2965 2.68
2966 3.39
2967 4.52
2968 6.99
2969 1.79
2970 2.31
2971 3.74
2972 4.79
2973 9.77
2974 0.00
2975 0.00
2976 0.00
2977 0.00
2978 0.00
2979 0.00
2980 0.00
2981 0.00
2982 0.00
2983 0.00
2984 6.07
2985 4.18
2986 1.66
2987 1.90
2988 1.42
2989 0.68
2990 0.67
2991 3.65
2992 2.26
2993 4.39
2994 3.58
2995 2.99
2996 3.64
2997 6.55
2998 0.00
2999 0.00
3000 0.00
3001 0.00
3002 0.00
3003 0.00
3004 0.00
3005 0.00
3006 0.00
3007 0.00
3008 0.00
3009 0.00
3010 0.00
3011 0.00
3012 0.00
3013 0.00
3014 0.00
3015 0.00
3016 0.00
3017 0.00
3018 0.00
3019 0.00
3020 0.00
3021 0.00
3022 0.00
3023 0.00
3024 0.00
3025 0.00
3026 0.00
3027 0.00
3028 0.00
3029 0.00
3030 0.00
3031 0.00
3032 1.37
3033 1.05
3034 1.83
3035 1.89
3036 2.84
3037 3.38
3038 5.44
3039 1.37
3040 2.99
3041 8.74
3042 4.41
3043 5.12
3044 2.23
3045 6.25
3046 0.00
3047 0.00
3048 0.00
3049 0.00
3050 0.00
3051 0.00
3052 0.00
3053 0.00
3054 0.00
3055 0.00
3056 4.01
3057 0.73
3058 2.78
3059 2.36
3060 1.67
3061 2.30
3062 2.56
3063 4.69
3064 3.26
3065 4.81
3066 6.02
3067 2.99
3068 3.60
3069 8.10
3070 0.00
3071 0.00
3072 0.00
3073 0.00
3074 0.00
3075 0.00
3076 0.00
3077 0.00
3078 0.00
3079 0.00
3080 1.78
3081 1.10
3082 3.25
3083 3.19
3084 1.68
3085 2.10
3086 3.71
3087 2.45
3088 3.22
3089 1.85
3090 2.90
3091 2.01
3092 3.91
3093 8.20
3094 0.00
3095 0.00
3096 0.00
3097 0.00
3098 0.00
3099 0.00
3100 0.00
3101 0.00
3102 0.00
3103 0.00
3104 1.25
3105 0.78
3106 2.10
3107 0.90
3108 0.98
3109 2.57
3110 1.72
3111 3.51
3112 3.00
3113 4.30
3114 1.77
3115 2.94
3116 3.35
3117 8.13
3118 0.00
3119 0.00
3120 0.00
3121 0.00
3122 0.00
3123 0.00
3124 0.00
3125 0.00
3126 0.00
3127 0.00
3128 1.00
3129 1.84
3130 1.03
3131 1.19
3132 1.13
3133 1.21
3134 2.76
3135 2.51
3136 3.64
3137 2.74
3138 2.24
3139 2.98
3140 3.54
3141 5.08
3142 0.00
3143 0.00
3144 0.00
3145 0.00
3146 0.00
3147 0.00
3148 0.00
3149 0.00
3150 0.00
3151 0.00
3152 0.32
3153 0.74
3154 0.71
3155 0.96
3156 1.09
3157 2.26
3158 3.68
3159 6.41
3160 2.72
3161 5.43
3162 1.41
3163 0.89
3164 1.39
3165 5.28
3166 0.00
3167 0.00
3168 0.00
3169 0.00
3170 0.00
3171 0.00
3172 0.00
3173 0.00
3174 0.00
3175 0.00
3176 0.00
3177 0.00
3178 0.00
3179 0.00
3180 0.00
3181 0.00
3182 0.00
3183 0.00
3184 0.00
3185 0.00
3186 0.00
3187 0.00
3188 0.00
3189 0.00
3190 0.00
3191 0.00
3192 0.00
3193 0.00
3194 0.00
3195 0.00
3196 0.00
3197 0.00
3198 0.00
3199 0.00
3200 6.23
3201 0.74
3202 4.38
3203 1.65
3204 1.54
3205 3.10
3206 2.48
3207 3.18
3208 5.19
3209 1.82
3210 1.13
3211 1.18
3212 1.26
3213 4.66
3214 0.00
3215 0.00
3216 0.00
3217 0.00
3218 0.00
3219 0.00
3220 0.00
3221 0.00
3222 0.00
3223 0.00
3224 3.64
3225 1.80
3226 1.85
3227 0.84
3228 1.04
3229 1.43
3230 1.31
3231 2.84
3232 1.07
3233 3.48
3234 3.39
3235 1.93
3236 2.33
3237 14.68
3238 0.00
3239 0.00
3240 0.00
3241 0.00
3242 0.00
3243 0.00
3244 0.00
3245 0.00
3246 0.00
3247 0.00
3248 0.73
3249 0.32
3250 1.16
3251 1.24
3252 1.31
3253 1.48
3254 1.11
3255 3.58
3256 5.29
3257 2.64
3258 5.96
3259 2.68
3260 2.87
3261 5.53
3262 0.00
3263 0.00
3264 0.00
3265 0.00
3266 0.00
3267 0.00
3268 0.00
3269 0.00
3270 0.00
3271 0.00
3272 2.04
3273 0.63
3274 0.85
3275 0.63
3276 1.32
3277 1.50
3278 2.06
3279 3.27
3280 5.01
3281 2.40
3282 2.59
3283 11.74
3284 6.29
3285 11.32
3286 0.00
3287 0.00
3288 0.00
3289 0.00
3290 0.00
3291 0.00
3292 0.00
3293 0.00
3294 0.00
3295 0.00
3296 2.96
3297 3.37
3298 1.43
3299 1.00
3300 1.40
3301 1.38
3302 1.59
3303 3.97
3304 3.66
3305 2.25
3306 3.80
3307 3.08
3308 3.68
3309 4.58
3310 0.00
3311 0.00
3312 0.00
3313 0.00
3314 0.00
3315 0.00
3316 0.00
3317 0.00
3318 0.00
3319 0.00
3320 9.40
3321 1.44
3322 0.40
3323 1.31
3324 5.56
3325 1.79
3326 0.90
3327 1.74
3328 1.40
3329 3.67
3330 2.83
3331 1.12
3332 1.58
3333 10.40
3334 0.00
3335 0.00
3336 0.00
3337 0.00
3338 0.00
3339 0.00
3340 0.00
3341 0.00
3342 0.00
3343 0.00
3344 0.00
3345 0.00
3346 0.00
3347 0.00
3348 0.00
3349 0.00
3350 0.00
3351 0.00
3352 0.00
3353 0.00
3354 0.00
3355 0.00
3356 0.00
3357 0.00
3358 0.00
3359 0.00
3360 0.00
3361 0.00
3362 0.00
3363 0.00
3364 0.00
3365 0.00
3366 0.00
3367 0.00
3368 1.72
3369 0.87
3370 5.29
3371 1.73
3372 2.12
3373 1.67
3374 1.90
3375 2.99
3376 3.48
3377 2.34
3378 2.46
3379 3.11
3380 3.80
3381 5.35
3382 0.00
3383 0.00
3384 0.00
3385 0.00
3386 0.00
3387 0.00
3388 0.00
3389 0.00
3390 0.00
3391 0.00
3392 1.27
3393 0.55
3394 1.36
3395 1.42
3396 1.47
3397 1.56
3398 1.67
3399 1.83
3400 4.01
3401 1.41
3402 3.44
3403 2.13
3404 2.77
3405 6.87
3406 0.87
3407 2.43
3408 0.00
3409 0.00
3410 0.00
3411 0.00
3412 0.00
3413 0.00
3414 0.00
3415 0.00
3416 0.39
3417 0.60
3418 0.63
3419 1.17
3420 0.98
3421 1.66
3422 1.41
3423 1.59
3424 1.93
3425 1.34
3426 1.60
3427 1.71
3428 1.68
3429 2.91
3430 1.50
3431 9.25
3432 0.00
3433 0.00
3434 0.00
3435 0.00
3436 0.00
3437 0.00
3438 0.00
3439 0.00
3440 0.27
3441 0.94
3442 1.48
3443 1.94
3444 1.37
3445 1.26
3446 2.10
3447 2.65
3448 1.83
3449 1.40
3450 3.22
3451 2.58
3452 2.63
3453 3.87
3454 1.79
3455 2.81
3456 0.00
3457 0.00
3458 0.00
3459 0.00
3460 0.00
3461 0.00
3462 0.00
3463 0.00
3464 0.25
3465 0.91
3466 0.70
3467 0.85
3468 1.16
3469 1.38
3470 3.14
3471 1.90
3472 3.11
3473 1.18
3474 1.92
3475 0.64
3476 1.42
3477 3.01
3478 2.69
3479 1.98
3480 0.00
3481 0.00
3482 0.00
3483 0.00
3484 0.00
3485 0.00
3486 0.00
3487 0.00
3488 0.41
3489 1.08
3490 1.31
3491 0.79
3492 0.65
3493 0.87
3494 1.68
3495 1.49
3496 1.12
3497 1.07
3498 1.47
3499 1.32
3500 1.71
3501 2.32
3502 1.28
3503 6.05
3504 0.00
3505 0.00
3506 0.00
3507 0.00
3508 0.00
3509 0.00
3510 0.00
3511 0.00
3512 0.11
3513 0.00
3514 0.56
3515 0.38
3516 0.28
3517 0.48
3518 2.38
3519 3.22
3520 1.94
3521 0.49
3522 0.60
3523 0.68
3524 0.00
3525 0.49
3526 0.00
3527 1.05
3528 0.00
3529 0.00
3530 0.00
3531 0.00
3532 0.00
3533 0.00
3534 0.00
3535 0.00
3536 0.33
3537 0.80
3538 0.81
3539 2.22
3540 1.70
3541 2.12
3542 1.82
3543 1.62
3544 2.02
3545 1.71
3546 3.07
3547 2.07
3548 2.48
3549 5.11
3550 1.43
3551 4.67
3552 0.00
3553 0.00
3554 0.00
3555 0.00
3556 0.00
3557 0.00
3558 0.00
3559 0.00
3560 0.26
3561 1.29
3562 2.53
3563 1.49
3564 1.93
3565 1.56
3566 1.78
3567 2.18
3568 2.05
3569 1.85
3570 1.60
3571 1.64
3572 2.15
3573 2.90
3574 1.35
3575 4.20
3576 0.00
3577 0.00
3578 0.00
3579 0.00
3580 0.00
3581 0.00
3582 0.00
3583 0.00
3584 0.35
3585 0.61
3586 0.46
3587 1.34
3588 0.86
3589 1.37
3590 1.47
3591 2.84
3592 1.74
3593 1.29
3594 2.65
3595 1.68
3596 1.48
3597 2.06
3598 0.94
3599 1.86
3600 0.00
3601 0.00
3602 0.00
3603 0.00
3604 0.00
3605 0.00
3606 0.00
3607 0.00
3608 0.27
3609 0.74
3610 0.62
3611 1.15
3612 0.90
3613 1.03
3614 1.69
3615 1.81
3616 2.09
3617 1.74
3618 3.41
3619 2.66
3620 1.13
3621 7.50
3622 0.58
3623 1.02
3624 0.00
3625 0.00
3626 0.00
3627 0.00
3628 0.00
3629 0.00
3630 0.00
3631 0.00
3632 0.23
3633 1.17
3634 0.60
3635 2.03
3636 1.03
3637 1.71
3638 1.98
3639 1.30
3640 2.75
3641 1.33
3642 1.55
3643 0.81
3644 1.39
3645 4.22
3646 0.53
3647 0.00
3648 0.00
3649 0.00
3650 0.00
3651 0.00
3652 0.00
3653 0.00
3654 0.00
3655 0.00
3656 0.41
3657 0.76
3658 0.87
3659 1.03
3660 1.01
3661 0.74
3662 1.11
3663 1.30
3664 1.10
3665 1.45
3666 1.01
3667 1.25
3668 1.96
3669 1.94
3670 1.48
3671 2.12
3672 0.00
3673 0.00
3674 0.00
3675 0.00
3676 0.00
3677 0.00
3678 0.00
3679 0.00
3680 0.13
3681 0.00
3682 0.39
3683 0.36
3684 1.42
3685 2.94
3686 0.54
3687 0.39
3688 3.08
3689 1.25
3690 1.24
3691 2.03
3692 0.64
3693 1.38
3694 1.08
3695 1.29
3696 0.00
3697 0.00
3698 0.00
3699 0.00
3700 0.00
3701 0.00
3702 0.00
3703 0.00
3704 0.22
3705 0.86
3706 1.29
3707 1.09
3708 1.53
3709 2.10
3710 1.35
3711 2.18
3712 2.79
3713 1.76
3714 1.98
3715 1.43
3716 1.49
3717 7.38
3718 2.96
3719 2.09
3720 0.00
3721 0.00
3722 0.00
3723 0.00
3724 0.00
3725 0.00
3726 0.00
3727 0.00
3728 0.17
3729 0.45
3730 0.77
3731 1.06
3732 1.73
3733 1.52
3734 2.03
3735 2.72
3736 1.50
3737 1.96
3738 2.66
3739 1.38
3740 3.36
3741 2.58
3742 0.61
3743 0.00
3744 0.00
3745 0.00
3746 0.00
3747 0.00
3748 0.00
3749 0.00
3750 0.00
3751 0.00
3752 0.24
3753 0.48
3754 0.94
3755 0.88
3756 0.87
3757 1.36
3758 1.41
3759 1.08
3760 3.12
3761 1.79
3762 1.84
3763 3.03
3764 2.72
3765 3.43
3766 0.94
3767 2.25
3768 0.00
3769 0.00
3770 0.00
3771 0.00
3772 0.00
3773 0.00
3774 0.00
3775 0.00
3776 0.28
3777 0.59
3778 0.49
3779 0.74
3780 0.62
3781 1.71
3782 2.25
3783 2.00
3784 1.69
3785 1.60
3786 2.31
3787 2.35
3788 1.73
3789 2.08
3790 1.12
3791 1.31
3792 0.00
3793 0.00
3794 0.00
3795 0.00
3796 0.00
3797 0.00
3798 0.00
3799 0.00
3800 0.31
3801 0.41
3802 1.16
3803 2.09
3804 1.16
3805 1.27
3806 1.71
3807 1.17
3808 2.16
3809 1.11
3810 1.39
3811 1.52
3812 1.40
3813 3.56
3814 2.11
3815 3.02
3816 0.00
3817 0.00
3818 0.00
3819 0.00
3820 0.00
3821 0.00
3822 0.00
3823 0.00
3824 0.24
3825 1.03
3826 0.82
3827 1.83
3828 3.00
3829 0.66
3830 0.67
3831 1.22
3832 1.16
3833 1.06
3834 1.81
3835 1.06
3836 0.64
3837 0.35
3838 0.00
3839 4.43
3840 0.00
3841 0.00
3842 0.00
3843 0.00
3844 0.00
3845 0.00
3846 0.00
3847 0.00
3848 0.13
3849 52.17
3850 0.22
3851 0.97
3852 9.11
3853 0.49
3854 0.34
3855 0.32
3856 3.15
3857 0.83
3858 0.27
3859 0.43
3860 0.90
3861 17.91
3862 1.39
3863 0.00
3864 0.00
3865 0.00
3866 0.00
3867 0.00
3868 0.00
3869 0.00
3870 0.00
3871 0.00
3872 0.13
3873 0.26
3874 1.13
3875 0.32
3876 0.44
3877 0.68
3878 1.24
3879 1.33
3880 3.18
3881 2.46
3882 1.30
3883 2.25
3884 1.46
3885 0.60
3886 0.00
3887 1.72
3888 0.00
3889 0.00
3890 0.00
3891 0.00
3892 0.00
3893 0.00
3894 0.00
3895 0.00
3896 0.25
3897 0.92
3898 2.60
3899 1.31
3900 1.95
3901 2.28
3902 1.85
3903 2.47
3904 2.89
3905 1.63
3906 1.84
3907 2.40
3908 1.56
3909 2.73
3910 0.87
3911 0.00
3912 0.00
3913 0.00
3914 0.00
3915 0.00
3916 0.00
3917 0.00
3918 0.00
3919 0.00
3920 0.26
3921 0.54
3922 1.10
3923 0.92
3924 1.28
3925 1.47
3926 1.61
3927 1.16
3928 2.40
3929 1.70
3930 2.43
3931 1.62
3932 1.36
3933 6.21
3934 0.93
3935 1.20
3936 0.00
3937 0.00
3938 0.00
3939 0.00
3940 0.00
3941 0.00
3942 0.00
3943 0.00
3944 0.34
3945 0.45
3946 0.90
3947 1.05
3948 1.02
3949 1.57
3950 1.78
3951 1.50
3952 1.53
3953 1.62
3954 3.71
3955 2.15
3956 2.24
3957 1.02
3958 1.04
3959 2.06
3960 0.00
3961 0.00
3962 0.00
3963 0.00
3964 0.00
3965 0.00
3966 0.00
3967 0.00
3968 0.21
3969 0.80
3970 0.67
3971 1.13
3972 1.31
3973 1.60
3974 2.47
3975 2.29
3976 2.73
3977 1.72
3978 2.22
3979 1.83
3980 1.81
3981 1.57
3982 2.08
3983 0.00
3984 0.00
3985 0.00
3986 0.00
3987 0.00
3988 0.00
3989 0.00
3990 0.00
3991 0.00
3992 0.22
3993 1.15
3994 0.86
3995 1.45
3996 0.85
3997 0.73
3998 0.81
3999 1.09
4000 0.78
4001 3.61
4002 1.21
4003 1.40
4004 1.67
4005 3.62
4006 3.59
4007 2.61
4008 0.00
4009 0.00
4010 0.00
4011 0.00
4012 0.00
4013 0.00
4014 0.00
4015 0.00
4016 0.12
4017 2.19
4018 0.75
4019 0.23
4020 6.12
4021 3.31
4022 0.50
4023 2.24
4024 0.81
4025 2.50
4026 0.52
4027 0.71
4028 18.00
4029 0.35
4030 0.00
4031 1.25
4032 0.00
4033 0.00
4034 0.00
4035 0.00
4036 0.00
4037 0.00
4038 0.00
4039 0.00
4040 0.26
4041 0.52
4042 0.82
4043 1.35
4044 1.18
4045 2.97
4046 2.16
4047 3.69
4048 2.85
4049 1.90
4050 2.00
4051 1.51
4052 2.25
4053 5.71
4054 1.00
4055 1.24
4056 0.00
4057 0.00
4058 0.00
4059 0.00
4060 0.00
4061 0.00
4062 0.00
4063 0.00
4064 0.27
4065 0.81
4066 0.81
4067 1.29
4068 1.14
4069 0.98
4070 2.03
4071 1.47
4072 2.98
4073 2.13
4074 2.94
4075 1.61
4076 1.39
4077 1.82
4078 0.98
4079 12.63
4080 0.00
4081 0.00
4082 0.00
4083 0.00
4084 0.00
4085 0.00
4086 0.00
4087 0.00
4088 0.26
4089 0.87
4090 1.23
4091 1.48
4092 0.98
4093 1.23
4094 1.45
4095 1.93
4096 2.75
4097 1.52
4098 2.58
4099 2.04
4100 2.12
4101 1.20
4102 2.46
4103 4.16
4104 0.00
4105 0.00
4106 0.00
4107 0.00
4108 0.00
4109 0.00
4110 0.00
4111 0.00
4112 0.30
4113 1.17
4114 0.68
4115 0.99
4116 2.07
4117 1.85
4118 1.60
4119 1.31
4120 2.36
4121 1.59
4122 1.96
4123 1.02
4124 4.31
4125 2.92
4126 0.58
4127 0.00
4128 0.00
4129 0.00
4130 0.00
4131 0.00
4132 0.00
4133 0.00
4134 0.00
4135 0.00
4136 0.21
4137 0.83
4138 1.59
4139 0.85
4140 1.53
4141 0.96
4142 1.42
4143 2.86
4144 1.63
4145 1.47
4146 1.75
4147 5.67
4148 2.56
4149 7.38
4150 1.23
4151 3.35
4152 0.00
4153 0.00
4154 0.00
4155 0.00
4156 0.00
4157 0.00
4158 0.00
4159 0.00
4160 0.21
4161 1.75
4162 1.12
4163 1.05
4164 2.96
4165 0.94
4166 1.14
4167 0.92
4168 1.14
4169 2.19
4170 1.79
4171 1.76
4172 4.60
4173 1.08
4174 0.87
4175 0.00
4176 0.00
4177 0.00
4178 0.00
4179 0.00
4180 0.00
4181 0.00
4182 0.00
4183 0.00
4184 0.13
4185 0.00
4186 0.45
4187 1.73
4188 0.49
4189 2.49
4190 0.36
4191 0.73
4192 1.28
4193 0.31
4194 0.54
4195 0.51
4196 0.00
4197 0.46
4198 0.00
4199 4.03
4200 0.00
4201 0.00
4202 0.00
4203 0.00
4204 0.00
4205 0.00
4206 0.00
4207 0.00
4208 0.24
4209 0.62
4210 0.73
4211 1.73
4212 2.44
4213 2.40
4214 1.37
4215 3.61
4216 2.42
4217 1.13
4218 1.59
4219 6.33
4220 1.38
4221 3.88
4222 0.71
4223 0.00
4224 0.00
4225 0.00
4226 0.00
4227 0.00
4228 0.00
4229 0.00
4230 0.00
4231 0.00
4232 0.22
4233 0.86
4234 1.37
4235 1.16
4236 1.42
4237 2.05
4238 2.09
4239 1.41
4240 2.04
4241 2.20
4242 1.99
4243 2.84
4244 1.94
4245 2.47
4246 0.54
4247 8.51
4248 0.00
4249 0.00
4250 0.00
4251 0.00
4252 0.00
4253 0.00
4254 0.00
4255 0.00
4256 0.24
4257 0.84
4258 1.28
4259 1.91
4260 1.65
4261 1.80
4262 2.41
4263 1.76
4264 2.70
4265 1.52
4266 4.47
4267 2.55
4268 1.39
4269 2.47
4270 1.28
4271 1.38
4272 0.00
4273 0.00
4274 0.00
4275 0.00
4276 0.00
4277 0.00
4278 0.00
4279 0.00
4280 0.40
4281 1.63
4282 1.09
4283 1.97
4284 1.54
4285 1.57
4286 1.34
4287 2.61
4288 2.45
4289 1.60
4290 2.07
4291 5.33
4292 1.77
4293 1.28
4294 0.89
4295 0.00
4296 0.00
4297 0.00
4298 0.00
4299 0.00
4300 0.00
4301 0.00
4302 0.00
4303 0.00
4304 0.28
4305 0.94
4306 1.55
4307 0.89
4308 2.18
4309 1.96
4310 1.94
4311 2.50
4312 1.52
4313 1.16
4314 1.54
4315 2.13
4316 2.04
4317 1.62
4318 2.14
4319 1.72
4320 0.00
4321 0.00
4322 0.00
4323 0.00
4324 0.00
4325 0.00
4326 0.00
4327 0.00
4328 0.19
4329 4.13
4330 0.96
4331 1.95
4332 0.82
4333 1.43
4334 3.25
4335 1.17
4336 1.57
4337 1.19
4338 1.39
4339 1.10
4340 1.30
4341 0.85
4342 1.18
4343 4.80
4344 0.00
4345 0.00
4346 0.00
4347 0.00
4348 0.00
4349 0.00
4350 0.00
4351 0.00
4352 0.14
4353 0.00
4354 2.55
4355 2.58
4356 0.00
4357 0.99
4358 2.86
4359 1.04
4360 0.47
4361 0.00
4362 0.60
4363 0.37
4364 2.32
4365 3.15
4366 1.10
4367 3.60
4368 0.00
4369 0.00
4370 0.00
4371 0.00
4372 0.00
4373 0.00
4374 0.00
4375 0.00
4376 0.19
4377 0.97
4378 0.66
4379 0.87
4380 2.56
4381 1.73
4382 2.00
4383 1.85
4384 1.90
4385 1.89
4386 2.34
4387 6.57
4388 2.55
4389 3.69
4390 0.81
4391 1.01
4392 0.00
4393 0.00
4394 0.00
4395 0.00
4396 0.00
4397 0.00
4398 0.00
4399 0.00
4400 0.20
4401 0.92
4402 1.53
4403 1.47
4404 1.41
4405 1.93
4406 1.73
4407 1.57
4408 2.03
4409 1.82
4410 1.87
4411 2.18
4412 2.47
4413 1.13
4414 1.37
4415 16.59
4416 0.00
4417 0.00
4418 0.00
4419 0.00
4420 0.00
4421 0.00
4422 0.00
4423 0.00
4424 0.29
4425 0.88
4426 1.93
4427 1.38
4428 0.97
4429 2.61
4430 2.16
4431 1.39
4432 2.21
4433 1.91
4434 2.00
4435 1.21
4436 2.01
4437 9.72
4438 1.98
4439 1.29
4440 0.00
4441 0.00
4442 0.00
4443 0.00
4444 0.00
4445 0.00
4446 0.00
4447 0.00
4448 0.20
4449 1.16
4450 1.53
4451 1.22
4452 1.32
4453 1.96
4454 1.53
4455 2.45
4456 1.77
4457 2.04
4458 1.99
4459 2.28
4460 4.56
4461 2.80
4462 4.35
4463 2.18
4464 0.00
4465 0.00
4466 0.00
4467 0.00
4468 0.00
4469 0.00
4470 0.00
4471 0.00
4472 0.26
4473 0.97
4474 1.19
4475 1.14
4476 0.95
4477 1.73
4478 1.52
4479 1.87
4480 2.86
4481 1.28
4482 3.47
4483 1.51
4484 5.00
4485 5.92
4486 0.70
4487 12.72
4488 0.00
4489 0.00
4490 0.00
4491 0.00
4492 0.00
4493 0.00
4494 0.00
4495 0.00
4496 0.17
4497 0.60
4498 0.63
4499 1.57
4500 0.66
4501 1.19
4502 5.45
4503 2.01
4504 2.22
4505 3.07
4506 1.29
4507 0.96
4508 0.86
4509 1.25
4510 0.96
4511 2.42
4512 0.00
4513 0.00
4514 0.00
4515 0.00
4516 0.00
4517 0.00
4518 0.00
4519 0.00
4520 0.12
4521 2.74
4522 2.26
4523 1.02
4524 2.06
4525 0.79
4526 1.71
4527 0.39
4528 0.56
4529 0.31
4530 4.37
4531 1.50
4532 38.71
4533 2.60
4534 0.99
4535 11.65
4536 0.00
4537 0.00
4538 0.00
4539 0.00
4540 0.00
4541 0.00
4542 0.00
4543 0.00
4544 0.34
4545 1.33
4546 0.67
4547 0.77
4548 1.51
4549 2.12
4550 2.22
4551 2.22
4552 1.40
4553 1.79
4554 2.70
4555 1.82
4556 1.42
4557 2.64
4558 2.25
4559 0.00
4560 0.00
4561 0.00
4562 0.00
4563 0.00
4564 0.00
4565 0.00
4566 0.00
4567 0.00
4568 0.21
4569 2.99
4570 1.03
4571 1.09
4572 0.83
4573 2.04
4574 2.48
4575 1.46
4576 3.53
4577 1.89
4578 2.31
4579 2.11
4580 1.79
4581 1.78
4582 2.17
4583 1.22
4584 0.00
4585 0.00
4586 0.00
4587 0.00
4588 0.00
4589 0.00
4590 0.00
4591 0.00
4592 0.28
4593 0.66
4594 0.81
4595 1.02
4596 1.56
4597 1.97
4598 2.74
4599 1.38
4600 2.29
4601 1.42
4602 1.99
4603 1.95
4604 1.56
4605 1.39
4606 1.50
4607 0.00
4608 0.00
4609 0.00
4610 0.00
4611 0.00
4612 0.00
4613 0.00
4614 0.00
4615 0.00
4616 0.21
4617 0.65
4618 1.11
4619 1.28
4620 1.74
4621 2.48
4622 2.08
4623 2.36
4624 2.54
4625 1.27
4626 1.77
4627 3.13
4628 1.49
4629 13.40
4630 1.12
4631 2.27
4632 0.00
4633 0.00
4634 0.00
4635 0.00
4636 0.00
4637 0.00
4638 0.00
4639 0.00
4640 0.20
4641 0.98
4642 1.25
4643 0.95
4644 1.79
4645 1.34
4646 2.36
4647 2.63
4648 2.77
4649 1.84
4650 1.41
4651 2.32
4652 1.01
4653 6.45
4654 1.75
4655 3.20
4656 0.00
4657 0.00
4658 0.00
4659 0.00
4660 0.00
4661 0.00
4662 0.00
4663 0.00
4664 0.25
4665 0.45
4666 2.45
4667 1.04
4668 1.09
4669 0.98
4670 1.02
4671 1.52
4672 2.67
4673 3.72
4674 1.65
4675 1.81
4676 4.03
4677 2.95
4678 1.11
4679 2.91
4680 0.00
4681 0.00
4682 0.00
4683 0.00
4684 0.00
4685 0.00
4686 0.00
4687 0.00
4688 0.16
4689 0.43
4690 0.10
4691 0.47
4692 0.54
4693 3.52
4694 0.84
4695 0.97
4696 0.80
4697 0.73
4698 0.40
4699 0.83
4700 0.93
4701 0.54
4702 0.60
4703 3.31
4704 0.00
4705 0.00
4706 0.00
4707 0.00
4708 0.00
4709 0.00
4710 0.00
4711 0.00
4712 0.30
4713 0.71
4714 0.71
4715 1.59
4716 1.11
4717 2.45
4718 1.59
4719 3.15
4720 1.53
4721 2.13
4722 4.77
4723 4.86
4724 2.36
4725 7.38
4726 0.80
4727 2.06
4728 0.00
4729 0.00
4730 0.00
4731 0.00
4732 0.00
4733 0.00
4734 0.00
4735 0.00
4736 0.26
4737 0.62
4738 1.21
4739 1.35
4740 1.12
4741 2.01
4742 1.98
4743 2.17
4744 2.69
4745 1.62
4746 2.63
4747 2.37
4748 1.60
4749 3.94
4750 0.92
4751 36.36
4752 0.00
4753 0.00
4754 0.00
4755 0.00
4756 0.00
4757 0.00
4758 0.00
4759 0.00
4760 0.22
4761 1.45
4762 1.34
4763 1.80
4764 2.11
4765 2.04
4766 2.13
4767 2.71
4768 2.08
4769 1.25
4770 1.90
4771 2.79
4772 1.35
4773 5.47
4774 1.16
4775 1.31
4776 0.00
4777 0.00
4778 0.00
4779 0.00
4780 0.00
4781 0.00
4782 0.00
4783 0.00
4784 0.31
4785 0.70
4786 0.74
4787 1.82
4788 0.91
4789 2.42
4790 1.97
4791 1.93
4792 2.17
4793 1.19
4794 2.33
4795 3.11
4796 3.67
4797 1.80
4798 1.05
4799 1.92
4800 0.00
4801 0.00
4802 0.00
4803 0.00
4804 0.00
4805 0.00
4806 0.00
4807 0.00
4808 0.18
4809 1.62
4810 1.16
4811 2.34
4812 1.37
4813 1.35
4814 1.97
4815 2.46
4816 1.95
4817 1.18
4818 1.68
4819 1.33
4820 1.16
4821 1.94
4822 1.26
4823 1.85
4824 0.00
4825 0.00
4826 0.00
4827 0.00
4828 0.00
4829 0.00
4830 0.00
4831 0.00
4832 0.17
4833 1.17
4834 2.85
4835 0.81
4836 2.33
4837 1.81
4838 2.92
4839 1.37
4840 3.42
4841 1.03
4842 1.76
4843 0.83
4844 1.15
4845 0.00
4846 1.44
4847 2.61
4848 0.00
4849 0.00
4850 0.00
4851 0.00
4852 0.00
4853 0.00
4854 0.00
4855 0.00
4856 0.17
4857 0.39
4858 4.23
4859 1.18
4860 2.23
4861 2.23
4862 1.50
4863 1.83
4864 1.23
4865 2.65
4866 1.08
4867 0.68
4868 0.77
4869 2.09
4870 33.49
4871 2.09
4872 0.00
4873 0.00
4874 0.00
4875 0.00
4876 0.00
4877 0.00
4878 0.00
4879 0.00
4880 0.28
4881 0.83
4882 1.66
4883 0.99
4884 1.61
4885 2.08
4886 3.72
4887 2.35
4888 1.55
4889 1.49
4890 1.55
4891 1.96
4892 1.26
4893 3.40
4894 1.62
4895 2.93
4896 0.00
4897 0.00
4898 0.00
4899 0.00
4900 0.00
4901 0.00
4902 0.00
4903 0.00
4904 0.24
4905 1.35
4906 2.93
4907 1.43
4908 1.34
4909 2.37
4910 1.49
4911 2.90
4912 1.75
4913 1.65
4914 1.26
4915 1.49
4916 1.49
4917 3.69
4918 0.75
4919 2.20
4920 0.00
4921 0.00
4922 0.00
4923 0.00
4924 0.00
4925 0.00
4926 0.00
4927 0.00
4928 0.30
4929 1.19
4930 1.64
4931 2.59
4932 1.14
4933 2.12
4934 2.07
4935 2.63
4936 2.17
4937 1.66
4938 2.32
4939 1.19
4940 1.54
4941 1.37
4942 1.87
4943 2.06
4944 0.00
4945 0.00
4946 0.00
4947 0.00
4948 0.00
4949 0.00
4950 0.00
4951 0.00
4952 0.31
4953 1.11
4954 0.81
4955 1.40
4956 1.58
4957 1.25
4958 2.18
4959 1.97
4960 3.27
4961 1.28
4962 2.24
4963 1.34
4964 1.76
4965 1.76
4966 0.74
4967 9.82
4968 0.00
4969 0.00
4970 0.00
4971 0.00
4972 0.00
4973 0.00
4974 0.00
4975 0.00
4976 0.23
4977 0.79
4978 1.29
4979 0.73
4980 1.15
4981 1.52
4982 2.04
4983 1.42
4984 1.58
4985 1.43
4986 1.07
4987 1.11
4988 0.98
4989 1.44
4990 0.68
4991 4.03
4992 0.00
4993 0.00
4994 0.00
4995 0.00
4996 0.00
4997 0.00
4998 0.00
4999 0.00
5000 0.21
5001 0.63
5002 1.14
5003 0.84
5004 1.31
5005 0.77
5006 1.59
5007 1.46
5008 2.10
5009 4.76
5010 1.03
5011 1.96
5012 1.31
5013 2.00
5014 1.66
5015 7.21
5016 0.00
5017 0.00
5018 0.00
5019 0.00
5020 0.00
5021 0.00
5022 0.00
5023 0.00
5024 0.12
5025 1.90
5026 0.11
5027 22.64
5028 1.37
5029 2.62
5030 1.12
5031 1.07
5032 2.25
5033 1.26
5034 2.37
5035 0.29
5036 0.85
5037 0.54
5038 2.32
5039 1.24
5040 0.00
5041 0.00
5042 0.00
5043 0.00
5044 0.00
5045 0.00
5046 0.00
5047 0.00
5048 0.23
5049 1.04
5050 1.94
5051 0.98
5052 1.66
5053 1.80
5054 1.84
5055 3.03
5056 2.16
5057 1.91
5058 1.57
5059 3.02
5060 1.17
5061 1.95
5062 29.03
5063 1.41
5064 0.00
5065 0.00
5066 0.00
5067 0.00
5068 0.00
5069 0.00
5070 0.00
5071 0.00
5072 0.30
5073 1.50
5074 1.79
5075 1.46
5076 1.36
5077 2.36
5078 2.31
5079 4.25
5080 2.48
5081 1.61
5082 1.22
5083 1.27
5084 1.54
5085 1.57
5086 0.65
5087 1.43
5088 0.00
5089 0.00
5090 0.00
5091 0.00
5092 0.00
5093 0.00
5094 0.00
5095 0.00
5096 0.36
5097 1.56
5098 0.91
5099 1.79
5100 1.13
5101 1.96
5102 1.80
5103 2.27
5104 1.83
5105 1.83
5106 1.27
5107 3.26
5108 1.81
5109 1.95
5110 1.56
5111 1.08
5112 0.00
5113 0.00
5114 0.00
5115 0.00
5116 0.00
5117 0.00
5118 0.00
5119 0.00
5120 0.28
5121 0.51
5122 1.25
5123 0.92
5124 1.38
5125 1.85
5126 1.82
5127 2.08
5128 3.70
5129 1.19
5130 1.38
5131 3.32
5132 1.05
5133 3.42
5134 0.72
5135 4.64
5136 0.00
5137 0.00
5138 0.00
5139 0.00
5140 0.00
5141 0.00
5142 0.00
5143 0.00
5144 0.20
5145 0.83
5146 0.95
5147 1.01
5148 1.43
5149 1.75
5150 1.70
5151 1.86
5152 2.81
5153 2.32
5154 1.61
5155 3.58
5156 1.43
5157 1.84
5158 1.74
5159 3.15
5160 0.00
5161 0.00
5162 0.00
5163 0.00
5164 0.00
5165 0.00
5166 0.00
5167 0.00
5168 0.19
5169 0.80
5170 1.39
5171 1.25
5172 1.26
5173 1.39
5174 1.31
5175 0.95
5176 2.15
5177 1.96
5178 1.33
5179 1.35
5180 1.88
5181 2.44
5182 1.37
5183 3.26
5184 0.00
5185 0.00
5186 0.00
5187 0.00
5188 0.00
5189 0.00
5190 0.00
5191 0.00
5192 0.14
5193 0.00
5194 22.30
5195 1.53
5196 1.29
5197 3.66
5198 1.13
5199 1.52
5200 1.67
5201 0.35
5202 0.42
5203 1.13
5204 1.32
5205 0.81
5206 6.18
5207 1.16
5208 0.00
5209 0.00
5210 0.00
5211 0.00
5212 0.00
5213 0.00
5214 0.00
5215 0.00
5216 0.22
5217 1.82
5218 1.59
5219 1.33
5220 1.25
5221 3.06
5222 2.47
5223 1.86
5224 1.72
5225 1.51
5226 1.12
5227 2.11
5228 1.35
5229 1.65
5230 0.98
5231 1.21
5232 0.00
5233 0.00
5234 0.00
5235 0.00
5236 0.00
5237 0.00
5238 0.00
5239 0.00
5240 0.19
5241 0.83
5242 1.94
5243 1.65
5244 1.62
5245 1.29
5246 3.27
5247 2.06
5248 2.08
5249 1.57
5250 1.82
5251 1.10
5252 1.63
5253 2.59
5254 1.35
5255 19.57
5256 0.00
5257 0.00
5258 0.00
5259 0.00
5260 0.00
5261 0.00
5262 0.00
5263 0.00
5264 0.30
5265 0.80
5266 1.44
5267 1.36
5268 1.31
5269 1.42
5270 3.25
5271 2.61
5272 2.16
5273 1.27
5274 1.39
5275 1.62
5276 1.33
5277 2.37
5278 0.82
5279 2.87
5280 0.00
5281 0.00
5282 0.00
5283 0.00
5284 0.00
5285 0.00
5286 0.00
5287 0.00
5288 0.28
5289 0.91
5290 0.70
5291 1.03
5292 0.86
5293 1.32
5294 1.68
5295 1.77
5296 2.09
5297 1.38
5298 1.58
5299 3.98
5300 1.22
5301 2.77
5302 1.84
5303 5.10
5304 0.00
5305 0.00
5306 0.00
5307 0.00
5308 0.00
5309 0.00
5310 0.00
5311 0.00
5312 0.23
5313 2.30
5314 0.99
5315 1.11
5316 1.22
5317 1.37
5318 2.00
5319 1.04
5320 1.71
5321 1.72
5322 1.29
5323 1.98
5324 2.25
5325 1.81
5326 1.93
5327 2.51
5328 0.00
5329 0.00
5330 0.00
5331 0.00
5332 0.00
5333 0.00
5334 0.00
5335 0.00
5336 0.19
5337 2.17
5338 1.61
5339 0.95
5340 1.32
5341 1.09
5342 2.55
5343 1.41
5344 2.14
5345 2.19
5346 1.53
5347 0.84
5348 1.00
5349 2.28
5350 3.50
5351 3.30
5352 0.00
5353 0.00
5354 0.00
5355 0.00
5356 0.00
5357 0.00
5358 0.00
5359 0.00
5360 0.11
5361 0.27
5362 6.51
5363 5.00
5364 0.90
5365 2.78
5366 1.05
5367 0.67
5368 0.33
5369 0.43
5370 0.25
5371 0.00
5372 1.10
5373 0.53
5374 1.21
5375 0.00
5376 0.00
5377 0.00
5378 0.00
5379 0.00
5380 0.00
5381 0.00
5382 0.00
5383 0.00
5384 0.25
5385 1.45
5386 1.09
5387 1.45
5388 0.88
5389 1.78
5390 2.45
5391 1.56
5392 1.45
5393 1.22
5394 1.12
5395 1.72
5396 1.85
5397 1.87
5398 0.00
5399 0.00
5400 0.00
5401 0.00
5402 0.00
5403 0.00
5404 0.00
5405 0.00
5406 0.00
5407 0.00
5408 0.20
5409 3.99
5410 1.63
5411 1.24
5412 1.06
5413 1.80
5414 2.01
5415 3.10
5416 2.05
5417 1.37
5418 1.51
5419 3.09
5420 1.81
5421 1.99
5422 0.00
5423 2.81
5424 0.00
5425 0.00
5426 0.00
5427 0.00
5428 0.00
5429 0.00
5430 0.00
5431 0.00
5432 0.23
5433 0.76
5434 0.83
5435 1.42
5436 0.91
5437 1.98
5438 2.24
5439 1.59
5440 2.36
5441 1.31
5442 1.22
5443 2.11
5444 1.30
5445 2.63
5446 0.50
5447 0.00
5448 0.00
5449 0.00
5450 0.00
5451 0.00
5452 0.00
5453 0.00
5454 0.00
5455 0.00
5456 0.22
5457 1.46
5458 0.65
5459 1.75
5460 1.06
5461 1.25
5462 1.57
5463 1.97
5464 3.93
5465 1.18
5466 1.91
5467 3.63
5468 1.26
5469 2.73
5470 0.65
5471 5.16
5472 0.00
5473 0.00
5474 0.00
5475 0.00
5476 0.00
5477 0.00
5478 0.00
5479 0.00
5480 0.21
5481 1.68
5482 1.13
5483 1.06
5484 1.14
5485 1.30
5486 2.34
5487 1.57
5488 2.18
5489 1.10
5490 1.04
5491 1.30
5492 1.52
5493 1.33
5494 1.33
5495 6.68
5496 0.00
5497 0.00
5498 0.00
5499 0.00
5500 0.00
5501 0.00
5502 0.00
5503 0.00
5504 0.25
5505 4.09
5506 2.83
5507 2.22
5508 2.17
5509 1.19
5510 0.78
5511 1.07
5512 1.05
5513 2.27
5514 1.53
5515 1.02
5516 1.35
5517 1.04
5518 1.73
5519 1.32
5520 0.00
5521 0.00
5522 0.00
5523 0.00
5524 0.00
5525 0.00
5526 0.00
5527 0.00
5528 0.12
5529 9.26
5530 0.85
5531 0.99
5532 1.45
5533 2.91
5534 0.65
5535 3.47
5536 1.85
5537 0.87
5538 0.31
5539 0.00
5540 0.34
5541 0.72
5542 0.55
5543 4.44
5544 0.00
5545 0.00
5546 0.00
5547 0.00
5548 0.00
5549 0.00
5550 0.00
5551 0.00
5552 0.19
5553 0.85
5554 1.63
5555 1.17
5556 0.94
5557 2.39
5558 1.56
5559 3.49
5560 2.02
5561 1.22
5562 1.61
5563 3.46
5564 1.70
5565 3.73
5566 0.93
5567 0.00
5568 0.00
5569 0.00
5570 0.00
5571 0.00
5572 0.00
5573 0.00
5574 0.00
5575 0.00
5576 0.18
5577 2.89
5578 0.80
5579 1.58
5580 1.10
5581 1.50
5582 2.30
5583 1.64
5584 2.00
5585 1.64
5586 1.81
5587 1.18
5588 2.49
5589 3.03
5590 1.77
5591 8.04
5592 0.00
5593 0.00
5594 0.00
5595 0.00
5596 0.00
5597 0.00
5598 0.00
5599 0.00
5600 0.22
5601 0.83
5602 1.05
5603 1.64
5604 1.54
5605 1.54
5606 2.76
5607 1.71
5608 1.57
5609 1.55
5610 1.11
5611 1.52
5612 1.96
5613 2.36
5614 0.00
5615 0.00
5616 0.00
5617 0.00
5618 0.00
5619 0.00
5620 0.00
5621 0.00
5622 0.00
5623 0.00
5624 0.21
5625 0.74
5626 1.76
5627 1.14
5628 1.68
5629 1.45
5630 1.87
5631 2.06
5632 1.76
5633 0.93
5634 3.37
5635 2.99
5636 1.93
5637 4.44
5638 0.93
5639 2.44
5640 0.00
5641 0.00
5642 0.00
5643 0.00
5644 0.00
5645 0.00
5646 0.00
5647 0.00
5648 0.22
5649 1.61
5650 1.41
5651 2.55
5652 0.96
5653 1.28
5654 1.96
5655 1.80
5656 1.41
5657 1.69
5658 2.11
5659 1.75
5660 2.83
5661 4.32
5662 1.33
5663 2.09
5664 0.00
5665 0.00
5666 0.00
5667 0.00
5668 0.00
5669 0.00
5670 0.00
5671 0.00
5672 0.18
5673 4.29
5674 1.48
5675 1.48
5676 1.60
5677 0.80
5678 1.16
5679 1.10
5680 1.73
5681 1.46
5682 2.45
5683 2.20
5684 1.47
5685 2.49
5686 3.43
5687 1.52
5688 0.00
5689 0.00
5690 0.00
5691 0.00
5692 0.00
5693 0.00
5694 0.00
5695 0.00
5696 0.09
5697 2.39
5698 2.36
5699 0.00
5700 1.43
5701 2.42
5702 0.20
5703 0.00
5704 1.52
5705 1.81
5706 0.50
5707 0.55
5708 0.00
5709 0.54
5710 0.00
5711 0.00
5712 0.00
5713 0.00
5714 0.00
5715 0.00
5716 0.00
5717 0.00
5718 0.00
5719 0.00
5720 0.19
5721 1.48
5722 1.25
5723 1.23
5724 3.20
5725 1.15
5726 1.60
5727 2.12
5728 3.49
5729 1.61
5730 1.93
5731 3.07
5732 1.32
5733 2.79
5734 0.00
5735 1.09
5736 0.00
5737 0.00
5738 0.00
5739 0.00
5740 0.00
5741 0.00
5742 0.00
5743 0.00
5744 0.19
5745 1.34
5746 1.36
5747 1.42
5748 2.43
5749 2.79
5750 2.18
5751 1.86
5752 2.65
5753 1.92
5754 2.12
5755 2.67
5756 3.44
5757 2.04
5758 0.81
5759 0.00
5760 0.00
5761 0.00
5762 0.00
5763 0.00
5764 0.00
5765 0.00
5766 0.00
5767 0.00
5768 0.20
5769 0.92
5770 2.14
5771 1.30
5772 1.86
5773 2.04
5774 1.51
5775 1.62
5776 3.09
5777 1.30
5778 0.93
5779 4.41
5780 2.24
5781 6.67
5782 1.67
5783 1.31
5784 0.00
5785 0.00
5786 0.00
5787 0.00
5788 0.00
5789 0.00
5790 0.00
5791 0.00
5792 0.20
5793 1.11
5794 0.77
5795 0.98
5796 0.95
5797 1.70
5798 2.40
5799 1.38
5800 3.43
5801 1.77
5802 3.78
5803 6.57
5804 1.61
5805 9.40
5806 1.14
5807 1.42
5808 0.00
5809 0.00
5810 0.00
5811 0.00
5812 0.00
5813 0.00
5814 0.00
5815 0.00
5816 0.15
5817 0.84
5818 0.95
5819 1.07
5820 1.21
5821 1.14
5822 1.69
5823 2.09
5824 2.69
5825 1.74
5826 2.09
5827 1.85
5828 2.01
5829 3.88
5830 0.71
5831 0.00
5832 0.00
5833 0.00
5834 0.00
5835 0.00
5836 0.00
5837 0.00
5838 0.00
5839 0.00
5840 0.18
5841 3.19
5842 0.70
5843 1.26
5844 1.61
5845 1.48
5846 4.77
5847 3.92
5848 1.12
5849 1.05
5850 1.22
5851 1.25
5852 1.23
5853 3.59
5854 0.56
5855 1.53
5856 0.00
5857 0.00
5858 0.00
5859 0.00
5860 0.00
5861 0.00
5862 0.00
5863 0.00
5864 0.08
5865 0.00
5866 0.45
5867 0.00
5868 0.46
5869 0.72
5870 1.48
5871 3.60
5872 1.25
5873 0.44
5874 3.13
5875 0.27
5876 3.78
5877 0.73
5878 0.00
5879 0.00
5880 0.00
5881 0.00
5882 0.00
5883 0.00
5884 0.00
5885 0.00
5886 0.00
5887 0.00
5888 0.18
5889 0.83
5890 1.30
5891 1.96
5892 1.23
5893 2.61
5894 1.49
5895 4.24
5896 1.88
5897 1.87
5898 2.26
5899 3.92
5900 2.16
5901 2.83
5902 1.43
5903 1.30
5904 0.00
5905 0.00
5906 0.00
5907 0.00
5908 0.00
5909 0.00
5910 0.00
5911 0.00
5912 0.24
5913 1.30
5914 2.51
5915 1.07
5916 1.05
5917 2.13
5918 2.26
5919 1.68
5920 2.91
5921 1.48
5922 1.55
5923 5.08
5924 2.31
5925 8.66
5926 1.05
5927 6.65
5928 0.00
5929 0.00
5930 0.00
5931 0.00
5932 0.00
5933 0.00
5934 0.00
5935 0.00
5936 0.22
5937 1.26
5938 1.02
5939 0.92
5940 1.06
5941 2.06
5942 2.45
5943 2.55
5944 2.57
5945 0.99
5946 1.67
5947 2.40
5948 1.38
5949 1.94
5950 0.71
5951 2.13
5952 0.00
5953 0.00
5954 0.00
5955 0.00
5956 0.00
5957 0.00
5958 0.00
5959 0.00
5960 0.25
5961 2.04
5962 1.81
5963 1.28
5964 1.21
5965 1.47
5966 1.58
5967 1.47
5968 2.83
5969 1.00
5970 1.55
5971 2.00
5972 3.17
5973 1.68
5974 2.05
5975 8.26
5976 0.00
5977 0.00
5978 0.00
5979 0.00
5980 0.00
5981 0.00
5982 0.00
5983 0.00
5984 0.26
5985 1.59
5986 0.96
5987 1.85
5988 1.52
5989 1.76
5990 1.97
5991 1.37
5992 2.61
5993 1.49
5994 2.25
5995 1.48
5996 4.09
5997 6.69
5998 1.02
5999 1.27
6000 0.00
6001 0.00
6002 0.00
6003 0.00
6004 0.00
6005 0.00
6006 0.00
6007 0.00
6008 0.20
6009 0.77
6010 1.16
6011 1.58
6012 3.15
6013 2.87
6014 1.38
6015 1.07
6016 4.40
6017 1.41
6018 2.33
6019 1.77
6020 2.12
6021 2.78
6022 1.43
6023 5.69
6024 0.00
6025 0.00
6026 0.00
6027 0.00
6028 0.00
6029 0.00
6030 0.00
6031 0.00
6032 0.13
6033 0.00
6034 1.92
6035 0.33
6036 22.04
6037 3.35
6038 1.68
6039 0.78
6040 0.39
6041 0.64
6042 0.27
6043 0.84
6044 0.00
6045 0.00
6046 0.00
6047 0.00
6048 0.00
6049 0.00
6050 0.00
6051 0.00
6052 0.00
6053 0.00
6054 0.00
6055 0.00
6056 0.24
6057 1.41
6058 0.85
6059 1.51
6060 1.23
6061 2.05
6062 1.55
6063 1.46
6064 1.48
6065 2.24
6066 1.66
6067 3.81
6068 1.72
6069 11.58
6070 1.13
6071 4.17
6072 0.00
6073 0.00
6074 0.00
6075 0.00
6076 0.00
6077 0.00
6078 0.00
6079 0.00
6080 0.26
6081 1.26
6082 1.31
6083 1.16
6084 2.33
6085 1.64
6086 2.16
6087 2.88
6088 1.69
6089 1.21
6090 1.95
6091 1.40
6092 1.71
6093 5.76
6094 1.11
6095 1.99
6096 0.00
6097 0.00
6098 0.00
6099 0.00
6100 0.00
6101 0.00
6102 0.00
6103 0.00
6104 0.19
6105 1.63
6106 0.63
6107 1.70
6108 1.53
6109 1.81
6110 1.91
6111 1.83
6112 2.63
6113 1.32
6114 1.85
6115 3.68
6116 1.56
6117 3.36
6118 0.69
6119 0.00
6120 0.00
6121 0.00
6122 0.00
6123 0.00
6124 0.00
6125 0.00
6126 0.00
6127 0.00
6128 0.17
6129 0.67
6130 1.42
6131 1.60
6132 1.51
6133 1.62
6134 1.93
6135 3.84
6136 1.27
6137 1.21
6138 1.80
6139 3.27
6140 2.31
6141 3.55
6142 1.95
6143 1.59
6144 0.00
6145 0.00
6146 0.00
6147 0.00
6148 0.00
6149 0.00
6150 0.00
6151 0.00
6152 0.19
6153 1.11
6154 0.82
6155 1.61
6156 1.24
6157 1.62
6158 2.18
6159 2.63
6160 1.52
6161 1.69
6162 2.23
6163 2.71
6164 2.46
6165 3.44
6166 0.91
6167 2.40
6168 0.00
6169 0.00
6170 0.00
6171 0.00
6172 0.00
6173 0.00
6174 0.00
6175 0.00
6176 0.20
6177 8.68
6178 2.03
6179 1.94
6180 2.34
6181 1.86
6182 1.72
6183 1.50
6184 0.88
6185 1.03
6186 1.04
6187 3.97
6188 1.42
6189 1.41
6190 0.00
6191 0.00
6192 0.00
6193 0.00
6194 0.00
6195 0.00
6196 0.00
6197 0.00
6198 0.00
6199 0.00
6200 0.13
6201 0.00
6202 0.33
6203 0.23
6204 0.15
6205 2.01
6206 0.87
6207 0.68
6208 1.27
6209 0.40
6210 0.22
6211 0.62
6212 0.49
6213 0.49
6214 0.72
6215 0.00
6216 0.00
6217 0.00
6218 0.00
6219 0.00
6220 0.00
6221 0.00
6222 0.00
6223 0.00
6224 0.17
6225 4.84
6226 0.93
6227 1.96
6228 0.73
6229 1.52
6230 1.49
6231 2.03
6232 2.00
6233 1.34
6234 2.16
6235 2.29
6236 1.47
6237 2.52
6238 0.90
6239 10.32
6240 0.00
6241 0.00
6242 0.00
6243 0.00
6244 0.00
6245 0.00
6246 0.00
6247 0.00
6248 0.20
6249 2.57
6250 1.61
6251 2.36
6252 1.16
6253 2.06
6254 2.34
6255 2.60
6256 1.16
6257 2.10
6258 1.35
6259 2.01
6260 4.23
6261 7.08
6262 0.88
6263 0.00
6264 0.00
6265 0.00
6266 0.00
6267 0.00
6268 0.00
6269 0.00
6270 0.00
6271 0.00
6272 0.25
6273 0.70
6274 1.27
6275 1.96
6276 1.20
6277 2.05
6278 2.22
6279 1.17
6280 0.95
6281 0.94
6282 1.72
6283 1.34
6284 2.61
6285 3.20
6286 0.00
6287 5.06
6288 0.00
6289 0.00
6290 0.00
6291 0.00
6292 0.00
6293 0.00
6294 0.00
6295 0.00
6296 0.29
6297 1.33
6298 1.47
6299 0.71
6300 0.99
6301 1.28
6302 1.78
6303 2.35
6304 3.48
6305 1.60
6306 2.82
6307 2.14
6308 2.14
6309 1.91
6310 0.66
6311 0.00
6312 0.00
6313 0.00
6314 0.00
6315 0.00
6316 0.00
6317 0.00
6318 0.00
6319 0.00
6320 0.23
6321 1.42
6322 1.24
6323 2.87
6324 1.47
6325 1.25
6326 1.90
6327 1.29
6328 2.01
6329 2.08
6330 2.84
6331 3.12
6332 3.64
6333 6.62
6334 1.13
6335 3.44
6336 0.00
6337 0.00
6338 0.00
6339 0.00
6340 0.00
6341 0.00
6342 0.00
6343 0.00
6344 0.24
6345 1.85
6346 1.18
6347 1.53
6348 2.39
6349 1.27
6350 1.22
6351 3.87
6352 0.69
6353 0.99
6354 2.25
6355 2.60
6356 2.22
6357 2.24
6358 1.02
6359 5.10
6360 0.00
6361 0.00
6362 0.00
6363 0.00
6364 0.00
6365 0.00
6366 0.00
6367 0.00
6368 0.13
6369 0.00
6370 0.45
6371 0.57
6372 3.73
6373 0.52
6374 2.11
6375 1.99
6376 0.78
6377 1.14
6378 0.31
6379 1.26
6380 0.82
6381 0.90
6382 0.00
6383 1.44
6384 0.00
6385 0.00
6386 0.00
6387 0.00
6388 0.00
6389 0.00
6390 0.00
6391 0.00
6392 0.21
6393 1.46
6394 1.32
6395 2.72
6396 1.49
6397 2.29
6398 2.13
6399 1.77
6400 3.76
6401 2.38
6402 3.82
6403 2.50
6404 1.97
6405 1.82
6406 1.35
6407 1.60
6408 0.00
6409 0.00
6410 0.00
6411 0.00
6412 0.00
6413 0.00
6414 0.00
6415 0.00
6416 0.34
6417 0.98
6418 4.13
6419 2.45
6420 1.57
6421 1.73
6422 2.54
6423 3.10
6424 2.59
6425 2.03
6426 1.46
6427 2.30
6428 2.06
6429 4.06
6430 0.99
6431 1.65
6432 0.00
6433 0.00
6434 0.00
6435 0.00
6436 0.00
6437 0.00
6438 0.00
6439 0.00
6440 0.18
6441 1.89
6442 0.82
6443 1.59
6444 1.19
6445 1.92
6446 1.49
6447 1.81
6448 1.87
6449 1.11
6450 3.65
6451 3.08
6452 3.22
6453 2.69
6454 0.00
6455 24.83
6456 0.00
6457 0.00
6458 0.00
6459 0.00
6460 0.00
6461 0.00
6462 0.00
6463 0.00
6464 0.20
6465 1.47
6466 1.32
6467 1.29
6468 1.35
6469 2.34
6470 2.08
6471 2.64
6472 2.42
6473 1.22
6474 1.33
6475 2.14
6476 1.69
6477 7.09
6478 1.72
6479 1.02
6480 0.00
6481 0.00
6482 0.00
6483 0.00
6484 0.00
6485 0.00
6486 0.00
6487 0.00
6488 0.20
6489 1.11
6490 0.92
6491 1.76
6492 1.87
6493 1.32
6494 1.48
6495 2.74
6496 1.88
6497 2.99
6498 3.54
6499 1.99
6500 3.62
6501 1.95
6502 1.32
6503 2.14
6504 0.00
6505 0.00
6506 0.00
6507 0.00
6508 0.00
6509 0.00
6510 0.00
6511 0.00
6512 0.21
6513 1.50
6514 2.02
6515 1.09
6516 0.85
6517 0.92
6518 0.96
6519 1.49
6520 1.21
6521 1.69
6522 2.40
6523 1.80
6524 1.25
6525 1.36
6526 1.25
6527 2.55
6528 0.00
6529 0.00
6530 0.00
6531 0.00
6532 0.00
6533 0.00
6534 0.00
6535 0.00
6536 0.15
6537 0.00
6538 6.01
6539 4.32
6540 2.48
6541 1.78
6542 0.38
6543 6.26
6544 1.99
6545 1.59
6546 0.45
6547 0.89
6548 4.54
6549 0.47
6550 2.28
6551 2.60
6552 0.00
6553 0.00
6554 0.00
6555 0.00
6556 0.00
6557 0.00
6558 0.00
6559 0.00
6560 0.27
6561 0.00
6562 0.38
6563 0.99
6564 1.20
6565 5.72
6566 0.00
6567 0.00
6568 0.00
6569 0.00
6570 0.00
6571 0.00
6572 0.00
6573 0.00
6574 0.00
6575 0.00
6576 0.00
6577 0.00
6578 0.00
6579 0.00
6580 0.00
6581 0.00
6582 0.00
6583 0.00
6584 0.00
6585 0.00
6586 0.00
6587 0.00
6588 0.00
6589 0.00
6590 0.00
6591 0.00
6592 0.00
6593 0.00
6594 0.00
6595 0.00
6596 0.00
6597 0.00
6598 0.00
6599 0.00
6600 0.00
6601 0.00
6602 0.00
6603 0.00
6604 0.00
6605 0.00
6606 0.00
6607 0.00
6608 0.16
6609 0.11
6610 0.00
6611 1.21
6612 0.21
6613 0.19
6614 0.00
6615 0.27
6616 12.72
6617 0.00
6618 2.68
6619 6.60
6620 0.00
6621 0.00
6622 0.00
6623 0.00
6624 0.00
6625 0.00
6626 0.00
6627 0.00
6628 0.00
6629 0.00
6630 0.00
6631 0.00
6632 0.14
6633 0.10
6634 0.11
6635 0.00
6636 0.14
6637 0.00
6638 0.00
6639 0.00
6640 0.59
6641 0.00
6642 1.27
6643 4.60
6644 0.00
6645 0.00
6646 0.00
6647 0.00
6648 0.00
6649 0.00
6650 0.00
6651 0.00
6652 0.00
6653 0.00
6654 0.00
6655 0.00
6656 0.15
6657 0.17
6658 0.38
6659 0.16
6660 5.73
6661 0.19
6662 43.90
6663 1.03
6664 0.00
6665 0.60
6666 1.93
6667 0.00
6668 0.00
6669 0.00
6670 0.00
6671 0.00
6672 0.00
6673 0.00
6674 0.00
6675 0.00
6676 0.00
6677 0.00
6678 0.00
6679 0.00
6680 0.16
6681 0.16
6682 0.17
6683 0.29
6684 1.00
6685 1.01
6686 0.51
6687 0.00
6688 1.02
6689 2.51
6690 1.65
6691 0.00
6692 0.00
6693 0.00
6694 0.00
6695 0.00
6696 0.00
6697 0.00
6698 0.00
6699 0.00
6700 0.00
6701 0.00
6702 0.00
6703 0.00
6704 0.17
6705 0.12
6706 2.10
6707 0.96
6708 0.26
6709 0.66
6710 0.36
6711 2.62
6712 0.00
6713 1.71
6714 1.12
6715 3.11
6716 0.00
6717 0.00
6718 0.00
6719 0.00
6720 0.00
6721 0.00
6722 0.00
6723 0.00
6724 0.00
6725 0.00
6726 0.00
6727 0.00
6728 0.23
6729 0.00
6730 0.00
6731 0.52
6732 1.40
6733 5.19
6734 0.00
6735 0.00
6736 0.00
6737 0.00
6738 0.00
6739 0.00
6740 0.00
6741 0.00
6742 0.00
6743 0.00
6744 0.00
6745 0.00
6746 0.00
6747 0.00
6748 0.00
6749 0.00
6750 0.00
6751 0.00
6752 0.00
6753 0.00
6754 0.00
6755 0.00
6756 0.00
6757 0.00
6758 0.00
6759 0.00
6760 0.00
6761 0.00
6762 0.00
6763 0.00
6764 0.00
6765 0.00
6766 0.00
6767 0.00
6768 0.00
6769 0.00
6770 0.00
6771 0.00
6772 0.00
6773 0.00
6774 0.00
6775 0.00
6776 0.12
6777 0.00
6778 0.00
6779 0.00
6780 0.00
6781 0.00
6782 26.87
6783 0.34
6784 0.54
6785 0.69
6786 1.51
6787 9.52
6788 0.00
6789 0.00
6790 0.00
6791 0.00
6792 0.00
6793 0.00
6794 0.00
6795 0.00
6796 0.00
6797 0.00
6798 0.00
6799 0.00
6800 0.15
6801 0.00
6802 0.00
6803 0.00
6804 0.33
6805 0.41
6806 0.25
6807 0.00
6808 0.00
6809 0.95
6810 22.50
6811 2.73
6812 0.00
6813 0.00
6814 0.00
6815 0.00
6816 0.00
6817 0.00
6818 0.00
6819 0.00
6820 0.00
6821 0.00
6822 0.00
6823 0.00
6824 0.11
6825 0.00
6826 0.26
6827 0.00
6828 0.14
6829 0.00
6830 0.00
6831 0.00
6832 0.00
6833 0.00
6834 1.72
6835 3.48
6836 0.00
6837 0.00
6838 0.00
6839 0.00
6840 0.00
6841 0.00
6842 0.00
6843 0.00
6844 0.00
6845 0.00
6846 0.00
6847 0.00
6848 0.14
6849 0.00
6850 0.13
6851 0.00
6852 0.00
6853 0.00
6854 0.35
6855 0.00
6856 0.32
6857 1.67
6858 1.32
6859 3.91
6860 0.00
6861 0.00
6862 0.00
6863 0.00
6864 0.00
6865 0.00
6866 0.00
6867 0.00
6868 0.00
6869 0.00
6870 0.00
6871 0.00
6872 0.12
6873 0.00
6874 0.00
6875 0.00
6876 3.72
6877 0.17
6878 0.23
6879 0.00
6880 0.33
6881 0.00
6882 1.00
6883 2.80
6884 0.00
6885 0.00
6886 0.00
6887 0.00
6888 0.00
6889 0.00
6890 0.00
6891 0.00
6892 0.00
6893 0.00
6894 0.00
6895 0.00
6896 0.26
6897 0.00
6898 0.59
6899 0.86
6900 1.38
6901 6.65
6902 0.00
6903 0.00
6904 0.00
6905 0.00
6906 0.00
6907 0.00
6908 0.00
6909 0.00
6910 0.00
6911 0.00
6912 0.00
6913 0.00
6914 0.00
6915 0.00
6916 0.00
6917 0.00
6918 0.00
6919 0.00
6920 0.00
6921 0.00
6922 0.00
6923 0.00
6924 0.00
6925 0.00
6926 0.00
6927 0.00
6928 0.00
6929 0.00
6930 0.00
6931 0.00
6932 0.00
6933 0.00
6934 0.00
6935 0.00
6936 0.00
6937 0.00
6938 0.00
6939 0.00
6940 0.00
6941 0.00
6942 0.00
6943 0.00
6944 0.14
6945 0.11
6946 0.00
6947 0.14
6948 0.00
6949 0.00
6950 0.00
6951 0.74
6952 0.61
6953 0.88
6954 0.85
6955 0.00
6956 0.00
6957 0.00
6958 0.00
6959 0.00
6960 0.00
6961 0.00
6962 0.00
6963 0.00
6964 0.00
6965 0.00
6966 0.00
6967 0.00
6968 0.13
6969 0.00
6970 0.11
6971 0.00
6972 1.28
6973 0.43
6974 0.00
6975 0.00
6976 0.42
6977 0.00
6978 1.14
6979 2.70
6980 0.00
6981 0.00
6982 0.00
6983 0.00
6984 0.00
6985 0.00
6986 0.00
6987 0.00
6988 0.00
6989 0.00
6990 0.00
6991 0.00
6992 0.14
6993 0.13
6994 0.00
6995 0.00
6996 0.00
6997 0.00
6998 0.42
6999 15.45
7000 0.53
7001 0.66
7002 1.01
7003 3.65
7004 0.00
7005 0.00
7006 0.00
7007 0.00
7008 0.00
7009 0.00
7010 0.00
7011 0.00
7012 0.00
7013 0.00
7014 0.00
7015 0.00
7016 0.17
7017 0.45
7018 0.16
7019 0.23
7020 0.27
7021 15.72
7022 1.72
7023 0.33
7024 0.53
7025 0.94
7026 0.97
7027 4.90
7028 0.00
7029 0.00
7030 0.00
7031 0.00
7032 0.00
7033 0.00
7034 0.00
7035 0.00
7036 0.00
7037 0.00
7038 0.00
7039 0.00
7040 0.14
7041 0.10
7042 0.19
7043 0.00
7044 0.00
7045 1.27
7046 0.79
7047 0.00
7048 0.72
7049 0.97
7050 1.04
7051 3.35
7052 0.00
7053 0.00
7054 0.00
7055 0.00
7056 0.00
7057 0.00
7058 0.00
7059 0.00
7060 0.00
7061 0.00
7062 0.00
7063 0.00
7064 0.29
7065 7.58
7066 0.75
7067 1.13
7068 6.61
7069 0.00
7070 0.00
7071 0.00
7072 0.00
7073 0.00
7074 0.00
7075 0.00
7076 0.00
7077 0.00
7078 0.00
7079 0.00
7080 0.00
7081 0.00
7082 0.00
7083 0.00
7084 0.00
7085 0.00
7086 0.00
7087 0.00
7088 0.00
7089 0.00
7090 0.00
7091 0.00
7092 0.00
7093 0.00
7094 0.00
7095 0.00
7096 0.00
7097 0.00
7098 0.00
7099 0.00
7100 0.00
7101 0.00
7102 0.00
7103 0.00
7104 0.00
7105 0.00
7106 0.00
7107 0.00
7108 0.00
7109 0.00
7110 0.00
7111 0.00
7112 0.14
7113 0.14
7114 0.00
7115 0.00
7116 2.63
7117 0.34
7118 0.49
7119 0.00
7120 0.55
7121 0.59
7122 0.76
7123 0.00
7124 0.00
7125 0.00
7126 0.00
7127 0.00
7128 0.00
7129 0.00
7130 0.00
7131 0.00
7132 0.00
7133 0.00
7134 0.00
7135 0.00
7136 0.15
7137 0.18
7138 0.00
7139 0.18
7140 0.00
7141 1.93
7142 0.27
7143 1.15
7144 0.88
7145 0.54
7146 1.42
7147 3.94
7148 0.00
7149 0.00
7150 0.00
7151 0.00
7152 0.00
7153 0.00
7154 0.00
7155 0.00
7156 0.00
7157 0.00
7158 0.00
7159 0.00
7160 0.12
7161 0.17
7162 0.00
7163 0.00
7164 15.79
7165 0.46
7166 0.38
7167 0.00
7168 0.45
7169 1.67
7170 1.27
7171 7.73
7172 0.00
7173 0.00
7174 0.00
7175 0.00
7176 0.00
7177 0.00
7178 0.00
7179 0.00
7180 0.00
7181 0.00
7182 0.00
7183 0.00
7184 0.16
7185 0.33
7186 0.11
7187 0.15
7188 0.00
7189 0.00
7190 0.34
7191 0.45
7192 0.65
7193 0.51
7194 1.56
7195 4.10
7196 0.00
7197 0.00
7198 0.00
7199 0.00
7200 0.00
7201 0.00
7202 0.00
7203 0.00
7204 0.00
7205 0.00
7206 0.00
7207 0.00
7208 0.14
7209 0.11
7210 0.00
7211 0.26
7212 0.00
7213 0.24
7214 0.00
7215 0.75
7216 0.59
7217 0.56
7218 1.57
7219 2.38
7220 0.00
7221 0.00
7222 0.00
7223 0.00
7224 0.00
7225 0.00
7226 0.00
7227 0.00
7228 0.00
7229 0.00
7230 0.00
7231 0.00
7232 0.23
7233 0.85
7234 0.40
7235 0.44
7236 1.90
7237 2.71
7238 0.00
7239 0.00
7240 0.00
7241 0.00
7242 0.00
7243 0.00
7244 0.00
7245 0.00
7246 0.00
7247 0.00
7248 0.00
7249 0.00
7250 0.00
7251 0.00
7252 0.00
7253 0.00
7254 0.00
7255 0.00
7256 0.00
7257 0.00
7258 0.00
7259 0.00
7260 0.00
7261 0.00
7262 0.00
7263 0.00
7264 0.00
7265 0.00
7266 0.00
7267 0.00
7268 0.00
7269 0.00
7270 0.00
7271 0.00
7272 0.00
7273 0.00
7274 0.00
7275 0.00
7276 0.00
7277 0.00
7278 0.00
7279 0.00
7280 0.19
7281 0.47
7282 0.17
7283 0.70
7284 5.17
7285 1.02
7286 0.00
7287 44.17
7288 0.71
7289 1.21
7290 2.18
7291 2.52
7292 0.00
7293 0.00
7294 0.00
7295 0.00
7296 0.00
7297 0.00
7298 0.00
7299 0.00
7300 0.00
7301 0.00
7302 0.00
7303 0.00
7304 0.14
7305 0.25
7306 0.12
7307 0.62
7308 0.15
7309 0.21
7310 0.71
7311 0.27
7312 0.00
7313 9.65
7314 1.20
7315 0.00
7316 0.00
7317 0.00
7318 0.00
7319 0.00
7320 0.00
7321 0.00
7322 0.00
7323 0.00
7324 0.00
7325 0.00
7326 0.00
7327 0.00
7328 0.16
7329 0.13
7330 0.11
7331 0.00
7332 3.32
7333 1.40
7334 0.40
7335 0.49
7336 0.00
7337 0.65
7338 1.02
7339 3.45
7340 0.00
7341 0.00
7342 0.00
7343 0.00
7344 0.00
7345 0.00
7346 0.00
7347 0.00
7348 0.00
7349 0.00
7350 0.00
7351 0.00
7352 0.15
7353 0.28
7354 0.16
7355 0.27
7356 0.00
7357 0.00
7358 0.29
7359 0.00
7360 1.93
7361 0.85
7362 1.49
7363 2.04
7364 0.00
7365 0.00
7366 0.00
7367 0.00
7368 0.00
7369 0.00
7370 0.00
7371 0.00
7372 0.00
7373 0.00
7374 0.00
7375 0.00
7376 0.13
7377 0.18
7378 0.00
7379 0.00
7380 1.00
7381 0.32
7382 1.95
7383 0.56
7384 0.00
7385 0.74
7386 1.00
7387 6.97
7388 0.00
7389 0.00
7390 0.00
7391 0.00
7392 0.00
7393 0.00
7394 0.00
7395 0.00
7396 0.00
7397 0.00
7398 0.00
7399 0.00
7400 0.26
7401 0.46
7402 0.29
7403 0.75
7404 1.40
7405 4.63
7406 0.00
7407 0.00
7408 0.00
7409 0.00
7410 0.00
7411 0.00
7412 0.00
7413 0.00
7414 0.00
7415 0.00
7416 0.00
7417 0.00
7418 0.00
7419 0.00
7420 0.00
7421 0.00
7422 0.00
7423 0.00
7424 0.00
7425 0.00
7426 0.00
7427 0.00
7428 0.00
7429 0.00
7430 0.00
7431 0.00
7432 0.00
7433 0.00
7434 0.00
7435 0.00
7436 0.00
7437 0.00
7438 0.00
7439 0.00
7440 0.00
7441 0.00
7442 0.00
7443 0.00
7444 0.00
7445 0.00
7446 0.00
7447 0.00
7448 0.13
7449 1.25
7450 0.16
7451 0.62
7452 0.00
7453 0.18
7454 0.00
7455 0.49
7456 0.00
7457 0.86
7458 5.95
7459 9.04
7460 0.00
7461 0.00
7462 0.00
7463 0.00
7464 0.00
7465 0.00
7466 0.00
7467 0.00
7468 0.00
7469 0.00
7470 0.00
7471 0.00
7472 0.15
7473 0.16
7474 0.00
7475 0.62
7476 0.00
7477 0.00
7478 0.18
7479 0.40
7480 0.58
7481 0.57
7482 1.02
7483 0.00
7484 0.00
7485 0.00
7486 0.00
7487 0.00
7488 0.00
7489 0.00
7490 0.00
7491 0.00
7492 0.00
7493 0.00
7494 0.00
7495 0.00
7496 0.17
7497 0.12
7498 0.15
7499 0.40
7500 0.00
7501 0.98
7502 0.56
7503 0.28
7504 5.36
7505 0.58
7506 1.67
7507 9.51
7508 0.00
7509 0.00
7510 0.00
7511 0.00
7512 0.00
7513 0.00
7514 0.00
7515 0.00
7516 0.00
7517 0.00
7518 0.00
7519 0.00
7520 0.15
7521 0.12
7522 0.00
7523 0.00
7524 0.00
7525 0.00
7526 0.92
7527 0.00
7528 0.64
7529 1.37
7530 1.61
7531 3.63
7532 0.00
7533 0.00
7534 0.00
7535 0.00
7536 0.00
7537 0.00
7538 0.00
7539 0.00
7540 0.00
7541 0.00
7542 0.00
7543 0.00
7544 0.16
7545 0.13
7546 0.00
7547 0.15
7548 0.00
7549 0.18
7550 0.39
7551 0.49
7552 1.33
7553 1.04
7554 2.70
7555 2.70
7556 0.00
7557 0.00
7558 0.00
7559 0.00
7560 0.00
7561 0.00
7562 0.00
7563 0.00
7564 0.00
7565 0.00
7566 0.00
7567 0.00
7568 0.24
7569 0.00
7570 0.48
7571 0.53
7572 1.37
7573 2.01
7574 0.00
7575 0.00
7576 0.00
7577 0.00
7578 0.00
7579 0.00
7580 0.00
7581 0.00
7582 0.00
7583 0.00
7584 0.00
7585 0.00
7586 0.00
7587 0.00
7588 0.00
7589 0.00
7590 0.00
7591 0.00
7592 0.00
7593 0.00
7594 0.00
7595 0.00
7596 0.00
7597 0.00
7598 0.00
7599 0.00
7600 0.00
7601 0.00
7602 0.00
7603 0.00
7604 0.00
7605 0.00
7606 0.00
7607 0.00
7608 0.00
7609 0.00
7610 0.00
7611 0.00
7612 0.00
7613 0.00
7614 0.00
7615 0.00
7616 0.19
7617 0.12
7618 0.00
7619 0.64
7620 1.82
7621 0.85
7622 0.28
7623 2.26
7624 0.00
7625 0.45
7626 1.30
7627 2.47
7628 0.00
7629 0.00
7630 0.00
7631 0.00
7632 0.00
7633 0.00
7634 0.00
7635 0.00
7636 0.00
7637 0.00
7638 0.00
7639 0.00
7640 0.15
7641 0.00
7642 0.13
7643 0.00
7644 0.00
7645 1.66
7646 0.25
7647 0.42
7648 0.30
7649 0.56
7650 0.95
7651 0.00
7652 0.00
7653 0.00
7654 0.00
7655 0.00
7656 0.00
7657 0.00
7658 0.00
7659 0.00
7660 0.00
7661 0.00
7662 0.00
7663 0.00
7664 0.13
7665 0.12
7666 0.00
7667 0.00
7668 0.15
7669 0.00
7670 0.00
7671 0.52
7672 0.87
7673 0.75
7674 1.48
7675 0.00
7676 0.00
7677 0.00
7678 0.00
7679 0.00
7680 0.00
7681 0.00
7682 0.00
7683 0.00
7684 0.00
7685 0.00
7686 0.00
7687 0.00
7688 0.14
7689 0.00
7690 0.23
7691 20.93
7692 0.26
7693 0.35
7694 0.25
7695 0.33
7696 0.83
7697 0.57
7698 0.90
7699 0.00
7700 0.00
7701 0.00
7702 0.00
7703 0.00
7704 0.00
7705 0.00
7706 0.00
7707 0.00
7708 0.00
7709 0.00
7710 0.00
7711 0.00
7712 0.16
7713 0.17
7714 0.00
7715 0.00
7716 1.72
7717 0.54
7718 0.30
7719 0.40
7720 0.41
7721 0.00
7722 1.45
7723 0.00
7724 0.00
7725 0.00
7726 0.00
7727 0.00
7728 0.00
7729 0.00
7730 0.00
7731 0.00
7732 0.00
7733 0.00
7734 0.00
7735 0.00
7736 0.27
7737 0.00
7738 0.00
7739 1.29
7740 1.59
7741 0.00
7742 0.00
7743 0.00
7744 0.00
7745 0.00
7746 0.00
7747 0.00
7748 0.00
7749 0.00
7750 0.00
7751 0.00
7752 0.00
7753 0.00
7754 0.00
7755 0.00
7756 0.00
7757 0.00
7758 0.00
7759 0.00
7760 0.00
7761 0.00
7762 0.00
7763 0.00
7764 0.00
7765 0.00
7766 0.00
7767 0.00
7768 0.00
7769 0.00
7770 0.00
7771 0.00
7772 0.00
7773 0.00
7774 0.00
7775 0.00
7776 0.00
7777 0.00
7778 0.00
7779 0.00
7780 0.00
7781 0.00
7782 0.00
7783 0.00
7784 0.32
7785 0.12
7786 0.28
7787 0.20
7788 2.42
7789 0.31
7790 0.70
7791 0.59
7792 0.85
7793 0.95
7794 0.93
7795 0.00
7796 0.00
7797 0.00
7798 0.00
7799 0.00
7800 0.00
7801 0.00
7802 0.00
7803 0.00
7804 0.00
7805 0.00
7806 0.00
7807 0.00
7808 0.14
7809 0.16
7810 0.00
7811 0.00
7812 0.00
7813 1.85
7814 3.12
7815 0.53
7816 0.79
7817 0.68
7818 0.00
7819 0.00
7820 0.00
7821 0.00
7822 0.00
7823 0.00
7824 0.00
7825 0.00
7826 0.00
7827 0.00
7828 0.00
7829 0.00
7830 0.00
7831 0.00
7832 0.24
7833 0.20
7834 0.56
7835 0.96
7836 0.16
7837 0.55
7838 0.29
7839 0.26
7840 0.37
7841 0.00
7842 1.45
7843 2.17
7844 0.00
7845 0.00
7846 0.00
7847 0.00
7848 0.00
7849 0.00
7850 0.00
7851 0.00
7852 0.00
7853 0.00
7854 0.00
7855 0.00
7856 0.14
7857 0.12
7858 0.00
7859 0.00
7860 0.39
7861 0.44
7862 0.00
7863 0.42
7864 0.95
7865 3.46
7866 1.78
7867 4.59
7868 0.00
7869 0.00
7870 0.00
7871 0.00
7872 0.00
7873 0.00
7874 0.00
7875 0.00
7876 0.00
7877 0.00
7878 0.00
7879 0.00
7880 0.19
7881 0.00
7882 0.22
7883 0.68
7884 0.00
7885 0.48
7886 0.00
7887 0.00
7888 0.96
7889 1.17
7890 1.34
7891 2.81
7892 0.00
7893 0.00
7894 0.00
7895 0.00
7896 0.00
7897 0.00
7898 0.00
7899 0.00
7900 0.00
7901 0.00
7902 0.00
7903 0.00
7904 0.31
7905 5.19
7906 1.02
7907 0.63
7908 0.84
7909 0.00
7910 0.00
7911 0.00
7912 0.00
7913 0.00
7914 0.00
7915 0.00
7916 0.00
7917 0.00
7918 0.00
7919 0.00
7920 0.00
7921 0.00
7922 0.00
7923 0.00
7924 0.00
7925 0.00
7926 0.00
7927 0.00
7928 0.00
7929 0.00
7930 0.00
7931 0.00
7932 0.00
7933 0.00
7934 0.00
7935 0.00
7936 0.00
7937 0.00
7938 0.00
7939 0.00
7940 0.00
7941 0.00
7942 0.00
7943 0.00
7944 0.00
7945 0.00
7946 0.00
7947 0.00
7948 0.00
7949 0.00
7950 0.00
7951 0.00
7952 0.14
7953 0.11
7954 1.51
7955 0.24
7956 0.00
7957 0.19
7958 3.10
7959 0.47
7960 1.01
7961 0.64
7962 1.25
7963 5.55
7964 0.00
7965 0.00
7966 0.00
7967 0.00
7968 0.00
7969 0.00
7970 0.00
7971 0.00
7972 0.00
7973 0.00
7974 0.00
7975 0.00
7976 0.15
7977 0.00
7978 0.13
7979 0.00
7980 0.00
7981 1.10
7982 0.59
7983 0.00
7984 0.00
7985 0.64
7986 1.12
7987 5.56
7988 0.00
7989 0.00
7990 0.00
7991 0.00
7992 0.00
7993 0.00
7994 0.00
7995 0.00
7996 0.00
7997 0.00
7998 0.00
7999 0.00
8000 0.14
8001 0.10
8002 0.00
8003 1.24
8004 0.46
8005 0.00
8006 0.62
8007 0.53
8008 4.68
8009 1.90
8010 1.27
8011 3.64
8012 0.00
8013 0.00
8014 0.00
8015 0.00
8016 0.00
8017 0.00
8018 0.00
8019 0.00
8020 0.00
8021 0.00
8022 0.00
8023 0.00
8024 0.12
8025 0.10
8026 0.00
8027 0.23
8028 0.17
8029 0.00
8030 0.00
8031 0.00
8032 0.56
8033 0.65
8034 0.00
8035 6.16
8036 0.00
8037 0.00
8038 0.00
8039 0.00
8040 0.00
8041 0.00
8042 0.00
8043 0.00
8044 0.00
8045 0.00
8046 0.00
8047 0.00
8048 0.12
8049 0.10
8050 0.00
8051 0.00
8052 0.00
8053 0.00
8054 0.00
8055 0.28
8056 0.00
8057 1.25
8058 1.02
8059 27.07
8060 0.00
8061 0.00
8062 0.00
8063 0.00
8064 0.00
8065 0.00
8066 0.00
8067 0.00
8068 0.00
8069 0.00
8070 0.00
8071 0.00
8072 0.26
8073 0.00
8074 0.00
8075 0.60
8076 0.95
8077 3.10
8078 0.00
8079 0.00
8080 0.00
8081 0.00
8082 0.00
8083 0.00
8084 0.00
8085 0.00
8086 0.00
8087 0.00
8088 0.00
8089 0.00
8090 0.00
8091 0.00
8092 0.00
8093 0.00
8094 0.00
8095 0.00
8096 0.00
8097 0.00
8098 0.00
8099 0.00
8100 0.00
8101 0.00
8102 0.00
8103 0.00
8104 0.00
8105 0.00
8106 0.00
8107 0.00
8108 0.00
8109 0.00
8110 0.00
8111 0.00
8112 0.00
8113 0.00
8114 0.00
8115 0.00
8116 0.00
8117 0.00
8118 0.00
8119 0.00
8120 0.11
8121 0.00
8122 0.00
8123 0.00
8124 0.00
8125 0.00
8126 0.00
8127 2.50
8128 2.46
8129 1.54
8130 1.23
8131 3.53
8132 0.00
8133 0.00
8134 0.00
8135 0.00
8136 0.00
8137 0.00
8138 0.00
8139 0.00
8140 0.00
8141 0.00
8142 0.00
8143 0.00
8144 0.15
8145 0.11
8146 0.48
8147 0.00
8148 1.24
8149 0.43
8150 0.19
8151 0.00
8152 0.79
8153 0.00
8154 0.98
8155 4.88
8156 0.00
8157 0.00
8158 0.00
8159 0.00
8160 0.00
8161 0.00
8162 0.00
8163 0.00
8164 0.00
8165 0.00
8166 0.00
8167 0.00
8168 0.16
8169 0.20
8170 0.20
8171 0.00
8172 0.00
8173 2.91
8174 0.52
8175 0.49
8176 1.85
8177 0.60
8178 0.79
8179 0.00
8180 0.00
8181 0.00
8182 0.00
8183 0.00
8184 0.00
8185 0.00
8186 0.00
8187 0.00
8188 0.00
8189 0.00
8190 0.00
8191 0.00
8192 0.15
8193 0.15
8194 0.00
8195 0.00
8196 0.00
8197 1.08
8198 0.00
8199 0.78
8200 1.00
8201 0.00
8202 1.10
8203 0.00
8204 0.00
8205 0.00
8206 0.00
8207 0.00
8208 0.00
8209 0.00
8210 0.00
8211 0.00
8212 0.00
8213 0.00
8214 0.00
8215 0.00
8216 0.15
8217 0.12
8218 0.00
8219 0.28
8220 0.00
8221 0.34
8222 0.32
8223 0.00
8224 6.96
8225 1.03
8226 0.84
8227 0.00
8228 0.00
8229 0.00
8230 0.00
8231 0.00
8232 0.00
8233 0.00
8234 0.00
8235 0.00
8236 0.00
8237 0.00
8238 0.00
8239 0.00
8240 0.23
8241 0.23
8242 0.00
8243 44.44
8244 0.00
8245 2.61
8246 0.00
8247 0.00
8248 0.00
8249 0.00
8250 0.00
8251 0.00
8252 0.00
8253 0.00
8254 0.00
8255 0.00
8256 0.00
8257 0.00
8258 0.00
8259 0.00
8260 0.00
8261 0.00
8262 0.00
8263 0.00
8264 0.00
8265 0.00
8266 0.00
8267 0.00
8268 0.00
8269 0.00
8270 0.00
8271 0.00
8272 0.00
8273 0.00
8274 0.00
8275 0.00
8276 0.00
8277 0.00
8278 0.00
8279 0.00
8280 0.00
8281 0.00
8282 0.00
8283 0.00
8284 0.00
8285 0.00
8286 0.00
8287 0.00
8288 0.13
8289 0.00
8290 0.19
8291 0.15
8292 0.00
8293 0.00
8294 2.95
8295 0.58
8296 0.91
8297 0.00
8298 0.78
8299 3.73
8300 0.00
8301 0.00
8302 0.00
8303 0.00
8304 0.00
8305 0.00
8306 0.00
8307 0.00
8308 0.00
8309 0.00
8310 0.00
8311 0.00
8312 0.16
8313 0.22
8314 0.14
8315 0.00
8316 0.00
8317 0.00
8318 0.44
8319 1.10
8320 0.44
8321 6.20
8322 1.04
8323 8.82
8324 0.00
8325 0.00
8326 0.00
8327 0.00
8328 0.00
8329 0.00
8330 0.00
8331 0.00
8332 0.00
8333 0.00
8334 0.00
8335 0.00
8336 0.16
8337 0.11
8338 0.00
8339 0.68
8340 0.30
8341 0.19
8342 0.00
8343 0.42
8344 0.34
8345 0.00
8346 2.13
8347 0.00
8348 0.00
8349 0.00
8350 0.00
8351 0.00
8352 0.00
8353 0.00
8354 0.00
8355 0.00
8356 0.00
8357 0.00
8358 0.00
8359 0.00
8360 0.12
8361 0.00
8362 0.00
8363 0.00
8364 0.00
8365 0.00
8366 0.00
8367 0.56
8368 0.00
8369 0.45
8370 1.69
8371 0.00
8372 0.00
8373 0.00
8374 0.00
8375 0.00
8376 0.00
8377 0.00
8378 0.00
8379 0.00
8380 0.00
8381 0.00
8382 0.00
8383 0.00
8384 0.11
8385 0.39
8386 0.00
8387 0.00
8388 0.00
8389 0.33
8390 0.00
8391 0.00
8392 4.79
8393 0.00
8394 0.89
8395 2.60
8396 0.00
8397 0.00
8398 0.00
8399 0.00
8400 0.00
8401 0.00
8402 0.00
8403 0.00
8404 0.00
8405 0.00
8406 0.00
8407 0.00
8408 0.22
8409 0.88
8410 0.00
8411 4.50
8412 0.00
8413 0.00
8414 0.00
8415 0.00
8416 0.00
8417 0.00
8418 0.00
8419 0.00
8420 0.00
8421 0.00
8422 0.00
8423 0.00
8424 0.00
8425 0.00
8426 0.00
8427 0.00
8428 0.00
8429 0.00
8430 0.00
8431 0.00
8432 0.00
8433 0.00
8434 0.00
8435 0.00
8436 0.00
8437 0.00
8438 0.00
8439 0.00
8440 0.00
8441 0.00
8442 0.00
8443 0.00
8444 0.00
8445 0.00
8446 0.00
8447 0.00
8448 0.00
8449 0.00
8450 0.00
8451 0.00
8452 0.00
8453 0.00
8454 0.00
8455 0.00
8456 0.12
8457 6.28
8458 1.30
8459 0.00
8460 0.25
8461 0.00
8462 0.29
8463 0.00
8464 0.58
8465 4.20
8466 0.93
8467 2.97
8468 0.00
8469 0.00
8470 0.00
8471 0.00
8472 0.00
8473 0.00
8474 0.00
8475 0.00
8476 0.00
8477 0.00
8478 0.00
8479 0.00
8480 0.18
8481 0.30
8482 0.34
8483 0.00
8484 0.30
8485 0.35
8486 0.47
8487 0.30
8488 0.90
8489 0.00
8490 1.90
8491 0.00
8492 0.00
8493 0.00
8494 0.00
8495 0.00
8496 0.00
8497 0.00
8498 0.00
8499 0.00
8500 0.00
8501 0.00
8502 0.00
8503 0.00
8504 0.13
8505 14.12
8506 0.14
8507 0.00
8508 0.52
8509 0.00
8510 0.00
8511 0.00
8512 0.70
8513 0.49
8514 1.36
8515 7.98
8516 0.00
8517 0.00
8518 0.00
8519 0.00
8520 0.00
8521 0.00
8522 0.00
8523 0.00
8524 0.00
8525 0.00
8526 0.00
8527 0.00
8528 0.12
8529 0.11
8530 0.00
8531 0.00
8532 0.00
8533 0.00
8534 0.00
8535 0.00
8536 0.00
8537 0.53
8538 1.11
8539 0.00
8540 0.00
8541 0.00
8542 0.00
8543 0.00
8544 0.00
8545 0.00
8546 0.00
8547 0.00
8548 0.00
8549 0.00
8550 0.00
8551 0.00
8552 0.31
8553 0.25
8554 0.26
8555 0.00
8556 9.16
8557 0.28
8558 0.19
8559 0.27
8560 0.38
8561 0.00
8562 0.95
8563 6.75
8564 0.00
8565 0.00
8566 0.00
8567 0.00
8568 0.00
8569 0.00
8570 0.00
8571 0.00
8572 0.00
8573 0.00
8574 0.00
8575 0.00
8576 0.35
8577 3.32
8578 0.72
8579 0.00
8580 1.68
8581 2.54
8582 0.00
8583 0.00
8584 0.00
8585 0.00
8586 0.00
8587 0.00
8588 0.00
8589 0.00
8590 0.00
8591 0.00
8592 0.00
8593 0.00
8594 0.00
8595 0.00
8596 0.00
8597 0.00
8598 0.00
8599 0.00
8600 0.00
8601 0.00
8602 0.00
8603 0.00
8604 0.00
8605 0.00
8606 0.00
8607 0.00
8608 0.00
8609 0.00
8610 0.00
8611 0.00
8612 0.00
8613 0.00
8614 0.00
8615 0.00
8616 0.00
8617 0.00
8618 0.00
8619 0.00
8620 0.00
8621 0.00
8622 0.00
8623 0.00
8624 0.10
8625 0.00
8626 0.11
8627 0.00
8628 0.40
8629 0.00
8630 0.00
8631 0.24
8632 0.36
8633 0.00
8634 0.00
8635 0.00
8636 0.00
8637 0.00
8638 0.00
8639 0.00
8640 0.00
8641 0.00
8642 0.00
8643 0.00
8644 0.00
8645 0.00
8646 0.00
8647 0.00
8648 0.10
8649 0.00
8650 0.00
8651 0.00
8652 0.19
8653 0.00
8654 0.00
8655 0.00
8656 0.00
8657 0.00
8658 1.15
8659 0.00
8660 0.00
8661 0.00
8662 0.00
8663 0.00
8664 0.00
8665 0.00
8666 0.00
8667 0.00
8668 0.00
8669 0.00
8670 0.00
8671 0.00
8672 0.11
8673 0.10
8674 0.00
8675 0.00
8676 0.00
8677 0.49
8678 0.00
8679 0.00
8680 0.00
8681 0.00
8682 3.32
8683 0.00
8684 0.00
8685 0.00
8686 0.00
8687 0.00
8688 0.00
8689 0.00
8690 0.00
8691 0.00
8692 0.00
8693 0.00
8694 0.00
8695 0.00
8696 0.11
8697 0.00
8698 0.00
8699 1.02
8700 0.00
8701 26.28
8702 1.60
8703 0.00
8704 0.00
8705 0.00
8706 0.00
8707 3.71
8708 0.00
8709 0.00
8710 0.00
8711 0.00
8712 0.00
8713 0.00
8714 0.00
8715 0.00
8716 0.00
8717 0.00
8718 0.00
8719 0.00
8720 0.13
8721 0.00
8722 0.11
8723 23.84
8724 0.24
8725 1.59
8726 0.00
8727 0.85
8728 0.00
8729 0.42
8730 0.00
8731 0.00
8732 0.00
8733 0.00
8734 0.00
8735 0.00
8736 0.00
8737 0.00
8738 0.00
8739 0.00
8740 0.00
8741 0.00
8742 0.00
8743 0.00
8744 0.24
8745 0.00
8746 0.00
8747 0.00
8748 0.00
8749 2.57
8750 0.00
8751 0.00
8752 0.00
8753 0.00
8754 0.00
8755 0.00
8756 0.00
8757 0.00
8758 0.00
8759 0.00
8760 0.00
