1 0.35
2 33.96
3 6.51
4 0.00
5 7.48
6 1.70
7 9.38
8 0.49
9 1.00
10 1.04
11 0.94
12 1.25
13 1.58
14 1.17
15 0.89
16 1.14
17 1.49
18 1.56
19 3.37
20 0.00
21 12.61
22 52.17
23 10.91
24 0.00
25 4.28
26 0.00
27 0.00
28 0.00
29 0.00
30 6.53
31 10.47
32 0.31
33 0.53
34 1.10
35 0.82
36 0.93
37 0.86
38 1.03
39 0.86
40 1.21
41 1.75
42 1.49
43 2.06
44 3.16
45 15.47
46 13.64
47 10.27
48 19.46
49 5.70
50 0.00
51 0.00
52 2.09
53 6.28
54 23.23
55 0.00
56 0.90
57 2.31
58 2.15
59 2.03
60 1.87
61 1.79
62 1.80
63 1.96
64 1.55
65 2.04
66 2.29
67 2.31
68 4.36
69 3.54
70 0.68
71 0.00
72 2.28
73 0.56
74 0.00
75 1.51
76 0.00
77 0.61
78 2.49
79 4.12
80 0.95
81 3.11
82 2.22
83 1.70
84 1.53
85 1.71
86 1.57
87 1.64
88 1.92
89 2.20
90 2.21
91 2.09
92 3.14
93 4.15
94 0.00
95 0.00
96 11.75
97 15.21
98 0.00
99 0.00
100 0.00
101 0.00
102 27.17
103 12.65
104 1.50
105 2.83
106 2.13
107 1.86
108 1.78
109 1.63
110 1.60
111 1.91
112 1.76
113 1.72
114 2.13
115 1.83
116 3.41
117 1.38
118 9.94
119 38.30
120 52.17
121 47.37
122 3.53
123 0.00
124 0.00
125 0.00
126 40.91
127 10.72
128 1.42
129 2.36
130 1.51
131 1.66
132 1.65
133 1.62
134 1.82
135 1.92
136 1.97
137 1.82
138 1.80
139 1.79
140 2.66
141 6.20
142 0.95
143 0.00
144 7.42
145 0.64
146 0.00
147 9.65
148 11.88
149 27.48
150 7.48
151 22.36
152 1.05
153 2.03
154 2.55
155 1.68
156 1.59
157 1.56
158 1.48
159 1.84
160 2.09
161 2.20
162 2.07
163 1.91
164 4.31
165 13.17
166 5.87
167 1.55
168 4.43
169 0.56
170 41.38
171 6.57
172 0.00
173 42.35
174 53.73
175 0.00
176 1.16
177 1.52
178 1.43
179 1.69
180 1.60
181 1.20
182 1.68
183 1.48
184 1.43
185 1.51
186 1.77
187 3.75
188 5.13
189 47.37
190 7.98
191 0.00
192 19.57
193 59.02
194 0.00
195 0.00
196 0.00
197 1.32
198 14.81
199 21.56
200 1.54
201 2.92
202 2.17
203 1.86
204 2.11
205 1.84
206 2.01
207 1.79
208 2.00
209 2.35
210 2.41
211 2.20
212 4.39
213 27.69
214 16.36
215 29.27
216 20.34
217 0.00
218 38.30
219 0.00
220 4.85
221 3.96
222 26.41
223 12.77
224 1.44
225 2.27
226 1.45
227 2.11
228 2.14
229 1.66
230 1.62
231 1.90
232 1.89
233 2.24
234 2.45
235 1.96
236 2.53
237 5.15
238 5.65
239 0.00
240 45.57
241 12.41
242 0.00
243 33.33
244 3.08
245 32.73
246 1.12
247 18.93
248 1.27
249 1.48
250 2.15
251 1.95
252 1.71
253 1.83
254 1.57
255 1.79
256 1.95
257 2.25
258 3.24
259 2.10
260 2.59
261 1.87
262 51.43
263 0.00
264 17.91
265 0.76
266 0.00
267 0.00
268 0.00
269 57.14
270 18.44
271 14.48
272 1.71
273 1.82
274 2.26
275 2.31
276 1.93
277 1.60
278 1.69
279 1.83
280 2.14
281 2.15
282 2.09
283 1.87
284 2.66
285 5.68
286 7.28
287 4.05
288 43.90
289 2.58
290 3.81
291 58.06
292 36.36
293 19.25
294 18.15
295 10.36
296 1.23
297 1.75
298 1.63
299 2.02
300 1.70
301 1.80
302 1.79
303 1.85
304 1.80
305 2.14
306 1.88
307 1.58
308 2.52
309 1.65
310 25.85
311 7.57
312 8.46
313 1.41
314 23.53
315 17.73
316 16.40
317 2.32
318 20.11
319 9.53
320 0.69
321 1.89
322 2.58
323 1.72
324 1.64
325 1.55
326 1.38
327 1.68
328 1.70
329 1.59
330 1.83
331 1.71
332 2.57
333 6.92
334 5.34
335 1.83
336 7.05
337 0.91
338 51.43
339 0.44
340 0.00
341 0.80
342 0.00
343 0.00
344 0.71
345 1.39
346 1.55
347 1.31
348 1.43
349 1.18
350 1.39
351 1.58
352 1.64
353 1.46
354 1.67
355 5.44
356 1.24
357 16.14
358 33.03
359 0.00
360 13.90
361 16.90
362 8.70
363 0.00
364 50.70
365 4.52
366 23.23
367 38.85
368 1.29
369 3.51
370 1.90
371 1.82
372 2.34
373 2.07
374 1.92
375 2.41
376 1.96
377 2.76
378 2.59
379 2.78
380 3.39
381 11.98
382 0.00
383 41.14
384 0.00
385 14.69
386 0.00
387 38.71
388 31.30
389 0.00
390 38.03
391 17.94
392 1.87
393 2.10
394 1.97
395 1.90
396 2.16
397 1.94
398 2.37
399 2.31
400 2.34
401 2.23
402 2.66
403 2.38
404 5.11
405 3.99
406 21.36
407 6.13
408 18.00
409 0.00
410 42.11
411 29.03
412 35.82
413 6.96
414 28.12
415 7.94
416 1.18
417 2.19
418 1.72
419 1.82
420 2.22
421 1.99
422 2.29
423 2.40
424 2.06
425 2.48
426 2.75
427 2.03
428 2.67
429 1.15
430 0.00
431 6.28
432 0.00
433 46.75
434 37.50
435 21.05
436 8.54
437 15.58
438 5.04
439 19.12
440 1.18
441 3.85
442 1.55
443 2.26
444 2.17
445 2.06
446 2.02
447 1.88
448 1.67
449 2.70
450 2.36
451 1.80
452 2.85
453 5.30
454 17.82
455 14.06
456 43.90
457 15.19
458 35.29
459 0.00
460 35.64
461 2.31
462 12.97
463 1.35
464 1.07
465 2.60
466 1.57
467 1.70
468 1.75
469 1.94
470 1.86
471 2.04
472 2.19
473 2.70
474 2.06
475 2.11
476 2.82
477 5.18
478 4.71
479 4.30
480 2.38
481 7.43
482 2.47
483 11.29
484 42.86
485 10.94
486 6.14
487 10.92
488 0.79
489 3.34
490 2.35
491 1.61
492 1.76
493 1.90
494 2.02
495 1.78
496 1.84
497 2.15
498 1.89
499 2.24
500 2.63
501 3.58
502 2.26
503 2.21
504 3.67
505 0.65
506 14.95
507 10.34
508 9.84
509 16.29
510 3.66
511 2.15
512 0.65
513 2.33
514 1.60
515 1.79
516 1.51
517 1.56
518 1.60
519 1.56
520 1.85
521 1.91
522 2.37
523 5.18
524 4.76
525 34.95
526 47.37
527 55.81
528 0.00
529 10.23
530 0.00
531 36.73
532 16.22
533 1.32
534 14.69
535 18.13
536 0.90
537 2.64
538 2.05
539 2.12
540 2.20
541 2.08
542 1.98
543 2.18
544 2.02
545 2.23
546 2.54
547 2.16
548 4.23
549 2.72
550 16.31
551 12.49
552 22.50
553 42.35
554 0.00
555 8.47
556 44.44
557 24.43
558 0.00
559 19.71
560 0.97
561 2.44
562 1.63
563 1.79
564 2.28
565 1.89
566 1.94
567 2.57
568 2.16
569 2.53
570 2.52
571 1.86
572 2.76
573 7.41
574 1.15
575 15.34
576 6.81
577 33.49
578 41.86
579 0.00
580 18.75
581 3.97
582 0.00
583 9.20
584 1.22
585 1.76
586 1.63
587 2.04
588 1.81
589 2.15
590 1.79
591 2.06
592 2.15
593 2.18
594 2.13
595 2.38
596 2.56
597 3.41
598 7.98
599 2.71
600 0.00
601 0.88
602 0.70
603 0.00
604 0.00
605 0.00
606 0.00
607 43.37
608 0.32
609 0.76
610 0.37
611 0.97
612 1.37
613 0.95
614 1.26
615 1.03
616 1.40
617 2.00
618 1.38
619 2.27
620 3.38
621 5.46
622 0.00
623 2.00
624 22.64
625 5.40
626 0.00
627 0.00
628 20.57
629 1.85
630 22.98
631 53.73
632 0.87
633 3.26
634 1.88
635 1.80
636 1.80
637 1.88
638 1.73
639 2.36
640 2.17
641 2.39
642 2.51
643 1.99
644 3.11
645 6.74
646 1.95
647 4.13
648 21.52
649 14.19
650 7.72
651 10.04
652 15.34
653 0.00
654 0.00
655 43.03
656 0.43
657 4.69
658 3.04
659 2.61
660 2.25
661 1.97
662 1.86
663 1.82
664 1.86
665 2.12
666 2.22
667 1.97
668 2.07
669 6.17
670 9.77
671 0.85
672 7.23
673 0.46
674 0.00
675 3.96
676 0.00
677 42.35
678 0.75
679 0.00
680 0.61
681 1.82
682 1.77
683 1.79
684 1.36
685 1.66
686 1.92
687 1.87
688 1.84
689 1.76
690 2.37
691 3.73
692 2.03
693 8.32
694 0.00
695 56.25
696 48.00
697 19.46
698 0.00
699 36.00
700 31.44
701 2.99
702 8.30
703 18.23
704 0.98
705 2.13
706 1.45
707 1.79
708 2.06
709 2.00
710 1.73
711 2.02
712 2.47
713 2.13
714 2.06
715 1.87
716 2.53
717 8.69
718 6.21
719 5.52
720 18.14
721 4.88
722 0.91
723 0.00
724 3.75
725 27.23
726 10.55
727 10.90
728 0.90
729 1.87
730 1.54
731 1.81
732 2.30
733 1.65
734 1.83
735 1.80
736 2.06
737 2.60
738 2.97
739 2.52
740 2.51
741 14.57
742 0.00
743 2.52
744 23.45
745 37.31
746 0.00
747 1.04
748 22.04
749 8.16
750 3.77
751 6.06
752 0.94
753 1.85
754 1.80
755 2.36
756 1.84
757 2.23
758 1.83
759 1.70
760 2.19
761 2.10
762 3.00
763 1.86
764 2.86
765 3.81
766 10.94
767 40.45
768 7.38
769 2.35
770 13.33
771 0.00
772 21.11
773 6.21
774 11.36
775 13.19
776 1.02
777 3.19
778 1.65
779 1.67
780 1.84
781 1.91
782 2.46
783 1.74
784 2.30
785 2.23
786 2.01
787 1.52
788 3.05
789 2.60
790 5.43
791 5.53
792 11.11
793 3.17
794 0.00
795 0.00
796 13.56
797 2.52
798 0.00
799 10.65
800 1.03
801 2.06
802 1.79
803 1.69
804 1.78
805 1.97
806 1.64
807 2.23
808 2.26
809 2.92
810 1.80
811 1.59
812 2.48
813 3.98
814 20.00
815 2.89
816 7.86
817 0.78
818 5.80
819 31.58
820 13.10
821 31.03
822 36.36
823 0.00
824 0.35
825 3.11
826 2.07
827 2.17
828 1.81
829 1.96
830 1.82
831 1.92
832 2.32
833 2.35
834 2.33
835 1.65
836 2.22
837 0.63
838 3.84
839 1.36
840 9.92
841 0.94
842 0.00
843 33.03
844 0.00
845 7.66
846 38.30
847 37.89
848 0.52
849 1.74
850 1.41
851 1.92
852 1.80
853 1.50
854 1.48
855 1.56
856 1.66
857 2.20
858 2.35
859 2.97
860 36.00
861 16.04
862 32.00
863 0.00
864 39.13
865 9.45
866 0.00
867 0.00
868 11.49
869 2.43
870 36.00
871 18.50
872 0.78
873 2.13
874 1.43
875 1.91
876 1.50
877 1.72
878 2.28
879 2.22
880 2.01
881 2.29
882 2.65
883 2.32
884 2.86
885 4.83
886 23.45
887 12.06
888 11.14
889 15.24
890 0.00
891 0.00
892 36.18
893 0.00
894 56.25
895 9.68
896 0.70
897 2.28
898 2.34
899 1.96
900 1.79
901 1.98
902 1.98
903 2.01
904 2.00
905 2.81
906 3.03
907 2.24
908 3.12
909 2.36
910 40.91
911 3.71
912 7.29
913 0.60
914 0.00
915 3.14
916 12.06
917 4.55
918 0.00
919 16.46
920 0.82
921 1.97
922 1.57
923 2.21
924 2.27
925 2.31
926 2.20
927 1.69
928 2.08
929 2.47
930 2.06
931 2.25
932 2.42
933 4.85
934 47.06
935 3.79
936 30.00
937 20.40
938 0.00
939 10.17
940 33.75
941 1.68
942 27.69
943 14.29
944 0.67
945 1.65
946 1.78
947 2.21
948 2.32
949 1.96
950 1.84
951 2.27
952 2.00
953 2.51
954 2.38
955 2.32
956 3.09
957 7.76
958 3.28
959 4.38
960 12.54
961 0.44
962 0.00
963 0.00
964 30.77
965 4.63
966 2.78
967 13.32
968 0.67
969 1.98
970 1.66
971 2.17
972 2.20
973 1.97
974 2.17
975 2.41
976 2.14
977 2.46
978 1.98
979 2.32
980 4.36
981 9.60
982 14.85
983 3.85
984 13.88
985 0.28
986 0.00
987 15.24
988 4.86
989 0.00
990 28.80
991 27.07
992 0.58
993 1.86
994 2.28
995 2.07
996 2.41
997 2.38
998 2.43
999 1.92
1000 2.00
1001 2.85
1002 3.01
1003 2.13
1004 2.57
1005 1.06
1006 1.02
1007 3.13
1008 8.28
1009 0.72
1010 3.19
1011 14.85
1012 0.00
1013 49.32
1014 32.14
1015 0.00
1016 0.49
1017 2.36
1018 2.00
1019 1.88
1020 1.64
1021 1.45
1022 1.79
1023 1.47
1024 1.31
1025 1.85
1026 2.14
1027 3.88
1028 0.66
1029 0.00
1030 16.86
1031 52.17
1032 13.74
1033 5.85
1034 0.00
1035 0.00
1036 34.62
1037 0.97
1038 0.00
1039 1.31
1040 0.75
1041 2.60
1042 2.04
1043 2.32
1044 2.34
1045 2.04
1046 2.08
1047 2.52
1048 1.99
1049 2.48
1050 2.50
1051 2.71
1052 4.02
1053 9.87
1054 1.89
1055 12.24
1056 46.75
1057 0.43
1058 8.87
1059 0.00
1060 25.99
1061 38.30
1062 10.24
1063 4.33
1064 0.65
1065 3.30
1066 2.05
1067 1.71
1068 1.89
1069 2.38
1070 2.62
1071 2.05
1072 2.18
1073 2.54
1074 2.56
1075 2.38
1076 3.32
1077 2.50
1078 30.77
1079 26.97
1080 8.81
1081 2.71
1082 0.00
1083 0.00
1084 2.51
1085 37.11
1086 48.00
1087 3.89
1088 0.86
1089 2.27
1090 1.54
1091 2.29
1092 2.32
1093 2.32
1094 2.38
1095 2.62
1096 2.58
1097 3.25
1098 2.67
1099 2.30
1100 3.32
1101 6.48
1102 7.29
1103 12.29
1104 0.00
1105 52.55
1106 42.86
1107 0.00
1108 23.84
1109 2.41
1110 22.22
1111 15.05
1112 1.25
1113 1.92
1114 1.94
1115 2.41
1116 2.39
1117 2.13
1118 2.43
1119 2.08
1120 2.38
1121 2.35
1122 2.45
1123 2.39
1124 3.73
1125 8.04
1126 7.40
1127 29.27
1128 22.43
1129 14.10
1130 35.64
1131 0.00
1132 17.73
1133 4.72
1134 43.90
1135 17.05
1136 1.16
1137 2.53
1138 1.67
1139 1.59
1140 1.89
1141 1.66
1142 2.11
1143 1.78
1144 2.32
1145 2.49
1146 2.37
1147 2.07
1148 2.61
1149 11.90
1150 4.13
1151 3.94
1152 5.72
1153 1.33
1154 41.38
1155 0.00
1156 58.06
1157 0.00
1158 58.06
1159 22.78
1160 0.50
1161 4.24
1162 2.59
1163 2.17
1164 1.95
1165 2.02
1166 2.10
1167 2.07
1168 2.02
1169 1.79
1170 2.20
1171 2.03
1172 2.99
1173 2.33
1174 1.60
1175 1.05
1176 3.40
1177 0.56
1178 0.00
1179 0.00
1180 0.32
1181 42.86
1182 34.29
1183 0.00
1184 0.43
1185 2.04
1186 2.12
1187 1.67
1188 1.67
1189 1.40
1190 1.64
1191 1.24
1192 1.88
1193 1.73
1194 2.16
1195 5.43
1196 6.61
1197 2.49
1198 0.00
1199 12.16
1200 15.06
1201 1.08
1202 4.51
1203 0.72
1204 49.32
1205 4.12
1206 7.81
1207 12.65
1208 0.62
1209 3.71
1210 1.91
1211 2.13
1212 2.02
1213 1.89
1214 1.80
1215 2.35
1216 2.18
1217 2.61
1218 2.20
1219 2.43
1220 3.70
1221 4.01
1222 2.88
1223 10.06
1224 9.73
1225 12.92
1226 22.50
1227 32.43
1228 8.82
1229 37.11
1230 13.72
1231 10.39
1232 0.75
1233 1.80
1234 1.54
1235 1.65
1236 1.68
1237 1.64
1238 1.87
1239 1.81
1240 2.18
1241 2.07
1242 2.06
1243 1.92
1244 2.77
1245 4.11
1246 3.28
1247 10.50
1248 16.14
1249 0.00
1250 0.00
1251 25.17
1252 0.00
1253 13.11
1254 48.65
1255 5.52
1256 1.03
1257 2.24
1258 1.78
1259 2.06
1260 1.74
1261 1.67
1262 1.86
1263 2.10
1264 2.68
1265 1.89
1266 1.97
1267 1.69
1268 2.52
1269 2.60
1270 7.65
1271 37.89
1272 6.75
1273 0.00
1274 19.46
1275 33.03
1276 2.35
1277 2.45
1278 2.80
1279 10.08
1280 1.05
1281 2.67
1282 1.64
1283 1.66
1284 2.06
1285 1.75
1286 1.64
1287 1.96
1288 2.05
1289 1.96
1290 2.25
1291 2.01
1292 2.17
1293 6.24
1294 15.27
1295 37.31
1296 11.19
1297 11.20
1298 20.57
1299 23.53
1300 0.00
1301 3.05
1302 13.58
1303 15.38
1304 0.94
1305 2.66
1306 1.91
1307 1.59
1308 1.74
1309 1.44
1310 1.63
1311 2.18
1312 2.19
1313 2.45
1314 2.07
1315 1.94
1316 2.62
1317 1.82
1318 0.68
1319 8.94
1320 7.66
1321 0.26
1322 0.00
1323 2.25
1324 19.67
1325 30.25
1326 0.00
1327 0.00
1328 0.47
1329 2.28
1330 2.12
1331 1.50
1332 1.66
1333 2.09
1334 1.98
1335 1.37
1336 1.84
1337 1.64
1338 1.73
1339 1.73
1340 1.66
1341 2.41
1342 1.08
1343 0.55
1344 6.75
1345 1.29
1346 9.18
1347 41.86
1348 0.83
1349 15.58
1350 36.55
1351 0.00
1352 0.43
1353 1.84
1354 1.47
1355 1.47
1356 1.62
1357 1.30
1358 1.60
1359 1.46
1360 1.24
1361 1.45
1362 2.10
1363 4.03
1364 1.25
1365 1.37
1366 10.11
1367 3.31
1368 55.38
1369 0.00
1370 13.04
1371 0.00
1372 15.40
1373 15.00
1374 13.74
1375 15.19
1376 0.85
1377 3.43
1378 1.98
1379 1.73
1380 1.84
1381 1.99
1382 1.95
1383 1.89
1384 1.87
1385 2.33
1386 2.62
1387 2.57
1388 3.40
1389 26.47
1390 3.63
1391 13.40
1392 5.16
1393 31.58
1394 0.00
1395 0.00
1396 27.69
1397 25.35
1398 17.14
1399 15.41
1400 1.17
1401 1.74
1402 1.53
1403 1.93
1404 1.83
1405 1.90
1406 1.92
1407 2.07
1408 2.06
1409 2.54
1410 2.27
1411 2.29
1412 3.00
1413 15.76
1414 2.02
1415 41.86
1416 41.86
1417 41.86
1418 0.00
1419 0.71
1420 19.20
1421 27.48
1422 0.00
1423 10.29
1424 1.03
1425 1.93
1426 1.25
1427 1.40
1428 1.93
1429 1.91
1430 1.93
1431 1.98
1432 1.99
1433 1.97
1434 2.03
1435 1.93
1436 3.17
1437 8.09
1438 14.63
1439 44.86
1440 0.00
1441 10.82
1442 10.62
1443 0.00
1444 5.34
1445 0.00
1446 0.00
1447 12.55
1448 1.29
1449 1.31
1450 1.59
1451 1.72
1452 2.27
1453 1.84
1454 1.62
1455 1.86
1456 1.62
1457 1.97
1458 1.96
1459 1.67
1460 2.36
1461 6.24
1462 4.40
1463 1.89
1464 1.66
1465 0.72
1466 4.59
1467 0.00
1468 8.91
1469 15.00
1470 14.69
1471 26.09
1472 0.39
1473 2.50
1474 1.89
1475 1.69
1476 1.66
1477 1.64
1478 1.70
1479 1.50
1480 1.98
1481 1.90
1482 2.08
1483 1.92
1484 2.20
1485 15.82
1486 3.91
1487 7.64
1488 17.56
1489 0.77
1490 0.52
1491 0.00
1492 0.00
1493 0.00
1494 0.00
1495 0.00
1496 1.07
1497 1.27
1498 1.33
1499 1.42
1500 1.48
1501 1.26
1502 1.55
1503 1.48
1504 1.64
1505 1.78
1506 1.82
1507 4.93
1508 28.88
1509 12.08
1510 18.65
1511 56.25
1512 48.65
1513 20.75
1514 13.14
1515 0.00
1516 26.47
1517 9.34
1518 9.28
1519 12.04
1520 1.25
1521 1.80
1522 1.51
1523 1.64
1524 1.79
1525 1.85
1526 1.91
1527 2.00
1528 2.04
1529 2.09
1530 2.23
1531 1.86
1532 3.11
1533 9.16
1534 0.00
1535 8.32
1536 31.58
1537 12.26
1538 0.00
1539 0.00
1540 7.27
1541 13.02
1542 36.73
1543 32.58
1544 1.34
1545 1.82
1546 1.65
1547 1.61
1548 2.06
1549 1.71
1550 1.78
1551 1.77
1552 2.09
1553 2.07
1554 2.37
1555 1.78
1556 2.27
1557 6.00
1558 2.31
1559 33.80
1560 0.00
1561 0.00
1562 0.00
1563 0.00
1564 30.00
1565 29.88
1566 29.03
1567 4.63
1568 2.21
1569 1.50
1570 1.51
1571 1.95
1572 1.73
1573 2.16
1574 2.18
1575 2.15
1576 1.98
1577 2.08
1578 1.93
1579 2.07
1580 2.05
1581 3.99
1582 24.83
1583 0.88
1584 0.00
1585 0.00
1586 46.75
1587 0.00
1588 0.89
1589 0.00
1590 4.20
1591 14.80
1592 0.99
1593 1.72
1594 1.49
1595 1.78
1596 2.02
1597 2.16
1598 1.84
1599 2.28
1600 1.91
1601 2.11
1602 1.86
1603 1.73
1604 2.42
1605 1.66
1606 8.56
1607 16.33
1608 0.00
1609 4.88
1610 0.00
1611 0.00
1612 0.00
1613 0.00
1614 28.12
1615 10.08
1616 1.48
1617 1.81
1618 1.40
1619 2.26
1620 1.74
1621 1.69
1622 2.12
1623 2.08
1624 2.16
1625 1.80
1626 2.02
1627 2.11
1628 3.29
1629 8.27
1630 0.58
1631 4.62
1632 15.10
1633 1.50
1634 16.40
1635 15.65
1636 2.68
1637 48.65
1638 0.00
1639 15.13
1640 0.68
1641 3.30
1642 1.78
1643 1.56
1644 2.02
1645 1.92
1646 1.65
1647 1.58
1648 1.85
1649 2.07
1650 2.37
1651 1.89
1652 2.63
1653 2.22
1654 2.06
1655 0.00
1656 3.07
1657 0.41
1658 50.35
1659 0.00
1660 0.00
1661 1.33
1662 1.40
1663 11.69
1664 0.78
1665 2.18
1666 1.41
1667 1.85
1668 1.43
1669 1.38
1670 1.59
1671 1.35
1672 1.33
1673 1.57
1674 1.84
1675 4.05
1676 11.32
1677 0.00
1678 1.86
1679 2.34
1680 24.32
1681 0.29
1682 6.49
1683 0.82
1684 0.00
1685 0.00
1686 0.00
1687 3.96
1688 0.34
1689 0.43
1690 0.36
1691 0.64
1692 1.02
1693 1.17
1694 1.24
1695 1.28
1696 0.97
1697 1.46
1698 1.44
1699 1.42
1700 2.61
1701 23.23
1702 3.37
1703 16.44
1704 0.00
1705 0.00
1706 0.00
1707 39.34
1708 2.85
1709 0.00
1710 23.15
1711 6.49
1712 1.26
1713 1.73
1714 1.27
1715 1.90
1716 2.32
1717 1.81
1718 1.84
1719 1.54
1720 1.84
1721 1.72
1722 2.51
1723 2.11
1724 3.46
1725 7.89
1726 29.75
1727 0.00
1728 0.00
1729 0.00
1730 1.97
1731 0.00
1732 30.25
1733 22.93
1734 11.74
1735 15.91
1736 1.64
1737 1.19
1738 1.37
1739 1.57
1740 1.57
1741 1.66
1742 1.72
1743 2.04
1744 1.97
1745 2.03
1746 2.11
1747 1.92
1748 2.74
1749 8.58
1750 36.00
1751 0.00
1752 0.00
1753 0.74
1754 0.00
1755 0.00
1756 0.00
1757 1.75
1758 7.64
1759 12.90
1760 1.32
1761 1.86
1762 1.58
1763 1.54
1764 1.60
1765 1.43
1766 1.61
1767 1.96
1768 1.92
1769 2.25
1770 1.80
1771 1.78
1772 2.75
1773 8.04
1774 0.00
1775 12.81
1776 2.20
1777 0.92
1778 0.00
1779 3.57
1780 0.00
1781 10.03
1782 5.17
1783 17.87
1784 1.68
1785 1.49
1786 1.74
1787 1.53
1788 1.77
1789 1.80
1790 1.61
1791 1.73
1792 2.10
1793 1.71
1794 1.42
1795 1.70
1796 2.03
1797 6.04
1798 10.18
1799 5.10
1800 32.14
1801 3.96
1802 4.97
1803 2.75
1804 10.22
1805 0.00
1806 23.84
1807 0.00
1808 0.70
1809 2.79
1810 1.78
1811 1.89
1812 1.71
1813 1.98
1814 1.31
1815 1.68
1816 2.01
1817 2.01
1818 1.93
1819 1.69
1820 2.28
1821 1.33
1822 11.32
1823 28.57
1824 4.42
1825 1.00
1826 43.64
1827 1.20
1828 0.00
1829 0.96
1830 0.00
1831 3.89
1832 0.83
1833 1.99
1834 1.75
1835 2.36
1836 1.36
1837 1.43
1838 1.32
1839 1.52
1840 1.35
1841 1.85
1842 2.54
1843 6.71
1844 0.00
1845 0.00
1846 7.09
1847 0.00
1848 0.00
1849 31.03
1850 48.00
1851 0.00
1852 0.00
1853 33.03
1854 54.55
1855 13.24
1856 1.65
1857 2.18
1858 1.55
1859 1.55
1860 1.91
1861 1.61
1862 1.84
1863 1.74
1864 1.89
1865 1.94
1866 2.23
1867 1.98
1868 2.80
1869 6.69
1870 0.00
1871 30.51
1872 0.00
1873 36.73
1874 28.57
1875 13.28
1876 28.80
1877 22.00
1878 22.36
1879 8.90
1880 1.59
1881 2.04
1882 1.40
1883 1.70
1884 1.83
1885 1.70
1886 1.65
1887 1.71
1888 1.71
1889 2.23
1890 1.73
1891 1.98
1892 2.50
1893 4.11
1894 1.94
1895 6.87
1896 8.89
1897 0.00
1898 0.37
1899 0.00
1900 1.02
1901 0.00
1902 0.00
1903 12.72
1904 1.78
1905 3.03
1906 1.69
1907 1.70
1908 1.32
1909 1.78
1910 1.41
1911 1.73
1912 1.72
1913 2.06
1914 1.91
1915 1.63
1916 2.52
1917 6.83
1918 13.65
1919 0.00
1920 21.73
1921 10.30
1922 0.00
1923 0.00
1924 0.00
1925 29.03
1926 5.62
1927 13.55
1928 1.97
1929 2.20
1930 1.37
1931 1.69
1932 1.72
1933 1.60
1934 1.61
1935 1.90
1936 1.84
1937 2.07
1938 1.60
1939 1.74
1940 2.49
1941 8.07
1942 14.22
1943 0.00
1944 2.66
1945 51.43
1946 0.00
1947 0.00
1948 0.00
1949 0.00
1950 5.83
1951 12.22
1952 2.03
1953 1.60
1954 1.51
1955 1.45
1956 1.77
1957 2.13
1958 1.92
1959 2.09
1960 1.64
1961 2.05
1962 2.25
1963 1.66
1964 2.25
1965 6.17
1966 19.31
1967 11.34
1968 23.30
1969 7.06
1970 0.00
1971 1.64
1972 0.00
1973 56.25
1974 0.00
1975 10.56
1976 0.52
1977 3.20
1978 1.80
1979 2.27
1980 1.76
1981 1.86
1982 1.82
1983 1.73
1984 1.84
1985 1.97
1986 2.25
1987 2.16
1988 2.44
1989 14.12
1990 0.83
1991 4.55
1992 3.58
1993 0.44
1994 0.00
1995 0.00
1996 1.04
1997 0.45
1998 0.00
1999 0.00
2000 1.20
2001 2.10
2002 2.66
2003 1.37
2004 1.31
2005 1.60
2006 1.63
2007 1.46
2008 1.70
2009 1.97
2010 2.03
2011 5.24
2012 26.02
2013 55.38
2014 33.33
2015 0.00
2016 33.64
2017 5.92
2018 0.00
2019 0.00
2020 21.69
2021 6.99
2022 0.00
2023 10.97
2024 1.34
2025 4.37
2026 1.90
2027 1.52
2028 1.56
2029 2.00
2030 1.62
2031 1.60
2032 1.87
2033 2.19
2034 2.25
2035 2.04
2036 2.94
2037 3.21
2038 17.48
2039 0.00
2040 11.11
2041 25.00
2042 0.00
2043 0.00
2044 0.00
2045 10.78
2046 38.57
2047 14.91
2048 1.23
2049 2.33
2050 1.78
2051 1.66
2052 1.86
2053 1.74
2054 1.74
2055 1.82
2056 2.15
2057 2.18
2058 2.64
2059 1.92
2060 2.68
2061 6.59
2062 0.00
2063 52.17
2064 39.78
2065 0.36
2066 0.00
2067 6.69
2068 0.74
2069 3.36
2070 0.00
2071 16.65
2072 2.32
2073 2.45
2074 1.27
2075 2.24
2076 1.78
2077 1.84
2078 1.85
2079 2.06
2080 2.07
2081 2.29
2082 1.65
2083 1.59
2084 2.30
2085 11.98
2086 20.93
2087 50.70
2088 0.00
2089 19.46
2090 0.00
2091 11.29
2092 0.00
2093 17.14
2094 5.75
2095 48.98
2096 1.32
2097 1.88
2098 1.95
2099 1.74
2100 1.99
2101 1.67
2102 1.59
2103 2.17
2104 2.34
2105 2.18
2106 1.68
2107 1.67
2108 3.29
2109 9.52
2110 1.06
2111 0.00
2112 41.38
2113 0.56
2114 0.00
2115 0.00
2116 0.00
2117 0.00
2118 4.73
2119 10.40
2120 0.84
2121 1.49
2122 2.45
2123 1.89
2124 2.03
2125 1.71
2126 1.71
2127 2.19
2128 2.31
2129 2.25
2130 2.04
2131 1.79
2132 2.79
2133 3.06
2134 13.67
2135 3.29
2136 22.11
2137 1.58
2138 24.74
2139 54.55
2140 3.19
2141 0.00
2142 0.00
2143 0.00
2144 0.87
2145 1.75
2146 2.42
2147 1.72
2148 2.15
2149 1.92
2150 1.61
2151 1.90
2152 1.84
2153 2.06
2154 1.86
2155 1.72
2156 2.99
2157 6.17
2158 1.86
2159 1.99
2160 34.95
2161 0.54
2162 20.77
2163 7.63
2164 40.45
2165 1.39
2166 2.22
2167 48.00
2168 1.38
2169 2.22
2170 2.19
2171 1.59
2172 1.46
2173 1.55
2174 1.52
2175 1.28
2176 1.48
2177 1.41
2178 1.90
2179 4.80
2180 21.69
2181 23.08
2182 1.46
2183 0.00
2184 17.06
2185 18.56
2186 0.00
2187 0.00
2188 0.00
2189 0.00
2190 2.76
2191 12.27
2192 1.45
2193 3.24
2194 2.36
2195 1.95
2196 1.67
2197 1.62
2198 1.80
2199 1.74
2200 2.11
2201 2.43
2202 2.22
2203 2.01
2204 3.04
2205 20.49
2206 0.00
2207 13.41
2208 0.00
2209 0.00
2210 0.00
2211 34.29
2212 0.00
2213 50.00
2214 0.00
2215 16.26
2216 1.21
2217 1.86
2218 1.72
2219 1.52
2220 2.30
2221 1.79
2222 1.67
2223 1.70
2224 1.63
2225 2.15
2226 2.13
2227 1.98
2228 3.95
2229 6.78
2230 2.30
2231 16.74
2232 15.43
2233 0.00
2234 0.83
2235 2.92
2236 33.33
2237 0.00
2238 1.72
2239 11.97
2240 1.40
2241 2.53
2242 1.91
2243 1.84
2244 1.72
2245 1.67
2246 1.71
2247 1.60
2248 2.11
2249 1.78
2250 1.94
2251 1.97
2252 2.72
2253 4.21
2254 0.00
2255 7.69
2256 11.11
2257 0.00
2258 0.00
2259 3.67
2260 0.00
2261 0.00
2262 8.69
2263 13.60
2264 0.96
2265 1.83
2266 2.31
2267 1.71
2268 2.07
2269 2.00
2270 1.81
2271 2.09
2272 2.09
2273 1.94
2274 1.70
2275 1.52
2276 2.39
2277 3.20
2278 14.30
2279 42.48
2280 31.72
2281 21.56
2282 13.95
2283 5.31
2284 0.69
2285 0.00
2286 43.37
2287 0.00
2288 0.38
2289 1.46
2290 0.55
2291 0.87
2292 1.04
2293 0.88
2294 0.71
2295 0.73
2296 0.94
2297 1.27
2298 1.22
2299 1.97
2300 1.81
2301 6.26
2302 9.62
2303 0.00
2304 8.16
2305 0.00
2306 12.36
2307 12.65
2308 0.00
2309 0.00
2310 10.91
2311 31.17
2312 0.46
2313 0.90
2314 1.17
2315 1.59
2316 1.43
2317 1.49
2318 1.42
2319 1.25
2320 1.53
2321 1.50
2322 1.65
2323 1.80
2324 2.37
2325 20.81
2326 0.00
2327 3.75
2328 8.71
2329 8.37
2330 6.37
2331 11.08
2332 3.48
2333 0.00
2334 15.93
2335 3.51
2336 0.86
2337 1.49
2338 1.52
2339 1.11
2340 1.29
2341 1.09
2342 1.45
2343 1.15
2344 1.48
2345 1.50
2346 1.97
2347 4.48
2348 19.89
2349 0.60
2350 28.35
2351 18.21
2352 4.15
2353 0.00
2354 2.67
2355 2.21
2356 0.00
2357 2.90
2358 52.94
2359 9.76
2360 0.37
2361 0.54
2362 0.87
2363 0.98
2364 0.86
2365 0.82
2366 0.82
2367 0.88
2368 1.04
2369 1.01
2370 1.16
2371 1.84
2372 3.38
2373 5.86
2374 0.00
2375 0.00
2376 21.69
2377 52.17
2378 25.17
2379 0.00
2380 8.57
2381 23.53
2382 18.09
2383 10.38
2384 1.06
2385 2.00
2386 2.68
2387 1.97
2388 1.91
2389 1.61
2390 1.68
2391 1.89
2392 2.32
2393 2.19
2394 2.39
2395 1.91
2396 3.50
2397 3.98
2398 8.14
2399 32.43
2400 17.73
2401 11.49
2402 0.00
2403 0.00
2404 0.00
2405 0.00
2406 38.85
2407 6.46
2408 1.51
2409 2.23
2410 1.68
2411 1.83
2412 1.58
2413 1.68
2414 1.61
2415 1.97
2416 2.18
2417 2.14
2418 2.67
2419 2.27
2420 3.25
2421 2.53
2422 6.57
2423 26.80
2424 11.04
2425 1.18
2426 4.43
2427 0.00
2428 0.00
2429 27.48
2430 3.17
2431 9.73
2432 1.87
2433 1.84
2434 1.76
2435 1.96
2436 1.55
2437 1.89
2438 1.88
2439 1.87
2440 1.71
2441 1.78
2442 1.86
2443 1.86
2444 2.89
2445 10.02
2446 7.03
2447 6.80
2448 14.46
2449 24.00
2450 0.00
2451 0.00
2452 0.00
2453 10.81
2454 4.70
2455 14.38
2456 1.58
2457 2.15
2458 1.68
2459 1.62
2460 2.10
2461 1.84
2462 1.87
2463 1.96
2464 2.03
2465 2.33
2466 2.15
2467 1.93
2468 2.45
2469 7.60
2470 2.23
2471 5.76
2472 16.69
2473 1.15
2474 13.79
2475 18.40
2476 0.00
2477 0.00
2478 0.00
2479 7.83
2480 1.53
2481 3.32
2482 3.02
2483 1.92
2484 1.94
2485 1.90
2486 1.82
2487 1.83
2488 1.42
2489 2.17
2490 2.46
2491 1.90
2492 2.40
2493 1.16
2494 11.53
2495 9.55
2496 3.38
2497 6.22
2498 0.00
2499 0.00
2500 0.45
2501 53.73
2502 0.00
2503 3.49
2504 1.13
2505 2.54
2506 3.78
2507 1.86
2508 1.46
2509 1.37
2510 1.68
2511 1.52
2512 1.97
2513 1.95
2514 2.35
2515 6.01
2516 8.59
2517 0.00
2518 0.00
2519 0.00
2520 18.56
2521 0.00
2522 0.00
2523 0.00
2524 0.00
2525 0.00
2526 7.89
2527 5.14
2528 0.72
2529 2.60
2530 1.98
2531 2.07
2532 2.20
2533 1.94
2534 1.86
2535 1.89
2536 1.99
2537 1.97
2538 2.45
2539 2.03
2540 2.71
2541 3.32
2542 56.25
2543 1.81
2544 16.78
2545 2.13
2546 2.55
2547 27.07
2548 0.00
2549 21.77
2550 48.00
2551 7.02
2552 1.25
2553 1.55
2554 1.83
2555 1.80
2556 2.08
2557 2.15
2558 2.08
2559 1.83
2560 1.65
2561 1.71
2562 1.73
2563 1.99
2564 2.70
2565 4.32
2566 23.30
2567 30.38
2568 7.38
2569 0.00
2570 0.00
2571 0.42
2572 29.75
2573 5.31
2574 0.00
2575 10.66
2576 1.04
2577 2.28
2578 2.06
2579 1.45
2580 1.84
2581 1.73
2582 1.62
2583 1.63
2584 2.21
2585 2.32
2586 2.10
2587 1.66
2588 3.18
2589 3.98
2590 0.00
2591 8.62
2592 42.52
2593 12.88
2594 0.00
2595 0.00
2596 8.98
2597 19.57
2598 3.20
2599 0.00
2600 0.94
2601 1.82
2602 1.55
2603 2.02
2604 2.10
2605 1.82
2606 1.59
2607 2.01
2608 1.73
2609 2.00
2610 2.05
2611 2.07
2612 2.83
2613 2.19
2614 0.88
2615 14.17
2616 33.33
2617 15.00
2618 0.00
2619 0.00
2620 0.00
2621 23.00
2622 0.00
2623 11.87
2624 1.68
2625 1.96
2626 1.98
2627 1.75
2628 1.48
2629 1.68
2630 1.68
2631 1.93
2632 2.20
2633 1.85
2634 2.20
2635 1.76
2636 2.52
2637 2.22
2638 33.49
2639 3.19
2640 4.75
2641 2.92
2642 12.59
2643 22.93
2644 3.28
2645 2.30
2646 0.55
2647 15.06
2648 1.08
2649 3.64
2650 1.56
2651 2.01
2652 2.23
2653 1.50
2654 1.87
2655 1.73
2656 1.62
2657 1.82
2658 2.14
2659 1.65
2660 1.96
2661 5.85
2662 0.72
2663 0.00
2664 5.06
2665 0.20
2666 13.42
2667 0.07
2668 11.39
2669 0.00
2670 13.74
2671 0.00
2672 1.57
2673 1.99
2674 1.62
2675 1.34
2676 1.20
2677 1.24
2678 1.19
2679 1.46
2680 1.54
2681 1.58
2682 1.83
2683 4.59
2684 0.87
2685 0.90
2686 6.97
2687 30.25
2688 0.00
2689 0.00
2690 0.00
2691 24.00
2692 2.03
2693 6.97
2694 5.59
2695 9.23
2696 1.32
2697 2.66
2698 1.32
2699 1.73
2700 2.15
2701 1.69
2702 1.63
2703 1.99
2704 1.93
2705 2.00
2706 2.06
2707 2.41
2708 2.60
2709 7.25
2710 0.00
2711 0.00
2712 5.27
2713 58.06
2714 0.00
2715 0.00
2716 0.00
2717 18.15
2718 0.00
2719 6.34
2720 1.32
2721 2.84
2722 1.91
2723 1.39
2724 1.65
2725 2.03
2726 1.92
2727 1.99
2728 2.20
2729 2.10
2730 2.40
2731 2.27
2732 3.17
2733 2.02
2734 13.24
2735 3.54
2736 4.73
2737 0.36
2738 11.54
2739 2.84
2740 11.10
2741 4.02
2742 0.00
2743 0.36
2744 0.38
2745 0.99
2746 0.81
2747 1.00
2748 0.92
2749 0.91
2750 0.94
2751 0.74
2752 0.99
2753 1.04
2754 1.21
2755 1.35
2756 2.18
2757 6.08
2758 2.81
2759 0.00
2760 0.00
2761 14.29
2762 0.00
2763 0.00
2764 0.00
2765 0.00
2766 23.61
2767 6.27
2768 2.33
2769 3.27
2770 1.74
2771 1.86
2772 1.56
2773 1.66
2774 1.85
2775 1.79
2776 1.66
2777 2.14
2778 1.92
2779 1.92
2780 2.49
2781 7.25
2782 0.00
2783 5.41
2784 10.98
2785 33.03
2786 0.00
2787 0.00
2788 0.00
2789 0.00
2790 15.06
2791 11.88
2792 2.70
2793 1.49
2794 1.64
2795 1.95
2796 1.84
2797 1.78
2798 1.78
2799 1.92
2800 2.05
2801 2.13
2802 1.94
2803 1.63
2804 2.99
2805 2.64
2806 3.36
2807 48.00
2808 23.34
2809 4.51
2810 11.09
2811 10.73
2812 11.45
2813 5.58
2814 0.00
2815 2.60
2816 1.53
2817 2.59
2818 2.01
2819 2.09
2820 1.75
2821 1.69
2822 1.83
2823 1.58
2824 1.78
2825 2.02
2826 3.52
2827 2.16
2828 2.42
2829 8.31
2830 10.21
2831 2.95
2832 28.51
2833 14.77
2834 0.00
2835 1.74
2836 0.00
2837 0.00
2838 44.44
2839 0.00
2840 0.81
2841 1.39
2842 2.02
2843 1.30
2844 1.44
2845 1.36
2846 1.51
2847 1.55
2848 1.23
2849 1.35
2850 1.65
2851 3.86
2852 9.80
2853 3.36
2854 0.00
2855 3.35
2856 38.30
2857 0.00
2858 0.00
2859 0.00
2860 0.00
2861 0.00
2862 25.90
2863 1.04
2864 1.81
2865 2.18
2866 1.73
2867 1.76
2868 1.81
2869 1.58
2870 1.64
2871 1.84
2872 1.75
2873 1.87
2874 2.08
2875 2.49
2876 2.92
2877 16.44
2878 0.65
2879 0.00
2880 0.00
2881 45.00
2882 0.00
2883 0.00
2884 0.00
2885 15.52
2886 19.89
2887 11.04
2888 1.28
2889 2.73
2890 1.92
2891 1.95
2892 1.92
2893 1.71
2894 1.90
2895 2.12
2896 1.82
2897 2.36
2898 1.86
2899 2.24
2900 2.60
2901 4.14
2902 0.00
2903 1.78
2904 2.92
2905 0.00
2906 0.00
2907 0.00
2908 0.00
2909 2.27
2910 8.34
2911 17.02
2912 1.77
2913 2.93
2914 1.46
2915 1.71
2916 1.61
2917 1.69
2918 1.63
2919 1.63
2920 1.79
2921 2.12
2922 1.96
2923 1.82
2924 2.44
2925 14.41
2926 30.51
2927 0.00
2928 0.00
2929 0.00
2930 0.00
2931 0.00
2932 0.00
2933 42.86
2934 5.10
2935 3.25
2936 1.59
2937 1.69
2938 1.53
2939 1.64
2940 1.93
2941 1.83
2942 1.49
2943 1.74
2944 2.05
2945 2.42
2946 1.88
2947 1.73
2948 2.53
2949 4.15
2950 0.00
2951 11.65
2952 0.00
2953 18.37
2954 0.00
2955 0.00
2956 0.00
2957 0.00
2958 13.04
2959 16.74
2960 1.65
2961 2.38
2962 1.44
2963 1.91
2964 1.67
2965 1.66
2966 1.59
2967 1.92
2968 2.11
2969 1.69
2970 2.22
2971 1.45
2972 2.77
2973 0.74
2974 16.51
2975 5.18
2976 12.29
2977 30.93
2978 32.51
2979 3.61
2980 30.13
2981 0.00
2982 2.48
2983 1.38
2984 1.62
2985 3.16
2986 1.62
2987 2.10
2988 1.48
2989 1.76
2990 1.74
2991 1.78
2992 1.72
2993 1.82
2994 1.72
2995 1.78
2996 2.88
2997 1.91
2998 5.08
2999 5.74
3000 2.08
3001 0.59
3002 0.00
3003 0.29
3004 0.35
3005 0.00
3006 0.00
3007 0.00
3008 1.64
3009 2.08
3010 1.52
3011 1.38
3012 1.54
3013 1.32
3014 1.43
3015 1.25
3016 1.23
3017 1.66
3018 2.26
3019 4.68
3020 11.04
3021 11.36
3022 2.91
3023 14.60
3024 0.00
3025 0.00
3026 0.00
3027 0.00
3028 2.22
3029 22.09
3030 22.50
3031 4.01
3032 2.71
3033 2.38
3034 2.05
3035 1.77
3036 1.80
3037 1.83
3038 1.55
3039 1.66
3040 1.74
3041 2.24
3042 2.14
3043 2.41
3044 3.88
3045 8.18
3046 52.94
3047 0.00
3048 17.52
3049 0.00
3050 0.00
3051 0.00
3052 0.00
3053 52.17
3054 0.00
3055 5.20
3056 1.60
3057 1.92
3058 1.75
3059 1.93
3060 1.72
3061 1.75
3062 1.82
3063 1.89
3064 1.96
3065 2.02
3066 2.18
3067 2.14
3068 3.16
3069 5.52
3070 25.81
3071 42.86
3072 0.00
3073 15.19
3074 4.34
3075 0.90
3076 1.86
3077 15.52
3078 11.75
3079 19.35
3080 2.31
3081 2.41
3082 1.67
3083 1.95
3084 1.77
3085 2.01
3086 1.49
3087 1.82
3088 1.98
3089 1.77
3090 1.91
3091 1.75
3092 2.67
3093 14.29
3094 8.85
3095 19.64
3096 33.80
3097 0.00
3098 0.31
3099 0.00
3100 0.00
3101 0.00
3102 6.78
3103 5.33
3104 1.51
3105 2.52
3106 1.65
3107 1.92
3108 1.71
3109 1.62
3110 1.79
3111 2.04
3112 2.13
3113 2.05
3114 1.71
3115 1.61
3116 2.78
3117 8.40
3118 20.11
3119 10.25
3120 31.58
3121 7.86
3122 0.00
3123 36.18
3124 0.00
3125 0.00
3126 54.55
3127 13.46
3128 1.82
3129 1.65
3130 2.10
3131 2.23
3132 1.94
3133 1.61
3134 1.99
3135 1.94
3136 2.13
3137 2.24
3138 1.66
3139 1.85
3140 3.07
3141 3.61
3142 0.61
3143 14.88
3144 17.43
3145 0.49
3146 3.69
3147 3.34
3148 4.14
3149 0.00
3150 17.17
3151 43.11
3152 1.50
3153 1.74
3154 2.14
3155 1.88
3156 1.76
3157 1.66
3158 1.73
3159 1.74
3160 1.66
3161 1.75
3162 2.15
3163 2.05
3164 2.85
3165 2.63
3166 0.36
3167 0.63
3168 0.00
3169 1.48
3170 11.43
3171 7.06
3172 11.69
3173 0.76
3174 1.83
3175 0.00
3176 0.80
3177 1.62
3178 1.32
3179 1.60
3180 1.75
3181 1.52
3182 1.42
3183 1.23
3184 1.63
3185 1.50
3186 1.89
3187 3.92
3188 8.03
3189 0.72
3190 36.55
3191 0.00
3192 0.00
3193 27.91
3194 0.00
3195 0.00
3196 0.00
3197 48.21
3198 0.00
3199 6.96
3200 2.06
3201 4.19
3202 1.66
3203 1.75
3204 1.94
3205 1.74
3206 1.85
3207 1.94
3208 2.22
3209 1.97
3210 2.27
3211 2.01
3212 2.44
3213 9.95
3214 11.41
3215 4.36
3216 47.06
3217 35.47
3218 0.00
3219 0.00
3220 0.00
3221 43.37
3222 16.11
3223 9.25
3224 1.97
3225 2.18
3226 1.66
3227 1.68
3228 2.06
3229 1.92
3230 1.81
3231 1.61
3232 1.95
3233 2.23
3234 2.10
3235 2.12
3236 2.95
3237 5.74
3238 0.00
3239 15.79
3240 11.73
3241 33.33
3242 0.00
3243 0.36
3244 0.00
3245 0.00
3246 0.00
3247 10.32
3248 2.00
3249 1.25
3250 1.95
3251 2.05
3252 1.65
3253 1.60
3254 1.65
3255 1.81
3256 2.46
3257 1.80
3258 2.09
3259 2.14
3260 3.14
3261 2.07
3262 3.38
3263 0.00
3264 10.34
3265 0.00
3266 0.67
3267 0.00
3268 26.67
3269 8.63
3270 7.21
3271 4.10
3272 2.74
3273 2.68
3274 1.83
3275 1.78
3276 1.82
3277 1.70
3278 1.28
3279 2.12
3280 1.60
3281 2.03
3282 1.56
3283 1.85
3284 2.79
3285 14.55
3286 2.00
3287 39.13
3288 10.40
3289 20.00
3290 45.57
3291 0.00
3292 26.47
3293 13.04
3294 7.65
3295 17.14
3296 1.44
3297 1.85
3298 1.77
3299 1.99
3300 1.74
3301 1.83
3302 1.86
3303 1.85
3304 2.00
3305 2.29
3306 1.92
3307 1.69
3308 2.75
3309 1.99
3310 18.72
3311 29.51
3312 21.08
3313 10.44
3314 9.92
3315 17.22
3316 6.46
3317 0.00
3318 0.00
3319 45.00
3320 1.12
3321 3.29
3322 1.68
3323 1.40
3324 2.11
3325 1.80
3326 1.71
3327 1.58
3328 2.12
3329 2.07
3330 2.00
3331 1.86
3332 2.39
3333 2.76
3334 26.77
3335 3.36
3336 8.47
3337 1.44
3338 21.38
3339 8.72
3340 0.00
3341 0.47
3342 0.00
3343 20.42
3344 1.30
3345 2.18
3346 1.21
3347 1.34
3348 1.74
3349 1.62
3350 1.28
3351 1.54
3352 1.49
3353 1.62
3354 2.31
3355 5.37
3356 16.07
3357 7.83
3358 53.73
3359 0.00
3360 0.00
3361 35.82
3362 0.00
3363 0.00
3364 0.00
3365 0.00
3366 0.00
3367 12.84
3368 1.66
3369 2.33
3370 2.07
3371 2.18
3372 2.03
3373 1.78
3374 1.64
3375 1.92
3376 2.16
3377 2.31
3378 2.71
3379 2.03
3380 5.83
3381 8.79
3382 0.00
3383 0.00
3384 31.86
3385 37.11
3386 0.00
3387 0.00
3388 6.50
3389 19.46
3390 53.73
3391 9.70
3392 3.03
3393 1.80
3394 1.76
3395 2.22
3396 1.90
3397 1.80
3398 1.83
3399 1.58
3400 1.80
3401 1.77
3402 1.86
3403 1.86
3404 2.24
3405 6.69
3406 52.94
3407 3.05
3408 9.77
3409 0.00
3410 0.00
3411 0.00
3412 0.00
3413 4.08
3414 39.78
3415 20.90
3416 1.45
3417 3.43
3418 2.10
3419 1.79
3420 1.75
3421 1.65
3422 1.76
3423 2.11
3424 2.00
3425 2.29
3426 2.27
3427 2.13
3428 3.71
3429 23.18
3430 31.95
3431 32.43
3432 35.64
3433 32.43
3434 0.00
3435 0.00
3436 0.00
3437 0.00
3438 0.00
3439 25.00
3440 1.84
3441 2.02
3442 2.09
3443 1.70
3444 1.85
3445 1.61
3446 1.61
3447 1.60
3448 1.70
3449 2.38
3450 1.93
3451 1.88
3452 2.32
3453 5.96
3454 0.00
3455 16.10
3456 18.27
3457 5.82
3458 0.00
3459 0.00
3460 0.00
3461 0.00
3462 8.15
3463 12.02
3464 1.95
3465 2.99
3466 1.89
3467 1.69
3468 1.91
3469 1.68
3470 2.08
3471 1.81
3472 2.18
3473 2.07
3474 2.01
3475 1.82
3476 2.83
3477 8.89
3478 41.06
3479 6.49
3480 14.78
3481 1.74
3482 32.05
3483 2.26
3484 0.00
3485 0.00
3486 0.00
3487 7.59
3488 0.95
3489 2.06
3490 2.26
3491 1.47
3492 1.76
3493 1.61
3494 1.63
3495 1.91
3496 1.60
3497 1.78
3498 1.93
3499 1.75
3500 2.49
3501 6.86
3502 1.59
3503 1.52
3504 0.00
3505 2.67
3506 1.42
3507 1.58
3508 45.00
3509 0.60
3510 0.00
3511 1.36
3512 1.03
3513 2.20
3514 1.93
3515 1.40
3516 1.36
3517 1.18
3518 1.33
3519 1.48
3520 1.39
3521 1.56
3522 1.75
3523 4.39
3524 0.90
3525 12.70
3526 6.67
3527 0.00
3528 23.53
3529 0.45
3530 0.00
3531 0.00
3532 0.00
3533 0.00
3534 27.07
3535 0.00
3536 1.39
3537 1.59
3538 2.10
3539 1.87
3540 1.89
3541 1.77
3542 1.67
3543 1.77
3544 2.19
3545 2.39
3546 2.16
3547 2.07
3548 3.05
3549 4.64
3550 18.85
3551 0.00
3552 0.00
3553 13.38
3554 0.00
3555 0.00
3556 0.00
3557 26.47
3558 7.94
3559 59.02
3560 1.53
3561 1.46
3562 1.55
3563 1.62
3564 1.97
3565 1.72
3566 1.91
3567 1.89
3568 1.82
3569 2.04
3570 2.59
3571 1.87
3572 3.30
3573 5.18
3574 4.20
3575 14.26
3576 14.52
3577 24.00
3578 3.92
3579 0.00
3580 0.00
3581 0.00
3582 7.36
3583 13.19
3584 2.07
3585 1.99
3586 2.09
3587 1.96
3588 2.07
3589 2.07
3590 1.79
3591 1.61
3592 2.00
3593 1.90
3594 1.83
3595 1.95
3596 3.31
3597 7.44
3598 11.84
3599 17.50
3600 10.80
3601 11.46
3602 0.00
3603 0.00
3604 0.00
3605 0.00
3606 27.69
3607 21.86
3608 1.28
3609 1.71
3610 1.82
3611 1.53
3612 1.99
3613 1.74
3614 1.81
3615 1.90
3616 1.84
3617 2.04
3618 1.96
3619 1.66
3620 2.61
3621 0.86
3622 8.02
3623 4.33
3624 8.93
3625 0.51
3626 0.00
3627 0.00
3628 0.00
3629 0.00
3630 0.00
3631 15.22
3632 1.71
3633 2.74
3634 1.84
3635 1.52
3636 1.78
3637 1.45
3638 1.77
3639 2.14
3640 2.23
3641 1.61
3642 1.61
3643 1.45
3644 2.46
3645 3.55
3646 4.75
3647 46.55
3648 7.03
3649 0.62
3650 22.83
3651 22.13
3652 41.38
3653 0.00
3654 0.00
3655 0.00
3656 0.93
3657 2.45
3658 3.14
3659 1.79
3660 1.73
3661 1.70
3662 1.69
3663 1.61
3664 1.50
3665 2.13
3666 2.17
3667 1.95
3668 2.85
3669 5.06
3670 0.37
3671 1.19
3672 0.00
3673 0.81
3674 1.26
3675 3.17
3676 1.17
3677 1.06
3678 0.00
3679 1.39
3680 1.20
3681 2.70
3682 2.15
3683 1.49
3684 1.45
3685 1.47
3686 1.04
3687 1.35
3688 1.31
3689 1.80
3690 2.01
3691 5.03
3692 0.00
3693 5.84
3694 13.21
3695 17.18
3696 0.00
3697 0.00
3698 0.00
3699 9.84
3700 31.30
3701 0.00
3702 19.74
3703 9.82
3704 1.80
3705 2.44
3706 2.34
3707 1.82
3708 1.89
3709 1.69
3710 1.74
3711 2.10
3712 2.15
3713 1.92
3714 2.82
3715 2.38
3716 3.39
3717 12.27
3718 49.32
3719 5.14
3720 21.05
3721 53.33
3722 0.00
3723 0.00
3724 0.00
3725 0.00
3726 43.90
3727 7.72
3728 1.39
3729 1.74
3730 1.91
3731 1.57
3732 2.09
3733 1.69
3734 1.76
3735 1.57
3736 1.96
3737 1.78
3738 1.90
3739 1.67
3740 2.24
3741 1.54
3742 8.21
3743 11.84
3744 0.00
3745 3.60
3746 0.00
3747 0.00
3748 0.00
3749 0.00
3750 0.00
3751 4.52
3752 1.72
3753 1.67
3754 1.59
3755 1.69
3756 1.94
3757 1.80
3758 1.73
3759 1.53
3760 1.87
3761 1.80
3762 1.84
3763 1.97
3764 2.50
3765 7.70
3766 4.05
3767 5.72
3768 10.40
3769 0.00
3770 0.59
3771 0.00
3772 0.00
3773 10.94
3774 30.51
3775 57.14
3776 1.46
3777 2.00
3778 1.68
3779 1.77
3780 1.94
3781 1.52
3782 1.93
3783 2.16
3784 1.72
3785 1.71
3786 1.63
3787 1.79
3788 2.48
3789 7.93
3790 51.43
3791 31.75
3792 28.12
3793 26.28
3794 0.66
3795 30.77
3796 0.00
3797 0.00
3798 16.36
3799 0.30
3800 2.05
3801 1.94
3802 1.91
3803 2.04
3804 1.60
3805 1.99
3806 1.85
3807 2.03
3808 2.17
3809 2.40
3810 1.94
3811 1.74
3812 2.65
3813 2.65
3814 0.98
3815 12.69
3816 11.45
3817 3.90
3818 17.65
3819 9.15
3820 6.13
3821 0.00
3822 7.45
3823 40.45
3824 1.71
3825 3.62
3826 2.06
3827 2.06
3828 1.66
3829 1.82
3830 1.50
3831 1.58
3832 1.67
3833 1.80
3834 1.59
3835 2.04
3836 2.09
3837 2.67
3838 1.19
3839 3.96
3840 9.01
3841 0.42
3842 0.00
3843 0.00
3844 0.00
3845 0.49
3846 0.00
3847 0.00
3848 1.59
3849 2.20
3850 1.69
3851 1.64
3852 1.58
3853 1.30
3854 1.19
3855 1.30
3856 1.37
3857 1.40
3858 1.87
3859 4.53
3860 23.08
3861 2.14
3862 1.00
3863 4.29
3864 0.00
3865 4.62
3866 1.29
3867 6.32
3868 57.14
3869 17.51
3870 7.61
3871 2.17
3872 0.39
3873 0.59
3874 0.60
3875 0.76
3876 0.92
3877 0.72
3878 0.98
3879 1.07
3880 1.08
3881 1.20
3882 1.22
3883 2.09
3884 3.78
3885 15.53
3886 0.00
3887 0.00
3888 0.00
3889 0.19
3890 0.00
3891 0.00
3892 0.00
3893 0.00
3894 8.55
3895 21.43
3896 2.77
3897 2.96
3898 1.43
3899 1.66
3900 1.63
3901 1.73
3902 1.58
3903 2.25
3904 1.71
3905 2.22
3906 2.80
3907 2.12
3908 2.36
3909 2.22
3910 0.00
3911 0.00
3912 0.00
3913 0.08
3914 0.00
3915 0.00
3916 0.00
3917 59.02
3918 50.00
3919 21.43
3920 2.38
3921 1.92
3922 2.00
3923 1.50
3924 1.88
3925 1.55
3926 1.44
3927 1.82
3928 2.17
3929 2.24
3930 2.18
3931 2.00
3932 3.31
3933 8.79
3934 0.00
3935 22.57
3936 16.00
3937 0.04
3938 20.00
3939 0.00
3940 0.00
3941 0.00
3942 34.62
3943 6.96
3944 1.96
3945 1.63
3946 1.94
3947 1.98
3948 1.69
3949 2.11
3950 1.93
3951 1.71
3952 1.70
3953 2.21
3954 2.15
3955 1.63
3956 2.93
3957 7.62
3958 13.75
3959 2.40
3960 3.82
3961 0.16
3962 0.00
3963 50.00
3964 0.00
3965 7.36
3966 26.18
3967 8.41
3968 1.78
3969 2.08
3970 1.44
3971 1.72
3972 1.62
3973 1.78
3974 1.92
3975 1.81
3976 1.84
3977 1.99
3978 1.84
3979 1.74
3980 2.51
3981 1.83
3982 2.25
3983 0.00
3984 3.45
3985 0.21
3986 0.27
3987 0.00
3988 0.00
3989 0.00
3990 0.00
3991 46.75
3992 0.90
3993 2.42
3994 2.76
3995 2.03
3996 1.77
3997 1.59
3998 1.69
3999 1.52
4000 1.78
4001 2.25
4002 2.14
4003 2.15
4004 2.65
4005 1.60
4006 0.80
4007 1.56
4008 14.53
4009 0.16
4010 0.00
4011 25.90
4012 1.70
4013 0.00
4014 2.60
4015 11.43
4016 1.70
4017 1.84
4018 1.42
4019 1.26
4020 1.72
4021 1.42
4022 1.52
4023 1.37
4024 1.46
4025 1.22
4026 2.41
4027 5.99
4028 7.69
4029 5.58
4030 0.00
4031 53.33
4032 54.55
4033 0.08
4034 0.00
4035 7.05
4036 0.00
4037 0.00
4038 45.00
4039 28.57
4040 2.62
4041 4.05
4042 2.26
4043 1.91
4044 1.68
4045 1.72
4046 1.71
4047 2.08
4048 2.01
4049 1.77
4050 2.15
4051 2.21
4052 3.18
4053 16.96
4054 39.56
4055 7.52
4056 26.87
4057 0.04
4058 0.00
4059 0.00
4060 30.77
4061 0.00
4062 19.67
4063 0.00
4064 1.61
4065 1.53
4066 1.65
4067 1.82
4068 1.51
4069 1.78
4070 1.74
4071 1.80
4072 2.11
4073 2.00
4074 2.10
4075 1.82
4076 3.02
4077 5.89
4078 7.13
4079 37.70
4080 32.93
4081 0.12
4082 0.00
4083 0.00
4084 28.57
4085 0.00
4086 21.14
4087 12.95
4088 2.52
4089 2.20
4090 1.87
4091 1.74
4092 1.89
4093 1.70
4094 1.60
4095 1.98
4096 1.54
4097 2.41
4098 1.70
4099 1.96
4100 3.16
4101 4.87
4102 0.00
4103 0.00
4104 52.94
4105 0.08
4106 0.79
4107 0.00
4108 0.92
4109 10.71
4110 0.00
4111 12.59
4112 1.83
4113 3.58
4114 2.82
4115 1.85
4116 1.84
4117 1.77
4118 1.62
4119 1.63
4120 1.91
4121 1.61
4122 1.67
4123 2.31
4124 2.50
4125 6.44
4126 45.00
4127 11.15
4128 5.22
4129 0.08
4130 0.00
4131 0.00
4132 0.00
4133 5.19
4134 6.21
4135 19.88
4136 3.06
4137 6.50
4138 2.83
4139 3.03
4140 3.23
4141 2.70
4142 2.45
4143 2.86
4144 1.71
4145 2.14
4146 2.16
4147 1.59
4148 2.35
4149 2.34
4150 0.48
4151 0.00
4152 3.57
4153 0.05
4154 0.00
4155 0.00
4156 0.00
4157 0.00
4158 7.95
4159 0.00
4160 0.28
4161 3.04
4162 2.31
4163 1.83
4164 1.92
4165 1.73
4166 1.86
4167 1.74
4168 1.52
4169 2.51
4170 2.30
4171 2.04
4172 2.61
4173 3.23
4174 4.66
4175 1.53
4176 16.48
4177 0.12
4178 0.00
4179 17.91
4180 0.00
4181 0.00
4182 0.00
4183 0.00
4184 1.71
4185 1.77
4186 2.24
4187 1.27
4188 1.40
4189 1.40
4190 1.48
4191 1.27
4192 1.36
4193 1.59
4194 2.11
4195 3.33
4196 18.13
4197 17.65
4198 0.00
4199 43.90
4200 0.00
4201 0.06
4202 0.00
4203 0.00
4204 0.00
4205 5.99
4206 3.56
4207 12.95
4208 1.20
4209 3.54
4210 1.99
4211 1.94
4212 2.02
4213 0.92
4214 1.63
4215 1.88
4216 1.69
4217 2.35
4218 2.99
4219 2.26
4220 3.42
4221 17.44
4222 13.81
4223 49.32
4224 9.05
4225 0.10
4226 0.95
4227 0.00
4228 0.00
4229 0.00
4230 0.00
4231 0.00
4232 0.58
4233 3.81
4234 2.29
4235 2.20
4236 1.88
4237 2.19
4238 1.83
4239 1.71
4240 2.16
4241 2.53
4242 2.20
4243 2.22
4244 2.43
4245 3.11
4246 0.00
4247 0.00
4248 0.00
4249 0.06
4250 0.00
4251 0.00
4252 0.00
4253 0.00
4254 0.00
4255 23.68
4256 0.70
4257 2.94
4258 1.55
4259 1.77
4260 1.67
4261 1.61
4262 1.55
4263 2.07
4264 2.16
4265 2.60
4266 2.29
4267 2.00
4268 2.53
4269 5.30
4270 0.00
4271 0.00
4272 46.15
4273 0.04
4274 0.00
4275 0.00
4276 0.00
4277 0.00
4278 0.00
4279 0.00
4280 0.58
4281 2.33
4282 2.04
4283 1.70
4284 1.84
4285 1.63
4286 2.08
4287 1.70
4288 1.98
4289 2.09
4290 1.96
4291 1.95
4292 2.32
4293 3.39
4294 0.87
4295 0.00
4296 0.00
4297 0.08
4298 0.00
4299 0.00
4300 0.00
4301 0.00
4302 0.00
4303 0.00
4304 0.67
4305 1.68
4306 1.85
4307 1.83
4308 1.90
4309 1.68
4310 1.64
4311 1.75
4312 1.93
4313 2.16
4314 1.93
4315 2.06
4316 2.41
4317 1.39
4318 0.43
4319 0.78
4320 12.81
4321 0.16
4322 0.00
4323 0.00
4324 0.00
4325 14.81
4326 0.00
4327 0.00
4328 0.27
4329 2.75
4330 2.26
4331 1.80
4332 1.69
4333 1.82
4334 1.55
4335 1.53
4336 1.83
4337 1.83
4338 1.97
4339 2.28
4340 2.24
4341 0.31
4342 3.25
4343 0.93
4344 0.00
4345 0.11
4346 5.30
4347 5.34
4348 0.00
4349 0.00
4350 0.00
4351 0.00
4352 0.93
4353 2.02
4354 1.53
4355 1.87
4356 1.32
4357 1.60
4358 1.47
4359 1.46
4360 1.65
4361 1.58
4362 2.13
4363 5.99
4364 0.42
4365 0.00
4366 0.00
4367 0.00
4368 0.00
4369 0.04
4370 0.00
4371 0.00
4372 0.00
4373 0.00
4374 16.22
4375 0.00
4376 0.40
4377 3.61
4378 2.28
4379 2.08
4380 1.75
4381 1.73
4382 1.62
4383 1.70
4384 1.99
4385 2.27
4386 2.31
4387 2.34
4388 2.34
4389 4.24
4390 0.00
4391 0.00
4392 0.00
4393 0.04
4394 0.00
4395 0.00
4396 0.00
4397 0.00
4398 0.00
4399 0.00
4400 0.60
4401 1.70
4402 1.97
4403 1.88
4404 1.53
4405 1.89
4406 1.59
4407 1.52
4408 1.74
4409 2.31
4410 2.43
4411 2.30
4412 2.89
4413 18.18
4414 6.46
4415 0.00
4416 0.00
4417 0.04
4418 0.00
4419 0.00
4420 0.00
4421 0.00
4422 0.00
4423 0.00
4424 0.60
4425 2.73
4426 2.33
4427 2.04
4428 1.77
4429 1.58
4430 1.69
4431 1.53
4432 1.89
4433 2.04
4434 2.18
4435 2.40
4436 2.65
4437 4.55
4438 0.00
4439 0.00
4440 0.00
4441 0.04
4442 0.00
4443 0.00
4444 0.00
4445 0.00
4446 0.00
4447 0.00
4448 0.47
4449 3.22
4450 1.67
4451 2.20
4452 1.63
4453 1.67
4454 1.62
4455 1.76
4456 1.77
4457 2.25
4458 2.05
4459 2.08
4460 2.45
4461 7.33
4462 0.00
4463 0.00
4464 0.00
4465 0.04
4466 0.00
4467 0.00
4468 0.00
4469 0.00
4470 0.00
4471 0.56
4472 0.53
4473 2.97
4474 2.42
4475 1.95
4476 1.66
4477 1.71
4478 1.60
4479 1.60
4480 2.26
4481 2.15
4482 1.85
4483 2.06
4484 2.45
4485 5.06
4486 1.25
4487 0.57
4488 0.00
4489 0.16
4490 0.00
4491 0.00
4492 44.44
4493 0.00
4494 0.00
4495 0.00
4496 0.27
4497 2.63
4498 2.45
4499 2.00
4500 1.86
4501 1.70
4502 1.77
4503 1.52
4504 1.62
4505 2.29
4506 3.28
4507 1.98
4508 2.31
4509 7.31
4510 0.00
4511 24.41
4512 15.86
4513 0.07
4514 0.00
4515 0.00
4516 4.17
4517 0.00
4518 0.00
4519 0.00
4520 1.07
4521 1.72
4522 2.40
4523 1.27
4524 1.64
4525 1.54
4526 1.37
4527 1.13
4528 1.38
4529 1.57
4530 1.71
4531 4.30
4532 0.00
4533 0.00
4534 0.00
4535 0.00
4536 4.91
4537 0.04
4538 0.00
4539 0.00
4540 0.00
4541 0.00
4542 0.00
4543 0.00
4544 0.74
4545 3.83
4546 2.09
4547 1.75
4548 1.68
4549 2.00
4550 1.55
4551 1.19
4552 1.99
4553 2.52
4554 2.68
4555 1.74
4556 3.45
4557 13.09
4558 0.00
4559 0.00
4560 0.00
4561 0.04
4562 0.00
4563 0.00
4564 0.00
4565 0.00
4566 0.00
4567 0.00
4568 0.48
4569 1.69
4570 2.14
4571 1.89
4572 1.80
4573 1.59
4574 1.59
4575 1.92
4576 1.80
4577 1.99
4578 1.99
4579 2.08
4580 2.82
4581 3.35
4582 6.46
4583 0.00
4584 2.87
4585 0.04
4586 0.00
4587 0.00
4588 0.00
4589 0.00
4590 4.81
4591 0.00
4592 0.78
4593 2.18
4594 1.81
4595 1.95
4596 1.63
4597 1.82
4598 1.56
4599 1.61
4600 1.75
4601 1.97
4602 2.23
4603 2.05
4604 4.01
4605 9.20
4606 0.00
4607 0.00
4608 0.00
4609 0.06
4610 0.00
4611 0.00
4612 0.00
4613 0.00
4614 0.00
4615 0.00
4616 0.49
4617 2.73
4618 1.34
4619 1.93
4620 1.99
4621 1.66
4622 1.92
4623 1.90
4624 1.84
4625 2.14
4626 2.77
4627 2.05
4628 2.49
4629 7.42
4630 0.37
4631 0.00
4632 0.00
4633 0.08
4634 0.00
4635 8.54
4636 0.00
4637 21.95
4638 0.00
4639 57.14
4640 0.61
4641 3.02
4642 2.12
4643 2.17
4644 2.04
4645 1.98
4646 1.89
4647 1.89
4648 2.21
4649 2.27
4650 1.78
4651 1.81
4652 2.78
4653 1.60
4654 41.86
4655 25.78
4656 0.00
4657 0.08
4658 0.00
4659 0.00
4660 0.00
4661 0.00
4662 0.00
4663 8.76
4664 0.28
4665 4.43
4666 2.14
4667 2.06
4668 2.30
4669 1.58
4670 1.74
4671 1.64
4672 1.66
4673 1.84
4674 2.10
4675 2.03
4676 2.02
4677 5.69
4678 0.00
4679 5.15
4680 9.09
4681 0.11
4682 1.22
4683 19.05
4684 1.12
4685 0.00
4686 0.00
4687 0.00
4688 1.37
4689 1.70
4690 2.35
4691 2.20
4692 2.10
4693 2.09
4694 1.90
4695 1.43
4696 1.12
4697 1.88
4698 2.12
4699 4.30
4700 0.80
4701 0.00
4702 0.00
4703 0.00
4704 45.57
4705 0.04
4706 0.00
4707 0.00
4708 0.00
4709 0.00
4710 9.57
4711 7.06
4712 0.68
4713 3.44
4714 1.89
4715 1.45
4716 2.11
4717 1.68
4718 2.09
4719 2.01
4720 1.27
4721 2.39
4722 2.28
4723 2.18
4724 4.08
4725 2.38
4726 0.00
4727 0.00
4728 7.71
4729 0.04
4730 0.00
4731 0.00
4732 0.00
4733 0.00
4734 0.00
4735 0.00
4736 0.64
4737 1.73
4738 1.69
4739 1.45
4740 1.59
4741 1.61
4742 1.68
4743 1.77
4744 1.93
4745 2.28
4746 2.13
4747 1.90
4748 3.21
4749 27.76
4750 23.08
4751 16.14
4752 0.00
4753 0.10
4754 12.63
4755 0.00
4756 43.90
4757 0.00
4758 15.06
4759 0.00
4760 0.54
4761 2.11
4762 1.24
4763 1.90
4764 1.67
4765 1.84
4766 1.88
4767 1.79
4768 1.90
4769 1.99
4770 2.55
4771 2.60
4772 2.85
4773 5.41
4774 47.37
4775 25.90
4776 0.00
4777 0.04
4778 0.00
4779 0.00
4780 0.00
4781 0.00
4782 33.64
4783 17.14
4784 0.53
4785 2.41
4786 1.89
4787 1.84
4788 2.03
4789 1.48
4790 1.41
4791 1.79
4792 2.34
4793 2.29
4794 2.43
4795 1.87
4796 3.22
4797 3.86
4798 5.13
4799 24.66
4800 6.88
4801 0.04
4802 0.00
4803 0.00
4804 0.00
4805 0.00
4806 0.00
4807 12.24
4808 0.41
4809 1.75
4810 1.86
4811 1.57
4812 1.71
4813 1.84
4814 1.67
4815 1.73
4816 2.13
4817 2.34
4818 2.24
4819 1.87
4820 2.30
4821 3.90
4822 0.48
4823 0.00
4824 1.28
4825 0.07
4826 10.84
4827 21.56
4828 0.00
4829 0.00
4830 0.00
4831 38.30
4832 0.26
4833 3.36
4834 2.46
4835 2.04
4836 2.00
4837 2.16
4838 2.16
4839 1.91
4840 2.28
4841 2.24
4842 2.32
4843 1.85
4844 2.21
4845 0.65
4846 3.11
4847 7.81
4848 1.45
4849 0.10
4850 0.00
4851 0.00
4852 0.00
4853 0.00
4854 0.00
4855 0.00
4856 0.88
4857 1.61
4858 2.29
4859 1.34
4860 1.54
4861 1.30
4862 1.30
4863 1.71
4864 1.49
4865 1.66
4866 2.12
4867 6.15
4868 8.24
4869 47.68
4870 28.57
4871 0.00
4872 3.53
4873 0.04
4874 27.48
4875 0.00
4876 0.00
4877 0.00
4878 0.00
4879 0.00
4880 0.42
4881 2.01
4882 1.68
4883 1.90
4884 1.79
4885 2.76
4886 1.72
4887 2.15
4888 2.29
4889 2.06
4890 2.50
4891 2.20
4892 2.80
4893 18.00
4894 0.00
4895 0.00
4896 0.00
4897 0.04
4898 0.00
4899 0.00
4900 0.00
4901 0.00
4902 0.00
4903 0.00
4904 0.45
4905 2.81
4906 1.74
4907 1.56
4908 2.02
4909 1.80
4910 1.86
4911 1.95
4912 1.78
4913 2.15
4914 2.62
4915 1.95
4916 3.24
4917 34.77
4918 0.00
4919 0.00
4920 0.00
4921 0.04
4922 0.00
4923 0.00
4924 0.00
4925 0.00
4926 11.08
4927 0.00
4928 0.47
4929 2.35
4930 1.97
4931 1.54
4932 2.24
4933 1.86
4934 1.68
4935 1.56
4936 2.06
4937 2.46
4938 1.97
4939 2.12
4940 2.68
4941 7.42
4942 11.69
4943 0.00
4944 0.00
4945 0.08
4946 0.00
4947 0.00
4948 0.00
4949 0.00
4950 0.00
4951 0.00
4952 0.53
4953 3.42
4954 2.18
4955 1.91
4956 2.08
4957 1.97
4958 1.42
4959 1.98
4960 1.90
4961 2.18
4962 1.77
4963 1.82
4964 2.20
4965 4.60
4966 5.77
4967 0.00
4968 0.00
4969 0.04
4970 0.00
4971 0.00
4972 0.00
4973 0.00
4974 0.00
4975 0.00
4976 0.52
4977 1.64
4978 2.55
4979 1.73
4980 1.76
4981 1.61
4982 2.04
4983 1.74
4984 1.93
4985 2.60
4986 2.17
4987 1.56
4988 2.42
4989 2.05
4990 21.05
4991 8.10
4992 44.72
4993 0.04
4994 0.00
4995 55.38
4996 0.00
4997 0.00
4998 0.00
4999 0.00
5000 0.32
5001 2.79
5002 2.44
5003 2.21
5004 1.80
5005 1.69
5006 1.73
5007 1.88
5008 1.99
5009 1.81
5010 2.55
5011 1.98
5012 2.55
5013 39.45
5014 2.36
5015 3.64
5016 6.40
5017 0.18
5018 0.00
5019 0.00
5020 0.00
5021 0.00
5022 0.00
5023 0.00
5024 0.96
5025 3.18
5026 1.60
5027 1.68
5028 1.32
5029 1.18
5030 1.41
5031 1.56
5032 1.62
5033 1.63
5034 2.53
5035 6.55
5036 0.00
5037 5.71
5038 0.00
5039 0.00
5040 29.27
5041 0.04
5042 0.00
5043 0.00
5044 0.00
5045 0.00
5046 0.00
5047 0.00
5048 0.47
5049 2.73
5050 1.83
5051 1.62
5052 1.81
5053 1.80
5054 1.77
5055 1.89
5056 1.86
5057 2.26
5058 1.81
5059 2.28
5060 3.47
5061 9.81
5062 0.00
5063 0.00
5064 56.25
5065 0.04
5066 0.00
5067 0.00
5068 0.00
5069 0.00
5070 0.00
5071 0.00
5072 0.38
5073 2.15
5074 1.98
5075 2.06
5076 2.55
5077 1.80
5078 1.49
5079 1.95
5080 2.06
5081 2.45
5082 2.20
5083 2.10
5084 3.13
5085 12.06
5086 0.00
5087 0.00
5088 0.00
5089 0.04
5090 0.00
5091 0.00
5092 0.00
5093 0.00
5094 0.00
5095 0.00
5096 0.39
5097 2.60
5098 1.66
5099 2.06
5100 1.92
5101 1.79
5102 1.91
5103 1.74
5104 1.84
5105 2.05
5106 1.77
5107 2.18
5108 3.28
5109 6.19
5110 0.81
5111 0.00
5112 18.27
5113 0.08
5114 0.00
5115 0.00
5116 0.00
5117 0.00
5118 0.00
5119 0.00
5120 0.44
5121 2.24
5122 1.54
5123 1.92
5124 1.90
5125 1.54
5126 1.45
5127 1.84
5128 2.09
5129 2.01
5130 1.88
5131 1.88
5132 2.47
5133 2.72
5134 0.00
5135 54.55
5136 0.00
5137 0.04
5138 0.00
5139 0.00
5140 14.01
5141 0.00
5142 0.00
5143 21.05
5144 0.44
5145 2.64
5146 2.13
5147 1.58
5148 1.74
5149 1.55
5150 2.16
5151 1.93
5152 2.01
5153 2.46
5154 1.93
5155 1.93
5156 1.95
5157 1.99
5158 0.00
5159 11.91
5160 6.73
5161 0.08
5162 0.00
5163 43.90
5164 0.33
5165 14.75
5166 0.00
5167 0.00
5168 0.27
5169 6.04
5170 2.02
5171 1.89
5172 1.88
5173 2.59
5174 2.08
5175 1.85
5176 1.92
5177 2.61
5178 2.18
5179 1.99
5180 2.55
5181 0.63
5182 0.71
5183 0.00
5184 0.00
5185 0.10
5186 1.43
5187 0.00
5188 2.81
5189 14.66
5190 0.00
5191 0.00
5192 0.56
5193 1.47
5194 2.10
5195 1.71
5196 1.35
5197 1.45
5198 1.33
5199 1.28
5200 1.52
5201 1.89
5202 2.44
5203 4.82
5204 0.00
5205 0.00
5206 0.00
5207 0.00
5208 0.00
5209 0.04
5210 0.00
5211 0.00
5212 0.00
5213 0.00
5214 0.00
5215 0.00
5216 0.35
5217 3.69
5218 1.87
5219 1.78
5220 1.76
5221 2.05
5222 1.86
5223 1.89
5224 1.87
5225 2.73
5226 2.78
5227 2.16
5228 3.90
5229 11.90
5230 0.97
5231 0.00
5232 0.00
5233 0.04
5234 0.00
5235 0.00
5236 0.00
5237 0.00
5238 0.00
5239 0.00
5240 0.41
5241 2.54
5242 1.80
5243 1.68
5244 1.85
5245 1.51
5246 2.04
5247 1.97
5248 1.97
5249 2.07
5250 2.97
5251 1.94
5252 2.64
5253 15.41
5254 0.00
5255 27.69
5256 0.00
5257 0.04
5258 0.00
5259 0.00
5260 0.00
5261 0.00
5262 0.00
5263 0.00
5264 0.45
5265 3.14
5266 1.89
5267 1.75
5268 2.03
5269 1.92
5270 1.91
5271 1.83
5272 1.74
5273 2.00
5274 2.20
5275 2.07
5276 2.81
5277 4.83
5278 37.89
5279 18.75
5280 0.00
5281 0.04
5282 0.00
5283 0.00
5284 0.00
5285 50.00
5286 0.00
5287 0.00
5288 0.45
5289 3.93
5290 2.04
5291 1.45
5292 1.55
5293 1.43
5294 1.99
5295 2.15
5296 1.56
5297 1.92
5298 2.18
5299 2.19
5300 2.70
5301 9.57
5302 16.36
5303 51.43
5304 34.29
5305 0.04
5306 0.00
5307 26.28
5308 0.00
5309 0.00
5310 0.00
5311 0.00
5312 0.50
5313 3.13
5314 2.21
5315 2.06
5316 1.79
5317 1.82
5318 1.58
5319 2.14
5320 1.92
5321 2.56
5322 1.96
5323 2.05
5324 2.32
5325 4.95
5326 0.00
5327 47.37
5328 18.46
5329 0.16
5330 54.55
5331 0.00
5332 0.00
5333 0.00
5334 0.00
5335 0.00
5336 0.24
5337 2.58
5338 2.42
5339 2.60
5340 2.10
5341 1.70
5342 1.94
5343 1.98
5344 2.01
5345 1.92
5346 3.40
5347 1.79
5348 3.30
5349 1.72
5350 0.00
5351 0.00
5352 3.71
5353 0.08
5354 59.02
5355 0.00
5356 0.00
5357 0.00
5358 0.00
5359 0.00
5360 0.64
5361 2.63
5362 1.99
5363 1.69
5364 1.67
5365 1.44
5366 1.41
5367 1.30
5368 1.39
5369 1.38
5370 1.78
5371 5.33
5372 0.00
5373 0.00
5374 0.00
5375 0.00
5376 35.29
5377 0.00
5378 0.00
5379 0.00
5380 0.00
5381 0.00
5382 0.00
5383 0.00
5384 0.49
5385 2.91
5386 1.87
5387 1.80
5388 1.97
5389 1.57
5390 1.80
5391 1.96
5392 1.82
5393 1.99
5394 2.13
5395 2.60
5396 3.75
5397 8.33
5398 0.00
5399 0.00
5400 0.00
5401 0.00
5402 0.00
5403 0.00
5404 0.00
5405 3.23
5406 0.00
5407 22.59
5408 0.44
5409 3.71
5410 2.22
5411 2.00
5412 1.68
5413 1.94
5414 1.87
5415 2.36
5416 1.87
5417 2.21
5418 2.31
5419 2.08
5420 2.33
5421 11.80
5422 12.08
5423 23.76
5424 3.23
5425 7.20
5426 0.00
5427 0.00
5428 0.00
5429 0.00
5430 29.03
5431 34.12
5432 0.50
5433 2.00
5434 2.10
5435 1.87
5436 1.50
5437 1.64
5438 1.90
5439 2.03
5440 2.18
5441 2.37
5442 2.37
5443 2.37
5444 2.58
5445 7.52
5446 0.00
5447 0.00
5448 45.00
5449 54.55
5450 15.96
5451 0.00
5452 0.00
5453 0.00
5454 43.37
5455 52.17
5456 0.41
5457 2.73
5458 1.57
5459 2.06
5460 1.48
5461 1.80
5462 1.94
5463 1.55
5464 1.89
5465 2.08
5466 2.29
5467 1.88
5468 2.49
5469 4.22
5470 6.10
5471 12.65
5472 53.73
5473 0.00
5474 0.00
5475 0.00
5476 0.00
5477 0.00
5478 3.72
5479 50.70
5480 0.38
5481 2.90
5482 2.14
5483 1.58
5484 2.00
5485 1.71
5486 1.69
5487 1.86
5488 2.41
5489 2.06
5490 1.88
5491 2.06
5492 2.49
5493 2.89
5494 30.77
5495 1.33
5496 21.95
5497 30.19
5498 28.07
5499 33.54
5500 25.35
5501 0.00
5502 15.25
5503 0.00
5504 0.24
5505 4.94
5506 2.76
5507 2.13
5508 2.02
5509 2.03
5510 1.82
5511 2.01
5512 2.17
5513 1.67
5514 2.02
5515 1.76
5516 2.10
5517 1.22
5518 1.13
5519 1.63
5520 1.40
5521 2.28
5522 22.36
5523 0.00
5524 0.00
5525 0.00
5526 5.99
5527 0.00
5528 0.51
5529 2.21
5530 1.95
5531 1.67
5532 1.46
5533 1.27
5534 1.31
5535 1.40
5536 1.67
5537 1.59
5538 2.54
5539 6.05
5540 57.14
5541 1.27
5542 10.53
5543 47.37
5544 0.00
5545 4.56
5546 0.00
5547 0.00
5548 0.00
5549 0.00
5550 40.91
5551 0.00
5552 0.35
5553 2.82
5554 1.73
5555 2.27
5556 1.69
5557 1.70
5558 1.56
5559 2.01
5560 2.10
5561 2.03
5562 2.08
5563 2.45
5564 3.25
5565 29.83
5566 28.80
5567 0.00
5568 39.13
5569 0.00
5570 29.75
5571 0.00
5572 0.00
5573 0.00
5574 38.71
5575 16.14
5576 0.47
5577 3.54
5578 2.98
5579 1.20
5580 1.74
5581 1.62
5582 1.76
5583 1.80
5584 2.06
5585 1.92
5586 2.40
5587 2.01
5588 2.82
5589 18.61
5590 9.63
5591 9.23
5592 0.00
5593 0.00
5594 0.00
5595 0.00
5596 0.00
5597 0.00
5598 52.94
5599 22.64
5600 0.33
5601 3.89
5602 1.69
5603 1.80
5604 1.54
5605 1.52
5606 1.57
5607 1.78
5608 2.21
5609 1.87
5610 1.82
5611 2.11
5612 2.28
5613 2.96
5614 14.29
5615 0.00
5616 41.86
5617 10.68
5618 0.00
5619 10.60
5620 0.00
5621 0.00
5622 0.00
5623 20.99
5624 0.31
5625 2.04
5626 1.75
5627 1.56
5628 2.03
5629 1.93
5630 1.82
5631 2.10
5632 1.66
5633 2.31
5634 2.30
5635 1.84
5636 1.81
5637 0.00
5638 0.00
5639 4.53
5640 0.00
5641 33.96
5642 0.00
5643 0.00
5644 0.00
5645 54.55
5646 0.00
5647 48.00
5648 0.48
5649 1.78
5650 1.59
5651 1.86
5652 1.66
5653 1.83
5654 1.74
5655 1.84
5656 1.63
5657 2.03
5658 1.85
5659 2.03
5660 1.85
5661 36.99
5662 29.75
5663 15.93
5664 33.71
5665 23.74
5666 30.32
5667 16.53
5668 0.00
5669 0.00
5670 0.00
5671 34.62
5672 0.20
5673 2.58
5674 2.70
5675 1.91
5676 2.30
5677 2.34
5678 1.69
5679 1.76
5680 1.94
5681 2.43
5682 2.63
5683 2.03
5684 2.32
5685 2.03
5686 0.00
5687 0.00
5688 0.00
5689 0.53
5690 0.00
5691 0.00
5692 16.44
5693 45.57
5694 0.00
5695 0.14
5696 0.34
5697 1.97
5698 1.72
5699 1.56
5700 1.64
5701 1.57
5702 1.27
5703 1.44
5704 1.76
5705 1.89
5706 2.02
5707 4.96
5708 2.10
5709 1.30
5710 31.58
5711 0.00
5712 0.00
5713 0.00
5714 0.00
5715 0.00
5716 0.00
5717 0.00
5718 0.00
5719 9.55
5720 0.37
5721 4.18
5722 1.71
5723 1.96
5724 1.85
5725 1.76
5726 2.28
5727 1.77
5728 2.16
5729 2.53
5730 2.66
5731 1.95
5732 3.24
5733 14.21
5734 33.64
5735 50.70
5736 51.43
5737 0.00
5738 23.38
5739 0.00
5740 0.00
5741 0.00
5742 47.37
5743 0.00
5744 0.34
5745 2.63
5746 1.72
5747 1.77
5748 1.81
5749 1.98
5750 2.12
5751 1.72
5752 2.31
5753 2.29
5754 2.38
5755 2.33
5756 3.39
5757 4.52
5758 0.00
5759 22.57
5760 14.94
5761 0.00
5762 0.00
5763 0.00
5764 0.00
5765 0.00
5766 46.15
5767 0.00
5768 0.31
5769 1.58
5770 1.88
5771 2.19
5772 1.89
5773 1.70
5774 1.93
5775 1.77
5776 2.20
5777 2.26
5778 2.21
5779 2.69
5780 3.04
5781 8.01
5782 1.97
5783 0.00
5784 27.38
5785 9.92
5786 0.00
5787 0.00
5788 0.00
5789 0.00
5790 1.45
5791 1.63
5792 0.41
5793 3.07
5794 2.17
5795 1.73
5796 1.47
5797 1.71
5798 1.56
5799 2.10
5800 1.57
5801 2.29
5802 2.43
5803 1.91
5804 4.17
5805 5.07
5806 0.00
5807 30.00
5808 0.00
5809 0.00
5810 0.00
5811 0.00
5812 0.00
5813 39.13
5814 1.67
5815 34.62
5816 0.63
5817 3.00
5818 2.25
5819 1.75
5820 2.10
5821 1.68
5822 1.53
5823 2.10
5824 1.96
5825 2.13
5826 1.80
5827 1.69
5828 2.84
5829 37.11
5830 1.26
5831 39.56
5832 30.25
5833 43.48
5834 27.48
5835 3.84
5836 0.00
5837 0.00
5838 0.00
5839 0.00
5840 0.18
5841 2.80
5842 1.70
5843 1.75
5844 1.73
5845 1.97
5846 1.61
5847 1.84
5848 1.85
5849 2.13
5850 1.74
5851 1.87
5852 1.96
5853 5.74
5854 0.74
5855 0.68
5856 12.00
5857 0.30
5858 17.43
5859 2.66
5860 53.73
5861 0.00
5862 0.00
5863 0.00
5864 0.39
5865 1.16
5866 1.43
5867 2.05
5868 1.66
5869 1.32
5870 1.35
5871 1.59
5872 1.59
5873 1.88
5874 2.05
5875 4.73
5876 46.75
5877 0.00
5878 0.00
5879 4.84
5880 0.00
5881 0.00
5882 0.00
5883 0.00
5884 0.00
5885 0.00
5886 1.33
5887 43.37
5888 0.29
5889 3.15
5890 1.79
5891 1.82
5892 2.01
5893 1.95
5894 1.88
5895 2.12
5896 2.13
5897 2.73
5898 2.43
5899 2.32
5900 3.99
5901 12.82
5902 12.10
5903 43.11
5904 45.57
5905 0.00
5906 0.00
5907 1.65
5908 0.00
5909 0.00
5910 14.63
5911 12.86
5912 0.29
5913 2.30
5914 1.90
5915 1.48
5916 1.99
5917 1.62
5918 1.42
5919 1.83
5920 2.09
5921 1.92
5922 2.22
5923 2.02
5924 2.95
5925 7.57
5926 0.00
5927 0.00
5928 48.00
5929 0.00
5930 0.00
5931 0.00
5932 0.00
5933 2.31
5934 0.00
5935 0.00
5936 0.34
5937 2.22
5938 2.07
5939 1.79
5940 1.82
5941 1.84
5942 1.72
5943 1.74
5944 2.19
5945 2.15
5946 1.93
5947 2.32
5948 2.84
5949 13.96
5950 24.32
5951 0.00
5952 0.00
5953 0.00
5954 0.00
5955 0.00
5956 0.00
5957 0.00
5958 0.00
5959 28.12
5960 0.32
5961 1.93
5962 1.34
5963 1.49
5964 1.36
5965 1.82
5966 1.33
5967 1.65
5968 2.23
5969 2.42
5970 1.93
5971 2.02
5972 2.27
5973 3.26
5974 2.11
5975 47.37
5976 56.25
5977 35.29
5978 0.00
5979 0.00
5980 0.00
5981 0.00
5982 1.37
5983 0.00
5984 0.36
5985 3.27
5986 1.91
5987 1.67
5988 1.92
5989 1.72
5990 1.81
5991 2.01
5992 1.94
5993 1.72
5994 1.76
5995 1.88
5996 2.87
5997 1.54
5998 0.00
5999 0.00
6000 0.00
6001 3.26
6002 28.69
6003 1.44
6004 41.38
6005 0.00
6006 0.00
6007 21.36
6008 0.19
6009 5.96
6010 2.24
6011 1.99
6012 1.94
6013 1.83
6014 1.82
6015 2.00
6016 1.74
6017 1.94
6018 2.72
6019 1.85
6020 2.27
6021 1.46
6022 0.73
6023 0.00
6024 0.00
6025 0.50
6026 9.76
6027 0.00
6028 0.00
6029 0.00
6030 0.00
6031 0.00
6032 0.33
6033 2.26
6034 1.51
6035 1.39
6036 1.68
6037 1.56
6038 1.40
6039 1.47
6040 1.83
6041 1.71
6042 2.10
6043 5.39
6044 1.88
6045 0.00
6046 11.25
6047 0.00
6048 0.00
6049 0.00
6050 0.00
6051 0.00
6052 0.00
6053 0.00
6054 1.42
6055 22.64
6056 0.34
6057 2.35
6058 1.91
6059 2.00
6060 1.85
6061 1.77
6062 2.04
6063 2.05
6064 1.40
6065 2.41
6066 2.82
6067 2.30
6068 3.48
6069 19.80
6070 5.50
6071 10.71
6072 0.00
6073 0.00
6074 0.00
6075 0.00
6076 0.00
6077 0.00
6078 0.00
6079 11.36
6080 0.28
6081 3.52
6082 1.92
6083 1.90
6084 1.97
6085 1.76
6086 1.63
6087 1.80
6088 2.41
6089 2.21
6090 2.80
6091 1.90
6092 2.91
6093 4.52
6094 11.58
6095 17.73
6096 57.14
6097 0.00
6098 0.00
6099 0.00
6100 0.00
6101 24.66
6102 12.93
6103 0.00
6104 0.28
6105 2.29
6106 2.24
6107 1.82
6108 1.91
6109 1.72
6110 1.93
6111 1.68
6112 2.14
6113 2.03
6114 3.81
6115 2.74
6116 3.73
6117 9.80
6118 10.14
6119 30.00
6120 0.00
6121 0.00
6122 0.00
6123 0.00
6124 0.00
6125 0.00
6126 0.00
6127 35.29
6128 0.28
6129 2.78
6130 1.97
6131 2.08
6132 2.16
6133 1.78
6134 1.69
6135 2.14
6136 2.28
6137 2.09
6138 2.12
6139 1.70
6140 2.56
6141 17.07
6142 0.34
6143 5.49
6144 0.00
6145 2.76
6146 36.00
6147 0.00
6148 4.49
6149 0.00
6150 1.96
6151 0.00
6152 0.38
6153 2.54
6154 2.34
6155 2.09
6156 2.00
6157 1.67
6158 1.86
6159 1.93
6160 2.16
6161 2.25
6162 1.95
6163 1.81
6164 1.93
6165 2.83
6166 25.26
6167 0.00
6168 2.97
6169 0.37
6170 0.00
6171 0.00
6172 0.00
6173 0.00
6174 0.00
6175 0.00
6176 0.17
6177 1.89
6178 2.20
6179 1.84
6180 2.36
6181 1.74
6182 1.34
6183 1.54
6184 1.58
6185 2.19
6186 1.86
6187 1.83
6188 2.16
6189 10.81
6190 0.51
6191 4.44
6192 3.52
6193 0.42
6194 0.00
6195 0.00
6196 0.00
6197 6.79
6198 0.00
6199 34.95
6200 0.38
6201 1.87
6202 1.74
6203 1.43
6204 1.40
6205 1.60
6206 1.23
6207 1.32
6208 1.47
6209 1.87
6210 1.74
6211 3.69
6212 52.94
6213 3.91
6214 0.00
6215 0.00
6216 0.00
6217 0.00
6218 0.00
6219 0.00
6220 0.00
6221 0.00
6222 1.17
6223 0.00
6224 0.31
6225 2.56
6226 2.18
6227 1.92
6228 1.85
6229 1.53
6230 2.05
6231 1.58
6232 1.84
6233 2.40
6234 2.63
6235 1.89
6236 2.61
6237 4.90
6238 1.63
6239 0.00
6240 39.27
6241 54.55
6242 0.00
6243 31.30
6244 0.00
6245 0.00
6246 46.15
6247 15.19
6248 0.35
6249 2.87
6250 1.84
6251 1.44
6252 1.44
6253 2.02
6254 1.93
6255 1.75
6256 1.76
6257 1.84
6258 2.24
6259 1.86
6260 2.37
6261 11.61
6262 9.68
6263 9.25
6264 0.00
6265 20.57
6266 0.00
6267 0.00
6268 0.00
6269 10.91
6270 4.98
6271 0.00
6272 0.34
6273 1.33
6274 1.62
6275 1.70
6276 1.70
6277 1.63
6278 2.09
6279 1.74
6280 1.99
6281 2.38
6282 2.22
6283 1.95
6284 2.39
6285 3.23
6286 5.12
6287 51.43
6288 32.14
6289 34.29
6290 0.00
6291 0.00
6292 0.00
6293 0.00
6294 0.00
6295 28.57
6296 0.34
6297 2.59
6298 1.86
6299 2.08
6300 1.79
6301 1.77
6302 1.67
6303 1.70
6304 1.65
6305 3.43
6306 2.05
6307 1.76
6308 2.33
6309 5.04
6310 7.98
6311 0.00
6312 0.00
6313 9.11
6314 0.00
6315 0.00
6316 0.00
6317 0.00
6318 0.00
6319 19.41
6320 0.35
6321 2.38
6322 1.57
6323 1.60
6324 1.84
6325 1.96
6326 1.78
6327 2.15
6328 2.08
6329 2.04
6330 2.00
6331 1.70
6332 2.13
6333 4.04
6334 21.24
6335 48.65
6336 3.08
6337 8.22
6338 1.47
6339 3.15
6340 0.00
6341 0.00
6342 0.00
6343 15.00
6344 0.17
6345 2.69
6346 2.59
6347 1.74
6348 1.72
6349 1.65
6350 1.86
6351 1.79
6352 2.11
6353 1.45
6354 2.16
6355 1.83
6356 2.72
6357 1.50
6358 0.00
6359 1.62
6360 1.37
6361 0.72
6362 0.00
6363 0.00
6364 0.00
6365 0.00
6366 0.00
6367 0.00
6368 0.42
6369 2.02
6370 1.55
6371 1.76
6372 1.43
6373 1.48
6374 1.36
6375 1.49
6376 1.55
6377 1.41
6378 1.63
6379 5.18
6380 33.03
6381 0.92
6382 0.00
6383 0.00
6384 0.00
6385 0.00
6386 0.00
6387 0.00
6388 4.07
6389 43.90
6390 44.44
6391 24.49
6392 0.31
6393 1.81
6394 1.67
6395 1.84
6396 1.53
6397 1.87
6398 1.72
6399 1.83
6400 2.32
6401 2.09
6402 2.32
6403 1.73
6404 2.48
6405 1.14
6406 56.25
6407 52.17
6408 48.00
6409 21.43
6410 56.25
6411 0.00
6412 0.00
6413 0.00
6414 17.21
6415 59.02
6416 0.70
6417 1.26
6418 1.71
6419 2.02
6420 1.72
6421 1.61
6422 1.71
6423 1.96
6424 2.09
6425 2.38
6426 2.55
6427 2.15
6428 3.83
6429 9.62
6430 1.49
6431 0.00
6432 0.00
6433 2.10
6434 0.00
6435 0.00
6436 23.30
6437 0.00
6438 3.80
6439 22.02
6440 0.31
6441 2.02
6442 2.24
6443 2.07
6444 1.82
6445 1.61
6446 1.67
6447 1.63
6448 1.77
6449 2.03
6450 2.44
6451 2.03
6452 2.26
6453 4.87
6454 11.80
6455 0.00
6456 42.86
6457 55.81
6458 0.00
6459 0.00
6460 0.00
6461 46.15
6462 0.00
6463 34.78
6464 0.37
6465 2.47
6466 1.61
6467 1.45
6468 1.89
6469 1.76
6470 2.20
6471 1.92
6472 2.00
6473 2.28
6474 2.14
6475 1.87
6476 2.37
6477 4.18
6478 11.18
6479 3.88
6480 0.00
6481 30.51
6482 0.00
6483 0.00
6484 0.00
6485 0.00
6486 1.43
6487 31.39
6488 0.34
6489 2.61
6490 2.30
6491 1.69
6492 2.03
6493 1.68
6494 1.59
6495 2.13
6496 1.68
6497 2.17
6498 1.94
6499 1.64
6500 1.75
6501 1.87
6502 3.26
6503 4.75
6504 3.73
6505 1.56
6506 25.53
6507 0.00
6508 1.98
6509 0.00
6510 51.43
6511 0.00
6512 0.16
6513 1.73
6514 2.08
6515 2.19
6516 1.86
6517 1.59
6518 2.06
6519 1.82
6520 2.03
6521 1.63
6522 1.55
6523 1.75
6524 2.41
6525 5.14
6526 2.12
6527 0.00
6528 5.95
6529 0.68
6530 0.00
6531 0.00
6532 0.00
6533 0.00
6534 20.45
6535 0.00
6536 0.42
6537 1.92
6538 1.62
6539 1.72
6540 1.30
6541 1.51
6542 1.39
6543 1.41
6544 1.51
6545 0.93
6546 1.54
6547 5.47
6548 8.49
6549 3.34
6550 2.22
6551 23.08
6552 0.00
6553 0.81
6554 0.00
6555 0.00
6556 2.72
6557 0.41
6558 31.72
6559 20.11
6560 1.01
6561 2.08
6562 1.58
6563 2.21
6564 1.98
6565 2.11
6566 1.67
6567 1.55
6568 1.75
6569 2.58
6570 1.96
6571 1.90
6572 2.45
6573 6.04
6574 25.99
6575 1.87
6576 28.97
6577 0.65
6578 7.00
6579 0.00
6580 0.00
6581 7.83
6582 2.45
6583 0.00
6584 1.28
6585 1.71
6586 1.80
6587 1.32
6588 1.24
6589 1.70
6590 1.18
6591 1.20
6592 1.41
6593 1.38
6594 1.82
6595 4.89
6596 0.88
6597 9.73
6598 13.11
6599 20.45
6600 3.59
6601 0.00
6602 0.00
6603 0.00
6604 13.95
6605 0.00
6606 0.00
6607 11.09
6608 1.53
6609 1.84
6610 1.73
6611 1.65
6612 1.73
6613 1.81
6614 1.73
6615 1.59
6616 1.96
6617 2.24
6618 2.57
6619 2.19
6620 3.24
6621 12.06
6622 0.00
6623 54.55
6624 43.37
6625 0.00
6626 0.00
6627 0.00
6628 0.00
6629 0.00
6630 52.17
6631 14.38
6632 1.19
6633 2.15
6634 1.72
6635 1.89
6636 1.53
6637 1.60
6638 1.58
6639 1.79
6640 2.12
6641 2.07
6642 2.35
6643 1.62
6644 2.30
6645 4.45
6646 8.31
6647 4.78
6648 27.69
6649 0.00
6650 0.00
6651 0.00
6652 1.73
6653 20.11
6654 4.96
6655 12.81
6656 1.99
6657 1.55
6658 1.95
6659 1.77
6660 1.98
6661 1.71
6662 1.58
6663 1.67
6664 1.88
6665 2.52
6666 2.07
6667 2.10
6668 2.42
6669 2.48
6670 30.00
6671 11.29
6672 13.58
6673 46.15
6674 0.00
6675 56.25
6676 11.61
6677 0.00
6678 5.86
6679 21.43
6680 2.15
6681 1.51
6682 2.07
6683 1.88
6684 1.75
6685 1.60
6686 1.81
6687 2.00
6688 1.59
6689 2.07
6690 2.01
6691 1.70
6692 2.24
6693 9.24
6694 0.00
6695 41.86
6696 14.63
6697 11.56
6698 24.05
6699 0.00
6700 4.03
6701 7.50
6702 4.47
6703 14.91
6704 1.67
6705 2.28
6706 1.88
6707 1.82
6708 1.92
6709 1.59
6710 1.42
6711 2.09
6712 1.92
6713 2.08
6714 2.13
6715 1.64
6716 2.16
6717 1.10
6718 7.78
6719 3.39
6720 21.43
6721 12.27
6722 19.57
6723 4.03
6724 12.13
6725 7.03
6726 18.37
6727 1.22
6728 0.83
6729 2.32
6730 1.83
6731 1.85
6732 1.68
6733 1.80
6734 1.63
6735 1.56
6736 1.79
6737 2.00
6738 2.15
6739 1.74
6740 2.23
6741 1.27
6742 0.00
6743 7.66
6744 7.56
6745 2.36
6746 10.38
6747 2.34
6748 4.76
6749 2.27
6750 53.73
6751 2.46
6752 1.07
6753 2.23
6754 1.87
6755 1.48
6756 1.52
6757 1.42
6758 1.43
6759 1.65
6760 1.44
6761 1.27
6762 1.91
6763 4.87
6764 0.00
6765 0.00
6766 25.81
6767 0.00
6768 0.00
6769 0.00
6770 0.00
6771 0.00
6772 37.89
6773 0.00
6774 4.25
6775 9.27
6776 2.07
6777 3.63
6778 1.90
6779 1.80
6780 1.71
6781 1.43
6782 1.58
6783 1.62
6784 1.83
6785 2.37
6786 2.39
6787 1.84
6788 2.04
6789 0.00
6790 56.25
6791 33.44
6792 32.73
6793 6.14
6794 5.20
6795 0.00
6796 0.00
6797 45.00
6798 36.00
6799 11.43
6800 2.65
6801 1.77
6802 1.62
6803 1.78
6804 1.67
6805 1.79
6806 1.57
6807 1.90
6808 1.78
6809 1.98
6810 2.18
6811 1.79
6812 2.17
6813 4.66
6814 53.73
6815 0.00
6816 9.60
6817 22.93
6818 0.00
6819 0.00
6820 21.05
6821 48.65
6822 3.44
6823 14.08
6824 1.27
6825 1.60
6826 1.51
6827 1.67
6828 1.87
6829 1.81
6830 1.69
6831 1.96
6832 2.03
6833 1.86
6834 2.01
6835 1.85
6836 2.66
6837 5.22
6838 0.00
6839 1.21
6840 6.07
6841 0.13
6842 0.00
6843 0.00
6844 0.00
6845 6.39
6846 0.00
6847 0.56
6848 1.79
6849 1.73
6850 1.65
6851 1.78
6852 1.64
6853 1.97
6854 1.53
6855 1.89
6856 1.88
6857 2.23
6858 2.01
6859 1.67
6860 1.99
6861 6.82
6862 32.43
6863 11.96
6864 27.48
6865 0.13
6866 1.86
6867 0.00
6868 0.00
6869 2.37
6870 0.00
6871 12.78
6872 2.25
6873 1.70
6874 1.85
6875 1.66
6876 1.81
6877 1.83
6878 2.03
6879 1.95
6880 2.22
6881 2.46
6882 2.16
6883 1.98
6884 2.22
6885 2.12
6886 48.76
6887 1.03
6888 3.63
6889 1.20
6890 13.31
6891 20.91
6892 9.21
6893 52.17
6894 0.00
6895 0.56
6896 0.89
6897 2.30
6898 2.18
6899 1.71
6900 1.63
6901 1.72
6902 1.51
6903 1.60
6904 1.46
6905 1.94
6906 1.77
6907 1.67
6908 2.40
6909 2.16
6910 0.00
6911 3.06
6912 18.25
6913 1.54
6914 10.41
6915 7.67
6916 8.58
6917 2.73
6918 1.05
6919 0.00
6920 1.19
6921 1.74
6922 1.93
6923 1.32
6924 1.11
6925 1.38
6926 1.14
6927 1.14
6928 1.28
6929 1.26
6930 1.75
6931 5.61
6932 44.44
6933 13.46
6934 56.25
6935 0.00
6936 0.00
6937 0.00
6938 0.00
6939 0.00
6940 0.00
6941 25.53
6942 0.00
6943 17.34
6944 1.81
6945 2.05
6946 1.74
6947 1.67
6948 1.98
6949 1.84
6950 1.81
6951 1.48
6952 1.83
6953 2.22
6954 2.67
6955 1.88
6956 2.86
6957 1.84
6958 0.00
6959 31.72
6960 27.69
6961 0.00
6962 0.00
6963 0.00
6964 0.00
6965 0.00
6966 34.95
6967 12.06
6968 2.03
6969 1.55
6970 1.41
6971 1.84
6972 1.96
6973 1.69
6974 1.84
6975 1.82
6976 2.19
6977 2.55
6978 2.79
6979 2.12
6980 2.53
6981 14.86
6982 0.84
6983 2.73
6984 2.79
6985 0.00
6986 0.00
6987 0.00
6988 48.65
6989 22.36
6990 0.00
6991 6.59
6992 2.21
6993 1.83
6994 1.65
6995 1.62
6996 1.77
6997 1.79
6998 1.81
6999 1.80
7000 2.02
7001 2.11
7002 1.75
7003 1.80
7004 2.27
7005 5.70
7006 13.26
7007 16.14
7008 50.70
7009 0.00
7010 0.00
7011 0.00
7012 0.00
7013 51.43
7014 10.27
7015 12.68
7016 1.86
7017 1.57
7018 1.57
7019 1.77
7020 1.85
7021 2.10
7022 1.94
7023 1.73
7024 1.78
7025 1.89
7026 1.89
7027 1.96
7028 2.32
7029 3.69
7030 3.88
7031 7.91
7032 0.00
7033 1.24
7034 0.00
7035 0.00
7036 14.06
7037 18.18
7038 42.86
7039 16.74
7040 1.62
7041 1.31
7042 1.49
7043 1.82
7044 1.73
7045 1.71
7046 1.66
7047 1.70
7048 1.77
7049 2.28
7050 2.44
7051 1.89
7052 2.24
7053 2.75
7054 2.90
7055 1.20
7056 0.00
7057 0.25
7058 6.19
7059 20.97
7060 1.68
7061 0.00
7062 0.00
7063 0.00
7064 1.14
7065 2.03
7066 1.65
7067 1.92
7068 1.63
7069 1.73
7070 1.70
7071 1.83
7072 2.00
7073 1.99
7074 2.10
7075 1.85
7076 2.36
7077 4.75
7078 1.33
7079 3.12
7080 0.00
7081 0.58
7082 0.29
7083 0.54
7084 0.00
7085 0.00
7086 0.00
7087 27.27
7088 2.37
7089 2.15
7090 1.06
7091 1.31
7092 1.25
7093 1.22
7094 1.44
7095 1.46
7096 1.23
7097 1.95
7098 1.69
7099 3.47
7100 0.00
7101 12.20
7102 11.33
7103 0.76
7104 57.14
7105 0.37
7106 0.00
7107 0.00
7108 0.00
7109 0.00
7110 0.00
7111 3.79
7112 1.78
7113 2.32
7114 1.63
7115 2.08
7116 1.58
7117 1.74
7118 1.67
7119 1.65
7120 1.84
7121 1.67
7122 2.29
7123 2.05
7124 3.27
7125 9.74
7126 24.24
7127 10.00
7128 20.99
7129 0.00
7130 5.16
7131 0.00
7132 9.73
7133 20.93
7134 16.95
7135 13.21
7136 2.00
7137 1.22
7138 1.68
7139 1.79
7140 1.62
7141 1.82
7142 1.70
7143 1.76
7144 1.67
7145 2.21
7146 2.30
7147 1.72
7148 2.77
7149 7.74
7150 0.00
7151 7.48
7152 0.00
7153 2.42
7154 4.06
7155 0.00
7156 35.64
7157 0.00
7158 6.04
7159 17.27
7160 1.61
7161 2.25
7162 1.88
7163 1.49
7164 1.60
7165 1.78
7166 1.62
7167 1.79
7168 1.82
7169 1.91
7170 2.17
7171 1.79
7172 2.94
7173 1.38
7174 0.00
7175 0.00
7176 38.71
7177 45.57
7178 0.00
7179 43.37
7180 37.11
7181 0.00
7182 3.74
7183 52.17
7184 1.36
7185 1.40
7186 1.81
7187 1.76
7188 1.80
7189 1.66
7190 1.87
7191 1.84
7192 1.74
7193 1.80
7194 1.94
7195 1.71
7196 2.20
7197 1.40
7198 48.65
7199 6.22
7200 0.00
7201 0.00
7202 11.18
7203 0.00
7204 0.00
7205 0.00
7206 0.00
7207 6.82
7208 1.79
7209 1.63
7210 1.81
7211 1.78
7212 1.74
7213 1.52
7214 1.65
7215 2.02
7216 1.99
7217 1.91
7218 2.22
7219 2.02
7220 2.92
7221 2.29
7222 6.27
7223 3.01
7224 2.24
7225 1.47
7226 7.83
7227 0.00
7228 13.01
7229 0.00
7230 51.43
7231 44.72
7232 1.31
7233 2.77
7234 2.02
7235 1.85
7236 1.80
7237 1.84
7238 1.49
7239 1.61
7240 1.83
7241 1.96
7242 1.78
7243 1.67
7244 2.67
7245 1.67
7246 1.98
7247 2.26
7248 2.25
7249 0.49
7250 0.43
7251 0.31
7252 0.40
7253 0.00
7254 0.00
7255 0.00
7256 0.75
7257 0.94
7258 1.45
7259 1.27
7260 1.68
7261 1.16
7262 1.18
7263 1.31
7264 1.27
7265 1.32
7266 1.88
7267 4.13
7268 0.00
7269 0.00
7270 41.38
7271 0.00
7272 0.00
7273 39.56
7274 0.00
7275 0.00
7276 23.43
7277 0.00
7278 2.79
7279 9.54
7280 1.31
7281 2.47
7282 2.00
7283 1.55
7284 1.52
7285 1.82
7286 1.48
7287 1.74
7288 1.85
7289 2.00
7290 1.89
7291 1.95
7292 2.28
7293 18.99
7294 1.15
7295 1.58
7296 27.48
7297 0.73
7298 0.00
7299 0.00
7300 0.96
7301 8.38
7302 9.05
7303 5.92
7304 0.25
7305 0.40
7306 0.76
7307 0.79
7308 1.11
7309 0.87
7310 1.20
7311 0.95
7312 1.30
7313 1.14
7314 1.31
7315 1.99
7316 3.33
7317 9.89
7318 0.00
7319 17.79
7320 16.74
7321 28.57
7322 51.43
7323 0.00
7324 0.00
7325 0.00
7326 0.00
7327 8.08
7328 2.16
7329 2.27
7330 1.81
7331 1.51
7332 1.78
7333 1.78
7334 1.57
7335 1.87
7336 1.67
7337 1.90
7338 2.69
7339 1.82
7340 2.27
7341 24.12
7342 49.32
7343 0.00
7344 40.00
7345 0.00
7346 0.00
7347 0.00
7348 37.11
7349 4.36
7350 27.91
7351 9.80
7352 1.93
7353 2.03
7354 1.47
7355 1.73
7356 1.73
7357 1.72
7358 1.78
7359 1.70
7360 1.94
7361 2.40
7362 2.31
7363 1.74
7364 2.31
7365 5.16
7366 2.76
7367 0.00
7368 0.00
7369 1.71
7370 0.98
7371 0.00
7372 4.86
7373 0.00
7374 2.04
7375 21.82
7376 1.84
7377 1.64
7378 1.56
7379 1.50
7380 1.53
7381 1.45
7382 1.64
7383 1.81
7384 1.99
7385 1.63
7386 1.92
7387 1.82
7388 2.65
7389 7.74
7390 1.69
7391 1.53
7392 6.82
7393 0.42
7394 0.00
7395 0.00
7396 0.71
7397 0.00
7398 0.00
7399 17.14
7400 1.00
7401 4.04
7402 1.40
7403 1.88
7404 1.74
7405 1.54
7406 2.03
7407 1.84
7408 1.95
7409 2.10
7410 2.20
7411 2.26
7412 2.43
7413 2.91
7414 1.57
7415 1.42
7416 10.51
7417 3.02
7418 59.02
7419 0.00
7420 0.00
7421 0.00
7422 0.00
7423 22.22
7424 1.45
7425 1.20
7426 1.39
7427 1.65
7428 1.28
7429 1.37
7430 1.15
7431 1.49
7432 1.46
7433 2.08
7434 1.91
7435 4.23
7436 19.67
7437 0.00
7438 3.93
7439 0.00
7440 0.00
7441 0.00
7442 0.00
7443 0.00
7444 0.00
7445 0.00
7446 2.60
7447 15.35
7448 1.25
7449 2.04
7450 1.49
7451 1.64
7452 1.53
7453 1.68
7454 1.50
7455 1.81
7456 1.88
7457 1.85
7458 2.09
7459 2.04
7460 2.85
7461 6.35
7462 39.13
7463 27.62
7464 0.00
7465 43.90
7466 0.00
7467 0.00
7468 0.00
7469 0.00
7470 0.00
7471 11.25
7472 1.42
7473 2.14
7474 1.61
7475 1.45
7476 1.59
7477 1.79
7478 1.53
7479 1.92
7480 1.99
7481 2.11
7482 2.56
7483 1.83
7484 2.73
7485 8.66
7486 14.23
7487 9.97
7488 11.15
7489 46.15
7490 0.00
7491 0.00
7492 1.67
7493 0.00
7494 0.00
7495 5.49
7496 1.46
7497 1.98
7498 1.78
7499 1.64
7500 1.73
7501 1.61
7502 1.69
7503 1.61
7504 1.55
7505 2.48
7506 1.77
7507 1.60
7508 3.46
7509 12.58
7510 13.04
7511 0.00
7512 0.00
7513 51.43
7514 0.00
7515 0.00
7516 15.00
7517 3.53
7518 21.64
7519 13.71
7520 1.34
7521 1.77
7522 1.37
7523 1.70
7524 1.94
7525 1.64
7526 1.37
7527 1.73
7528 1.78
7529 1.57
7530 1.97
7531 1.51
7532 1.96
7533 4.44
7534 22.93
7535 25.53
7536 13.25
7537 28.57
7538 0.00
7539 0.00
7540 0.00
7541 0.00
7542 9.94
7543 8.23
7544 1.32
7545 1.53
7546 1.52
7547 1.85
7548 1.91
7549 1.70
7550 1.75
7551 2.00
7552 2.07
7553 2.52
7554 1.70
7555 1.59
7556 2.13
7557 1.80
7558 13.37
7559 1.51
7560 3.87
7561 1.29
7562 19.20
7563 11.89
7564 10.98
7565 0.00
7566 0.00
7567 28.12
7568 1.64
7569 2.37
7570 1.65
7571 1.46
7572 1.48
7573 1.81
7574 1.81
7575 1.60
7576 1.78
7577 1.98
7578 2.03
7579 1.78
7580 2.92
7581 1.23
7582 0.94
7583 0.00
7584 4.58
7585 9.90
7586 0.89
7587 0.00
7588 0.00
7589 2.18
7590 0.00
7591 0.00
7592 1.58
7593 1.51
7594 1.26
7595 1.39
7596 1.44
7597 1.24
7598 1.43
7599 1.12
7600 1.38
7601 1.23
7602 1.89
7603 4.48
7604 0.34
7605 0.00
7606 22.93
7607 0.00
7608 1.15
7609 1.01
7610 0.94
7611 7.64
7612 4.18
7613 1.98
7614 0.00
7615 7.53
7616 2.32
7617 2.57
7618 2.05
7619 1.63
7620 1.78
7621 1.56
7622 1.79
7623 1.69
7624 1.81
7625 1.89
7626 1.77
7627 1.74
7628 2.49
7629 8.69
7630 27.91
7631 29.51
7632 20.93
7633 11.21
7634 0.00
7635 0.00
7636 0.00
7637 11.84
7638 0.42
7639 9.31
7640 0.59
7641 2.02
7642 1.82
7643 1.43
7644 1.88
7645 1.89
7646 1.50
7647 1.78
7648 1.83
7649 2.45
7650 1.93
7651 1.60
7652 2.58
7653 8.76
7654 22.04
7655 0.00
7656 0.00
7657 0.84
7658 0.00
7659 7.58
7660 0.00
7661 0.00
7662 0.00
7663 7.14
7664 1.68
7665 1.86
7666 1.68
7667 1.62
7668 1.48
7669 1.96
7670 1.53
7671 1.82
7672 1.92
7673 2.42
7674 2.46
7675 1.68
7676 2.25
7677 11.85
7678 0.00
7679 46.75
7680 1.51
7681 0.00
7682 0.00
7683 0.00
7684 0.00
7685 3.32
7686 54.55
7687 11.62
7688 1.86
7689 2.41
7690 1.63
7691 1.58
7692 1.70
7693 1.39
7694 1.78
7695 1.89
7696 2.06
7697 1.98
7698 1.50
7699 1.52
7700 2.62
7701 2.58
7702 8.73
7703 8.82
7704 54.55
7705 2.41
7706 9.73
7707 0.00
7708 45.00
7709 2.28
7710 0.00
7711 20.34
7712 1.56
7713 1.43
7714 2.15
7715 1.74
7716 1.69
7717 1.75
7718 1.96
7719 1.67
7720 1.73
7721 2.13
7722 2.09
7723 1.63
7724 2.25
7725 20.25
7726 7.69
7727 1.53
7728 42.55
7729 0.83
7730 0.92
7731 0.00
7732 0.00
7733 0.00
7734 0.00
7735 32.73
7736 0.93
7737 1.96
7738 1.52
7739 1.45
7740 1.61
7741 1.45
7742 1.35
7743 1.98
7744 1.57
7745 1.88
7746 1.61
7747 1.77
7748 2.01
7749 5.32
7750 7.65
7751 10.30
7752 10.71
7753 22.57
7754 0.54
7755 25.35
7756 6.37
7757 0.00
7758 0.00
7759 0.00
7760 0.92
7761 1.95
7762 1.30
7763 1.46
7764 1.22
7765 1.25
7766 1.16
7767 1.13
7768 1.25
7769 1.60
7770 1.78
7771 4.84
7772 11.61
7773 11.92
7774 8.22
7775 0.00
7776 37.50
7777 0.00
7778 0.00
7779 0.00
7780 0.00
7781 21.56
7782 2.85
7783 7.21
7784 1.93
7785 2.53
7786 1.92
7787 1.56
7788 1.64
7789 1.83
7790 1.80
7791 1.74
7792 2.00
7793 1.96
7794 1.90
7795 1.58
7796 2.87
7797 12.13
7798 16.33
7799 34.95
7800 54.55
7801 0.00
7802 0.00
7803 0.00
7804 4.38
7805 0.00
7806 8.55
7807 9.63
7808 1.88
7809 2.08
7810 1.87
7811 1.79
7812 1.59
7813 1.61
7814 1.77
7815 1.79
7816 1.54
7817 1.80
7818 1.72
7819 1.76
7820 1.75
7821 12.19
7822 9.42
7823 0.00
7824 47.37
7825 12.03
7826 0.00
7827 0.00
7828 18.46
7829 0.00
7830 24.76
7831 6.11
7832 1.61
7833 2.21
7834 2.10
7835 1.76
7836 1.72
7837 1.81
7838 1.77
7839 1.69
7840 1.82
7841 1.96
7842 2.04
7843 1.98
7844 2.41
7845 3.45
7846 16.90
7847 15.93
7848 57.14
7849 13.46
7850 0.00
7851 0.00
7852 0.00
7853 17.52
7854 12.08
7855 12.02
7856 1.87
7857 2.98
7858 1.32
7859 1.75
7860 1.75
7861 1.50
7862 1.83
7863 1.91
7864 2.10
7865 1.93
7866 1.76
7867 1.79
7868 2.29
7869 1.01
7870 31.86
7871 3.02
7872 35.29
7873 0.12
7874 0.00
7875 0.00
7876 0.00
7877 38.71
7878 0.00
7879 21.05
7880 1.58
7881 1.49
7882 1.60
7883 1.83
7884 1.77
7885 1.79
7886 1.53
7887 2.08
7888 2.17
7889 1.76
7890 1.65
7891 1.46
7892 1.89
7893 15.15
7894 1.58
7895 9.42
7896 3.93
7897 0.20
7898 0.00
7899 0.00
7900 0.82
7901 0.00
7902 0.00
7903 29.27
7904 1.59
7905 1.84
7906 1.68
7907 1.80
7908 1.74
7909 1.73
7910 1.57
7911 1.54
7912 1.58
7913 1.95
7914 1.91
7915 1.79
7916 2.51
7917 2.07
7918 1.02
7919 3.58
7920 24.36
7921 0.63
7922 6.83
7923 4.97
7924 2.40
7925 1.09
7926 0.00
7927 0.00
7928 1.06
7929 1.72
7930 1.50
7931 1.41
7932 1.35
7933 1.15
7934 1.20
7935 1.38
7936 1.35
7937 1.32
7938 1.91
7939 4.58
7940 1.36
7941 0.00
7942 0.00
7943 19.51
7944 21.43
7945 0.00
7946 0.00
7947 0.00
7948 0.00
7949 3.60
7950 23.23
7951 9.10
7952 2.18
7953 2.06
7954 1.96
7955 1.61
7956 1.41
7957 1.57
7958 1.73
7959 1.98
7960 1.74
7961 2.06
7962 1.92
7963 1.85
7964 2.65
7965 6.97
7966 18.65
7967 14.75
7968 0.00
7969 0.00
7970 0.00
7971 31.86
7972 0.00
7973 15.79
7974 11.71
7975 16.82
7976 1.48
7977 2.15
7978 1.31
7979 1.76
7980 1.73
7981 1.77
7982 1.74
7983 1.83
7984 1.87
7985 1.90
7986 1.64
7987 1.67
7988 2.63
7989 3.93
7990 17.22
7991 39.85
7992 19.67
7993 38.30
7994 0.00
7995 0.00
7996 0.00
7997 0.00
7998 5.11
7999 20.27
8000 1.95
8001 1.76
8002 2.03
8003 1.31
8004 1.78
8005 1.61
8006 1.50
8007 2.14
8008 1.75
8009 1.87
8010 1.74
8011 1.71
8012 2.39
8013 4.77
8014 23.56
8015 5.38
8016 9.06
8017 17.09
8018 20.93
8019 0.00
8020 0.00
8021 9.60
8022 4.22
8023 10.51
8024 1.74
8025 2.15
8026 1.76
8027 2.04
8028 2.02
8029 1.64
8030 1.56
8031 1.87
8032 1.81
8033 2.01
8034 2.29
8035 2.12
8036 2.36
8037 2.48
8038 29.03
8039 14.63
8040 9.34
8041 40.91
8042 1.00
8043 0.00
8044 0.00
8045 19.89
8046 12.24
8047 14.34
8048 1.81
8049 1.85
8050 1.53
8051 2.09
8052 1.64
8053 1.64
8054 1.70
8055 2.05
8056 2.19
8057 1.95
8058 1.46
8059 1.79
8060 1.74
8061 1.49
8062 0.66
8063 2.85
8064 8.93
8065 1.47
8066 0.00
8067 0.00
8068 0.00
8069 0.00
8070 26.47
8071 27.07
8072 1.13
8073 2.54
8074 1.60
8075 1.67
8076 1.74
8077 2.15
8078 1.65
8079 1.48
8080 1.54
8081 2.29
8082 1.75
8083 1.66
8084 2.12
8085 1.43
8086 2.21
8087 0.58
8088 38.30
8089 0.17
8090 0.00
8091 0.00
8092 0.00
8093 12.77
8094 0.00
8095 0.00
8096 1.54
8097 2.18
8098 1.11
8099 1.19
8100 1.27
8101 1.16
8102 1.27
8103 1.30
8104 1.34
8105 1.30
8106 1.79
8107 3.85
8108 18.41
8109 3.70
8110 28.35
8111 0.00
8112 6.33
8113 1.70
8114 0.00
8115 0.72
8116 26.28
8117 25.35
8118 5.53
8119 14.92
8120 1.53
8121 2.79
8122 2.47
8123 1.89
8124 1.49
8125 1.89
8126 1.59
8127 2.14
8128 1.85
8129 1.78
8130 2.03
8131 1.74
8132 2.74
8133 6.74
8134 5.22
8135 4.24
8136 13.72
8137 25.53
8138 0.00
8139 3.36
8140 10.62
8141 0.00
8142 38.30
8143 14.58
8144 1.74
8145 1.28
8146 1.53
8147 1.63
8148 1.48
8149 1.72
8150 1.83
8151 1.78
8152 1.84
8153 2.10
8154 1.83
8155 1.94
8156 2.13
8157 2.85
8158 0.58
8159 5.67
8160 31.30
8161 0.00
8162 2.63
8163 4.48
8164 0.00
8165 36.00
8166 7.76
8167 8.14
8168 1.53
8169 2.00
8170 2.17
8171 1.46
8172 1.64
8173 1.92
8174 1.74
8175 1.71
8176 2.00
8177 2.15
8178 1.97
8179 1.78
8180 2.72
8181 6.10
8182 17.31
8183 0.00
8184 9.33
8185 19.67
8186 0.00
8187 0.00
8188 7.93
8189 5.56
8190 9.45
8191 17.54
8192 1.92
8193 1.48
8194 1.70
8195 1.61
8196 2.18
8197 2.04
8198 1.70
8199 1.73
8200 2.24
8201 2.10
8202 2.09
8203 1.69
8204 2.27
8205 5.38
8206 5.61
8207 47.68
8208 30.38
8209 0.00
8210 0.00
8211 0.00
8212 6.56
8213 3.83
8214 19.05
8215 19.01
8216 2.28
8217 1.58
8218 1.97
8219 1.91
8220 1.63
8221 1.77
8222 1.49
8223 2.23
8224 2.17
8225 2.11
8226 2.03
8227 2.01
8228 2.54
8229 11.13
8230 9.26
8231 1.83
8232 31.90
8233 1.39
8234 0.00
8235 7.89
8236 18.65
8237 0.00
8238 20.81
8239 0.00
8240 1.68
8241 2.05
8242 1.84
8243 1.88
8244 1.61
8245 1.75
8246 1.84
8247 1.70
8248 1.59
8249 1.45
8250 1.88
8251 1.82
8252 1.89
8253 1.11
8254 1.23
8255 31.01
8256 10.86
8257 1.97
8258 0.00
8259 31.03
8260 43.37
8261 44.44
8262 0.00
8263 0.00
8264 1.10
8265 1.54
8266 1.25
8267 1.20
8268 1.40
8269 1.34
8270 1.19
8271 1.39
8272 1.21
8273 1.34
8274 1.57
8275 3.38
8276 5.21
8277 0.00
8278 1.22
8279 15.42
8280 37.11
8281 4.85
8282 0.00
8283 0.00
8284 0.00
8285 6.34
8286 13.09
8287 8.94
8288 2.03
8289 2.39
8290 2.08
8291 1.52
8292 1.74
8293 1.40
8294 1.86
8295 1.82
8296 1.94
8297 2.11
8298 2.30
8299 1.75
8300 3.36
8301 6.77
8302 8.74
8303 23.84
8304 33.33
8305 16.74
8306 5.60
8307 11.80
8308 0.00
8309 25.62
8310 7.53
8311 20.95
8312 1.48
8313 1.83
8314 1.53
8315 1.84
8316 1.81
8317 1.84
8318 1.59
8319 1.91
8320 2.02
8321 2.07
8322 2.50
8323 1.74
8324 2.20
8325 3.64
8326 0.00
8327 0.00
8328 39.56
8329 0.00
8330 2.21
8331 0.00
8332 0.00
8333 0.00
8334 1.87
8335 13.45
8336 1.98
8337 2.32
8338 1.63
8339 1.70
8340 2.15
8341 1.68
8342 1.82
8343 1.78
8344 1.81
8345 1.88
8346 1.98
8347 1.79
8348 2.44
8349 2.44
8350 5.58
8351 2.25
8352 9.96
8353 3.25
8354 0.00
8355 0.00
8356 0.00
8357 20.34
8358 5.55
8359 14.32
8360 1.83
8361 1.88
8362 2.09
8363 1.83
8364 1.47
8365 1.81
8366 1.64
8367 2.01
8368 1.79
8369 2.03
8370 1.85
8371 1.90
8372 2.33
8373 4.42
8374 18.90
8375 44.63
8376 4.38
8377 6.39
8378 6.61
8379 0.00
8380 0.55
8381 1.88
8382 16.07
8383 8.11
8384 1.74
8385 2.16
8386 1.86
8387 1.94
8388 1.92
8389 1.64
8390 2.02
8391 1.84
8392 2.13
8393 2.23
8394 2.04
8395 1.58
8396 2.16
8397 1.39
8398 0.84
8399 1.82
8400 5.46
8401 0.21
8402 0.00
8403 0.00
8404 0.00
8405 0.00
8406 6.92
8407 0.00
8408 1.30
8409 2.22
8410 1.72
8411 1.87
8412 1.80
8413 1.54
8414 1.79
8415 1.60
8416 1.50
8417 1.77
8418 1.75
8419 1.38
8420 1.91
8421 0.48
8422 26.09
8423 3.32
8424 2.28
8425 0.46
8426 0.59
8427 0.00
8428 0.00
8429 0.00
8430 0.00
8431 0.00
8432 1.05
8433 1.56
8434 1.55
8435 1.17
8436 1.20
8437 1.26
8438 1.33
8439 1.22
8440 1.33
8441 1.36
8442 1.56
8443 3.48
8444 2.09
8445 2.18
8446 20.34
8447 0.00
8448 26.87
8449 17.96
8450 0.00
8451 0.00
8452 2.22
8453 1.03
8454 0.00
8455 15.81
8456 2.06
8457 1.84
8458 1.53
8459 1.80
8460 1.93
8461 1.64
8462 1.73
8463 1.76
8464 1.80
8465 1.82
8466 1.70
8467 1.92
8468 2.63
8469 2.88
8470 8.76
8471 9.81
8472 0.00
8473 47.37
8474 0.00
8475 0.00
8476 5.33
8477 0.00
8478 11.11
8479 11.91
8480 1.33
8481 2.20
8482 1.69
8483 2.18
8484 1.77
8485 1.96
8486 1.73
8487 1.96
8488 2.13
8489 2.15
8490 2.18
8491 1.86
8492 2.84
8493 1.48
8494 0.00
8495 3.28
8496 22.78
8497 0.00
8498 0.00
8499 0.00
8500 3.54
8501 1.84
8502 47.37
8503 12.91
8504 2.06
8505 2.02
8506 1.66
8507 1.82
8508 2.09
8509 1.67
8510 1.88
8511 1.78
8512 2.01
8513 2.40
8514 2.09
8515 1.85
8516 2.31
8517 1.48
8518 1.19
8519 43.90
8520 0.00
8521 0.29
8522 0.00
8523 0.00
8524 0.00
8525 3.88
8526 13.64
8527 4.35
8528 1.90
8529 1.86
8530 1.96
8531 1.81
8532 1.86
8533 1.56
8534 1.76
8535 1.74
8536 1.83
8537 1.69
8538 1.52
8539 1.69
8540 2.13
8541 3.30
8542 11.69
8543 1.80
8544 5.24
8545 2.33
8546 0.00
8547 0.00
8548 0.00
8549 2.25
8550 0.00
8551 16.58
8552 1.26
8553 1.84
8554 1.85
8555 1.85
8556 1.85
8557 1.55
8558 1.44
8559 1.59
8560 2.00
8561 2.05
8562 1.53
8563 1.80
8564 2.96
8565 2.50
8566 28.35
8567 1.05
8568 3.85
8569 1.55
8570 10.01
8571 10.82
8572 6.64
8573 0.00
8574 6.67
8575 35.29
8576 1.14
8577 1.69
8578 2.09
8579 1.89
8580 1.71
8581 1.67
8582 1.47
8583 1.63
8584 1.77
8585 1.65
8586 1.90
8587 1.95
8588 3.50
8589 3.86
8590 0.82
8591 0.69
8592 3.22
8593 0.37
8594 0.00
8595 24.32
8596 12.01
8597 0.00
8598 0.00
8599 0.00
8600 0.87
8601 1.23
8602 1.22
8603 0.72
8604 1.13
8605 0.86
8606 0.97
8607 1.17
8608 1.99
8609 1.90
8610 1.99
8611 3.76
8612 42.11
8613 24.49
8614 16.14
8615 19.78
8616 19.05
8617 31.03
8618 0.00
8619 0.00
8620 0.17
8621 0.00
8622 1.45
8623 0.00
8624 0.30
8625 0.43
8626 0.42
8627 0.53
8628 0.49
8629 0.57
8630 0.73
8631 0.78
8632 0.75
8633 0.87
8634 0.91
8635 1.25
8636 2.09
8637 1.77
8638 4.92
8639 1.45
8640 20.22
8641 6.92
8642 0.00
8643 0.00
8644 0.00
8645 0.00
8646 0.00
8647 40.45
8648 0.26
8649 0.37
8650 0.94
8651 0.83
8652 0.84
8653 0.80
8654 0.99
8655 0.86
8656 1.11
8657 1.04
8658 1.33
8659 1.50
8660 2.23
8661 7.12
8662 45.00
8663 18.18
8664 8.16
8665 0.23
8666 0.00
8667 4.66
8668 29.27
8669 0.00
8670 5.85
8671 42.35
8672 1.06
8673 2.20
8674 1.65
8675 1.59
8676 1.41
8677 1.46
8678 1.56
8679 1.35
8680 1.51
8681 1.46
8682 1.85
8683 1.96
8684 2.89
8685 4.24
8686 13.54
8687 13.98
8688 12.41
8689 0.00
8690 0.00
8691 0.00
8692 0.00
8693 2.31
8694 4.90
8695 50.00
8696 1.07
8697 1.65
8698 1.86
8699 1.73
8700 1.59
8701 1.84
8702 1.56
8703 1.65
8704 1.60
8705 1.67
8706 1.61
8707 1.61
8708 3.35
8709 4.79
8710 3.88
8711 23.68
8712 17.84
8713 0.61
8714 0.46
8715 0.54
8716 4.50
8717 47.37
8718 36.00
8719 6.15
8720 0.57
8721 1.89
8722 2.31
8723 1.74
8724 1.50
8725 1.49
8726 1.50
8727 1.58
8728 1.63
8729 1.59
8730 1.40
8731 1.53
8732 2.24
8733 3.69
8734 5.69
8735 1.28
8736 8.73
8737 0.92
8738 50.70
8739 16.67
8740 51.43
8741 0.00
8742 0.00
8743 18.65
8744 0.68
8745 1.40
8746 1.70
8747 1.61
8748 1.41
8749 1.79
8750 1.89
8751 2.05
8752 1.84
8753 2.11
8754 2.00
8755 1.59
8756 3.28
8757 1.34
8758 2.35
8759 2.60
8760 1.35
