1 6
2 2
3 1
4 0
5 2
6 2
7 1
8 30
9 24
10 35
11 36
12 52
13 48
14 58
15 45
16 38
17 36
18 48
19 25
20 0
21 2
22 1
23 1
24 0
25 2
26 0
27 0
28 0
29 0
30 2
31 1
32 34
33 15
34 54
35 79
36 86
37 66
38 72
39 63
40 77
41 56
42 50
43 50
44 32
45 3
46 1
47 2
48 1
49 1
50 0
51 0
52 1
53 4
54 1
55 0
56 47
57 50
58 81
59 113
60 132
61 135
62 126
63 119
64 117
65 110
66 102
67 81
68 41
69 3
70 1
71 0
72 1
73 3
74 0
75 2
76 0
77 1
78 1
79 1
80 56
81 58
82 95
83 122
84 133
85 137
86 123
87 135
88 142
89 115
90 101
91 101
92 62
93 8
94 0
95 0
96 2
97 4
98 0
99 0
100 0
101 0
102 2
103 3
104 47
105 81
106 127
107 125
108 145
109 128
110 124
111 142
112 130
113 116
114 118
115 99
116 52
117 7
118 2
119 1
120 1
121 1
122 1
123 0
124 0
125 0
126 1
127 3
128 42
129 80
130 92
131 136
132 135
133 120
134 118
135 124
136 130
137 117
138 116
139 123
140 46
141 9
142 2
143 0
144 3
145 4
146 0
147 1
148 1
149 1
150 2
151 1
152 30
153 29
154 48
155 76
156 83
157 79
158 108
159 104
160 86
161 104
162 75
163 82
164 66
165 11
166 7
167 4
168 2
169 3
170 1
171 1
172 0
173 1
174 1
175 0
176 35
177 25
178 33
179 71
180 116
181 103
182 116
183 106
184 107
185 77
186 71
187 30
188 4
189 1
190 1
191 0
192 3
193 1
194 0
195 0
196 0
197 1
198 1
199 4
200 56
201 71
202 108
203 139
204 145
205 130
206 152
207 143
208 130
209 137
210 114
211 99
212 48
213 3
214 1
215 2
216 1
217 0
218 1
219 0
220 1
221 1
222 3
223 6
224 69
225 78
226 134
227 141
228 156
229 145
230 133
231 143
232 120
233 138
234 111
235 120
236 59
237 9
238 2
239 0
240 1
241 2
242 0
243 1
244 1
245 1
246 1
247 9
248 59
249 90
250 107
251 152
252 132
253 134
254 147
255 132
256 140
257 143
258 125
259 112
260 51
261 10
262 1
263 0
264 3
265 4
266 0
267 0
268 0
269 1
270 4
271 10
272 60
273 78
274 118
275 141
276 163
277 141
278 143
279 155
280 136
281 118
282 102
283 130
284 61
285 17
286 4
287 5
288 1
289 3
290 1
291 1
292 1
293 3
294 5
295 6
296 60
297 71
298 126
299 124
300 138
301 144
302 132
303 141
304 145
305 150
306 122
307 124
308 55
309 11
310 4
311 7
312 6
313 6
314 4
315 8
316 4
317 1
318 1
319 5
320 27
321 41
322 63
323 83
324 112
325 114
326 95
327 98
328 117
329 81
330 78
331 85
332 63
333 6
334 6
335 5
336 8
337 10
338 1
339 1
340 0
341 3
342 0
343 0
344 40
345 24
346 34
347 80
348 99
349 101
350 94
351 103
352 98
353 71
354 65
355 28
356 5
357 1
358 2
359 0
360 1
361 1
362 1
363 0
364 1
365 4
366 2
367 3
368 67
369 80
370 140
371 142
372 161
373 159
374 158
375 159
376 165
377 130
378 123
379 118
380 58
381 7
382 0
383 2
384 0
385 2
386 0
387 1
388 1
389 0
390 3
391 6
392 73
393 83
394 142
395 152
396 169
397 123
398 172
399 153
400 169
401 120
402 110
403 115
404 52
405 6
406 4
407 3
408 1
409 0
410 2
411 1
412 2
413 1
414 1
415 4
416 66
417 84
418 140
419 138
420 160
421 163
422 130
423 155
424 167
425 138
426 141
427 136
428 62
429 3
430 0
431 4
432 0
433 1
434 1
435 1
436 3
437 1
438 1
439 4
440 70
441 86
442 138
443 183
444 161
445 156
446 134
447 167
448 142
449 137
450 118
451 129
452 63
453 10
454 4
455 4
456 2
457 1
458 1
459 0
460 3
461 1
462 2
463 5
464 72
465 91
466 135
467 151
468 131
469 152
470 157
471 162
472 165
473 166
474 138
475 142
476 85
477 16
478 6
479 3
480 3
481 3
482 3
483 4
484 1
485 2
486 3
487 3
488 44
489 64
490 101
491 108
492 109
493 121
494 117
495 117
496 111
497 104
498 55
499 88
500 68
501 9
502 6
503 5
504 4
505 7
506 4
507 2
508 3
509 3
510 3
511 2
512 47
513 38
514 41
515 66
516 91
517 97
518 102
519 84
520 86
521 76
522 67
523 43
524 2
525 4
526 1
527 2
528 0
529 1
530 0
531 1
532 3
533 1
534 1
535 5
536 73
537 79
538 138
539 160
540 161
541 139
542 165
543 164
544 130
545 126
546 118
547 122
548 53
549 7
550 3
551 7
552 3
553 1
554 0
555 1
556 1
557 3
558 0
559 8
560 71
561 90
562 148
563 144
564 137
565 182
566 131
567 147
568 161
569 143
570 124
571 118
572 48
573 13
574 3
575 3
576 1
577 2
578 1
579 0
580 2
581 2
582 0
583 6
584 77
585 108
586 133
587 163
588 156
589 149
590 158
591 130
592 168
593 143
594 128
595 165
596 70
597 2
598 5
599 9
600 0
601 8
602 2
603 0
604 0
605 0
606 0
607 1
608 38
609 27
610 51
611 68
612 92
613 64
614 67
615 74
616 70
617 79
618 67
619 79
620 47
621 6
622 0
623 1
624 1
625 4
626 0
627 0
628 2
629 1
630 3
631 2
632 78
633 87
634 136
635 158
636 146
637 161
638 149
639 137
640 144
641 144
642 135
643 123
644 69
645 17
646 8
647 2
648 4
649 6
650 4
651 5
652 6
653 0
654 0
655 3
656 29
657 52
658 100
659 103
660 124
661 122
662 121
663 102
664 89
665 96
666 83
667 95
668 40
669 12
670 5
671 4
672 5
673 6
674 0
675 1
676 0
677 2
678 1
679 0
680 37
681 31
682 37
683 100
684 115
685 110
686 139
687 106
688 109
689 81
690 92
691 43
692 1
693 4
694 0
695 1
696 1
697 2
698 0
699 1
700 2
701 2
702 2
703 7
704 55
705 71
706 138
707 135
708 151
709 165
710 133
711 155
712 135
713 134
714 106
715 108
716 46
717 7
718 4
719 4
720 4
721 4
722 2
723 0
724 1
725 5
726 4
727 5
728 82
729 78
730 131
731 171
732 166
733 154
734 131
735 148
736 147
737 140
738 158
739 145
740 52
741 1
742 0
743 3
744 2
745 2
746 0
747 2
748 3
749 1
750 2
751 6
752 72
753 86
754 140
755 160
756 173
757 177
758 139
759 140
760 146
761 125
762 142
763 105
764 69
765 4
766 5
767 1
768 2
769 2
770 1
771 0
772 2
773 4
774 1
775 10
776 74
777 96
778 151
779 156
780 171
781 142
782 138
783 158
784 147
785 125
786 105
787 120
788 64
789 11
790 5
791 4
792 1
793 3
794 0
795 0
796 2
797 1
798 0
799 6
800 86
801 98
802 164
803 167
804 158
805 136
806 151
807 146
808 164
809 148
810 140
811 103
812 64
813 8
814 9
815 4
816 5
817 7
818 1
819 1
820 5
821 1
822 2
823 0
824 31
825 46
826 62
827 108
828 127
829 113
830 124
831 141
832 138
833 111
834 95
835 92
836 58
837 5
838 2
839 5
840 5
841 7
842 0
843 1
844 0
845 5
846 1
847 2
848 47
849 24
850 52
851 104
852 119
853 124
854 118
855 110
856 112
857 94
858 77
859 37
860 1
861 2
862 2
863 0
864 1
865 4
866 0
867 0
868 3
869 2
870 1
871 7
872 82
873 72
874 120
875 158
876 126
877 142
878 140
879 157
880 147
881 114
882 109
883 110
884 75
885 8
886 2
887 8
888 8
889 5
890 0
891 0
892 2
893 0
894 2
895 6
896 68
897 77
898 135
899 166
900 169
901 149
902 141
903 157
904 141
905 119
906 141
907 127
908 64
909 7
910 1
911 3
912 3
913 2
914 0
915 1
916 4
917 3
918 0
919 13
920 77
921 77
922 137
923 143
924 187
925 176
926 152
927 148
928 144
929 136
930 126
931 140
932 54
933 14
934 2
935 1
936 3
937 2
938 0
939 2
940 3
941 1
942 1
943 10
944 65
945 91
946 124
947 173
948 169
949 139
950 135
951 140
952 149
953 153
954 140
955 161
956 64
957 11
958 4
959 7
960 1
961 1
962 0
963 0
964 2
965 3
966 4
967 11
968 90
969 113
970 154
971 159
972 144
973 158
974 132
975 168
976 139
977 141
978 132
979 144
980 111
981 14
982 8
983 7
984 3
985 3
986 0
987 6
988 7
989 0
990 2
991 1
992 49
993 45
994 102
995 110
996 151
997 139
998 153
999 151
1000 118
1001 138
1002 110
1003 115
1004 70
1005 4
1006 5
1007 8
1008 4
1009 12
1010 1
1011 2
1012 0
1013 1
1014 1
1015 0
1016 57
1017 27
1018 53
1019 108
1020 109
1021 120
1022 110
1023 107
1024 108
1025 85
1026 78
1027 46
1028 1
1029 0
1030 2
1031 1
1032 1
1033 4
1034 0
1035 0
1036 2
1037 1
1038 0
1039 14
1040 92
1041 83
1042 150
1043 147
1044 167
1045 136
1046 144
1047 156
1048 161
1049 136
1050 113
1051 133
1052 59
1053 12
1054 1
1055 4
1056 1
1057 3
1058 1
1059 0
1060 2
1061 1
1062 3
1063 6
1064 76
1065 97
1066 151
1067 177
1068 152
1069 136
1070 146
1071 139
1072 159
1073 155
1074 124
1075 151
1076 87
1077 14
1078 2
1079 2
1080 3
1081 2
1082 0
1083 0
1084 2
1085 1
1086 1
1087 3
1088 88
1089 104
1090 143
1091 157
1092 148
1093 165
1094 126
1095 159
1096 161
1097 168
1098 157
1099 133
1100 75
1101 9
1102 3
1103 3
1104 0
1105 2
1106 1
1107 0
1108 1
1109 2
1110 1
1111 7
1112 94
1113 115
1114 166
1115 168
1116 174
1117 176
1118 162
1119 144
1120 149
1121 144
1122 136
1123 158
1124 85
1125 13
1126 3
1127 1
1128 4
1129 4
1130 1
1131 0
1132 1
1133 3
1134 1
1135 6
1136 99
1137 90
1138 158
1139 155
1140 145
1141 131
1142 143
1143 147
1144 138
1145 163
1146 153
1147 127
1148 71
1149 17
1150 9
1151 9
1152 6
1153 7
1154 1
1155 0
1156 1
1157 0
1158 1
1159 2
1160 50
1161 81
1162 102
1163 115
1164 120
1165 118
1166 139
1167 124
1168 109
1169 114
1170 89
1171 128
1172 67
1173 12
1174 5
1175 2
1176 4
1177 6
1178 0
1179 0
1180 1
1181 1
1182 1
1183 0
1184 50
1185 31
1186 58
1187 74
1188 101
1189 124
1190 96
1191 110
1192 99
1193 96
1194 104
1195 39
1196 4
1197 4
1198 0
1199 1
1200 2
1201 5
1202 1
1203 2
1204 1
1205 4
1206 1
1207 6
1208 75
1209 81
1210 127
1211 156
1212 157
1213 140
1214 154
1215 149
1216 152
1217 133
1218 128
1219 97
1220 72
1221 6
1222 3
1223 2
1224 2
1225 3
1226 1
1227 1
1228 2
1229 1
1230 3
1231 3
1232 76
1233 80
1234 108
1235 134
1236 149
1237 119
1238 127
1239 138
1240 126
1241 115
1242 97
1243 126
1244 55
1245 17
1246 1
1247 2
1248 1
1249 0
1250 0
1251 1
1252 0
1253 2
1254 1
1255 9
1256 80
1257 99
1258 125
1259 156
1260 145
1261 121
1262 119
1263 140
1264 155
1265 135
1266 97
1267 95
1268 54
1269 5
1270 6
1271 1
1272 4
1273 0
1274 1
1275 1
1276 1
1277 6
1278 1
1279 6
1280 75
1281 76
1282 141
1283 146
1284 132
1285 140
1286 144
1287 147
1288 128
1289 120
1290 124
1291 125
1292 56
1293 11
1294 8
1295 2
1296 7
1297 3
1298 1
1299 1
1300 0
1301 2
1302 2
1303 8
1304 75
1305 88
1306 146
1307 149
1308 129
1309 145
1310 109
1311 161
1312 154
1313 141
1314 139
1315 104
1316 71
1317 16
1318 3
1319 4
1320 3
1321 4
1322 0
1323 1
1324 1
1325 1
1326 0
1327 0
1328 43
1329 49
1330 87
1331 105
1332 115
1333 110
1334 114
1335 88
1336 115
1337 94
1338 80
1339 101
1340 61
1341 4
1342 5
1343 1
1344 2
1345 6
1346 3
1347 1
1348 1
1349 2
1350 2
1351 0
1352 48
1353 42
1354 65
1355 84
1356 114
1357 103
1358 103
1359 107
1360 85
1361 79
1362 107
1363 32
1364 4
1365 2
1366 1
1367 1
1368 1
1369 0
1370 1
1371 0
1372 6
1373 1
1374 3
1375 6
1376 77
1377 87
1378 151
1379 154
1380 137
1381 152
1382 154
1383 146
1384 131
1385 141
1386 111
1387 144
1388 63
1389 9
1390 5
1391 4
1392 3
1393 2
1394 0
1395 0
1396 1
1397 2
1398 4
1399 7
1400 61
1401 100
1402 158
1403 151
1404 137
1405 153
1406 137
1407 157
1408 145
1409 140
1410 152
1411 134
1412 64
1413 17
1414 2
1415 1
1416 2
1417 1
1418 0
1419 2
1420 2
1421 1
1422 0
1423 9
1424 77
1425 120
1426 117
1427 151
1428 134
1429 158
1430 150
1431 154
1432 153
1433 113
1434 137
1435 125
1436 72
1437 8
1438 1
1439 4
1440 0
1441 6
1442 5
1443 0
1444 1
1445 0
1446 0
1447 6
1448 80
1449 78
1450 132
1451 156
1452 170
1453 150
1454 148
1455 120
1456 143
1457 134
1458 129
1459 121
1460 53
1461 15
1462 7
1463 2
1464 3
1465 3
1466 1
1467 0
1468 4
1469 1
1470 2
1471 2
1472 33
1473 48
1474 71
1475 98
1476 133
1477 123
1478 120
1479 105
1480 122
1481 111
1482 89
1483 106
1484 67
1485 5
1486 9
1487 8
1488 2
1489 6
1490 4
1491 0
1492 0
1493 0
1494 0
1495 0
1496 44
1497 30
1498 63
1499 108
1500 111
1501 107
1502 117
1503 95
1504 111
1505 90
1506 89
1507 34
1508 3
1509 1
1510 1
1511 1
1512 1
1513 2
1514 1
1515 0
1516 1
1517 2
1518 1
1519 7
1520 69
1521 89
1522 141
1523 125
1524 132
1525 150
1526 134
1527 132
1528 149
1529 117
1530 99
1531 99
1532 55
1533 8
1534 0
1535 5
1536 1
1537 5
1538 0
1539 0
1540 1
1541 2
1542 1
1543 4
1544 74
1545 90
1546 124
1547 138
1548 153
1549 140
1550 131
1551 128
1552 131
1553 117
1554 137
1555 124
1556 51
1557 3
1558 1
1559 2
1560 0
1561 0
1562 0
1563 0
1564 1
1565 2
1566 2
1567 3
1568 67
1569 83
1570 125
1571 138
1572 143
1573 166
1574 168
1575 160
1576 141
1577 123
1578 123
1579 137
1580 54
1581 9
1582 1
1583 1
1584 0
1585 0
1586 1
1587 0
1588 3
1589 0
1590 1
1591 7
1592 75
1593 81
1594 144
1595 167
1596 136
1597 139
1598 133
1599 159
1600 145
1601 141
1602 118
1603 124
1604 59
1605 7
1606 2
1607 2
1608 0
1609 1
1610 0
1611 0
1612 0
1613 0
1614 2
1615 5
1616 85
1617 93
1618 129
1619 172
1620 136
1621 144
1622 171
1623 164
1624 150
1625 128
1626 120
1627 129
1628 80
1629 9
1630 4
1631 1
1632 5
1633 6
1634 2
1635 1
1636 4
1637 1
1638 0
1639 1
1640 24
1641 39
1642 83
1643 109
1644 118
1645 133
1646 118
1647 93
1648 108
1649 92
1650 86
1651 110
1652 72
1653 20
1654 6
1655 0
1656 2
1657 3
1658 2
1659 0
1660 0
1661 1
1662 2
1663 1
1664 38
1665 29
1666 38
1667 84
1668 113
1669 112
1670 107
1671 94
1672 95
1673 94
1674 74
1675 29
1676 3
1677 0
1678 4
1679 3
1680 1
1681 3
1682 1
1683 2
1684 0
1685 0
1686 0
1687 2
1688 42
1689 52
1690 46
1691 64
1692 60
1693 49
1694 61
1695 68
1696 59
1697 60
1698 70
1699 65
1700 29
1701 3
1702 1
1703 2
1704 0
1705 0
1706 0
1707 2
1708 1
1709 0
1710 2
1711 3
1712 69
1713 81
1714 118
1715 146
1716 151
1717 140
1718 147
1719 112
1720 126
1721 109
1722 140
1723 108
1724 52
1725 15
1726 3
1727 0
1728 0
1729 0
1730 1
1731 0
1732 1
1733 1
1734 3
1735 6
1736 77
1737 84
1738 130
1739 133
1740 119
1741 130
1742 116
1743 141
1744 144
1745 110
1746 129
1747 116
1748 54
1749 9
1750 5
1751 0
1752 0
1753 3
1754 0
1755 0
1756 0
1757 2
1758 2
1759 5
1760 61
1761 85
1762 133
1763 156
1764 138
1765 134
1766 116
1767 148
1768 144
1769 125
1770 123
1771 124
1772 59
1773 11
1774 0
1775 2
1776 2
1777 1
1778 0
1779 1
1780 0
1781 1
1782 3
1783 8
1784 68
1785 88
1786 139
1787 144
1788 144
1789 149
1790 124
1791 135
1792 131
1793 118
1794 124
1795 98
1796 54
1797 8
1798 3
1799 3
1800 6
1801 5
1802 1
1803 5
1804 3
1805 0
1806 1
1807 0
1808 29
1809 47
1810 84
1811 93
1812 110
1813 115
1814 112
1815 113
1816 116
1817 116
1818 69
1819 102
1820 61
1821 14
1822 3
1823 3
1824 5
1825 5
1826 2
1827 3
1828 0
1829 2
1830 0
1831 1
1832 38
1833 33
1834 53
1835 96
1836 96
1837 104
1838 112
1839 105
1840 84
1841 70
1842 86
1843 28
1844 0
1845 0
1846 1
1847 0
1848 0
1849 1
1850 1
1851 0
1852 0
1853 1
1854 1
1855 5
1856 73
1857 71
1858 135
1859 135
1860 119
1861 139
1862 133
1863 143
1864 142
1865 125
1866 117
1867 106
1868 39
1869 8
1870 0
1871 1
1872 0
1873 1
1874 2
1875 1
1876 1
1877 3
1878 3
1879 4
1880 73
1881 94
1882 124
1883 128
1884 137
1885 133
1886 107
1887 130
1888 113
1889 124
1890 127
1891 103
1892 56
1893 6
1894 3
1895 1
1896 2
1897 0
1898 1
1899 0
1900 1
1901 0
1902 0
1903 7
1904 77
1905 64
1906 110
1907 156
1908 123
1909 106
1910 114
1911 135
1912 115
1913 117
1914 100
1915 103
1916 53
1917 8
1918 5
1919 0
1920 3
1921 2
1922 0
1923 0
1924 0
1925 1
1926 1
1927 10
1928 77
1929 80
1930 124
1931 162
1932 124
1933 122
1934 132
1935 141
1936 126
1937 109
1938 106
1939 113
1940 55
1941 12
1942 4
1943 0
1944 1
1945 1
1946 0
1947 0
1948 0
1949 0
1950 2
1951 7
1952 69
1953 78
1954 134
1955 139
1956 148
1957 139
1958 143
1959 147
1960 138
1961 127
1962 117
1963 125
1964 54
1965 8
1966 5
1967 7
1968 4
1969 6
1970 0
1971 2
1972 0
1973 1
1974 0
1975 1
1976 24
1977 51
1978 68
1979 112
1980 108
1981 136
1982 135
1983 108
1984 124
1985 122
1986 78
1987 131
1988 62
1989 6
1990 2
1991 9
1992 3
1993 4
1994 0
1995 0
1996 1
1997 1
1998 0
1999 0
2000 45
2001 37
2002 60
2003 103
2004 95
2005 96
2006 110
2007 100
2008 128
2009 120
2010 93
2011 31
2012 3
2013 1
2014 1
2015 0
2016 1
2017 1
2018 0
2019 0
2020 1
2021 3
2022 0
2023 7
2024 50
2025 87
2026 124
2027 134
2028 121
2029 115
2030 127
2031 127
2032 105
2033 119
2034 110
2035 97
2036 48
2037 4
2038 2
2039 0
2040 2
2041 1
2042 0
2043 0
2044 0
2045 1
2046 3
2047 4
2048 70
2049 72
2050 110
2051 127
2052 132
2053 127
2054 127
2055 135
2056 138
2057 114
2058 111
2059 130
2060 44
2061 7
2062 0
2063 1
2064 2
2065 1
2066 0
2067 1
2068 1
2069 1
2070 0
2071 4
2072 89
2073 97
2074 128
2075 167
2076 127
2077 130
2078 135
2079 125
2080 155
2081 125
2082 126
2083 96
2084 45
2085 5
2086 1
2087 1
2088 0
2089 1
2090 0
2091 1
2092 0
2093 1
2094 1
2095 2
2096 64
2097 85
2098 136
2099 158
2100 146
2101 146
2102 116
2103 133
2104 149
2105 115
2106 115
2107 93
2108 56
2109 10
2110 3
2111 0
2112 1
2113 1
2114 0
2115 0
2116 0
2117 0
2118 2
2119 4
2120 83
2121 101
2122 139
2123 140
2124 139
2125 142
2126 140
2127 133
2128 140
2129 136
2130 110
2131 127
2132 85
2133 4
2134 9
2135 7
2136 5
2137 5
2138 2
2139 2
2140 3
2141 0
2142 0
2143 0
2144 37
2145 62
2146 97
2147 114
2148 118
2149 149
2150 115
2151 109
2152 104
2153 109
2154 79
2155 118
2156 74
2157 10
2158 6
2159 3
2160 1
2161 3
2162 3
2163 2
2164 1
2165 1
2166 2
2167 1
2168 51
2169 40
2170 57
2171 103
2172 89
2173 115
2174 123
2175 117
2176 101
2177 82
2178 98
2179 37
2180 1
2181 1
2182 1
2183 0
2184 3
2185 1
2186 0
2187 0
2188 0
2189 0
2190 1
2191 3
2192 74
2193 80
2194 125
2195 168
2196 134
2197 130
2198 118
2199 143
2200 116
2201 139
2202 107
2203 104
2204 51
2205 6
2206 0
2207 2
2208 0
2209 0
2210 0
2211 1
2212 0
2213 2
2214 0
2215 5
2216 58
2217 94
2218 147
2219 124
2220 146
2221 133
2222 115
2223 132
2224 112
2225 110
2226 121
2227 107
2228 48
2229 11
2230 2
2231 2
2232 3
2233 0
2234 1
2235 1
2236 2
2237 0
2238 1
2239 3
2240 85
2241 104
2242 131
2243 151
2244 132
2245 137
2246 140
2247 122
2248 123
2249 116
2250 106
2251 123
2252 60
2253 7
2254 0
2255 1
2256 1
2257 0
2258 0
2259 1
2260 0
2261 0
2262 2
2263 7
2264 72
2265 111
2266 131
2267 152
2268 143
2269 145
2270 145
2271 124
2272 162
2273 120
2274 121
2275 101
2276 52
2277 10
2278 6
2279 4
2280 2
2281 1
2282 2
2283 2
2284 1
2285 0
2286 1
2287 0
2288 45
2289 31
2290 49
2291 50
2292 45
2293 43
2294 47
2295 67
2296 32
2297 46
2298 55
2299 62
2300 52
2301 5
2302 5
2303 0
2304 3
2305 0
2306 6
2307 2
2308 0
2309 0
2310 1
2311 2
2312 28
2313 30
2314 59
2315 97
2316 110
2317 104
2318 97
2319 105
2320 97
2321 76
2322 83
2323 78
2324 57
2325 3
2326 0
2327 7
2328 3
2329 7
2330 4
2331 3
2332 2
2333 0
2334 1
2335 2
2336 59
2337 30
2338 44
2339 67
2340 81
2341 73
2342 82
2343 80
2344 66
2345 89
2346 71
2347 45
2348 4
2349 2
2350 1
2351 3
2352 1
2353 0
2354 2
2355 1
2356 0
2357 1
2358 1
2359 2
2360 51
2361 41
2362 52
2363 80
2364 78
2365 62
2366 60
2367 63
2368 63
2369 50
2370 43
2371 77
2372 50
2373 8
2374 0
2375 0
2376 2
2377 1
2378 1
2379 0
2380 1
2381 2
2382 1
2383 7
2384 60
2385 91
2386 134
2387 144
2388 145
2389 145
2390 138
2391 145
2392 135
2393 125
2394 103
2395 110
2396 61
2397 7
2398 2
2399 2
2400 1
2401 3
2402 0
2403 0
2404 0
2405 0
2406 3
2407 5
2408 73
2409 126
2410 121
2411 138
2412 118
2413 134
2414 123
2415 133
2416 134
2417 144
2418 125
2419 131
2420 84
2421 13
2422 5
2423 6
2424 1
2425 1
2426 2
2427 0
2428 0
2429 2
2430 1
2431 6
2432 82
2433 129
2434 141
2435 142
2436 132
2437 152
2438 129
2439 129
2440 119
2441 109
2442 128
2443 129
2444 55
2445 6
2446 1
2447 6
2448 1
2449 3
2450 0
2451 0
2452 0
2453 1
2454 2
2455 9
2456 82
2457 96
2458 137
2459 142
2460 156
2461 153
2462 139
2463 136
2464 147
2465 131
2466 134
2467 118
2468 71
2469 10
2470 4
2471 2
2472 6
2473 1
2474 3
2475 9
2476 0
2477 0
2478 0
2479 1
2480 39
2481 58
2482 87
2483 124
2484 132
2485 117
2486 136
2487 123
2488 99
2489 101
2490 116
2491 125
2492 57
2493 7
2494 3
2495 1
2496 3
2497 2
2498 0
2499 0
2500 1
2501 1
2502 0
2503 2
2504 51
2505 50
2506 70
2507 99
2508 102
2509 100
2510 119
2511 94
2512 112
2513 116
2514 86
2515 41
2516 1
2517 0
2518 0
2519 0
2520 1
2521 0
2522 0
2523 0
2524 0
2525 0
2526 3
2527 3
2528 75
2529 94
2530 142
2531 158
2532 154
2533 120
2534 155
2535 136
2536 123
2537 121
2538 116
2539 108
2540 57
2541 8
2542 1
2543 3
2544 4
2545 2
2546 1
2547 1
2548 0
2549 3
2550 1
2551 3
2552 92
2553 103
2554 138
2555 133
2556 133
2557 127
2558 136
2559 151
2560 126
2561 107
2562 118
2563 112
2564 50
2565 5
2566 6
2567 4
2568 1
2569 0
2570 0
2571 1
2572 1
2573 2
2574 0
2575 3
2576 81
2577 102
2578 139
2579 123
2580 136
2581 132
2582 115
2583 113
2584 139
2585 123
2586 112
2587 115
2588 52
2589 6
2590 0
2591 2
2592 3
2593 2
2594 0
2595 0
2596 1
2597 1
2598 4
2599 0
2600 83
2601 75
2602 135
2603 154
2604 138
2605 131
2606 125
2607 126
2608 129
2609 120
2610 111
2611 136
2612 69
2613 9
2614 1
2615 1
2616 1
2617 1
2618 0
2619 0
2620 0
2621 2
2622 0
2623 5
2624 74
2625 104
2626 142
2627 154
2628 143
2629 125
2630 140
2631 125
2632 139
2633 120
2634 140
2635 114
2636 48
2637 12
2638 6
2639 6
2640 3
2641 5
2642 5
2643 2
2644 3
2645 2
2646 1
2647 2
2648 41
2649 61
2650 84
2651 126
2652 123
2653 114
2654 146
2655 107
2656 109
2657 86
2658 96
2659 116
2660 60
2661 6
2662 2
2663 0
2664 1
2665 3
2666 4
2667 1
2668 1
2669 0
2670 1
2671 0
2672 39
2673 36
2674 42
2675 98
2676 88
2677 95
2678 93
2679 95
2680 95
2681 108
2682 76
2683 41
2684 1
2685 1
2686 4
2687 1
2688 0
2689 0
2690 0
2691 1
2692 2
2693 3
2694 2
2695 3
2696 63
2697 71
2698 96
2699 135
2700 153
2701 123
2702 136
2703 137
2704 140
2705 102
2706 90
2707 109
2708 74
2709 6
2710 0
2711 0
2712 1
2713 1
2714 0
2715 0
2716 0
2717 3
2718 0
2719 3
2720 63
2721 77
2722 111
2723 132
2724 127
2725 131
2726 138
2727 134
2728 134
2729 107
2730 86
2731 97
2732 82
2733 8
2734 1
2735 2
2736 6
2737 4
2738 1
2739 2
2740 3
2741 1
2742 0
2743 1
2744 32
2745 32
2746 59
2747 85
2748 65
2749 100
2750 53
2751 48
2752 60
2753 55
2754 52
2755 61
2756 45
2757 10
2758 2
2759 0
2760 0
2761 2
2762 0
2763 0
2764 0
2765 0
2766 2
2767 5
2768 69
2769 87
2770 132
2771 140
2772 133
2773 131
2774 138
2775 142
2776 130
2777 97
2778 122
2779 118
2780 64
2781 4
2782 0
2783 2
2784 2
2785 1
2786 0
2787 0
2788 0
2789 0
2790 2
2791 7
2792 57
2793 87
2794 129
2795 131
2796 147
2797 118
2798 123
2799 122
2800 128
2801 129
2802 113
2803 112
2804 58
2805 4
2806 4
2807 2
2808 4
2809 4
2810 7
2811 4
2812 5
2813 1
2814 0
2815 4
2816 35
2817 48
2818 79
2819 108
2820 112
2821 110
2822 123
2823 101
2824 114
2825 101
2826 96
2827 127
2828 67
2829 6
2830 6
2831 2
2832 8
2833 5
2834 0
2835 5
2836 0
2837 0
2838 1
2839 0
2840 40
2841 27
2842 60
2843 96
2844 91
2845 121
2846 117
2847 104
2848 100
2849 85
2850 73
2851 25
2852 4
2853 2
2854 0
2855 1
2856 1
2857 0
2858 0
2859 0
2860 0
2861 0
2862 1
2863 3
2864 76
2865 111
2866 115
2867 145
2868 123
2869 133
2870 137
2871 139
2872 119
2873 114
2874 117
2875 99
2876 45
2877 2
2878 1
2879 0
2880 0
2881 1
2882 0
2883 0
2884 0
2885 1
2886 2
2887 4
2888 64
2889 87
2890 133
2891 159
2892 139
2893 158
2894 122
2895 171
2896 121
2897 129
2898 131
2899 117
2900 65
2901 3
2902 0
2903 1
2904 1
2905 0
2906 0
2907 0
2908 0
2909 1
2910 2
2911 2
2912 61
2913 91
2914 133
2915 137
2916 135
2917 149
2918 119
2919 127
2920 126
2921 127
2922 127
2923 109
2924 54
2925 8
2926 1
2927 0
2928 0
2929 0
2930 0
2931 0
2932 0
2933 1
2934 1
2935 3
2936 75
2937 84
2938 116
2939 146
2940 145
2941 136
2942 143
2943 129
2944 127
2945 143
2946 146
2947 113
2948 53
2949 6
2950 0
2951 1
2952 0
2953 1
2954 0
2955 0
2956 0
2957 0
2958 3
2959 4
2960 73
2961 115
2962 157
2963 145
2964 128
2965 134
2966 130
2967 152
2968 156
2969 110
2970 119
2971 99
2972 62
2973 2
2974 3
2975 4
2976 5
2977 5
2978 4
2979 3
2980 4
2981 0
2982 1
2983 2
2984 51
2985 56
2986 69
2987 107
2988 121
2989 117
2990 102
2991 123
2992 138
2993 102
2994 96
2995 90
2996 72
2997 7
2998 3
2999 3
3000 2
3001 2
3002 0
3003 1
3004 1
3005 0
3006 0
3007 0
3008 32
3009 29
3010 49
3011 90
3012 102
3013 113
3014 110
3015 109
3016 105
3017 102
3018 84
3019 40
3020 2
3021 1
3022 3
3023 2
3024 0
3025 0
3026 0
3027 0
3028 2
3029 2
3030 1
3031 1
3032 62
3033 83
3034 138
3035 158
3036 133
3037 144
3038 131
3039 127
3040 116
3041 108
3042 104
3043 112
3044 54
3045 12
3046 2
3047 0
3048 2
3049 0
3050 0
3051 0
3052 0
3053 1
3054 0
3055 4
3056 74
3057 95
3058 117
3059 162
3060 141
3061 123
3062 137
3063 137
3064 142
3065 112
3066 121
3067 117
3068 56
3069 9
3070 2
3071 1
3072 0
3073 1
3074 2
3075 1
3076 2
3077 1
3078 2
3079 2
3080 75
3081 95
3082 129
3083 150
3084 151
3085 151
3086 123
3087 149
3088 134
3089 108
3090 113
3091 115
3092 64
3093 8
3094 2
3095 3
3096 2
3097 0
3098 1
3099 0
3100 0
3101 0
3102 2
3103 5
3104 75
3105 107
3106 142
3107 148
3108 147
3109 114
3110 132
3111 161
3112 143
3113 122
3114 119
3115 110
3116 64
3117 11
3118 1
3119 6
3120 1
3121 4
3122 0
3123 2
3124 0
3125 0
3126 1
3127 8
3128 81
3129 92
3130 133
3131 153
3132 155
3133 149
3134 138
3135 163
3136 143
3137 130
3138 142
3139 121
3140 68
3141 10
3142 2
3143 5
3144 2
3145 3
3146 3
3147 2
3148 7
3149 0
3150 3
3151 2
3152 46
3153 49
3154 91
3155 109
3156 112
3157 114
3158 121
3159 116
3160 119
3161 115
3162 89
3163 119
3164 75
3165 7
3166 1
3167 2
3168 0
3169 8
3170 1
3171 2
3172 1
3173 1
3174 1
3175 0
3176 39
3177 41
3178 56
3179 81
3180 116
3181 116
3182 114
3183 77
3184 78
3185 78
3186 91
3187 47
3188 5
3189 1
3190 2
3191 0
3192 0
3193 2
3194 0
3195 0
3196 0
3197 3
3198 0
3199 3
3200 86
3201 88
3202 128
3203 136
3204 152
3205 130
3206 129
3207 141
3208 135
3209 115
3210 100
3211 123
3212 53
3213 6
3214 2
3215 4
3216 2
3217 2
3218 0
3219 0
3220 0
3221 1
3222 2
3223 1
3224 92
3225 89
3226 111
3227 152
3228 129
3229 139
3230 120
3231 134
3232 128
3233 132
3234 118
3235 114
3236 52
3237 6
3238 0
3239 1
3240 1
3241 1
3242 0
3243 1
3244 0
3245 0
3246 0
3247 3
3248 93
3249 85
3250 129
3251 131
3252 135
3253 134
3254 111
3255 144
3256 134
3257 126
3258 125
3259 115
3260 54
3261 8
3262 2
3263 0
3264 4
3265 0
3266 2
3267 0
3268 1
3269 2
3270 2
3271 1
3272 64
3273 107
3274 132
3275 145
3276 129
3277 151
3278 114
3279 129
3280 129
3281 112
3282 122
3283 107
3284 62
3285 15
3286 2
3287 1
3288 1
3289 2
3290 1
3291 0
3292 1
3293 1
3294 5
3295 7
3296 75
3297 81
3298 121
3299 129
3300 151
3301 147
3302 135
3303 151
3304 122
3305 133
3306 127
3307 108
3308 67
3309 6
3310 3
3311 1
3312 5
3313 3
3314 2
3315 4
3316 3
3317 0
3318 0
3319 1
3320 33
3321 54
3322 80
3323 93
3324 115
3325 114
3326 115
3327 119
3328 119
3329 112
3330 96
3331 98
3332 70
3333 5
3334 2
3335 4
3336 2
3337 7
3338 5
3339 3
3340 0
3341 1
3342 0
3343 3
3344 53
3345 29
3346 47
3347 95
3348 113
3349 123
3350 109
3351 90
3352 104
3353 88
3354 98
3355 47
3356 2
3357 2
3358 1
3359 0
3360 0
3361 2
3362 0
3363 0
3364 0
3365 0
3366 0
3367 3
3368 77
3369 105
3370 126
3371 158
3372 136
3373 122
3374 126
3375 129
3376 126
3377 114
3378 121
3379 102
3380 53
3381 14
3382 0
3383 0
3384 1
3385 1
3386 0
3387 0
3388 1
3389 1
3390 1
3391 5
3392 70
3393 95
3394 132
3395 147
3396 121
3397 140
3398 123
3399 126
3400 113
3401 118
3402 105
3403 113
3404 48
3405 2
3406 1
3407 2
3408 3
3409 0
3410 0
3411 0
3412 0
3413 1
3414 2
3415 4
3416 70
3417 94
3418 142
3419 139
3420 148
3421 139
3422 116
3423 133
3424 142
3425 106
3426 124
3427 124
3428 73
3429 13
3430 3
3431 1
3432 2
3433 2
3434 0
3435 0
3436 0
3437 0
3438 0
3439 3
3440 72
3441 87
3442 116
3443 133
3444 144
3445 142
3446 139
3447 135
3448 106
3449 117
3450 133
3451 112
3452 65
3453 10
3454 0
3455 3
3456 3
3457 2
3458 0
3459 0
3460 0
3461 0
3462 3
3463 4
3464 70
3465 93
3466 135
3467 136
3468 140
3469 142
3470 113
3471 128
3472 127
3473 112
3474 120
3475 122
3476 58
3477 12
3478 3
3479 3
3480 8
3481 7
3482 3
3483 5
3484 0
3485 0
3486 0
3487 2
3488 44
3489 40
3490 81
3491 109
3492 127
3493 124
3494 130
3495 107
3496 133
3497 100
3498 89
3499 107
3500 64
3501 5
3502 3
3503 4
3504 0
3505 5
3506 7
3507 1
3508 1
3509 1
3510 0
3511 1
3512 41
3513 30
3514 64
3515 103
3516 102
3517 114
3518 87
3519 110
3520 105
3521 106
3522 90
3523 35
3524 1
3525 4
3526 3
3527 0
3528 1
3529 1
3530 0
3531 0
3532 0
3533 0
3534 1
3535 0
3536 72
3537 73
3538 130
3539 167
3540 134
3541 137
3542 131
3543 119
3544 140
3545 115
3546 112
3547 113
3548 59
3549 7
3550 3
3551 0
3552 0
3553 1
3554 0
3555 0
3556 0
3557 1
3558 3
3559 1
3560 74
3561 78
3562 120
3563 138
3564 124
3565 123
3566 144
3567 137
3568 130
3569 115
3570 112
3571 127
3572 71
3573 12
3574 2
3575 2
3576 1
3577 1
3578 1
3579 0
3580 0
3581 0
3582 3
3583 2
3584 84
3585 85
3586 130
3587 136
3588 157
3589 139
3590 150
3591 124
3592 121
3593 133
3594 127
3595 97
3596 60
3597 9
3598 1
3599 3
3600 3
3601 4
3602 0
3603 0
3604 0
3605 0
3606 1
3607 3
3608 67
3609 95
3610 126
3611 128
3612 125
3613 134
3614 123
3615 128
3616 112
3617 131
3618 114
3619 113
3620 51
3621 6
3622 3
3623 2
3624 1
3625 1
3626 0
3627 0
3628 0
3629 0
3630 0
3631 4
3632 77
3633 76
3634 143
3635 126
3636 166
3637 137
3638 111
3639 138
3640 139
3641 121
3642 121
3643 97
3644 54
3645 4
3646 3
3647 6
3648 6
3649 4
3650 3
3651 6
3652 1
3653 0
3654 0
3655 0
3656 48
3657 51
3658 75
3659 112
3660 127
3661 121
3662 131
3663 117
3664 93
3665 118
3666 113
3667 103
3668 63
3669 8
3670 2
3671 3
3672 0
3673 3
3674 2
3675 3
3676 1
3677 2
3678 0
3679 1
3680 28
3681 39
3682 43
3683 92
3684 109
3685 128
3686 99
3687 93
3688 86
3689 105
3690 64
3691 49
3692 0
3693 1
3694 2
3695 4
3696 0
3697 0
3698 0
3699 1
3700 1
3701 0
3702 3
3703 3
3704 68
3705 84
3706 140
3707 149
3708 141
3709 124
3710 112
3711 138
3712 111
3713 115
3714 128
3715 136
3716 48
3717 14
3718 1
3719 1
3720 1
3721 2
3722 0
3723 0
3724 0
3725 0
3726 1
3727 3
3728 67
3729 77
3730 109
3731 141
3732 142
3733 136
3734 124
3735 123
3736 123
3737 109
3738 124
3739 97
3740 57
3741 4
3742 2
3743 1
3744 0
3745 1
3746 0
3747 0
3748 0
3749 0
3750 0
3751 1
3752 67
3753 82
3754 114
3755 129
3756 144
3757 137
3758 137
3759 122
3760 107
3761 124
3762 120
3763 123
3764 51
3765 6
3766 4
3767 2
3768 3
3769 0
3770 2
3771 0
3772 0
3773 1
3774 1
3775 1
3776 67
3777 73
3778 122
3779 131
3780 132
3781 134
3782 136
3783 153
3784 139
3785 122
3786 123
3787 111
3788 61
3789 17
3790 1
3791 5
3792 1
3793 3
3794 2
3795 1
3796 0
3797 0
3798 3
3799 1
3800 72
3801 106
3802 131
3803 141
3804 148
3805 134
3806 153
3807 153
3808 141
3809 131
3810 114
3811 119
3812 62
3813 14
3814 2
3815 3
3816 2
3817 4
3818 1
3819 3
3820 2
3821 0
3822 1
3823 1
3824 26
3825 41
3826 74
3827 116
3828 100
3829 128
3830 114
3831 100
3832 106
3833 106
3834 77
3835 91
3836 67
3837 7
3838 4
3839 2
3840 2
3841 8
3842 0
3843 0
3844 0
3845 1
3846 0
3847 0
3848 28
3849 31
3850 46
3851 101
3852 111
3853 126
3854 90
3855 83
3856 86
3857 80
3858 79
3859 32
3860 1
3861 5
3862 2
3863 1
3864 0
3865 1
3866 1
3867 5
3868 1
3869 7
3870 5
3871 2
3872 43
3873 42
3874 60
3875 67
3876 56
3877 72
3878 56
3879 52
3880 61
3881 68
3882 58
3883 59
3884 46
3885 10
3886 0
3887 0
3888 0
3889 3
3890 0
3891 0
3892 0
3893 0
3894 1
3895 1
3896 63
3897 84
3898 111
3899 155
3900 133
3901 109
3902 118
3903 141
3904 141
3905 111
3906 116
3907 136
3908 57
3909 2
3910 0
3911 0
3912 0
3913 2
3914 0
3915 0
3916 0
3917 1
3918 1
3919 2
3920 75
3921 98
3922 129
3923 126
3924 120
3925 127
3926 124
3927 131
3928 138
3929 138
3930 114
3931 128
3932 58
3933 13
3934 0
3935 2
3936 1
3937 1
3938 1
3939 0
3940 0
3941 0
3942 1
3943 3
3944 66
3945 86
3946 143
3947 136
3948 120
3949 140
3950 140
3951 145
3952 102
3953 128
3954 117
3955 113
3956 65
3957 14
3958 4
3959 1
3960 1
3961 4
3962 0
3963 1
3964 0
3965 1
3966 2
3967 3
3968 69
3969 86
3970 120
3971 125
3972 127
3973 132
3974 128
3975 139
3976 132
3977 136
3978 136
3979 123
3980 53
3981 8
3982 3
3983 0
3984 5
3985 5
3986 1
3987 0
3988 0
3989 0
3990 0
3991 1
3992 31
3993 54
3994 74
3995 136
3996 128
3997 125
3998 135
3999 123
4000 122
4001 109
4002 119
4003 107
4004 66
4005 11
4006 2
4007 3
4008 5
4009 5
4010 0
4011 1
4012 3
4013 0
4014 1
4015 1
4016 43
4017 24
4018 49
4019 67
4020 113
4021 114
4022 115
4023 107
4024 93
4025 92
4026 85
4027 43
4028 1
4029 3
4030 0
4031 2
4032 1
4033 2
4034 0
4035 2
4036 0
4037 0
4038 2
4039 1
4040 66
4041 106
4042 107
4043 156
4044 154
4045 129
4046 133
4047 130
4048 135
4049 111
4050 91
4051 113
4052 46
4053 7
4054 1
4055 2
4056 1
4057 1
4058 0
4059 0
4060 1
4061 0
4062 3
4063 0
4064 80
4065 80
4066 115
4067 130
4068 115
4069 122
4070 131
4071 119
4072 126
4073 109
4074 108
4075 109
4076 58
4077 5
4078 1
4079 2
4080 3
4081 2
4082 0
4083 0
4084 1
4085 0
4086 3
4087 3
4088 66
4089 87
4090 158
4091 118
4092 123
4093 126
4094 115
4095 139
4096 112
4097 121
4098 112
4099 117
4100 61
4101 8
4102 0
4103 0
4104 1
4105 2
4106 1
4107 0
4108 1
4109 1
4110 0
4111 4
4112 65
4113 93
4114 127
4115 136
4116 121
4117 120
4118 119
4119 130
4120 137
4121 105
4122 97
4123 105
4124 64
4125 8
4126 1
4127 2
4128 2
4129 2
4130 0
4131 0
4132 0
4133 1
4134 1
4135 9
4136 111
4137 207
4138 178
4139 210
4140 241
4141 244
4142 146
4143 176
4144 148
4145 107
4146 98
4147 112
4148 34
4149 3
4150 2
4151 0
4152 1
4153 3
4154 0
4155 0
4156 0
4157 0
4158 1
4159 0
4160 38
4161 31
4162 68
4163 84
4164 109
4165 118
4166 104
4167 108
4168 93
4169 109
4170 101
4171 96
4172 55
4173 4
4174 1
4175 1
4176 2
4177 6
4178 0
4179 2
4180 0
4181 0
4182 0
4183 0
4184 33
4185 24
4186 42
4187 76
4188 99
4189 99
4190 114
4191 95
4192 89
4193 97
4194 88
4195 33
4196 5
4197 2
4198 0
4199 1
4200 0
4201 2
4202 0
4203 0
4204 0
4205 2
4206 1
4207 1
4208 71
4209 71
4210 100
4211 124
4212 127
4213 128
4214 114
4215 120
4216 102
4217 124
4218 111
4219 107
4220 49
4221 15
4222 3
4223 1
4224 2
4225 5
4226 1
4227 0
4228 0
4229 0
4230 0
4231 0
4232 67
4233 99
4234 125
4235 136
4236 132
4237 145
4238 108
4239 108
4240 114
4241 116
4242 112
4243 113
4244 55
4245 1
4246 0
4247 0
4248 0
4249 3
4250 0
4251 0
4252 0
4253 0
4254 0
4255 1
4256 84
4257 74
4258 93
4259 111
4260 120
4261 134
4262 103
4263 119
4264 120
4265 121
4266 119
4267 104
4268 54
4269 4
4270 0
4271 0
4272 1
4273 1
4274 0
4275 0
4276 0
4277 0
4278 0
4279 0
4280 67
4281 91
4282 101
4283 113
4284 130
4285 124
4286 129
4287 125
4288 108
4289 112
4290 102
4291 109
4292 51
4293 3
4294 2
4295 0
4296 0
4297 2
4298 0
4299 0
4300 0
4301 0
4302 0
4303 0
4304 82
4305 82
4306 104
4307 120
4308 132
4309 140
4310 113
4311 110
4312 118
4313 112
4314 130
4315 92
4316 59
4317 3
4318 1
4319 1
4320 1
4321 4
4322 0
4323 0
4324 0
4325 1
4326 0
4327 0
4328 37
4329 41
4330 70
4331 108
4332 112
4333 103
4334 110
4335 99
4336 134
4337 87
4338 92
4339 98
4340 60
4341 1
4342 1
4343 1
4344 0
4345 3
4346 1
4347 2
4348 0
4349 0
4350 0
4351 0
4352 36
4353 25
4354 72
4355 113
4356 102
4357 104
4358 100
4359 89
4360 88
4361 92
4362 78
4363 29
4364 1
4365 0
4366 0
4367 0
4368 0
4369 1
4370 0
4371 0
4372 0
4373 0
4374 1
4375 0
4376 46
4377 85
4378 101
4379 116
4380 125
4381 125
4382 103
4383 116
4384 110
4385 101
4386 110
4387 131
4388 34
4389 7
4390 0
4391 0
4392 0
4393 1
4394 0
4395 0
4396 0
4397 0
4398 0
4399 0
4400 77
4401 75
4402 115
4403 113
4404 122
4405 113
4406 111
4407 89
4408 98
4409 113
4410 88
4411 110
4412 56
4413 5
4414 2
4415 0
4416 0
4417 1
4418 0
4419 0
4420 0
4421 0
4422 0
4423 0
4424 73
4425 74
4426 129
4427 127
4428 122
4429 138
4430 118
4431 114
4432 119
4433 102
4434 109
4435 112
4436 53
4437 8
4438 0
4439 0
4440 0
4441 1
4442 0
4443 0
4444 0
4445 0
4446 0
4447 0
4448 59
4449 66
4450 110
4451 115
4452 121
4453 110
4454 113
4455 107
4456 118
4457 126
4458 105
4459 105
4460 63
4461 6
4462 0
4463 0
4464 0
4465 1
4466 0
4467 0
4468 0
4469 0
4470 0
4471 2
4472 71
4473 84
4474 131
4475 132
4476 127
4477 142
4478 112
4479 112
4480 117
4481 121
4482 101
4483 109
4484 59
4485 7
4486 3
4487 1
4488 0
4489 4
4490 0
4491 0
4492 1
4493 0
4494 0
4495 0
4496 33
4497 43
4498 67
4499 77
4500 87
4501 98
4502 105
4503 90
4504 89
4505 92
4506 105
4507 98
4508 53
4509 9
4510 0
4511 2
4512 5
4513 2
4514 0
4515 0
4516 1
4517 0
4518 0
4519 0
4520 41
4521 35
4522 42
4523 77
4524 92
4525 99
4526 110
4527 93
4528 77
4529 100
4530 79
4531 35
4532 0
4533 0
4534 0
4535 0
4536 1
4537 1
4538 0
4539 0
4540 0
4541 0
4542 0
4543 0
4544 56
4545 77
4546 85
4547 124
4548 113
4549 120
4550 102
4551 119
4552 117
4553 121
4554 109
4555 87
4556 51
4557 7
4558 0
4559 0
4560 0
4561 1
4562 0
4563 0
4564 0
4565 0
4566 0
4567 0
4568 52
4569 69
4570 91
4571 125
4572 120
4573 107
4574 98
4575 124
4576 91
4577 110
4578 96
4579 114
4580 53
4581 1
4582 2
4583 0
4584 1
4585 1
4586 0
4587 0
4588 0
4589 0
4590 1
4591 0
4592 63
4593 88
4594 110
4595 125
4596 118
4597 118
4598 101
4599 117
4600 112
4601 111
4602 91
4603 103
4604 51
4605 8
4606 0
4607 0
4608 0
4609 1
4610 0
4611 0
4612 0
4613 0
4614 0
4615 0
4616 57
4617 64
4618 90
4619 112
4620 108
4621 114
4622 116
4623 120
4624 104
4625 107
4626 106
4627 111
4628 49
4629 5
4630 1
4631 0
4632 0
4633 2
4634 0
4635 2
4636 0
4637 1
4638 0
4639 1
4640 71
4641 84
4642 131
4643 119
4644 144
4645 121
4646 138
4647 125
4648 127
4649 126
4650 98
4651 111
4652 63
4653 2
4654 1
4655 3
4656 0
4657 2
4658 0
4659 0
4660 0
4661 0
4662 0
4663 2
4664 33
4665 40
4666 74
4667 79
4668 114
4669 101
4670 97
4671 88
4672 109
4673 86
4674 85
4675 92
4676 55
4677 2
4678 0
4679 2
4680 4
4681 3
4682 1
4683 1
4684 1
4685 0
4686 0
4687 0
4688 41
4689 37
4690 53
4691 87
4692 134
4693 162
4694 127
4695 111
4696 82
4697 79
4698 78
4699 44
4700 1
4701 0
4702 0
4703 0
4704 1
4705 1
4706 0
4707 0
4708 0
4709 0
4710 1
4711 1
4712 55
4713 65
4714 104
4715 98
4716 114
4717 120
4718 125
4719 108
4720 117
4721 103
4722 98
4723 108
4724 66
4725 2
4726 0
4727 0
4728 1
4729 1
4730 0
4731 0
4732 0
4733 0
4734 0
4735 0
4736 66
4737 74
4738 118
4739 107
4740 100
4741 118
4742 116
4743 111
4744 103
4745 106
4746 102
4747 115
4748 50
4749 6
4750 1
4751 1
4752 0
4753 1
4754 1
4755 0
4756 1
4757 0
4758 1
4759 0
4760 73
4761 60
4762 93
4763 126
4764 115
4765 128
4766 110
4767 112
4768 125
4769 96
4770 109
4771 96
4772 64
4773 2
4774 1
4775 1
4776 0
4777 1
4778 0
4779 0
4780 0
4781 0
4782 1
4783 1
4784 73
4785 71
4786 100
4787 105
4788 135
4789 105
4790 88
4791 116
4792 129
4793 104
4794 120
4795 97
4796 63
4797 2
4798 1
4799 1
4800 1
4801 1
4802 0
4803 0
4804 0
4805 0
4806 0
4807 1
4808 62
4809 75
4810 98
4811 107
4812 117
4813 124
4814 115
4815 114
4816 129
4817 116
4818 115
4819 110
4820 50
4821 3
4822 1
4823 0
4824 1
4825 2
4826 2
4827 1
4828 0
4829 0
4830 0
4831 1
4832 34
4833 41
4834 75
4835 92
4836 104
4837 100
4838 106
4839 100
4840 120
4841 75
4842 72
4843 76
4844 55
4845 1
4846 2
4847 1
4848 2
4849 3
4850 0
4851 0
4852 0
4853 0
4854 0
4855 0
4856 40
4857 29
4858 38
4859 67
4860 74
4861 106
4862 92
4863 83
4864 89
4865 89
4866 70
4867 32
4868 2
4869 2
4870 1
4871 0
4872 1
4873 1
4874 1
4875 0
4876 0
4877 0
4878 0
4879 0
4880 60
4881 55
4882 93
4883 113
4884 117
4885 110
4886 117
4887 119
4888 128
4889 85
4890 91
4891 91
4892 46
4893 6
4894 0
4895 0
4896 0
4897 1
4898 0
4899 0
4900 0
4901 0
4902 0
4903 0
4904 59
4905 49
4906 100
4907 119
4908 104
4909 118
4910 119
4911 117
4912 106
4913 94
4914 104
4915 107
4916 55
4917 13
4918 0
4919 0
4920 0
4921 1
4922 0
4923 0
4924 0
4925 0
4926 1
4927 0
4928 58
4929 76
4930 117
4931 102
4932 148
4933 117
4934 126
4935 101
4936 108
4937 112
4938 109
4939 113
4940 65
4941 8
4942 1
4943 0
4944 0
4945 2
4946 0
4947 0
4948 0
4949 0
4950 0
4951 0
4952 71
4953 69
4954 115
4955 131
4956 122
4957 132
4958 107
4959 102
4960 108
4961 100
4962 113
4963 109
4964 44
4965 4
4966 2
4967 0
4968 0
4969 1
4970 0
4971 0
4972 0
4973 0
4974 0
4975 0
4976 75
4977 68
4978 101
4979 118
4980 118
4981 117
4982 109
4983 129
4984 117
4985 116
4986 120
4987 87
4988 49
4989 5
4990 1
4991 4
4992 2
4993 1
4994 0
4995 1
4996 0
4997 0
4998 0
4999 0
5000 39
5001 34
5002 79
5003 85
5004 107
5005 109
5006 106
5007 97
5008 99
5009 89
5010 80
5011 90
5012 53
5013 4
5014 5
5015 3
5016 3
5017 5
5018 0
5019 0
5020 0
5021 0
5022 0
5023 0
5024 37
5025 29
5026 44
5027 73
5028 91
5029 98
5030 90
5031 101
5032 91
5033 72
5034 76
5035 39
5036 0
5037 2
5038 0
5039 0
5040 1
5041 1
5042 0
5043 0
5044 0
5045 0
5046 0
5047 0
5048 59
5049 79
5050 115
5051 122
5052 106
5053 123
5054 107
5055 114
5056 109
5057 112
5058 101
5059 96
5060 51
5061 7
5062 0
5063 0
5064 1
5065 1
5066 0
5067 0
5068 0
5069 0
5070 0
5071 0
5072 65
5073 66
5074 93
5075 141
5076 135
5077 137
5078 105
5079 107
5080 130
5081 98
5082 93
5083 98
5084 51
5085 8
5086 0
5087 0
5088 0
5089 1
5090 0
5091 0
5092 0
5093 0
5094 0
5095 0
5096 65
5097 86
5098 108
5099 142
5100 110
5101 118
5102 127
5103 116
5104 102
5105 116
5106 83
5107 90
5108 52
5109 8
5110 1
5111 0
5112 1
5113 2
5114 0
5115 0
5116 0
5117 0
5118 0
5119 0
5120 71
5121 82
5122 102
5123 126
5124 104
5125 129
5126 106
5127 97
5128 131
5129 117
5130 118
5131 107
5132 54
5133 6
5134 0
5135 1
5136 0
5137 1
5138 0
5139 0
5140 1
5141 0
5142 0
5143 1
5144 71
5145 74
5146 104
5147 117
5148 101
5149 118
5150 109
5151 125
5152 111
5153 104
5154 88
5155 112
5156 49
5157 3
5158 0
5159 3
5160 2
5161 2
5162 0
5163 1
5164 1
5165 1
5166 0
5167 0
5168 40
5169 36
5170 66
5171 77
5172 90
5173 106
5174 101
5175 110
5176 102
5177 92
5178 84
5179 101
5180 58
5181 2
5182 2
5183 0
5184 0
5185 3
5186 2
5187 0
5188 2
5189 2
5190 0
5191 0
5192 35
5193 31
5194 56
5195 63
5196 89
5197 113
5198 83
5199 101
5200 73
5201 74
5202 85
5203 32
5204 0
5205 0
5206 0
5207 0
5208 0
5209 1
5210 0
5211 0
5212 0
5213 0
5214 0
5215 0
5216 59
5217 76
5218 91
5219 111
5220 107
5221 104
5222 118
5223 114
5224 98
5225 98
5226 106
5227 104
5228 55
5229 13
5230 1
5231 0
5232 0
5233 1
5234 0
5235 0
5236 0
5237 0
5238 0
5239 0
5240 74
5241 63
5242 113
5243 113
5244 136
5245 126
5246 104
5247 115
5248 124
5249 103
5250 88
5251 110
5252 45
5253 9
5254 0
5255 2
5256 0
5257 1
5258 0
5259 0
5260 0
5261 0
5262 0
5263 0
5264 78
5265 89
5266 114
5267 121
5268 98
5269 126
5270 107
5271 105
5272 108
5273 102
5274 110
5275 91
5276 58
5277 5
5278 1
5279 1
5280 0
5281 1
5282 0
5283 0
5284 0
5285 1
5286 0
5287 0
5288 81
5289 89
5290 112
5291 116
5292 108
5293 106
5294 113
5295 116
5296 99
5297 93
5298 105
5299 115
5300 59
5301 7
5302 3
5303 1
5304 1
5305 1
5306 0
5307 1
5308 0
5309 0
5310 0
5311 0
5312 86
5313 81
5314 105
5315 129
5316 132
5317 132
5318 107
5319 134
5320 119
5321 120
5322 118
5323 101
5324 41
5325 9
5326 0
5327 1
5328 3
5329 4
5330 1
5331 0
5332 0
5333 0
5334 0
5335 0
5336 45
5337 39
5338 65
5339 99
5340 103
5341 112
5342 94
5343 124
5344 102
5345 79
5346 78
5347 81
5348 66
5349 6
5350 0
5351 0
5352 1
5353 2
5354 1
5355 0
5356 0
5357 0
5358 0
5359 0
5360 53
5361 40
5362 44
5363 85
5364 105
5365 112
5366 103
5367 100
5368 80
5369 76
5370 73
5371 26
5372 0
5373 0
5374 0
5375 0
5376 1
5377 0
5378 0
5379 0
5380 0
5381 0
5382 0
5383 0
5384 74
5385 82
5386 103
5387 109
5388 122
5389 115
5390 111
5391 104
5392 125
5393 103
5394 95
5395 87
5396 59
5397 15
5398 0
5399 0
5400 0
5401 0
5402 0
5403 0
5404 0
5405 1
5406 0
5407 3
5408 78
5409 77
5410 125
5411 124
5412 106
5413 141
5414 121
5415 144
5416 112
5417 122
5418 114
5419 110
5420 54
5421 8
5422 3
5423 2
5424 1
5425 1
5426 0
5427 0
5428 0
5429 0
5430 1
5431 2
5432 93
5433 92
5434 122
5435 142
5436 122
5437 123
5438 101
5439 137
5440 110
5441 126
5442 131
5443 115
5444 54
5445 8
5446 0
5447 0
5448 1
5449 1
5450 2
5451 0
5452 0
5453 0
5454 1
5455 1
5456 83
5457 78
5458 106
5459 134
5460 123
5461 115
5462 119
5463 102
5464 126
5465 108
5466 127
5467 108
5468 58
5469 10
5470 1
5471 4
5472 2
5473 0
5474 0
5475 0
5476 0
5477 0
5478 1
5479 1
5480 71
5481 97
5482 132
5483 131
5484 114
5485 116
5486 110
5487 108
5488 129
5489 130
5490 117
5491 119
5492 49
5493 10
5494 1
5495 1
5496 1
5497 4
5498 4
5499 3
5500 1
5501 0
5502 1
5503 0
5504 42
5505 38
5506 82
5507 108
5508 118
5509 106
5510 122
5511 105
5512 114
5513 88
5514 93
5515 106
5516 49
5517 2
5518 2
5519 1
5520 1
5521 1
5522 1
5523 0
5524 0
5525 0
5526 1
5527 0
5528 41
5529 29
5530 51
5531 91
5532 106
5533 104
5534 87
5535 86
5536 108
5537 90
5538 88
5539 36
5540 1
5541 2
5542 1
5543 1
5544 0
5545 2
5546 0
5547 0
5548 0
5549 0
5550 1
5551 0
5552 63
5553 83
5554 103
5555 116
5556 102
5557 113
5558 114
5559 115
5560 106
5561 96
5562 98
5563 76
5564 53
5565 9
5566 1
5567 0
5568 2
5569 0
5570 1
5571 0
5572 0
5573 0
5574 3
5575 1
5576 85
5577 98
5578 141
5579 119
5580 127
5581 104
5582 106
5583 119
5584 103
5585 99
5586 103
5587 94
5588 60
5589 9
5590 1
5591 1
5592 0
5593 0
5594 0
5595 0
5596 0
5597 0
5598 1
5599 2
5600 80
5601 89
5602 114
5603 111
5604 115
5605 101
5606 93
5607 121
5608 112
5609 94
5610 105
5611 99
5612 48
5613 6
5614 2
5615 0
5616 1
5617 2
5618 0
5619 2
5620 0
5621 0
5622 0
5623 2
5624 73
5625 68
5626 104
5627 114
5628 109
5629 125
5630 129
5631 101
5632 106
5633 127
5634 125
5635 119
5636 44
5637 0
5638 0
5639 5
5640 0
5641 1
5642 0
5643 0
5644 0
5645 1
5646 0
5647 2
5648 88
5649 92
5650 105
5651 123
5652 104
5653 133
5654 133
5655 112
5656 103
5657 109
5658 116
5659 97
5660 48
5661 3
5662 2
5663 1
5664 5
5665 3
5666 4
5667 5
5668 0
5669 0
5670 0
5671 1
5672 43
5673 34
5674 68
5675 118
5676 108
5677 109
5678 81
5679 91
5680 102
5681 87
5682 73
5683 94
5684 65
5685 8
5686 0
5687 0
5688 0
5689 3
5690 0
5691 0
5692 1
5693 1
5694 0
5695 1
5696 43
5697 28
5698 53
5699 68
5700 114
5701 92
5702 92
5703 91
5704 108
5705 103
5706 81
5707 34
5708 3
5709 2
5710 2
5711 0
5712 0
5713 0
5714 0
5715 0
5716 0
5717 0
5718 0
5719 2
5720 83
5721 68
5722 101
5723 123
5724 100
5725 108
5726 118
5727 108
5728 125
5729 109
5730 123
5731 77
5732 44
5733 16
5734 2
5735 1
5736 1
5737 0
5738 1
5739 0
5740 0
5741 0
5742 1
5743 0
5744 80
5745 55
5746 100
5747 97
5748 96
5749 116
5750 116
5751 101
5752 111
5753 109
5754 104
5755 93
5756 62
5757 7
5758 0
5759 2
5760 1
5761 0
5762 0
5763 0
5764 0
5765 0
5766 2
5767 0
5768 69
5769 65
5770 99
5771 128
5772 129
5773 100
5774 111
5775 108
5776 109
5777 92
5778 121
5779 98
5780 54
5781 13
5782 3
5783 0
5784 2
5785 1
5786 0
5787 0
5788 0
5789 0
5790 2
5791 1
5792 82
5793 93
5794 105
5795 113
5796 99
5797 107
5798 98
5799 109
5800 100
5801 88
5802 121
5803 108
5804 50
5805 14
5806 0
5807 1
5808 0
5809 0
5810 0
5811 0
5812 0
5813 1
5814 4
5815 1
5816 116
5817 82
5818 120
5819 138
5820 154
5821 116
5822 98
5823 117
5824 114
5825 102
5826 102
5827 87
5828 51
5829 1
5830 2
5831 1
5832 2
5833 5
5834 5
5835 5
5836 0
5837 0
5838 0
5839 0
5840 42
5841 43
5842 67
5843 61
5844 98
5845 96
5846 99
5847 115
5848 95
5849 79
5850 63
5851 83
5852 50
5853 8
5854 2
5855 1
5856 1
5857 1
5858 4
5859 1
5860 1
5861 0
5862 0
5863 0
5864 47
5865 27
5866 50
5867 74
5868 97
5869 96
5870 79
5871 100
5872 80
5873 74
5874 65
5875 35
5876 2
5877 0
5878 0
5879 3
5880 0
5881 0
5882 0
5883 0
5884 0
5885 0
5886 1
5887 3
5888 65
5889 80
5890 104
5891 112
5892 118
5893 106
5894 123
5895 97
5896 102
5897 104
5898 100
5899 89
5900 47
5901 8
5902 2
5903 2
5904 1
5905 0
5906 0
5907 1
5908 0
5909 0
5910 1
5911 3
5912 63
5913 59
5914 105
5915 109
5916 105
5917 97
5918 86
5919 86
5920 99
5921 97
5922 85
5923 89
5924 50
5925 3
5926 0
5927 0
5928 1
5929 0
5930 0
5931 0
5932 0
5933 1
5934 0
5935 0
5936 77
5937 62
5938 94
5939 114
5940 99
5941 113
5942 106
5943 103
5944 116
5945 108
5946 95
5947 104
5948 55
5949 13
5950 2
5951 0
5952 0
5953 0
5954 0
5955 0
5956 0
5957 0
5958 0
5959 2
5960 64
5961 74
5962 106
5963 95
5964 94
5965 97
5966 94
5967 105
5968 105
5969 98
5970 116
5971 102
5972 51
5973 6
5974 3
5975 1
5976 1
5977 1
5978 0
5979 0
5980 0
5981 0
5982 1
5983 0
5984 79
5985 91
5986 123
5987 109
5988 133
5989 106
5990 126
5991 110
5992 113
5993 98
5994 107
5995 94
5996 65
5997 11
5998 0
5999 0
6000 0
6001 2
6002 2
6003 4
6004 1
6005 0
6006 0
6007 4
6008 42
6009 42
6010 63
6011 112
6012 101
6013 116
6014 100
6015 86
6016 83
6017 68
6018 62
6019 75
6020 60
6021 7
6022 2
6023 0
6024 0
6025 2
6026 1
6027 0
6028 0
6029 0
6030 0
6031 0
6032 35
6033 17
6034 51
6035 73
6036 102
6037 110
6038 100
6039 84
6040 95
6041 70
6042 85
6043 43
6044 3
6045 0
6046 1
6047 0
6048 0
6049 0
6050 0
6051 0
6052 0
6053 0
6054 1
6055 1
6056 63
6057 71
6058 99
6059 136
6060 106
6061 119
6062 108
6063 115
6064 121
6065 91
6066 97
6067 101
6068 52
6069 7
6070 1
6071 1
6072 0
6073 0
6074 0
6075 0
6076 0
6077 0
6078 0
6079 2
6080 60
6081 94
6082 100
6083 121
6084 105
6085 120
6086 102
6087 102
6088 104
6089 108
6090 94
6091 83
6092 56
6093 11
6094 1
6095 2
6096 1
6097 0
6098 0
6099 0
6100 0
6101 1
6102 2
6103 0
6104 63
6105 75
6106 116
6107 134
6108 121
6109 120
6110 99
6111 101
6112 108
6113 102
6114 86
6115 133
6116 57
6117 13
6118 3
6119 2
6120 0
6121 0
6122 0
6123 0
6124 0
6125 0
6126 0
6127 2
6128 61
6129 54
6130 111
6131 135
6132 126
6133 98
6134 125
6135 122
6136 129
6137 89
6138 82
6139 93
6140 55
6141 9
6142 1
6143 3
6144 0
6145 2
6146 2
6147 0
6148 1
6149 0
6150 1
6151 0
6152 85
6153 79
6154 116
6155 128
6156 125
6157 117
6158 107
6159 115
6160 119
6161 119
6162 96
6163 106
6164 39
6165 5
6166 4
6167 0
6168 4
6169 3
6170 0
6171 0
6172 0
6173 0
6174 0
6175 0
6176 36
6177 33
6178 73
6179 82
6180 100
6181 96
6182 89
6183 89
6184 81
6185 76
6186 55
6187 82
6188 52
6189 12
6190 1
6191 1
6192 2
6193 2
6194 0
6195 0
6196 0
6197 1
6198 0
6199 1
6200 43
6201 23
6202 57
6203 50
6204 85
6205 98
6206 96
6207 73
6208 93
6209 79
6210 65
6211 20
6212 2
6213 1
6214 0
6215 0
6216 0
6217 0
6218 0
6219 0
6220 0
6221 0
6222 1
6223 0
6224 70
6225 55
6226 91
6227 97
6228 115
6229 89
6230 118
6231 101
6232 100
6233 100
6234 97
6235 74
6236 38
6237 7
6238 1
6239 0
6240 3
6241 1
6242 0
6243 1
6244 0
6245 0
6246 1
6247 1
6248 79
6249 71
6250 106
6251 106
6252 88
6253 113
6254 103
6255 103
6256 79
6257 83
6258 85
6259 94
6260 43
6261 2
6262 2
6263 2
6264 0
6265 1
6266 0
6267 0
6268 0
6269 1
6270 1
6271 0
6272 77
6273 67
6274 69
6275 109
6276 104
6277 95
6278 102
6279 110
6280 106
6281 100
6282 112
6283 79
6284 48
6285 8
6286 4
6287 1
6288 2
6289 1
6290 0
6291 0
6292 0
6293 0
6294 0
6295 1
6296 80
6297 51
6298 113
6299 115
6300 114
6301 120
6302 100
6303 107
6304 92
6305 101
6306 101
6307 108
6308 48
6309 4
6310 2
6311 0
6312 0
6313 1
6314 0
6315 0
6316 0
6317 0
6318 0
6319 2
6320 76
6321 95
6322 106
6323 102
6324 103
6325 138
6326 132
6327 119
6328 140
6329 118
6330 97
6331 95
6332 45
6333 3
6334 2
6335 1
6336 2
6337 5
6338 3
6339 1
6340 0
6341 0
6342 0
6343 1
6344 38
6345 25
6346 55
6347 78
6348 83
6349 88
6350 88
6351 74
6352 88
6353 55
6354 46
6355 86
6356 59
6357 6
6358 0
6359 3
6360 1
6361 3
6362 0
6363 0
6364 0
6365 0
6366 0
6367 0
6368 50
6369 29
6370 34
6371 74
6372 93
6373 86
6374 100
6375 102
6376 92
6377 85
6378 56
6379 26
6380 1
6381 4
6382 0
6383 0
6384 0
6385 0
6386 0
6387 0
6388 1
6389 1
6390 1
6391 2
6392 66
6393 54
6394 99
6395 105
6396 103
6397 87
6398 105
6399 118
6400 101
6401 103
6402 83
6403 69
6404 35
6405 2
6406 1
6407 1
6408 2
6409 1
6410 1
6411 0
6412 0
6413 0
6414 5
6415 1
6416 75
6417 72
6418 108
6419 108
6420 107
6421 103
6422 101
6423 106
6424 103
6425 107
6426 101
6427 107
6428 44
6429 8
6430 2
6431 0
6432 0
6433 1
6434 0
6435 0
6436 2
6437 0
6438 1
6439 2
6440 68
6441 62
6442 132
6443 93
6444 112
6445 110
6446 88
6447 104
6448 85
6449 104
6450 87
6451 114
6452 47
6453 5
6454 1
6455 0
6456 1
6457 2
6458 0
6459 0
6460 0
6461 1
6462 0
6463 2
6464 62
6465 67
6466 104
6467 107
6468 110
6469 117
6470 82
6471 107
6472 117
6473 111
6474 88
6475 103
6476 48
6477 9
6478 1
6479 5
6480 0
6481 1
6482 0
6483 0
6484 0
6485 0
6486 1
6487 3
6488 72
6489 73
6490 99
6491 115
6492 105
6493 109
6494 105
6495 115
6496 103
6497 109
6498 113
6499 87
6500 34
6501 6
6502 1
6503 4
6504 3
6505 3
6506 2
6507 0
6508 1
6509 0
6510 1
6511 0
6512 35
6513 31
6514 54
6515 92
6516 88
6517 66
6518 69
6519 60
6520 67
6521 38
6522 36
6523 53
6524 39
6525 7
6526 4
6527 0
6528 3
6529 3
6530 0
6531 0
6532 0
6533 0
6534 1
6535 0
6536 45
6537 26
6538 43
6539 66
6540 96
6541 93
6542 96
6543 92
6544 93
6545 75
6546 57
6547 20
6548 1
6549 1
6550 3
6551 1
6552 0
6553 2
6554 0
6555 0
6556 3
6557 1
6558 2
6559 1
6560 24
6561 52
6562 98
6563 99
6564 116
6565 115
6566 87
6567 73
6568 93
6569 60
6570 59
6571 82
6572 42
6573 7
6574 2
6575 6
6576 4
6577 9
6578 2
6579 0
6580 0
6581 1
6582 1
6583 0
6584 37
6585 35
6586 47
6587 78
6588 85
6589 108
6590 109
6591 92
6592 112
6593 98
6594 94
6595 33
6596 2
6597 1
6598 3
6599 1
6600 1
6601 0
6602 0
6603 0
6604 1
6605 0
6606 0
6607 4
6608 65
6609 97
6610 130
6611 146
6612 152
6613 129
6614 136
6615 142
6616 124
6617 141
6618 110
6619 137
6620 59
6621 9
6622 0
6623 1
6624 1
6625 0
6626 0
6627 0
6628 0
6629 0
6630 1
6631 3
6632 59
6633 94
6634 132
6635 151
6636 135
6637 123
6638 132
6639 131
6640 144
6641 150
6642 118
6643 124
6644 47
6645 5
6646 1
6647 3
6648 1
6649 0
6650 0
6651 0
6652 2
6653 1
6654 3
6655 4
6656 67
6657 103
6658 159
6659 136
6660 151
6661 138
6662 132
6663 145
6664 124
6665 143
6666 140
6667 124
6668 64
6669 5
6670 1
6671 1
6672 1
6673 1
6674 0
6675 1
6676 3
6677 0
6678 2
6679 4
6680 66
6681 69
6682 126
6683 158
6684 166
6685 133
6686 118
6687 165
6688 145
6689 127
6690 136
6691 119
6692 57
6693 5
6694 0
6695 1
6696 1
6697 2
6698 3
6699 0
6700 1
6701 1
6702 2
6703 5
6704 88
6705 99
6706 153
6707 127
6708 131
6709 152
6710 121
6711 140
6712 161
6713 130
6714 137
6715 126
6716 53
6717 3
6718 4
6719 4
6720 5
6721 3
6722 2
6723 2
6724 7
6725 1
6726 1
6727 1
6728 19
6729 50
6730 81
6731 112
6732 120
6733 116
6734 114
6735 121
6736 126
6737 96
6738 78
6739 124
6740 65
6741 2
6742 0
6743 7
6744 5
6745 7
6746 3
6747 2
6748 1
6749 1
6750 1
6751 1
6752 34
6753 26
6754 34
6755 67
6756 106
6757 127
6758 106
6759 127
6760 120
6761 96
6762 92
6763 31
6764 0
6765 0
6766 4
6767 0
6768 0
6769 0
6770 0
6771 0
6772 1
6773 0
6774 2
6775 4
6776 67
6777 94
6778 126
6779 156
6780 146
6781 125
6782 131
6783 150
6784 148
6785 136
6786 127
6787 114
6788 35
6789 0
6790 1
6791 3
6792 1
6793 1
6794 1
6795 0
6796 0
6797 1
6798 1
6799 5
6800 60
6801 82
6802 130
6803 140
6804 155
6805 149
6806 130
6807 128
6808 139
6809 141
6810 127
6811 130
6812 54
6813 5
6814 1
6815 0
6816 1
6817 2
6818 0
6819 0
6820 1
6821 1
6822 2
6823 3
6824 83
6825 64
6826 129
6827 133
6828 132
6829 132
6830 146
6831 136
6832 179
6833 121
6834 140
6835 144
6836 50
6837 9
6838 0
6839 2
6840 1
6841 1
6842 0
6843 0
6844 0
6845 2
6846 0
6847 1
6848 70
6849 98
6850 138
6851 133
6852 172
6853 137
6854 142
6855 160
6856 126
6857 137
6858 135
6859 134
6860 56
6861 8
6862 3
6863 1
6864 1
6865 1
6866 1
6867 0
6868 0
6869 1
6870 0
6871 6
6872 89
6873 103
6874 140
6875 148
6876 136
6877 152
6878 138
6879 178
6880 169
6881 171
6882 135
6883 145
6884 57
6885 8
6886 6
6887 2
6888 2
6889 4
6890 2
6891 7
6892 5
6893 1
6894 0
6895 2
6896 34
6897 51
6898 111
6899 106
6900 101
6901 121
6902 124
6903 107
6904 119
6905 95
6906 90
6907 119
6908 61
6909 3
6910 0
6911 11
6912 8
6913 5
6914 6
6915 4
6916 3
6917 1
6918 2
6919 0
6920 39
6921 27
6922 44
6923 85
6924 105
6925 101
6926 102
6927 92
6928 104
6929 80
6930 84
6931 34
6932 1
6933 2
6934 1
6935 0
6936 0
6937 0
6938 0
6939 0
6940 0
6941 1
6942 0
6943 5
6944 67
6945 92
6946 143
6947 142
6948 148
6949 149
6950 138
6951 148
6952 129
6953 133
6954 113
6955 107
6956 44
6957 6
6958 0
6959 2
6960 1
6961 0
6962 0
6963 0
6964 0
6965 0
6966 2
6967 8
6968 80
6969 99
6970 118
6971 146
6972 155
6973 144
6974 138
6975 150
6976 133
6977 135
6978 124
6979 132
6980 56
6981 7
6982 2
6983 2
6984 1
6985 0
6986 0
6987 0
6988 1
6989 4
6990 0
6991 3
6992 85
6993 78
6994 125
6995 137
6996 130
6997 145
6998 140
6999 141
7000 135
7001 123
7002 117
7003 123
7004 60
7005 8
7006 2
7007 2
7008 1
7009 0
7010 0
7011 0
7012 0
7013 1
7014 5
7015 5
7016 81
7017 83
7018 127
7019 140
7020 129
7021 119
7022 147
7023 131
7024 143
7025 142
7026 119
7027 112
7028 55
7029 9
7030 5
7031 2
7032 0
7033 4
7034 0
7035 0
7036 2
7037 1
7038 1
7039 5
7040 65
7041 86
7042 140
7043 140
7044 153
7045 147
7046 140
7047 137
7048 152
7049 144
7050 145
7051 137
7052 55
7053 8
7054 3
7055 2
7056 0
7057 1
7058 2
7059 3
7060 3
7061 0
7062 0
7063 0
7064 43
7065 56
7066 90
7067 131
7068 126
7069 124
7070 121
7071 143
7072 121
7073 92
7074 89
7075 104
7076 73
7077 4
7078 3
7079 5
7080 0
7081 3
7082 1
7083 1
7084 0
7085 0
7086 0
7087 1
7088 38
7089 26
7090 39
7091 83
7092 103
7093 101
7094 111
7095 121
7096 107
7097 92
7098 92
7099 37
7100 0
7101 2
7102 3
7103 1
7104 1
7105 2
7106 0
7107 0
7108 0
7109 0
7110 0
7111 7
7112 59
7113 78
7114 124
7115 144
7116 144
7117 146
7118 123
7119 141
7120 127
7121 123
7122 113
7123 118
7124 43
7125 6
7126 2
7127 1
7128 2
7129 0
7130 1
7131 0
7132 2
7133 1
7134 5
7135 4
7136 76
7137 80
7138 140
7139 137
7140 141
7141 140
7142 143
7143 140
7144 128
7145 151
7146 145
7147 125
7148 66
7149 8
7150 0
7151 4
7152 0
7153 2
7154 1
7155 0
7156 1
7157 0
7158 3
7159 2
7160 78
7161 92
7162 123
7163 158
7164 126
7165 156
7166 134
7167 125
7168 130
7169 160
7170 130
7171 105
7172 62
7173 5
7174 0
7175 0
7176 1
7177 1
7178 0
7179 1
7180 1
7181 0
7182 1
7183 2
7184 79
7185 68
7186 131
7187 156
7188 132
7189 148
7190 134
7191 145
7192 141
7193 120
7194 135
7195 115
7196 56
7197 3
7198 1
7199 3
7200 0
7201 0
7202 1
7203 0
7204 0
7205 0
7206 0
7207 4
7208 72
7209 96
7210 125
7211 161
7212 153
7213 139
7214 150
7215 162
7216 141
7217 159
7218 118
7219 128
7220 76
7221 8
7222 9
7223 2
7224 1
7225 5
7226 1
7227 0
7228 4
7229 0
7230 1
7231 2
7232 28
7233 53
7234 99
7235 116
7236 123
7237 112
7238 119
7239 128
7240 108
7241 87
7242 64
7243 100
7244 61
7245 8
7246 3
7247 4
7248 1
7249 2
7250 1
7251 2
7252 1
7253 0
7254 0
7255 0
7256 41
7257 39
7258 51
7259 72
7260 105
7261 109
7262 102
7263 100
7264 86
7265 72
7266 84
7267 42
7268 0
7269 0
7270 1
7271 0
7272 0
7273 1
7274 0
7275 0
7276 3
7277 0
7278 1
7279 4
7280 57
7281 105
7282 121
7283 151
7284 134
7285 143
7286 141
7287 139
7288 149
7289 157
7290 155
7291 112
7292 49
7293 7
7294 3
7295 3
7296 4
7297 6
7298 0
7299 0
7300 2
7301 2
7302 1
7303 1
7304 45
7305 58
7306 61
7307 57
7308 74
7309 57
7310 59
7311 63
7312 55
7313 56
7314 67
7315 47
7316 34
7317 2
7318 0
7319 3
7320 5
7321 1
7322 1
7323 0
7324 0
7325 0
7326 0
7327 5
7328 74
7329 95
7330 140
7331 139
7332 155
7333 130
7334 149
7335 152
7336 130
7337 131
7338 132
7339 121
7340 47
7341 8
7342 1
7343 0
7344 1
7345 0
7346 0
7347 0
7348 1
7349 1
7350 1
7351 2
7352 64
7353 80
7354 120
7355 134
7356 144
7357 142
7358 133
7359 136
7360 158
7361 122
7362 135
7363 118
7364 44
7365 5
7366 1
7367 0
7368 0
7369 3
7370 2
7371 0
7372 1
7373 0
7374 1
7375 6
7376 89
7377 95
7378 121
7379 147
7380 145
7381 117
7382 132
7383 138
7384 142
7385 133
7386 139
7387 139
7388 65
7389 11
7390 2
7391 3
7392 3
7393 4
7394 0
7395 0
7396 1
7397 0
7398 0
7399 2
7400 29
7401 43
7402 79
7403 107
7404 132
7405 106
7406 124
7407 113
7408 82
7409 100
7410 83
7411 104
7412 65
7413 9
7414 4
7415 2
7416 2
7417 4
7418 1
7419 0
7420 0
7421 0
7422 0
7423 1
7424 34
7425 27
7426 62
7427 88
7428 103
7429 92
7430 100
7431 108
7432 117
7433 84
7434 100
7435 30
7436 3
7437 0
7438 1
7439 0
7440 0
7441 0
7442 0
7443 0
7444 0
7445 0
7446 1
7447 4
7448 68
7449 84
7450 131
7451 152
7452 114
7453 124
7454 136
7455 151
7456 126
7457 136
7458 108
7459 117
7460 47
7461 7
7462 1
7463 3
7464 0
7465 2
7466 0
7467 0
7468 0
7469 0
7470 0
7471 5
7472 71
7473 99
7474 128
7475 151
7476 132
7477 144
7478 150
7479 126
7480 149
7481 127
7482 148
7483 130
7484 59
7485 13
7486 4
7487 1
7488 4
7489 1
7490 0
7491 0
7492 2
7493 0
7494 0
7495 3
7496 82
7497 93
7498 128
7499 145
7500 145
7501 121
7502 142
7503 150
7504 129
7505 120
7506 121
7507 115
7508 57
7509 6
7510 2
7511 0
7512 0
7513 1
7514 0
7515 0
7516 1
7517 1
7518 3
7519 2
7520 79
7521 87
7522 136
7523 141
7524 152
7525 135
7526 124
7527 138
7528 147
7529 111
7530 124
7531 121
7532 44
7533 7
7534 1
7535 1
7536 5
7537 2
7538 0
7539 0
7540 0
7541 0
7542 5
7543 5
7544 83
7545 81
7546 134
7547 145
7548 153
7549 146
7550 157
7551 159
7552 160
7553 136
7554 144
7555 109
7556 53
7557 9
7558 7
7559 4
7560 3
7561 6
7562 4
7563 8
7564 4
7565 0
7566 0
7567 1
7568 28
7569 48
7570 105
7571 108
7572 121
7573 121
7574 112
7575 132
7576 109
7577 120
7578 87
7579 98
7580 70
7581 6
7582 3
7583 0
7584 4
7585 8
7586 2
7587 0
7588 0
7589 4
7590 0
7591 0
7592 38
7593 37
7594 59
7595 104
7596 122
7597 113
7598 99
7599 121
7600 96
7601 81
7602 78
7603 31
7604 1
7605 0
7606 1
7607 0
7608 1
7609 1
7610 1
7611 1
7612 1
7613 1
7614 0
7615 7
7616 55
7617 99
7618 135
7619 142
7620 142
7621 134
7622 114
7623 140
7624 131
7625 125
7626 114
7627 107
7628 37
7629 3
7630 1
7631 1
7632 1
7633 3
7634 0
7635 0
7636 0
7637 2
7638 4
7639 4
7640 95
7641 85
7642 116
7643 108
7644 127
7645 125
7646 118
7647 125
7648 127
7649 129
7650 111
7651 128
7652 60
7653 9
7654 3
7655 0
7656 0
7657 1
7658 0
7659 1
7660 0
7661 0
7662 0
7663 5
7664 75
7665 86
7666 136
7667 148
7668 139
7669 147
7670 146
7671 161
7672 122
7673 122
7674 113
7675 111
7676 62
7677 9
7678 0
7679 1
7680 1
7681 0
7682 0
7683 0
7684 0
7685 1
7686 1
7687 4
7688 74
7689 91
7690 119
7691 140
7692 137
7693 153
7694 120
7695 150
7696 156
7697 131
7698 115
7699 114
7700 52
7701 12
7702 2
7703 1
7704 1
7705 2
7706 2
7707 0
7708 1
7709 1
7710 0
7711 3
7712 68
7713 94
7714 161
7715 155
7716 153
7717 132
7718 169
7719 126
7720 135
7721 144
7722 136
7723 119
7724 58
7725 4
7726 1
7727 5
7728 5
7729 3
7730 2
7731 0
7732 0
7733 0
7734 0
7735 1
7736 35
7737 49
7738 90
7739 115
7740 119
7741 116
7742 120
7743 139
7744 127
7745 104
7746 88
7747 113
7748 53
7749 6
7750 4
7751 2
7752 5
7753 2
7754 1
7755 1
7756 1
7757 0
7758 0
7759 0
7760 44
7761 41
7762 53
7763 101
7764 105
7765 100
7766 93
7767 101
7768 112
7769 99
7770 71
7771 54
7772 1
7773 1
7774 3
7775 0
7776 1
7777 0
7778 0
7779 0
7780 0
7781 1
7782 1
7783 5
7784 72
7785 86
7786 124
7787 161
7788 139
7789 136
7790 145
7791 132
7792 145
7793 129
7794 115
7795 93
7796 57
7797 7
7798 4
7799 1
7800 1
7801 0
7802 0
7803 0
7804 1
7805 0
7806 1
7807 3
7808 79
7809 91
7810 117
7811 148
7812 149
7813 127
7814 127
7815 146
7816 130
7817 116
7818 128
7819 129
7820 48
7821 5
7822 1
7823 0
7824 2
7825 3
7826 0
7827 0
7828 1
7829 0
7830 5
7831 5
7832 81
7833 98
7834 132
7835 161
7836 129
7837 157
7838 143
7839 150
7840 136
7841 119
7842 135
7843 113
7844 58
7845 4
7846 3
7847 2
7848 1
7849 2
7850 0
7851 0
7852 0
7853 2
7854 1
7855 2
7856 73
7857 90
7858 121
7859 139
7860 148
7861 143
7862 142
7863 139
7864 120
7865 120
7866 130
7867 116
7868 51
7869 7
7870 2
7871 5
7872 1
7873 1
7874 0
7875 0
7876 0
7877 1
7878 0
7879 2
7880 72
7881 90
7882 120
7883 152
7884 132
7885 150
7886 150
7887 144
7888 163
7889 141
7890 96
7891 106
7892 45
7893 11
7894 5
7895 1
7896 3
7897 3
7898 0
7899 0
7900 1
7901 0
7902 0
7903 1
7904 29
7905 55
7906 99
7907 108
7908 116
7909 123
7910 131
7911 130
7912 132
7913 108
7914 98
7915 100
7916 59
7917 9
7918 5
7919 5
7920 5
7921 7
7922 2
7923 1
7924 1
7925 2
7926 0
7927 0
7928 37
7929 33
7930 75
7931 111
7932 112
7933 96
7934 101
7935 106
7936 98
7937 117
7938 95
7939 40
7940 4
7941 0
7942 0
7943 2
7944 3
7945 0
7946 0
7947 0
7948 0
7949 2
7950 1
7951 2
7952 80
7953 97
7954 128
7955 158
7956 134
7957 138
7958 134
7959 132
7960 132
7961 113
7962 116
7963 117
7964 42
7965 7
7966 2
7967 1
7968 0
7969 0
7970 0
7971 1
7972 0
7973 1
7974 3
7975 1
7976 62
7977 80
7978 122
7979 129
7980 134
7981 150
7982 140
7983 134
7984 133
7985 124
7986 106
7987 120
7988 44
7989 8
7990 1
7991 3
7992 1
7993 1
7994 0
7995 0
7996 0
7997 0
7998 4
7999 5
8000 81
8001 98
8002 142
8003 160
8004 137
8005 146
8006 127
8007 159
8008 141
8009 121
8010 127
8011 116
8012 53
8013 9
8014 5
8015 3
8016 4
8017 3
8018 1
8019 0
8020 0
8021 1
8022 1
8023 7
8024 85
8025 99
8026 128
8027 146
8028 172
8029 150
8030 123
8031 143
8032 129
8033 121
8034 106
8035 144
8036 60
8037 8
8038 5
8039 5
8040 6
8041 1
8042 2
8043 0
8044 0
8045 2
8046 2
8047 5
8048 92
8049 81
8050 145
8051 163
8052 163
8053 167
8054 122
8055 153
8056 152
8057 143
8058 132
8059 105
8060 54
8061 9
8062 4
8063 1
8064 4
8065 10
8066 0
8067 0
8068 0
8069 0
8070 1
8071 1
8072 37
8073 46
8074 80
8075 119
8076 128
8077 134
8078 127
8079 119
8080 123
8081 124
8082 107
8083 112
8084 67
8085 6
8086 2
8087 2
8088 1
8089 6
8090 0
8091 0
8092 0
8093 1
8094 0
8095 0
8096 39
8097 28
8098 56
8099 112
8100 105
8101 120
8102 113
8103 102
8104 108
8105 111
8106 118
8107 37
8108 2
8109 3
8110 1
8111 0
8112 1
8113 1
8114 0
8115 1
8116 1
8117 1
8118 3
8119 6
8120 75
8121 72
8122 165
8123 162
8124 152
8125 125
8126 156
8127 151
8128 144
8129 123
8130 112
8131 111
8132 64
8133 8
8134 4
8135 1
8136 3
8137 1
8138 0
8139 1
8140 1
8141 0
8142 2
8143 6
8144 73
8145 95
8146 125
8147 161
8148 138
8149 127
8150 133
8151 151
8152 119
8153 115
8154 124
8155 135
8156 67
8157 4
8158 1
8159 2
8160 1
8161 0
8162 1
8163 1
8164 0
8165 1
8166 1
8167 5
8168 77
8169 92
8170 158
8171 145
8172 147
8173 155
8174 140
8175 137
8176 144
8177 138
8178 122
8179 134
8180 70
8181 9
8182 1
8183 0
8184 3
8185 2
8186 0
8187 0
8188 2
8189 2
8190 2
8191 10
8192 78
8193 97
8194 152
8195 160
8196 159
8197 151
8198 154
8199 153
8200 136
8201 156
8202 150
8203 130
8204 57
8205 8
8206 5
8207 2
8208 2
8209 0
8210 0
8211 0
8212 1
8213 4
8214 2
8215 6
8216 82
8217 97
8218 153
8219 170
8220 164
8221 146
8222 132
8223 142
8224 179
8225 129
8226 143
8227 132
8228 57
8229 4
8230 4
8231 4
8232 7
8233 5
8234 0
8235 1
8236 2
8237 0
8238 1
8239 0
8240 32
8241 49
8242 111
8243 138
8244 116
8245 148
8246 111
8247 145
8248 119
8249 118
8250 100
8251 114
8252 63
8253 4
8254 4
8255 11
8256 8
8257 7
8258 0
8259 2
8260 1
8261 1
8262 0
8263 0
8264 47
8265 40
8266 75
8267 114
8268 114
8269 107
8270 114
8271 105
8272 97
8273 112
8274 102
8275 42
8276 2
8277 0
8278 2
8279 2
8280 2
8281 1
8282 0
8283 0
8284 0
8285 3
8286 3
8287 8
8288 68
8289 102
8290 131
8291 151
8292 145
8293 147
8294 142
8295 148
8296 149
8297 130
8298 131
8299 120
8300 59
8301 17
8302 4
8303 3
8304 1
8305 1
8306 2
8307 1
8308 0
8309 2
8310 1
8311 10
8312 81
8313 102
8314 151
8315 162
8316 153
8317 153
8318 138
8319 159
8320 144
8321 153
8322 125
8323 137
8324 65
8325 6
8326 0
8327 0
8328 2
8329 0
8330 3
8331 0
8332 0
8333 0
8334 1
8335 5
8336 78
8337 100
8338 166
8339 125
8340 179
8341 156
8342 145
8343 168
8344 147
8345 137
8346 115
8347 137
8348 55
8349 5
8350 6
8351 3
8352 2
8353 1
8354 0
8355 0
8356 0
8357 1
8358 2
8359 5
8360 66
8361 108
8362 150
8363 159
8364 153
8365 135
8366 150
8367 149
8368 163
8369 145
8370 121
8371 143
8372 54
8373 9
8374 2
8375 3
8376 3
8377 5
8378 3
8379 0
8380 1
8381 1
8382 5
8383 2
8384 93
8385 102
8386 158
8387 175
8388 170
8389 169
8390 142
8391 152
8392 148
8393 151
8394 143
8395 136
8396 53
8397 7
8398 1
8399 2
8400 4
8401 4
8402 0
8403 0
8404 0
8405 0
8406 1
8407 0
8408 38
8409 60
8410 90
8411 132
8412 143
8413 129
8414 116
8415 134
8416 113
8417 118
8418 110
8419 119
8420 48
8421 2
8422 3
8423 7
8424 1
8425 5
8426 2
8427 0
8428 0
8429 0
8430 0
8431 0
8432 40
8433 53
8434 77
8435 124
8436 98
8437 117
8438 109
8439 109
8440 108
8441 112
8442 103
8443 35
8444 2
8445 2
8446 3
8447 0
8448 1
8449 2
8450 0
8451 0
8452 1
8453 1
8454 0
8455 10
8456 76
8457 103
8458 153
8459 162
8460 162
8461 153
8462 139
8463 151
8464 146
8465 155
8466 101
8467 139
8468 68
8469 2
8470 1
8471 6
8472 0
8473 1
8474 0
8475 0
8476 1
8477 0
8478 2
8479 7
8480 65
8481 101
8482 145
8483 176
8484 167
8485 171
8486 156
8487 176
8488 169
8489 164
8490 141
8491 135
8492 79
8493 9
8494 0
8495 4
8496 1
8497 0
8498 0
8499 0
8500 1
8501 2
8502 1
8503 7
8504 81
8505 122
8506 159
8507 165
8508 177
8509 168
8510 171
8511 173
8512 153
8513 174
8514 137
8515 148
8516 72
8517 2
8518 5
8519 1
8520 0
8521 2
8522 0
8523 0
8524 0
8525 2
8526 1
8527 5
8528 87
8529 115
8530 164
8531 165
8532 174
8533 158
8534 147
8535 139
8536 149
8537 148
8538 119
8539 126
8540 59
8541 9
8542 1
8543 2
8544 2
8545 1
8546 0
8547 0
8548 0
8549 2
8550 0
8551 7
8552 81
8553 134
8554 144
8555 165
8556 159
8557 154
8558 130
8559 137
8560 152
8561 133
8562 134
8563 115
8564 77
8565 7
8566 2
8567 1
8568 4
8569 3
8570 3
8571 5
8572 6
8573 0
8574 1
8575 1
8576 33
8577 71
8578 95
8579 123
8580 138
8581 126
8582 128
8583 111
8584 105
8585 97
8586 92
8587 71
8588 48
8589 12
8590 2
8591 1
8592 2
8593 3
8594 0
8595 1
8596 3
8597 0
8598 0
8599 0
8600 46
8601 17
8602 28
8603 51
8604 31
8605 58
8606 27
8607 45
8608 23
8609 32
8610 24
8611 14
8612 2
8613 1
8614 1
8615 2
8616 1
8617 2
8618 0
8619 0
8620 1
8621 0
8622 2
8623 0
8624 118
8625 36
8626 40
8627 41
8628 36
8629 42
8630 39
8631 48
8632 44
8633 57
8634 68
8635 58
8636 51
8637 8
8638 2
8639 3
8640 1
8641 1
8642 0
8643 0
8644 0
8645 0
8646 0
8647 1
8648 48
8649 27
8650 77
8651 73
8652 59
8653 74
8654 69
8655 69
8656 77
8657 72
8658 75
8659 85
8660 59
8661 8
8662 1
8663 4
8664 1
8665 1
8666 0
8667 1
8668 1
8669 0
8670 1
8671 1
8672 43
8673 51
8674 89
8675 128
8676 134
8677 130
8678 125
8679 129
8680 110
8681 123
8682 110
8683 131
8684 66
8685 6
8686 7
8687 2
8688 2
8689 0
8690 0
8691 0
8692 0
8693 1
8694 1
8695 1
8696 47
8697 43
8698 107
8699 130
8700 120
8701 147
8702 139
8703 136
8704 123
8705 125
8706 111
8707 118
8708 70
8709 14
8710 4
8711 3
8712 4
8713 3
8714 2
8715 1
8716 1
8717 1
8718 1
8719 3
8720 30
8721 54
8722 101
8723 146
8724 137
8725 135
8726 122
8727 129
8728 137
8729 127
8730 114
8731 100
8732 70
8733 6
8734 2
8735 2
8736 5
8737 4
8738 1
8739 1
8740 1
8741 0
8742 0
8743 2
8744 18
8745 29
8746 67
8747 83
8748 103
8749 102
8750 112
8751 113
8752 109
8753 91
8754 59
8755 58
8756 47
8757 2
8758 1
8759 9
8760 2
