1 15
2 0
3 5
4 2
5 3
6 5
7 5
8 57
9 34
10 66
11 52
12 56
13 94
14 79
15 69
16 61
17 72
18 68
19 34
20 5
21 3
22 3
23 7
24 0
25 8
26 9
27 6
28 3
29 4
30 3
31 4
32 68
33 30
34 54
35 69
36 94
37 95
38 89
39 84
40 81
41 67
42 66
43 83
44 110
45 17
46 4
47 6
48 7
49 6
50 7
51 6
52 7
53 14
54 8
55 6
56 106
57 121
58 133
59 167
60 161
61 166
62 150
63 158
64 166
65 174
66 169
67 132
68 123
69 30
70 11
71 17
72 16
73 11
74 19
75 20
76 20
77 17
78 22
79 18
80 105
81 153
82 185
83 202
84 172
85 175
86 164
87 170
88 198
89 211
90 205
91 178
92 158
93 54
94 25
95 18
96 22
97 18
98 14
99 17
100 11
101 12
102 21
103 20
104 123
105 156
106 173
107 160
108 202
109 208
110 171
111 180
112 167
113 191
114 210
115 177
116 150
117 28
118 16
119 20
120 20
121 14
122 5
123 7
124 8
125 8
126 6
127 21
128 97
129 149
130 199
131 150
132 188
133 181
134 179
135 182
136 173
137 194
138 209
139 213
140 158
141 28
142 15
143 20
144 11
145 11
146 5
147 3
148 3
149 3
150 1
151 4
152 55
153 40
154 70
155 97
156 116
157 137
158 139
159 136
160 130
161 87
162 117
163 178
164 98
165 22
166 6
167 6
168 5
169 3
170 1
171 2
172 1
173 0
174 0
175 0
176 53
177 34
178 62
179 90
180 108
181 124
182 142
183 122
184 120
185 114
186 89
187 61
188 9
189 0
190 1
191 3
192 2
193 4
194 0
195 0
196 0
197 0
198 0
199 3
200 131
201 160
202 164
203 183
204 196
205 219
206 163
207 192
208 161
209 152
210 182
211 169
212 151
213 20
214 2
215 2
216 2
217 2
218 1
219 1
220 0
221 0
222 0
223 1
224 102
225 151
226 171
227 189
228 202
229 189
230 202
231 168
232 190
233 170
234 219
235 176
236 129
237 31
238 8
239 3
240 1
241 2
242 0
243 0
244 1
245 1
246 0
247 5
248 123
249 173
250 180
251 183
252 163
253 177
254 163
255 163
256 188
257 158
258 218
259 215
260 123
261 15
262 3
263 1
264 0
265 4
266 0
267 0
268 0
269 0
270 0
271 1
272 131
273 135
274 194
275 201
276 185
277 198
278 168
279 186
280 179
281 185
282 214
283 200
284 146
285 27
286 7
287 2
288 1
289 3
290 0
291 0
292 0
293 0
294 0
295 1
296 110
297 157
298 176
299 186
300 193
301 184
302 171
303 185
304 183
305 196
306 194
307 184
308 120
309 9
310 10
311 6
312 2
313 7
314 0
315 1
316 0
317 1
318 1
319 0
320 61
321 55
322 111
323 101
324 130
325 139
326 159
327 143
328 121
329 128
330 111
331 169
332 111
333 16
334 1
335 7
336 4
337 8
338 1
339 1
340 0
341 1
342 2
343 1
344 49
345 45
346 85
347 96
348 109
349 146
350 126
351 127
352 120
353 96
354 106
355 46
356 6
357 6
358 1
359 1
360 0
361 2
362 0
363 0
364 0
365 2
366 2
367 4
368 126
369 151
370 205
371 179
372 181
373 192
374 196
375 177
376 184
377 185
378 205
379 198
380 140
381 11
382 1
383 0
384 1
385 2
386 1
387 0
388 0
389 0
390 0
391 6
392 150
393 167
394 213
395 206
396 187
397 192
398 179
399 189
400 194
401 182
402 198
403 214
404 151
405 39
406 3
407 5
408 1
409 2
410 1
411 0
412 0
413 3
414 1
415 5
416 125
417 183
418 239
419 216
420 197
421 206
422 191
423 190
424 198
425 180
426 202
427 221
428 113
429 23
430 8
431 1
432 2
433 5
434 1
435 0
436 0
437 1
438 1
439 5
440 128
441 152
442 189
443 181
444 178
445 213
446 173
447 183
448 198
449 178
450 188
451 179
452 132
453 15
454 3
455 1
456 1
457 3
458 0
459 0
460 0
461 1
462 0
463 6
464 157
465 159
466 188
467 175
468 200
469 177
470 172
471 218
472 205
473 196
474 203
475 187
476 120
477 9
478 6
479 2
480 1
481 11
482 1
483 1
484 1
485 1
486 0
487 1
488 56
489 60
490 119
491 146
492 144
493 157
494 138
495 132
496 149
497 120
498 109
499 174
500 101
501 11
502 2
503 1
504 2
505 8
506 2
507 0
508 0
509 0
510 0
511 1
512 50
513 48
514 92
515 83
516 124
517 111
518 126
519 124
520 114
521 96
522 125
523 53
524 3
525 3
526 1
527 1
528 2
529 4
530 0
531 0
532 0
533 0
534 1
535 7
536 121
537 145
538 210
539 199
540 193
541 184
542 184
543 189
544 170
545 194
546 241
547 177
548 132
549 19
550 7
551 0
552 0
553 3
554 1
555 0
556 0
557 1
558 2
559 4
560 152
561 140
562 215
563 183
564 175
565 185
566 189
567 177
568 205
569 198
570 211
571 199
572 130
573 27
574 2
575 4
576 1
577 4
578 3
579 0
580 0
581 0
582 2
583 8
584 156
585 152
586 206
587 206
588 183
589 189
590 189
591 206
592 195
593 179
594 199
595 195
596 124
597 28
598 16
599 10
600 6
601 6
602 0
603 2
604 0
605 1
606 0
607 0
608 71
609 47
610 75
611 94
612 80
613 64
614 79
615 74
616 70
617 78
618 61
619 75
620 105
621 16
622 2
623 1
624 2
625 2
626 1
627 1
628 0
629 2
630 1
631 5
632 121
633 138
634 171
635 190
636 158
637 184
638 211
639 175
640 206
641 193
642 217
643 171
644 142
645 12
646 4
647 3
648 5
649 9
650 0
651 0
652 1
653 2
654 1
655 1
656 44
657 65
658 80
659 126
660 144
661 130
662 134
663 145
664 96
665 130
666 132
667 155
668 111
669 13
670 2
671 10
672 3
673 9
674 2
675 1
676 0
677 0
678 0
679 2
680 60
681 72
682 100
683 92
684 129
685 131
686 124
687 126
688 106
689 117
690 146
691 54
692 1
693 4
694 1
695 2
696 0
697 6
698 1
699 1
700 1
701 0
702 1
703 7
704 124
705 135
706 201
707 194
708 153
709 170
710 170
711 172
712 169
713 162
714 176
715 195
716 110
717 17
718 11
719 0
720 1
721 2
722 0
723 2
724 0
725 2
726 1
727 11
728 146
729 122
730 200
731 196
732 181
733 142
734 176
735 192
736 186
737 170
738 195
739 173
740 140
741 27
742 6
743 5
744 2
745 3
746 0
747 0
748 0
749 1
750 1
751 11
752 134
753 140
754 189
755 193
756 168
757 175
758 185
759 200
760 189
761 140
762 195
763 197
764 110
765 10
766 5
767 3
768 1
769 3
770 3
771 1
772 0
773 3
774 1
775 7
776 169
777 141
778 188
779 162
780 186
781 162
782 149
783 162
784 181
785 175
786 227
787 182
788 124
789 12
790 1
791 3
792 2
793 5
794 1
795 0
796 0
797 1
798 3
799 3
800 155
801 154
802 191
803 198
804 189
805 207
806 179
807 189
808 169
809 190
810 202
811 209
812 107
813 17
814 2
815 5
816 1
817 9
818 2
819 0
820 1
821 0
822 2
823 1
824 90
825 90
826 115
827 142
828 148
829 139
830 152
831 153
832 142
833 131
834 136
835 131
836 103
837 12
838 4
839 2
840 5
841 9
842 1
843 2
844 2
845 1
846 0
847 0
848 58
849 59
850 90
851 91
852 113
853 140
854 138
855 126
856 129
857 116
858 125
859 37
860 5
861 4
862 0
863 1
864 0
865 3
866 0
867 0
868 1
869 2
870 0
871 6
872 144
873 158
874 177
875 191
876 180
877 155
878 173
879 174
880 168
881 143
882 188
883 173
884 112
885 27
886 2
887 0
888 2
889 2
890 0
891 0
892 0
893 3
894 2
895 9
896 140
897 143
898 194
899 175
900 192
901 165
902 154
903 174
904 169
905 187
906 186
907 179
908 113
909 23
910 6
911 6
912 0
913 1
914 1
915 0
916 0
917 2
918 5
919 8
920 179
921 133
922 204
923 165
924 145
925 162
926 151
927 148
928 152
929 177
930 200
931 154
932 116
933 27
934 11
935 6
936 1
937 4
938 0
939 1
940 3
941 1
942 1
943 7
944 154
945 138
946 204
947 168
948 174
949 161
950 180
951 162
952 185
953 169
954 169
955 194
956 112
957 22
958 9
959 7
960 5
961 4
962 2
963 1
964 0
965 1
966 3
967 9
968 144
969 161
970 165
971 170
972 176
973 195
974 165
975 195
976 162
977 185
978 188
979 196
980 111
981 17
982 7
983 2
984 3
985 7
986 0
987 1
988 1
989 1
990 0
991 6
992 80
993 82
994 118
995 124
996 142
997 158
998 143
999 136
1000 137
1001 138
1002 147
1003 120
1004 91
1005 16
1006 3
1007 5
1008 6
1009 16
1010 3
1011 3
1012 4
1013 2
1014 1
1015 1
1016 69
1017 52
1018 91
1019 95
1020 122
1021 147
1022 133
1023 152
1024 123
1025 105
1026 117
1027 39
1028 3
1029 1
1030 3
1031 1
1032 0
1033 2
1034 0
1035 1
1036 0
1037 2
1038 1
1039 9
1040 133
1041 132
1042 188
1043 185
1044 180
1045 165
1046 188
1047 170
1048 147
1049 181
1050 178
1051 156
1052 115
1053 24
1054 2
1055 5
1056 2
1057 3
1058 0
1059 0
1060 0
1061 1
1062 0
1063 7
1064 134
1065 134
1066 203
1067 172
1068 173
1069 168
1070 149
1071 164
1072 179
1073 205
1074 199
1075 163
1076 122
1077 16
1078 4
1079 6
1080 0
1081 3
1082 2
1083 0
1084 0
1085 1
1086 2
1087 8
1088 147
1089 148
1090 190
1091 166
1092 173
1093 188
1094 152
1095 168
1096 183
1097 170
1098 175
1099 157
1100 127
1101 32
1102 3
1103 2
1104 0
1105 1
1106 2
1107 1
1108 1
1109 1
1110 0
1111 9
1112 168
1113 156
1114 207
1115 205
1116 164
1117 177
1118 170
1119 185
1120 153
1121 165
1122 167
1123 181
1124 106
1125 26
1126 1
1127 4
1128 3
1129 3
1130 0
1131 0
1132 1
1133 1
1134 0
1135 11
1136 179
1137 146
1138 227
1139 183
1140 196
1141 195
1142 177
1143 194
1144 211
1145 217
1146 213
1147 173
1148 115
1149 19
1150 5
1151 4
1152 4
1153 9
1154 1
1155 1
1156 2
1157 2
1158 1
1159 1
1160 79
1161 73
1162 134
1163 119
1164 144
1165 142
1166 145
1167 160
1168 147
1169 140
1170 143
1171 156
1172 103
1173 13
1174 3
1175 2
1176 3
1177 9
1178 7
1179 2
1180 0
1181 2
1182 1
1183 1
1184 68
1185 69
1186 88
1187 92
1188 123
1189 147
1190 140
1191 116
1192 137
1193 105
1194 107
1195 51
1196 2
1197 1
1198 4
1199 1
1200 2
1201 1
1202 1
1203 0
1204 0
1205 1
1206 2
1207 6
1208 148
1209 131
1210 177
1211 168
1212 194
1213 186
1214 180
1215 168
1216 151
1217 169
1218 180
1219 139
1220 104
1221 21
1222 4
1223 2
1224 1
1225 2
1226 0
1227 0
1228 0
1229 1
1230 0
1231 11
1232 163
1233 144
1234 186
1235 172
1236 172
1237 161
1238 185
1239 166
1240 178
1241 180
1242 168
1243 188
1244 110
1245 27
1246 10
1247 5
1248 2
1249 5
1250 0
1251 1
1252 0
1253 1
1254 0
1255 10
1256 149
1257 137
1258 157
1259 169
1260 169
1261 171
1262 142
1263 130
1264 155
1265 145
1266 171
1267 154
1268 99
1269 20
1270 4
1271 2
1272 1
1273 2
1274 0
1275 1
1276 1
1277 1
1278 4
1279 6
1280 128
1281 124
1282 193
1283 179
1284 195
1285 151
1286 171
1287 168
1288 172
1289 173
1290 159
1291 169
1292 101
1293 19
1294 1
1295 5
1296 4
1297 8
1298 0
1299 0
1300 1
1301 1
1302 1
1303 7
1304 146
1305 148
1306 199
1307 175
1308 167
1309 157
1310 172
1311 184
1312 184
1313 188
1314 185
1315 141
1316 84
1317 18
1318 2
1319 4
1320 3
1321 9
1322 1
1323 2
1324 1
1325 0
1326 0
1327 5
1328 52
1329 74
1330 115
1331 120
1332 136
1333 150
1334 144
1335 137
1336 118
1337 126
1338 146
1339 168
1340 80
1341 12
1342 1
1343 2
1344 4
1345 10
1346 5
1347 1
1348 2
1349 0
1350 0
1351 0
1352 64
1353 51
1354 72
1355 104
1356 122
1357 138
1358 139
1359 130
1360 121
1361 118
1362 120
1363 57
1364 7
1365 5
1366 3
1367 1
1368 0
1369 5
1370 1
1371 0
1372 0
1373 2
1374 1
1375 5
1376 123
1377 139
1378 173
1379 180
1380 205
1381 176
1382 149
1383 162
1384 150
1385 146
1386 151
1387 179
1388 115
1389 18
1390 2
1391 2
1392 0
1393 2
1394 1
1395 1
1396 0
1397 1
1398 0
1399 8
1400 132
1401 121
1402 172
1403 186
1404 183
1405 161
1406 155
1407 167
1408 153
1409 171
1410 184
1411 183
1412 123
1413 26
1414 7
1415 4
1416 4
1417 1
1418 0
1419 0
1420 1
1421 1
1422 2
1423 8
1424 147
1425 135
1426 179
1427 185
1428 164
1429 182
1430 165
1431 167
1432 164
1433 195
1434 200
1435 153
1436 106
1437 27
1438 5
1439 5
1440 3
1441 5
1442 2
1443 0
1444 1
1445 0
1446 3
1447 6
1448 160
1449 174
1450 208
1451 204
1452 174
1453 192
1454 150
1455 178
1456 172
1457 189
1458 188
1459 161
1460 131
1461 15
1462 5
1463 5
1464 7
1465 6
1466 1
1467 2
1468 0
1469 2
1470 0
1471 4
1472 108
1473 135
1474 141
1475 124
1476 146
1477 156
1478 149
1479 158
1480 154
1481 141
1482 166
1483 180
1484 95
1485 10
1486 5
1487 8
1488 6
1489 7
1490 2
1491 1
1492 0
1493 0
1494 2
1495 1
1496 50
1497 58
1498 89
1499 101
1500 126
1501 124
1502 141
1503 123
1504 111
1505 99
1506 147
1507 43
1508 4
1509 1
1510 0
1511 0
1512 1
1513 3
1514 1
1515 0
1516 0
1517 1
1518 0
1519 7
1520 150
1521 120
1522 214
1523 183
1524 177
1525 172
1526 195
1527 160
1528 177
1529 171
1530 183
1531 199
1532 101
1533 29
1534 4
1535 4
1536 2
1537 3
1538 2
1539 1
1540 0
1541 2
1542 1
1543 9
1544 141
1545 130
1546 192
1547 165
1548 195
1549 180
1550 181
1551 178
1552 195
1553 177
1554 171
1555 160
1556 110
1557 30
1558 7
1559 6
1560 5
1561 6
1562 0
1563 1
1564 0
1565 1
1566 2
1567 6
1568 130
1569 139
1570 216
1571 197
1572 193
1573 130
1574 161
1575 169
1576 199
1577 168
1578 165
1579 158
1580 117
1581 7
1582 5
1583 2
1584 5
1585 4
1586 0
1587 1
1588 1
1589 2
1590 2
1591 6
1592 166
1593 148
1594 182
1595 199
1596 197
1597 182
1598 187
1599 171
1600 182
1601 182
1602 179
1603 154
1604 140
1605 26
1606 6
1607 15
1608 2
1609 4
1610 1
1611 1
1612 0
1613 0
1614 1
1615 10
1616 163
1617 171
1618 186
1619 169
1620 205
1621 205
1622 189
1623 190
1624 196
1625 175
1626 188
1627 165
1628 120
1629 19
1630 6
1631 6
1632 1
1633 6
1634 4
1635 1
1636 3
1637 1
1638 0
1639 2
1640 53
1641 75
1642 128
1643 137
1644 143
1645 156
1646 161
1647 158
1648 152
1649 127
1650 136
1651 166
1652 81
1653 7
1654 0
1655 6
1656 2
1657 9
1658 5
1659 3
1660 2
1661 2
1662 1
1663 0
1664 48
1665 49
1666 77
1667 90
1668 135
1669 116
1670 154
1671 138
1672 141
1673 109
1674 124
1675 33
1676 6
1677 2
1678 2
1679 3
1680 1
1681 6
1682 0
1683 0
1684 0
1685 0
1686 1
1687 1
1688 99
1689 54
1690 78
1691 69
1692 52
1693 37
1694 50
1695 60
1696 66
1697 90
1698 105
1699 83
1700 109
1701 18
1702 3
1703 3
1704 0
1705 2
1706 0
1707 0
1708 0
1709 0
1710 2
1711 8
1712 137
1713 131
1714 206
1715 199
1716 188
1717 176
1718 169
1719 177
1720 189
1721 184
1722 178
1723 180
1724 103
1725 31
1726 14
1727 13
1728 6
1729 2
1730 0
1731 0
1732 2
1733 0
1734 0
1735 9
1736 140
1737 166
1738 169
1739 192
1740 191
1741 191
1742 160
1743 204
1744 164
1745 151
1746 196
1747 176
1748 108
1749 13
1750 5
1751 9
1752 3
1753 3
1754 1
1755 1
1756 0
1757 1
1758 2
1759 11
1760 143
1761 138
1762 192
1763 153
1764 170
1765 227
1766 164
1767 162
1768 148
1769 186
1770 166
1771 181
1772 107
1773 13
1774 6
1775 1
1776 10
1777 2
1778 0
1779 1
1780 1
1781 0
1782 1
1783 7
1784 169
1785 128
1786 177
1787 160
1788 176
1789 147
1790 200
1791 185
1792 182
1793 169
1794 177
1795 169
1796 110
1797 15
1798 1
1799 9
1800 5
1801 6
1802 1
1803 2
1804 0
1805 2
1806 3
1807 6
1808 76
1809 94
1810 120
1811 121
1812 128
1813 128
1814 141
1815 139
1816 130
1817 103
1818 143
1819 115
1820 93
1821 15
1822 1
1823 5
1824 9
1825 8
1826 0
1827 1
1828 1
1829 1
1830 5
1831 3
1832 50
1833 45
1834 91
1835 112
1836 127
1837 133
1838 123
1839 120
1840 115
1841 108
1842 103
1843 41
1844 11
1845 8
1846 3
1847 1
1848 2
1849 3
1850 1
1851 0
1852 0
1853 1
1854 2
1855 7
1856 132
1857 135
1858 168
1859 167
1860 163
1861 163
1862 154
1863 159
1864 153
1865 145
1866 184
1867 154
1868 93
1869 12
1870 4
1871 3
1872 1
1873 2
1874 1
1875 0
1876 1
1877 0
1878 1
1879 4
1880 144
1881 128
1882 192
1883 184
1884 167
1885 164
1886 192
1887 155
1888 150
1889 160
1890 146
1891 147
1892 89
1893 23
1894 18
1895 13
1896 5
1897 3
1898 0
1899 2
1900 2
1901 0
1902 1
1903 7
1904 130
1905 123
1906 190
1907 178
1908 169
1909 176
1910 151
1911 156
1912 157
1913 142
1914 156
1915 141
1916 96
1917 25
1918 3
1919 3
1920 2
1921 3
1922 0
1923 1
1924 0
1925 2
1926 2
1927 4
1928 159
1929 137
1930 174
1931 170
1932 178
1933 159
1934 168
1935 195
1936 163
1937 171
1938 152
1939 127
1940 102
1941 20
1942 5
1943 5
1944 10
1945 6
1946 5
1947 0
1948 1
1949 0
1950 0
1951 6
1952 149
1953 157
1954 194
1955 167
1956 173
1957 181
1958 142
1959 165
1960 171
1961 165
1962 180
1963 149
1964 123
1965 26
1966 4
1967 8
1968 2
1969 5
1970 4
1971 0
1972 3
1973 0
1974 0
1975 3
1976 69
1977 107
1978 71
1979 116
1980 130
1981 134
1982 136
1983 147
1984 145
1985 124
1986 150
1987 120
1988 98
1989 21
1990 1
1991 1
1992 3
1993 8
1994 3
1995 1
1996 4
1997 3
1998 2
1999 0
2000 45
2001 82
2002 85
2003 105
2004 117
2005 139
2006 138
2007 117
2008 117
2009 118
2010 136
2011 33
2012 3
2013 4
2014 2
2015 1
2016 1
2017 0
2018 0
2019 2
2020 0
2021 1
2022 1
2023 4
2024 148
2025 111
2026 154
2027 157
2028 169
2029 147
2030 165
2031 165
2032 148
2033 156
2034 173
2035 165
2036 97
2037 10
2038 2
2039 2
2040 2
2041 3
2042 0
2043 1
2044 0
2045 1
2046 3
2047 5
2048 149
2049 163
2050 176
2051 166
2052 164
2053 171
2054 177
2055 195
2056 155
2057 189
2058 165
2059 149
2060 108
2061 27
2062 3
2063 10
2064 6
2065 0
2066 0
2067 1
2068 2
2069 1
2070 1
2071 12
2072 168
2073 155
2074 189
2075 168
2076 157
2077 188
2078 165
2079 204
2080 145
2081 161
2082 164
2083 167
2084 83
2085 27
2086 10
2087 5
2088 5
2089 1
2090 0
2091 2
2092 0
2093 2
2094 0
2095 8
2096 161
2097 137
2098 190
2099 178
2100 172
2101 182
2102 161
2103 155
2104 199
2105 147
2106 130
2107 154
2108 102
2109 25
2110 8
2111 11
2112 6
2113 4
2114 1
2115 1
2116 0
2117 3
2118 1
2119 5
2120 169
2121 140
2122 179
2123 167
2124 159
2125 173
2126 156
2127 165
2128 160
2129 164
2130 150
2131 149
2132 95
2133 18
2134 5
2135 3
2136 5
2137 8
2138 3
2139 3
2140 0
2141 0
2142 0
2143 2
2144 72
2145 97
2146 106
2147 114
2148 132
2149 131
2150 151
2151 145
2152 118
2153 115
2154 137
2155 124
2156 87
2157 12
2158 1
2159 1
2160 6
2161 10
2162 1
2163 6
2164 1
2165 1
2166 0
2167 1
2168 72
2169 91
2170 102
2171 125
2172 124
2173 111
2174 123
2175 104
2176 111
2177 111
2178 128
2179 25
2180 6
2181 3
2182 1
2183 0
2184 0
2185 1
2186 0
2187 0
2188 0
2189 0
2190 3
2191 5
2192 129
2193 146
2194 200
2195 185
2196 167
2197 177
2198 166
2199 163
2200 172
2201 148
2202 152
2203 171
2204 91
2205 12
2206 3
2207 3
2208 2
2209 3
2210 0
2211 0
2212 0
2213 3
2214 0
2215 15
2216 145
2217 130
2218 182
2219 184
2220 169
2221 168
2222 183
2223 170
2224 155
2225 152
2226 170
2227 173
2228 98
2229 19
2230 12
2231 12
2232 3
2233 4
2234 0
2235 0
2236 0
2237 1
2238 1
2239 5
2240 153
2241 146
2242 177
2243 177
2244 187
2245 181
2246 178
2247 179
2248 179
2249 185
2250 176
2251 176
2252 97
2253 32
2254 5
2255 13
2256 4
2257 3
2258 0
2259 0
2260 1
2261 2
2262 1
2263 7
2264 145
2265 164
2266 192
2267 191
2268 194
2269 170
2270 185
2271 172
2272 157
2273 187
2274 211
2275 157
2276 101
2277 23
2278 3
2279 3
2280 5
2281 9
2282 4
2283 1
2284 1
2285 2
2286 0
2287 1
2288 71
2289 61
2290 44
2291 80
2292 79
2293 94
2294 80
2295 72
2296 65
2297 59
2298 67
2299 65
2300 85
2301 14
2302 7
2303 2
2304 0
2305 5
2306 0
2307 0
2308 1
2309 1
2310 2
2311 1
2312 61
2313 31
2314 81
2315 90
2316 105
2317 124
2318 114
2319 102
2320 97
2321 96
2322 107
2323 100
2324 86
2325 8
2326 4
2327 5
2328 7
2329 5
2330 2
2331 0
2332 2
2333 1
2334 0
2335 1
2336 63
2337 52
2338 67
2339 97
2340 88
2341 101
2342 99
2343 77
2344 109
2345 105
2346 93
2347 27
2348 3
2349 11
2350 4
2351 4
2352 2
2353 7
2354 3
2355 0
2356 0
2357 0
2358 0
2359 1
2360 70
2361 30
2362 55
2363 69
2364 92
2365 77
2366 60
2367 56
2368 76
2369 62
2370 59
2371 77
2372 89
2373 10
2374 4
2375 0
2376 0
2377 2
2378 0
2379 0
2380 1
2381 2
2382 0
2383 3
2384 110
2385 102
2386 159
2387 159
2388 169
2389 166
2390 151
2391 155
2392 165
2393 147
2394 173
2395 171
2396 77
2397 20
2398 6
2399 7
2400 5
2401 2
2402 0
2403 2
2404 0
2405 1
2406 0
2407 10
2408 127
2409 132
2410 182
2411 163
2412 165
2413 165
2414 159
2415 141
2416 161
2417 132
2418 199
2419 148
2420 78
2421 32
2422 8
2423 9
2424 5
2425 4
2426 1
2427 0
2428 0
2429 0
2430 0
2431 6
2432 132
2433 143
2434 175
2435 140
2436 139
2437 149
2438 139
2439 150
2440 140
2441 155
2442 153
2443 130
2444 87
2445 22
2446 15
2447 13
2448 5
2449 8
2450 0
2451 0
2452 0
2453 3
2454 2
2455 8
2456 136
2457 139
2458 163
2459 153
2460 147
2461 159
2462 144
2463 167
2464 164
2465 159
2466 151
2467 125
2468 87
2469 18
2470 1
2471 4
2472 5
2473 8
2474 0
2475 1
2476 2
2477 2
2478 0
2479 1
2480 56
2481 87
2482 102
2483 132
2484 142
2485 120
2486 125
2487 157
2488 116
2489 100
2490 140
2491 153
2492 106
2493 11
2494 1
2495 6
2496 2
2497 7
2498 3
2499 1
2500 1
2501 2
2502 0
2503 2
2504 50
2505 46
2506 86
2507 92
2508 116
2509 104
2510 103
2511 90
2512 107
2513 128
2514 121
2515 19
2516 5
2517 1
2518 1
2519 0
2520 2
2521 0
2522 0
2523 0
2524 0
2525 1
2526 2
2527 5
2528 146
2529 120
2530 150
2531 163
2532 166
2533 148
2534 195
2535 140
2536 142
2537 153
2538 146
2539 173
2540 99
2541 17
2542 9
2543 4
2544 0
2545 1
2546 0
2547 1
2548 0
2549 0
2550 0
2551 5
2552 132
2553 136
2554 173
2555 160
2556 158
2557 161
2558 155
2559 130
2560 164
2561 156
2562 162
2563 140
2564 93
2565 18
2566 6
2567 5
2568 3
2569 5
2570 0
2571 0
2572 0
2573 0
2574 2
2575 7
2576 121
2577 102
2578 165
2579 165
2580 153
2581 159
2582 158
2583 146
2584 155
2585 130
2586 167
2587 171
2588 87
2589 11
2590 3
2591 9
2592 9
2593 4
2594 0
2595 2
2596 0
2597 0
2598 1
2599 4
2600 137
2601 122
2602 161
2603 190
2604 155
2605 163
2606 142
2607 161
2608 157
2609 128
2610 153
2611 137
2612 82
2613 14
2614 3
2615 15
2616 11
2617 5
2618 0
2619 0
2620 0
2621 0
2622 0
2623 9
2624 121
2625 132
2626 161
2627 167
2628 165
2629 179
2630 142
2631 157
2632 168
2633 175
2634 195
2635 127
2636 98
2637 28
2638 3
2639 5
2640 5
2641 11
2642 2
2643 3
2644 0
2645 0
2646 1
2647 2
2648 63
2649 93
2650 120
2651 104
2652 142
2653 122
2654 153
2655 158
2656 121
2657 132
2658 148
2659 123
2660 76
2661 12
2662 1
2663 6
2664 2
2665 11
2666 0
2667 1
2668 1
2669 2
2670 0
2671 2
2672 45
2673 53
2674 62
2675 121
2676 116
2677 105
2678 105
2679 120
2680 110
2681 131
2682 132
2683 18
2684 5
2685 3
2686 5
2687 0
2688 0
2689 2
2690 0
2691 0
2692 0
2693 0
2694 1
2695 4
2696 117
2697 123
2698 191
2699 178
2700 163
2701 152
2702 134
2703 139
2704 154
2705 161
2706 166
2707 142
2708 121
2709 23
2710 5
2711 1
2712 3
2713 3
2714 0
2715 0
2716 1
2717 0
2718 2
2719 5
2720 149
2721 100
2722 154
2723 153
2724 141
2725 168
2726 154
2727 154
2728 166
2729 153
2730 168
2731 146
2732 128
2733 15
2734 17
2735 10
2736 8
2737 5
2738 0
2739 0
2740 0
2741 0
2742 1
2743 2
2744 88
2745 45
2746 50
2747 71
2748 72
2749 66
2750 62
2751 64
2752 60
2753 73
2754 68
2755 63
2756 81
2757 14
2758 1
2759 2
2760 0
2761 2
2762 0
2763 1
2764 1
2765 1
2766 1
2767 11
2768 119
2769 132
2770 193
2771 191
2772 172
2773 190
2774 151
2775 143
2776 169
2777 188
2778 167
2779 191
2780 107
2781 41
2782 20
2783 18
2784 4
2785 3
2786 0
2787 0
2788 0
2789 0
2790 2
2791 6
2792 146
2793 123
2794 190
2795 156
2796 158
2797 143
2798 131
2799 145
2800 159
2801 151
2802 147
2803 149
2804 89
2805 10
2806 3
2807 1
2808 4
2809 7
2810 1
2811 3
2812 0
2813 2
2814 0
2815 1
2816 55
2817 79
2818 97
2819 133
2820 123
2821 136
2822 141
2823 144
2824 131
2825 115
2826 128
2827 151
2828 93
2829 15
2830 5
2831 5
2832 3
2833 7
2834 0
2835 1
2836 1
2837 0
2838 2
2839 2
2840 54
2841 56
2842 82
2843 75
2844 130
2845 128
2846 135
2847 117
2848 112
2849 109
2850 124
2851 46
2852 3
2853 5
2854 3
2855 1
2856 2
2857 1
2858 0
2859 0
2860 0
2861 0
2862 0
2863 4
2864 104
2865 128
2866 179
2867 150
2868 140
2869 145
2870 128
2871 159
2872 142
2873 154
2874 155
2875 170
2876 92
2877 18
2878 2
2879 7
2880 5
2881 4
2882 0
2883 0
2884 1
2885 0
2886 1
2887 8
2888 129
2889 128
2890 186
2891 163
2892 141
2893 147
2894 168
2895 147
2896 141
2897 146
2898 196
2899 163
2900 105
2901 27
2902 13
2903 11
2904 1
2905 2
2906 0
2907 0
2908 0
2909 0
2910 0
2911 6
2912 120
2913 120
2914 191
2915 145
2916 167
2917 160
2918 158
2919 175
2920 143
2921 157
2922 186
2923 206
2924 121
2925 35
2926 12
2927 11
2928 9
2929 8
2930 0
2931 0
2932 0
2933 1
2934 2
2935 8
2936 118
2937 119
2938 156
2939 181
2940 138
2941 163
2942 156
2943 156
2944 145
2945 144
2946 173
2947 164
2948 101
2949 12
2950 3
2951 6
2952 5
2953 2
2954 0
2955 0
2956 0
2957 0
2958 2
2959 5
2960 144
2961 132
2962 199
2963 142
2964 160
2965 180
2966 131
2967 154
2968 150
2969 176
2970 195
2971 195
2972 96
2973 15
2974 0
2975 2
2976 2
2977 7
2978 1
2979 1
2980 2
2981 0
2982 1
2983 1
2984 52
2985 80
2986 99
2987 123
2988 114
2989 129
2990 152
2991 135
2992 132
2993 102
2994 120
2995 147
2996 82
2997 8
2998 4
2999 0
3000 1
3001 6
3002 0
3003 2
3004 0
3005 1
3006 1
3007 0
3008 56
3009 48
3010 83
3011 102
3012 114
3013 135
3014 120
3015 110
3016 86
3017 104
3018 108
3019 59
3020 2
3021 1
3022 1
3023 2
3024 0
3025 2
3026 0
3027 0
3028 0
3029 0
3030 0
3031 6
3032 123
3033 138
3034 176
3035 148
3036 160
3037 145
3038 141
3039 141
3040 145
3041 135
3042 179
3043 148
3044 117
3045 31
3046 7
3047 5
3048 2
3049 2
3050 0
3051 0
3052 0
3053 0
3054 1
3055 10
3056 117
3057 137
3058 179
3059 149
3060 147
3061 145
3062 143
3063 151
3064 142
3065 141
3066 166
3067 154
3068 116
3069 12
3070 7
3071 5
3072 4
3073 4
3074 0
3075 1
3076 0
3077 1
3078 1
3079 7
3080 134
3081 139
3082 150
3083 164
3084 131
3085 141
3086 121
3087 131
3088 140
3089 125
3090 151
3091 165
3092 96
3093 41
3094 4
3095 4
3096 11
3097 6
3098 1
3099 2
3100 0
3101 0
3102 1
3103 7
3104 117
3105 120
3106 184
3107 161
3108 191
3109 169
3110 122
3111 147
3112 127
3113 144
3114 179
3115 170
3116 97
3117 18
3118 2
3119 2
3120 7
3121 1
3122 1
3123 2
3124 0
3125 0
3126 3
3127 8
3128 150
3129 143
3130 172
3131 170
3132 176
3133 157
3134 166
3135 179
3136 174
3137 150
3138 180
3139 156
3140 83
3141 13
3142 1
3143 0
3144 2
3145 5
3146 4
3147 3
3148 1
3149 0
3150 0
3151 0
3152 69
3153 67
3154 106
3155 114
3156 155
3157 143
3158 172
3159 147
3160 109
3161 128
3162 134
3163 143
3164 92
3165 13
3166 3
3167 2
3168 4
3169 7
3170 1
3171 1
3172 2
3173 2
3174 0
3175 0
3176 96
3177 67
3178 107
3179 81
3180 103
3181 111
3182 99
3183 99
3184 109
3185 100
3186 113
3187 59
3188 3
3189 1
3190 0
3191 2
3192 2
3193 2
3194 0
3195 0
3196 1
3197 1
3198 1
3199 4
3200 117
3201 110
3202 166
3203 149
3204 147
3205 148
3206 127
3207 134
3208 138
3209 158
3210 160
3211 160
3212 94
3213 16
3214 10
3215 8
3216 1
3217 4
3218 0
3219 0
3220 0
3221 1
3222 2
3223 7
3224 108
3225 121
3226 218
3227 165
3228 177
3229 157
3230 150
3231 170
3232 149
3233 148
3234 180
3235 153
3236 88
3237 24
3238 11
3239 10
3240 5
3241 6
3242 0
3243 1
3244 0
3245 2
3246 0
3247 5
3248 132
3249 127
3250 213
3251 156
3252 180
3253 173
3254 164
3255 148
3256 144
3257 175
3258 190
3259 154
3260 112
3261 18
3262 6
3263 8
3264 5
3265 2
3266 1
3267 0
3268 0
3269 1
3270 2
3271 1
3272 108
3273 133
3274 181
3275 160
3276 144
3277 175
3278 138
3279 154
3280 165
3281 125
3282 163
3283 188
3284 94
3285 34
3286 4
3287 9
3288 6
3289 3
3290 0
3291 0
3292 0
3293 0
3294 0
3295 8
3296 148
3297 126
3298 163
3299 145
3300 167
3301 155
3302 146
3303 160
3304 140
3305 177
3306 160
3307 168
3308 88
3309 13
3310 1
3311 3
3312 3
3313 3
3314 0
3315 1
3316 1
3317 0
3318 0
3319 1
3320 48
3321 72
3322 118
3323 110
3324 110
3325 138
3326 117
3327 127
3328 111
3329 101
3330 149
3331 90
3332 72
3333 12
3334 1
3335 1
3336 4
3337 7
3338 1
3339 1
3340 2
3341 1
3342 1
3343 2
3344 63
3345 65
3346 81
3347 109
3348 98
3349 109
3350 127
3351 110
3352 108
3353 101
3354 118
3355 44
3356 7
3357 0
3358 1
3359 1
3360 1
3361 2
3362 0
3363 0
3364 1
3365 1
3366 2
3367 7
3368 139
3369 132
3370 178
3371 144
3372 165
3373 151
3374 171
3375 148
3376 170
3377 128
3378 125
3379 144
3380 92
3381 22
3382 12
3383 5
3384 0
3385 2
3386 1
3387 0
3388 0
3389 0
3390 1
3391 5
3392 141
3393 147
3394 182
3395 136
3396 165
3397 150
3398 154
3399 139
3400 163
3401 141
3402 178
3403 126
3404 99
3405 32
3406 19
3407 16
3408 9
3409 2
3410 0
3411 0
3412 1
3413 0
3414 0
3415 5
3416 137
3417 111
3418 163
3419 144
3420 154
3421 160
3422 153
3423 166
3424 133
3425 140
3426 157
3427 186
3428 111
3429 18
3430 1
3431 2
3432 2
3433 2
3434 1
3435 2
3436 1
3437 2
3438 4
3439 4
3440 124
3441 142
3442 171
3443 162
3444 157
3445 144
3446 155
3447 153
3448 177
3449 146
3450 174
3451 135
3452 97
3453 13
3454 1
3455 6
3456 5
3457 1
3458 0
3459 0
3460 0
3461 0
3462 0
3463 11
3464 123
3465 135
3466 156
3467 182
3468 168
3469 146
3470 148
3471 150
3472 133
3473 162
3474 170
3475 162
3476 102
3477 11
3478 5
3479 2
3480 4
3481 4
3482 1
3483 1
3484 1
3485 0
3486 2
3487 1
3488 64
3489 77
3490 86
3491 101
3492 131
3493 141
3494 135
3495 139
3496 121
3497 107
3498 116
3499 132
3500 88
3501 11
3502 0
3503 0
3504 1
3505 5
3506 0
3507 2
3508 2
3509 0
3510 0
3511 1
3512 40
3513 48
3514 84
3515 104
3516 145
3517 133
3518 135
3519 130
3520 118
3521 104
3522 109
3523 45
3524 1
3525 2
3526 0
3527 0
3528 0
3529 1
3530 0
3531 1
3532 0
3533 1
3534 1
3535 3
3536 112
3537 134
3538 181
3539 182
3540 160
3541 169
3542 162
3543 161
3544 159
3545 141
3546 184
3547 157
3548 111
3549 18
3550 0
3551 3
3552 3
3553 1
3554 0
3555 0
3556 0
3557 0
3558 1
3559 7
3560 123
3561 143
3562 180
3563 158
3564 164
3565 154
3566 140
3567 136
3568 153
3569 143
3570 189
3571 200
3572 109
3573 13
3574 1
3575 5
3576 1
3577 2
3578 0
3579 0
3580 1
3581 1
3582 0
3583 8
3584 148
3585 142
3586 179
3587 174
3588 153
3589 187
3590 169
3591 188
3592 167
3593 134
3594 204
3595 133
3596 120
3597 17
3598 6
3599 4
3600 5
3601 1
3602 3
3603 0
3604 0
3605 1
3606 1
3607 4
3608 133
3609 133
3610 161
3611 178
3612 151
3613 157
3614 146
3615 177
3616 156
3617 150
3618 155
3619 171
3620 109
3621 15
3622 2
3623 1
3624 2
3625 2
3626 0
3627 0
3628 0
3629 2
3630 1
3631 12
3632 147
3633 151
3634 196
3635 190
3636 183
3637 184
3638 161
3639 173
3640 194
3641 181
3642 186
3643 142
3644 101
3645 23
3646 0
3647 2
3648 3
3649 2
3650 0
3651 2
3652 1
3653 0
3654 3
3655 0
3656 61
3657 77
3658 103
3659 118
3660 154
3661 152
3662 154
3663 134
3664 129
3665 125
3666 143
3667 133
3668 97
3669 6
3670 2
3671 1
3672 4
3673 6
3674 2
3675 1
3676 0
3677 3
3678 0
3679 1
3680 51
3681 47
3682 77
3683 107
3684 131
3685 131
3686 145
3687 124
3688 116
3689 125
3690 98
3691 37
3692 1
3693 2
3694 3
3695 1
3696 0
3697 0
3698 0
3699 0
3700 0
3701 0
3702 1
3703 9
3704 117
3705 171
3706 205
3707 199
3708 152
3709 173
3710 150
3711 165
3712 147
3713 183
3714 190
3715 182
3716 111
3717 13
3718 3
3719 3
3720 0
3721 1
3722 0
3723 0
3724 1
3725 1
3726 0
3727 8
3728 145
3729 120
3730 167
3731 180
3732 168
3733 148
3734 135
3735 167
3736 159
3737 159
3738 203
3739 166
3740 120
3741 34
3742 13
3743 8
3744 5
3745 4
3746 0
3747 0
3748 0
3749 0
3750 2
3751 5
3752 124
3753 148
3754 212
3755 192
3756 152
3757 207
3758 161
3759 189
3760 158
3761 154
3762 206
3763 152
3764 95
3765 30
3766 2
3767 1
3768 4
3769 4
3770 1
3771 0
3772 0
3773 0
3774 3
3775 4
3776 143
3777 135
3778 176
3779 174
3780 183
3781 144
3782 138
3783 182
3784 169
3785 176
3786 191
3787 199
3788 138
3789 18
3790 2
3791 3
3792 4
3793 0
3794 1
3795 2
3796 0
3797 1
3798 2
3799 8
3800 141
3801 148
3802 175
3803 184
3804 159
3805 150
3806 167
3807 164
3808 173
3809 167
3810 185
3811 162
3812 104
3813 4
3814 0
3815 2
3816 0
3817 3
3818 0
3819 2
3820 0
3821 0
3822 0
3823 0
3824 53
3825 55
3826 92
3827 109
3828 134
3829 121
3830 140
3831 113
3832 111
3833 121
3834 137
3835 144
3836 116
3837 14
3838 5
3839 2
3840 2
3841 3
3842 1
3843 3
3844 2
3845 1
3846 3
3847 1
3848 52
3849 52
3850 75
3851 87
3852 136
3853 147
3854 117
3855 107
3856 129
3857 117
3858 125
3859 26
3860 5
3861 1
3862 2
3863 2
3864 0
3865 3
3866 1
3867 0
3868 2
3869 0
3870 1
3871 1
3872 70
3873 50
3874 54
3875 65
3876 71
3877 58
3878 59
3879 90
3880 71
3881 64
3882 92
3883 113
3884 87
3885 17
3886 3
3887 0
3888 0
3889 0
3890 0
3891 0
3892 2
3893 0
3894 2
3895 6
3896 131
3897 138
3898 204
3899 181
3900 148
3901 159
3902 158
3903 185
3904 159
3905 139
3906 167
3907 221
3908 168
3909 48
3910 5
3911 4
3912 1
3913 1
3914 0
3915 0
3916 0
3917 0
3918 2
3919 10
3920 127
3921 155
3922 177
3923 165
3924 161
3925 163
3926 157
3927 167
3928 167
3929 179
3930 187
3931 214
3932 125
3933 31
3934 0
3935 3
3936 2
3937 2
3938 0
3939 2
3940 0
3941 1
3942 0
3943 8
3944 139
3945 140
3946 184
3947 212
3948 188
3949 187
3950 160
3951 174
3952 176
3953 163
3954 186
3955 172
3956 114
3957 13
3958 3
3959 2
3960 3
3961 1
3962 1
3963 0
3964 0
3965 1
3966 4
3967 3
3968 143
3969 122
3970 187
3971 171
3972 184
3973 208
3974 169
3975 167
3976 171
3977 213
3978 213
3979 185
3980 100
3981 19
3982 1
3983 1
3984 0
3985 4
3986 1
3987 1
3988 0
3989 0
3990 1
3991 2
3992 54
3993 81
3994 106
3995 128
3996 135
3997 164
3998 143
3999 131
4000 131
4001 112
4002 155
4003 135
4004 102
4005 18
4006 0
4007 3
4008 3
4009 1
4010 2
4011 0
4012 3
4013 0
4014 0
4015 0
4016 48
4017 59
4018 75
4019 97
4020 126
4021 145
4022 131
4023 119
4024 102
4025 109
4026 110
4027 32
4028 1
4029 2
4030 0
4031 2
4032 0
4033 0
4034 0
4035 0
4036 10
4037 14
4038 12
4039 6
4040 121
4041 147
4042 205
4043 181
4044 188
4045 166
4046 169
4047 166
4048 175
4049 168
4050 171
4051 198
4052 134
4053 20
4054 1
4055 1
4056 0
4057 0
4058 0
4059 0
4060 0
4061 2
4062 2
4063 3
4064 143
4065 144
4066 212
4067 201
4068 177
4069 183
4070 166
4071 202
4072 195
4073 183
4074 191
4075 208
4076 137
4077 18
4078 3
4079 1
4080 3
4081 3
4082 6
4083 1
4084 0
4085 3
4086 0
4087 7
4088 122
4089 148
4090 212
4091 179
4092 174
4093 212
4094 150
4095 190
4096 181
4097 171
4098 194
4099 181
4100 107
4101 15
4102 6
4103 4
4104 1
4105 2
4106 2
4107 0
4108 4
4109 0
4110 2
4111 5
4112 139
4113 133
4114 186
4115 194
4116 207
4117 186
4118 176
4119 159
4120 153
4121 167
4122 191
4123 168
4124 110
4125 16
4126 5
4127 10
4128 5
4129 4
4130 1
4131 0
4132 2
4133 4
4134 3
4135 6
4136 160
4137 142
4138 198
4139 181
4140 201
4141 186
4142 166
4143 181
4144 185
4145 217
4146 193
4147 150
4148 116
4149 16
4150 1
4151 2
4152 2
4153 2
4154 3
4155 2
4156 1
4157 1
4158 2
4159 0
4160 79
4161 92
4162 113
4163 150
4164 174
4165 127
4166 164
4167 132
4168 137
4169 127
4170 142
4171 124
4172 108
4173 12
4174 3
4175 0
4176 1
4177 8
4178 1
4179 1
4180 2
4181 1
4182 2
4183 3
4184 64
4185 52
4186 87
4187 97
4188 154
4189 128
4190 143
4191 132
4192 131
4193 110
4194 124
4195 50
4196 1
4197 0
4198 1
4199 2
4200 0
4201 1
4202 1
4203 0
4204 2
4205 2
4206 1
4207 4
4208 112
4209 141
4210 174
4211 177
4212 152
4213 178
4214 165
4215 146
4216 157
4217 163
4218 194
4219 201
4220 160
4221 28
4222 1
4223 1
4224 3
4225 1
4226 0
4227 1
4228 0
4229 1
4230 0
4231 6
4232 141
4233 139
4234 184
4235 163
4236 174
4237 179
4238 169
4239 181
4240 167
4241 147
4242 204
4243 197
4244 157
4245 12
4246 4
4247 8
4248 1
4249 3
4250 1
4251 0
4252 0
4253 1
4254 11
4255 18
4256 156
4257 144
4258 191
4259 199
4260 180
4261 188
4262 184
4263 188
4264 169
4265 174
4266 204
4267 185
4268 115
4269 12
4270 9
4271 19
4272 5
4273 2
4274 4
4275 0
4276 1
4277 2
4278 1
4279 4
4280 137
4281 134
4282 216
4283 178
4284 158
4285 184
4286 179
4287 168
4288 174
4289 179
4290 181
4291 190
4292 126
4293 15
4294 1
4295 6
4296 5
4297 6
4298 3
4299 3
4300 1
4301 2
4302 3
4303 6
4304 139
4305 169
4306 203
4307 171
4308 197
4309 154
4310 189
4311 212
4312 184
4313 186
4314 216
4315 155
4316 121
4317 12
4318 5
4319 2
4320 5
4321 8
4322 2
4323 1
4324 0
4325 0
4326 0
4327 3
4328 75
4329 90
4330 123
4331 143
4332 153
4333 134
4334 150
4335 152
4336 117
4337 98
4338 156
4339 142
4340 105
4341 12
4342 7
4343 4
4344 2
4345 8
4346 1
4347 0
4348 1
4349 0
4350 2
4351 1
4352 49
4353 63
4354 87
4355 94
4356 147
4357 126
4358 128
4359 116
4360 111
4361 120
4362 129
4363 35
4364 4
4365 1
4366 7
4367 2
4368 1
4369 1
4370 0
4371 0
4372 0
4373 3
4374 0
4375 4
4376 123
4377 138
4378 173
4379 189
4380 174
4381 157
4382 144
4383 175
4384 173
4385 150
4386 208
4387 192
4388 116
4389 18
4390 7
4391 8
4392 5
4393 1
4394 0
4395 0
4396 1
4397 1
4398 0
4399 7
4400 122
4401 166
4402 195
4403 184
4404 181
4405 186
4406 172
4407 159
4408 163
4409 141
4410 217
4411 160
4412 115
4413 25
4414 12
4415 12
4416 3
4417 2
4418 0
4419 0
4420 1
4421 0
4422 2
4423 7
4424 155
4425 180
4426 192
4427 183
4428 123
4429 165
4430 143
4431 180
4432 174
4433 160
4434 197
4435 217
4436 125
4437 41
4438 16
4439 7
4440 7
4441 3
4442 1
4443 1
4444 2
4445 2
4446 2
4447 5
4448 136
4449 151
4450 201
4451 197
4452 193
4453 168
4454 171
4455 183
4456 186
4457 173
4458 227
4459 216
4460 116
4461 29
4462 10
4463 11
4464 1
4465 4
4466 0
4467 0
4468 0
4469 1
4470 4
4471 5
4472 129
4473 160
4474 214
4475 170
4476 164
4477 184
4478 165
4479 195
4480 149
4481 168
4482 177
4483 180
4484 113
4485 12
4486 2
4487 1
4488 5
4489 9
4490 2
4491 0
4492 2
4493 0
4494 0
4495 0
4496 54
4497 68
4498 116
4499 127
4500 130
4501 149
4502 139
4503 167
4504 133
4505 111
4506 144
4507 149
4508 98
4509 8
4510 3
4511 6
4512 5
4513 4
4514 2
4515 0
4516 2
4517 1
4518 1
4519 0
4520 47
4521 46
4522 105
4523 97
4524 107
4525 133
4526 153
4527 120
4528 105
4529 117
4530 131
4531 33
4532 4
4533 0
4534 1
4535 0
4536 1
4537 0
4538 0
4539 1
4540 0
4541 1
4542 3
4543 3
4544 121
4545 152
4546 187
4547 179
4548 152
4549 160
4550 160
4551 177
4552 170
4553 169
4554 168
4555 164
4556 164
4557 42
4558 9
4559 7
4560 2
4561 4
4562 1
4563 1
4564 2
4565 2
4566 3
4567 5
4568 130
4569 161
4570 207
4571 182
4572 175
4573 182
4574 181
4575 174
4576 168
4577 189
4578 224
4579 201
4580 134
4581 47
4582 14
4583 5
4584 6
4585 2
4586 0
4587 0
4588 0
4589 0
4590 2
4591 7
4592 136
4593 159
4594 213
4595 221
4596 214
4597 199
4598 178
4599 164
4600 166
4601 177
4602 221
4603 189
4604 140
4605 27
4606 13
4607 12
4608 3
4609 2
4610 0
4611 1
4612 1
4613 2
4614 0
4615 6
4616 136
4617 159
4618 213
4619 205
4620 188
4621 185
4622 173
4623 190
4624 195
4625 167
4626 185
4627 176
4628 116
4629 29
4630 5
4631 4
4632 3
4633 11
4634 1
4635 1
4636 0
4637 0
4638 1
4639 5
4640 156
4641 174
4642 206
4643 214
4644 219
4645 185
4646 187
4647 188
4648 186
4649 162
4650 188
4651 209
4652 110
4653 19
4654 5
4655 2
4656 0
4657 5
4658 1
4659 2
4660 1
4661 0
4662 2
4663 1
4664 86
4665 106
4666 139
4667 176
4668 197
4669 206
4670 169
4671 169
4672 148
4673 137
4674 141
4675 152
4676 93
4677 17
4678 2
4679 2
4680 5
4681 9
4682 3
4683 1
4684 2
4685 2
4686 4
4687 3
4688 106
4689 113
4690 133
4691 132
4692 133
4693 131
4694 124
4695 124
4696 128
4697 105
4698 106
4699 53
4700 0
4701 2
4702 0
4703 0
4704 0
4705 1
4706 0
4707 0
4708 0
4709 0
4710 3
4711 4
4712 141
4713 157
4714 198
4715 211
4716 173
4717 175
4718 181
4719 189
4720 178
4721 155
4722 194
4723 206
4724 134
4725 29
4726 9
4727 7
4728 1
4729 2
4730 0
4731 0
4732 0
4733 1
4734 2
4735 2
4736 142
4737 149
4738 185
4739 170
4740 194
4741 184
4742 155
4743 173
4744 150
4745 144
4746 151
4747 175
4748 142
4749 19
4750 10
4751 15
4752 2
4753 2
4754 0
4755 0
4756 0
4757 1
4758 0
4759 4
4760 144
4761 118
4762 183
4763 156
4764 188
4765 158
4766 147
4767 191
4768 186
4769 153
4770 205
4771 169
4772 135
4773 22
4774 13
4775 10
4776 8
4777 2
4778 2
4779 0
4780 0
4781 1
4782 2
4783 4
4784 137
4785 143
4786 154
4787 169
4788 146
4789 146
4790 148
4791 167
4792 165
4793 144
4794 177
4795 158
4796 117
4797 25
4798 8
4799 8
4800 2
4801 10
4802 0
4803 1
4804 0
4805 0
4806 2
4807 2
4808 129
4809 120
4810 172
4811 152
4812 155
4813 151
4814 152
4815 161
4816 144
4817 152
4818 193
4819 148
4820 107
4821 16
4822 2
4823 0
4824 1
4825 4
4826 0
4827 0
4828 0
4829 0
4830 1
4831 0
4832 92
4833 86
4834 107
4835 112
4836 139
4837 127
4838 122
4839 101
4840 97
4841 114
4842 132
4843 123
4844 89
4845 12
4846 1
4847 1
4848 2
4849 9
4850 0
4851 0
4852 0
4853 0
4854 0
4855 0
4856 56
4857 56
4858 79
4859 93
4860 116
4861 115
4862 121
4863 109
4864 99
4865 107
4866 95
4867 33
4868 2
4869 0
4870 1
4871 0
4872 0
4873 2
4874 12
4875 6
4876 14
4877 8
4878 9
4879 1
4880 101
4881 110
4882 159
4883 135
4884 153
4885 129
4886 139
4887 153
4888 142
4889 143
4890 179
4891 177
4892 155
4893 23
4894 0
4895 0
4896 1
4897 2
4898 0
4899 0
4900 0
4901 0
4902 1
4903 1
4904 118
4905 116
4906 181
4907 153
4908 138
4909 148
4910 137
4911 138
4912 160
4913 177
4914 167
4915 159
4916 127
4917 29
4918 17
4919 14
4920 4
4921 2
4922 1
4923 0
4924 0
4925 0
4926 2
4927 3
4928 122
4929 146
4930 164
4931 123
4932 158
4933 144
4934 142
4935 145
4936 146
4937 141
4938 175
4939 162
4940 140
4941 36
4942 17
4943 9
4944 2
4945 5
4946 1
4947 0
4948 0
4949 0
4950 2
4951 1
4952 121
4953 105
4954 184
4955 124
4956 155
4957 165
4958 154
4959 153
4960 148
4961 139
4962 173
4963 167
4964 115
4965 32
4966 12
4967 7
4968 7
4969 4
4970 0
4971 0
4972 0
4973 0
4974 0
4975 1
4976 140
4977 134
4978 176
4979 188
4980 194
4981 173
4982 185
4983 195
4984 152
4985 134
4986 188
4987 150
4988 113
4989 13
4990 0
4991 2
4992 0
4993 5
4994 0
4995 1
4996 2
4997 0
4998 0
4999 1
5000 75
5001 65
5002 105
5003 121
5004 148
5005 125
5006 146
5007 124
5008 132
5009 114
5010 133
5011 121
5012 103
5013 17
5014 0
5015 1
5016 3
5017 4
5018 1
5019 3
5020 1
5021 0
5022 0
5023 0
5024 52
5025 35
5026 82
5027 83
5028 134
5029 127
5030 126
5031 105
5032 97
5033 87
5034 107
5035 39
5036 3
5037 0
5038 0
5039 3
5040 1
5041 1
5042 0
5043 0
5044 0
5045 1
5046 1
5047 2
5048 114
5049 139
5050 201
5051 199
5052 203
5053 195
5054 191
5055 207
5056 167
5057 146
5058 200
5059 158
5060 109
5061 16
5062 8
5063 4
5064 0
5065 1
5066 0
5067 0
5068 0
5069 1
5070 1
5071 1
5072 137
5073 156
5074 209
5075 198
5076 204
5077 203
5078 209
5079 210
5080 172
5081 179
5082 208
5083 225
5084 146
5085 21
5086 14
5087 9
5088 5
5089 3
5090 0
5091 0
5092 0
5093 0
5094 0
5095 5
5096 129
5097 168
5098 197
5099 201
5100 186
5101 199
5102 179
5103 204
5104 186
5105 200
5106 178
5107 200
5108 127
5109 23
5110 0
5111 5
5112 5
5113 3
5114 0
5115 0
5116 0
5117 0
5118 1
5119 1
5120 139
5121 140
5122 220
5123 195
5124 216
5125 187
5126 189
5127 199
5128 197
5129 175
5130 172
5131 146
5132 127
5133 36
5134 16
5135 13
5136 4
5137 2
5138 0
5139 0
5140 0
5141 0
5142 2
5143 2
5144 158
5145 166
5146 193
5147 168
5148 181
5149 154
5150 180
5151 178
5152 168
5153 183
5154 208
5155 159
5156 98
5157 15
5158 2
5159 2
5160 4
5161 2
5162 0
5163 0
5164 0
5165 0
5166 0
5167 0
5168 67
5169 90
5170 117
5171 133
5172 152
5173 155
5174 160
5175 126
5176 114
5177 115
5178 152
5179 151
5180 95
5181 10
5182 1
5183 0
5184 5
5185 6
5186 2
5187 3
5188 1
5189 1
5190 0
5191 0
5192 51
5193 52
5194 107
5195 92
5196 112
5197 127
5198 115
5199 126
5200 112
5201 96
5202 116
5203 44
5204 2
5205 1
5206 0
5207 4
5208 2
5209 0
5210 0
5211 0
5212 1
5213 1
5214 1
5215 2
5216 120
5217 117
5218 173
5219 166
5220 162
5221 131
5222 153
5223 147
5224 162
5225 170
5226 157
5227 161
5228 109
5229 32
5230 13
5231 9
5232 3
5233 2
5234 0
5235 0
5236 0
5237 0
5238 0
5239 2
5240 127
5241 120
5242 188
5243 180
5244 179
5245 163
5246 166
5247 179
5248 171
5249 169
5250 212
5251 144
5252 126
5253 19
5254 5
5255 1
5256 2
5257 1
5258 0
5259 0
5260 0
5261 0
5262 2
5263 3
5264 135
5265 134
5266 175
5267 177
5268 163
5269 159
5270 154
5271 148
5272 169
5273 152
5274 209
5275 173
5276 122
5277 27
5278 4
5279 6
5280 7
5281 4
5282 4
5283 0
5284 0
5285 0
5286 3
5287 1
5288 142
5289 121
5290 175
5291 190
5292 177
5293 186
5294 180
5295 197
5296 165
5297 145
5298 200
5299 135
5300 116
5301 24
5302 3
5303 3
5304 11
5305 6
5306 0
5307 1
5308 0
5309 0
5310 1
5311 2
5312 143
5313 137
5314 174
5315 206
5316 164
5317 196
5318 163
5319 190
5320 165
5321 176
5322 171
5323 136
5324 120
5325 11
5326 3
5327 1
5328 1
5329 3
5330 4
5331 0
5332 0
5333 0
5334 0
5335 1
5336 58
5337 65
5338 121
5339 143
5340 116
5341 150
5342 136
5343 163
5344 126
5345 136
5346 154
5347 111
5348 96
5349 11
5350 1
5351 5
5352 1
5353 3
5354 1
5355 1
5356 1
5357 1
5358 0
5359 1
5360 50
5361 53
5362 80
5363 100
5364 97
5365 125
5366 124
5367 99
5368 123
5369 97
5370 119
5371 43
5372 1
5373 2
5374 2
5375 0
5376 2
5377 0
5378 0
5379 1
5380 0
5381 0
5382 0
5383 4
5384 122
5385 137
5386 193
5387 186
5388 167
5389 159
5390 187
5391 167
5392 181
5393 153
5394 181
5395 167
5396 114
5397 17
5398 2
5399 6
5400 1
5401 0
5402 0
5403 0
5404 0
5405 1
5406 1
5407 4
5408 138
5409 132
5410 166
5411 185
5412 189
5413 176
5414 179
5415 177
5416 178
5417 148
5418 154
5419 176
5420 116
5421 18
5422 0
5423 16
5424 8
5425 3
5426 0
5427 0
5428 0
5429 0
5430 0
5431 5
5432 130
5433 133
5434 184
5435 167
5436 157
5437 171
5438 177
5439 169
5440 182
5441 165
5442 155
5443 166
5444 94
5445 22
5446 3
5447 3
5448 4
5449 2
5450 1
5451 3
5452 0
5453 0
5454 1
5455 3
5456 131
5457 170
5458 182
5459 179
5460 198
5461 168
5462 158
5463 185
5464 205
5465 164
5466 179
5467 155
5468 114
5469 21
5470 25
5471 11
5472 7
5473 5
5474 1
5475 0
5476 1
5477 1
5478 1
5479 5
5480 148
5481 158
5482 184
5483 163
5484 144
5485 161
5486 175
5487 193
5488 141
5489 198
5490 170
5491 165
5492 130
5493 11
5494 8
5495 4
5496 3
5497 3
5498 1
5499 2
5500 3
5501 1
5502 1
5503 0
5504 70
5505 102
5506 118
5507 149
5508 155
5509 139
5510 136
5511 148
5512 125
5513 100
5514 131
5515 153
5516 100
5517 10
5518 1
5519 0
5520 5
5521 5
5522 2
5523 4
5524 0
5525 0
5526 0
5527 0
5528 61
5529 60
5530 90
5531 109
5532 127
5533 105
5534 132
5535 113
5536 129
5537 117
5538 108
5539 45
5540 2
5541 0
5542 1
5543 1
5544 1
5545 0
5546 0
5547 0
5548 1
5549 0
5550 1
5551 2
5552 126
5553 148
5554 191
5555 150
5556 185
5557 148
5558 163
5559 153
5560 173
5561 149
5562 190
5563 175
5564 112
5565 15
5566 8
5567 5
5568 1
5569 2
5570 0
5571 0
5572 0
5573 1
5574 0
5575 0
5576 154
5577 211
5578 283
5579 254
5580 171
5581 179
5582 163
5583 150
5584 138
5585 134
5586 156
5587 177
5588 113
5589 21
5590 4
5591 7
5592 7
5593 2
5594 0
5595 0
5596 0
5597 0
5598 0
5599 1
5600 140
5601 122
5602 166
5603 166
5604 164
5605 165
5606 144
5607 142
5608 142
5609 140
5610 175
5611 178
5612 129
5613 21
5614 8
5615 13
5616 6
5617 3
5618 0
5619 1
5620 1
5621 1
5622 2
5623 1
5624 136
5625 130
5626 179
5627 155
5628 142
5629 158
5630 167
5631 129
5632 151
5633 120
5634 133
5635 133
5636 122
5637 36
5638 14
5639 8
5640 5
5641 4
5642 0
5643 0
5644 0
5645 0
5646 1
5647 6
5648 137
5649 136
5650 167
5651 167
5652 188
5653 180
5654 158
5655 193
5656 142
5657 159
5658 180
5659 165
5660 103
5661 19
5662 1
5663 1
5664 0
5665 4
5666 1
5667 2
5668 0
5669 1
5670 0
5671 1
5672 96
5673 69
5674 81
5675 121
5676 131
5677 121
5678 142
5679 121
5680 110
5681 107
5682 88
5683 143
5684 109
5685 4
5686 6
5687 4
5688 3
5689 4
5690 0
5691 1
5692 0
5693 0
5694 0
5695 0
5696 68
5697 46
5698 88
5699 112
5700 112
5701 113
5702 112
5703 119
5704 104
5705 91
5706 109
5707 43
5708 1
5709 2
5710 0
5711 3
5712 1
5713 1
5714 0
5715 0
5716 0
5717 1
5718 2
5719 1
5720 131
5721 120
5722 153
5723 176
5724 162
5725 188
5726 137
5727 135
5728 154
5729 123
5730 149
5731 149
5732 96
5733 10
5734 3
5735 3
5736 2
5737 2
5738 0
5739 0
5740 0
5741 0
5742 0
5743 3
5744 121
5745 91
5746 184
5747 130
5748 153
5749 146
5750 136
5751 151
5752 142
5753 118
5754 146
5755 168
5756 124
5757 40
5758 11
5759 6
5760 7
5761 1
5762 1
5763 0
5764 0
5765 0
5766 0
5767 3
5768 147
5769 122
5770 163
5771 192
5772 162
5773 151
5774 166
5775 170
5776 157
5777 142
5778 157
5779 161
5780 110
5781 15
5782 1
5783 6
5784 8
5785 3
5786 1
5787 0
5788 0
5789 0
5790 0
5791 3
5792 154
5793 129
5794 173
5795 158
5796 154
5797 141
5798 134
5799 169
5800 144
5801 143
5802 132
5803 163
5804 132
5805 18
5806 11
5807 6
5808 3
5809 3
5810 0
5811 0
5812 0
5813 0
5814 0
5815 4
5816 128
5817 106
5818 165
5819 169
5820 150
5821 155
5822 144
5823 156
5824 137
5825 134
5826 165
5827 147
5828 103
5829 20
5830 1
5831 1
5832 1
5833 5
5834 1
5835 0
5836 0
5837 0
5838 0
5839 0
5840 87
5841 77
5842 91
5843 120
5844 124
5845 121
5846 126
5847 111
5848 121
5849 92
5850 117
5851 121
5852 98
5853 7
5854 0
5855 1
5856 6
5857 5
5858 2
5859 0
5860 0
5861 1
5862 0
5863 1
5864 60
5865 53
5866 60
5867 75
5868 99
5869 97
5870 99
5871 94
5872 99
5873 79
5874 100
5875 39
5876 3
5877 1
5878 2
5879 0
5880 0
5881 0
5882 0
5883 0
5884 0
5885 1
5886 1
5887 2
5888 127
5889 108
5890 136
5891 132
5892 140
5893 141
5894 130
5895 122
5896 125
5897 132
5898 173
5899 173
5900 111
5901 13
5902 8
5903 7
5904 2
5905 2
5906 0
5907 0
5908 1
5909 1
5910 1
5911 6
5912 143
5913 149
5914 183
5915 182
5916 161
5917 174
5918 160
5919 171
5920 142
5921 144
5922 172
5923 184
5924 124
5925 31
5926 21
5927 8
5928 4
5929 1
5930 0
5931 0
5932 0
5933 0
5934 2
5935 4
5936 151
5937 120
5938 177
5939 195
5940 191
5941 160
5942 115
5943 162
5944 139
5945 159
5946 192
5947 182
5948 123
5949 15
5950 1
5951 7
5952 10
5953 3
5954 3
5955 0
5956 0
5957 0
5958 4
5959 6
5960 143
5961 133
5962 164
5963 160
5964 187
5965 149
5966 136
5967 163
5968 140
5969 152
5970 183
5971 229
5972 124
5973 21
5974 3
5975 6
5976 3
5977 3
5978 1
5979 0
5980 0
5981 0
5982 2
5983 5
5984 130
5985 139
5986 179
5987 170
5988 164
5989 169
5990 172
5991 165
5992 166
5993 177
5994 177
5995 143
5996 126
5997 6
5998 2
5999 0
6000 6
6001 5
6002 1
6003 0
6004 0
6005 0
6006 2
6007 1
6008 63
6009 80
6010 86
6011 125
6012 120
6013 138
6014 125
6015 143
6016 103
6017 93
6018 110
6019 111
6020 98
6021 14
6022 2
6023 4
6024 6
6025 4
6026 4
6027 0
6028 0
6029 2
6030 1
6031 1
6032 68
6033 64
6034 81
6035 88
6036 110
6037 115
6038 125
6039 119
6040 106
6041 95
6042 102
6043 47
6044 3
6045 1
6046 5
6047 0
6048 1
6049 1
6050 0
6051 0
6052 0
6053 2
6054 0
6055 4
6056 137
6057 130
6058 162
6059 153
6060 173
6061 150
6062 151
6063 149
6064 162
6065 146
6066 134
6067 167
6068 125
6069 14
6070 10
6071 3
6072 3
6073 2
6074 0
6075 0
6076 0
6077 2
6078 0
6079 4
6080 124
6081 146
6082 188
6083 190
6084 209
6085 172
6086 167
6087 156
6088 176
6089 152
6090 199
6091 169
6092 153
6093 37
6094 18
6095 11
6096 5
6097 5
6098 0
6099 1
6100 0
6101 0
6102 1
6103 5
6104 135
6105 135
6106 206
6107 210
6108 190
6109 198
6110 173
6111 166
6112 161
6113 152
6114 191
6115 204
6116 139
6117 27
6118 20
6119 19
6120 3
6121 4
6122 0
6123 2
6124 0
6125 1
6126 1
6127 6
6128 147
6129 146
6130 170
6131 165
6132 210
6133 199
6134 174
6135 178
6136 167
6137 151
6138 159
6139 185
6140 124
6141 11
6142 15
6143 14
6144 4
6145 1
6146 2
6147 0
6148 1
6149 1
6150 1
6151 3
6152 137
6153 132
6154 179
6155 188
6156 203
6157 191
6158 168
6159 158
6160 134
6161 153
6162 163
6163 144
6164 122
6165 14
6166 2
6167 4
6168 0
6169 5
6170 0
6171 0
6172 1
6173 0
6174 0
6175 3
6176 78
6177 80
6178 92
6179 118
6180 124
6181 124
6182 141
6183 131
6184 116
6185 101
6186 122
6187 134
6188 99
6189 9
6190 6
6191 3
6192 4
6193 4
6194 0
6195 2
6196 1
6197 0
6198 0
6199 0
6200 67
6201 59
6202 118
6203 123
6204 134
6205 124
6206 134
6207 124
6208 110
6209 101
6210 129
6211 40
6212 2
6213 1
6214 1
6215 0
6216 0
6217 0
6218 0
6219 0
6220 0
6221 1
6222 2
6223 4
6224 124
6225 136
6226 171
6227 172
6228 138
6229 165
6230 150
6231 164
6232 146
6233 142
6234 162
6235 154
6236 123
6237 17
6238 11
6239 10
6240 3
6241 3
6242 0
6243 0
6244 1
6245 0
6246 3
6247 3
6248 148
6249 144
6250 188
6251 208
6252 222
6253 184
6254 161
6255 158
6256 150
6257 138
6258 182
6259 166
6260 120
6261 27
6262 13
6263 10
6264 4
6265 5
6266 0
6267 0
6268 1
6269 1
6270 2
6271 1
6272 144
6273 139
6274 168
6275 156
6276 154
6277 152
6278 146
6279 165
6280 147
6281 133
6282 182
6283 179
6284 111
6285 18
6286 5
6287 14
6288 5
6289 2
6290 1
6291 0
6292 0
6293 0
6294 3
6295 5
6296 136
6297 116
6298 181
6299 169
6300 158
6301 147
6302 138
6303 139
6304 182
6305 182
6306 184
6307 188
6308 105
6309 20
6310 4
6311 2
6312 2
6313 3
6314 0
6315 0
6316 0
6317 3
6318 1
6319 3
6320 128
6321 104
6322 168
6323 156
6324 168
6325 149
6326 142
6327 143
6328 148
6329 168
6330 164
6331 163
6332 99
6333 9
6334 2
6335 2
6336 2
6337 5
6338 2
6339 0
6340 0
6341 0
6342 0
6343 1
6344 65
6345 58
6346 81
6347 117
6348 124
6349 118
6350 117
6351 96
6352 103
6353 92
6354 118
6355 127
6356 99
6357 11
6358 2
6359 1
6360 1
6361 6
6362 1
6363 1
6364 0
6365 1
6366 0
6367 2
6368 66
6369 55
6370 81
6371 87
6372 92
6373 108
6374 114
6375 127
6376 102
6377 103
6378 112
6379 30
6380 1
6381 1
6382 0
6383 1
6384 0
6385 0
6386 0
6387 0
6388 0
6389 1
6390 1
6391 6
6392 115
6393 132
6394 178
6395 163
6396 180
6397 167
6398 158
6399 174
6400 164
6401 146
6402 188
6403 174
6404 107
6405 17
6406 5
6407 3
6408 1
6409 0
6410 0
6411 0
6412 1
6413 1
6414 0
6415 2
6416 136
6417 123
6418 179
6419 187
6420 183
6421 157
6422 145
6423 160
6424 161
6425 142
6426 152
6427 214
6428 155
6429 19
6430 1
6431 3
6432 2
6433 1
6434 1
6435 0
6436 0
6437 2
6438 1
6439 4
6440 125
6441 122
6442 156
6443 154
6444 160
6445 144
6446 144
6447 162
6448 150
6449 154
6450 156
6451 166
6452 105
6453 27
6454 2
6455 1
6456 1
6457 5
6458 1
6459 1
6460 1
6461 1
6462 2
6463 2
6464 129
6465 125
6466 141
6467 165
6468 160
6469 150
6470 142
6471 139
6472 153
6473 143
6474 148
6475 158
6476 117
6477 21
6478 2
6479 4
6480 4
6481 4
6482 2
6483 0
6484 1
6485 4
6486 2
6487 4
6488 126
6489 106
6490 160
6491 114
6492 47
6493 40
6494 97
6495 129
6496 151
6497 144
6498 197
6499 146
6500 101
6501 11
6502 5
6503 7
6504 3
6505 8
6506 2
6507 0
6508 0
6509 0
6510 0
6511 1
6512 73
6513 51
6514 81
6515 92
6516 116
6517 101
6518 95
6519 74
6520 72
6521 58
6522 66
6523 131
6524 102
6525 11
6526 3
6527 3
6528 2
6529 4
6530 2
6531 2
6532 1
6533 0
6534 1
6535 0
6536 50
6537 34
6538 74
6539 89
6540 98
6541 114
6542 106
6543 100
6544 102
6545 87
6546 112
6547 29
6548 2
6549 4
6550 3
6551 0
6552 0
6553 11
6554 0
6555 1
6556 1
6557 1
6558 1
6559 2
6560 70
6561 85
6562 127
6563 146
6564 116
6565 122
6566 102
6567 95
6568 79
6569 60
6570 90
6571 116
6572 142
6573 14
6574 8
6575 4
6576 5
6577 8
6578 1
6579 0
6580 1
6581 2
6582 2
6583 0
6584 49
6585 52
6586 85
6587 77
6588 120
6589 136
6590 152
6591 154
6592 126
6593 145
6594 145
6595 38
6596 5
6597 4
6598 2
6599 2
6600 2
6601 4
6602 0
6603 0
6604 0
6605 2
6606 0
6607 4
6608 144
6609 181
6610 239
6611 216
6612 212
6613 222
6614 159
6615 203
6616 199
6617 202
6618 216
6619 220
6620 200
6621 46
6622 2
6623 2
6624 1
6625 2
6626 0
6627 0
6628 0
6629 1
6630 1
6631 2
6632 146
6633 140
6634 223
6635 223
6636 165
6637 166
6638 187
6639 201
6640 198
6641 208
6642 185
6643 180
6644 140
6645 33
6646 4
6647 11
6648 2
6649 3
6650 1
6651 1
6652 0
6653 1
6654 4
6655 3
6656 141
6657 131
6658 213
6659 197
6660 202
6661 183
6662 181
6663 183
6664 175
6665 197
6666 184
6667 237
6668 122
6669 33
6670 7
6671 6
6672 4
6673 3
6674 1
6675 4
6676 1
6677 1
6678 1
6679 10
6680 166
6681 154
6682 250
6683 239
6684 182
6685 189
6686 175
6687 195
6688 186
6689 200
6690 216
6691 220
6692 121
6693 37
6694 7
6695 13
6696 4
6697 6
6698 1
6699 0
6700 0
6701 1
6702 1
6703 6
6704 142
6705 161
6706 191
6707 214
6708 176
6709 176
6710 155
6711 230
6712 205
6713 192
6714 217
6715 206
6716 112
6717 23
6718 5
6719 2
6720 4
6721 6
6722 3
6723 1
6724 0
6725 0
6726 2
6727 1
6728 72
6729 99
6730 110
6731 147
6732 150
6733 153
6734 162
6735 155
6736 153
6737 143
6738 147
6739 166
6740 118
6741 10
6742 5
6743 5
6744 2
6745 9
6746 1
6747 4
6748 5
6749 0
6750 2
6751 6
6752 119
6753 69
6754 133
6755 115
6756 120
6757 155
6758 143
6759 130
6760 133
6761 123
6762 154
6763 46
6764 10
6765 2
6766 6
6767 1
6768 1
6769 5
6770 0
6771 0
6772 1
6773 1
6774 2
6775 9
6776 135
6777 165
6778 228
6779 220
6780 193
6781 173
6782 190
6783 168
6784 162
6785 168
6786 236
6787 186
6788 110
6789 15
6790 3
6791 4
6792 3
6793 2
6794 2
6795 0
6796 1
6797 2
6798 3
6799 8
6800 170
6801 164
6802 205
6803 215
6804 204
6805 179
6806 193
6807 175
6808 185
6809 188
6810 198
6811 196
6812 118
6813 17
6814 5
6815 7
6816 4
6817 1
6818 2
6819 1
6820 0
6821 2
6822 4
6823 7
6824 144
6825 148
6826 216
6827 207
6828 157
6829 180
6830 158
6831 180
6832 183
6833 168
6834 196
6835 201
6836 111
6837 18
6838 7
6839 3
6840 3
6841 2
6842 0
6843 0
6844 0
6845 3
6846 3
6847 8
6848 131
6849 159
6850 240
6851 199
6852 210
6853 187
6854 175
6855 207
6856 210
6857 194
6858 171
6859 189
6860 130
6861 23
6862 3
6863 5
6864 10
6865 4
6866 0
6867 1
6868 0
6869 1
6870 0
6871 9
6872 150
6873 169
6874 210
6875 237
6876 215
6877 210
6878 182
6879 221
6880 219
6881 228
6882 268
6883 181
6884 104
6885 25
6886 1
6887 4
6888 5
6889 11
6890 1
6891 0
6892 0
6893 0
6894 1
6895 4
6896 65
6897 84
6898 121
6899 159
6900 161
6901 152
6902 156
6903 160
6904 146
6905 147
6906 151
6907 204
6908 108
6909 15
6910 5
6911 2
6912 2
6913 8
6914 1
6915 3
6916 0
6917 1
6918 3
6919 1
6920 60
6921 64
6922 98
6923 128
6924 116
6925 148
6926 134
6927 146
6928 129
6929 113
6930 123
6931 71
6932 4
6933 4
6934 3
6935 1
6936 0
6937 0
6938 0
6939 0
6940 0
6941 1
6942 5
6943 7
6944 158
6945 159
6946 232
6947 204
6948 191
6949 204
6950 208
6951 182
6952 196
6953 177
6954 210
6955 207
6956 159
6957 37
6958 7
6959 2
6960 0
6961 1
6962 0
6963 0
6964 0
6965 1
6966 1
6967 7
6968 157
6969 158
6970 237
6971 220
6972 204
6973 206
6974 219
6975 228
6976 212
6977 190
6978 184
6979 178
6980 136
6981 28
6982 4
6983 10
6984 1
6985 2
6986 0
6987 1
6988 0
6989 1
6990 0
6991 8
6992 137
6993 161
6994 216
6995 226
6996 234
6997 214
6998 190
6999 217
7000 183
7001 204
7002 224
7003 228
7004 115
7005 16
7006 8
7007 5
7008 0
7009 2
7010 2
7011 3
7012 0
7013 3
7014 3
7015 4
7016 154
7017 166
7018 201
7019 221
7020 213
7021 200
7022 198
7023 229
7024 219
7025 196
7026 234
7027 164
7028 144
7029 30
7030 7
7031 12
7032 6
7033 3
7034 0
7035 0
7036 0
7037 0
7038 1
7039 7
7040 165
7041 153
7042 226
7043 213
7044 205
7045 184
7046 200
7047 197
7048 206
7049 223
7050 210
7051 203
7052 137
7053 14
7054 5
7055 7
7056 6
7057 7
7058 3
7059 0
7060 0
7061 0
7062 0
7063 5
7064 65
7065 80
7066 120
7067 165
7068 142
7069 188
7070 151
7071 162
7072 179
7073 153
7074 176
7075 174
7076 100
7077 11
7078 3
7079 9
7080 5
7081 8
7082 2
7083 0
7084 1
7085 1
7086 1
7087 3
7088 56
7089 62
7090 90
7091 123
7092 132
7093 130
7094 129
7095 136
7096 119
7097 129
7098 125
7099 67
7100 5
7101 3
7102 1
7103 4
7104 1
7105 2
7106 0
7107 0
7108 0
7109 3
7110 0
7111 5
7112 137
7113 173
7114 216
7115 197
7116 174
7117 188
7118 179
7119 176
7120 172
7121 182
7122 172
7123 229
7124 112
7125 13
7126 3
7127 3
7128 1
7129 1
7130 1
7131 0
7132 0
7133 1
7134 2
7135 5
7136 134
7137 170
7138 230
7139 235
7140 195
7141 181
7142 193
7143 191
7144 181
7145 208
7146 206
7147 201
7148 159
7149 48
7150 6
7151 6
7152 3
7153 2
7154 0
7155 1
7156 1
7157 1
7158 1
7159 9
7160 160
7161 163
7162 174
7163 187
7164 189
7165 167
7166 168
7167 201
7168 179
7169 182
7170 228
7171 193
7172 122
7173 14
7174 3
7175 4
7176 2
7177 2
7178 0
7179 0
7180 0
7181 3
7182 1
7183 5
7184 159
7185 168
7186 233
7187 214
7188 202
7189 247
7190 223
7191 212
7192 194
7193 257
7194 237
7195 212
7196 117
7197 34
7198 11
7199 6
7200 0
7201 4
7202 1
7203 0
7204 1
7205 1
7206 0
7207 6
7208 174
7209 206
7210 238
7211 204
7212 209
7213 197
7214 192
7215 213
7216 202
7217 258
7218 208
7219 197
7220 151
7221 17
7222 1
7223 2
7224 2
7225 11
7226 1
7227 1
7228 0
7229 1
7230 0
7231 1
7232 87
7233 100
7234 129
7235 117
7236 166
7237 153
7238 167
7239 137
7240 146
7241 110
7242 114
7243 176
7244 109
7245 15
7246 1
7247 7
7248 4
7249 10
7250 4
7251 0
7252 1
7253 1
7254 1
7255 1
7256 61
7257 52
7258 90
7259 114
7260 129
7261 149
7262 177
7263 131
7264 114
7265 128
7266 141
7267 27
7268 3
7269 4
7270 1
7271 3
7272 2
7273 5
7274 0
7275 0
7276 1
7277 1
7278 0
7279 5
7280 114
7281 164
7282 169
7283 217
7284 210
7285 185
7286 180
7287 205
7288 203
7289 210
7290 214
7291 193
7292 150
7293 27
7294 4
7295 4
7296 1
7297 8
7298 0
7299 0
7300 0
7301 2
7302 2
7303 1
7304 136
7305 57
7306 74
7307 58
7308 67
7309 63
7310 56
7311 52
7312 67
7313 73
7314 85
7315 92
7316 97
7317 16
7318 3
7319 0
7320 2
7321 4
7322 0
7323 0
7324 0
7325 1
7326 0
7327 8
7328 149
7329 154
7330 254
7331 196
7332 202
7333 196
7334 181
7335 201
7336 193
7337 210
7338 210
7339 200
7340 150
7341 27
7342 8
7343 8
7344 4
7345 1
7346 0
7347 2
7348 0
7349 2
7350 2
7351 8
7352 167
7353 156
7354 204
7355 209
7356 207
7357 190
7358 188
7359 198
7360 203
7361 185
7362 207
7363 214
7364 120
7365 18
7366 4
7367 3
7368 5
7369 2
7370 0
7371 1
7372 2
7373 4
7374 0
7375 9
7376 183
7377 171
7378 217
7379 167
7380 206
7381 208
7382 176
7383 217
7384 191
7385 193
7386 239
7387 200
7388 120
7389 25
7390 3
7391 8
7392 6
7393 11
7394 2
7395 0
7396 2
7397 0
7398 1
7399 3
7400 52
7401 75
7402 110
7403 128
7404 162
7405 133
7406 144
7407 150
7408 126
7409 133
7410 127
7411 145
7412 132
7413 12
7414 5
7415 1
7416 3
7417 7
7418 4
7419 0
7420 4
7421 0
7422 1
7423 0
7424 59
7425 57
7426 105
7427 101
7428 128
7429 132
7430 139
7431 136
7432 111
7433 114
7434 133
7435 62
7436 7
7437 2
7438 5
7439 0
7440 1
7441 2
7442 2
7443 2
7444 0
7445 1
7446 3
7447 4
7448 154
7449 160
7450 200
7451 214
7452 194
7453 205
7454 178
7455 190
7456 175
7457 171
7458 201
7459 207
7460 124
7461 26
7462 5
7463 4
7464 5
7465 4
7466 0
7467 2
7468 0
7469 2
7470 1
7471 3
7472 159
7473 126
7474 184
7475 206
7476 191
7477 189
7478 180
7479 173
7480 176
7481 189
7482 202
7483 210
7484 171
7485 55
7486 4
7487 2
7488 0
7489 3
7490 0
7491 0
7492 0
7493 2
7494 1
7495 8
7496 156
7497 173
7498 231
7499 194
7500 213
7501 209
7502 191
7503 196
7504 190
7505 187
7506 215
7507 233
7508 110
7509 25
7510 9
7511 7
7512 6
7513 3
7514 0
7515 0
7516 0
7517 1
7518 3
7519 10
7520 180
7521 192
7522 232
7523 198
7524 212
7525 190
7526 205
7527 208
7528 190
7529 225
7530 221
7531 205
7532 116
7533 10
7534 4
7535 8
7536 10
7537 4
7538 0
7539 0
7540 0
7541 2
7542 2
7543 8
7544 163
7545 143
7546 211
7547 207
7548 229
7549 202
7550 183
7551 234
7552 219
7553 224
7554 217
7555 195
7556 134
7557 15
7558 2
7559 4
7560 4
7561 12
7562 3
7563 2
7564 2
7565 2
7566 1
7567 2
7568 89
7569 83
7570 118
7571 152
7572 154
7573 177
7574 165
7575 162
7576 174
7577 133
7578 138
7579 190
7580 104
7581 20
7582 3
7583 3
7584 3
7585 12
7586 0
7587 1
7588 0
7589 1
7590 1
7591 1
7592 66
7593 98
7594 121
7595 105
7596 118
7597 150
7598 119
7599 136
7600 136
7601 129
7602 116
7603 50
7604 4
7605 4
7606 4
7607 3
7608 4
7609 2
7610 0
7611 0
7612 0
7613 1
7614 0
7615 10
7616 157
7617 173
7618 226
7619 213
7620 220
7621 211
7622 203
7623 202
7624 209
7625 197
7626 231
7627 200
7628 152
7629 35
7630 7
7631 5
7632 2
7633 4
7634 0
7635 0
7636 0
7637 1
7638 1
7639 8
7640 149
7641 157
7642 238
7643 209
7644 167
7645 183
7646 186
7647 175
7648 197
7649 200
7650 207
7651 204
7652 139
7653 25
7654 12
7655 13
7656 1
7657 2
7658 0
7659 0
7660 0
7661 1
7662 1
7663 9
7664 160
7665 158
7666 213
7667 214
7668 216
7669 177
7670 199
7671 184
7672 198
7673 202
7674 212
7675 196
7676 136
7677 16
7678 4
7679 6
7680 3
7681 3
7682 1
7683 0
7684 0
7685 2
7686 0
7687 8
7688 161
7689 160
7690 226
7691 226
7692 240
7693 228
7694 195
7695 207
7696 183
7697 189
7698 159
7699 199
7700 127
7701 24
7702 14
7703 7
7704 4
7705 6
7706 1
7707 0
7708 0
7709 1
7710 4
7711 5
7712 188
7713 177
7714 165
7715 202
7716 214
7717 210
7718 187
7719 188
7720 193
7721 231
7722 185
7723 187
7724 124
7725 16
7726 4
7727 7
7728 6
7729 4
7730 3
7731 1
7732 1
7733 0
7734 1
7735 2
7736 89
7737 108
7738 121
7739 139
7740 153
7741 160
7742 169
7743 147
7744 141
7745 132
7746 178
7747 147
7748 101
7749 15
7750 3
7751 3
7752 1
7753 11
7754 3
7755 4
7756 1
7757 2
7758 2
7759 0
7760 73
7761 80
7762 110
7763 120
7764 123
7765 170
7766 172
7767 129
7768 132
7769 116
7770 168
7771 53
7772 5
7773 1
7774 2
7775 0
7776 1
7777 4
7778 0
7779 0
7780 0
7781 2
7782 0
7783 9
7784 137
7785 153
7786 226
7787 194
7788 213
7789 216
7790 190
7791 202
7792 221
7793 194
7794 219
7795 197
7796 166
7797 35
7798 4
7799 3
7800 2
7801 1
7802 1
7803 0
7804 1
7805 1
7806 2
7807 6
7808 139
7809 166
7810 247
7811 204
7812 206
7813 208
7814 195
7815 209
7816 193
7817 195
7818 217
7819 189
7820 116
7821 31
7822 6
7823 8
7824 4
7825 5
7826 0
7827 0
7828 2
7829 2
7830 1
7831 7
7832 155
7833 178
7834 232
7835 190
7836 205
7837 197
7838 188
7839 192
7840 181
7841 199
7842 175
7843 170
7844 124
7845 28
7846 15
7847 5
7848 6
7849 10
7850 1
7851 1
7852 1
7853 3
7854 1
7855 5
7856 153
7857 176
7858 236
7859 218
7860 241
7861 217
7862 219
7863 202
7864 211
7865 217
7866 237
7867 181
7868 123
7869 30
7870 13
7871 5
7872 4
7873 5
7874 0
7875 2
7876 0
7877 3
7878 3
7879 10
7880 162
7881 209
7882 256
7883 246
7884 250
7885 231
7886 230
7887 187
7888 206
7889 216
7890 204
7891 199
7892 130
7893 12
7894 3
7895 10
7896 4
7897 11
7898 2
7899 1
7900 0
7901 2
7902 2
7903 1
7904 68
7905 86
7906 127
7907 152
7908 159
7909 144
7910 160
7911 169
7912 173
7913 126
7914 139
7915 176
7916 110
7917 12
7918 1
7919 3
7920 5
7921 9
7922 2
7923 2
7924 1
7925 2
7926 1
7927 0
7928 73
7929 71
7930 117
7931 143
7932 151
7933 166
7934 140
7935 128
7936 147
7937 141
7938 156
7939 36
7940 3
7941 3
7942 2
7943 2
7944 3
7945 1
7946 0
7947 1
7948 0
7949 1
7950 1
7951 7
7952 167
7953 167
7954 209
7955 225
7956 248
7957 208
7958 207
7959 237
7960 187
7961 202
7962 229
7963 180
7964 129
7965 23
7966 3
7967 0
7968 3
7969 3
7970 3
7971 1
7972 1
7973 1
7974 1
7975 7
7976 135
7977 172
7978 244
7979 227
7980 248
7981 216
7982 201
7983 189
7984 196
7985 209
7986 223
7987 191
7988 114
7989 25
7990 4
7991 8
7992 0
7993 3
7994 2
7995 0
7996 0
7997 1
7998 1
7999 8
8000 162
8001 167
8002 256
8003 241
8004 251
8005 203
8006 202
8007 200
8008 195
8009 189
8010 229
8011 230
8012 133
8013 34
8014 11
8015 7
8016 5
8017 3
8018 1
8019 1
8020 1
8021 1
8022 0
8023 4
8024 173
8025 183
8026 237
8027 214
8028 211
8029 219
8030 203
8031 210
8032 207
8033 214
8034 180
8035 185
8036 125
8037 16
8038 3
8039 4
8040 1
8041 1
8042 2
8043 0
8044 2
8045 3
8046 2
8047 10
8048 179
8049 207
8050 229
8051 206
8052 217
8053 189
8054 181
8055 184
8056 214
8057 214
8058 227
8059 170
8060 124
8061 17
8062 4
8063 7
8064 5
8065 9
8066 0
8067 2
8068 0
8069 3
8070 1
8071 2
8072 81
8073 103
8074 163
8075 175
8076 149
8077 183
8078 221
8079 191
8080 208
8081 188
8082 167
8083 187
8084 123
8085 10
8086 6
8087 5
8088 7
8089 12
8090 5
8091 2
8092 1
8093 0
8094 3
8095 1
8096 74
8097 66
8098 121
8099 145
8100 166
8101 145
8102 169
8103 157
8104 152
8105 136
8106 174
8107 51
8108 1
8109 3
8110 3
8111 1
8112 1
8113 2
8114 2
8115 0
8116 0
8117 1
8118 1
8119 5
8120 136
8121 171
8122 231
8123 214
8124 225
8125 184
8126 181
8127 197
8128 204
8129 198
8130 220
8131 196
8132 124
8133 27
8134 6
8135 3
8136 3
8137 3
8138 1
8139 0
8140 0
8141 3
8142 1
8143 3
8144 152
8145 152
8146 232
8147 182
8148 173
8149 202
8150 202
8151 208
8152 197
8153 229
8154 186
8155 198
8156 130
8157 34
8158 9
8159 5
8160 3
8161 6
8162 1
8163 0
8164 0
8165 0
8166 1
8167 5
8168 152
8169 173
8170 248
8171 201
8172 221
8173 212
8174 181
8175 206
8176 209
8177 230
8178 190
8179 195
8180 115
8181 20
8182 4
8183 1
8184 6
8185 5
8186 1
8187 1
8188 0
8189 3
8190 1
8191 6
8192 142
8193 166
8194 195
8195 181
8196 180
8197 165
8198 178
8199 213
8200 224
8201 177
8202 193
8203 213
8204 110
8205 30
8206 12
8207 1
8208 2
8209 3
8210 0
8211 1
8212 0
8213 2
8214 4
8215 1
8216 199
8217 184
8218 213
8219 197
8220 180
8221 205
8222 172
8223 208
8224 193
8225 216
8226 216
8227 176
8228 100
8229 14
8230 5
8231 3
8232 10
8233 13
8234 0
8235 0
8236 3
8237 0
8238 0
8239 1
8240 62
8241 73
8242 144
8243 167
8244 145
8245 164
8246 142
8247 178
8248 133
8249 129
8250 143
8251 202
8252 102
8253 21
8254 4
8255 4
8256 3
8257 14
8258 2
8259 4
8260 2
8261 3
8262 0
8263 2
8264 66
8265 68
8266 89
8267 107
8268 147
8269 128
8270 133
8271 162
8272 144
8273 137
8274 112
8275 57
8276 2
8277 5
8278 1
8279 0
8280 1
8281 2
8282 0
8283 1
8284 0
8285 0
8286 1
8287 3
8288 138
8289 156
8290 233
8291 219
8292 210
8293 186
8294 172
8295 186
8296 177
8297 177
8298 217
8299 214
8300 123
8301 17
8302 9
8303 9
8304 2
8305 3
8306 0
8307 0
8308 1
8309 1
8310 1
8311 2
8312 165
8313 158
8314 224
8315 195
8316 171
8317 206
8318 149
8319 164
8320 174
8321 201
8322 202
8323 235
8324 129
8325 33
8326 9
8327 1
8328 6
8329 2
8330 1
8331 0
8332 1
8333 2
8334 0
8335 10
8336 167
8337 168
8338 206
8339 205
8340 204
8341 181
8342 182
8343 211
8344 189
8345 177
8346 199
8347 171
8348 118
8349 18
8350 7
8351 4
8352 1
8353 3
8354 2
8355 1
8356 0
8357 2
8358 1
8359 4
8360 165
8361 183
8362 202
8363 189
8364 196
8365 195
8366 184
8367 186
8368 233
8369 199
8370 204
8371 199
8372 112
8373 19
8374 2
8375 5
8376 2
8377 5
8378 2
8379 0
8380 0
8381 2
8382 1
8383 2
8384 163
8385 174
8386 213
8387 184
8388 186
8389 201
8390 185
8391 183
8392 203
8393 199
8394 198
8395 167
8396 128
8397 13
8398 3
8399 2
8400 7
8401 8
8402 4
8403 3
8404 3
8405 0
8406 0
8407 1
8408 51
8409 112
8410 165
8411 155
8412 176
8413 189
8414 152
8415 155
8416 147
8417 147
8418 130
8419 161
8420 87
8421 5
8422 2
8423 3
8424 3
8425 11
8426 0
8427 1
8428 0
8429 0
8430 0
8431 1
8432 67
8433 60
8434 100
8435 122
8436 155
8437 144
8438 154
8439 139
8440 137
8441 129
8442 129
8443 57
8444 1
8445 3
8446 2
8447 1
8448 2
8449 3
8450 0
8451 0
8452 0
8453 0
8454 1
8455 10
8456 175
8457 184
8458 227
8459 203
8460 206
8461 240
8462 172
8463 204
8464 214
8465 208
8466 188
8467 194
8468 112
8469 17
8470 3
8471 0
8472 1
8473 2
8474 0
8475 0
8476 0
8477 0
8478 2
8479 2
8480 142
8481 160
8482 212
8483 162
8484 213
8485 171
8486 176
8487 160
8488 182
8489 176
8490 203
8491 173
8492 125
8493 20
8494 11
8495 2
8496 1
8497 1
8498 0
8499 0
8500 0
8501 0
8502 0
8503 1
8504 126
8505 135
8506 180
8507 159
8508 172
8509 144
8510 160
8511 171
8512 182
8513 197
8514 199
8515 186
8516 138
8517 23
8518 11
8519 2
8520 0
8521 7
8522 1
8523 3
8524 1
8525 0
8526 2
8527 5
8528 151
8529 156
8530 242
8531 231
8532 215
8533 225
8534 219
8535 216
8536 237
8537 216
8538 248
8539 198
8540 146
8541 28
8542 3
8543 4
8544 2
8545 2
8546 2
8547 2
8548 3
8549 0
8550 0
8551 6
8552 160
8553 188
8554 202
8555 222
8556 191
8557 215
8558 224
8559 222
8560 220
8561 195
8562 164
8563 183
8564 158
8565 19
8566 6
8567 2
8568 4
8569 7
8570 0
8571 0
8572 1
8573 1
8574 2
8575 0
8576 41
8577 49
8578 95
8579 128
8580 138
8581 146
8582 155
8583 126
8584 102
8585 93
8586 83
8587 116
8588 127
8589 33
8590 6
8591 0
8592 3
8593 4
8594 0
8595 0
8596 0
8597 0
8598 0
8599 1
8600 66
8601 73
8602 47
8603 36
8604 79
8605 87
8606 39
8607 37
8608 48
8609 43
8610 51
8611 14
8612 5
8613 2
8614 0
8615 4
8616 0
8617 4
8618 0
8619 2
8620 0
8621 0
8622 0
8623 0
8624 82
8625 51
8626 82
8627 91
8628 104
8629 79
8630 82
8631 75
8632 89
8633 99
8634 75
8635 103
8636 111
8637 19
8638 3
8639 6
8640 2
8641 2
8642 1
8643 1
8644 1
8645 0
8646 1
8647 1
8648 84
8649 26
8650 58
8651 94
8652 104
8653 114
8654 78
8655 98
8656 105
8657 77
8658 95
8659 90
8660 108
8661 23
8662 5
8663 4
8664 0
8665 4
8666 1
8667 0
8668 0
8669 0
8670 1
8671 2
8672 87
8673 103
8674 148
8675 147
8676 151
8677 176
8678 162
8679 170
8680 160
8681 128
8682 142
8683 148
8684 119
8685 29
8686 3
8687 4
8688 0
8689 3
8690 0
8691 2
8692 0
8693 0
8694 2
8695 3
8696 86
8697 107
8698 136
8699 166
8700 162
8701 161
8702 166
8703 137
8704 156
8705 141
8706 135
8707 143
8708 135
8709 21
8710 7
8711 3
8712 5
8713 3
8714 1
8715 1
8716 1
8717 0
8718 0
8719 2
8720 82
8721 101
8722 130
8723 153
8724 173
8725 161
8726 154
8727 176
8728 149
8729 143
8730 121
8731 147
8732 121
8733 20
8734 6
8735 9
8736 6
8737 10
8738 7
8739 2
8740 4
8741 3
8742 3
8743 3
8744 47
8745 57
8746 74
8747 72
8748 83
8749 97
8750 113
8751 104
8752 92
8753 83
8754 74
8755 125
8756 104
8757 17
8758 7
8759 10
8760 2
