1 1.49
2 0.00
3 5.20
4 56.25
5 55.10
6 7.86
7 38.46
8 0.29
9 0.91
10 0.99
11 2.05
12 1.67
13 1.14
14 1.19
15 1.06
16 1.06
17 1.24
18 1.52
19 5.89
20 40.63
21 53.20
22 4.19
23 37.95
24 0.00
25 0.90
26 5.33
27 50.58
28 44.44
29 53.14
30 48.43
31 51.99
32 0.28
33 0.46
34 0.87
35 1.27
36 0.96
37 0.99
38 0.94
39 0.74
40 1.04
41 1.14
42 1.56
43 1.69
44 1.62
45 3.92
46 37.31
47 5.12
48 49.80
49 0.29
50 50.30
51 48.54
52 49.90
53 44.37
54 48.08
55 16.28
56 1.18
57 1.84
58 1.90
59 2.31
60 1.47
61 1.78
62 1.85
63 1.92
64 2.06
65 2.75
66 2.60
67 2.15
68 2.32
69 3.80
70 5.53
71 40.94
72 20.75
73 12.43
74 31.45
75 27.53
76 30.93
77 28.72
78 36.99
79 12.67
80 1.58
81 2.44
82 2.06
83 2.14
84 1.79
85 1.31
86 1.44
87 1.78
88 2.06
89 2.70
90 2.54
91 2.09
92 2.29
93 5.60
94 8.34
95 27.12
96 26.63
97 12.41
98 19.66
99 22.64
100 16.45
101 18.53
102 26.89
103 28.48
104 1.24
105 2.43
106 1.73
107 1.76
108 1.81
109 1.63
110 1.48
111 1.88
112 1.92
113 2.17
114 2.20
115 1.79
116 1.77
117 12.96
118 23.25
119 25.28
120 20.65
121 1.85
122 9.70
123 6.27
124 7.93
125 8.43
126 12.01
127 31.51
128 1.12
129 2.09
130 1.92
131 1.60
132 1.91
133 1.69
134 1.57
135 1.61
136 1.80
137 2.52
138 2.38
139 2.16
140 2.01
141 5.24
142 5.33
143 6.22
144 18.07
145 1.18
146 2.44
147 12.78
148 2.30
149 2.52
150 9.81
151 10.28
152 0.77
153 1.61
154 1.70
155 1.86
156 2.00
157 1.65
158 1.51
159 1.45
160 1.43
161 2.02
162 1.56
163 1.38
164 1.47
165 4.42
166 1.85
167 2.45
168 20.36
169 0.43
170 55.38
171 17.69
172 9.55
173 0.00
174 0.00
175 0.00
176 0.68
177 0.93
178 1.38
179 1.30
180 1.36
181 1.54
182 1.25
183 1.45
184 1.20
185 1.42
186 1.63
187 5.10
188 1.09
189 0.00
190 0.58
191 12.09
192 13.26
193 0.30
194 0.00
195 0.00
196 0.00
197 0.00
198 0.00
199 0.50
200 1.37
201 2.04
202 1.89
203 1.80
204 1.92
205 1.70
206 1.62
207 1.91
208 1.89
209 2.25
210 3.00
211 1.79
212 1.95
213 3.79
214 4.57
215 22.02
216 13.66
217 0.10
218 27.91
219 25.71
220 0.00
221 0.00
222 0.00
223 17.31
224 1.38
225 1.76
226 1.79
227 1.74
228 1.70
229 1.63
230 1.66
231 1.47
232 1.89
233 1.91
234 2.55
235 1.71
236 1.75
237 5.55
238 22.78
239 6.30
240 37.11
241 0.13
242 0.00
243 0.00
244 25.90
245 52.17
246 0.00
247 1.14
248 1.33
249 2.11
250 1.65
251 1.63
252 1.64
253 1.42
254 1.28
255 1.67
256 2.10
257 2.03
258 2.67
259 1.99
260 1.47
261 8.67
262 11.03
263 24.32
264 0.00
265 0.16
266 0.00
267 0.00
268 0.00
269 0.00
270 0.00
271 0.24
272 1.21
273 1.49
274 1.74
275 1.58
276 1.54
277 1.59
278 1.73
279 1.66
280 1.67
281 2.09
282 2.37
283 1.78
284 2.04
285 4.18
286 12.44
287 4.04
288 30.51
289 0.09
290 0.00
291 0.00
292 0.00
293 0.00
294 0.00
295 0.53
296 1.20
297 1.51
298 1.78
299 1.65
300 1.64
301 1.35
302 1.45
303 1.61
304 1.81
305 1.94
306 1.92
307 1.79
308 1.51
309 1.59
310 4.13
311 2.24
312 2.73
313 0.18
314 0.00
315 9.89
316 0.00
317 27.91
318 22.64
319 0.00
320 0.78
321 1.97
322 1.97
323 1.28
324 1.91
325 1.38
326 1.45
327 1.71
328 1.78
329 2.09
330 1.60
331 1.48
332 1.36
333 3.05
334 10.06
335 4.29
336 5.14
337 0.90
338 52.94
339 22.93
340 0.00
341 2.49
342 51.06
343 3.23
344 0.62
345 1.57
346 1.54
347 1.15
348 1.18
349 1.25
350 1.25
351 1.08
352 1.12
353 1.28
354 1.55
355 3.45
356 0.74
357 1.38
358 3.73
359 52.17
360 0.00
361 0.09
362 0.00
363 0.00
364 0.00
365 6.44
366 6.13
367 0.39
368 1.35
369 1.96
370 1.74
371 1.88
372 1.67
373 1.82
374 1.67
375 1.82
376 2.11
377 2.62
378 2.51
379 1.81
380 1.79
381 1.77
382 30.77
383 0.00
384 58.06
385 0.05
386 8.67
387 0.00
388 0.00
389 0.00
390 0.00
391 1.83
392 1.14
393 2.04
394 1.85
395 1.60
396 1.77
397 1.62
398 1.86
399 1.78
400 1.83
401 2.37
402 2.98
403 1.96
404 2.32
405 4.64
406 2.85
407 7.22
408 5.52
409 0.04
410 46.15
411 0.00
412 0.00
413 34.18
414 0.76
415 0.93
416 1.08
417 1.85
418 2.05
419 1.65
420 1.93
421 1.80
422 1.83
423 2.10
424 2.17
425 2.07
426 2.56
427 1.82
428 1.66
429 7.41
430 8.92
431 58.06
432 13.61
433 0.15
434 51.43
435 0.00
436 0.00
437 25.35
438 33.64
439 1.06
440 0.97
441 1.67
442 1.73
443 2.03
444 1.68
445 1.60
446 1.66
447 1.73
448 1.95
449 2.16
450 2.16
451 1.97
452 1.51
453 2.58
454 1.24
455 11.92
456 12.63
457 0.09
458 0.00
459 0.00
460 0.00
461 15.32
462 0.00
463 1.41
464 0.97
465 2.00
466 1.69
467 1.80
468 1.64
469 1.51
470 1.65
471 2.19
472 1.84
473 2.38
474 2.09
475 1.58
476 1.51
477 3.53
478 0.92
479 1.05
480 50.70
481 0.19
482 56.25
483 33.96
484 52.17
485 4.17
486 0.00
487 6.59
488 0.62
489 1.56
490 1.69
491 2.15
492 1.77
493 1.86
494 1.44
495 1.68
496 1.75
497 1.90
498 1.34
499 1.57
500 1.43
501 1.78
502 0.78
503 0.84
504 22.64
505 0.14
506 48.65
507 0.00
508 0.00
509 0.00
510 0.00
511 20.69
512 0.69
513 2.06
514 1.19
515 1.63
516 1.44
517 1.55
518 1.50
519 1.39
520 1.19
521 1.62
522 1.69
523 4.52
524 2.22
525 0.67
526 0.44
527 14.34
528 4.04
529 0.12
530 0.00
531 0.00
532 0.00
533 0.00
534 5.30
535 1.61
536 0.95
537 1.61
538 1.80
539 1.74
540 1.66
541 1.63
542 2.08
543 1.94
544 2.05
545 2.48
546 2.46
547 2.05
548 1.86
549 4.04
550 2.55
551 0.00
552 0.00
553 0.07
554 47.37
555 0.00
556 0.00
557 33.96
558 0.58
559 0.64
560 0.82
561 1.77
562 1.75
563 1.70
564 1.42
565 1.70
566 1.73
567 1.82
568 2.03
569 2.49
570 2.48
571 2.22
572 1.64
573 4.10
574 30.38
575 11.59
576 7.48
577 0.12
578 0.97
579 0.00
580 0.00
581 0.00
582 5.96
583 1.75
584 0.86
585 1.75
586 1.54
587 1.87
588 1.65
589 1.69
590 1.68
591 1.81
592 1.97
593 2.16
594 2.32
595 1.78
596 1.72
597 5.82
598 5.37
599 3.50
600 13.07
601 0.21
602 0.00
603 51.43
604 0.00
605 16.44
606 0.00
607 0.00
608 0.23
609 0.60
610 0.79
611 0.57
612 0.76
613 0.84
614 0.64
615 0.73
616 0.71
617 0.77
618 0.97
619 1.23
620 1.49
621 1.81
622 1.34
623 18.75
624 15.65
625 0.08
626 25.35
627 0.88
628 0.00
629 24.66
630 40.00
631 2.16
632 0.83
633 1.61
634 1.71
635 1.70
636 1.65
637 1.83
638 1.78
639 1.74
640 2.14
641 1.82
642 1.80
643 1.83
644 2.18
645 6.16
646 9.24
647 2.12
648 14.80
649 0.22
650 0.00
651 0.00
652 54.55
653 4.05
654 11.01
655 13.43
656 0.75
657 1.58
658 2.12
659 1.75
660 1.69
661 1.67
662 1.62
663 1.44
664 1.60
665 1.80
666 2.35
667 1.84
668 1.65
669 1.31
670 0.91
671 3.27
672 3.75
673 0.16
674 2.80
675 42.35
676 0.00
677 0.00
678 0.00
679 30.51
680 0.53
681 1.37
682 1.48
683 1.59
684 1.41
685 1.20
686 1.49
687 1.21
688 1.63
689 1.53
690 1.78
691 1.95
692 0.21
693 2.80
694 0.36
695 13.79
696 0.00
697 0.16
698 5.00
699 0.18
700 27.69
701 0.00
702 16.07
703 1.49
704 0.70
705 1.64
706 1.82
707 1.49
708 1.51
709 1.68
710 1.53
711 1.56
712 1.60
713 1.96
714 2.75
715 1.64
716 1.80
717 2.84
718 9.16
719 0.00
720 14.69
721 0.08
722 0.00
723 2.28
724 0.00
725 37.70
726 6.21
727 2.47
728 0.80
729 1.64
730 1.67
731 1.59
732 1.30
733 1.47
734 1.66
735 1.73
736 1.72
737 2.15
738 2.43
739 1.71
740 2.16
741 1.83
742 3.49
743 15.82
744 3.54
745 0.10
746 0.00
747 0.00
748 0.00
749 34.29
750 2.11
751 1.31
752 0.77
753 2.05
754 1.63
755 1.68
756 1.53
757 1.77
758 1.65
759 2.07
760 1.79
761 2.24
762 2.19
763 1.84
764 1.74
765 7.13
766 13.63
767 9.67
768 18.27
769 0.12
770 9.45
771 41.38
772 0.00
773 14.88
774 10.40
775 2.06
776 0.87
777 1.58
778 1.50
779 1.41
780 1.32
781 1.48
782 1.48
783 1.78
784 1.70
785 1.77
786 2.11
787 1.81
788 1.68
789 2.25
790 18.27
791 22.27
792 2.90
793 0.19
794 7.71
795 0.00
796 0.00
797 36.73
798 11.49
799 1.38
800 1.01
801 1.76
802 1.49
803 1.71
804 1.84
805 1.62
806 1.58
807 1.74
808 1.85
809 1.66
810 2.18
811 2.20
812 1.39
813 1.67
814 10.73
815 1.06
816 1.10
817 0.20
818 1.34
819 0.00
820 22.50
821 0.00
822 11.98
823 47.37
824 0.62
825 1.67
826 1.71
827 1.20
828 1.68
829 1.51
830 1.60
831 1.35
832 1.86
833 1.38
834 1.34
835 1.15
836 1.43
837 2.34
838 0.89
839 1.33
840 7.91
841 0.19
842 38.71
843 6.31
844 11.11
845 5.85
846 0.00
847 0.00
848 0.47
849 1.41
850 1.34
851 1.44
852 1.15
853 1.27
854 1.44
855 1.43
856 1.52
857 1.48
858 1.47
859 3.38
860 1.68
861 0.55
862 0.00
863 7.55
864 0.00
865 0.09
866 0.00
867 0.00
868 28.12
869 17.69
870 0.00
871 3.84
872 0.78
873 1.87
874 1.78
875 1.68
876 1.34
877 1.40
878 1.46
879 1.59
880 1.55
881 2.48
882 2.03
883 1.78
884 1.65
885 3.76
886 5.61
887 0.00
888 14.04
889 0.08
890 0.00
891 0.00
892 0.00
893 20.57
894 28.35
895 3.62
896 0.67
897 1.58
898 1.75
899 1.47
900 1.65
901 1.39
902 1.43
903 1.30
904 1.90
905 1.97
906 2.19
907 1.68
908 1.61
909 8.62
910 13.24
911 30.99
912 0.00
913 0.04
914 1.80
915 0.00
916 0.00
917 7.47
918 7.80
919 1.89
920 0.81
921 1.61
922 1.47
923 1.38
924 1.37
925 1.31
926 1.31
927 1.52
928 1.77
929 2.23
930 1.92
931 1.58
932 1.68
933 3.44
934 6.31
935 18.86
936 40.00
937 0.13
938 0.00
939 20.69
940 5.60
941 33.64
942 50.00
943 2.28
944 0.76
945 1.83
946 1.44
947 1.38
948 1.59
949 1.45
950 1.40
951 1.52
952 1.83
953 1.79
954 2.03
955 1.76
956 1.58
957 5.34
958 31.64
959 17.77
960 8.53
961 0.15
962 1.10
963 10.00
964 0.00
965 0.87
966 35.18
967 1.05
968 0.76
969 1.55
970 1.30
971 1.52
972 1.63
973 1.42
974 1.75
975 1.76
976 1.69
977 2.13
978 2.04
979 1.73
980 1.47
981 2.12
982 1.26
983 51.80
984 4.24
985 0.24
986 0.00
987 37.11
988 50.00
989 37.11
990 0.00
991 11.24
992 0.51
993 1.16
994 1.43
995 1.63
996 1.78
997 1.73
998 1.56
999 1.54
1000 1.62
1001 1.49
1002 1.34
1003 1.54
1004 1.25
1005 2.29
1006 0.52
1007 1.49
1008 21.09
1009 0.48
1010 2.14
1011 3.01
1012 1.96
1013 40.45
1014 30.51
1015 0.71
1016 0.48
1017 1.31
1018 1.16
1019 1.33
1020 1.21
1021 1.35
1022 1.44
1023 1.27
1024 1.21
1025 1.29
1026 1.27
1027 4.48
1028 1.35
1029 27.48
1030 28.42
1031 44.44
1032 0.00
1033 0.07
1034 0.00
1035 8.49
1036 0.00
1037 33.96
1038 9.84
1039 7.93
1040 0.68
1041 1.81
1042 1.82
1043 1.59
1044 1.66
1045 1.55
1046 1.39
1047 1.70
1048 1.81
1049 1.97
1050 2.48
1051 1.76
1052 1.78
1053 3.18
1054 0.96
1055 10.58
1056 38.10
1057 0.12
1058 0.00
1059 0.00
1060 0.00
1061 25.00
1062 0.00
1063 1.61
1064 0.78
1065 2.12
1066 1.71
1067 1.45
1068 1.45
1069 1.36
1070 1.42
1071 1.58
1072 1.75
1073 2.53
1074 1.66
1075 1.66
1076 1.72
1077 5.50
1078 12.37
1079 8.15
1080 0.00
1081 0.12
1082 0.85
1083 0.00
1084 0.00
1085 34.95
1086 20.57
1087 7.31
1088 0.81
1089 2.01
1090 1.53
1091 1.48
1092 1.54
1093 1.39
1094 1.64
1095 1.43
1096 1.61
1097 2.45
1098 1.92
1099 1.52
1100 1.74
1101 4.90
1102 2.06
1103 21.36
1104 0.00
1105 0.04
1106 33.18
1107 29.51
1108 1.07
1109 22.93
1110 0.00
1111 4.46
1112 0.91
1113 2.54
1114 1.76
1115 1.52
1116 1.76
1117 1.27
1118 1.60
1119 1.62
1120 1.76
1121 2.22
1122 2.51
1123 1.51
1124 1.53
1125 3.29
1126 0.47
1127 3.76
1128 9.11
1129 0.11
1130 0.00
1131 0.00
1132 2.03
1133 37.89
1134 0.00
1135 1.37
1136 0.86
1137 1.72
1138 2.04
1139 1.63
1140 1.71
1141 1.54
1142 1.73
1143 2.00
1144 2.20
1145 2.41
1146 2.11
1147 1.49
1148 1.72
1149 6.62
1150 2.77
1151 25.58
1152 1.94
1153 0.27
1154 30.00
1155 34.29
1156 26.28
1157 52.94
1158 22.09
1159 36.36
1160 0.52
1161 2.96
1162 2.21
1163 1.77
1164 1.72
1165 1.40
1166 1.82
1167 1.62
1168 1.98
1169 1.95
1170 1.67
1171 1.34
1172 1.49
1173 2.64
1174 0.62
1175 40.22
1176 2.46
1177 0.26
1178 8.10
1179 7.03
1180 0.00
1181 25.53
1182 43.90
1183 13.43
1184 0.55
1185 1.47
1186 1.39
1187 1.37
1188 1.59
1189 1.57
1190 1.61
1191 1.30
1192 1.33
1193 1.96
1194 2.03
1195 3.42
1196 6.53
1197 28.12
1198 13.81
1199 54.55
1200 7.83
1201 0.04
1202 0.09
1203 0.00
1204 0.00
1205 25.17
1206 8.40
1207 3.41
1208 0.86
1209 1.56
1210 1.16
1211 1.62
1212 1.86
1213 1.86
1214 1.60
1215 1.74
1216 1.69
1217 2.32
1218 2.11
1219 1.46
1220 1.81
1221 5.40
1222 26.92
1223 14.97
1224 12.04
1225 0.08
1226 0.00
1227 0.00
1228 0.00
1229 26.67
1230 0.00
1231 2.86
1232 0.97
1233 1.58
1234 1.95
1235 1.50
1236 1.58
1237 1.84
1238 1.76
1239 1.84
1240 1.80
1241 2.05
1242 1.95
1243 1.79
1244 1.64
1245 3.72
1246 6.83
1247 16.67
1248 22.29
1249 0.13
1250 0.00
1251 13.85
1252 0.00
1253 25.17
1254 0.00
1255 1.84
1256 0.81
1257 1.63
1258 1.50
1259 1.54
1260 1.51
1261 1.58
1262 1.37
1263 1.56
1264 1.79
1265 2.04
1266 1.95
1267 1.64
1268 1.66
1269 6.17
1270 3.15
1271 2.22
1272 57.14
1273 0.08
1274 0.00
1275 48.00
1276 6.67
1277 35.64
1278 25.04
1279 17.01
1280 0.77
1281 2.18
1282 1.77
1283 1.54
1284 1.59
1285 1.41
1286 1.51
1287 1.90
1288 1.89
1289 2.04
1290 1.91
1291 1.78
1292 1.38
1293 5.47
1294 50.00
1295 13.43
1296 3.98
1297 0.29
1298 0.00
1299 0.00
1300 51.43
1301 28.12
1302 13.48
1303 1.18
1304 0.80
1305 2.04
1306 1.60
1307 1.60
1308 1.65
1309 1.44
1310 1.49
1311 1.93
1312 1.81
1313 2.08
1314 1.61
1315 1.32
1316 1.42
1317 2.29
1318 0.64
1319 7.37
1320 10.36
1321 0.28
1322 22.93
1323 18.32
1324 13.58
1325 0.00
1326 0.00
1327 9.61
1328 0.38
1329 1.61
1330 1.85
1331 1.65
1332 2.05
1333 1.74
1334 1.72
1335 1.56
1336 2.01
1337 2.09
1338 1.64
1339 1.28
1340 1.23
1341 2.40
1342 1.56
1343 1.89
1344 3.97
1345 0.27
1346 18.60
1347 3.48
1348 1.99
1349 0.00
1350 0.00
1351 0.00
1352 0.52
1353 1.17
1354 1.40
1355 1.38
1356 1.56
1357 1.39
1358 1.27
1359 1.36
1360 1.33
1361 1.48
1362 1.88
1363 3.17
1364 0.97
1365 8.27
1366 3.49
1367 0.97
1368 0.00
1369 0.16
1370 0.10
1371 0.00
1372 0.00
1373 28.80
1374 46.15
1375 1.55
1376 0.62
1377 1.75
1378 1.74
1379 1.70
1380 1.78
1381 1.67
1382 1.70
1383 1.44
1384 1.78
1385 1.87
1386 2.23
1387 2.08
1388 1.58
1389 2.49
1390 1.46
1391 20.51
1392 0.00
1393 0.07
1394 7.68
1395 34.95
1396 0.00
1397 32.14
1398 0.00
1399 7.92
1400 0.58
1401 1.79
1402 1.72
1403 1.53
1404 1.42
1405 1.33
1406 1.55
1407 1.32
1408 1.71
1409 2.14
1410 1.94
1411 1.80
1412 1.73
1413 4.94
1414 1.62
1415 37.02
1416 15.06
1417 0.04
1418 0.00
1419 0.00
1420 19.25
1421 15.86
1422 11.67
1423 3.38
1424 0.81
1425 1.37
1426 1.92
1427 1.51
1428 1.47
1429 1.40
1430 1.42
1431 1.59
1432 1.68
1433 2.21
1434 1.73
1435 1.34
1436 1.70
1437 2.78
1438 3.21
1439 11.10
1440 5.35
1441 0.15
1442 2.22
1443 0.00
1444 33.96
1445 0.00
1446 32.93
1447 2.93
1448 0.86
1449 2.19
1450 1.87
1451 1.64
1452 1.54
1453 1.47
1454 1.40
1455 1.86
1456 1.88
1457 2.20
1458 2.22
1459 1.42
1460 1.85
1461 2.79
1462 1.20
1463 3.69
1464 7.61
1465 0.18
1466 1.94
1467 1.02
1468 0.00
1469 18.32
1470 0.00
1471 13.46
1472 0.78
1473 1.71
1474 1.98
1475 1.74
1476 2.05
1477 2.12
1478 1.64
1479 1.41
1480 2.02
1481 2.26
1482 1.65
1483 1.45
1484 1.48
1485 2.52
1486 1.73
1487 1.60
1488 4.02
1489 0.17
1490 15.86
1491 41.38
1492 0.00
1493 0.00
1494 53.73
1495 40.91
1496 0.48
1497 1.25
1498 1.30
1499 1.63
1500 1.23
1501 1.27
1502 1.10
1503 1.17
1504 1.22
1505 1.32
1506 1.78
1507 2.60
1508 2.76
1509 25.35
1510 0.00
1511 0.00
1512 1.87
1513 0.10
1514 1.83
1515 0.00
1516 0.00
1517 16.59
1518 0.00
1519 1.64
1520 1.09
1521 1.99
1522 1.63
1523 1.56
1524 1.41
1525 1.58
1526 1.82
1527 1.84
1528 1.89
1529 2.22
1530 2.04
1531 1.75
1532 1.44
1533 3.08
1534 2.30
1535 24.91
1536 7.41
1537 0.10
1538 1.01
1539 40.00
1540 0.00
1541 0.75
1542 16.36
1543 10.76
1544 0.82
1545 1.83
1546 1.82
1547 1.47
1548 1.49
1549 1.54
1550 1.54
1551 1.73
1552 1.49
1553 2.10
1554 1.58
1555 1.59
1556 1.68
1557 5.00
1558 17.63
1559 2.77
1560 14.22
1561 0.19
1562 0.00
1563 31.03
1564 0.00
1565 34.95
1566 16.78
1567 2.63
1568 0.85
1569 2.30
1570 1.79
1571 1.68
1572 1.43
1573 1.12
1574 1.54
1575 1.79
1576 2.04
1577 1.78
1578 1.83
1579 1.53
1580 1.55
1581 2.66
1582 3.69
1583 1.61
1584 17.22
1585 0.16
1586 0.00
1587 32.43
1588 9.50
1589 21.11
1590 1.97
1591 1.93
1592 0.96
1593 1.70
1594 1.92
1595 1.82
1596 1.58
1597 1.78
1598 1.84
1599 1.60
1600 1.78
1601 2.31
1602 1.63
1603 1.70
1604 1.71
1605 4.29
1606 1.63
1607 19.96
1608 46.15
1609 0.13
1610 3.80
1611 12.08
1612 0.00
1613 0.00
1614 12.63
1615 3.58
1616 1.17
1617 1.94
1618 1.77
1619 1.56
1620 1.84
1621 1.63
1622 1.72
1623 1.88
1624 1.81
1625 1.72
1626 2.00
1627 1.47
1628 1.50
1629 5.21
1630 2.10
1631 1.86
1632 2.53
1633 0.19
1634 4.09
1635 56.25
1636 21.77
1637 0.66
1638 0.00
1639 12.14
1640 0.84
1641 1.98
1642 2.03
1643 1.88
1644 2.05
1645 1.66
1646 1.94
1647 1.67
1648 1.54
1649 2.06
1650 1.53
1651 1.24
1652 1.26
1653 4.19
1654 0.00
1655 0.83
1656 4.54
1657 0.25
1658 17.73
1659 5.06
1660 7.37
1661 4.73
1662 0.23
1663 0.00
1664 0.64
1665 1.53
1666 1.26
1667 1.46
1668 1.56
1669 1.52
1670 1.41
1671 1.17
1672 1.28
1673 1.18
1674 1.34
1675 2.40
1676 0.50
1677 0.36
1678 0.41
1679 2.70
1680 3.47
1681 0.22
1682 0.00
1683 0.00
1684 0.00
1685 0.00
1686 58.06
1687 0.98
1688 0.25
1689 0.45
1690 0.48
1691 0.58
1692 0.64
1693 0.52
1694 0.76
1695 0.74
1696 0.76
1697 0.87
1698 1.00
1699 1.33
1700 1.65
1701 1.68
1702 12.40
1703 1.88
1704 0.00
1705 0.07
1706 0.00
1707 0.00
1708 0.00
1709 0.00
1710 1.06
1711 17.16
1712 1.21
1713 1.62
1714 2.11
1715 1.62
1716 1.67
1717 1.69
1718 1.95
1719 1.75
1720 1.76
1721 2.22
1722 2.12
1723 1.67
1724 1.67
1725 7.53
1726 5.03
1727 24.96
1728 13.22
1729 0.08
1730 0.00
1731 0.00
1732 8.54
1733 0.00
1734 0.00
1735 2.01
1736 0.97
1737 2.19
1738 1.62
1739 1.56
1740 1.91
1741 1.43
1742 1.64
1743 1.79
1744 1.82
1745 1.87
1746 1.95
1747 1.60
1748 1.69
1749 2.08
1750 0.99
1751 15.99
1752 32.34
1753 0.10
1754 1.77
1755 49.32
1756 0.00
1757 7.17
1758 12.12
1759 4.41
1760 1.00
1761 1.57
1762 1.75
1763 1.40
1764 1.77
1765 1.93
1766 1.53
1767 1.43
1768 1.59
1769 2.13
1770 2.12
1771 1.47
1772 1.43
1773 4.18
1774 14.35
1775 52.17
1776 7.61
1777 0.07
1778 0.00
1779 2.52
1780 9.05
1781 0.00
1782 0.62
1783 1.83
1784 1.04
1785 1.22
1786 1.64
1787 1.32
1788 1.71
1789 1.59
1790 1.83
1791 1.86
1792 1.95
1793 1.90
1794 1.86
1795 1.70
1796 1.65
1797 1.36
1798 7.33
1799 2.32
1800 10.61
1801 0.35
1802 26.87
1803 13.16
1804 0.00
1805 1.75
1806 19.22
1807 8.83
1808 0.51
1809 2.42
1810 1.73
1811 1.63
1812 1.91
1813 1.59
1814 1.52
1815 1.55
1816 1.63
1817 1.34
1818 1.21
1819 1.32
1820 1.36
1821 2.88
1822 0.40
1823 4.75
1824 6.40
1825 2.50
1826 0.00
1827 41.86
1828 11.36
1829 29.75
1830 6.87
1831 14.90
1832 0.50
1833 1.44
1834 1.78
1835 1.29
1836 1.44
1837 0.95
1838 1.13
1839 1.03
1840 1.26
1841 1.31
1842 1.67
1843 3.78
1844 3.87
1845 1.17
1846 0.61
1847 26.09
1848 33.33
1849 0.89
1850 39.13
1851 0.00
1852 0.00
1853 7.00
1854 54.55
1855 0.74
1856 1.00
1857 1.62
1858 1.55
1859 1.47
1860 1.49
1861 1.64
1862 1.50
1863 1.64
1864 1.94
1865 2.29
1866 1.76
1867 1.59
1868 1.50
1869 3.56
1870 1.62
1871 10.12
1872 28.80
1873 7.42
1874 52.17
1875 0.00
1876 9.00
1877 0.00
1878 25.71
1879 9.25
1880 0.92
1881 1.73
1882 1.61
1883 1.46
1884 1.59
1885 1.52
1886 1.59
1887 1.79
1888 1.69
1889 2.17
1890 1.80
1891 1.53
1892 1.50
1893 4.29
1894 7.28
1895 13.35
1896 13.29
1897 8.84
1898 0.00
1899 29.03
1900 15.69
1901 0.00
1902 17.56
1903 4.68
1904 0.84
1905 1.68
1906 1.94
1907 1.80
1908 1.67
1909 1.70
1910 1.32
1911 1.68
1912 1.28
1913 1.59
1914 1.64
1915 1.48
1916 1.56
1917 3.21
1918 32.73
1919 14.83
1920 19.51
1921 0.41
1922 0.00
1923 18.27
1924 0.00
1925 0.72
1926 10.51
1927 2.84
1928 0.68
1929 1.76
1930 1.79
1931 1.56
1932 1.43
1933 1.95
1934 1.68
1935 2.02
1936 1.74
1937 2.07
1938 1.85
1939 1.47
1940 1.56
1941 2.07
1942 15.61
1943 17.06
1944 10.70
1945 2.09
1946 8.55
1947 0.00
1948 9.65
1949 0.00
1950 0.00
1951 4.21
1952 0.95
1953 2.37
1954 1.68
1955 1.63
1956 1.87
1957 1.37
1958 1.58
1959 1.73
1960 1.92
1961 2.02
1962 1.80
1963 1.69
1964 1.98
1965 3.10
1966 6.16
1967 2.40
1968 11.52
1969 0.36
1970 7.16
1971 0.00
1972 1.31
1973 0.00
1974 0.00
1975 21.73
1976 0.50
1977 1.40
1978 1.59
1979 1.78
1980 1.35
1981 1.47
1982 1.55
1983 1.49
1984 1.52
1985 2.00
1986 1.37
1987 1.35
1988 1.48
1989 1.83
1990 58.06
1991 27.27
1992 2.62
1993 0.42
1994 17.73
1995 42.86
1996 15.60
1997 2.87
1998 34.29
1999 0.00
2000 0.50
2001 1.74
2002 1.36
2003 1.45
2004 1.37
2005 1.36
2006 1.28
2007 1.11
2008 1.25
2009 1.45
2010 1.65
2011 3.77
2012 10.22
2013 3.09
2014 0.87
2015 29.75
2016 25.71
2017 0.00
2018 0.00
2019 20.69
2020 0.00
2021 26.87
2022 38.30
2023 2.35
2024 0.75
2025 1.59
2026 1.55
2027 1.67
2028 1.67
2029 1.44
2030 1.74
2031 1.59
2032 1.87
2033 2.10
2034 2.08
2035 1.62
2036 1.66
2037 1.90
2038 45.57
2039 5.27
2040 20.51
2041 1.59
2042 0.00
2043 6.57
2044 0.00
2045 2.30
2046 17.94
2047 9.88
2048 0.87
2049 1.84
2050 1.50
2051 1.67
2052 1.77
2053 1.74
2054 1.93
2055 1.93
2056 1.74
2057 2.21
2058 1.70
2059 1.59
2060 1.54
2061 9.10
2062 7.47
2063 14.58
2064 15.61
2065 0.00
2066 0.00
2067 56.25
2068 51.80
2069 32.43
2070 7.93
2071 2.69
2072 0.85
2073 2.23
2074 1.62
2075 1.83
2076 1.78
2077 1.71
2078 1.63
2079 1.80
2080 1.71
2081 2.25
2082 1.99
2083 1.66
2084 1.39
2085 3.32
2086 12.06
2087 13.31
2088 21.03
2089 14.69
2090 0.00
2091 7.59
2092 0.00
2093 34.45
2094 0.00
2095 1.72
2096 0.88
2097 2.34
2098 1.61
2099 1.55
2100 2.00
2101 1.61
2102 1.60
2103 1.62
2104 2.07
2105 1.70
2106 1.94
2107 1.47
2108 1.77
2109 2.19
2110 14.57
2111 6.92
2112 4.62
2113 0.85
2114 50.00
2115 0.96
2116 0.00
2117 28.20
2118 56.25
2119 1.47
2120 0.99
2121 2.02
2122 2.05
2123 1.53
2124 1.66
2125 1.64
2126 1.59
2127 2.09
2128 1.82
2129 1.92
2130 1.77
2131 1.39
2132 1.48
2133 4.33
2134 1.05
2135 3.85
2136 4.98
2137 0.82
2138 27.00
2139 10.51
2140 0.00
2141 0.00
2142 0.00
2143 4.81
2144 0.69
2145 1.32
2146 1.54
2147 1.44
2148 1.73
2149 1.56
2150 1.84
2151 1.46
2152 1.59
2153 1.93
2154 1.46
2155 1.35
2156 1.23
2157 1.01
2158 0.42
2159 0.98
2160 8.55
2161 0.53
2162 21.82
2163 7.95
2164 7.00
2165 1.52
2166 0.00
2167 1.89
2168 0.87
2169 1.59
2170 1.55
2171 1.46
2172 1.17
2173 1.09
2174 1.45
2175 1.10
2176 1.17
2177 1.44
2178 1.40
2179 3.42
2180 0.88
2181 1.32
2182 8.26
2183 0.00
2184 0.00
2185 0.12
2186 0.00
2187 0.00
2188 0.00
2189 0.00
2190 2.07
2191 2.64
2192 1.14
2193 2.37
2194 1.80
2195 1.76
2196 1.79
2197 1.53
2198 1.69
2199 2.25
2200 2.18
2201 2.28
2202 1.81
2203 1.62
2204 1.48
2205 7.26
2206 1.25
2207 2.42
2208 17.87
2209 0.18
2210 0.00
2211 0.00
2212 0.00
2213 28.88
2214 0.00
2215 2.95
2216 1.12
2217 1.75
2218 1.75
2219 1.71
2220 1.96
2221 1.50
2222 1.82
2223 1.61
2224 1.73
2225 2.15
2226 1.59
2227 1.65
2228 1.57
2229 1.57
2230 3.09
2231 20.85
2232 5.63
2233 0.34
2234 0.00
2235 0.00
2236 0.00
2237 33.64
2238 13.64
2239 2.90
2240 1.29
2241 1.70
2242 1.80
2243 1.95
2244 1.75
2245 1.77
2246 1.80
2247 1.84
2248 2.47
2249 2.28
2250 2.20
2251 1.51
2252 1.45
2253 4.68
2254 1.24
2255 17.73
2256 12.57
2257 0.26
2258 0.00
2259 0.00
2260 0.29
2261 13.53
2262 15.52
2263 14.55
2264 1.17
2265 2.04
2266 1.74
2267 1.84
2268 2.17
2269 1.77
2270 1.60
2271 1.90
2272 1.99
2273 2.60
2274 1.95
2275 1.49
2276 1.90
2277 1.51
2278 0.56
2279 1.53
2280 7.71
2281 0.35
2282 2.42
2283 5.22
2284 29.51
2285 44.17
2286 0.00
2287 0.69
2288 0.38
2289 0.79
2290 0.82
2291 0.98
2292 1.05
2293 0.80
2294 0.78
2295 0.61
2296 0.89
2297 0.91
2298 0.93
2299 1.24
2300 1.20
2301 1.76
2302 3.11
2303 1.14
2304 0.00
2305 0.60
2306 0.00
2307 0.00
2308 0.97
2309 0.64
2310 16.18
2311 46.75
2312 0.27
2313 1.29
2314 1.37
2315 1.52
2316 1.32
2317 1.82
2318 1.06
2319 1.19
2320 1.30
2321 1.36
2322 1.56
2323 1.20
2324 1.28
2325 2.02
2326 1.46
2327 1.75
2328 9.54
2329 0.38
2330 18.46
2331 0.00
2332 8.14
2333 58.06
2334 0.00
2335 0.20
2336 0.60
2337 1.82
2338 1.13
2339 1.02
2340 1.24
2341 0.99
2342 1.13
2343 1.44
2344 1.16
2345 1.29
2346 1.42
2347 2.39
2348 0.81
2349 0.67
2350 1.17
2351 4.47
2352 3.19
2353 2.08
2354 7.17
2355 0.00
2356 0.00
2357 0.00
2358 0.00
2359 0.68
2360 0.26
2361 0.70
2362 0.57
2363 1.08
2364 0.73
2365 0.75
2366 0.89
2367 0.72
2368 0.89
2369 1.09
2370 0.99
2371 1.49
2372 1.35
2373 5.62
2374 1.79
2375 0.00
2376 0.00
2377 2.26
2378 0.00
2379 0.00
2380 1.25
2381 25.71
2382 0.00
2383 10.09
2384 0.72
2385 2.03
2386 1.78
2387 1.86
2388 1.59
2389 1.84
2390 1.51
2391 1.60
2392 1.70
2393 1.64
2394 1.80
2395 1.65
2396 1.49
2397 3.37
2398 13.86
2399 8.60
2400 12.42
2401 6.64
2402 0.00
2403 32.58
2404 0.00
2405 26.67
2406 0.00
2407 1.81
2408 1.18
2409 1.48
2410 1.61
2411 1.45
2412 1.46
2413 1.62
2414 1.41
2415 1.55
2416 1.71
2417 2.06
2418 1.92
2419 1.46
2420 1.42
2421 5.80
2422 21.07
2423 18.93
2424 4.72
2425 7.31
2426 18.18
2427 0.00
2428 0.00
2429 0.00
2430 0.00
2431 9.66
2432 1.31
2433 1.38
2434 1.71
2435 1.31
2436 1.51
2437 1.48
2438 1.34
2439 1.57
2440 1.98
2441 1.93
2442 1.55
2443 1.56
2444 1.68
2445 4.56
2446 3.72
2447 9.39
2448 5.42
2449 0.74
2450 0.00
2451 0.00
2452 0.00
2453 5.13
2454 8.78
2455 4.27
2456 1.18
2457 1.71
2458 1.24
2459 1.66
2460 1.72
2461 1.46
2462 1.45
2463 1.61
2464 1.89
2465 1.83
2466 1.44
2467 1.43
2468 1.35
2469 2.43
2470 0.75
2471 5.30
2472 11.82
2473 1.07
2474 0.00
2475 12.33
2476 51.80
2477 5.10
2478 0.00
2479 58.06
2480 0.82
2481 1.79
2482 1.94
2483 1.81
2484 1.48
2485 1.34
2486 1.43
2487 1.41
2488 1.73
2489 1.79
2490 1.65
2491 1.47
2492 1.73
2493 8.60
2494 0.36
2495 4.46
2496 2.25
2497 1.06
2498 0.38
2499 13.04
2500 23.84
2501 9.16
2502 0.00
2503 5.94
2504 0.77
2505 1.83
2506 0.99
2507 1.07
2508 1.12
2509 1.46
2510 1.01
2511 1.25
2512 1.34
2513 1.37
2514 1.35
2515 4.05
2516 1.53
2517 0.39
2518 0.36
2519 0.00
2520 8.85
2521 0.00
2522 0.00
2523 0.00
2524 0.00
2525 12.24
2526 6.37
2527 2.27
2528 1.11
2529 2.09
2530 1.42
2531 1.58
2532 1.49
2533 1.67
2534 1.67
2535 1.82
2536 1.83
2537 2.06
2538 2.00
2539 1.58
2540 1.52
2541 5.27
2542 2.79
2543 10.64
2544 0.00
2545 0.14
2546 0.00
2547 33.33
2548 0.00
2549 0.00
2550 0.00
2551 11.12
2552 0.94
2553 2.03
2554 1.57
2555 1.40
2556 1.70
2557 1.23
2558 1.39
2559 2.20
2560 1.90
2561 2.11
2562 1.46
2563 1.55
2564 1.56
2565 2.88
2566 1.78
2567 2.31
2568 8.18
2569 1.20
2570 0.00
2571 0.00
2572 0.00
2573 0.00
2574 10.70
2575 3.34
2576 1.18
2577 1.16
2578 1.72
2579 1.64
2580 1.34
2581 1.49
2582 1.45
2583 1.61
2584 1.71
2585 1.43
2586 2.02
2587 1.63
2588 1.38
2589 5.79
2590 33.96
2591 20.64
2592 11.71
2593 0.23
2594 0.00
2595 5.98
2596 0.00
2597 0.00
2598 44.44
2599 1.22
2600 1.17
2601 1.59
2602 1.64
2603 1.69
2604 1.49
2605 1.26
2606 1.48
2607 1.42
2608 1.88
2609 2.17
2610 1.57
2611 1.25
2612 1.35
2613 1.88
2614 0.64
2615 20.27
2616 18.29
2617 2.39
2618 0.00
2619 0.00
2620 0.00
2621 0.00
2622 0.00
2623 1.65
2624 1.12
2625 1.41
2626 1.69
2627 1.53
2628 1.81
2629 1.53
2630 1.46
2631 2.00
2632 1.91
2633 1.85
2634 1.66
2635 1.64
2636 1.54
2637 2.36
2638 0.62
2639 3.65
2640 12.26
2641 2.49
2642 29.88
2643 2.64
2644 0.00
2645 0.00
2646 47.37
2647 19.67
2648 0.65
2649 1.56
2650 1.88
2651 1.76
2652 1.88
2653 1.73
2654 2.03
2655 1.68
2656 1.58
2657 1.70
2658 1.34
2659 1.29
2660 1.29
2661 1.59
2662 0.54
2663 2.67
2664 1.59
2665 0.31
2666 0.00
2667 40.45
2668 48.00
2669 33.18
2670 0.00
2671 6.46
2672 0.76
2673 1.41
2674 1.15
2675 1.32
2676 1.33
2677 0.99
2678 1.45
2679 1.45
2680 1.13
2681 1.50
2682 1.42
2683 3.32
2684 2.05
2685 1.48
2686 1.58
2687 0.00
2688 0.00
2689 0.26
2690 0.00
2691 0.00
2692 0.00
2693 0.00
2694 9.07
2695 1.67
2696 1.08
2697 1.97
2698 2.11
2699 1.64
2700 1.61
2701 1.19
2702 1.43
2703 1.50
2704 1.68
2705 2.09
2706 1.98
2707 1.79
2708 1.78
2709 3.14
2710 2.51
2711 15.38
2712 19.42
2713 0.40
2714 0.00
2715 0.00
2716 19.15
2717 0.00
2718 13.14
2719 7.01
2720 0.96
2721 1.73
2722 1.64
2723 1.38
2724 1.39
2725 1.46
2726 1.75
2727 1.73
2728 1.87
2729 1.94
2730 1.83
2731 1.87
2732 1.67
2733 4.96
2734 6.46
2735 5.28
2736 9.84
2737 0.19
2738 0.00
2739 0.00
2740 0.00
2741 0.00
2742 4.23
2743 1.47
2744 0.28
2745 0.44
2746 0.60
2747 0.65
2748 0.68
2749 0.52
2750 0.64
2751 0.76
2752 0.77
2753 0.93
2754 0.95
2755 1.21
2756 1.39
2757 5.74
2758 12.90
2759 18.37
2760 0.00
2761 0.30
2762 0.00
2763 54.55
2764 27.07
2765 12.90
2766 23.38
2767 3.26
2768 0.95
2769 2.07
2770 1.77
2771 1.80
2772 1.74
2773 1.64
2774 1.47
2775 1.58
2776 1.79
2777 2.44
2778 2.52
2779 1.73
2780 1.79
2781 10.15
2782 6.93
2783 19.54
2784 15.40
2785 0.31
2786 0.00
2787 0.00
2788 0.00
2789 0.00
2790 6.63
2791 2.99
2792 1.08
2793 1.50
2794 1.61
2795 1.32
2796 1.47
2797 1.21
2798 1.44
2799 1.77
2800 1.70
2801 1.80
2802 1.59
2803 1.49
2804 1.37
2805 1.21
2806 0.62
2807 0.76
2808 7.10
2809 0.51
2810 8.65
2811 5.69
2812 0.00
2813 10.56
2814 0.00
2815 0.67
2816 0.70
2817 2.15
2818 1.53
2819 2.13
2820 1.58
2821 1.60
2822 1.54
2823 1.59
2824 1.47
2825 2.03
2826 1.60
2827 1.57
2828 1.48
2829 2.48
2830 2.32
2831 3.50
2832 3.54
2833 0.21
2834 0.00
2835 20.93
2836 37.50
2837 0.00
2838 2.22
2839 35.82
2840 0.73
2841 1.25
2842 1.30
2843 1.49
2844 1.33
2845 1.14
2846 1.25
2847 1.11
2848 1.47
2849 1.52
2850 1.51
2851 2.90
2852 3.22
2853 2.05
2854 16.02
2855 0.68
2856 47.06
2857 0.11
2858 0.00
2859 0.00
2860 0.00
2861 0.00
2862 0.00
2863 2.54
2864 1.00
2865 2.02
2866 1.68
2867 1.61
2868 1.61
2869 1.40
2870 1.37
2871 1.75
2872 1.76
2873 2.03
2874 2.80
2875 1.72
2876 1.53
2877 6.89
2878 10.59
2879 13.62
2880 11.95
2881 0.35
2882 0.00
2883 0.00
2884 15.06
2885 0.00
2886 56.25
2887 7.42
2888 0.84
2889 2.39
2890 1.73
2891 1.48
2892 1.33
2893 1.49
2894 1.81
2895 1.67
2896 1.99
2897 1.97
2898 2.33
2899 1.96
2900 1.63
2901 9.08
2902 15.27
2903 5.12
2904 32.14
2905 0.26
2906 0.00
2907 0.00
2908 0.00
2909 0.00
2910 0.00
2911 6.78
2912 0.76
2913 2.59
2914 1.84
2915 1.55
2916 1.59
2917 1.38
2918 1.81
2919 1.60
2920 1.78
2921 2.09
2922 2.39
2923 2.05
2924 1.96
2925 4.45
2926 15.99
2927 9.09
2928 22.59
2929 0.95
2930 0.00
2931 0.00
2932 0.00
2933 51.43
2934 10.68
2935 12.96
2936 0.79
2937 1.66
2938 1.72
2939 1.66
2940 1.33
2941 1.55
2942 1.39
2943 1.44
2944 1.75
2945 1.86
2946 2.10
2947 1.62
2948 1.78
2949 5.02
2950 21.77
2951 5.50
2952 6.38
2953 0.34
2954 0.00
2955 0.00
2956 0.00
2957 0.00
2958 32.43
2959 1.36
2960 1.11
2961 2.08
2962 1.55
2963 1.47
2964 1.60
2965 1.47
2966 1.49
2967 1.54
2968 1.77
2969 2.15
2970 2.15
2971 1.99
2972 1.75
2973 2.72
2974 0.00
2975 2.26
2976 15.69
2977 0.52
2978 4.46
2979 57.14
2980 2.57
2981 0.00
2982 9.30
2983 9.38
2984 0.95
2985 2.25
2986 1.80
2987 1.75
2988 1.64
2989 1.87
2990 1.47
2991 1.52
2992 1.53
2993 1.81
2994 1.48
2995 1.40
2996 1.19
2997 4.36
2998 1.25
2999 0.00
3000 10.78
3001 0.84
3002 0.00
3003 23.92
3004 0.00
3005 1.87
3006 0.38
3007 0.00
3008 0.64
3009 1.12
3010 1.34
3011 1.30
3012 1.44
3013 1.25
3014 1.32
3015 1.11
3016 1.12
3017 1.72
3018 1.74
3019 2.89
3020 0.79
3021 11.01
3022 0.76
3023 1.04
3024 0.00
3025 1.57
3026 0.00
3027 0.00
3028 0.00
3029 0.00
3030 0.00
3031 2.92
3032 1.31
3033 1.48
3034 1.62
3035 1.72
3036 1.67
3037 1.40
3038 1.46
3039 1.54
3040 1.86
3041 2.48
3042 2.08
3043 1.83
3044 2.36
3045 6.13
3046 9.75
3047 22.42
3048 3.45
3049 0.19
3050 0.00
3051 0.00
3052 0.00
3053 0.00
3054 59.02
3055 2.99
3056 0.74
3057 2.12
3058 1.74
3059 1.53
3060 1.44
3061 1.59
3062 1.58
3063 1.54
3064 1.61
3065 1.85
3066 1.91
3067 1.74
3068 1.59
3069 9.81
3070 14.79
3071 5.24
3072 5.73
3073 0.50
3074 0.00
3075 0.36
3076 0.00
3077 13.14
3078 14.40
3079 3.70
3080 0.87
3081 2.15
3082 1.13
3083 1.61
3084 1.43
3085 1.41
3086 1.41
3087 1.33
3088 1.48
3089 1.98
3090 1.91
3091 1.61
3092 1.68
3093 8.82
3094 1.98
3095 14.22
3096 21.11
3097 0.69
3098 16.07
3099 0.82
3100 0.00
3101 0.00
3102 1.08
3103 6.89
3104 1.03
3105 2.22
3106 2.01
3107 1.66
3108 1.58
3109 1.35
3110 1.20
3111 1.93
3112 1.59
3113 2.39
3114 2.14
3115 1.77
3116 1.60
3117 4.63
3118 0.98
3119 2.82
3120 4.68
3121 0.11
3122 4.76
3123 47.37
3124 0.00
3125 0.00
3126 26.09
3127 1.33
3128 1.37
3129 2.02
3130 1.84
3131 1.51
3132 1.53
3133 1.48
3134 1.60
3135 1.72
3136 1.99
3137 1.90
3138 1.85
3139 1.69
3140 1.49
3141 1.51
3142 0.43
3143 0.00
3144 18.80
3145 0.45
3146 5.49
3147 4.84
3148 4.76
3149 0.00
3150 0.00
3151 0.00
3152 1.03
3153 2.16
3154 1.68
3155 1.89
3156 1.93
3157 1.39
3158 1.74
3159 1.46
3160 1.93
3161 1.74
3162 1.44
3163 1.51
3164 1.47
3165 2.64
3166 1.26
3167 2.04
3168 23.30
3169 0.25
3170 24.66
3171 50.00
3172 2.97
3173 1.67
3174 0.00
3175 0.00
3176 0.83
3177 1.11
3178 1.01
3179 1.24
3180 1.30
3181 0.94
3182 1.24
3183 1.21
3184 1.46
3185 1.58
3186 1.86
3187 4.02
3188 6.61
3189 6.16
3190 0.00
3191 1.05
3192 5.56
3193 0.08
3194 0.00
3195 0.00
3196 0.74
3197 6.95
3198 55.38
3199 2.46
3200 0.86
3201 1.54
3202 1.40
3203 1.47
3204 1.85
3205 1.35
3206 1.38
3207 1.51
3208 1.70
3209 2.61
3210 1.82
3211 1.85
3212 1.65
3213 4.50
3214 24.79
3215 1.98
3216 49.32
3217 0.23
3218 0.00
3219 0.00
3220 0.00
3221 25.53
3222 4.92
3223 1.87
3224 0.89
3225 2.11
3226 1.99
3227 1.50
3228 1.64
3229 1.21
3230 1.75
3231 1.65
3232 1.69
3233 2.22
3234 2.08
3235 1.75
3236 1.62
3237 5.49
3238 16.26
3239 7.00
3240 7.91
3241 0.76
3242 0.00
3243 5.67
3244 0.00
3245 0.64
3246 0.00
3247 4.80
3248 1.15
3249 1.41
3250 2.01
3251 1.62
3252 1.85
3253 1.43
3254 1.68
3255 1.54
3256 2.09
3257 2.05
3258 2.19
3259 1.50
3260 2.05
3261 2.86
3262 9.46
3263 8.07
3264 16.90
3265 0.19
3266 5.44
3267 0.00
3268 0.00
3269 0.35
3270 12.14
3271 6.57
3272 1.15
3273 1.95
3274 1.76
3275 1.45
3276 1.55
3277 1.50
3278 1.61
3279 1.74
3280 1.59
3281 1.84
3282 1.95
3283 1.72
3284 1.72
3285 4.95
3286 13.03
3287 15.75
3288 8.09
3289 0.17
3290 0.00
3291 0.00
3292 0.00
3293 0.00
3294 0.00
3295 1.56
3296 1.26
3297 2.01
3298 1.77
3299 1.40
3300 1.56
3301 1.44
3302 1.69
3303 1.77
3304 1.66
3305 1.92
3306 2.08
3307 1.72
3308 1.36
3309 4.09
3310 13.95
3311 1.50
3312 11.29
3313 0.70
3314 0.00
3315 8.05
3316 31.30
3317 0.00
3318 0.00
3319 21.95
3320 0.74
3321 3.26
3322 2.04
3323 1.65
3324 1.52
3325 1.34
3326 1.24
3327 1.27
3328 1.57
3329 1.59
3330 1.26
3331 1.07
3332 1.18
3333 5.54
3334 0.48
3335 56.25
3336 21.33
3337 1.10
3338 41.38
3339 23.23
3340 49.32
3341 32.73
3342 3.18
3343 44.44
3344 0.75
3345 1.40
3346 1.36
3347 1.54
3348 1.09
3349 1.28
3350 1.13
3351 1.24
3352 1.31
3353 1.52
3354 1.62
3355 2.90
3356 1.42
3357 0.00
3358 13.79
3359 7.05
3360 21.43
3361 0.31
3362 0.00
3363 0.00
3364 6.08
3365 26.47
3366 27.38
3367 5.85
3368 1.29
3369 1.95
3370 1.79
3371 1.53
3372 1.50
3373 1.31
3374 1.62
3375 1.74
3376 1.87
3377 2.01
3378 1.78
3379 1.80
3380 1.78
3381 5.10
3382 13.35
3383 13.07
3384 0.00
3385 0.20
3386 16.29
3387 0.00
3388 0.00
3389 0.00
3390 1.32
3391 1.85
3392 1.42
3393 2.60
3394 1.35
3395 1.48
3396 1.60
3397 1.51
3398 1.62
3399 1.71
3400 1.75
3401 1.81
3402 1.82
3403 1.61
3404 1.69
3405 5.70
3406 29.26
3407 11.65
3408 12.92
3409 0.27
3410 0.00
3411 0.00
3412 1.17
3413 0.00
3414 0.00
3415 6.53
3416 1.17
3417 2.14
3418 1.66
3419 1.55
3420 1.48
3421 1.62
3422 1.90
3423 1.64
3424 1.98
3425 2.09
3426 2.47
3427 1.97
3428 1.67
3429 3.91
3430 21.95
3431 29.39
3432 5.21
3433 1.27
3434 5.53
3435 1.50
3436 5.19
3437 11.84
3438 3.34
3439 10.52
3440 0.93
3441 1.99
3442 1.54
3443 1.55
3444 1.66
3445 1.34
3446 1.54
3447 1.51
3448 1.98
3449 1.89
3450 2.19
3451 1.55
3452 1.58
3453 5.23
3454 6.62
3455 4.12
3456 11.35
3457 2.47
3458 0.00
3459 0.00
3460 0.00
3461 0.00
3462 0.00
3463 16.91
3464 1.15
3465 1.64
3466 1.56
3467 1.54
3468 1.72
3469 1.39
3470 1.32
3471 1.71
3472 1.66
3473 1.73
3474 1.79
3475 1.76
3476 1.49
3477 2.90
3478 1.98
3479 30.25
3480 3.94
3481 0.62
3482 22.64
3483 0.37
3484 6.52
3485 0.00
3486 12.46
3487 1.89
3488 1.19
3489 1.33
3490 1.45
3491 1.89
3492 1.59
3493 1.45
3494 1.71
3495 1.41
3496 1.49
3497 1.51
3498 1.64
3499 1.25
3500 1.41
3501 1.83
3502 0.00
3503 0.00
3504 11.96
3505 2.44
3506 0.00
3507 3.16
3508 1.25
3509 0.00
3510 0.00
3511 46.15
3512 0.75
3513 1.14
3514 1.19
3515 1.17
3516 1.40
3517 1.05
3518 1.34
3519 1.11
3520 0.98
3521 1.18
3522 1.69
3523 3.31
3524 0.21
3525 1.75
3526 0.00
3527 0.00
3528 0.00
3529 0.10
3530 0.00
3531 0.43
3532 0.00
3533 1.16
3534 34.29
3535 14.10
3536 1.11
3537 1.95
3538 1.60
3539 1.57
3540 1.68
3541 1.53
3542 1.42
3543 1.80
3544 1.95
3545 2.17
3546 2.20
3547 1.96
3548 1.72
3549 6.06
3550 0.00
3551 6.06
3552 4.11
3553 8.51
3554 0.00
3555 0.00
3556 0.00
3557 0.00
3558 15.52
3559 7.82
3560 1.12
3561 1.92
3562 1.52
3563 1.49
3564 1.57
3565 1.28
3566 1.49
3567 1.78
3568 1.85
3569 1.87
3570 2.61
3571 1.76
3572 1.55
3573 5.19
3574 10.62
3575 3.42
3576 7.32
3577 22.43
3578 0.00
3579 0.00
3580 19.46
3581 25.17
3582 0.00
3583 8.61
3584 1.11
3585 2.08
3586 1.45
3587 1.44
3588 1.73
3589 1.56
3590 1.63
3591 1.63
3592 1.64
3593 1.74
3594 1.48
3595 1.54
3596 1.69
3597 5.25
3598 10.14
3599 19.67
3600 19.57
3601 50.00
3602 0.71
3603 0.00
3604 0.00
3605 27.07
3606 21.82
3607 9.76
3608 1.02
3609 1.80
3610 1.35
3611 1.75
3612 1.39
3613 1.49
3614 1.40
3615 1.58
3616 1.67
3617 1.71
3618 1.63
3619 1.52
3620 1.54
3621 4.67
3622 4.59
3623 4.44
3624 33.96
3625 20.45
3626 0.00
3627 0.00
3628 0.00
3629 27.69
3630 45.57
3631 7.41
3632 1.30
3633 2.10
3634 1.87
3635 1.81
3636 1.67
3637 1.59
3638 1.52
3639 1.85
3640 1.80
3641 2.03
3642 1.81
3643 1.43
3644 1.43
3645 2.50
3646 0.00
3647 25.71
3648 7.74
3649 0.76
3650 0.00
3651 3.60
3652 14.63
3653 0.00
3654 10.06
3655 0.00
3656 0.75
3657 2.52
3658 2.07
3659 1.81
3660 1.85
3661 1.58
3662 1.81
3663 1.34
3664 1.50
3665 1.86
3666 1.35
3667 1.38
3668 1.26
3669 1.23
3670 0.58
3671 49.32
3672 14.20
3673 1.26
3674 4.61
3675 2.04
3676 0.00
3677 18.37
3678 0.00
3679 52.17
3680 0.66
3681 1.59
3682 1.64
3683 1.35
3684 1.42
3685 1.15
3686 1.27
3687 0.99
3688 1.26
3689 1.25
3690 1.40
3691 2.85
3692 11.50
3693 30.90
3694 2.89
3695 32.73
3696 0.00
3697 0.00
3698 0.00
3699 0.00
3700 0.00
3701 0.00
3702 31.58
3703 9.38
3704 1.05
3705 2.93
3706 1.82
3707 1.66
3708 1.55
3709 1.51
3710 1.31
3711 1.59
3712 1.80
3713 2.16
3714 3.01
3715 1.88
3716 1.62
3717 7.31
3718 9.83
3719 2.05
3720 0.00
3721 11.08
3722 0.00
3723 0.00
3724 0.76
3725 22.36
3726 0.00
3727 8.14
3728 1.43
3729 1.53
3730 1.61
3731 1.68
3732 1.39
3733 1.27
3734 1.33
3735 1.54
3736 1.82
3737 1.67
3738 2.00
3739 1.71
3740 1.72
3741 5.46
3742 12.24
3743 5.88
3744 17.73
3745 7.08
3746 0.00
3747 0.00
3748 0.00
3749 0.00
3750 12.33
3751 1.07
3752 1.07
3753 2.48
3754 1.72
3755 1.72
3756 1.35
3757 1.58
3758 1.72
3759 1.82
3760 1.78
3761 2.05
3762 1.67
3763 1.46
3764 1.50
3765 3.87
3766 25.35
3767 2.44
3768 11.44
3769 0.48
3770 22.09
3771 0.00
3772 0.00
3773 0.00
3774 1.00
3775 7.04
3776 1.20
3777 2.01
3778 1.40
3779 1.62
3780 1.49
3781 1.53
3782 1.59
3783 1.65
3784 1.81
3785 2.47
3786 2.15
3787 1.80
3788 2.05
3789 5.31
3790 17.27
3791 18.59
3792 31.86
3793 0.00
3794 1.64
3795 36.73
3796 0.00
3797 1.09
3798 2.23
3799 14.26
3800 1.16
3801 1.60
3802 1.43
3803 1.53
3804 1.34
3805 1.23
3806 1.63
3807 1.72
3808 1.68
3809 1.83
3810 1.92
3811 1.82
3812 1.29
3813 3.42
3814 0.00
3815 2.72
3816 0.00
3817 0.54
3818 0.00
3819 2.96
3820 0.00
3821 0.00
3822 0.00
3823 0.00
3824 0.59
3825 2.66
3826 1.43
3827 2.06
3828 1.83
3829 1.35
3830 1.36
3831 1.47
3832 1.61
3833 2.33
3834 1.70
3835 1.53
3836 1.60
3837 1.99
3838 3.74
3839 0.69
3840 3.30
3841 0.55
3842 7.29
3843 6.49
3844 0.88
3845 58.06
3846 1.73
3847 1.37
3848 0.46
3849 1.43
3850 1.14
3851 1.42
3852 1.67
3853 1.16
3854 1.32
3855 1.16
3856 1.27
3857 1.58
3858 1.47
3859 4.98
3860 1.64
3861 1.04
3862 0.67
3863 1.38
3864 0.00
3865 0.63
3866 42.86
3867 0.00
3868 24.00
3869 0.00
3870 52.94
3871 1.26
3872 0.23
3873 0.37
3874 0.66
3875 0.74
3876 0.71
3877 0.81
3878 0.78
3879 0.70
3880 1.02
3881 1.48
3882 1.18
3883 1.55
3884 1.56
3885 3.09
3886 6.47
3887 0.00
3888 0.00
3889 0.00
3890 0.00
3891 0.00
3892 10.67
3893 0.00
3894 33.80
3895 4.29
3896 1.44
3897 2.21
3898 1.58
3899 1.33
3900 1.47
3901 1.56
3902 1.53
3903 1.73
3904 1.73
3905 2.13
3906 2.02
3907 2.21
3908 2.43
3909 6.75
3910 13.49
3911 9.54
3912 3.74
3913 29.27
3914 0.00
3915 0.00
3916 0.00
3917 0.00
3918 3.56
3919 5.20
3920 1.31
3921 2.06
3922 1.71
3923 1.40
3924 1.35
3925 1.29
3926 1.66
3927 1.85
3928 1.89
3929 2.22
3930 2.05
3931 2.02
3932 1.99
3933 13.56
3934 0.00
3935 27.07
3936 33.49
3937 14.15
3938 0.00
3939 1.69
3940 0.00
3941 21.82
3942 0.00
3943 16.27
3944 1.01
3945 1.83
3946 1.92
3947 1.61
3948 1.73
3949 1.70
3950 1.53
3951 1.59
3952 1.76
3953 1.83
3954 1.82
3955 1.89
3956 1.56
3957 2.97
3958 12.05
3959 23.45
3960 21.30
3961 15.25
3962 0.18
3963 0.00
3964 0.00
3965 54.55
3966 10.47
3967 8.75
3968 1.36
3969 1.62
3970 1.50
3971 1.88
3972 1.70
3973 1.77
3974 1.50
3975 1.86
3976 2.39
3977 2.20
3978 1.98
3979 1.73
3980 1.47
3981 2.64
3982 12.08
3983 41.38
3984 0.00
3985 1.57
3986 1.36
3987 46.75
3988 0.00
3989 0.00
3990 42.35
3991 18.90
3992 0.95
3993 1.72
3994 1.99
3995 1.47
3996 1.54
3997 1.62
3998 1.38
3999 1.37
4000 1.51
4001 1.21
4002 1.55
4003 1.32
4004 1.46
4005 1.56
4006 0.00
4007 23.68
4008 3.03
4009 0.76
4010 58.54
4011 0.00
4012 0.31
4013 0.00
4014 0.00
4015 0.00
4016 0.90
4017 1.93
4018 1.34
4019 1.13
4020 1.43
4021 1.19
4022 1.16
4023 1.09
4024 1.04
4025 1.41
4026 1.41
4027 4.24
4028 42.86
4029 1.06
4030 0.00
4031 29.03
4032 0.00
4033 0.00
4034 0.00
4035 0.00
4036 28.21
4037 23.85
4038 17.74
4039 15.62
4040 1.50
4041 2.28
4042 1.68
4043 1.69
4044 1.59
4045 1.56
4046 1.69
4047 1.70
4048 1.89
4049 1.84
4050 1.67
4051 2.18
4052 1.66
4053 4.91
4054 1.97
4055 1.00
4056 0.00
4057 0.00
4058 0.00
4059 0.00
4060 0.00
4061 2.19
4062 1.20
4063 10.20
4064 1.57
4065 2.57
4066 1.79
4067 1.51
4068 1.73
4069 1.53
4070 1.84
4071 1.95
4072 1.96
4073 2.09
4074 2.19
4075 2.07
4076 1.94
4077 3.01
4078 9.77
4079 3.29
4080 3.93
4081 2.90
4082 18.30
4083 1.86
4084 0.00
4085 1.98
4086 0.00
4087 1.39
4088 1.32
4089 1.99
4090 1.96
4091 1.57
4092 1.83
4093 1.70
4094 1.77
4095 1.78
4096 1.74
4097 2.08
4098 1.74
4099 1.91
4100 1.34
4101 3.95
4102 7.42
4103 2.82
4104 19.89
4105 2.37
4106 17.35
4107 0.00
4108 0.53
4109 0.00
4110 16.33
4111 1.66
4112 1.20
4113 1.90
4114 1.63
4115 1.88
4116 1.88
4117 1.61
4118 1.44
4119 1.67
4120 1.74
4121 1.97
4122 1.79
4123 1.58
4124 1.58
4125 8.80
4126 30.72
4127 9.39
4128 51.58
4129 12.86
4130 9.94
4131 0.00
4132 2.20
4133 21.33
4134 1.55
4135 6.80
4136 1.41
4137 2.10
4138 1.69
4139 1.77
4140 1.69
4141 1.48
4142 1.50
4143 1.72
4144 1.75
4145 2.75
4146 1.94
4147 1.59
4148 1.65
4149 2.69
4150 13.33
4151 3.45
4152 11.52
4153 0.85
4154 0.82
4155 44.72
4156 38.71
4157 0.73
4158 1.32
4159 0.00
4160 0.73
4161 1.62
4162 2.30
4163 1.80
4164 1.81
4165 1.87
4166 1.36
4167 1.63
4168 1.51
4169 1.49
4170 1.39
4171 1.64
4172 1.28
4173 2.09
4174 0.44
4175 0.00
4176 13.79
4177 0.82
4178 0.39
4179 37.89
4180 36.36
4181 24.49
4182 30.00
4183 17.88
4184 0.68
4185 1.26
4186 1.29
4187 1.16
4188 1.59
4189 1.24
4190 1.50
4191 1.18
4192 1.30
4193 1.50
4194 1.57
4195 3.30
4196 0.23
4197 0.00
4198 55.38
4199 10.91
4200 0.00
4201 0.11
4202 55.38
4203 0.00
4204 17.06
4205 33.03
4206 26.28
4207 10.09
4208 1.37
4209 1.95
4210 1.20
4211 1.52
4212 1.71
4213 1.59
4214 1.65
4215 1.64
4216 1.90
4217 1.92
4218 2.12
4219 2.47
4220 2.37
4221 6.57
4222 3.48
4223 15.58
4224 20.89
4225 0.17
4226 0.00
4227 3.90
4228 0.00
4229 20.93
4230 0.00
4231 2.38
4232 1.26
4233 1.49
4234 1.44
4235 1.78
4236 1.61
4237 1.79
4238 1.61
4239 1.69
4240 1.72
4241 1.89
4242 1.82
4243 1.98
4244 2.44
4245 3.76
4246 2.69
4247 4.68
4248 18.46
4249 20.73
4250 9.16
4251 0.00
4252 0.00
4253 50.00
4254 8.29
4255 10.02
4256 1.25
4257 1.92
4258 1.73
4259 1.70
4260 1.57
4261 1.60
4262 1.72
4263 1.76
4264 1.73
4265 2.07
4266 1.86
4267 1.95
4268 1.50
4269 3.83
4270 17.89
4271 14.40
4272 23.68
4273 0.11
4274 0.87
4275 0.00
4276 0.71
4277 1.82
4278 31.30
4279 1.24
4280 1.14
4281 1.82
4282 1.67
4283 1.62
4284 1.59
4285 1.60
4286 1.60
4287 1.71
4288 1.69
4289 1.93
4290 1.88
4291 1.66
4292 1.76
4293 8.10
4294 24.32
4295 8.79
4296 5.42
4297 1.16
4298 18.53
4299 36.73
4300 0.74
4301 2.73
4302 2.83
4303 6.78
4304 1.21
4305 2.62
4306 1.51
4307 1.56
4308 1.76
4309 1.82
4310 1.75
4311 1.94
4312 1.74
4313 2.02
4314 1.95
4315 1.71
4316 1.47
4317 4.12
4318 1.13
4319 1.22
4320 26.55
4321 1.89
4322 23.61
4323 33.03
4324 0.00
4325 0.00
4326 0.00
4327 9.94
4328 0.99
4329 1.65
4330 1.70
4331 1.76
4332 1.83
4333 1.97
4334 1.41
4335 1.51
4336 1.56
4337 2.09
4338 1.74
4339 1.46
4340 1.36
4341 4.81
4342 2.13
4343 1.42
4344 1.84
4345 0.74
4346 42.86
4347 0.00
4348 25.53
4349 0.00
4350 52.17
4351 47.37
4352 0.71
4353 1.40
4354 1.22
4355 1.30
4356 1.17
4357 1.18
4358 1.23
4359 1.20
4360 1.26
4361 1.40
4362 1.45
4363 3.52
4364 4.79
4365 13.85
4366 6.00
4367 5.43
4368 52.17
4369 5.19
4370 0.00
4371 0.00
4372 0.00
4373 8.12
4374 0.00
4375 8.46
4376 1.15
4377 1.50
4378 1.56
4379 1.64
4380 1.63
4381 1.31
4382 1.59
4383 1.61
4384 1.87
4385 1.69
4386 2.49
4387 2.21
4388 1.59
4389 5.74
4390 11.73
4391 22.61
4392 10.73
4393 46.15
4394 0.00
4395 0.00
4396 28.12
4397 34.95
4398 0.00
4399 3.96
4400 1.06
4401 2.78
4402 1.53
4403 1.62
4404 1.64
4405 1.60
4406 1.44
4407 1.87
4408 1.64
4409 1.76
4410 1.87
4411 1.68
4412 1.56
4413 6.27
4414 7.14
4415 8.18
4416 7.22
4417 0.41
4418 0.00
4419 0.00
4420 24.32
4421 0.00
4422 2.57
4423 4.15
4424 1.18
4425 2.26
4426 1.45
4427 1.44
4428 1.33
4429 1.39
4430 1.70
4431 1.79
4432 2.01
4433 2.10
4434 2.61
4435 2.08
4436 1.79
4437 7.97
4438 5.68
4439 16.94
4440 5.72
4441 1.00
4442 35.64
4443 30.51
4444 38.71
4445 22.50
4446 24.74
4447 6.31
4448 1.12
4449 1.79
4450 1.76
4451 2.08
4452 1.62
4453 1.81
4454 1.54
4455 1.85
4456 1.99
4457 1.85
4458 3.03
4459 2.04
4460 1.81
4461 3.18
4462 5.07
4463 6.04
4464 17.06
4465 1.11
4466 0.00
4467 0.00
4468 0.00
4469 29.51
4470 3.98
4471 8.94
4472 1.06
4473 1.89
4474 1.93
4475 1.44
4476 1.57
4477 1.66
4478 1.48
4479 1.80
4480 1.71
4481 1.85
4482 2.24
4483 1.59
4484 1.39
4485 2.24
4486 0.68
4487 50.00
4488 3.02
4489 0.57
4490 0.41
4491 0.00
4492 2.13
4493 0.00
4494 0.00
4495 0.00
4496 0.70
4497 1.71
4498 1.67
4499 1.69
4500 1.59
4501 1.69
4502 1.77
4503 1.49
4504 1.54
4505 1.67
4506 1.63
4507 1.42
4508 1.33
4509 9.81
4510 0.82
4511 2.66
4512 6.53
4513 0.66
4514 4.24
4515 0.00
4516 0.43
4517 11.61
4518 6.28
4519 0.00
4520 0.53
4521 1.30
4522 1.30
4523 1.29
4524 1.78
4525 1.47
4526 1.34
4527 1.12
4528 1.06
4529 1.45
4530 1.52
4531 2.28
4532 0.63
4533 0.00
4534 9.42
4535 0.00
4536 45.00
4537 0.00
4538 0.00
4539 15.45
4540 0.00
4541 31.86
4542 9.54
4543 8.87
4544 1.13
4545 2.13
4546 1.51
4547 1.79
4548 1.52
4549 1.52
4550 1.63
4551 1.54
4552 1.92
4553 2.24
4554 2.11
4555 2.37
4556 2.43
4557 6.10
4558 12.76
4559 18.16
4560 15.96
4561 20.40
4562 10.17
4563 3.05
4564 30.77
4565 1.92
4566 17.36
4567 2.05
4568 1.25
4569 1.68
4570 1.57
4571 1.73
4572 1.57
4573 1.57
4574 1.78
4575 1.53
4576 2.16
4577 2.36
4578 2.21
4579 1.98
4580 2.04
4581 5.34
4582 14.15
4583 10.12
4584 7.27
4585 0.54
4586 0.00
4587 0.00
4588 0.00
4589 0.00
4590 3.77
4591 1.47
4592 1.20
4593 2.24
4594 2.00
4595 2.04
4596 1.83
4597 1.79
4598 1.68
4599 1.54
4600 1.82
4601 2.37
4602 2.17
4603 1.95
4604 1.96
4605 3.03
4606 16.35
4607 6.88
4608 10.35
4609 21.56
4610 0.00
4611 0.56
4612 53.73
4613 7.14
4614 0.00
4615 9.94
4616 1.63
4617 1.67
4618 1.76
4619 2.03
4620 1.93
4621 1.69
4622 1.87
4623 1.90
4624 1.83
4625 2.11
4626 1.61
4627 1.81
4628 1.60
4629 3.95
4630 1.56
4631 11.44
4632 19.42
4633 0.73
4634 6.96
4635 1.08
4636 0.00
4637 0.00
4638 24.00
4639 5.38
4640 1.39
4641 2.03
4642 2.03
4643 1.97
4644 1.84
4645 1.77
4646 1.63
4647 1.92
4648 1.87
4649 2.16
4650 1.97
4651 1.87
4652 1.79
4653 2.70
4654 1.62
4655 19.89
4656 0.00
4657 1.43
4658 27.48
4659 48.32
4660 3.65
4661 0.00
4662 47.06
4663 16.00
4664 1.05
4665 1.90
4666 2.23
4667 2.04
4668 2.16
4669 2.35
4670 2.04
4671 1.86
4672 2.00
4673 1.91
4674 2.04
4675 1.66
4676 1.62
4677 2.22
4678 0.62
4679 1.20
4680 6.94
4681 0.45
4682 12.05
4683 18.46
4684 30.38
4685 31.03
4686 1.90
4687 1.64
4688 0.62
4689 1.35
4690 1.52
4691 2.06
4692 1.33
4693 1.43
4694 1.35
4695 1.23
4696 1.44
4697 1.33
4698 1.50
4699 2.30
4700 0.00
4701 17.56
4702 0.00
4703 0.00
4704 0.00
4705 0.12
4706 0.00
4707 0.00
4708 0.00
4709 0.00
4710 30.95
4711 10.02
4712 1.12
4713 2.40
4714 2.04
4715 2.03
4716 1.70
4717 1.56
4718 1.86
4719 2.00
4720 2.04
4721 2.56
4722 2.10
4723 2.12
4724 2.01
4725 4.36
4726 13.75
4727 13.97
4728 21.05
4729 48.98
4730 0.00
4731 0.00
4732 0.00
4733 22.93
4734 5.79
4735 20.99
4736 0.78
4737 2.14
4738 1.63
4739 1.22
4740 1.78
4741 1.70
4742 1.49
4743 1.76
4744 1.66
4745 1.87
4746 2.13
4747 1.88
4748 1.78
4749 3.31
4750 15.13
4751 12.73
4752 22.64
4753 15.55
4754 0.00
4755 0.00
4756 0.00
4757 36.73
4758 0.00
4759 1.66
4760 0.63
4761 2.20
4762 1.65
4763 1.79
4764 1.54
4765 1.70
4766 1.62
4767 2.19
4768 1.93
4769 2.58
4770 2.25
4771 1.78
4772 1.74
4773 5.14
4774 4.63
4775 17.67
4776 24.32
4777 5.90
4778 7.48
4779 0.00
4780 0.00
4781 22.78
4782 19.57
4783 10.10
4784 0.56
4785 1.80
4786 1.60
4787 1.65
4788 1.55
4789 1.69
4790 1.64
4791 1.81
4792 1.78
4793 1.88
4794 1.90
4795 1.88
4796 1.61
4797 7.21
4798 2.47
4799 2.32
4800 2.12
4801 2.73
4802 0.00
4803 4.11
4804 0.00
4805 0.00
4806 40.00
4807 8.69
4808 0.53
4809 1.85
4810 1.65
4811 1.36
4812 1.76
4813 1.76
4814 1.62
4815 1.64
4816 1.46
4817 2.27
4818 2.23
4819 1.81
4820 1.59
4821 2.65
4822 0.85
4823 0.00
4824 49.32
4825 0.38
4826 0.00
4827 0.00
4828 0.00
4829 0.00
4830 51.43
4831 0.00
4832 0.39
4833 1.57
4834 2.14
4835 1.68
4836 1.51
4837 1.48
4838 1.31
4839 1.32
4840 1.73
4841 1.97
4842 1.55
4843 1.34
4844 1.56
4845 5.28
4846 1.91
4847 0.98
4848 17.56
4849 1.38
4850 0.00
4851 0.00
4852 0.00
4853 0.00
4854 0.00
4855 0.00
4856 0.26
4857 1.13
4858 1.12
4859 1.42
4860 1.13
4861 1.24
4862 1.47
4863 1.28
4864 1.31
4865 1.34
4866 1.29
4867 4.50
4868 2.89
4869 0.00
4870 43.90
4871 0.00
4872 0.00
4873 0.73
4874 12.53
4875 14.68
4876 29.08
4877 14.58
4878 27.07
4879 6.61
4880 0.43
4881 2.17
4882 1.59
4883 1.48
4884 1.67
4885 1.29
4886 1.93
4887 1.68
4888 1.95
4889 2.78
4890 2.50
4891 2.08
4892 2.01
4893 8.52
4894 0.00
4895 0.00
4896 6.26
4897 12.74
4898 0.00
4899 0.00
4900 0.00
4901 0.00
4902 12.12
4903 11.15
4904 0.53
4905 1.48
4906 1.80
4907 1.44
4908 1.49
4909 1.51
4910 1.31
4911 2.07
4912 2.14
4913 1.86
4914 1.96
4915 1.87
4916 1.76
4917 6.81
4918 5.63
4919 20.22
4920 33.03
4921 36.92
4922 11.46
4923 0.00
4924 0.00
4925 0.00
4926 40.45
4927 1.71
4928 0.50
4929 2.11
4930 1.39
4931 1.27
4932 1.35
4933 1.55
4934 1.53
4935 1.80
4936 1.72
4937 2.21
4938 1.76
4939 1.90
4940 1.71
4941 7.38
4942 15.37
4943 11.34
4944 42.35
4945 0.64
4946 31.86
4947 0.00
4948 0.00
4949 0.00
4950 21.95
4951 29.75
4952 0.49
4953 2.40
4954 1.48
4955 1.56
4956 1.91
4957 1.50
4958 1.55
4959 1.85
4960 1.92
4961 2.08
4962 1.93
4963 1.68
4964 1.65
4965 4.31
4966 7.66
4967 4.12
4968 32.56
4969 1.18
4970 0.00
4971 0.00
4972 0.00
4973 0.00
4974 0.00
4975 15.32
4976 0.71
4977 1.99
4978 1.81
4979 1.88
4980 1.87
4981 1.58
4982 1.26
4983 1.87
4984 1.73
4985 2.44
4986 2.39
4987 1.57
4988 1.44
4989 2.66
4990 0.00
4991 44.72
4992 0.00
4993 1.13
4994 0.00
4995 37.50
4996 0.34
4997 0.00
4998 0.00
4999 42.86
5000 0.37
5001 1.63
5002 2.19
5003 1.78
5004 1.86
5005 1.65
5006 1.53
5007 1.68
5008 1.73
5009 2.11
5010 1.38
5011 1.27
5012 1.33
5013 4.24
5014 0.00
5015 0.61
5016 9.21
5017 0.49
5018 45.57
5019 15.63
5020 20.57
5021 0.00
5022 0.00
5023 0.00
5024 0.27
5025 1.62
5026 1.17
5027 1.25
5028 1.35
5029 1.18
5030 1.08
5031 1.13
5032 1.14
5033 1.23
5034 1.50
5035 4.43
5036 0.58
5037 0.00
5038 0.00
5039 25.65
5040 6.47
5041 32.14
5042 0.00
5043 0.00
5044 0.00
5045 9.05
5046 7.11
5047 4.08
5048 0.89
5049 2.28
5050 1.92
5051 1.70
5052 2.30
5053 1.98
5054 1.82
5055 1.98
5056 2.19
5057 2.50
5058 1.78
5059 1.48
5060 1.67
5061 6.27
5062 13.83
5063 26.18
5064 0.00
5065 6.09
5066 0.00
5067 0.00
5068 0.00
5069 28.57
5070 50.70
5071 10.08
5072 1.00
5073 2.81
5074 1.84
5075 1.90
5076 1.95
5077 1.81
5078 1.92
5079 2.05
5080 1.85
5081 2.43
5082 2.87
5083 1.87
5084 2.01
5085 9.68
5086 16.81
5087 4.48
5088 6.39
5089 5.16
5090 0.00
5091 0.00
5092 0.00
5093 0.00
5094 0.00
5095 1.08
5096 1.01
5097 1.92
5098 1.75
5099 2.02
5100 1.56
5101 1.94
5102 1.80
5103 1.86
5104 1.94
5105 2.49
5106 2.10
5107 1.87
5108 1.75
5109 4.17
5110 0.00
5111 17.00
5112 18.95
5113 0.26
5114 0.00
5115 0.00
5116 0.00
5117 0.00
5118 11.18
5119 2.28
5120 0.89
5121 2.13
5122 1.45
5123 2.03
5124 2.05
5125 1.86
5126 1.91
5127 1.96
5128 1.73
5129 2.06
5130 1.47
5131 1.66
5132 1.70
5133 9.19
5134 9.93
5135 11.36
5136 4.40
5137 0.87
5138 0.00
5139 0.00
5140 0.00
5141 0.00
5142 8.28
5143 18.00
5144 0.92
5145 2.01
5146 1.71
5147 1.60
5148 1.70
5149 1.71
5150 1.51
5151 2.05
5152 2.01
5153 2.02
5154 1.73
5155 1.62
5156 1.38
5157 3.08
5158 15.38
5159 1.22
5160 10.82
5161 1.21
5162 0.00
5163 0.00
5164 0.00
5165 0.00
5166 0.00
5167 0.00
5168 0.51
5169 1.61
5170 1.66
5171 1.80
5172 1.93
5173 1.64
5174 1.53
5175 1.48
5176 1.41
5177 1.74
5178 1.68
5179 1.30
5180 1.30
5181 2.00
5182 0.44
5183 0.00
5184 3.49
5185 1.30
5186 2.92
5187 2.82
5188 56.25
5189 24.83
5190 0.00
5191 0.00
5192 0.36
5193 1.41
5194 1.16
5195 1.32
5196 1.25
5197 1.17
5198 1.10
5199 1.30
5200 1.31
5201 1.43
5202 1.62
5203 2.49
5204 3.83
5205 1.10
5206 0.00
5207 2.55
5208 18.80
5209 0.00
5210 0.00
5211 0.00
5212 19.46
5213 27.27
5214 0.78
5215 1.15
5216 0.67
5217 1.63
5218 1.39
5219 1.45
5220 1.52
5221 1.65
5222 1.47
5223 1.67
5224 1.80
5225 2.00
5226 1.70
5227 1.75
5228 1.85
5229 5.04
5230 13.49
5231 12.41
5232 6.72
5233 0.25
5234 0.00
5235 0.00
5236 0.00
5237 0.00
5238 0.00
5239 0.60
5240 0.73
5241 1.91
5242 1.81
5243 1.60
5244 1.95
5245 1.74
5246 1.98
5247 1.81
5248 1.82
5249 2.12
5250 1.79
5251 1.69
5252 1.84
5253 6.37
5254 1.56
5255 21.82
5256 30.25
5257 15.72
5258 0.00
5259 0.00
5260 0.00
5261 0.00
5262 11.90
5263 19.35
5264 0.75
5265 1.43
5266 1.56
5267 1.73
5268 1.57
5269 1.66
5270 1.70
5271 1.59
5272 1.83
5273 2.12
5274 1.84
5275 1.72
5276 1.85
5277 6.82
5278 18.63
5279 17.42
5280 6.29
5281 1.81
5282 16.78
5283 0.00
5284 0.00
5285 0.00
5286 37.76
5287 10.26
5288 0.61
5289 2.25
5290 1.97
5291 1.83
5292 1.75
5293 1.77
5294 2.06
5295 1.89
5296 1.73
5297 1.99
5298 1.55
5299 1.87
5300 1.68
5301 6.71
5302 2.58
5303 54.55
5304 24.66
5305 3.37
5306 0.00
5307 52.17
5308 0.00
5309 0.00
5310 26.47
5311 1.00
5312 0.84
5313 2.15
5314 1.65
5315 1.73
5316 1.66
5317 1.73
5318 1.80
5319 1.97
5320 2.01
5321 1.79
5322 1.61
5323 1.58
5324 1.56
5325 3.30
5326 1.56
5327 0.71
5328 43.37
5329 0.86
5330 9.94
5331 0.00
5332 0.00
5333 0.00
5334 0.00
5335 13.95
5336 0.55
5337 1.90
5338 2.67
5339 1.78
5340 1.70
5341 1.61
5342 1.72
5343 1.63
5344 1.67
5345 1.83
5346 1.73
5347 1.29
5348 1.27
5349 4.89
5350 0.38
5351 1.96
5352 11.69
5353 0.37
5354 2.41
5355 15.86
5356 38.30
5357 18.00
5358 0.00
5359 15.19
5360 0.31
5361 1.24
5362 1.01
5363 1.17
5364 1.50
5365 1.15
5366 1.19
5367 1.38
5368 1.15
5369 1.47
5370 1.76
5371 3.78
5372 0.65
5373 25.99
5374 5.14
5375 0.00
5376 34.62
5377 0.00
5378 0.00
5379 1.84
5380 0.00
5381 0.00
5382 0.00
5383 2.84
5384 0.94
5385 1.96
5386 1.68
5387 1.88
5388 1.80
5389 1.59
5390 1.53
5391 1.75
5392 1.70
5393 1.90
5394 1.86
5395 2.05
5396 1.61
5397 3.52
5398 40.22
5399 5.00
5400 3.77
5401 0.00
5402 0.00
5403 0.00
5404 0.00
5405 34.62
5406 14.23
5407 1.33
5408 0.80
5409 2.16
5410 1.83
5411 1.64
5412 1.95
5413 1.57
5414 1.57
5415 1.97
5416 1.70
5417 2.26
5418 2.07
5419 1.57
5420 1.58
5421 3.46
5422 0.00
5423 20.27
5424 13.13
5425 10.19
5426 0.00
5427 0.00
5428 0.00
5429 0.00
5430 0.00
5431 2.90
5432 0.78
5433 1.87
5434 1.84
5435 1.55
5436 1.53
5437 1.70
5438 1.64
5439 1.82
5440 2.24
5441 2.00
5442 1.77
5443 1.70
5444 1.63
5445 2.64
5446 7.75
5447 12.20
5448 3.71
5449 0.45
5450 33.03
5451 2.35
5452 0.00
5453 0.00
5454 50.70
5455 18.98
5456 0.92
5457 1.83
5458 1.75
5459 1.74
5460 1.69
5461 1.77
5462 1.67
5463 1.87
5464 2.22
5465 2.16
5466 1.93
5467 1.45
5468 1.57
5469 5.72
5470 25.79
5471 23.64
5472 18.58
5473 8.31
5474 45.57
5475 0.00
5476 43.37
5477 4.70
5478 56.25
5479 2.39
5480 1.04
5481 2.07
5482 1.65
5483 1.57
5484 1.57
5485 1.64
5486 1.64
5487 1.93
5488 1.84
5489 2.13
5490 1.71
5491 1.65
5492 1.51
5493 5.20
5494 20.87
5495 20.06
5496 5.52
5497 1.61
5498 59.02
5499 22.50
5500 31.77
5501 5.63
5502 22.50
5503 0.00
5504 0.52
5505 1.55
5506 1.87
5507 1.77
5508 1.39
5509 1.36
5510 1.55
5511 1.66
5512 1.40
5513 1.62
5514 1.66
5515 1.36
5516 1.38
5517 1.96
5518 1.49
5519 0.00
5520 10.06
5521 2.09
5522 0.47
5523 23.45
5524 0.00
5525 0.00
5526 0.00
5527 0.00
5528 0.37
5529 1.59
5530 1.32
5531 1.07
5532 1.31
5533 1.16
5534 1.17
5535 1.22
5536 1.19
5537 1.24
5538 1.55
5539 2.84
5540 0.33
5541 0.00
5542 40.91
5543 20.93
5544 46.75
5545 0.00
5546 0.00
5547 0.00
5548 7.71
5549 0.00
5550 8.20
5551 13.19
5552 0.76
5553 2.29
5554 1.55
5555 1.79
5556 1.57
5557 1.72
5558 1.49
5559 1.78
5560 1.78
5561 2.23
5562 2.30
5563 1.73
5564 1.65
5565 3.76
5566 11.15
5567 12.55
5568 4.02
5569 39.13
5570 0.00
5571 0.00
5572 0.00
5573 0.23
5574 0.00
5575 0.00
5576 1.05
5577 3.01
5578 2.82
5579 1.27
5580 2.12
5581 1.52
5582 1.60
5583 1.84
5584 2.03
5585 2.28
5586 1.91
5587 1.71
5588 1.72
5589 8.49
5590 20.75
5591 13.40
5592 8.05
5593 8.92
5594 0.00
5595 0.00
5596 0.00
5597 0.00
5598 0.00
5599 30.77
5600 0.44
5601 2.20
5602 1.73
5603 1.87
5604 1.56
5605 1.51
5606 1.71
5607 1.82
5608 1.68
5609 2.28
5610 2.24
5611 1.77
5612 1.68
5613 9.61
5614 15.48
5615 10.58
5616 31.30
5617 3.78
5618 0.00
5619 30.51
5620 3.41
5621 6.39
5622 0.55
5623 45.57
5624 0.46
5625 2.38
5626 1.89
5627 1.56
5628 1.45
5629 1.69
5630 1.61
5631 1.49
5632 1.90
5633 1.87
5634 1.79
5635 1.46
5636 1.92
5637 9.55
5638 19.13
5639 9.51
5640 4.65
5641 4.79
5642 0.00
5643 0.00
5644 0.00
5645 0.00
5646 0.25
5647 3.33
5648 0.46
5649 2.34
5650 1.42
5651 1.76
5652 1.85
5653 1.50
5654 2.03
5655 2.12
5656 2.10
5657 1.97
5658 2.49
5659 1.56
5660 1.60
5661 8.52
5662 1.16
5663 0.85
5664 0.00
5665 0.34
5666 1.25
5667 30.51
5668 0.00
5669 0.21
5670 0.00
5671 9.28
5672 0.31
5673 1.14
5674 1.87
5675 1.94
5676 1.77
5677 1.51
5678 1.39
5679 1.56
5680 1.52
5681 1.81
5682 1.61
5683 1.42
5684 1.38
5685 2.64
5686 2.29
5687 2.54
5688 9.33
5689 1.44
5690 0.00
5691 3.11
5692 0.00
5693 0.00
5694 0.00
5695 0.00
5696 0.27
5697 2.00
5698 1.50
5699 1.24
5700 1.30
5701 1.13
5702 1.23
5703 1.22
5704 1.28
5705 1.33
5706 1.60
5707 4.08
5708 2.72
5709 28.12
5710 0.00
5711 15.00
5712 1.13
5713 0.10
5714 0.00
5715 0.00
5716 0.00
5717 8.49
5718 36.36
5719 0.38
5720 0.41
5721 1.71
5722 2.17
5723 2.11
5724 1.84
5725 1.78
5726 1.52
5727 1.86
5728 2.11
5729 1.89
5730 2.51
5731 1.51
5732 1.49
5733 2.52
5734 37.76
5735 3.60
5736 29.51
5737 0.54
5738 0.00
5739 0.00
5740 0.00
5741 0.00
5742 0.00
5743 0.94
5744 0.37
5745 1.59
5746 1.50
5747 1.65
5748 1.65
5749 1.29
5750 1.59
5751 1.79
5752 1.67
5753 2.12
5754 2.01
5755 1.82
5756 1.66
5757 9.29
5758 16.88
5759 27.55
5760 10.31
5761 0.16
5762 7.19
5763 0.00
5764 0.00
5765 0.00
5766 0.00
5767 1.64
5768 0.42
5769 1.73
5770 1.78
5771 1.72
5772 1.88
5773 1.49
5774 1.75
5775 2.06
5776 1.88
5777 1.83
5778 2.11
5779 1.72
5780 1.67
5781 5.28
5782 24.83
5783 17.31
5784 9.94
5785 6.24
5786 24.16
5787 0.00
5788 0.00
5789 0.00
5790 0.00
5791 0.92
5792 0.46
5793 2.97
5794 1.86
5795 1.71
5796 1.61
5797 1.22
5798 1.95
5799 2.06
5800 1.84
5801 2.03
5802 1.93
5803 1.78
5804 1.66
5805 2.07
5806 4.22
5807 14.91
5808 3.98
5809 0.25
5810 0.00
5811 0.00
5812 0.00
5813 0.00
5814 0.00
5815 11.45
5816 0.43
5817 1.86
5818 1.84
5819 1.77
5820 1.69
5821 1.37
5822 1.73
5823 1.73
5824 1.61
5825 1.80
5826 2.11
5827 1.77
5828 1.44
5829 1.24
5830 21.56
5831 37.89
5832 3.15
5833 0.37
5834 28.12
5835 0.00
5836 0.00
5837 0.00
5838 0.00
5839 0.00
5840 0.30
5841 1.93
5842 1.46
5843 1.73
5844 1.40
5845 1.67
5846 1.39
5847 1.42
5848 1.40
5849 1.98
5850 1.41
5851 1.39
5852 1.35
5853 4.89
5854 0.00
5855 40.45
5856 5.11
5857 1.85
5858 21.82
5859 0.00
5860 0.00
5861 4.49
5862 0.00
5863 37.89
5864 0.23
5865 1.22
5866 1.11
5867 1.82
5868 1.48
5869 1.56
5870 1.01
5871 1.40
5872 1.34
5873 1.24
5874 1.77
5875 2.57
5876 2.91
5877 2.74
5878 40.45
5879 0.00
5880 0.00
5881 0.00
5882 0.00
5883 0.00
5884 0.00
5885 12.50
5886 22.22
5887 0.45
5888 0.39
5889 1.78
5890 1.34
5891 1.60
5892 1.70
5893 1.45
5894 1.43
5895 1.42
5896 1.83
5897 2.62
5898 2.44
5899 2.28
5900 1.63
5901 4.68
5902 8.89
5903 10.68
5904 20.87
5905 29.75
5906 0.00
5907 0.00
5908 17.39
5909 27.07
5910 1.40
5911 1.51
5912 0.49
5913 1.79
5914 2.01
5915 1.57
5916 1.58
5917 1.80
5918 1.53
5919 1.57
5920 1.97
5921 2.14
5922 2.45
5923 2.09
5924 1.67
5925 7.54
5926 10.38
5927 23.96
5928 15.74
5929 5.26
5930 0.00
5931 0.00
5932 0.00
5933 0.00
5934 1.79
5935 1.08
5936 0.46
5937 1.86
5938 1.84
5939 2.00
5940 1.94
5941 1.36
5942 1.55
5943 1.61
5944 1.93
5945 2.12
5946 2.27
5947 1.77
5948 1.58
5949 6.41
5950 0.43
5951 3.61
5952 11.75
5953 8.39
5954 12.53
5955 0.00
5956 0.00
5957 0.00
5958 2.70
5959 2.13
5960 0.47
5961 1.40
5962 1.48
5963 1.70
5964 1.73
5965 1.45
5966 1.40
5967 1.88
5968 1.83
5969 1.99
5970 2.31
5971 1.97
5972 1.70
5973 4.12
5974 1.18
5975 10.98
5976 5.30
5977 0.77
5978 25.17
5979 0.00
5980 0.00
5981 0.00
5982 23.61
5983 12.80
5984 0.46
5985 1.76
5986 1.67
5987 1.50
5988 1.77
5989 1.55
5990 1.75
5991 1.90
5992 1.85
5993 2.10
5994 1.80
5995 1.61
5996 1.43
5997 1.21
5998 3.61
5999 0.00
6000 17.48
6001 0.84
6002 39.56
6003 0.00
6004 0.00
6005 0.00
6006 37.31
6007 12.00
6008 0.24
6009 1.62
6010 1.46
6011 1.66
6012 1.57
6013 1.45
6014 1.54
6015 1.63
6016 2.11
6017 1.85
6018 1.53
6019 1.18
6020 1.32
6021 1.85
6022 1.00
6023 1.35
6024 6.42
6025 0.59
6026 20.63
6027 0.00
6028 0.00
6029 38.92
6030 8.55
6031 21.82
6032 0.29
6033 1.52
6034 1.47
6035 1.06
6036 1.56
6037 1.18
6038 1.24
6039 1.34
6040 1.20
6041 1.81
6042 1.94
6043 4.20
6044 0.66
6045 4.23
6046 2.39
6047 0.00
6048 31.30
6049 0.14
6050 0.00
6051 0.00
6052 0.00
6053 9.13
6054 0.00
6055 1.41
6056 0.50
6057 2.13
6058 1.65
6059 1.50
6060 1.68
6061 1.65
6062 1.72
6063 1.65
6064 2.10
6065 2.07
6066 1.79
6067 2.13
6068 1.63
6069 3.55
6070 17.53
6071 21.56
6072 18.85
6073 0.20
6074 0.00
6075 0.00
6076 0.00
6077 14.69
6078 0.00
6079 3.74
6080 0.47
6081 2.09
6082 1.87
6083 1.96
6084 1.73
6085 1.80
6086 1.62
6087 1.97
6088 1.90
6089 2.49
6090 1.82
6091 1.93
6092 2.25
6093 7.81
6094 18.21
6095 13.76
6096 14.49
6097 8.11
6098 0.00
6099 17.39
6100 0.00
6101 0.00
6102 9.16
6103 5.72
6104 0.48
6105 2.06
6106 2.24
6107 2.00
6108 2.15
6109 1.58
6110 1.78
6111 2.01
6112 1.88
6113 2.01
6114 2.01
6115 2.16
6116 1.90
6117 5.79
6118 22.49
6119 16.62
6120 11.53
6121 18.32
6122 0.00
6123 20.11
6124 0.00
6125 12.81
6126 21.95
6127 13.95
6128 0.46
6129 1.60
6130 2.03
6131 2.08
6132 1.83
6133 2.05
6134 1.77
6135 1.79
6136 1.89
6137 2.12
6138 1.85
6139 1.87
6140 1.82
6141 7.36
6142 5.14
6143 14.90
6144 8.11
6145 0.63
6146 24.91
6147 0.00
6148 34.29
6149 13.64
6150 15.72
6151 16.00
6152 0.40
6153 1.71
6154 1.91
6155 1.80
6156 2.17
6157 1.82
6158 1.72
6159 1.71
6160 1.74
6161 1.55
6162 1.41
6163 1.84
6164 1.52
6165 1.88
6166 8.15
6167 1.39
6168 0.00
6169 0.73
6170 0.00
6171 0.00
6172 17.73
6173 0.00
6174 0.00
6175 0.71
6176 0.29
6177 1.82
6178 1.75
6179 2.00
6180 1.60
6181 1.61
6182 1.57
6183 1.47
6184 1.58
6185 2.08
6186 1.41
6187 1.37
6188 1.27
6189 2.36
6190 1.67
6191 2.89
6192 3.75
6193 1.47
6194 0.00
6195 15.19
6196 1.20
6197 0.00
6198 0.00
6199 0.00
6200 0.27
6201 1.29
6202 1.09
6203 1.20
6204 1.33
6205 1.04
6206 1.18
6207 1.16
6208 1.11
6209 1.22
6210 1.67
6211 4.07
6212 0.88
6213 58.06
6214 46.15
6215 0.00
6216 0.00
6217 0.00
6218 0.00
6219 0.00
6220 0.00
6221 15.32
6222 49.32
6223 1.48
6224 0.47
6225 1.78
6226 1.98
6227 1.42
6228 1.81
6229 1.49
6230 1.62
6231 1.78
6232 1.71
6233 2.13
6234 1.95
6235 1.95
6236 1.73
6237 6.64
6238 22.32
6239 21.98
6240 16.07
6241 6.88
6242 0.00
6243 0.00
6244 6.67
6245 0.00
6246 10.70
6247 0.79
6248 0.57
6249 2.34
6250 2.13
6251 2.15
6252 1.94
6253 1.78
6254 1.55
6255 1.76
6256 1.63
6257 2.19
6258 2.13
6259 1.62
6260 1.63
6261 6.93
6262 18.41
6263 5.01
6264 35.12
6265 0.49
6266 0.00
6267 0.00
6268 52.17
6269 6.26
6270 0.65
6271 8.18
6272 0.48
6273 1.79
6274 1.50
6275 1.50
6276 1.55
6277 1.62
6278 1.75
6279 1.64
6280 1.98
6281 2.24
6282 2.17
6283 1.65
6284 1.54
6285 7.56
6286 14.12
6287 17.98
6288 30.41
6289 3.75
6290 7.36
6291 0.00
6292 0.00
6293 0.00
6294 0.74
6295 1.70
6296 0.43
6297 2.14
6298 1.99
6299 1.58
6300 1.67
6301 1.48
6302 1.58
6303 1.91
6304 2.04
6305 2.20
6306 1.86
6307 1.75
6308 1.49
6309 5.99
6310 1.43
6311 49.32
6312 31.58
6313 0.16
6314 0.00
6315 0.00
6316 0.00
6317 16.69
6318 0.53
6319 1.05
6320 0.46
6321 1.98
6322 1.47
6323 1.61
6324 1.68
6325 1.30
6326 1.73
6327 1.66
6328 1.96
6329 2.03
6330 1.82
6331 1.56
6332 1.20
6333 3.24
6334 1.61
6335 1.29
6336 1.57
6337 0.94
6338 13.24
6339 0.00
6340 0.00
6341 0.00
6342 0.00
6343 0.41
6344 0.25
6345 1.57
6346 1.89
6347 1.57
6348 1.63
6349 1.19
6350 1.42
6351 1.45
6352 1.56
6353 1.52
6354 1.53
6355 1.36
6356 1.17
6357 1.12
6358 20.17
6359 0.53
6360 6.16
6361 0.48
6362 4.90
6363 47.37
6364 0.00
6365 51.43
6366 0.00
6367 47.06
6368 0.29
6369 1.20
6370 1.36
6371 1.20
6372 1.43
6373 1.32
6374 1.45
6375 1.29
6376 1.24
6377 1.26
6378 1.44
6379 4.26
6380 2.84
6381 1.31
6382 0.00
6383 25.17
6384 0.00
6385 0.00
6386 0.00
6387 0.00
6388 0.00
6389 50.70
6390 25.71
6391 1.47
6392 0.45
6393 2.23
6394 1.97
6395 1.85
6396 1.81
6397 1.66
6398 1.77
6399 1.72
6400 1.87
6401 2.46
6402 1.85
6403 1.86
6404 1.49
6405 5.87
6406 8.67
6407 25.23
6408 11.84
6409 0.00
6410 0.00
6411 0.00
6412 7.41
6413 22.50
6414 0.00
6415 15.82
6416 0.53
6417 2.31
6418 2.15
6419 1.63
6420 1.47
6421 1.44
6422 1.70
6423 1.75
6424 2.19
6425 1.82
6426 2.25
6427 2.41
6428 2.01
6429 6.11
6430 13.74
6431 17.14
6432 14.60
6433 37.50
6434 5.83
6435 0.00
6436 0.00
6437 16.00
6438 0.85
6439 1.40
6440 0.42
6441 1.39
6442 1.65
6443 1.50
6444 1.58
6445 1.42
6446 1.67
6447 1.65
6448 2.09
6449 2.32
6450 1.91
6451 1.60
6452 1.63
6453 3.39
6454 11.50
6455 53.73
6456 46.75
6457 4.63
6458 5.19
6459 28.35
6460 30.25
6461 16.44
6462 13.53
6463 0.88
6464 0.43
6465 1.75
6466 1.79
6467 1.81
6468 1.36
6469 1.73
6470 1.48
6471 1.66
6472 1.77
6473 1.79
6474 1.98
6475 1.59
6476 1.68
6477 7.50
6478 45.57
6479 5.31
6480 3.72
6481 1.95
6482 6.67
6483 0.00
6484 2.34
6485 3.30
6486 8.23
6487 0.89
6488 0.45
6489 1.80
6490 2.22
6491 1.75
6492 1.07
6493 1.38
6494 1.62
6495 2.02
6496 1.72
6497 1.74
6498 2.11
6499 1.68
6500 1.51
6501 5.26
6502 9.36
6503 2.25
6504 1.52
6505 0.69
6506 30.64
6507 0.00
6508 0.00
6509 0.00
6510 0.00
6511 48.00
6512 0.28
6513 2.03
6514 1.93
6515 1.92
6516 1.92
6517 1.47
6518 1.98
6519 1.24
6520 1.72
6521 1.94
6522 2.46
6523 1.71
6524 1.36
6525 5.80
6526 1.18
6527 1.05
6528 2.02
6529 1.31
6530 2.04
6531 9.02
6532 41.86
6533 0.00
6534 27.27
6535 0.00
6536 0.22
6537 1.57
6538 1.11
6539 1.55
6540 1.46
6541 1.10
6542 1.02
6543 1.07
6544 1.23
6545 1.40
6546 1.52
6547 2.08
6548 2.14
6549 1.25
6550 5.65
6551 0.00
6552 0.00
6553 0.33
6554 0.00
6555 23.38
6556 48.65
6557 11.88
6558 59.02
6559 26.97
6560 0.91
6561 1.37
6562 1.58
6563 1.94
6564 1.89
6565 2.13
6566 1.99
6567 1.61
6568 1.61
6569 2.15
6570 1.49
6571 1.83
6572 1.73
6573 3.77
6574 1.17
6575 1.15
6576 3.39
6577 0.15
6578 42.35
6579 0.00
6580 49.32
6581 2.27
6582 30.38
6583 0.00
6584 0.56
6585 1.40
6586 1.27
6587 1.54
6588 1.45
6589 1.21
6590 1.16
6591 1.13
6592 1.55
6593 1.32
6594 1.45
6595 2.51
6596 8.70
6597 1.07
6598 0.45
6599 36.18
6600 9.63
6601 0.11
6602 0.00
6603 0.00
6604 0.00
6605 15.79
6606 0.00
6607 13.97
6608 1.63
6609 2.52
6610 1.92
6611 1.74
6612 1.64
6613 1.43
6614 1.57
6615 1.59
6616 2.01
6617 2.64
6618 2.39
6619 1.92
6620 2.44
6621 4.22
6622 33.96
6623 30.77
6624 10.88
6625 0.07
6626 0.00
6627 0.00
6628 0.00
6629 29.27
6630 22.50
6631 15.00
6632 1.55
6633 2.19
6634 1.52
6635 1.61
6636 1.32
6637 1.47
6638 1.60
6639 1.77
6640 2.18
6641 1.66
6642 1.94
6643 1.65
6644 1.96
6645 6.63
6646 26.13
6647 8.12
6648 29.51
6649 0.12
6650 7.07
6651 19.46
6652 0.00
6653 32.73
6654 1.96
6655 2.87
6656 1.25
6657 2.02
6658 1.77
6659 1.45
6660 1.73
6661 1.30
6662 1.48
6663 1.60
6664 1.65
6665 2.32
6666 2.50
6667 1.69
6668 1.76
6669 7.71
6670 4.99
6671 9.05
6672 37.50
6673 0.12
6674 2.09
6675 13.55
6676 5.03
6677 7.81
6678 0.82
6679 5.82
6680 1.25
6681 1.80
6682 1.78
6683 1.72
6684 1.67
6685 1.44
6686 1.32
6687 1.71
6688 1.97
6689 2.10
6690 2.34
6691 2.03
6692 1.72
6693 4.80
6694 10.43
6695 6.75
6696 15.70
6697 0.17
6698 4.71
6699 0.00
6700 0.00
6701 30.77
6702 57.14
6703 1.47
6704 1.23
6705 1.59
6706 1.88
6707 1.61
6708 1.74
6709 1.35
6710 1.73
6711 1.72
6712 1.74
6713 2.32
6714 2.20
6715 1.71
6716 1.22
6717 3.52
6718 0.54
6719 0.99
6720 17.63
6721 0.19
6722 6.61
6723 16.59
6724 0.00
6725 0.00
6726 23.38
6727 4.24
6728 0.71
6729 1.21
6730 1.69
6731 1.74
6732 1.57
6733 1.44
6734 1.46
6735 1.24
6736 1.64
6737 1.52
6738 1.57
6739 1.36
6740 1.26
6741 4.25
6742 1.23
6743 4.19
6744 2.59
6745 0.26
6746 9.81
6747 24.32
6748 24.97
6749 0.00
6750 28.12
6751 23.03
6752 0.78
6753 1.14
6754 1.13
6755 1.38
6756 1.25
6757 1.23
6758 1.35
6759 1.34
6760 1.36
6761 1.55
6762 1.50
6763 4.20
6764 3.86
6765 6.18
6766 21.97
6767 8.33
6768 1.84
6769 0.15
6770 0.00
6771 0.00
6772 24.66
6773 31.30
6774 10.76
6775 12.67
6776 1.02
6777 1.38
6778 2.45
6779 1.72
6780 1.48
6781 1.43
6782 1.52
6783 1.59
6784 1.64
6785 2.30
6786 2.18
6787 1.56
6788 1.51
6789 6.57
6790 37.11
6791 2.41
6792 10.63
6793 0.08
6794 5.64
6795 0.00
6796 29.03
6797 23.61
6798 18.21
6799 4.82
6800 1.31
6801 1.85
6802 1.85
6803 1.39
6804 1.42
6805 1.48
6806 1.66
6807 1.51
6808 1.61
6809 2.11
6810 2.17
6811 1.56
6812 1.56
6813 3.31
6814 1.95
6815 4.01
6816 19.02
6817 0.10
6818 24.49
6819 1.68
6820 0.00
6821 6.02
6822 0.95
6823 4.14
6824 0.92
6825 1.91
6826 1.56
6827 1.39
6828 1.34
6829 1.46
6830 1.59
6831 1.80
6832 1.60
6833 2.07
6834 1.96
6835 1.56
6836 1.43
6837 3.05
6838 17.94
6839 36.49
6840 3.99
6841 16.18
6842 0.00
6843 0.00
6844 0.00
6845 21.01
6846 15.65
6847 1.44
6848 1.13
6849 1.53
6850 1.73
6851 1.56
6852 1.71
6853 1.55
6854 1.49
6855 2.02
6856 1.84
6857 2.25
6858 1.85
6859 1.55
6860 1.71
6861 3.49
6862 4.61
6863 9.25
6864 23.44
6865 19.17
6866 0.00
6867 5.97
6868 0.00
6869 21.82
6870 0.00
6871 1.10
6872 1.79
6873 1.75
6874 1.78
6875 1.77
6876 1.71
6877 1.50
6878 1.76
6879 1.92
6880 2.25
6881 2.25
6882 1.91
6883 1.58
6884 1.37
6885 3.12
6886 52.17
6887 2.68
6888 5.41
6889 0.75
6890 41.86
6891 0.00
6892 0.00
6893 0.00
6894 33.33
6895 3.06
6896 1.04
6897 1.32
6898 1.39
6899 1.60
6900 1.75
6901 1.44
6902 1.56
6903 1.61
6904 1.79
6905 1.67
6906 1.66
6907 1.51
6908 1.40
6909 8.13
6910 0.59
6911 1.49
6912 1.33
6913 0.50
6914 28.80
6915 28.80
6916 0.00
6917 52.17
6918 2.67
6919 4.95
6920 0.85
6921 1.17
6922 1.10
6923 1.67
6924 1.37
6925 1.14
6926 1.06
6927 1.23
6928 1.25
6929 1.19
6930 1.85
6931 3.31
6932 17.22
6933 2.68
6934 22.93
6935 13.04
6936 0.00
6937 0.00
6938 0.00
6939 0.00
6940 0.00
6941 9.18
6942 35.93
6943 11.51
6944 1.51
6945 1.90
6946 1.59
6947 1.73
6948 1.64
6949 1.59
6950 1.65
6951 1.58
6952 2.01
6953 2.44
6954 2.52
6955 2.07
6956 2.12
6957 7.78
6958 14.42
6959 30.77
6960 0.00
6961 14.88
6962 0.00
6963 0.00
6964 0.00
6965 16.00
6966 8.67
6967 7.54
6968 1.23
6969 1.90
6970 1.68
6971 1.60
6972 1.54
6973 1.61
6974 1.58
6975 1.98
6976 1.59
6977 2.02
6978 2.45
6979 1.56
6980 1.76
6981 4.36
6982 19.02
6983 7.83
6984 40.00
6985 19.51
6986 0.00
6987 21.95
6988 0.00
6989 40.00
6990 0.00
6991 1.16
6992 1.26
6993 1.60
6994 1.79
6995 1.72
6996 1.79
6997 1.56
6998 1.75
6999 1.70
7000 1.81
7001 2.40
7002 2.59
7003 1.57
7004 1.50
7005 3.38
7006 3.97
7007 15.37
7008 0.00
7009 0.23
7010 13.58
7011 3.20
7012 0.00
7013 24.88
7014 29.35
7015 8.16
7016 1.19
7017 1.65
7018 1.83
7019 1.60
7020 1.70
7021 1.51
7022 1.78
7023 1.93
7024 2.09
7025 1.86
7026 1.97
7027 1.45
7028 1.99
7029 4.11
7030 23.18
7031 4.38
7032 3.74
7033 0.24
7034 0.00
7035 0.00
7036 0.00
7037 0.00
7038 19.25
7039 9.46
7040 1.42
7041 1.52
7042 1.75
7043 1.64
7044 1.60
7045 1.68
7046 1.43
7047 1.68
7048 1.85
7049 2.16
7050 2.09
7051 1.50
7052 1.70
7053 3.60
7054 1.23
7055 6.29
7056 2.84
7057 0.22
7058 9.09
7059 0.00
7060 0.00
7061 0.00
7062 0.00
7063 2.84
7064 1.16
7065 1.42
7066 1.57
7067 1.77
7068 1.63
7069 1.53
7070 1.74
7071 1.57
7072 1.49
7073 1.44
7074 1.74
7075 1.29
7076 1.31
7077 2.94
7078 1.40
7079 1.34
7080 37.89
7081 0.17
7082 8.91
7083 0.00
7084 22.09
7085 21.30
7086 57.14
7087 1.55
7088 1.15
7089 1.23
7090 1.00
7091 1.88
7092 1.26
7093 1.57
7094 1.31
7095 1.15
7096 1.58
7097 1.53
7098 1.75
7099 3.83
7100 0.88
7101 4.28
7102 12.54
7103 28.69
7104 21.30
7105 0.11
7106 0.00
7107 0.00
7108 0.00
7109 25.53
7110 0.00
7111 10.83
7112 0.95
7113 1.80
7114 1.42
7115 1.59
7116 1.59
7117 1.55
7118 1.75
7119 1.61
7120 1.76
7121 2.10
7122 2.49
7123 1.97
7124 1.41
7125 3.95
7126 5.67
7127 13.62
7128 10.59
7129 0.12
7130 20.81
7131 0.00
7132 0.00
7133 29.75
7134 12.31
7135 13.62
7136 1.34
7137 1.87
7138 1.97
7139 1.66
7140 1.41
7141 1.37
7142 1.48
7143 1.75
7144 1.81
7145 2.17
7146 2.32
7147 1.50
7148 2.03
7149 8.08
7150 3.33
7151 29.15
7152 17.31
7153 0.22
7154 0.00
7155 52.94
7156 27.27
7157 33.96
7158 56.25
7159 4.21
7160 1.17
7161 1.38
7162 1.45
7163 1.63
7164 1.27
7165 1.52
7166 1.62
7167 1.93
7168 1.70
7169 1.82
7170 2.03
7171 1.43
7172 1.55
7173 7.02
7174 1.01
7175 28.63
7176 16.98
7177 0.20
7178 0.00
7179 0.00
7180 0.00
7181 7.79
7182 25.17
7183 6.15
7184 1.36
7185 1.63
7186 1.56
7187 1.61
7188 1.61
7189 1.58
7190 1.94
7191 1.55
7192 1.88
7193 2.46
7194 2.11
7195 1.73
7196 1.65
7197 3.30
7198 3.31
7199 20.13
7200 0.00
7201 0.38
7202 6.21
7203 0.00
7204 11.15
7205 36.73
7206 0.00
7207 1.08
7208 1.22
7209 1.87
7210 1.72
7211 1.79
7212 1.78
7213 1.35
7214 1.67
7215 2.07
7216 2.03
7217 2.45
7218 2.18
7219 2.01
7220 1.59
7221 1.40
7222 0.43
7223 0.59
7224 2.39
7225 0.26
7226 32.43
7227 37.89
7228 0.00
7229 10.88
7230 0.00
7231 6.09
7232 1.01
7233 2.58
7234 1.58
7235 1.65
7236 1.36
7237 1.50
7238 1.50
7239 1.48
7240 1.51
7241 1.65
7242 1.62
7243 1.56
7244 1.34
7245 1.87
7246 4.99
7247 2.48
7248 2.53
7249 0.32
7250 1.23
7251 0.00
7252 58.06
7253 52.17
7254 23.53
7255 0.33
7256 1.08
7257 1.05
7258 1.50
7259 1.49
7260 1.34
7261 1.06
7262 1.12
7263 1.28
7264 1.24
7265 1.46
7266 1.53
7267 2.31
7268 0.50
7269 5.89
7270 15.93
7271 20.38
7272 7.04
7273 0.20
7274 0.00
7275 0.00
7276 0.61
7277 9.52
7278 0.00
7279 2.52
7280 1.34
7281 1.75
7282 1.48
7283 1.78
7284 1.70
7285 1.34
7286 1.66
7287 1.92
7288 1.99
7289 2.45
7290 1.92
7291 1.71
7292 1.76
7293 2.73
7294 2.16
7295 1.37
7296 8.55
7297 0.35
7298 0.00
7299 0.00
7300 0.00
7301 10.07
7302 15.42
7303 12.63
7304 0.22
7305 0.42
7306 0.63
7307 1.11
7308 0.99
7309 0.70
7310 0.99
7311 0.73
7312 0.98
7313 1.13
7314 1.23
7315 1.33
7316 1.70
7317 3.53
7318 1.43
7319 0.00
7320 41.62
7321 0.17
7322 0.00
7323 0.00
7324 0.00
7325 14.63
7326 0.00
7327 4.43
7328 1.77
7329 2.05
7330 1.85
7331 1.36
7332 1.41
7333 1.38
7334 1.55
7335 1.53
7336 1.92
7337 2.18
7338 1.97
7339 1.71
7340 1.92
7341 5.36
7342 10.89
7343 12.26
7344 23.68
7345 0.09
7346 0.00
7347 36.18
7348 0.00
7349 10.51
7350 12.77
7351 2.94
7352 1.17
7353 1.98
7354 1.70
7355 1.82
7356 1.69
7357 1.37
7358 1.56
7359 1.90
7360 1.59
7361 2.08
7362 2.20
7363 1.61
7364 1.51
7365 5.62
7366 13.41
7367 4.14
7368 8.59
7369 0.20
7370 0.00
7371 14.46
7372 19.78
7373 3.94
7374 0.00
7375 2.86
7376 1.48
7377 1.48
7378 1.57
7379 1.34
7380 1.64
7381 1.50
7382 1.56
7383 1.48
7384 1.81
7385 2.06
7386 1.95
7387 1.60
7388 1.59
7389 3.59
7390 1.03
7391 2.82
7392 12.24
7393 0.39
7394 43.11
7395 0.00
7396 30.77
7397 0.00
7398 15.52
7399 4.98
7400 1.24
7401 2.19
7402 1.74
7403 1.73
7404 1.83
7405 1.69
7406 1.73
7407 1.92
7408 2.19
7409 1.80
7410 1.39
7411 1.45
7412 1.49
7413 1.06
7414 1.27
7415 1.66
7416 3.40
7417 0.17
7418 26.09
7419 0.00
7420 27.07
7421 0.00
7422 33.33
7423 0.00
7424 0.70
7425 1.39
7426 1.41
7427 1.55
7428 1.48
7429 1.12
7430 1.18
7431 1.09
7432 1.30
7433 1.32
7434 1.68
7435 2.48
7436 1.71
7437 12.37
7438 27.27
7439 0.00
7440 19.46
7441 0.08
7442 15.25
7443 7.28
7444 0.00
7445 16.51
7446 22.83
7447 8.34
7448 1.02
7449 1.75
7450 1.52
7451 1.89
7452 1.83
7453 1.51
7454 1.58
7455 1.86
7456 1.96
7457 2.36
7458 2.79
7459 1.83
7460 1.73
7461 7.08
7462 7.43
7463 9.13
7464 11.34
7465 0.17
7466 0.00
7467 10.64
7468 0.00
7469 17.27
7470 50.00
7471 6.88
7472 0.78
7473 1.37
7474 1.69
7475 1.72
7476 1.42
7477 1.67
7478 1.42
7479 1.96
7480 1.77
7481 2.31
7482 2.88
7483 1.63
7484 2.41
7485 9.35
7486 4.72
7487 39.13
7488 0.00
7489 0.31
7490 0.00
7491 0.00
7492 0.00
7493 19.15
7494 8.63
7495 4.47
7496 1.71
7497 1.70
7498 1.65
7499 1.53
7500 1.60
7501 1.61
7502 1.71
7503 1.46
7504 1.90
7505 2.06
7506 2.07
7507 1.87
7508 1.50
7509 7.77
7510 16.62
7511 32.27
7512 12.57
7513 0.25
7514 0.00
7515 0.00
7516 0.00
7517 25.53
7518 22.41
7519 2.64
7520 1.46
7521 2.25
7522 1.84
7523 1.45
7524 1.61
7525 1.42
7526 1.68
7527 1.77
7528 1.70
7529 2.30
7530 2.24
7531 1.40
7532 1.42
7533 3.50
7534 5.33
7535 16.52
7536 6.87
7537 0.29
7538 0.00
7539 0.00
7540 0.00
7541 29.75
7542 32.88
7543 7.39
7544 1.31
7545 1.35
7546 1.79
7547 1.60
7548 1.58
7549 1.56
7550 1.72
7551 1.78
7552 1.77
7553 2.36
7554 1.80
7555 1.62
7556 1.72
7557 1.65
7558 0.58
7559 38.40
7560 6.50
7561 0.37
7562 27.62
7563 14.34
7564 17.06
7565 6.65
7566 39.56
7567 1.15
7568 1.15
7569 1.68
7570 1.88
7571 1.76
7572 1.73
7573 1.54
7574 1.24
7575 1.54
7576 1.66
7577 1.35
7578 1.75
7579 1.59
7580 1.26
7581 1.64
7582 0.96
7583 9.76
7584 1.46
7585 0.24
7586 0.00
7587 29.27
7588 0.00
7589 59.02
7590 21.69
7591 51.43
7592 1.08
7593 0.98
7594 1.08
7595 1.28
7596 1.05
7597 1.11
7598 1.13
7599 1.22
7600 1.45
7601 1.19
7602 1.49
7603 3.65
7604 8.63
7605 2.11
7606 1.79
7607 35.53
7608 9.44
7609 0.08
7610 0.00
7611 0.00
7612 0.00
7613 28.57
7614 0.00
7615 9.18
7616 1.69
7617 1.81
7618 1.89
7619 1.74
7620 1.67
7621 1.62
7622 1.70
7623 1.58
7624 2.17
7625 2.12
7626 2.59
7627 1.54
7628 1.93
7629 5.98
7630 1.99
7631 1.52
7632 2.33
7633 0.12
7634 0.00
7635 0.00
7636 0.00
7637 34.95
7638 0.13
7639 2.88
7640 1.12
7641 1.43
7642 1.68
7643 1.65
7644 1.56
7645 1.37
7646 1.31
7647 1.61
7648 1.88
7649 1.99
7650 2.01
7651 1.87
7652 1.82
7653 5.56
7654 7.69
7655 25.97
7656 58.06
7657 0.08
7658 0.00
7659 0.00
7660 0.00
7661 24.00
7662 24.16
7663 3.13
7664 1.21
7665 1.78
7666 1.72
7667 1.59
7668 1.54
7669 1.35
7670 1.54
7671 1.54
7672 1.86
7673 1.89
7674 2.33
7675 1.79
7676 1.45
7677 1.49
7678 25.62
7679 14.19
7680 24.11
7681 0.12
7682 41.38
7683 0.00
7684 0.00
7685 17.06
7686 0.00
7687 3.89
7688 1.13
7689 1.90
7690 1.65
7691 1.98
7692 1.70
7693 1.57
7694 1.61
7695 1.86
7696 1.67
7697 1.97
7698 2.07
7699 1.79
7700 1.61
7701 2.03
7702 15.94
7703 15.81
7704 4.88
7705 0.23
7706 32.43
7707 0.00
7708 0.00
7709 29.51
7710 19.38
7711 10.12
7712 1.43
7713 1.32
7714 1.45
7715 1.67
7716 1.58
7717 1.79
7718 1.49
7719 1.78
7720 2.11
7721 2.65
7722 1.72
7723 1.62
7724 1.68
7725 1.62
7726 1.61
7727 5.36
7728 17.10
7729 0.15
7730 0.45
7731 43.90
7732 52.17
7733 0.00
7734 47.37
7735 4.93
7736 0.85
7737 2.11
7738 1.46
7739 1.72
7740 1.79
7741 1.33
7742 1.38
7743 1.35
7744 1.43
7745 1.48
7746 1.34
7747 1.37
7748 1.20
7749 2.52
7750 0.68
7751 1.29
7752 9.47
7753 0.39
7754 3.60
7755 29.69
7756 46.15
7757 9.90
7758 3.04
7759 0.00
7760 0.87
7761 1.54
7762 1.40
7763 1.32
7764 1.32
7765 1.31
7766 1.22
7767 1.15
7768 1.18
7769 1.27
7770 1.62
7771 2.45
7772 1.41
7773 37.50
7774 1.01
7775 0.00
7776 39.56
7777 0.22
7778 0.00
7779 0.00
7780 0.00
7781 23.84
7782 0.00
7783 12.86
7784 1.47
7785 1.74
7786 1.81
7787 1.62
7788 1.55
7789 1.62
7790 1.77
7791 1.71
7792 2.06
7793 2.52
7794 2.58
7795 2.01
7796 1.94
7797 3.14
7798 29.69
7799 23.84
7800 13.53
7801 0.08
7802 1.37
7803 0.00
7804 1.52
7805 33.96
7806 8.41
7807 1.80
7808 1.50
7809 1.94
7810 1.69
7811 1.43
7812 1.55
7813 1.65
7814 1.68
7815 1.73
7816 1.89
7817 2.29
7818 2.11
7819 1.50
7820 1.46
7821 2.79
7822 1.83
7823 25.95
7824 32.73
7825 0.77
7826 0.00
7827 0.00
7828 13.61
7829 37.11
7830 17.39
7831 2.34
7832 1.14
7833 1.85
7834 1.69
7835 1.66
7836 1.57
7837 1.44
7838 1.59
7839 1.68
7840 1.77
7841 1.93
7842 1.59
7843 1.35
7844 1.70
7845 3.97
7846 4.05
7847 3.39
7848 30.90
7849 0.49
7850 20.57
7851 25.35
7852 12.63
7853 2.05
7854 48.65
7855 9.03
7856 1.32
7857 2.16
7858 1.76
7859 1.53
7860 1.89
7861 1.66
7862 2.07
7863 1.79
7864 2.29
7865 2.40
7866 2.31
7867 1.43
7868 1.53
7869 6.32
7870 5.17
7871 1.31
7872 20.87
7873 0.20
7874 0.00
7875 56.25
7876 0.00
7877 5.22
7878 6.51
7879 8.85
7880 1.63
7881 2.32
7882 2.08
7883 2.12
7884 1.72
7885 1.64
7886 1.74
7887 1.62
7888 2.07
7889 1.81
7890 2.11
7891 1.61
7892 1.61
7893 1.18
7894 5.07
7895 2.31
7896 2.38
7897 0.34
7898 52.55
7899 54.55
7900 0.00
7901 10.37
7902 4.99
7903 52.17
7904 1.05
7905 1.43
7906 1.70
7907 1.54
7908 1.43
7909 1.33
7910 1.45
7911 1.27
7912 1.30
7913 1.79
7914 1.43
7915 1.59
7916 1.35
7917 4.50
7918 3.81
7919 1.82
7920 4.22
7921 0.59
7922 38.92
7923 4.69
7924 0.05
7925 2.07
7926 42.35
7927 0.00
7928 1.05
7929 1.49
7930 1.43
7931 1.20
7932 1.28
7933 1.03
7934 1.07
7935 1.07
7936 1.27
7937 1.44
7938 1.58
7939 3.73
7940 1.49
7941 2.03
7942 1.43
7943 8.53
7944 12.09
7945 0.04
7946 0.00
7947 18.75
7948 0.00
7949 1.26
7950 29.27
7951 11.33
7952 1.46
7953 1.79
7954 2.06
7955 1.82
7956 1.90
7957 1.58
7958 1.65
7959 1.79
7960 1.91
7961 2.20
7962 2.15
7963 1.63
7964 1.58
7965 3.63
7966 1.11
7967 0.00
7968 20.45
7969 0.30
7970 6.56
7971 0.83
7972 6.50
7973 31.03
7974 6.35
7975 1.91
7976 1.19
7977 2.35
7978 1.66
7979 1.86
7980 1.87
7981 1.61
7982 1.78
7983 1.75
7984 2.00
7985 2.51
7986 2.18
7987 1.42
7988 1.46
7989 6.53
7990 3.18
7991 5.39
7992 0.00
7993 0.18
7994 14.91
7995 0.00
7996 0.00
7997 3.52
7998 40.91
7999 2.68
8000 1.48
8001 1.85
8002 2.00
8003 2.17
8004 1.67
8005 1.49
8006 1.63
8007 1.87
8008 1.71
8009 1.76
8010 2.28
8011 1.97
8012 1.76
8013 3.18
8014 21.06
8015 6.48
8016 41.76
8017 0.25
8018 15.65
8019 29.75
8020 16.00
8021 33.33
8022 0.00
8023 7.01
8024 1.70
8025 1.76
8026 1.55
8027 1.88
8028 1.92
8029 1.43
8030 1.74
8031 1.89
8032 1.83
8033 1.92
8034 1.67
8035 1.48
8036 1.50
8037 2.92
8038 0.89
8039 8.24
8040 1.35
8041 0.09
8042 8.14
8043 0.00
8044 20.93
8045 24.83
8046 3.40
8047 4.72
8048 1.41
8049 1.79
8050 1.52
8051 1.70
8052 1.77
8053 1.32
8054 1.70
8055 1.70
8056 2.24
8057 2.83
8058 1.60
8059 1.54
8060 1.59
8061 1.63
8062 0.97
8063 3.61
8064 13.04
8065 0.27
8066 0.00
8067 40.22
8068 0.00
8069 8.59
8070 45.00
8071 21.43
8072 1.19
8073 1.65
8074 1.94
8075 2.02
8076 1.81
8077 1.85
8078 1.73
8079 1.79
8080 1.99
8081 2.27
8082 1.72
8083 1.57
8084 1.47
8085 2.09
8086 0.96
8087 1.72
8088 4.64
8089 0.39
8090 10.14
8091 10.62
8092 26.47
8093 0.00
8094 17.01
8095 44.44
8096 0.75
8097 1.74
8098 1.57
8099 1.38
8100 1.01
8101 1.42
8102 1.35
8103 1.40
8104 1.54
8105 1.59
8106 1.74
8107 3.61
8108 10.20
8109 1.34
8110 2.33
8111 7.79
8112 1.04
8113 0.06
8114 13.21
8115 0.00
8116 0.00
8117 33.96
8118 54.55
8119 3.44
8120 1.42
8121 1.61
8122 1.85
8123 1.70
8124 1.65
8125 1.46
8126 1.50
8127 1.62
8128 1.85
8129 2.21
8130 1.97
8131 1.78
8132 1.63
8133 5.20
8134 9.95
8135 6.76
8136 6.14
8137 0.12
8138 12.12
8139 0.00
8140 0.00
8141 25.78
8142 0.67
8143 2.43
8144 1.11
8145 1.57
8146 1.53
8147 1.28
8148 1.50
8149 1.52
8150 1.70
8151 1.49
8152 2.07
8153 2.09
8154 1.98
8155 1.62
8156 1.71
8157 7.17
8158 19.35
8159 8.93
8160 8.11
8161 0.63
8162 52.94
8163 0.00
8164 0.00
8165 0.00
8166 22.22
8167 3.76
8168 1.29
8169 1.96
8170 1.75
8171 1.64
8172 1.83
8173 1.45
8174 1.83
8175 1.84
8176 1.95
8177 2.15
8178 2.27
8179 1.41
8180 1.53
8181 6.78
8182 7.50
8183 18.95
8184 14.63
8185 0.21
8186 52.94
8187 2.26
8188 0.00
8189 15.81
8190 36.36
8191 3.60
8192 0.96
8193 1.72
8194 1.35
8195 1.57
8196 1.65
8197 1.24
8198 1.75
8199 2.00
8200 1.88
8201 2.06
8202 2.09
8203 1.62
8204 1.36
8205 2.85
8206 5.89
8207 48.00
8208 4.65
8209 0.12
8210 0.00
8211 55.38
8212 0.00
8213 3.48
8214 40.45
8215 11.04
8216 1.54
8217 2.00
8218 1.76
8219 1.56
8220 1.67
8221 1.58
8222 1.65
8223 1.93
8224 1.89
8225 2.29
8226 1.88
8227 1.66
8228 1.43
8229 2.11
8230 1.31
8231 9.44
8232 6.45
8233 0.37
8234 0.00
8235 0.00
8236 19.93
8237 0.00
8238 0.00
8239 23.84
8240 0.86
8241 1.40
8242 1.58
8243 1.74
8244 1.60
8245 1.88
8246 1.80
8247 1.52
8248 1.48
8249 1.69
8250 1.72
8251 1.60
8252 1.32
8253 2.75
8254 0.83
8255 11.55
8256 13.71
8257 0.27
8258 31.86
8259 8.36
8260 46.75
8261 37.11
8262 0.00
8263 20.87
8264 0.68
8265 1.69
8266 1.13
8267 1.45
8268 1.40
8269 1.09
8270 1.21
8271 1.30
8272 1.35
8273 1.39
8274 1.80
8275 3.85
8276 2.55
8277 3.67
8278 41.38
8279 0.00
8280 11.43
8281 0.09
8282 0.00
8283 11.54
8284 0.00
8285 0.00
8286 37.89
8287 1.88
8288 1.04
8289 1.74
8290 1.81
8291 1.62
8292 1.57
8293 1.45
8294 1.34
8295 1.47
8296 1.70
8297 2.12
8298 2.07
8299 1.72
8300 1.53
8301 2.65
8302 5.17
8303 6.61
8304 34.95
8305 0.14
8306 0.00
8307 0.00
8308 5.68
8309 25.17
8310 3.46
8311 15.75
8312 1.05
8313 1.83
8314 1.55
8315 1.43
8316 1.51
8317 1.37
8318 1.42
8319 1.43
8320 1.77
8321 2.01
8322 1.94
8323 1.82
8324 1.68
8325 5.01
8326 24.02
8327 57.14
8328 26.09
8329 0.20
8330 27.48
8331 0.00
8332 5.71
8333 37.50
8334 0.00
8335 7.06
8336 1.45
8337 1.71
8338 1.38
8339 1.72
8340 1.37
8341 1.33
8342 1.58
8343 1.80
8344 1.53
8345 1.77
8346 2.07
8347 1.47
8348 1.52
8349 2.68
8350 40.71
8351 29.03
8352 19.25
8353 0.30
8354 21.36
8355 36.73
8356 0.00
8357 16.67
8358 46.15
8359 7.31
8360 1.11
8361 1.58
8362 1.38
8363 1.35
8364 1.77
8365 1.75
8366 1.53
8367 1.88
8368 1.90
8369 2.15
8370 2.07
8371 1.59
8372 1.35
8373 2.47
8374 4.04
8375 11.85
8376 12.46
8377 0.78
8378 32.00
8379 0.00
8380 0.00
8381 36.55
8382 57.14
8383 10.11
8384 1.25
8385 1.48
8386 1.58
8387 1.49
8388 1.66
8389 1.52
8390 1.49
8391 1.93
8392 1.90
8393 2.31
8394 1.69
8395 1.43
8396 1.54
8397 1.98
8398 0.89
8399 7.74
8400 3.89
8401 0.26
8402 10.40
8403 11.73
8404 48.87
8405 0.00
8406 0.00
8407 9.14
8408 1.45
8409 2.25
8410 1.65
8411 1.97
8412 1.97
8413 1.65
8414 1.63
8415 1.54
8416 1.56
8417 1.77
8418 1.69
8419 1.19
8420 1.22
8421 3.89
8422 0.85
8423 2.19
8424 2.54
8425 0.40
8426 0.00
8427 19.89
8428 0.00
8429 0.00
8430 0.00
8431 44.44
8432 0.69
8433 1.29
8434 1.07
8435 1.33
8436 1.17
8437 1.25
8438 1.38
8439 1.17
8440 1.47
8441 1.37
8442 1.83
8443 2.37
8444 40.00
8445 1.43
8446 0.93
8447 13.95
8448 5.79
8449 0.12
8450 0.00
8451 0.00
8452 0.00
8453 0.00
8454 58.06
8455 1.59
8456 1.42
8457 2.09
8458 1.88
8459 1.38
8460 1.75
8461 1.88
8462 1.70
8463 1.83
8464 1.90
8465 1.94
8466 2.47
8467 1.86
8468 1.57
8469 1.98
8470 2.93
8471 0.00
8472 30.25
8473 0.21
8474 0.00
8475 0.00
8476 0.00
8477 0.00
8478 24.08
8479 0.58
8480 1.19
8481 1.76
8482 1.66
8483 1.67
8484 1.56
8485 1.38
8486 1.69
8487 1.77
8488 1.80
8489 2.50
8490 2.64
8491 1.97
8492 2.11
8493 6.32
8494 8.15
8495 43.90
8496 42.35
8497 12.90
8498 0.00
8499 0.00
8500 0.00
8501 0.00
8502 0.00
8503 54.55
8504 1.38
8505 1.74
8506 1.60
8507 1.37
8508 1.70
8509 1.33
8510 1.50
8511 1.68
8512 1.65
8513 2.23
8514 1.74
8515 1.75
8516 1.60
8517 4.90
8518 2.74
8519 26.77
8520 0.00
8521 1.03
8522 32.73
8523 15.84
8524 25.17
8525 0.00
8526 9.15
8527 0.73
8528 1.25
8529 1.55
8530 1.75
8531 1.91
8532 1.84
8533 1.74
8534 1.85
8535 1.92
8536 2.14
8537 2.24
8538 2.09
8539 1.89
8540 2.30
8541 2.93
8542 1.27
8543 2.51
8544 36.92
8545 0.13
8546 18.14
8547 6.47
8548 22.09
8549 0.00
8550 0.00
8551 3.29
8552 1.37
8553 1.54
8554 1.70
8555 1.76
8556 1.86
8557 1.75
8558 1.92
8559 1.97
8560 2.15
8561 2.58
8562 2.07
8563 1.58
8564 2.17
8565 2.35
8566 1.21
8567 34.78
8568 3.85
8569 0.20
8570 0.00
8571 0.00
8572 52.17
8573 37.50
8574 0.94
8575 0.00
8576 0.94
8577 1.94
8578 2.28
8579 1.69
8580 2.12
8581 1.87
8582 1.79
8583 1.66
8584 1.87
8585 1.69
8586 1.65
8587 1.77
8588 1.88
8589 2.62
8590 0.77
8591 0.00
8592 29.11
8593 0.12
8594 0.00
8595 0.00
8596 0.00
8597 0.00
8598 0.00
8599 27.27
8600 0.31
8601 0.59
8602 0.65
8603 0.96
8604 0.69
8605 0.50
8606 0.62
8607 0.92
8608 1.19
8609 1.30
8610 1.80
8611 8.80
8612 2.19
8613 1.80
8614 0.00
8615 15.58
8616 0.00
8617 0.17
8618 0.00
8619 15.06
8620 0.00
8621 0.00
8622 0.00
8623 0.00
8624 0.26
8625 0.76
8626 0.78
8627 0.72
8628 0.59
8629 0.92
8630 0.70
8631 0.94
8632 1.10
8633 1.22
8634 1.20
8635 1.62
8636 1.61
8637 3.70
8638 12.40
8639 18.30
8640 28.69
8641 0.08
8642 23.38
8643 42.86
8644 41.86
8645 0.00
8646 45.00
8647 0.92
8648 0.31
8649 0.87
8650 0.87
8651 0.82
8652 0.84
8653 1.04
8654 0.94
8655 1.02
8656 1.36
8657 1.50
8658 1.08
8659 1.24
8660 1.65
8661 3.78
8662 4.46
8663 7.01
8664 0.00
8665 0.34
8666 40.91
8667 0.00
8668 0.00
8669 0.00
8670 24.16
8671 0.83
8672 1.11
8673 2.37
8674 1.64
8675 1.38
8676 1.50
8677 1.43
8678 1.69
8679 1.74
8680 1.74
8681 1.65
8682 2.12
8683 1.83
8684 1.78
8685 3.88
8686 7.80
8687 6.06
8688 0.00
8689 0.81
8690 0.00
8691 8.14
8692 0.00
8693 0.00
8694 16.78
8695 0.80
8696 1.27
8697 1.99
8698 1.68
8699 1.61
8700 1.45
8701 1.52
8702 1.41
8703 1.60
8704 1.49
8705 2.07
8706 2.10
8707 1.95
8708 2.13
8709 5.13
8710 4.01
8711 20.89
8712 9.73
8713 0.67
8714 3.52
8715 6.21
8716 37.11
8717 0.00
8718 0.00
8719 0.65
8720 1.19
8721 1.33
8722 1.84
8723 1.72
8724 1.79
8725 1.52
8726 1.46
8727 1.73
8728 1.95
8729 1.89
8730 1.56
8731 1.49
8732 1.78
8733 5.48
8734 5.54
8735 37.76
8736 8.37
8737 3.99
8738 50.30
8739 1.63
8740 5.46
8741 41.54
8742 46.15
8743 15.23
8744 1.05
8745 3.56
8746 2.54
8747 2.25
8748 2.07
8749 1.68
8750 1.85
8751 1.98
8752 1.82
8753 2.12
8754 2.03
8755 1.81
8756 1.53
8757 3.76
8758 2.36
8759 0.97
8760 52.94
