1 0
2 0
3 0
4 0
5 0
6 0
7 0
8 0
9 0
10 0
11 0
12 0
13 0
14 0
15 0
16 0
17 0
18 0
19 0
20 0
21 0
22 0
23 0
24 0
25 0
26 0
27 0
28 0
29 0
30 0
31 0
32 0
33 0
34 0
35 0
36 0
37 0
38 0
39 0
40 0
41 0
42 0
43 0
44 0
45 0
46 0
47 0
48 0
49 0
50 0
51 0
52 0
53 0
54 0
55 0
56 0
57 0
58 0
59 0
60 0
61 0
62 0
63 0
64 0
65 0
66 0
67 0
68 0
69 0
70 0
71 0
72 0
73 0
74 0
75 0
76 0
77 0
78 0
79 0
80 0
81 0
82 0
83 0
84 0
85 0
86 0
87 0
88 0
89 0
90 0
91 0
92 0
93 0
94 0
95 0
96 0
97 0
98 0
99 0
100 0
101 0
102 0
103 0
104 0
105 0
106 0
107 0
108 0
109 0
110 0
111 0
112 0
113 0
114 0
115 0
116 0
117 0
118 0
119 0
120 0
121 0
122 0
123 0
124 0
125 0
126 0
127 0
128 0
129 0
130 0
131 0
132 0
133 0
134 0
135 0
136 0
137 0
138 0
139 0
140 0
141 0
142 0
143 0
144 0
145 0
146 0
147 0
148 0
149 0
150 0
151 0
152 0
153 0
154 0
155 0
156 0
157 0
158 0
159 0
160 0
161 0
162 0
163 0
164 0
165 0
166 0
167 0
168 0
169 0
170 0
171 0
172 0
173 0
174 0
175 0
176 0
177 0
178 0
179 0
180 0
181 0
182 0
183 0
184 0
185 0
186 0
187 0
188 0
189 0
190 0
191 0
192 0
193 0
194 0
195 0
196 0
197 0
198 0
199 0
200 0
201 0
202 0
203 0
204 0
205 0
206 0
207 0
208 0
209 0
210 0
211 0
212 0
213 0
214 0
215 0
216 0
217 0
218 0
219 0
220 0
221 0
222 0
223 0
224 0
225 0
226 0
227 0
228 0
229 0
230 0
231 0
232 0
233 0
234 0
235 0
236 0
237 0
238 0
239 0
240 0
241 0
242 0
243 0
244 0
245 0
246 0
247 0
248 0
249 0
250 0
251 0
252 0
253 0
254 0
255 0
256 0
257 0
258 0
259 0
260 0
261 0
262 0
263 0
264 0
265 0
266 0
267 0
268 0
269 0
270 0
271 0
272 0
273 0
274 0
275 0
276 0
277 0
278 0
279 0
280 0
281 0
282 0
283 0
284 0
285 0
286 0
287 0
288 0
289 0
290 0
291 0
292 0
293 0
294 0
295 0
296 0
297 0
298 0
299 0
300 0
301 0
302 0
303 0
304 0
305 0
306 0
307 0
308 0
309 0
310 0
311 0
312 0
313 0
314 0
315 0
316 0
317 0
318 0
319 0
320 0
321 0
322 0
323 0
324 0
325 0
326 0
327 0
328 0
329 0
330 0
331 0
332 0
333 0
334 0
335 0
336 0
337 0
338 0
339 0
340 0
341 0
342 0
343 0
344 0
345 0
346 0
347 0
348 0
349 0
350 0
351 0
352 0
353 0
354 0
355 0
356 0
357 0
358 0
359 0
360 0
361 0
362 0
363 0
364 0
365 0
366 0
367 0
368 0
369 0
370 0
371 0
372 0
373 0
374 0
375 0
376 0
377 0
378 0
379 0
380 0
381 0
382 0
383 0
384 0
385 0
386 0
387 0
388 0
389 0
390 0
391 0
392 0
393 0
394 0
395 0
396 0
397 0
398 0
399 0
400 0
401 0
402 0
403 0
404 0
405 0
406 0
407 0
408 0
409 0
410 0
411 0
412 0
413 0
414 0
415 0
416 0
417 0
418 0
419 0
420 0
421 0
422 0
423 0
424 0
425 0
426 0
427 0
428 0
429 0
430 0
431 0
432 0
433 0
434 0
435 0
436 0
437 0
438 0
439 0
440 0
441 0
442 0
443 0
444 0
445 0
446 0
447 0
448 0
449 0
450 0
451 0
452 0
453 0
454 0
455 0
456 0
457 0
458 0
459 0
460 0
461 0
462 0
463 0
464 0
465 0
466 0
467 0
468 0
469 0
470 0
471 0
472 0
473 0
474 0
475 0
476 0
477 0
478 0
479 0
480 0
481 0
482 0
483 0
484 0
485 0
486 0
487 0
488 0
489 0
490 0
491 0
492 0
493 0
494 0
495 0
496 0
497 0
498 0
499 0
500 0
501 0
502 0
503 0
504 0
505 0
506 0
507 0
508 0
509 0
510 0
511 0
512 0
513 0
514 0
515 0
516 0
517 0
518 0
519 0
520 0
521 0
522 0
523 0
524 0
525 0
526 0
527 0
528 0
529 0
530 0
531 0
532 0
533 0
534 0
535 0
536 0
537 0
538 0
539 0
540 0
541 0
542 0
543 0
544 0
545 0
546 0
547 0
548 0
549 0
550 0
551 0
552 0
553 0
554 0
555 0
556 0
557 0
558 0
559 0
560 0
561 0
562 0
563 0
564 0
565 0
566 0
567 0
568 0
569 0
570 0
571 0
572 0
573 0
574 0
575 0
576 0
577 0
578 0
579 0
580 0
581 0
582 0
583 0
584 0
585 0
586 0
587 0
588 0
589 0
590 0
591 0
592 0
593 0
594 0
595 0
596 0
597 0
598 0
599 0
600 0
601 0
602 0
603 0
604 0
605 0
606 0
607 0
608 0
609 0
610 0
611 0
612 0
613 0
614 0
615 0
616 0
617 0
618 0
619 0
620 0
621 0
622 0
623 0
624 0
625 0
626 0
627 0
628 0
629 0
630 0
631 0
632 0
633 0
634 0
635 0
636 0
637 0
638 0
639 0
640 0
641 0
642 0
643 0
644 0
645 0
646 0
647 0
648 0
649 0
650 0
651 0
652 0
653 0
654 0
655 0
656 0
657 0
658 0
659 0
660 0
661 0
662 0
663 0
664 0
665 0
666 0
667 0
668 0
669 0
670 0
671 0
672 0
673 0
674 0
675 0
676 0
677 0
678 0
679 0
680 0
681 0
682 0
683 0
684 0
685 0
686 0
687 0
688 0
689 0
690 0
691 0
692 0
693 0
694 0
695 0
696 0
697 0
698 0
699 0
700 0
701 0
702 0
703 0
704 0
705 0
706 0
707 0
708 0
709 0
710 0
711 0
712 0
713 0
714 0
715 0
716 0
717 0
718 0
719 0
720 0
721 0
722 0
723 0
724 0
725 0
726 0
727 0
728 0
729 0
730 0
731 0
732 0
733 0
734 0
735 0
736 0
737 0
738 0
739 0
740 0
741 0
742 0
743 0
744 0
745 0
746 0
747 0
748 0
749 0
750 0
751 0
752 0
753 0
754 0
755 0
756 0
757 0
758 0
759 0
760 0
761 0
762 0
763 0
764 0
765 0
766 0
767 0
768 0
769 0
770 0
771 0
772 0
773 0
774 0
775 0
776 0
777 0
778 0
779 0
780 0
781 0
782 0
783 0
784 0
785 0
786 0
787 0
788 0
789 0
790 0
791 0
792 0
793 0
794 0
795 0
796 0
797 0
798 0
799 0
800 0
801 0
802 0
803 0
804 0
805 0
806 0
807 0
808 0
809 0
810 0
811 0
812 0
813 0
814 0
815 0
816 0
817 0
818 0
819 0
820 0
821 0
822 0
823 0
824 0
825 0
826 0
827 0
828 0
829 0
830 0
831 0
832 0
833 0
834 0
835 0
836 0
837 0
838 0
839 0
840 0
841 0
842 0
843 0
844 0
845 0
846 0
847 0
848 0
849 0
850 0
851 0
852 0
853 0
854 0
855 0
856 0
857 0
858 0
859 0
860 0
861 0
862 0
863 0
864 0
865 0
866 0
867 0
868 0
869 0
870 0
871 0
872 0
873 0
874 0
875 0
876 0
877 0
878 0
879 0
880 0
881 0
882 0
883 0
884 0
885 0
886 0
887 0
888 0
889 0
890 0
891 0
892 0
893 0
894 0
895 0
896 0
897 0
898 0
899 0
900 0
901 0
902 0
903 0
904 0
905 0
906 0
907 0
908 0
909 0
910 0
911 0
912 0
913 0
914 0
915 0
916 0
917 0
918 0
919 0
920 0
921 0
922 0
923 0
924 0
925 0
926 0
927 0
928 0
929 0
930 0
931 0
932 0
933 0
934 0
935 0
936 0
937 0
938 0
939 0
940 0
941 0
942 0
943 0
944 0
945 0
946 0
947 0
948 0
949 0
950 0
951 0
952 0
953 0
954 0
955 0
956 0
957 0
958 0
959 0
960 0
961 0
962 0
963 0
964 0
965 0
966 0
967 0
968 0
969 0
970 0
971 0
972 0
973 0
974 0
975 0
976 0
977 0
978 0
979 0
980 0
981 0
982 0
983 0
984 0
985 0
986 0
987 0
988 0
989 0
990 0
991 0
992 0
993 0
994 0
995 0
996 0
997 0
998 0
999 0
1000 0
1001 0
1002 0
1003 0
1004 0
1005 0
1006 0
1007 0
1008 0
1009 0
1010 0
1011 0
1012 0
1013 0
1014 0
1015 0
1016 0
1017 0
1018 0
1019 0
1020 0
1021 0
1022 0
1023 0
1024 0
1025 0
1026 0
1027 0
1028 0
1029 0
1030 0
1031 0
1032 0
1033 0
1034 0
1035 0
1036 0
1037 0
1038 0
1039 0
1040 0
1041 0
1042 0
1043 0
1044 0
1045 0
1046 0
1047 0
1048 0
1049 0
1050 0
1051 0
1052 0
1053 0
1054 0
1055 0
1056 0
1057 0
1058 0
1059 0
1060 0
1061 0
1062 0
1063 0
1064 0
1065 0
1066 0
1067 0
1068 0
1069 0
1070 0
1071 0
1072 0
1073 0
1074 0
1075 0
1076 0
1077 0
1078 0
1079 0
1080 0
1081 0
1082 0
1083 0
1084 0
1085 0
1086 0
1087 0
1088 0
1089 0
1090 0
1091 0
1092 0
1093 0
1094 0
1095 0
1096 0
1097 0
1098 0
1099 0
1100 0
1101 0
1102 0
1103 0
1104 0
1105 0
1106 0
1107 0
1108 0
1109 0
1110 0
1111 0
1112 0
1113 0
1114 0
1115 0
1116 0
1117 0
1118 0
1119 0
1120 0
1121 0
1122 0
1123 0
1124 0
1125 0
1126 0
1127 0
1128 0
1129 0
1130 0
1131 0
1132 0
1133 0
1134 0
1135 0
1136 0
1137 0
1138 0
1139 0
1140 0
1141 0
1142 0
1143 0
1144 0
1145 0
1146 0
1147 0
1148 0
1149 0
1150 0
1151 0
1152 0
1153 0
1154 0
1155 0
1156 0
1157 0
1158 0
1159 0
1160 0
1161 0
1162 0
1163 0
1164 0
1165 0
1166 0
1167 0
1168 0
1169 0
1170 0
1171 0
1172 0
1173 0
1174 0
1175 0
1176 0
1177 0
1178 0
1179 0
1180 0
1181 0
1182 0
1183 0
1184 0
1185 0
1186 0
1187 0
1188 0
1189 0
1190 0
1191 0
1192 0
1193 0
1194 0
1195 0
1196 0
1197 0
1198 0
1199 0
1200 0
1201 0
1202 0
1203 0
1204 0
1205 0
1206 0
1207 0
1208 0
1209 0
1210 0
1211 0
1212 0
1213 0
1214 0
1215 0
1216 0
1217 0
1218 0
1219 0
1220 0
1221 0
1222 0
1223 0
1224 0
1225 0
1226 0
1227 0
1228 0
1229 0
1230 0
1231 0
1232 0
1233 0
1234 0
1235 0
1236 0
1237 0
1238 0
1239 0
1240 0
1241 0
1242 0
1243 0
1244 0
1245 0
1246 0
1247 0
1248 0
1249 0
1250 0
1251 0
1252 0
1253 0
1254 0
1255 0
1256 0
1257 0
1258 0
1259 0
1260 0
1261 0
1262 0
1263 0
1264 0
1265 0
1266 0
1267 0
1268 0
1269 0
1270 0
1271 0
1272 0
1273 0
1274 0
1275 0
1276 0
1277 0
1278 0
1279 0
1280 0
1281 0
1282 0
1283 0
1284 0
1285 0
1286 0
1287 0
1288 0
1289 0
1290 0
1291 0
1292 0
1293 0
1294 0
1295 0
1296 0
1297 0
1298 0
1299 0
1300 0
1301 0
1302 0
1303 0
1304 0
1305 0
1306 0
1307 0
1308 0
1309 0
1310 0
1311 0
1312 0
1313 0
1314 0
1315 0
1316 0
1317 0
1318 0
1319 0
1320 0
1321 0
1322 0
1323 0
1324 0
1325 0
1326 0
1327 0
1328 0
1329 0
1330 0
1331 0
1332 0
1333 0
1334 0
1335 0
1336 0
1337 0
1338 0
1339 0
1340 0
1341 0
1342 0
1343 0
1344 0
1345 0
1346 0
1347 0
1348 0
1349 0
1350 0
1351 0
1352 0
1353 0
1354 0
1355 0
1356 0
1357 0
1358 0
1359 0
1360 0
1361 0
1362 0
1363 0
1364 0
1365 0
1366 0
1367 0
1368 0
1369 0
1370 0
1371 0
1372 0
1373 0
1374 0
1375 0
1376 0
1377 0
1378 0
1379 0
1380 0
1381 0
1382 0
1383 0
1384 0
1385 0
1386 0
1387 0
1388 0
1389 0
1390 0
1391 0
1392 0
1393 0
1394 0
1395 0
1396 0
1397 0
1398 0
1399 0
1400 0
1401 0
1402 0
1403 0
1404 0
1405 0
1406 0
1407 0
1408 0
1409 0
1410 0
1411 0
1412 0
1413 0
1414 0
1415 0
1416 0
1417 0
1418 0
1419 0
1420 0
1421 0
1422 0
1423 0
1424 0
1425 0
1426 0
1427 0
1428 0
1429 0
1430 0
1431 0
1432 0
1433 0
1434 0
1435 0
1436 0
1437 0
1438 0
1439 0
1440 0
1441 0
1442 0
1443 0
1444 0
1445 0
1446 0
1447 0
1448 0
1449 0
1450 0
1451 0
1452 0
1453 0
1454 0
1455 0
1456 0
1457 0
1458 0
1459 0
1460 0
1461 0
1462 0
1463 0
1464 0
1465 0
1466 0
1467 0
1468 0
1469 0
1470 0
1471 0
1472 0
1473 0
1474 0
1475 0
1476 0
1477 0
1478 0
1479 0
1480 0
1481 0
1482 0
1483 0
1484 0
1485 0
1486 0
1487 0
1488 0
1489 0
1490 0
1491 0
1492 0
1493 0
1494 0
1495 0
1496 0
1497 0
1498 0
1499 0
1500 0
1501 0
1502 0
1503 0
1504 0
1505 0
1506 0
1507 0
1508 0
1509 0
1510 0
1511 0
1512 0
1513 0
1514 0
1515 0
1516 0
1517 0
1518 0
1519 0
1520 0
1521 0
1522 0
1523 0
1524 0
1525 0
1526 0
1527 0
1528 0
1529 0
1530 0
1531 0
1532 0
1533 0
1534 0
1535 0
1536 0
1537 0
1538 0
1539 0
1540 0
1541 0
1542 0
1543 0
1544 0
1545 0
1546 0
1547 0
1548 0
1549 0
1550 0
1551 0
1552 0
1553 0
1554 0
1555 0
1556 0
1557 0
1558 0
1559 0
1560 0
1561 0
1562 0
1563 0
1564 0
1565 0
1566 0
1567 0
1568 0
1569 0
1570 0
1571 0
1572 0
1573 0
1574 0
1575 0
1576 0
1577 0
1578 0
1579 0
1580 0
1581 0
1582 0
1583 0
1584 0
1585 0
1586 0
1587 0
1588 0
1589 0
1590 0
1591 0
1592 0
1593 0
1594 0
1595 0
1596 0
1597 0
1598 0
1599 0
1600 0
1601 0
1602 0
1603 0
1604 0
1605 0
1606 0
1607 0
1608 0
1609 0
1610 0
1611 0
1612 0
1613 0
1614 0
1615 0
1616 0
1617 0
1618 0
1619 0
1620 0
1621 0
1622 0
1623 0
1624 0
1625 0
1626 0
1627 0
1628 0
1629 0
1630 0
1631 0
1632 0
1633 0
1634 0
1635 0
1636 0
1637 0
1638 0
1639 0
1640 0
1641 0
1642 0
1643 0
1644 0
1645 0
1646 0
1647 0
1648 0
1649 0
1650 0
1651 0
1652 0
1653 0
1654 0
1655 0
1656 0
1657 0
1658 0
1659 0
1660 0
1661 0
1662 0
1663 0
1664 0
1665 0
1666 0
1667 0
1668 0
1669 0
1670 0
1671 0
1672 0
1673 0
1674 0
1675 0
1676 0
1677 0
1678 0
1679 0
1680 0
1681 0
1682 0
1683 0
1684 0
1685 0
1686 0
1687 0
1688 0
1689 0
1690 0
1691 0
1692 0
1693 0
1694 0
1695 0
1696 0
1697 0
1698 0
1699 0
1700 0
1701 0
1702 0
1703 0
1704 0
1705 0
1706 0
1707 0
1708 0
1709 0
1710 0
1711 0
1712 0
1713 0
1714 0
1715 0
1716 0
1717 0
1718 0
1719 0
1720 0
1721 0
1722 0
1723 0
1724 0
1725 0
1726 0
1727 0
1728 0
1729 0
1730 0
1731 0
1732 0
1733 0
1734 0
1735 0
1736 0
1737 0
1738 0
1739 0
1740 0
1741 0
1742 0
1743 0
1744 0
1745 0
1746 0
1747 0
1748 0
1749 0
1750 0
1751 0
1752 0
1753 0
1754 0
1755 0
1756 0
1757 0
1758 0
1759 0
1760 0
1761 0
1762 0
1763 0
1764 0
1765 0
1766 0
1767 0
1768 0
1769 0
1770 0
1771 0
1772 0
1773 0
1774 0
1775 0
1776 0
1777 0
1778 0
1779 0
1780 0
1781 0
1782 0
1783 0
1784 0
1785 0
1786 0
1787 0
1788 0
1789 0
1790 0
1791 0
1792 0
1793 0
1794 0
1795 0
1796 0
1797 0
1798 0
1799 0
1800 0
1801 0
1802 0
1803 0
1804 0
1805 0
1806 0
1807 0
1808 0
1809 0
1810 0
1811 0
1812 0
1813 0
1814 0
1815 0
1816 0
1817 0
1818 0
1819 0
1820 0
1821 0
1822 0
1823 0
1824 0
1825 0
1826 0
1827 0
1828 0
1829 0
1830 0
1831 0
1832 0
1833 0
1834 0
1835 0
1836 0
1837 0
1838 0
1839 0
1840 0
1841 0
1842 0
1843 0
1844 0
1845 0
1846 0
1847 0
1848 0
1849 0
1850 0
1851 0
1852 0
1853 0
1854 0
1855 0
1856 0
1857 0
1858 0
1859 0
1860 0
1861 0
1862 0
1863 0
1864 0
1865 0
1866 0
1867 0
1868 0
1869 0
1870 0
1871 0
1872 0
1873 0
1874 0
1875 0
1876 0
1877 0
1878 0
1879 0
1880 0
1881 0
1882 0
1883 0
1884 0
1885 0
1886 0
1887 0
1888 0
1889 0
1890 0
1891 0
1892 0
1893 0
1894 0
1895 0
1896 0
1897 0
1898 0
1899 0
1900 0
1901 0
1902 0
1903 0
1904 0
1905 0
1906 0
1907 0
1908 0
1909 0
1910 0
1911 0
1912 0
1913 0
1914 0
1915 0
1916 0
1917 0
1918 0
1919 0
1920 0
1921 0
1922 0
1923 0
1924 0
1925 0
1926 0
1927 0
1928 0
1929 0
1930 0
1931 0
1932 0
1933 0
1934 0
1935 0
1936 0
1937 0
1938 0
1939 0
1940 0
1941 0
1942 0
1943 0
1944 0
1945 0
1946 0
1947 0
1948 0
1949 0
1950 0
1951 0
1952 0
1953 0
1954 0
1955 0
1956 0
1957 0
1958 0
1959 0
1960 0
1961 0
1962 0
1963 0
1964 0
1965 0
1966 0
1967 0
1968 0
1969 0
1970 0
1971 0
1972 0
1973 0
1974 0
1975 0
1976 0
1977 0
1978 0
1979 0
1980 0
1981 0
1982 0
1983 0
1984 0
1985 0
1986 0
1987 0
1988 0
1989 0
1990 0
1991 0
1992 0
1993 0
1994 0
1995 0
1996 0
1997 0
1998 0
1999 0
2000 0
2001 0
2002 0
2003 0
2004 0
2005 0
2006 0
2007 0
2008 0
2009 0
2010 0
2011 0
2012 0
2013 0
2014 0
2015 0
2016 0
2017 0
2018 0
2019 0
2020 0
2021 0
2022 0
2023 0
2024 0
2025 0
2026 0
2027 0
2028 0
2029 0
2030 0
2031 0
2032 0
2033 0
2034 0
2035 0
2036 0
2037 0
2038 0
2039 0
2040 0
2041 0
2042 0
2043 0
2044 0
2045 0
2046 0
2047 0
2048 0
2049 0
2050 0
2051 0
2052 0
2053 0
2054 0
2055 0
2056 0
2057 0
2058 0
2059 0
2060 0
2061 0
2062 0
2063 0
2064 0
2065 0
2066 0
2067 0
2068 0
2069 0
2070 0
2071 0
2072 0
2073 0
2074 0
2075 0
2076 0
2077 0
2078 0
2079 0
2080 0
2081 0
2082 0
2083 0
2084 0
2085 0
2086 0
2087 0
2088 0
2089 0
2090 0
2091 0
2092 0
2093 0
2094 0
2095 0
2096 0
2097 0
2098 0
2099 0
2100 0
2101 0
2102 0
2103 0
2104 0
2105 0
2106 0
2107 0
2108 0
2109 0
2110 0
2111 0
2112 0
2113 0
2114 0
2115 0
2116 0
2117 0
2118 0
2119 0
2120 0
2121 0
2122 0
2123 0
2124 0
2125 0
2126 0
2127 0
2128 0
2129 0
2130 0
2131 0
2132 0
2133 0
2134 0
2135 0
2136 0
2137 0
2138 0
2139 0
2140 0
2141 0
2142 0
2143 0
2144 0
2145 0
2146 0
2147 0
2148 0
2149 0
2150 0
2151 0
2152 0
2153 0
2154 0
2155 0
2156 0
2157 0
2158 0
2159 0
2160 0
2161 0
2162 0
2163 0
2164 0
2165 0
2166 0
2167 0
2168 0
2169 0
2170 0
2171 0
2172 0
2173 0
2174 0
2175 0
2176 0
2177 0
2178 0
2179 0
2180 0
2181 0
2182 0
2183 0
2184 0
2185 0
2186 0
2187 0
2188 0
2189 0
2190 0
2191 0
2192 0
2193 0
2194 0
2195 0
2196 0
2197 0
2198 0
2199 0
2200 0
2201 0
2202 0
2203 0
2204 0
2205 0
2206 0
2207 0
2208 0
2209 0
2210 0
2211 0
2212 0
2213 0
2214 0
2215 0
2216 0
2217 0
2218 0
2219 0
2220 0
2221 0
2222 0
2223 0
2224 0
2225 0
2226 0
2227 0
2228 0
2229 0
2230 0
2231 0
2232 0
2233 0
2234 0
2235 0
2236 0
2237 0
2238 0
2239 0
2240 0
2241 0
2242 0
2243 0
2244 0
2245 0
2246 0
2247 0
2248 0
2249 0
2250 0
2251 0
2252 0
2253 0
2254 0
2255 0
2256 0
2257 0
2258 0
2259 0
2260 0
2261 0
2262 0
2263 0
2264 0
2265 0
2266 0
2267 0
2268 0
2269 0
2270 0
2271 0
2272 0
2273 0
2274 0
2275 0
2276 0
2277 0
2278 0
2279 0
2280 0
2281 0
2282 0
2283 0
2284 0
2285 0
2286 0
2287 0
2288 0
2289 0
2290 0
2291 0
2292 0
2293 0
2294 0
2295 0
2296 0
2297 0
2298 0
2299 0
2300 0
2301 0
2302 0
2303 0
2304 0
2305 0
2306 0
2307 0
2308 0
2309 0
2310 0
2311 0
2312 0
2313 0
2314 0
2315 0
2316 0
2317 0
2318 0
2319 0
2320 0
2321 0
2322 0
2323 0
2324 0
2325 0
2326 0
2327 0
2328 0
2329 0
2330 0
2331 0
2332 0
2333 0
2334 0
2335 0
2336 0
2337 0
2338 0
2339 0
2340 0
2341 0
2342 0
2343 0
2344 0
2345 0
2346 0
2347 0
2348 0
2349 0
2350 0
2351 0
2352 0
2353 0
2354 0
2355 0
2356 0
2357 0
2358 0
2359 0
2360 0
2361 0
2362 0
2363 0
2364 0
2365 0
2366 0
2367 0
2368 0
2369 0
2370 0
2371 0
2372 0
2373 0
2374 0
2375 0
2376 0
2377 0
2378 0
2379 0
2380 0
2381 0
2382 0
2383 0
2384 0
2385 0
2386 0
2387 0
2388 0
2389 0
2390 0
2391 0
2392 0
2393 0
2394 0
2395 0
2396 0
2397 0
2398 0
2399 0
2400 0
2401 0
2402 0
2403 0
2404 0
2405 0
2406 0
2407 0
2408 0
2409 0
2410 0
2411 0
2412 0
2413 0
2414 0
2415 0
2416 0
2417 0
2418 0
2419 0
2420 0
2421 0
2422 0
2423 0
2424 0
2425 0
2426 0
2427 0
2428 0
2429 0
2430 0
2431 0
2432 0
2433 0
2434 0
2435 0
2436 0
2437 0
2438 0
2439 0
2440 0
2441 0
2442 0
2443 0
2444 0
2445 0
2446 0
2447 0
2448 0
2449 0
2450 0
2451 0
2452 0
2453 0
2454 0
2455 0
2456 0
2457 0
2458 0
2459 0
2460 0
2461 0
2462 0
2463 0
2464 0
2465 0
2466 0
2467 0
2468 0
2469 0
2470 0
2471 0
2472 0
2473 0
2474 0
2475 0
2476 0
2477 0
2478 0
2479 0
2480 0
2481 0
2482 0
2483 0
2484 0
2485 0
2486 0
2487 0
2488 0
2489 0
2490 0
2491 0
2492 0
2493 0
2494 0
2495 0
2496 0
2497 0
2498 0
2499 0
2500 0
2501 0
2502 0
2503 0
2504 0
2505 0
2506 0
2507 0
2508 0
2509 0
2510 0
2511 0
2512 0
2513 0
2514 0
2515 0
2516 0
2517 0
2518 0
2519 0
2520 0
2521 0
2522 0
2523 0
2524 0
2525 0
2526 0
2527 0
2528 0
2529 0
2530 0
2531 0
2532 0
2533 0
2534 0
2535 0
2536 0
2537 0
2538 0
2539 0
2540 0
2541 0
2542 0
2543 0
2544 0
2545 0
2546 0
2547 0
2548 0
2549 0
2550 0
2551 0
2552 0
2553 0
2554 0
2555 0
2556 0
2557 0
2558 0
2559 0
2560 0
2561 0
2562 0
2563 0
2564 0
2565 0
2566 0
2567 0
2568 0
2569 0
2570 0
2571 0
2572 0
2573 0
2574 0
2575 0
2576 0
2577 0
2578 0
2579 0
2580 0
2581 0
2582 0
2583 0
2584 0
2585 0
2586 0
2587 0
2588 0
2589 0
2590 0
2591 0
2592 0
2593 0
2594 0
2595 0
2596 0
2597 0
2598 0
2599 0
2600 0
2601 0
2602 0
2603 0
2604 0
2605 0
2606 0
2607 0
2608 0
2609 0
2610 0
2611 0
2612 0
2613 0
2614 0
2615 0
2616 0
2617 0
2618 0
2619 0
2620 0
2621 0
2622 0
2623 0
2624 0
2625 0
2626 0
2627 0
2628 0
2629 0
2630 0
2631 0
2632 0
2633 0
2634 0
2635 0
2636 0
2637 0
2638 0
2639 0
2640 0
2641 0
2642 0
2643 0
2644 0
2645 0
2646 0
2647 0
2648 0
2649 0
2650 0
2651 0
2652 0
2653 0
2654 0
2655 0
2656 0
2657 0
2658 0
2659 0
2660 0
2661 0
2662 0
2663 0
2664 0
2665 0
2666 0
2667 0
2668 0
2669 0
2670 0
2671 0
2672 0
2673 0
2674 0
2675 0
2676 0
2677 0
2678 0
2679 0
2680 0
2681 0
2682 0
2683 0
2684 0
2685 0
2686 0
2687 0
2688 0
2689 0
2690 0
2691 0
2692 0
2693 0
2694 0
2695 0
2696 0
2697 0
2698 0
2699 0
2700 0
2701 0
2702 0
2703 0
2704 0
2705 0
2706 0
2707 0
2708 0
2709 0
2710 0
2711 0
2712 0
2713 0
2714 0
2715 0
2716 0
2717 0
2718 0
2719 0
2720 0
2721 0
2722 0
2723 0
2724 0
2725 0
2726 0
2727 0
2728 0
2729 0
2730 0
2731 0
2732 0
2733 0
2734 0
2735 0
2736 0
2737 0
2738 0
2739 0
2740 0
2741 0
2742 0
2743 0
2744 0
2745 0
2746 0
2747 0
2748 0
2749 0
2750 0
2751 0
2752 0
2753 0
2754 0
2755 0
2756 0
2757 0
2758 0
2759 0
2760 0
2761 0
2762 0
2763 0
2764 0
2765 0
2766 0
2767 0
2768 0
2769 0
2770 0
2771 0
2772 0
2773 0
2774 0
2775 0
2776 0
2777 0
2778 0
2779 0
2780 0
2781 0
2782 0
2783 0
2784 0
2785 0
2786 0
2787 0
2788 0
2789 0
2790 0
2791 0
2792 0
2793 0
2794 0
2795 0
2796 0
2797 0
2798 0
2799 0
2800 0
2801 0
2802 0
2803 0
2804 0
2805 0
2806 0
2807 0
2808 0
2809 0
2810 0
2811 0
2812 0
2813 0
2814 0
2815 0
2816 0
2817 0
2818 0
2819 0
2820 0
2821 0
2822 0
2823 0
2824 0
2825 0
2826 0
2827 0
2828 0
2829 0
2830 0
2831 0
2832 0
2833 0
2834 0
2835 0
2836 0
2837 0
2838 0
2839 0
2840 0
2841 0
2842 0
2843 0
2844 0
2845 0
2846 0
2847 0
2848 0
2849 0
2850 0
2851 0
2852 0
2853 0
2854 0
2855 0
2856 0
2857 0
2858 0
2859 0
2860 0
2861 0
2862 0
2863 0
2864 0
2865 0
2866 0
2867 0
2868 0
2869 0
2870 0
2871 0
2872 0
2873 0
2874 0
2875 0
2876 0
2877 0
2878 0
2879 0
2880 0
2881 0
2882 0
2883 0
2884 0
2885 0
2886 0
2887 0
2888 0
2889 0
2890 0
2891 0
2892 0
2893 0
2894 0
2895 0
2896 0
2897 0
2898 0
2899 0
2900 0
2901 0
2902 0
2903 0
2904 0
2905 0
2906 0
2907 0
2908 0
2909 0
2910 0
2911 0
2912 0
2913 0
2914 0
2915 0
2916 0
2917 0
2918 0
2919 0
2920 0
2921 0
2922 0
2923 0
2924 0
2925 0
2926 0
2927 0
2928 0
2929 0
2930 0
2931 0
2932 0
2933 0
2934 0
2935 0
2936 0
2937 0
2938 0
2939 0
2940 0
2941 0
2942 0
2943 0
2944 0
2945 0
2946 0
2947 0
2948 0
2949 0
2950 0
2951 0
2952 0
2953 0
2954 0
2955 0
2956 0
2957 0
2958 0
2959 0
2960 0
2961 0
2962 0
2963 0
2964 0
2965 0
2966 0
2967 0
2968 0
2969 0
2970 0
2971 0
2972 0
2973 0
2974 0
2975 0
2976 0
2977 0
2978 0
2979 0
2980 0
2981 0
2982 0
2983 0
2984 0
2985 0
2986 0
2987 0
2988 0
2989 0
2990 0
2991 0
2992 0
2993 0
2994 0
2995 0
2996 0
2997 0
2998 0
2999 0
3000 0
3001 0
3002 0
3003 0
3004 0
3005 0
3006 0
3007 0
3008 0
3009 0
3010 0
3011 0
3012 0
3013 0
3014 0
3015 0
3016 0
3017 0
3018 0
3019 0
3020 0
3021 0
3022 0
3023 0
3024 0
3025 0
3026 0
3027 0
3028 0
3029 0
3030 0
3031 0
3032 17
3033 17
3034 24
3035 27
3036 23
3037 24
3038 25
3039 24
3040 17
3041 20
3042 19
3043 11
3044 0
3045 0
3046 0
3047 0
3048 0
3049 0
3050 0
3051 0
3052 0
3053 0
3054 0
3055 0
3056 38
3057 46
3058 130
3059 92
3060 92
3061 83
3062 83
3063 90
3064 76
3065 77
3066 90
3067 46
3068 0
3069 0
3070 0
3071 0
3072 0
3073 0
3074 0
3075 0
3076 0
3077 0
3078 0
3079 0
3080 39
3081 28
3082 106
3083 99
3084 77
3085 83
3086 94
3087 75
3088 61
3089 98
3090 67
3091 19
3092 0
3093 0
3094 0
3095 0
3096 0
3097 0
3098 0
3099 0
3100 0
3101 0
3102 0
3103 0
3104 50
3105 61
3106 142
3107 179
3108 144
3109 148
3110 152
3111 128
3112 108
3113 92
3114 79
3115 39
3116 0
3117 0
3118 0
3119 0
3120 0
3121 0
3122 0
3123 0
3124 0
3125 0
3126 0
3127 0
3128 84
3129 85
3130 218
3131 195
3132 169
3133 169
3134 172
3135 190
3136 128
3137 142
3138 126
3139 65
3140 0
3141 0
3142 0
3143 0
3144 0
3145 0
3146 0
3147 0
3148 0
3149 0
3150 0
3151 0
3152 47
3153 63
3154 85
3155 127
3156 113
3157 71
3158 39
3159 44
3160 42
3161 33
3162 12
3163 8
3164 0
3165 0
3166 0
3167 0
3168 0
3169 0
3170 0
3171 0
3172 0
3173 0
3174 0
3175 0
3176 11
3177 10
3178 25
3179 33
3180 26
3181 21
3182 19
3183 25
3184 29
3185 8
3186 9
3187 5
3188 0
3189 0
3190 0
3191 0
3192 0
3193 0
3194 0
3195 0
3196 0
3197 0
3198 0
3199 0
3200 87
3201 112
3202 206
3203 264
3204 237
3205 211
3206 279
3207 219
3208 216
3209 138
3210 166
3211 72
3212 1
3213 0
3214 0
3215 0
3216 0
3217 0
3218 0
3219 0
3220 0
3221 0
3222 0
3223 0
3224 146
3225 156
3226 286
3227 297
3228 249
3229 258
3230 265
3231 260
3232 219
3233 191
3234 195
3235 87
3236 1
3237 0
3238 0
3239 0
3240 0
3241 0
3242 0
3243 0
3244 0
3245 0
3246 0
3247 0
3248 183
3249 150
3250 332
3251 293
3252 282
3253 278
3254 256
3255 263
3256 187
3257 205
3258 214
3259 79
3260 2
3261 0
3262 0
3263 0
3264 0
3265 0
3266 0
3267 0
3268 0
3269 0
3270 0
3271 0
3272 198
3273 187
3274 309
3275 315
3276 270
3277 281
3278 278
3279 258
3280 223
3281 230
3282 198
3283 78
3284 2
3285 0
3286 0
3287 0
3288 0
3289 0
3290 0
3291 0
3292 0
3293 0
3294 0
3295 0
3296 153
3297 205
3298 324
3299 300
3300 301
3301 256
3302 270
3303 253
3304 255
3305 276
3306 236
3307 84
3308 0
3309 0
3310 0
3311 0
3312 0
3313 0
3314 0
3315 0
3316 0
3317 0
3318 0
3319 0
3320 82
3321 83
3322 113
3323 152
3324 154
3325 142
3326 78
3327 61
3328 82
3329 91
3330 121
3331 19
3332 0
3333 0
3334 0
3335 0
3336 0
3337 0
3338 0
3339 0
3340 0
3341 0
3342 0
3343 0
3344 49
3345 49
3346 99
3347 116
3348 58
3349 92
3350 129
3351 68
3352 67
3353 54
3354 70
3355 17
3356 0
3357 0
3358 0
3359 0
3360 0
3361 0
3362 0
3363 0
3364 0
3365 0
3366 0
3367 0
3368 192
3369 223
3370 339
3371 338
3372 324
3373 315
3374 349
3375 248
3376 263
3377 229
3378 218
3379 90
3380 0
3381 0
3382 0
3383 0
3384 0
3385 0
3386 0
3387 0
3388 0
3389 0
3390 0
3391 0
3392 198
3393 180
3394 343
3395 366
3396 341
3397 298
3398 335
3399 278
3400 250
3401 233
3402 280
3403 68
3404 1
3405 0
3406 0
3407 0
3408 0
3409 0
3410 0
3411 0
3412 0
3413 0
3414 0
3415 0
3416 207
3417 201
3418 363
3419 362
3420 305
3421 293
3422 314
3423 276
3424 221
3425 268
3426 237
3427 115
3428 0
3429 0
3430 0
3431 0
3432 0
3433 0
3434 0
3435 0
3436 0
3437 0
3438 0
3439 0
3440 209
3441 224
3442 387
3443 335
3444 314
3445 269
3446 325
3447 284
3448 248
3449 249
3450 244
3451 108
3452 0
3453 0
3454 0
3455 0
3456 0
3457 0
3458 0
3459 0
3460 0
3461 0
3462 0
3463 0
3464 177
3465 190
3466 297
3467 318
3468 296
3469 241
3470 251
3471 207
3472 197
3473 204
3474 259
3475 131
3476 3
3477 0
3478 0
3479 0
3480 0
3481 0
3482 0
3483 0
3484 0
3485 0
3486 0
3487 0
3488 101
3489 147
3490 159
3491 212
3492 231
3493 177
3494 102
3495 69
3496 82
3497 56
3498 83
3499 31
3500 0
3501 0
3502 0
3503 0
3504 0
3505 0
3506 0
3507 0
3508 0
3509 0
3510 0
3511 0
3512 50
3513 60
3514 94
3515 124
3516 54
3517 104
3518 125
3519 71
3520 65
3521 60
3522 60
3523 24
3524 2
3525 0
3526 0
3527 0
3528 0
3529 0
3530 0
3531 0
3532 0
3533 0
3534 0
3535 0
3536 158
3537 240
3538 317
3539 317
3540 298
3541 292
3542 278
3543 277
3544 248
3545 244
3546 232
3547 91
3548 1
3549 0
3550 0
3551 0
3552 0
3553 0
3554 0
3555 0
3556 0
3557 0
3558 0
3559 0
3560 188
3561 239
3562 359
3563 360
3564 304
3565 313
3566 295
3567 299
3568 272
3569 263
3570 239
3571 105
3572 1
3573 0
3574 0
3575 0
3576 0
3577 0
3578 0
3579 0
3580 0
3581 0
3582 0
3583 0
3584 161
3585 198
3586 351
3587 346
3588 315
3589 284
3590 317
3591 281
3592 235
3593 269
3594 265
3595 90
3596 1
3597 0
3598 0
3599 0
3600 0
3601 0
3602 0
3603 0
3604 0
3605 0
3606 0
3607 0
3608 186
3609 230
3610 341
3611 348
3612 352
3613 305
3614 330
3615 281
3616 286
3617 258
3618 255
3619 123
3620 1
3621 0
3622 0
3623 0
3624 0
3625 0
3626 0
3627 0
3628 0
3629 0
3630 0
3631 0
3632 192
3633 229
3634 345
3635 356
3636 293
3637 291
3638 285
3639 288
3640 237
3641 271
3642 219
3643 121
3644 2
3645 0
3646 0
3647 0
3648 0
3649 0
3650 0
3651 0
3652 0
3653 0
3654 0
3655 0
3656 81
3657 146
3658 164
3659 224
3660 179
3661 137
3662 101
3663 77
3664 80
3665 100
3666 83
3667 15
3668 0
3669 0
3670 0
3671 0
3672 0
3673 0
3674 0
3675 0
3676 0
3677 0
3678 0
3679 0
3680 53
3681 46
3682 83
3683 90
3684 80
3685 94
3686 146
3687 76
3688 55
3689 131
3690 49
3691 17
3692 0
3693 0
3694 0
3695 0
3696 0
3697 0
3698 0
3699 0
3700 0
3701 0
3702 0
3703 0
3704 161
3705 225
3706 360
3707 283
3708 300
3709 314
3710 305
3711 275
3712 227
3713 198
3714 251
3715 77
3716 0
3717 0
3718 0
3719 0
3720 0
3721 0
3722 0
3723 0
3724 0
3725 0
3726 0
3727 0
3728 192
3729 203
3730 372
3731 336
3732 304
3733 273
3734 325
3735 298
3736 254
3737 239
3738 278
3739 95
3740 1
3741 0
3742 0
3743 0
3744 0
3745 0
3746 0
3747 0
3748 0
3749 0
3750 0
3751 0
3752 216
3753 246
3754 403
3755 301
3756 330
3757 307
3758 300
3759 274
3760 231
3761 242
3762 196
3763 93
3764 1
3765 0
3766 0
3767 0
3768 0
3769 0
3770 0
3771 0
3772 0
3773 0
3774 0
3775 0
3776 191
3777 203
3778 319
3779 334
3780 262
3781 288
3782 321
3783 318
3784 250
3785 245
3786 267
3787 81
3788 1
3789 0
3790 0
3791 0
3792 0
3793 0
3794 0
3795 0
3796 0
3797 0
3798 0
3799 0
3800 176
3801 214
3802 337
3803 293
3804 300
3805 297
3806 258
3807 243
3808 217
3809 217
3810 236
3811 69
3812 1
3813 0
3814 0
3815 0
3816 0
3817 0
3818 0
3819 0
3820 0
3821 0
3822 0
3823 0
3824 86
3825 91
3826 120
3827 184
3828 216
3829 147
3830 94
3831 76
3832 77
3833 57
3834 88
3835 24
3836 0
3837 0
3838 0
3839 0
3840 0
3841 0
3842 0
3843 0
3844 0
3845 0
3846 0
3847 0
3848 28
3849 31
3850 72
3851 90
3852 87
3853 104
3854 95
3855 100
3856 79
3857 63
3858 45
3859 20
3860 0
3861 0
3862 0
3863 0
3864 0
3865 0
3866 0
3867 0
3868 0
3869 0
3870 0
3871 0
3872 116
3873 62
3874 74
3875 145
3876 140
3877 157
3878 171
3879 170
3880 111
3881 82
3882 99
3883 65
3884 1
3885 0
3886 0
3887 0
3888 0
3889 0
3890 0
3891 0
3892 0
3893 0
3894 0
3895 0
3896 165
3897 225
3898 311
3899 314
3900 293
3901 326
3902 313
3903 295
3904 240
3905 231
3906 250
3907 114
3908 1
3909 0
3910 0
3911 0
3912 0
3913 0
3914 0
3915 0
3916 0
3917 0
3918 0
3919 0
3920 187
3921 229
3922 351
3923 322
3924 309
3925 299
3926 301
3927 287
3928 221
3929 238
3930 182
3931 88
3932 1
3933 0
3934 0
3935 0
3936 0
3937 0
3938 0
3939 0
3940 0
3941 0
3942 0
3943 0
3944 236
3945 202
3946 362
3947 330
3948 315
3949 265
3950 332
3951 300
3952 198
3953 231
3954 230
3955 116
3956 1
3957 0
3958 0
3959 0
3960 0
3961 0
3962 0
3963 0
3964 0
3965 0
3966 0
3967 0
3968 201
3969 207
3970 333
3971 263
3972 307
3973 301
3974 273
3975 262
3976 206
3977 249
3978 206
3979 87
3980 0
3981 0
3982 0
3983 0
3984 0
3985 0
3986 0
3987 0
3988 0
3989 0
3990 0
3991 0
3992 94
3993 133
3994 147
3995 168
3996 174
3997 117
3998 47
3999 77
4000 76
4001 62
4002 67
4003 40
4004 0
4005 0
4006 0
4007 0
4008 0
4009 0
4010 0
4011 0
4012 0
4013 0
4014 0
4015 0
4016 33
4017 24
4018 87
4019 114
4020 73
4021 131
4022 93
4023 42
4024 52
4025 67
4026 46
4027 23
4028 1
4029 0
4030 0
4031 0
4032 0
4033 0
4034 0
4035 0
4036 0
4037 0
4038 0
4039 0
4040 160
4041 231
4042 323
4043 281
4044 280
4045 305
4046 332
4047 247
4048 281
4049 192
4050 196
4051 71
4052 3
4053 0
4054 0
4055 0
4056 0
4057 0
4058 0
4059 0
4060 0
4061 0
4062 0
4063 0
4064 208
4065 207
4066 310
4067 334
4068 292
4069 298
4070 291
4071 271
4072 248
4073 269
4074 250
4075 86
4076 2
4077 0
4078 0
4079 0
4080 0
4081 0
4082 0
4083 0
4084 0
4085 0
4086 0
4087 0
4088 194
4089 209
4090 340
4091 302
4092 308
4093 300
4094 290
4095 257
4096 233
4097 218
4098 222
4099 73
4100 1
4101 0
4102 0
4103 0
4104 0
4105 0
4106 0
4107 0
4108 0
4109 0
4110 0
4111 0
4112 190
4113 207
4114 272
4115 337
4116 258
4117 300
4118 291
4119 253
4120 255
4121 226
4122 193
4123 80
4124 1
4125 0
4126 0
4127 0
4128 0
4129 0
4130 0
4131 0
4132 0
4133 0
4134 0
4135 0
4136 195
4137 174
4138 286
4139 292
4140 316
4141 269
4142 272
4143 236
4144 216
4145 196
4146 247
4147 90
4148 4
4149 0
4150 0
4151 0
4152 0
4153 0
4154 0
4155 0
4156 0
4157 0
4158 0
4159 0
4160 82
4161 126
4162 150
4163 181
4164 203
4165 144
4166 108
4167 84
4168 118
4169 113
4170 75
4171 10
4172 0
4173 0
4174 0
4175 0
4176 0
4177 0
4178 0
4179 0
4180 0
4181 0
4182 0
4183 0
4184 23
4185 25
4186 78
4187 103
4188 75
4189 101
4190 117
4191 56
4192 71
4193 63
4194 47
4195 17
4196 2
4197 0
4198 0
4199 0
4200 0
4201 0
4202 0
4203 0
4204 0
4205 0
4206 0
4207 0
4208 169
4209 158
4210 303
4211 300
4212 293
4213 270
4214 318
4215 276
4216 242
4217 200
4218 217
4219 84
4220 2
4221 0
4222 0
4223 0
4224 0
4225 0
4226 0
4227 0
4228 0
4229 0
4230 0
4231 0
4232 174
4233 200
4234 370
4235 333
4236 298
4237 287
4238 299
4239 278
4240 239
4241 197
4242 263
4243 86
4244 1
4245 0
4246 0
4247 0
4248 0
4249 0
4250 0
4251 0
4252 0
4253 0
4254 0
4255 0
4256 162
4257 197
4258 352
4259 326
4260 298
4261 292
4262 296
4263 284
4264 259
4265 221
4266 239
4267 91
4268 0
4269 0
4270 0
4271 0
4272 0
4273 0
4274 0
4275 0
4276 0
4277 0
4278 0
4279 0
4280 191
4281 205
4282 332
4283 340
4284 310
4285 311
4286 284
4287 294
4288 246
4289 203
4290 273
4291 90
4292 2
4293 0
4294 0
4295 0
4296 0
4297 0
4298 0
4299 0
4300 0
4301 0
4302 0
4303 0
4304 169
4305 214
4306 332
4307 291
4308 295
4309 293
4310 253
4311 272
4312 257
4313 214
4314 280
4315 64
4316 1
4317 0
4318 0
4319 0
4320 0
4321 0
4322 0
4323 0
4324 0
4325 0
4326 0
4327 0
4328 76
4329 121
4330 160
4331 201
4332 207
4333 155
4334 89
4335 88
4336 77
4337 67
4338 95
4339 28
4340 0
4341 0
4342 0
4343 0
4344 0
4345 0
4346 0
4347 0
4348 0
4349 0
4350 0
4351 0
4352 42
4353 34
4354 63
4355 96
4356 83
4357 126
4358 78
4359 85
4360 55
4361 65
4362 52
4363 22
4364 0
4365 0
4366 0
4367 0
4368 0
4369 0
4370 0
4371 0
4372 0
4373 0
4374 0
4375 0
4376 133
4377 167
4378 278
4379 308
4380 273
4381 272
4382 315
4383 247
4384 262
4385 207
4386 210
4387 73
4388 0
4389 0
4390 0
4391 0
4392 0
4393 0
4394 0
4395 0
4396 0
4397 0
4398 0
4399 0
4400 161
4401 167
4402 327
4403 320
4404 288
4405 294
4406 304
4407 280
4408 214
4409 247
4410 248
4411 82
4412 2
4413 0
4414 0
4415 0
4416 0
4417 0
4418 0
4419 0
4420 0
4421 0
4422 0
4423 0
4424 145
4425 170
4426 296
4427 339
4428 313
4429 363
4430 298
4431 277
4432 245
4433 231
4434 198
4435 93
4436 2
4437 0
4438 0
4439 0
4440 0
4441 0
4442 0
4443 0
4444 0
4445 0
4446 0
4447 0
4448 154
4449 190
4450 307
4451 296
4452 310
4453 331
4454 293
4455 293
4456 234
4457 237
4458 230
4459 98
4460 0
4461 0
4462 0
4463 0
4464 0
4465 0
4466 0
4467 0
4468 0
4469 0
4470 0
4471 0
4472 167
4473 189
4474 321
4475 302
4476 259
4477 294
4478 279
4479 265
4480 222
4481 295
4482 261
4483 47
4484 1
4485 0
4486 0
4487 0
4488 0
4489 0
4490 0
4491 0
4492 0
4493 0
4494 0
4495 0
4496 91
4497 90
4498 157
4499 203
4500 267
4501 177
4502 99
4503 106
4504 89
4505 94
4506 68
4507 30
4508 2
4509 0
4510 0
4511 0
4512 0
4513 0
4514 0
4515 0
4516 0
4517 0
4518 0
4519 0
4520 35
4521 33
4522 67
4523 119
4524 88
4525 119
4526 87
4527 80
4528 72
4529 68
4530 50
4531 14
4532 0
4533 0
4534 0
4535 0
4536 0
4537 0
4538 0
4539 0
4540 0
4541 0
4542 0
4543 0
4544 140
4545 199
4546 287
4547 298
4548 269
4549 287
4550 321
4551 262
4552 247
4553 203
4554 210
4555 72
4556 0
4557 0
4558 0
4559 0
4560 0
4561 0
4562 0
4563 0
4564 0
4565 0
4566 0
4567 0
4568 153
4569 231
4570 285
4571 287
4572 331
4573 268
4574 310
4575 259
4576 230
4577 211
4578 217
4579 61
4580 0
4581 0
4582 0
4583 0
4584 0
4585 0
4586 0
4587 0
4588 0
4589 0
4590 0
4591 0
4592 175
4593 177
4594 285
4595 323
4596 331
4597 282
4598 296
4599 286
4600 247
4601 228
4602 215
4603 107
4604 1
4605 0
4606 0
4607 0
4608 0
4609 0
4610 0
4611 0
4612 0
4613 0
4614 0
4615 0
4616 181
4617 213
4618 329
4619 300
4620 290
4621 266
4622 288
4623 266
4624 212
4625 208
4626 278
4627 116
4628 1
4629 0
4630 0
4631 0
4632 0
4633 0
4634 0
4635 0
4636 0
4637 0
4638 0
4639 0
4640 168
4641 215
4642 312
4643 287
4644 305
4645 305
4646 349
4647 277
4648 298
4649 273
4650 248
4651 126
4652 2
4653 0
4654 0
4655 0
4656 0
4657 0
4658 0
4659 0
4660 0
4661 0
4662 0
4663 0
4664 99
4665 121
4666 158
4667 186
4668 195
4669 133
4670 113
4671 77
4672 73
4673 55
4674 122
4675 20
4676 0
4677 0
4678 0
4679 0
4680 0
4681 0
4682 0
4683 0
4684 0
4685 0
4686 0
4687 0
4688 101
4689 47
4690 84
4691 76
4692 67
4693 79
4694 63
4695 92
4696 64
4697 52
4698 49
4699 19
4700 0
4701 0
4702 0
4703 0
4704 0
4705 0
4706 0
4707 0
4708 0
4709 0
4710 0
4711 0
4712 185
4713 169
4714 301
4715 306
4716 276
4717 259
4718 321
4719 274
4720 281
4721 210
4722 226
4723 67
4724 1
4725 0
4726 0
4727 0
4728 0
4729 0
4730 0
4731 0
4732 0
4733 0
4734 0
4735 0
4736 209
4737 200
4738 372
4739 357
4740 287
4741 313
4742 297
4743 300
4744 269
4745 202
4746 233
4747 98
4748 0
4749 0
4750 0
4751 0
4752 0
4753 0
4754 0
4755 0
4756 0
4757 0
4758 0
4759 0
4760 202
4761 197
4762 324
4763 314
4764 313
4765 285
4766 267
4767 267
4768 224
4769 234
4770 184
4771 96
4772 2
4773 0
4774 0
4775 0
4776 0
4777 0
4778 0
4779 0
4780 0
4781 0
4782 0
4783 0
4784 189
4785 198
4786 320
4787 344
4788 301
4789 311
4790 295
4791 327
4792 218
4793 257
4794 236
4795 92
4796 1
4797 0
4798 0
4799 0
4800 0
4801 0
4802 0
4803 0
4804 0
4805 0
4806 0
4807 0
4808 178
4809 209
4810 318
4811 306
4812 311
4813 277
4814 279
4815 249
4816 200
4817 215
4818 236
4819 107
4820 0
4821 0
4822 0
4823 0
4824 0
4825 0
4826 0
4827 0
4828 0
4829 0
4830 0
4831 0
4832 98
4833 137
4834 206
4835 311
4836 253
4837 160
4838 99
4839 96
4840 71
4841 76
4842 81
4843 32
4844 2
4845 0
4846 0
4847 0
4848 0
4849 0
4850 0
4851 0
4852 0
4853 0
4854 0
4855 0
4856 30
4857 36
4858 75
4859 130
4860 77
4861 107
4862 108
4863 93
4864 76
4865 74
4866 72
4867 17
4868 1
4869 0
4870 0
4871 0
4872 0
4873 0
4874 0
4875 0
4876 0
4877 0
4878 0
4879 0
4880 164
4881 176
4882 301
4883 362
4884 293
4885 281
4886 318
4887 293
4888 257
4889 202
4890 222
4891 61
4892 3
4893 0
4894 0
4895 0
4896 0
4897 0
4898 0
4899 0
4900 0
4901 0
4902 0
4903 0
4904 171
4905 185
4906 327
4907 396
4908 316
4909 315
4910 316
4911 275
4912 229
4913 234
4914 281
4915 87
4916 2
4917 0
4918 0
4919 0
4920 0
4921 0
4922 0
4923 0
4924 0
4925 0
4926 0
4927 0
4928 182
4929 179
4930 364
4931 289
4932 295
4933 334
4934 295
4935 307
4936 271
4937 243
4938 250
4939 87
4940 0
4941 0
4942 0
4943 0
4944 0
4945 0
4946 0
4947 0
4948 0
4949 0
4950 0
4951 0
4952 174
4953 204
4954 307
4955 302
4956 295
4957 310
4958 317
4959 288
4960 237
4961 237
4962 259
4963 104
4964 3
4965 0
4966 0
4967 0
4968 0
4969 0
4970 0
4971 0
4972 0
4973 0
4974 0
4975 0
4976 160
4977 202
4978 309
4979 322
4980 298
4981 323
4982 273
4983 259
4984 226
4985 276
4986 244
4987 80
4988 2
4989 0
4990 0
4991 0
4992 0
4993 0
4994 0
4995 0
4996 0
4997 0
4998 0
4999 0
5000 102
5001 114
5002 177
5003 218
5004 212
5005 122
5006 98
5007 95
5008 91
5009 65
5010 99
5011 53
5012 0
5013 0
5014 0
5015 0
5016 0
5017 0
5018 0
5019 0
5020 0
5021 0
5022 0
5023 0
5024 38
5025 31
5026 104
5027 104
5028 54
5029 110
5030 100
5031 107
5032 81
5033 54
5034 46
5035 17
5036 0
5037 0
5038 0
5039 0
5040 0
5041 0
5042 0
5043 0
5044 0
5045 0
5046 0
5047 0
5048 162
5049 181
5050 323
5051 347
5052 330
5053 314
5054 358
5055 318
5056 277
5057 216
5058 247
5059 81
5060 1
5061 0
5062 0
5063 0
5064 0
5065 0
5066 0
5067 0
5068 0
5069 0
5070 0
5071 0
5072 212
5073 174
5074 332
5075 386
5076 330
5077 373
5078 319
5079 297
5080 235
5081 239
5082 211
5083 77
5084 1
5085 0
5086 0
5087 0
5088 0
5089 0
5090 0
5091 0
5092 0
5093 0
5094 0
5095 0
5096 163
5097 167
5098 358
5099 374
5100 311
5101 328
5102 332
5103 312
5104 255
5105 259
5106 235
5107 88
5108 1
5109 0
5110 0
5111 0
5112 0
5113 0
5114 0
5115 0
5116 0
5117 0
5118 0
5119 0
5120 199
5121 185
5122 293
5123 379
5124 306
5125 312
5126 344
5127 314
5128 229
5129 255
5130 265
5131 90
5132 1
5133 0
5134 0
5135 0
5136 0
5137 0
5138 0
5139 0
5140 0
5141 0
5142 0
5143 0
5144 212
5145 197
5146 316
5147 315
5148 300
5149 276
5150 272
5151 245
5152 207
5153 240
5154 255
5155 81
5156 1
5157 0
5158 0
5159 0
5160 0
5161 0
5162 0
5163 0
5164 0
5165 0
5166 0
5167 0
5168 90
5169 115
5170 237
5171 242
5172 235
5173 148
5174 91
5175 67
5176 79
5177 91
5178 121
5179 21
5180 0
5181 0
5182 0
5183 0
5184 0
5185 0
5186 0
5187 0
5188 0
5189 0
5190 0
5191 0
5192 47
5193 49
5194 85
5195 108
5196 100
5197 96
5198 111
5199 118
5200 53
5201 59
5202 47
5203 22
5204 0
5205 0
5206 0
5207 0
5208 0
5209 0
5210 0
5211 0
5212 0
5213 0
5214 0
5215 0
5216 183
5217 211
5218 298
5219 350
5220 294
5221 329
5222 341
5223 275
5224 270
5225 232
5226 245
5227 91
5228 2
5229 0
5230 0
5231 0
5232 0
5233 0
5234 0
5235 0
5236 0
5237 0
5238 0
5239 0
5240 199
5241 222
5242 320
5243 356
5244 313
5245 305
5246 330
5247 284
5248 273
5249 213
5250 256
5251 124
5252 1
5253 0
5254 0
5255 0
5256 0
5257 0
5258 0
5259 0
5260 0
5261 0
5262 0
5263 0
5264 182
5265 181
5266 324
5267 367
5268 308
5269 261
5270 339
5271 297
5272 227
5273 258
5274 232
5275 93
5276 1
5277 0
5278 0
5279 0
5280 0
5281 0
5282 0
5283 0
5284 0
5285 0
5286 0
5287 0
5288 192
5289 225
5290 307
5291 344
5292 312
5293 304
5294 331
5295 285
5296 263
5297 253
5298 253
5299 111
5300 0
5301 0
5302 0
5303 0
5304 0
5305 0
5306 0
5307 0
5308 0
5309 0
5310 0
5311 0
5312 220
5313 188
5314 280
5315 344
5316 307
5317 276
5318 309
5319 282
5320 266
5321 255
5322 225
5323 103
5324 2
5325 0
5326 0
5327 0
5328 0
5329 0
5330 0
5331 0
5332 0
5333 0
5334 0
5335 0
5336 97
5337 116
5338 161
5339 244
5340 202
5341 134
5342 77
5343 94
5344 68
5345 77
5346 88
5347 34
5348 1
5349 0
5350 0
5351 0
5352 0
5353 0
5354 0
5355 0
5356 0
5357 0
5358 0
5359 0
5360 48
5361 40
5362 91
5363 125
5364 68
5365 114
5366 111
5367 92
5368 100
5369 65
5370 43
5371 18
5372 0
5373 0
5374 0
5375 0
5376 0
5377 0
5378 0
5379 0
5380 0
5381 0
5382 0
5383 0
5384 162
5385 191
5386 331
5387 347
5388 297
5389 295
5390 324
5391 306
5392 276
5393 224
5394 218
5395 90
5396 0
5397 0
5398 0
5399 0
5400 0
5401 0
5402 0
5403 0
5404 0
5405 0
5406 0
5407 0
5408 206
5409 182
5410 335
5411 362
5412 310
5413 325
5414 296
5415 287
5416 267
5417 261
5418 234
5419 145
5420 0
5421 0
5422 0
5423 0
5424 0
5425 0
5426 0
5427 0
5428 0
5429 0
5430 0
5431 0
5432 261
5433 163
5434 341
5435 355
5436 307
5437 320
5438 314
5439 310
5440 282
5441 274
5442 290
5443 79
5444 2
5445 0
5446 0
5447 0
5448 0
5449 0
5450 0
5451 0
5452 0
5453 0
5454 0
5455 0
5456 195
5457 215
5458 353
5459 385
5460 366
5461 302
5462 330
5463 309
5464 256
5465 267
5466 273
5467 110
5468 0
5469 0
5470 0
5471 0
5472 0
5473 0
5474 0
5475 0
5476 0
5477 0
5478 0
5479 0
5480 180
5481 258
5482 352
5483 345
5484 321
5485 303
5486 309
5487 243
5488 246
5489 240
5490 245
5491 83
5492 0
5493 0
5494 0
5495 0
5496 0
5497 0
5498 0
5499 0
5500 0
5501 0
5502 0
5503 0
5504 87
5505 104
5506 153
5507 226
5508 242
5509 164
5510 111
5511 111
5512 69
5513 72
5514 88
5515 27
5516 0
5517 0
5518 0
5519 0
5520 0
5521 0
5522 0
5523 0
5524 0
5525 0
5526 0
5527 0
5528 48
5529 43
5530 101
5531 110
5532 64
5533 112
5534 114
5535 80
5536 74
5537 136
5538 71
5539 15
5540 2
5541 0
5542 0
5543 0
5544 0
5545 0
5546 0
5547 0
5548 0
5549 0
5550 0
5551 0
5552 183
5553 213
5554 352
5555 321
5556 297
5557 306
5558 323
5559 348
5560 284
5561 238
5562 256
5563 100
5564 0
5565 0
5566 0
5567 0
5568 0
5569 0
5570 0
5571 0
5572 0
5573 0
5574 0
5575 0
5576 190
5577 197
5578 328
5579 385
5580 313
5581 347
5582 330
5583 344
5584 267
5585 230
5586 253
5587 112
5588 1
5589 0
5590 0
5591 0
5592 0
5593 0
5594 0
5595 0
5596 0
5597 0
5598 0
5599 0
5600 164
5601 181
5602 412
5603 357
5604 334
5605 298
5606 321
5607 316
5608 251
5609 274
5610 247
5611 86
5612 0
5613 0
5614 0
5615 0
5616 0
5617 0
5618 0
5619 0
5620 0
5621 0
5622 0
5623 0
5624 182
5625 190
5626 328
5627 379
5628 327
5629 309
5630 280
5631 282
5632 262
5633 244
5634 294
5635 86
5636 2
5637 0
5638 0
5639 0
5640 0
5641 0
5642 0
5643 0
5644 0
5645 0
5646 0
5647 0
5648 199
5649 205
5650 315
5651 338
5652 312
5653 275
5654 271
5655 249
5656 263
5657 246
5658 275
5659 94
5660 2
5661 0
5662 0
5663 0
5664 0
5665 0
5666 0
5667 0
5668 0
5669 0
5670 0
5671 0
5672 90
5673 105
5674 171
5675 197
5676 198
5677 141
5678 93
5679 98
5680 73
5681 62
5682 89
5683 35
5684 0
5685 0
5686 0
5687 0
5688 0
5689 0
5690 0
5691 0
5692 0
5693 0
5694 0
5695 0
5696 33
5697 26
5698 86
5699 116
5700 53
5701 138
5702 116
5703 92
5704 73
5705 99
5706 57
5707 17
5708 0
5709 0
5710 0
5711 0
5712 0
5713 0
5714 0
5715 0
5716 0
5717 0
5718 0
5719 0
5720 215
5721 175
5722 341
5723 349
5724 292
5725 307
5726 307
5727 292
5728 221
5729 245
5730 242
5731 120
5732 0
5733 0
5734 0
5735 0
5736 0
5737 0
5738 0
5739 0
5740 0
5741 0
5742 0
5743 0
5744 197
5745 186
5746 369
5747 364
5748 314
5749 279
5750 326
5751 300
5752 236
5753 220
5754 272
5755 94
5756 1
5757 0
5758 0
5759 0
5760 0
5761 0
5762 0
5763 0
5764 0
5765 0
5766 0
5767 0
5768 213
5769 199
5770 298
5771 326
5772 329
5773 323
5774 301
5775 284
5776 248
5777 251
5778 228
5779 97
5780 0
5781 0
5782 0
5783 0
5784 0
5785 0
5786 0
5787 0
5788 0
5789 0
5790 0
5791 0
5792 209
5793 197
5794 314
5795 306
5796 296
5797 298
5798 281
5799 268
5800 206
5801 251
5802 248
5803 77
5804 1
5805 0
5806 0
5807 0
5808 0
5809 0
5810 0
5811 0
5812 0
5813 0
5814 0
5815 0
5816 195
5817 197
5818 314
5819 326
5820 269
5821 277
5822 299
5823 242
5824 235
5825 287
5826 258
5827 61
5828 1
5829 0
5830 0
5831 0
5832 0
5833 0
5834 0
5835 0
5836 0
5837 0
5838 0
5839 0
5840 102
5841 118
5842 138
5843 201
5844 191
5845 126
5846 100
5847 87
5848 89
5849 72
5850 105
5851 43
5852 1
5853 0
5854 0
5855 0
5856 0
5857 0
5858 0
5859 0
5860 0
5861 0
5862 0
5863 0
5864 38
5865 38
5866 58
5867 100
5868 97
5869 91
5870 85
5871 94
5872 74
5873 71
5874 50
5875 20
5876 0
5877 0
5878 0
5879 0
5880 0
5881 0
5882 0
5883 0
5884 0
5885 0
5886 0
5887 0
5888 206
5889 188
5890 328
5891 290
5892 304
5893 291
5894 317
5895 273
5896 252
5897 223
5898 209
5899 77
5900 1
5901 0
5902 0
5903 0
5904 0
5905 0
5906 0
5907 0
5908 0
5909 0
5910 0
5911 0
5912 180
5913 171
5914 338
5915 315
5916 289
5917 332
5918 322
5919 320
5920 245
5921 257
5922 276
5923 104
5924 2
5925 0
5926 0
5927 0
5928 0
5929 0
5930 0
5931 0
5932 0
5933 0
5934 0
5935 0
5936 208
5937 198
5938 323
5939 366
5940 315
5941 285
5942 287
5943 286
5944 217
5945 235
5946 265
5947 104
5948 3
5949 0
5950 0
5951 0
5952 0
5953 0
5954 0
5955 0
5956 0
5957 0
5958 0
5959 0
5960 219
5961 197
5962 288
5963 349
5964 303
5965 270
5966 333
5967 317
5968 265
5969 218
5970 250
5971 88
5972 1
5973 0
5974 0
5975 0
5976 0
5977 0
5978 0
5979 0
5980 0
5981 0
5982 0
5983 0
5984 211
5985 228
5986 374
5987 266
5988 283
5989 303
5990 237
5991 264
5992 249
5993 291
5994 272
5995 59
5996 1
5997 0
5998 0
5999 0
6000 0
6001 0
6002 0
6003 0
6004 0
6005 0
6006 0
6007 0
6008 97
6009 162
6010 322
6011 182
6012 148
6013 151
6014 124
6015 71
6016 75
6017 83
6018 99
6019 39
6020 2
6021 0
6022 0
6023 0
6024 0
6025 0
6026 0
6027 0
6028 0
6029 0
6030 0
6031 0
6032 42
6033 48
6034 88
6035 114
6036 77
6037 112
6038 113
6039 68
6040 62
6041 80
6042 61
6043 27
6044 0
6045 0
6046 0
6047 0
6048 0
6049 0
6050 0
6051 0
6052 0
6053 0
6054 0
6055 0
6056 182
6057 219
6058 307
6059 351
6060 274
6061 303
6062 340
6063 287
6064 261
6065 236
6066 248
6067 95
6068 2
6069 0
6070 0
6071 0
6072 0
6073 0
6074 0
6075 0
6076 0
6077 0
6078 0
6079 0
6080 185
6081 207
6082 337
6083 354
6084 294
6085 316
6086 274
6087 281
6088 272
6089 230
6090 247
6091 82
6092 2
6093 0
6094 0
6095 0
6096 0
6097 0
6098 0
6099 0
6100 0
6101 0
6102 0
6103 0
6104 196
6105 193
6106 334
6107 338
6108 316
6109 323
6110 297
6111 291
6112 249
6113 218
6114 241
6115 90
6116 1
6117 0
6118 0
6119 0
6120 0
6121 0
6122 0
6123 0
6124 0
6125 0
6126 0
6127 0
6128 232
6129 194
6130 332
6131 352
6132 309
6133 298
6134 292
6135 269
6136 225
6137 240
6138 275
6139 124
6140 3
6141 0
6142 0
6143 0
6144 0
6145 0
6146 0
6147 0
6148 0
6149 0
6150 0
6151 0
6152 206
6153 220
6154 324
6155 331
6156 308
6157 280
6158 265
6159 245
6160 241
6161 229
6162 226
6163 107
6164 1
6165 0
6166 0
6167 0
6168 0
6169 0
6170 0
6171 0
6172 0
6173 0
6174 0
6175 0
6176 98
6177 105
6178 155
6179 194
6180 196
6181 122
6182 94
6183 84
6184 61
6185 67
6186 114
6187 28
6188 2
6189 0
6190 0
6191 0
6192 0
6193 0
6194 0
6195 0
6196 0
6197 0
6198 0
6199 0
6200 39
6201 41
6202 93
6203 131
6204 52
6205 101
6206 69
6207 61
6208 56
6209 78
6210 70
6211 13
6212 0
6213 0
6214 0
6215 0
6216 0
6217 0
6218 0
6219 0
6220 0
6221 0
6222 0
6223 0
6224 158
6225 204
6226 307
6227 305
6228 328
6229 305
6230 301
6231 312
6232 263
6233 182
6234 248
6235 100
6236 2
6237 0
6238 0
6239 0
6240 0
6241 0
6242 0
6243 0
6244 0
6245 0
6246 0
6247 0
6248 186
6249 235
6250 343
6251 352
6252 310
6253 342
6254 290
6255 293
6256 215
6257 201
6258 253
6259 70
6260 1
6261 0
6262 0
6263 0
6264 0
6265 0
6266 0
6267 0
6268 0
6269 0
6270 0
6271 0
6272 180
6273 205
6274 300
6275 404
6276 300
6277 317
6278 357
6279 301
6280 258
6281 252
6282 276
6283 69
6284 1
6285 0
6286 0
6287 0
6288 0
6289 0
6290 0
6291 0
6292 0
6293 0
6294 0
6295 0
6296 195
6297 224
6298 348
6299 326
6300 340
6301 295
6302 370
6303 270
6304 225
6305 256
6306 286
6307 91
6308 4
6309 0
6310 0
6311 0
6312 0
6313 0
6314 0
6315 0
6316 0
6317 0
6318 0
6319 0
6320 210
6321 247
6322 331
6323 327
6324 286
6325 322
6326 306
6327 222
6328 268
6329 223
6330 284
6331 101
6332 0
6333 0
6334 0
6335 0
6336 0
6337 0
6338 0
6339 0
6340 0
6341 0
6342 0
6343 0
6344 112
6345 129
6346 169
6347 204
6348 216
6349 148
6350 82
6351 110
6352 93
6353 106
6354 79
6355 19
6356 2
6357 0
6358 0
6359 0
6360 0
6361 0
6362 0
6363 0
6364 0
6365 0
6366 0
6367 0
6368 52
6369 38
6370 70
6371 79
6372 75
6373 79
6374 118
6375 87
6376 73
6377 69
6378 76
6379 14
6380 0
6381 0
6382 0
6383 0
6384 0
6385 0
6386 0
6387 0
6388 0
6389 0
6390 0
6391 0
6392 193
6393 213
6394 335
6395 332
6396 345
6397 309
6398 303
6399 317
6400 268
6401 240
6402 268
6403 79
6404 3
6405 0
6406 0
6407 0
6408 0
6409 0
6410 0
6411 0
6412 0
6413 0
6414 0
6415 0
6416 155
6417 222
6418 364
6419 370
6420 326
6421 298
6422 313
6423 295
6424 275
6425 218
6426 263
6427 118
6428 2
6429 0
6430 0
6431 0
6432 0
6433 0
6434 0
6435 0
6436 0
6437 0
6438 0
6439 0
6440 232
6441 231
6442 311
6443 338
6444 285
6445 285
6446 288
6447 287
6448 249
6449 245
6450 262
6451 82
6452 1
6453 0
6454 0
6455 0
6456 0
6457 0
6458 0
6459 0
6460 0
6461 0
6462 0
6463 0
6464 198
6465 212
6466 292
6467 358
6468 330
6469 298
6470 302
6471 282
6472 263
6473 254
6474 251
6475 97
6476 2
6477 0
6478 0
6479 0
6480 0
6481 0
6482 0
6483 0
6484 0
6485 0
6486 0
6487 0
6488 245
6489 179
6490 290
6491 320
6492 318
6493 242
6494 304
6495 328
6496 250
6497 219
6498 242
6499 93
6500 2
6501 0
6502 0
6503 0
6504 0
6505 0
6506 0
6507 0
6508 0
6509 0
6510 0
6511 0
6512 251
6513 121
6514 200
6515 252
6516 237
6517 119
6518 41
6519 45
6520 44
6521 38
6522 60
6523 30
6524 0
6525 0
6526 0
6527 0
6528 0
6529 0
6530 0
6531 0
6532 0
6533 0
6534 0
6535 0
6536 45
6537 37
6538 65
6539 105
6540 75
6541 114
6542 92
6543 111
6544 82
6545 69
6546 35
6547 13
6548 1
6549 0
6550 0
6551 0
6552 0
6553 0
6554 0
6555 0
6556 0
6557 0
6558 0
6559 0
6560 0
6561 0
6562 0
6563 0
6564 0
6565 0
6566 0
6567 0
6568 0
6569 0
6570 0
6571 0
6572 0
6573 0
6574 0
6575 0
6576 0
6577 0
6578 0
6579 0
6580 0
6581 0
6582 0
6583 0
6584 0
6585 0
6586 0
6587 0
6588 0
6589 0
6590 0
6591 0
6592 0
6593 0
6594 0
6595 0
6596 0
6597 0
6598 0
6599 0
6600 0
6601 0
6602 0
6603 0
6604 0
6605 0
6606 0
6607 0
6608 0
6609 0
6610 0
6611 0
6612 0
6613 0
6614 0
6615 0
6616 0
6617 0
6618 0
6619 0
6620 0
6621 0
6622 0
6623 0
6624 0
6625 0
6626 0
6627 0
6628 0
6629 0
6630 0
6631 0
6632 0
6633 0
6634 0
6635 0
6636 0
6637 0
6638 0
6639 0
6640 0
6641 0
6642 0
6643 0
6644 0
6645 0
6646 0
6647 0
6648 0
6649 0
6650 0
6651 0
6652 0
6653 0
6654 0
6655 0
6656 0
6657 0
6658 0
6659 0
6660 0
6661 0
6662 0
6663 0
6664 0
6665 0
6666 0
6667 0
6668 0
6669 0
6670 0
6671 0
6672 0
6673 0
6674 0
6675 0
6676 0
6677 0
6678 0
6679 0
6680 0
6681 0
6682 0
6683 0
6684 0
6685 0
6686 0
6687 0
6688 0
6689 0
6690 0
6691 0
6692 0
6693 0
6694 0
6695 0
6696 0
6697 0
6698 0
6699 0
6700 0
6701 0
6702 0
6703 0
6704 0
6705 0
6706 0
6707 0
6708 0
6709 0
6710 0
6711 0
6712 0
6713 0
6714 0
6715 0
6716 0
6717 0
6718 0
6719 0
6720 0
6721 0
6722 0
6723 0
6724 0
6725 0
6726 0
6727 0
6728 0
6729 0
6730 0
6731 0
6732 0
6733 0
6734 0
6735 0
6736 0
6737 0
6738 0
6739 0
6740 0
6741 0
6742 0
6743 0
6744 0
6745 0
6746 0
6747 0
6748 0
6749 0
6750 0
6751 0
6752 0
6753 0
6754 0
6755 0
6756 0
6757 0
6758 0
6759 0
6760 0
6761 0
6762 0
6763 0
6764 0
6765 0
6766 0
6767 0
6768 0
6769 0
6770 0
6771 0
6772 0
6773 0
6774 0
6775 0
6776 0
6777 0
6778 0
6779 0
6780 0
6781 0
6782 0
6783 0
6784 0
6785 0
6786 0
6787 0
6788 0
6789 0
6790 0
6791 0
6792 0
6793 0
6794 0
6795 0
6796 0
6797 0
6798 0
6799 0
6800 0
6801 0
6802 0
6803 0
6804 0
6805 0
6806 0
6807 0
6808 0
6809 0
6810 0
6811 0
6812 0
6813 0
6814 0
6815 0
6816 0
6817 0
6818 0
6819 0
6820 0
6821 0
6822 0
6823 0
6824 0
6825 0
6826 0
6827 0
6828 0
6829 0
6830 0
6831 0
6832 0
6833 0
6834 0
6835 0
6836 0
6837 0
6838 0
6839 0
6840 0
6841 0
6842 0
6843 0
6844 0
6845 0
6846 0
6847 0
6848 0
6849 0
6850 0
6851 0
6852 0
6853 0
6854 0
6855 0
6856 0
6857 0
6858 0
6859 0
6860 0
6861 0
6862 0
6863 0
6864 0
6865 0
6866 0
6867 0
6868 0
6869 0
6870 0
6871 0
6872 0
6873 0
6874 0
6875 0
6876 0
6877 0
6878 0
6879 0
6880 0
6881 0
6882 0
6883 0
6884 0
6885 0
6886 0
6887 0
6888 0
6889 0
6890 0
6891 0
6892 0
6893 0
6894 0
6895 0
6896 0
6897 0
6898 0
6899 0
6900 0
6901 0
6902 0
6903 0
6904 0
6905 0
6906 0
6907 0
6908 0
6909 0
6910 0
6911 0
6912 0
6913 0
6914 0
6915 0
6916 0
6917 0
6918 0
6919 0
6920 0
6921 0
6922 0
6923 0
6924 0
6925 0
6926 0
6927 0
6928 0
6929 0
6930 0
6931 0
6932 0
6933 0
6934 0
6935 0
6936 0
6937 0
6938 0
6939 0
6940 0
6941 0
6942 0
6943 0
6944 0
6945 0
6946 0
6947 0
6948 0
6949 0
6950 0
6951 0
6952 0
6953 0
6954 0
6955 0
6956 0
6957 0
6958 0
6959 0
6960 0
6961 0
6962 0
6963 0
6964 0
6965 0
6966 0
6967 0
6968 0
6969 0
6970 0
6971 0
6972 0
6973 0
6974 0
6975 0
6976 0
6977 0
6978 0
6979 0
6980 0
6981 0
6982 0
6983 0
6984 0
6985 0
6986 0
6987 0
6988 0
6989 0
6990 0
6991 0
6992 0
6993 0
6994 0
6995 0
6996 0
6997 0
6998 0
6999 0
7000 0
7001 0
7002 0
7003 0
7004 0
7005 0
7006 0
7007 0
7008 0
7009 0
7010 0
7011 0
7012 0
7013 0
7014 0
7015 0
7016 0
7017 0
7018 0
7019 0
7020 0
7021 0
7022 0
7023 0
7024 0
7025 0
7026 0
7027 0
7028 0
7029 0
7030 0
7031 0
7032 0
7033 0
7034 0
7035 0
7036 0
7037 0
7038 0
7039 0
7040 0
7041 0
7042 0
7043 0
7044 0
7045 0
7046 0
7047 0
7048 0
7049 0
7050 0
7051 0
7052 0
7053 0
7054 0
7055 0
7056 0
7057 0
7058 0
7059 0
7060 0
7061 0
7062 0
7063 0
7064 0
7065 0
7066 0
7067 0
7068 0
7069 0
7070 0
7071 0
7072 0
7073 0
7074 0
7075 0
7076 0
7077 0
7078 0
7079 0
7080 0
7081 0
7082 0
7083 0
7084 0
7085 0
7086 0
7087 0
7088 0
7089 0
7090 0
7091 0
7092 0
7093 0
7094 0
7095 0
7096 0
7097 0
7098 0
7099 0
7100 0
7101 0
7102 0
7103 0
7104 0
7105 0
7106 0
7107 0
7108 0
7109 0
7110 0
7111 0
7112 0
7113 0
7114 0
7115 0
7116 0
7117 0
7118 0
7119 0
7120 0
7121 0
7122 0
7123 0
7124 0
7125 0
7126 0
7127 0
7128 0
7129 0
7130 0
7131 0
7132 0
7133 0
7134 0
7135 0
7136 0
7137 0
7138 0
7139 0
7140 0
7141 0
7142 0
7143 0
7144 0
7145 0
7146 0
7147 0
7148 0
7149 0
7150 0
7151 0
7152 0
7153 0
7154 0
7155 0
7156 0
7157 0
7158 0
7159 0
7160 0
7161 0
7162 0
7163 0
7164 0
7165 0
7166 0
7167 0
7168 0
7169 0
7170 0
7171 0
7172 0
7173 0
7174 0
7175 0
7176 0
7177 0
7178 0
7179 0
7180 0
7181 0
7182 0
7183 0
7184 0
7185 0
7186 0
7187 0
7188 0
7189 0
7190 0
7191 0
7192 0
7193 0
7194 0
7195 0
7196 0
7197 0
7198 0
7199 0
7200 0
7201 0
7202 0
7203 0
7204 0
7205 0
7206 0
7207 0
7208 0
7209 0
7210 0
7211 0
7212 0
7213 0
7214 0
7215 0
7216 0
7217 0
7218 0
7219 0
7220 0
7221 0
7222 0
7223 0
7224 0
7225 0
7226 0
7227 0
7228 0
7229 0
7230 0
7231 0
7232 0
7233 0
7234 0
7235 0
7236 0
7237 0
7238 0
7239 0
7240 0
7241 0
7242 0
7243 0
7244 0
7245 0
7246 0
7247 0
7248 0
7249 0
7250 0
7251 0
7252 0
7253 0
7254 0
7255 0
7256 0
7257 0
7258 0
7259 0
7260 0
7261 0
7262 0
7263 0
7264 0
7265 0
7266 0
7267 0
7268 0
7269 0
7270 0
7271 0
7272 0
7273 0
7274 0
7275 0
7276 0
7277 0
7278 0
7279 0
7280 0
7281 0
7282 0
7283 0
7284 0
7285 0
7286 0
7287 0
7288 0
7289 0
7290 0
7291 0
7292 0
7293 0
7294 0
7295 0
7296 0
7297 0
7298 0
7299 0
7300 0
7301 0
7302 0
7303 0
7304 0
7305 0
7306 0
7307 0
7308 0
7309 0
7310 0
7311 0
7312 0
7313 0
7314 0
7315 0
7316 0
7317 0
7318 0
7319 0
7320 0
7321 0
7322 0
7323 0
7324 0
7325 0
7326 0
7327 0
7328 0
7329 0
7330 0
7331 0
7332 0
7333 0
7334 0
7335 0
7336 0
7337 0
7338 0
7339 0
7340 0
7341 0
7342 0
7343 0
7344 0
7345 0
7346 0
7347 0
7348 0
7349 0
7350 0
7351 0
7352 0
7353 0
7354 0
7355 0
7356 0
7357 0
7358 0
7359 0
7360 0
7361 0
7362 0
7363 0
7364 0
7365 0
7366 0
7367 0
7368 0
7369 0
7370 0
7371 0
7372 0
7373 0
7374 0
7375 0
7376 0
7377 0
7378 0
7379 0
7380 0
7381 0
7382 0
7383 0
7384 0
7385 0
7386 0
7387 0
7388 0
7389 0
7390 0
7391 0
7392 0
7393 0
7394 0
7395 0
7396 0
7397 0
7398 0
7399 0
7400 0
7401 0
7402 0
7403 0
7404 0
7405 0
7406 0
7407 0
7408 0
7409 0
7410 0
7411 0
7412 0
7413 0
7414 0
7415 0
7416 0
7417 0
7418 0
7419 0
7420 0
7421 0
7422 0
7423 0
7424 0
7425 0
7426 0
7427 0
7428 0
7429 0
7430 0
7431 0
7432 0
7433 0
7434 0
7435 0
7436 0
7437 0
7438 0
7439 0
7440 0
7441 0
7442 0
7443 0
7444 0
7445 0
7446 0
7447 0
7448 0
7449 0
7450 0
7451 0
7452 0
7453 0
7454 0
7455 0
7456 0
7457 0
7458 0
7459 0
7460 0
7461 0
7462 0
7463 0
7464 0
7465 0
7466 0
7467 0
7468 0
7469 0
7470 0
7471 0
7472 0
7473 0
7474 0
7475 0
7476 0
7477 0
7478 0
7479 0
7480 0
7481 0
7482 0
7483 0
7484 0
7485 0
7486 0
7487 0
7488 0
7489 0
7490 0
7491 0
7492 0
7493 0
7494 0
7495 0
7496 0
7497 0
7498 0
7499 0
7500 0
7501 0
7502 0
7503 0
7504 0
7505 0
7506 0
7507 0
7508 0
7509 0
7510 0
7511 0
7512 0
7513 0
7514 0
7515 0
7516 0
7517 0
7518 0
7519 0
7520 0
7521 0
7522 0
7523 0
7524 0
7525 0
7526 0
7527 0
7528 0
7529 0
7530 0
7531 0
7532 0
7533 0
7534 0
7535 0
7536 0
7537 0
7538 0
7539 0
7540 0
7541 0
7542 0
7543 0
7544 0
7545 0
7546 0
7547 0
7548 0
7549 0
7550 0
7551 0
7552 0
7553 0
7554 0
7555 0
7556 0
7557 0
7558 0
7559 0
7560 0
7561 0
7562 0
7563 0
7564 0
7565 0
7566 0
7567 0
7568 0
7569 0
7570 0
7571 0
7572 0
7573 0
7574 0
7575 0
7576 0
7577 0
7578 0
7579 0
7580 0
7581 0
7582 0
7583 0
7584 0
7585 0
7586 0
7587 0
7588 0
7589 0
7590 0
7591 0
7592 0
7593 0
7594 0
7595 0
7596 0
7597 0
7598 0
7599 0
7600 0
7601 0
7602 0
7603 0
7604 0
7605 0
7606 0
7607 0
7608 0
7609 0
7610 0
7611 0
7612 0
7613 0
7614 0
7615 0
7616 0
7617 0
7618 0
7619 0
7620 0
7621 0
7622 0
7623 0
7624 0
7625 0
7626 0
7627 0
7628 0
7629 0
7630 0
7631 0
7632 0
7633 0
7634 0
7635 0
7636 0
7637 0
7638 0
7639 0
7640 0
7641 0
7642 0
7643 0
7644 0
7645 0
7646 0
7647 0
7648 0
7649 0
7650 0
7651 0
7652 0
7653 0
7654 0
7655 0
7656 0
7657 0
7658 0
7659 0
7660 0
7661 0
7662 0
7663 0
7664 0
7665 0
7666 0
7667 0
7668 0
7669 0
7670 0
7671 0
7672 0
7673 0
7674 0
7675 0
7676 0
7677 0
7678 0
7679 0
7680 0
7681 0
7682 0
7683 0
7684 0
7685 0
7686 0
7687 0
7688 0
7689 0
7690 0
7691 0
7692 0
7693 0
7694 0
7695 0
7696 0
7697 0
7698 0
7699 0
7700 0
7701 0
7702 0
7703 0
7704 0
7705 0
7706 0
7707 0
7708 0
7709 0
7710 0
7711 0
7712 0
7713 0
7714 0
7715 0
7716 0
7717 0
7718 0
7719 0
7720 0
7721 0
7722 0
7723 0
7724 0
7725 0
7726 0
7727 0
7728 0
7729 0
7730 0
7731 0
7732 0
7733 0
7734 0
7735 0
7736 0
7737 0
7738 0
7739 0
7740 0
7741 0
7742 0
7743 0
7744 0
7745 0
7746 0
7747 0
7748 0
7749 0
7750 0
7751 0
7752 0
7753 0
7754 0
7755 0
7756 0
7757 0
7758 0
7759 0
7760 0
7761 0
7762 0
7763 0
7764 0
7765 0
7766 0
7767 0
7768 0
7769 0
7770 0
7771 0
7772 0
7773 0
7774 0
7775 0
7776 0
7777 0
7778 0
7779 0
7780 0
7781 0
7782 0
7783 0
7784 0
7785 0
7786 0
7787 0
7788 0
7789 0
7790 0
7791 0
7792 0
7793 0
7794 0
7795 0
7796 0
7797 0
7798 0
7799 0
7800 0
7801 0
7802 0
7803 0
7804 0
7805 0
7806 0
7807 0
7808 0
7809 0
7810 0
7811 0
7812 0
7813 0
7814 0
7815 0
7816 0
7817 0
7818 0
7819 0
7820 0
7821 0
7822 0
7823 0
7824 0
7825 0
7826 0
7827 0
7828 0
7829 0
7830 0
7831 0
7832 0
7833 0
7834 0
7835 0
7836 0
7837 0
7838 0
7839 0
7840 0
7841 0
7842 0
7843 0
7844 0
7845 0
7846 0
7847 0
7848 0
7849 0
7850 0
7851 0
7852 0
7853 0
7854 0
7855 0
7856 0
7857 0
7858 0
7859 0
7860 0
7861 0
7862 0
7863 0
7864 0
7865 0
7866 0
7867 0
7868 0
7869 0
7870 0
7871 0
7872 0
7873 0
7874 0
7875 0
7876 0
7877 0
7878 0
7879 0
7880 0
7881 0
7882 0
7883 0
7884 0
7885 0
7886 0
7887 0
7888 0
7889 0
7890 0
7891 0
7892 0
7893 0
7894 0
7895 0
7896 0
7897 0
7898 0
7899 0
7900 0
7901 0
7902 0
7903 0
7904 0
7905 0
7906 0
7907 0
7908 0
7909 0
7910 0
7911 0
7912 0
7913 0
7914 0
7915 0
7916 0
7917 0
7918 0
7919 0
7920 0
7921 0
7922 0
7923 0
7924 0
7925 0
7926 0
7927 0
7928 0
7929 0
7930 0
7931 0
7932 0
7933 0
7934 0
7935 0
7936 0
7937 0
7938 0
7939 0
7940 0
7941 0
7942 0
7943 0
7944 0
7945 0
7946 0
7947 0
7948 0
7949 0
7950 0
7951 0
7952 0
7953 0
7954 0
7955 0
7956 0
7957 0
7958 0
7959 0
7960 0
7961 0
7962 0
7963 0
7964 0
7965 0
7966 0
7967 0
7968 0
7969 0
7970 0
7971 0
7972 0
7973 0
7974 0
7975 0
7976 0
7977 0
7978 0
7979 0
7980 0
7981 0
7982 0
7983 0
7984 0
7985 0
7986 0
7987 0
7988 0
7989 0
7990 0
7991 0
7992 0
7993 0
7994 0
7995 0
7996 0
7997 0
7998 0
7999 0
8000 0
8001 0
8002 0
8003 0
8004 0
8005 0
8006 0
8007 0
8008 0
8009 0
8010 0
8011 0
8012 0
8013 0
8014 0
8015 0
8016 0
8017 0
8018 0
8019 0
8020 0
8021 0
8022 0
8023 0
8024 0
8025 0
8026 0
8027 0
8028 0
8029 0
8030 0
8031 0
8032 0
8033 0
8034 0
8035 0
8036 0
8037 0
8038 0
8039 0
8040 0
8041 0
8042 0
8043 0
8044 0
8045 0
8046 0
8047 0
8048 0
8049 0
8050 0
8051 0
8052 0
8053 0
8054 0
8055 0
8056 0
8057 0
8058 0
8059 0
8060 0
8061 0
8062 0
8063 0
8064 0
8065 0
8066 0
8067 0
8068 0
8069 0
8070 0
8071 0
8072 0
8073 0
8074 0
8075 0
8076 0
8077 0
8078 0
8079 0
8080 0
8081 0
8082 0
8083 0
8084 0
8085 0
8086 0
8087 0
8088 0
8089 0
8090 0
8091 0
8092 0
8093 0
8094 0
8095 0
8096 0
8097 0
8098 0
8099 0
8100 0
8101 0
8102 0
8103 0
8104 0
8105 0
8106 0
8107 0
8108 0
8109 0
8110 0
8111 0
8112 0
8113 0
8114 0
8115 0
8116 0
8117 0
8118 0
8119 0
8120 0
8121 0
8122 0
8123 0
8124 0
8125 0
8126 0
8127 0
8128 0
8129 0
8130 0
8131 0
8132 0
8133 0
8134 0
8135 0
8136 0
8137 0
8138 0
8139 0
8140 0
8141 0
8142 0
8143 0
8144 0
8145 0
8146 0
8147 0
8148 0
8149 0
8150 0
8151 0
8152 0
8153 0
8154 0
8155 0
8156 0
8157 0
8158 0
8159 0
8160 0
8161 0
8162 0
8163 0
8164 0
8165 0
8166 0
8167 0
8168 0
8169 0
8170 0
8171 0
8172 0
8173 0
8174 0
8175 0
8176 0
8177 0
8178 0
8179 0
8180 0
8181 0
8182 0
8183 0
8184 0
8185 0
8186 0
8187 0
8188 0
8189 0
8190 0
8191 0
8192 0
8193 0
8194 0
8195 0
8196 0
8197 0
8198 0
8199 0
8200 0
8201 0
8202 0
8203 0
8204 0
8205 0
8206 0
8207 0
8208 0
8209 0
8210 0
8211 0
8212 0
8213 0
8214 0
8215 0
8216 0
8217 0
8218 0
8219 0
8220 0
8221 0
8222 0
8223 0
8224 0
8225 0
8226 0
8227 0
8228 0
8229 0
8230 0
8231 0
8232 0
8233 0
8234 0
8235 0
8236 0
8237 0
8238 0
8239 0
8240 0
8241 0
8242 0
8243 0
8244 0
8245 0
8246 0
8247 0
8248 0
8249 0
8250 0
8251 0
8252 0
8253 0
8254 0
8255 0
8256 0
8257 0
8258 0
8259 0
8260 0
8261 0
8262 0
8263 0
8264 0
8265 0
8266 0
8267 0
8268 0
8269 0
8270 0
8271 0
8272 0
8273 0
8274 0
8275 0
8276 0
8277 0
8278 0
8279 0
8280 0
8281 0
8282 0
8283 0
8284 0
8285 0
8286 0
8287 0
8288 0
8289 0
8290 0
8291 0
8292 0
8293 0
8294 0
8295 0
8296 0
8297 0
8298 0
8299 0
8300 0
8301 0
8302 0
8303 0
8304 0
8305 0
8306 0
8307 0
8308 0
8309 0
8310 0
8311 0
8312 0
8313 0
8314 0
8315 0
8316 0
8317 0
8318 0
8319 0
8320 0
8321 0
8322 0
8323 0
8324 0
8325 0
8326 0
8327 0
8328 0
8329 0
8330 0
8331 0
8332 0
8333 0
8334 0
8335 0
8336 0
8337 0
8338 0
8339 0
8340 0
8341 0
8342 0
8343 0
8344 0
8345 0
8346 0
8347 0
8348 0
8349 0
8350 0
8351 0
8352 0
8353 0
8354 0
8355 0
8356 0
8357 0
8358 0
8359 0
8360 0
8361 0
8362 0
8363 0
8364 0
8365 0
8366 0
8367 0
8368 0
8369 0
8370 0
8371 0
8372 0
8373 0
8374 0
8375 0
8376 0
8377 0
8378 0
8379 0
8380 0
8381 0
8382 0
8383 0
8384 0
8385 0
8386 0
8387 0
8388 0
8389 0
8390 0
8391 0
8392 0
8393 0
8394 0
8395 0
8396 0
8397 0
8398 0
8399 0
8400 0
8401 0
8402 0
8403 0
8404 0
8405 0
8406 0
8407 0
8408 0
8409 0
8410 0
8411 0
8412 0
8413 0
8414 0
8415 0
8416 0
8417 0
8418 0
8419 0
8420 0
8421 0
8422 0
8423 0
8424 0
8425 0
8426 0
8427 0
8428 0
8429 0
8430 0
8431 0
8432 0
8433 0
8434 0
8435 0
8436 0
8437 0
8438 0
8439 0
8440 0
8441 0
8442 0
8443 0
8444 0
8445 0
8446 0
8447 0
8448 0
8449 0
8450 0
8451 0
8452 0
8453 0
8454 0
8455 0
8456 0
8457 0
8458 0
8459 0
8460 0
8461 0
8462 0
8463 0
8464 0
8465 0
8466 0
8467 0
8468 0
8469 0
8470 0
8471 0
8472 0
8473 0
8474 0
8475 0
8476 0
8477 0
8478 0
8479 0
8480 0
8481 0
8482 0
8483 0
8484 0
8485 0
8486 0
8487 0
8488 0
8489 0
8490 0
8491 0
8492 0
8493 0
8494 0
8495 0
8496 0
8497 0
8498 0
8499 0
8500 0
8501 0
8502 0
8503 0
8504 0
8505 0
8506 0
8507 0
8508 0
8509 0
8510 0
8511 0
8512 0
8513 0
8514 0
8515 0
8516 0
8517 0
8518 0
8519 0
8520 0
8521 0
8522 0
8523 0
8524 0
8525 0
8526 0
8527 0
8528 0
8529 0
8530 0
8531 0
8532 0
8533 0
8534 0
8535 0
8536 0
8537 0
8538 0
8539 0
8540 0
8541 0
8542 0
8543 0
8544 0
8545 0
8546 0
8547 0
8548 0
8549 0
8550 0
8551 0
8552 0
8553 0
8554 0
8555 0
8556 0
8557 0
8558 0
8559 0
8560 0
8561 0
8562 0
8563 0
8564 0
8565 0
8566 0
8567 0
8568 0
8569 0
8570 0
8571 0
8572 0
8573 0
8574 0
8575 0
8576 0
8577 0
8578 0
8579 0
8580 0
8581 0
8582 0
8583 0
8584 0
8585 0
8586 0
8587 0
8588 0
8589 0
8590 0
8591 0
8592 0
8593 0
8594 0
8595 0
8596 0
8597 0
8598 0
8599 0
8600 0
8601 0
8602 0
8603 0
8604 0
8605 0
8606 0
8607 0
8608 0
8609 0
8610 0
8611 0
8612 0
8613 0
8614 0
8615 0
8616 0
8617 0
8618 0
8619 0
8620 0
8621 0
8622 0
8623 0
8624 0
8625 0
8626 0
8627 0
8628 0
8629 0
8630 0
8631 0
8632 0
8633 0
8634 0
8635 0
8636 0
8637 0
8638 0
8639 0
8640 0
8641 0
8642 0
8643 0
8644 0
8645 0
8646 0
8647 0
8648 0
8649 0
8650 0
8651 0
8652 0
8653 0
8654 0
8655 0
8656 0
8657 0
8658 0
8659 0
8660 0
8661 0
8662 0
8663 0
8664 0
8665 0
8666 0
8667 0
8668 0
8669 0
8670 0
8671 0
8672 0
8673 0
8674 0
8675 0
8676 0
8677 0
8678 0
8679 0
8680 0
8681 0
8682 0
8683 0
8684 0
8685 0
8686 0
8687 0
8688 0
8689 0
8690 0
8691 0
8692 0
8693 0
8694 0
8695 0
8696 0
8697 0
8698 0
8699 0
8700 0
8701 0
8702 0
8703 0
8704 0
8705 0
8706 0
8707 0
8708 0
8709 0
8710 0
8711 0
8712 0
8713 0
8714 0
8715 0
8716 0
8717 0
8718 0
8719 0
8720 0
8721 0
8722 0
8723 0
8724 0
8725 0
8726 0
8727 0
8728 0
8729 0
8730 0
8731 0
8732 0
8733 0
8734 0
8735 0
8736 0
8737 0
8738 0
8739 0
8740 0
8741 0
8742 0
8743 0
8744 0
8745 0
8746 0
8747 0
8748 0
8749 0
8750 0
8751 0
8752 0
8753 0
8754 0
8755 0
8756 0
8757 0
8758 0
8759 0
8760 0
