1 1
2 0
3 0
4 0
5 0
6 0
7 0
8 17
9 10
10 6
11 7
12 14
13 11
14 5
15 5
16 2
17 1
18 1
19 8
20 1
21 0
22 1
23 2
24 0
25 0
26 0
27 0
28 0
29 0
30 0
31 0
32 41
33 11
34 35
35 57
36 61
37 41
38 53
39 64
40 58
41 20
42 30
43 66
44 38
45 10
46 1
47 1
48 0
49 0
50 0
51 0
52 0
53 0
54 0
55 0
56 51
57 61
58 62
59 113
60 111
61 110
62 123
63 87
64 102
65 63
66 64
67 77
68 59
69 23
70 0
71 2
72 0
73 0
74 0
75 0
76 0
77 0
78 1
79 0
80 50
81 71
82 72
83 89
84 94
85 73
86 116
87 110
88 97
89 67
90 76
91 89
92 56
93 27
94 0
95 2
96 0
97 0
98 0
99 0
100 0
101 0
102 0
103 0
104 67
105 48
106 94
107 121
108 110
109 127
110 94
111 98
112 81
113 86
114 72
115 68
116 46
117 26
118 4
119 0
120 0
121 0
122 0
123 0
124 0
125 0
126 1
127 0
128 56
129 48
130 70
131 98
132 116
133 103
134 97
135 110
136 111
137 72
138 85
139 64
140 48
141 25
142 2
143 0
144 0
145 0
146 0
147 0
148 0
149 0
150 0
151 0
152 65
153 34
154 57
155 48
156 70
157 72
158 64
159 71
160 51
161 62
162 73
163 64
164 61
165 23
166 1
167 4
168 0
169 1
170 0
171 0
172 0
173 0
174 0
175 0
176 16
177 7
178 20
179 10
180 16
181 15
182 19
183 18
184 13
185 20
186 12
187 5
188 2
189 3
190 1
191 1
192 0
193 0
194 0
195 0
196 0
197 0
198 0
199 0
200 81
201 81
202 93
203 116
204 132
205 125
206 118
207 118
208 111
209 116
210 82
211 71
212 55
213 16
214 0
215 1
216 0
217 0
218 0
219 0
220 0
221 0
222 0
223 0
224 83
225 82
226 80
227 124
228 110
229 128
230 132
231 119
232 102
233 94
234 87
235 60
236 72
237 17
238 0
239 0
240 0
241 0
242 0
243 0
244 0
245 0
246 0
247 0
248 84
249 80
250 91
251 144
252 111
253 128
254 132
255 139
256 126
257 83
258 75
259 97
260 57
261 19
262 1
263 1
264 0
265 0
266 0
267 0
268 0
269 0
270 0
271 0
272 68
273 74
274 91
275 133
276 116
277 120
278 147
279 142
280 114
281 94
282 99
283 126
284 71
285 21
286 2
287 0
288 0
289 0
290 0
291 0
292 0
293 0
294 0
295 0
296 84
297 87
298 113
299 124
300 105
301 113
302 124
303 131
304 102
305 104
306 100
307 97
308 51
309 25
310 2
311 1
312 0
313 0
314 0
315 0
316 0
317 0
318 0
319 0
320 58
321 23
322 48
323 46
324 61
325 80
326 59
327 74
328 53
329 69
330 79
331 81
332 92
333 31
334 6
335 0
336 0
337 1
338 0
339 1
340 0
341 0
342 0
343 0
344 10
345 11
346 8
347 13
348 17
349 20
350 17
351 16
352 14
353 14
354 11
355 12
356 1
357 2
358 2
359 0
360 0
361 0
362 0
363 0
364 0
365 0
366 0
367 0
368 93
369 98
370 98
371 125
372 146
373 116
374 132
375 128
376 120
377 87
378 96
379 70
380 69
381 17
382 0
383 0
384 0
385 0
386 0
387 0
388 0
389 0
390 0
391 0
392 77
393 92
394 102
395 143
396 115
397 117
398 140
399 115
400 107
401 104
402 88
403 91
404 53
405 17
406 0
407 0
408 0
409 0
410 0
411 0
412 0
413 0
414 0
415 0
416 64
417 72
418 109
419 146
420 132
421 161
422 115
423 106
424 111
425 94
426 75
427 116
428 68
429 32
430 0
431 0
432 0
433 0
434 0
435 0
436 0
437 0
438 0
439 0
440 88
441 100
442 119
443 139
444 139
445 138
446 133
447 132
448 128
449 83
450 117
451 87
452 52
453 21
454 2
455 0
456 0
457 0
458 0
459 0
460 0
461 0
462 1
463 0
464 92
465 85
466 120
467 133
468 127
469 135
470 121
471 119
472 108
473 78
474 96
475 110
476 60
477 31
478 4
479 0
480 0
481 1
482 0
483 0
484 0
485 0
486 0
487 0
488 74
489 48
490 60
491 42
492 56
493 57
494 51
495 73
496 65
497 52
498 71
499 68
500 68
501 44
502 1
503 3
504 0
505 0
506 0
507 0
508 0
509 0
510 0
511 1
512 8
513 14
514 13
515 14
516 23
517 11
518 24
519 17
520 12
521 11
522 10
523 9
524 2
525 2
526 1
527 1
528 0
529 0
530 0
531 0
532 0
533 0
534 0
535 0
536 115
537 128
538 122
539 113
540 148
541 106
542 125
543 124
544 116
545 116
546 91
547 89
548 42
549 17
550 1
551 0
552 0
553 0
554 0
555 0
556 0
557 0
558 1
559 0
560 100
561 83
562 139
563 138
564 151
565 160
566 129
567 138
568 120
569 101
570 105
571 148
572 52
573 16
574 2
575 0
576 0
577 0
578 0
579 0
580 0
581 0
582 1
583 0
584 96
585 101
586 122
587 156
588 125
589 111
590 154
591 142
592 138
593 130
594 136
595 136
596 104
597 33
598 0
599 1
600 0
601 0
602 0
603 0
604 0
605 0
606 0
607 0
608 62
609 30
610 39
611 63
612 51
613 62
614 45
615 47
616 50
617 27
618 49
619 68
620 45
621 21
622 1
623 0
624 0
625 0
626 0
627 0
628 0
629 0
630 0
631 0
632 75
633 108
634 131
635 124
636 109
637 137
638 104
639 141
640 105
641 116
642 93
643 94
644 54
645 23
646 1
647 2
648 0
649 1
650 0
651 0
652 0
653 0
654 0
655 0
656 76
657 29
658 37
659 75
660 60
661 73
662 75
663 69
664 72
665 69
666 55
667 60
668 64
669 30
670 0
671 0
672 0
673 1
674 0
675 0
676 0
677 0
678 0
679 0
680 11
681 4
682 12
683 17
684 20
685 20
686 25
687 12
688 18
689 15
690 20
691 10
692 0
693 1
694 1
695 0
696 0
697 0
698 0
699 0
700 0
701 1
702 1
703 1
704 94
705 91
706 128
707 125
708 126
709 130
710 122
711 127
712 131
713 101
714 80
715 109
716 49
717 27
718 2
719 0
720 0
721 0
722 0
723 0
724 0
725 0
726 0
727 0
728 95
729 104
730 120
731 144
732 120
733 141
734 115
735 107
736 123
737 89
738 96
739 83
740 50
741 18
742 1
743 0
744 0
745 0
746 0
747 0
748 0
749 0
750 0
751 0
752 91
753 90
754 134
755 121
756 120
757 147
758 127
759 121
760 111
761 105
762 103
763 137
764 78
765 34
766 2
767 0
768 0
769 0
770 0
771 0
772 0
773 0
774 0
775 0
776 110
777 94
778 134
779 159
780 139
781 149
782 105
783 106
784 110
785 85
786 109
787 92
788 44
789 33
790 0
791 2
792 0
793 0
794 0
795 0
796 0
797 0
798 0
799 0
800 99
801 82
802 139
803 166
804 146
805 136
806 167
807 114
808 124
809 92
810 89
811 100
812 58
813 28
814 1
815 1
816 0
817 1
818 0
819 0
820 0
821 0
822 0
823 0
824 75
825 46
826 56
827 78
828 76
829 83
830 71
831 80
832 75
833 77
834 66
835 79
836 76
837 30
838 1
839 0
840 0
841 2
842 1
843 0
844 0
845 0
846 0
847 0
848 13
849 6
850 11
851 7
852 17
853 29
854 23
855 26
856 29
857 14
858 15
859 11
860 0
861 2
862 2
863 2
864 0
865 0
866 0
867 0
868 0
869 0
870 0
871 1
872 93
873 97
874 154
875 149
876 159
877 131
878 107
879 121
880 116
881 111
882 109
883 87
884 49
885 20
886 3
887 0
888 0
889 0
890 0
891 0
892 0
893 0
894 0
895 0
896 80
897 103
898 156
899 136
900 133
901 117
902 143
903 128
904 115
905 124
906 100
907 95
908 65
909 30
910 0
911 1
912 0
913 0
914 0
915 0
916 0
917 0
918 0
919 0
920 89
921 94
922 115
923 142
924 115
925 108
926 139
927 124
928 104
929 88
930 99
931 85
932 68
933 28
934 1
935 2
936 0
937 0
938 0
939 0
940 0
941 0
942 0
943 1
944 91
945 94
946 118
947 132
948 110
949 112
950 114
951 128
952 121
953 101
954 88
955 91
956 59
957 20
958 1
959 0
960 0
961 0
962 0
963 0
964 0
965 0
966 0
967 0
968 87
969 98
970 121
971 137
972 133
973 137
974 135
975 126
976 126
977 125
978 94
979 89
980 57
981 13
982 0
983 1
984 1
985 0
986 0
987 0
988 0
989 0
990 0
991 0
992 68
993 44
994 47
995 56
996 71
997 74
998 44
999 61
1000 73
1001 69
1002 73
1003 98
1004 76
1005 34
1006 5
1007 4
1008 0
1009 1
1010 0
1011 0
1012 0
1013 0
1014 0
1015 0
1016 10
1017 6
1018 14
1019 14
1020 17
1021 22
1022 22
1023 19
1024 18
1025 19
1026 19
1027 7
1028 0
1029 2
1030 1
1031 0
1032 0
1033 0
1034 0
1035 0
1036 0
1037 0
1038 0
1039 0
1040 94
1041 97
1042 149
1043 154
1044 117
1045 122
1046 119
1047 98
1048 103
1049 97
1050 78
1051 71
1052 61
1053 23
1054 2
1055 0
1056 0
1057 0
1058 0
1059 0
1060 0
1061 0
1062 0
1063 0
1064 84
1065 98
1066 138
1067 129
1068 115
1069 115
1070 115
1071 156
1072 118
1073 123
1074 86
1075 130
1076 87
1077 20
1078 3
1079 2
1080 0
1081 0
1082 0
1083 0
1084 0
1085 0
1086 0
1087 0
1088 86
1089 77
1090 122
1091 119
1092 110
1093 135
1094 107
1095 127
1096 103
1097 79
1098 95
1099 92
1100 68
1101 27
1102 0
1103 0
1104 0
1105 0
1106 0
1107 0
1108 0
1109 0
1110 0
1111 0
1112 87
1113 91
1114 138
1115 115
1116 131
1117 149
1118 141
1119 118
1120 91
1121 93
1122 85
1123 97
1124 62
1125 26
1126 0
1127 0
1128 0
1129 0
1130 0
1131 0
1132 0
1133 0
1134 0
1135 0
1136 109
1137 104
1138 117
1139 135
1140 142
1141 133
1142 159
1143 129
1144 121
1145 102
1146 120
1147 164
1148 53
1149 18
1150 1
1151 3
1152 1
1153 1
1154 0
1155 0
1156 1
1157 0
1158 1
1159 0
1160 73
1161 36
1162 40
1163 50
1164 78
1165 49
1166 62
1167 53
1168 66
1169 77
1170 65
1171 87
1172 76
1173 36
1174 3
1175 2
1176 0
1177 1
1178 0
1179 0
1180 0
1181 0
1182 0
1183 0
1184 11
1185 8
1186 12
1187 14
1188 9
1189 21
1190 18
1191 27
1192 15
1193 13
1194 13
1195 3
1196 1
1197 1
1198 1
1199 0
1200 0
1201 0
1202 0
1203 0
1204 0
1205 0
1206 0
1207 0
1208 89
1209 99
1210 143
1211 121
1212 156
1213 113
1214 142
1215 121
1216 108
1217 112
1218 94
1219 79
1220 58
1221 29
1222 2
1223 0
1224 0
1225 0
1226 0
1227 0
1228 0
1229 0
1230 0
1231 0
1232 82
1233 77
1234 135
1235 142
1236 139
1237 138
1238 108
1239 123
1240 122
1241 105
1242 98
1243 81
1244 55
1245 16
1246 2
1247 0
1248 0
1249 0
1250 0
1251 0
1252 0
1253 0
1254 1
1255 0
1256 98
1257 80
1258 132
1259 141
1260 132
1261 142
1262 151
1263 132
1264 115
1265 103
1266 92
1267 90
1268 77
1269 25
1270 1
1271 1
1272 0
1273 0
1274 0
1275 0
1276 0
1277 0
1278 0
1279 0
1280 91
1281 94
1282 118
1283 180
1284 129
1285 157
1286 151
1287 141
1288 123
1289 101
1290 90
1291 96
1292 54
1293 31
1294 0
1295 0
1296 0
1297 0
1298 0
1299 0
1300 0
1301 0
1302 0
1303 0
1304 85
1305 115
1306 160
1307 149
1308 138
1309 166
1310 195
1311 150
1312 162
1313 100
1314 151
1315 132
1316 71
1317 14
1318 4
1319 0
1320 0
1321 1
1322 0
1323 0
1324 0
1325 0
1326 1
1327 0
1328 66
1329 65
1330 97
1331 102
1332 83
1333 101
1334 93
1335 89
1336 73
1337 83
1338 96
1339 118
1340 97
1341 38
1342 3
1343 2
1344 0
1345 0
1346 0
1347 0
1348 0
1349 0
1350 0
1351 0
1352 13
1353 9
1354 14
1355 10
1356 18
1357 18
1358 27
1359 27
1360 20
1361 19
1362 18
1363 5
1364 0
1365 1
1366 1
1367 3
1368 0
1369 0
1370 0
1371 0
1372 0
1373 0
1374 0
1375 1
1376 82
1377 104
1378 110
1379 170
1380 149
1381 176
1382 167
1383 138
1384 148
1385 95
1386 80
1387 104
1388 58
1389 18
1390 2
1391 0
1392 0
1393 0
1394 0
1395 0
1396 0
1397 0
1398 0
1399 0
1400 98
1401 104
1402 157
1403 154
1404 151
1405 159
1406 175
1407 180
1408 132
1409 127
1410 79
1411 97
1412 61
1413 18
1414 0
1415 0
1416 0
1417 0
1418 0
1419 0
1420 0
1421 0
1422 0
1423 0
1424 87
1425 92
1426 140
1427 169
1428 140
1429 205
1430 164
1431 169
1432 155
1433 127
1434 101
1435 102
1436 78
1437 34
1438 0
1439 1
1440 0
1441 0
1442 0
1443 0
1444 0
1445 0
1446 0
1447 0
1448 110
1449 108
1450 156
1451 193
1452 178
1453 162
1454 184
1455 146
1456 136
1457 104
1458 100
1459 113
1460 78
1461 32
1462 0
1463 1
1464 0
1465 0
1466 0
1467 0
1468 0
1469 0
1470 0
1471 0
1472 68
1473 47
1474 60
1475 83
1476 82
1477 94
1478 79
1479 100
1480 107
1481 93
1482 105
1483 149
1484 88
1485 20
1486 3
1487 0
1488 1
1489 1
1490 0
1491 0
1492 0
1493 0
1494 0
1495 0
1496 16
1497 4
1498 13
1499 23
1500 18
1501 25
1502 20
1503 22
1504 30
1505 39
1506 41
1507 7
1508 2
1509 0
1510 1
1511 0
1512 0
1513 0
1514 0
1515 0
1516 0
1517 0
1518 0
1519 0
1520 82
1521 109
1522 150
1523 152
1524 167
1525 141
1526 176
1527 151
1528 141
1529 126
1530 105
1531 84
1532 54
1533 25
1534 0
1535 2
1536 1
1537 0
1538 0
1539 0
1540 0
1541 0
1542 0
1543 0
1544 98
1545 89
1546 136
1547 150
1548 160
1549 165
1550 171
1551 158
1552 135
1553 112
1554 91
1555 96
1556 54
1557 21
1558 1
1559 0
1560 0
1561 0
1562 0
1563 0
1564 0
1565 0
1566 0
1567 0
1568 95
1569 134
1570 142
1571 142
1572 164
1573 163
1574 156
1575 154
1576 119
1577 125
1578 120
1579 87
1580 65
1581 33
1582 0
1583 1
1584 0
1585 0
1586 0
1587 0
1588 0
1589 0
1590 0
1591 0
1592 85
1593 93
1594 146
1595 150
1596 154
1597 163
1598 181
1599 152
1600 134
1601 111
1602 113
1603 125
1604 79
1605 35
1606 1
1607 0
1608 0
1609 0
1610 0
1611 0
1612 0
1613 1
1614 0
1615 0
1616 80
1617 108
1618 135
1619 135
1620 163
1621 181
1622 164
1623 183
1624 145
1625 126
1626 117
1627 110
1628 73
1629 23
1630 2
1631 0
1632 0
1633 0
1634 0
1635 0
1636 0
1637 0
1638 0
1639 0
1640 79
1641 54
1642 62
1643 80
1644 61
1645 79
1646 61
1647 72
1648 86
1649 99
1650 88
1651 101
1652 90
1653 46
1654 4
1655 3
1656 1
1657 1
1658 0
1659 0
1660 0
1661 0
1662 0
1663 0
1664 8
1665 0
1666 5
1667 13
1668 19
1669 16
1670 16
1671 15
1672 22
1673 17
1674 21
1675 7
1676 3
1677 2
1678 2
1679 0
1680 0
1681 0
1682 0
1683 0
1684 0
1685 0
1686 0
1687 0
1688 72
1689 30
1690 33
1691 62
1692 53
1693 65
1694 45
1695 55
1696 58
1697 26
1698 30
1699 59
1700 50
1701 23
1702 0
1703 0
1704 0
1705 0
1706 0
1707 0
1708 0
1709 0
1710 0
1711 1
1712 87
1713 109
1714 133
1715 160
1716 152
1717 160
1718 151
1719 130
1720 123
1721 101
1722 108
1723 96
1724 92
1725 33
1726 3
1727 4
1728 0
1729 0
1730 0
1731 0
1732 0
1733 0
1734 0
1735 0
1736 89
1737 92
1738 132
1739 142
1740 151
1741 172
1742 171
1743 154
1744 146
1745 91
1746 89
1747 105
1748 69
1749 26
1750 1
1751 1
1752 0
1753 0
1754 0
1755 0
1756 0
1757 0
1758 0
1759 0
1760 112
1761 94
1762 157
1763 182
1764 159
1765 172
1766 161
1767 176
1768 163
1769 119
1770 109
1771 128
1772 60
1773 29
1774 0
1775 0
1776 0
1777 0
1778 0
1779 0
1780 0
1781 0
1782 0
1783 0
1784 104
1785 105
1786 135
1787 165
1788 169
1789 185
1790 167
1791 133
1792 147
1793 112
1794 100
1795 122
1796 63
1797 19
1798 5
1799 0
1800 0
1801 1
1802 0
1803 0
1804 0
1805 0
1806 0
1807 0
1808 89
1809 70
1810 95
1811 130
1812 98
1813 80
1814 93
1815 96
1816 83
1817 71
1818 83
1819 94
1820 89
1821 35
1822 0
1823 3
1824 2
1825 1
1826 0
1827 0
1828 0
1829 0
1830 0
1831 2
1832 10
1833 36
1834 20
1835 26
1836 32
1837 34
1838 34
1839 33
1840 25
1841 31
1842 18
1843 13
1844 1
1845 1
1846 1
1847 1
1848 0
1849 0
1850 0
1851 0
1852 0
1853 0
1854 0
1855 0
1856 96
1857 113
1858 126
1859 153
1860 136
1861 136
1862 131
1863 141
1864 122
1865 108
1866 73
1867 90
1868 50
1869 22
1870 1
1871 0
1872 0
1873 0
1874 0
1875 0
1876 0
1877 0
1878 0
1879 0
1880 87
1881 100
1882 140
1883 161
1884 131
1885 113
1886 122
1887 149
1888 111
1889 93
1890 99
1891 101
1892 75
1893 33
1894 1
1895 0
1896 0
1897 0
1898 0
1899 0
1900 0
1901 0
1902 0
1903 0
1904 91
1905 92
1906 118
1907 132
1908 142
1909 154
1910 143
1911 142
1912 128
1913 112
1914 99
1915 83
1916 50
1917 29
1918 0
1919 1
1920 0
1921 1
1922 0
1923 0
1924 0
1925 0
1926 0
1927 0
1928 106
1929 93
1930 141
1931 144
1932 121
1933 136
1934 167
1935 128
1936 132
1937 91
1938 85
1939 95
1940 53
1941 25
1942 1
1943 0
1944 1
1945 1
1946 0
1947 0
1948 0
1949 0
1950 0
1951 1
1952 87
1953 104
1954 118
1955 154
1956 156
1957 177
1958 165
1959 123
1960 122
1961 98
1962 91
1963 115
1964 55
1965 29
1966 2
1967 2
1968 0
1969 1
1970 0
1971 0
1972 0
1973 0
1974 0
1975 0
1976 79
1977 43
1978 36
1979 61
1980 60
1981 63
1982 69
1983 64
1984 83
1985 71
1986 79
1987 104
1988 93
1989 39
1990 1
1991 2
1992 1
1993 1
1994 0
1995 0
1996 0
1997 0
1998 0
1999 0
2000 14
2001 9
2002 16
2003 21
2004 19
2005 19
2006 18
2007 18
2008 21
2009 20
2010 9
2011 7
2012 2
2013 3
2014 3
2015 0
2016 0
2017 0
2018 0
2019 0
2020 0
2021 0
2022 0
2023 1
2024 93
2025 90
2026 113
2027 155
2028 132
2029 134
2030 114
2031 128
2032 88
2033 87
2034 88
2035 84
2036 61
2037 31
2038 1
2039 0
2040 0
2041 0
2042 0
2043 0
2044 0
2045 0
2046 0
2047 0
2048 86
2049 77
2050 130
2051 158
2052 139
2053 146
2054 140
2055 156
2056 125
2057 90
2058 77
2059 85
2060 55
2061 38
2062 0
2063 0
2064 0
2065 0
2066 0
2067 0
2068 0
2069 0
2070 0
2071 0
2072 92
2073 97
2074 136
2075 171
2076 147
2077 165
2078 159
2079 133
2080 112
2081 101
2082 133
2083 116
2084 54
2085 35
2086 0
2087 1
2088 0
2089 0
2090 0
2091 0
2092 0
2093 0
2094 0
2095 0
2096 103
2097 84
2098 121
2099 155
2100 141
2101 156
2102 126
2103 142
2104 138
2105 102
2106 118
2107 120
2108 87
2109 29
2110 2
2111 0
2112 0
2113 1
2114 0
2115 0
2116 0
2117 0
2118 0
2119 0
2120 84
2121 113
2122 139
2123 142
2124 158
2125 154
2126 150
2127 126
2128 123
2129 111
2130 112
2131 131
2132 75
2133 27
2134 2
2135 2
2136 0
2137 0
2138 0
2139 0
2140 0
2141 0
2142 0
2143 0
2144 68
2145 51
2146 59
2147 76
2148 86
2149 86
2150 81
2151 82
2152 81
2153 86
2154 97
2155 151
2156 47
2157 9
2158 0
2159 0
2160 0
2161 0
2162 0
2163 0
2164 0
2165 0
2166 0
2167 0
2168 14
2169 6
2170 24
2171 50
2172 30
2173 32
2174 36
2175 36
2176 17
2177 23
2178 16
2179 1
2180 0
2181 0
2182 2
2183 0
2184 0
2185 0
2186 0
2187 0
2188 0
2189 0
2190 0
2191 0
2192 97
2193 103
2194 123
2195 124
2196 146
2197 139
2198 152
2199 130
2200 116
2201 97
2202 101
2203 75
2204 60
2205 14
2206 1
2207 0
2208 0
2209 0
2210 0
2211 0
2212 0
2213 0
2214 0
2215 0
2216 73
2217 95
2218 133
2219 160
2220 147
2221 148
2222 117
2223 133
2224 130
2225 78
2226 74
2227 103
2228 59
2229 26
2230 0
2231 0
2232 0
2233 0
2234 0
2235 0
2236 0
2237 0
2238 0
2239 0
2240 83
2241 104
2242 144
2243 136
2244 156
2245 161
2246 142
2247 143
2248 131
2249 96
2250 100
2251 116
2252 83
2253 36
2254 1
2255 0
2256 0
2257 0
2258 0
2259 0
2260 0
2261 0
2262 0
2263 0
2264 96
2265 100
2266 138
2267 151
2268 128
2269 163
2270 170
2271 103
2272 131
2273 97
2274 89
2275 101
2276 77
2277 35
2278 4
2279 2
2280 0
2281 1
2282 0
2283 0
2284 0
2285 0
2286 0
2287 0
2288 55
2289 12
2290 28
2291 50
2292 44
2293 71
2294 53
2295 52
2296 43
2297 32
2298 38
2299 38
2300 29
2301 16
2302 1
2303 0
2304 0
2305 0
2306 0
2307 0
2308 0
2309 0
2310 0
2311 0
2312 66
2313 29
2314 47
2315 66
2316 70
2317 73
2318 75
2319 41
2320 69
2321 104
2322 66
2323 80
2324 71
2325 31
2326 1
2327 1
2328 0
2329 1
2330 0
2331 0
2332 0
2333 0
2334 0
2335 0
2336 13
2337 6
2338 13
2339 5
2340 6
2341 12
2342 17
2343 21
2344 34
2345 35
2346 14
2347 5
2348 3
2349 1
2350 2
2351 0
2352 0
2353 1
2354 0
2355 0
2356 0
2357 0
2358 0
2359 0
2360 54
2361 29
2362 47
2363 67
2364 73
2365 63
2366 59
2367 66
2368 69
2369 34
2370 37
2371 73
2372 61
2373 29
2374 0
2375 1
2376 0
2377 0
2378 0
2379 0
2380 0
2381 0
2382 0
2383 0
2384 82
2385 92
2386 110
2387 129
2388 138
2389 139
2390 126
2391 111
2392 100
2393 88
2394 92
2395 110
2396 68
2397 34
2398 0
2399 0
2400 0
2401 0
2402 1
2403 0
2404 0
2405 0
2406 0
2407 0
2408 90
2409 96
2410 109
2411 139
2412 132
2413 172
2414 117
2415 118
2416 129
2417 73
2418 77
2419 100
2420 84
2421 30
2422 0
2423 0
2424 0
2425 0
2426 0
2427 0
2428 0
2429 0
2430 0
2431 0
2432 85
2433 81
2434 110
2435 129
2436 132
2437 131
2438 134
2439 119
2440 121
2441 97
2442 114
2443 127
2444 60
2445 24
2446 1
2447 0
2448 0
2449 0
2450 0
2451 0
2452 0
2453 0
2454 0
2455 0
2456 86
2457 96
2458 102
2459 144
2460 139
2461 123
2462 124
2463 132
2464 136
2465 98
2466 89
2467 134
2468 88
2469 35
2470 2
2471 1
2472 0
2473 1
2474 0
2475 0
2476 0
2477 0
2478 0
2479 0
2480 76
2481 51
2482 78
2483 65
2484 90
2485 97
2486 90
2487 82
2488 66
2489 89
2490 120
2491 135
2492 70
2493 15
2494 0
2495 1
2496 2
2497 1
2498 0
2499 0
2500 0
2501 0
2502 0
2503 0
2504 12
2505 7
2506 13
2507 15
2508 17
2509 21
2510 24
2511 26
2512 25
2513 33
2514 5
2515 7
2516 1
2517 1
2518 0
2519 0
2520 0
2521 0
2522 0
2523 0
2524 0
2525 0
2526 0
2527 0
2528 85
2529 105
2530 115
2531 157
2532 125
2533 122
2534 114
2535 117
2536 98
2537 84
2538 86
2539 105
2540 62
2541 20
2542 2
2543 1
2544 0
2545 0
2546 0
2547 0
2548 0
2549 0
2550 0
2551 0
2552 81
2553 101
2554 111
2555 136
2556 111
2557 139
2558 126
2559 145
2560 102
2561 97
2562 89
2563 97
2564 58
2565 23
2566 0
2567 1
2568 0
2569 0
2570 0
2571 0
2572 0
2573 0
2574 0
2575 0
2576 83
2577 87
2578 108
2579 125
2580 147
2581 140
2582 105
2583 138
2584 128
2585 95
2586 117
2587 117
2588 60
2589 38
2590 2
2591 0
2592 0
2593 0
2594 0
2595 0
2596 0
2597 0
2598 0
2599 0
2600 90
2601 99
2602 144
2603 175
2604 152
2605 138
2606 119
2607 155
2608 127
2609 117
2610 101
2611 94
2612 79
2613 27
2614 3
2615 2
2616 0
2617 0
2618 0
2619 0
2620 0
2621 0
2622 0
2623 1
2624 99
2625 104
2626 130
2627 164
2628 146
2629 176
2630 150
2631 148
2632 144
2633 101
2634 74
2635 126
2636 63
2637 21
2638 2
2639 4
2640 0
2641 1
2642 0
2643 0
2644 0
2645 0
2646 0
2647 0
2648 61
2649 50
2650 46
2651 54
2652 71
2653 66
2654 89
2655 72
2656 61
2657 72
2658 82
2659 100
2660 75
2661 34
2662 0
2663 3
2664 2
2665 2
2666 0
2667 0
2668 1
2669 0
2670 0
2671 0
2672 11
2673 7
2674 9
2675 15
2676 36
2677 27
2678 21
2679 20
2680 22
2681 18
2682 9
2683 1
2684 1
2685 1
2686 0
2687 1
2688 0
2689 0
2690 0
2691 0
2692 0
2693 0
2694 0
2695 0
2696 82
2697 83
2698 116
2699 150
2700 156
2701 137
2702 142
2703 129
2704 99
2705 78
2706 71
2707 105
2708 65
2709 32
2710 1
2711 1
2712 0
2713 0
2714 0
2715 0
2716 0
2717 0
2718 0
2719 0
2720 77
2721 84
2722 101
2723 134
2724 150
2725 125
2726 150
2727 135
2728 108
2729 105
2730 118
2731 122
2732 106
2733 36
2734 0
2735 1
2736 0
2737 0
2738 0
2739 0
2740 0
2741 0
2742 0
2743 0
2744 54
2745 11
2746 35
2747 49
2748 38
2749 59
2750 57
2751 47
2752 37
2753 34
2754 20
2755 58
2756 44
2757 12
2758 1
2759 1
2760 0
2761 0
2762 0
2763 0
2764 0
2765 1
2766 0
2767 0
2768 85
2769 90
2770 133
2771 168
2772 151
2773 157
2774 143
2775 145
2776 168
2777 102
2778 115
2779 112
2780 63
2781 31
2782 0
2783 0
2784 0
2785 0
2786 0
2787 0
2788 0
2789 0
2790 1
2791 0
2792 107
2793 104
2794 120
2795 138
2796 163
2797 147
2798 160
2799 128
2800 119
2801 89
2802 102
2803 121
2804 65
2805 15
2806 1
2807 1
2808 0
2809 1
2810 0
2811 0
2812 0
2813 0
2814 0
2815 0
2816 72
2817 44
2818 67
2819 75
2820 52
2821 71
2822 94
2823 102
2824 103
2825 122
2826 117
2827 112
2828 82
2829 41
2830 1
2831 1
2832 0
2833 0
2834 0
2835 0
2836 0
2837 0
2838 0
2839 0
2840 15
2841 10
2842 6
2843 14
2844 21
2845 25
2846 30
2847 37
2848 27
2849 14
2850 23
2851 9
2852 1
2853 0
2854 0
2855 0
2856 0
2857 0
2858 0
2859 0
2860 0
2861 0
2862 0
2863 0
2864 86
2865 105
2866 143
2867 135
2868 139
2869 153
2870 138
2871 149
2872 113
2873 109
2874 86
2875 85
2876 63
2877 12
2878 1
2879 0
2880 0
2881 0
2882 0
2883 0
2884 0
2885 0
2886 1
2887 0
2888 106
2889 99
2890 125
2891 153
2892 129
2893 152
2894 116
2895 138
2896 118
2897 104
2898 86
2899 82
2900 63
2901 28
2902 2
2903 1
2904 0
2905 0
2906 0
2907 0
2908 0
2909 0
2910 0
2911 0
2912 83
2913 79
2914 116
2915 136
2916 143
2917 124
2918 130
2919 115
2920 132
2921 96
2922 107
2923 96
2924 62
2925 17
2926 2
2927 1
2928 0
2929 0
2930 0
2931 0
2932 0
2933 1
2934 0
2935 1
2936 98
2937 86
2938 140
2939 146
2940 162
2941 157
2942 149
2943 183
2944 128
2945 102
2946 94
2947 93
2948 88
2949 28
2950 0
2951 1
2952 0
2953 0
2954 0
2955 0
2956 0
2957 0
2958 0
2959 0
2960 86
2961 143
2962 156
2963 151
2964 149
2965 142
2966 157
2967 150
2968 137
2969 126
2970 131
2971 177
2972 56
2973 13
2974 0
2975 0
2976 0
2977 1
2978 0
2979 0
2980 0
2981 0
2982 0
2983 0
2984 66
2985 44
2986 70
2987 61
2988 101
2989 160
2990 128
2991 73
2992 63
2993 74
2994 102
2995 94
2996 69
2997 24
2998 2
2999 1
3000 0
3001 0
3002 0
3003 0
3004 0
3005 0
3006 0
3007 0
3008 4
3009 11
3010 8
3011 24
3012 51
3013 43
3014 47
3015 34
3016 22
3017 27
3018 17
3019 5
3020 2
3021 0
3022 2
3023 0
3024 0
3025 0
3026 0
3027 0
3028 0
3029 0
3030 1
3031 0
3032 94
3033 102
3034 117
3035 133
3036 146
3037 129
3038 107
3039 126
3040 105
3041 105
3042 63
3043 77
3044 48
3045 28
3046 0
3047 0
3048 0
3049 0
3050 0
3051 0
3052 0
3053 0
3054 0
3055 1
3056 108
3057 84
3058 116
3059 141
3060 127
3061 117
3062 136
3063 111
3064 100
3065 94
3066 99
3067 73
3068 64
3069 24
3070 0
3071 0
3072 0
3073 0
3074 0
3075 0
3076 0
3077 0
3078 0
3079 1
3080 81
3081 99
3082 156
3083 150
3084 151
3085 145
3086 149
3087 159
3088 150
3089 112
3090 97
3091 133
3092 73
3093 32
3094 1
3095 3
3096 0
3097 0
3098 0
3099 0
3100 0
3101 0
3102 0
3103 1
3104 88
3105 118
3106 154
3107 147
3108 138
3109 130
3110 134
3111 128
3112 134
3113 102
3114 117
3115 113
3116 76
3117 33
3118 0
3119 0
3120 0
3121 0
3122 0
3123 0
3124 0
3125 0
3126 0
3127 0
3128 72
3129 90
3130 112
3131 123
3132 154
3133 154
3134 122
3135 120
3136 126
3137 89
3138 103
3139 131
3140 83
3141 28
3142 1
3143 0
3144 0
3145 0
3146 0
3147 0
3148 0
3149 0
3150 0
3151 0
3152 47
3153 38
3154 60
3155 73
3156 55
3157 73
3158 78
3159 95
3160 77
3161 85
3162 107
3163 167
3164 79
3165 13
3166 0
3167 2
3168 1
3169 1
3170 0
3171 0
3172 0
3173 0
3174 0
3175 0
3176 12
3177 8
3178 12
3179 22
3180 20
3181 27
3182 45
3183 37
3184 24
3185 14
3186 12
3187 14
3188 1
3189 2
3190 3
3191 1
3192 0
3193 0
3194 0
3195 0
3196 0
3197 0
3198 0
3199 1
3200 75
3201 77
3202 135
3203 149
3204 127
3205 164
3206 130
3207 134
3208 129
3209 118
3210 95
3211 147
3212 58
3213 18
3214 1
3215 0
3216 0
3217 1
3218 0
3219 0
3220 0
3221 0
3222 0
3223 0
3224 89
3225 97
3226 117
3227 146
3228 121
3229 129
3230 145
3231 130
3232 104
3233 100
3234 114
3235 140
3236 62
3237 23
3238 2
3239 1
3240 0
3241 0
3242 0
3243 0
3244 0
3245 0
3246 0
3247 0
3248 84
3249 91
3250 154
3251 151
3252 123
3253 136
3254 135
3255 147
3256 131
3257 115
3258 97
3259 119
3260 70
3261 25
3262 1
3263 1
3264 0
3265 0
3266 0
3267 0
3268 0
3269 0
3270 0
3271 0
3272 84
3273 77
3274 123
3275 145
3276 150
3277 138
3278 131
3279 118
3280 118
3281 108
3282 83
3283 121
3284 58
3285 24
3286 0
3287 2
3288 0
3289 0
3290 0
3291 0
3292 0
3293 0
3294 0
3295 1
3296 88
3297 96
3298 124
3299 130
3300 124
3301 151
3302 124
3303 126
3304 126
3305 100
3306 114
3307 143
3308 75
3309 22
3310 1
3311 1
3312 0
3313 0
3314 0
3315 0
3316 0
3317 0
3318 0
3319 0
3320 53
3321 29
3322 51
3323 65
3324 66
3325 91
3326 74
3327 57
3328 71
3329 71
3330 127
3331 167
3332 60
3333 9
3334 1
3335 0
3336 1
3337 0
3338 0
3339 0
3340 0
3341 0
3342 1
3343 0
3344 9
3345 7
3346 5
3347 12
3348 27
3349 26
3350 38
3351 38
3352 39
3353 18
3354 20
3355 19
3356 0
3357 0
3358 1
3359 0
3360 0
3361 0
3362 0
3363 0
3364 0
3365 1
3366 0
3367 0
3368 82
3369 92
3370 141
3371 154
3372 128
3373 156
3374 124
3375 138
3376 134
3377 115
3378 85
3379 82
3380 52
3381 22
3382 0
3383 0
3384 0
3385 0
3386 0
3387 0
3388 0
3389 0
3390 0
3391 0
3392 96
3393 113
3394 116
3395 142
3396 128
3397 112
3398 119
3399 112
3400 118
3401 85
3402 101
3403 125
3404 60
3405 30
3406 0
3407 0
3408 0
3409 0
3410 0
3411 0
3412 0
3413 0
3414 0
3415 0
3416 90
3417 124
3418 145
3419 116
3420 128
3421 139
3422 127
3423 137
3424 131
3425 96
3426 90
3427 105
3428 79
3429 25
3430 0
3431 5
3432 0
3433 0
3434 0
3435 0
3436 0
3437 1
3438 0
3439 0
3440 90
3441 115
3442 140
3443 127
3444 141
3445 136
3446 113
3447 117
3448 100
3449 96
3450 91
3451 98
3452 58
3453 22
3454 1
3455 0
3456 1
3457 0
3458 0
3459 0
3460 0
3461 0
3462 0
3463 0
3464 92
3465 88
3466 137
3467 156
3468 162
3469 157
3470 124
3471 125
3472 120
3473 122
3474 100
3475 120
3476 97
3477 17
3478 0
3479 1
3480 0
3481 0
3482 0
3483 0
3484 0
3485 0
3486 0
3487 0
3488 65
3489 32
3490 36
3491 65
3492 68
3493 70
3494 61
3495 83
3496 96
3497 102
3498 99
3499 97
3500 77
3501 46
3502 4
3503 2
3504 0
3505 0
3506 0
3507 0
3508 0
3509 0
3510 0
3511 0
3512 9
3513 11
3514 14
3515 13
3516 22
3517 42
3518 35
3519 21
3520 29
3521 18
3522 15
3523 11
3524 2
3525 2
3526 2
3527 3
3528 0
3529 0
3530 0
3531 0
3532 0
3533 0
3534 0
3535 0
3536 85
3537 110
3538 126
3539 150
3540 135
3541 136
3542 135
3543 109
3544 123
3545 95
3546 96
3547 94
3548 62
3549 17
3550 1
3551 0
3552 0
3553 0
3554 0
3555 0
3556 0
3557 0
3558 0
3559 0
3560 72
3561 99
3562 115
3563 136
3564 149
3565 134
3566 135
3567 132
3568 128
3569 95
3570 83
3571 85
3572 49
3573 26
3574 1
3575 0
3576 0
3577 0
3578 0
3579 0
3580 0
3581 0
3582 0
3583 0
3584 72
3585 123
3586 124
3587 153
3588 133
3589 165
3590 138
3591 120
3592 133
3593 99
3594 90
3595 122
3596 69
3597 20
3598 1
3599 0
3600 0
3601 0
3602 0
3603 0
3604 0
3605 0
3606 1
3607 0
3608 82
3609 86
3610 154
3611 151
3612 140
3613 150
3614 134
3615 123
3616 130
3617 84
3618 100
3619 132
3620 79
3621 27
3622 0
3623 1
3624 0
3625 0
3626 0
3627 0
3628 0
3629 0
3630 0
3631 0
3632 67
3633 99
3634 111
3635 153
3636 161
3637 152
3638 167
3639 140
3640 117
3641 101
3642 107
3643 168
3644 75
3645 16
3646 2
3647 1
3648 0
3649 0
3650 0
3651 0
3652 0
3653 0
3654 0
3655 0
3656 43
3657 40
3658 45
3659 67
3660 69
3661 88
3662 69
3663 107
3664 85
3665 102
3666 64
3667 137
3668 84
3669 27
3670 0
3671 0
3672 0
3673 0
3674 0
3675 0
3676 0
3677 0
3678 0
3679 0
3680 13
3681 5
3682 17
3683 21
3684 22
3685 23
3686 19
3687 17
3688 24
3689 24
3690 21
3691 8
3692 0
3693 0
3694 0
3695 0
3696 0
3697 0
3698 0
3699 0
3700 0
3701 0
3702 0
3703 0
3704 70
3705 87
3706 126
3707 134
3708 132
3709 136
3710 142
3711 114
3712 112
3713 85
3714 98
3715 103
3716 52
3717 22
3718 0
3719 0
3720 0
3721 0
3722 0
3723 0
3724 0
3725 0
3726 0
3727 0
3728 75
3729 104
3730 122
3731 135
3732 166
3733 140
3734 153
3735 118
3736 109
3737 105
3738 89
3739 94
3740 67
3741 27
3742 0
3743 0
3744 0
3745 0
3746 0
3747 0
3748 0
3749 0
3750 0
3751 0
3752 79
3753 105
3754 133
3755 136
3756 174
3757 161
3758 163
3759 138
3760 105
3761 126
3762 103
3763 118
3764 80
3765 32
3766 0
3767 1
3768 0
3769 0
3770 0
3771 6
3772 13
3773 12
3774 7
3775 12
3776 95
3777 100
3778 125
3779 133
3780 151
3781 136
3782 138
3783 142
3784 101
3785 88
3786 107
3787 99
3788 76
3789 30
3790 0
3791 2
3792 0
3793 1
3794 0
3795 0
3796 0
3797 0
3798 0
3799 0
3800 68
3801 99
3802 126
3803 139
3804 136
3805 136
3806 142
3807 127
3808 113
3809 93
3810 102
3811 142
3812 84
3813 21
3814 0
3815 3
3816 0
3817 0
3818 0
3819 0
3820 0
3821 0
3822 0
3823 0
3824 58
3825 43
3826 55
3827 57
3828 73
3829 57
3830 70
3831 105
3832 63
3833 62
3834 85
3835 163
3836 94
3837 18
3838 0
3839 0
3840 0
3841 0
3842 0
3843 0
3844 0
3845 0
3846 0
3847 0
3848 7
3849 9
3850 13
3851 12
3852 16
3853 19
3854 37
3855 24
3856 25
3857 29
3858 26
3859 8
3860 1
3861 2
3862 0
3863 2
3864 0
3865 0
3866 0
3867 0
3868 0
3869 0
3870 0
3871 0
3872 52
3873 33
3874 32
3875 48
3876 42
3877 50
3878 58
3879 44
3880 41
3881 36
3882 25
3883 62
3884 44
3885 17
3886 0
3887 0
3888 0
3889 0
3890 0
3891 0
3892 0
3893 0
3894 0
3895 0
3896 79
3897 112
3898 139
3899 144
3900 134
3901 170
3902 124
3903 133
3904 100
3905 88
3906 97
3907 96
3908 79
3909 22
3910 2
3911 1
3912 0
3913 0
3914 0
3915 0
3916 0
3917 0
3918 0
3919 0
3920 81
3921 115
3922 133
3923 162
3924 134
3925 166
3926 152
3927 136
3928 102
3929 90
3930 102
3931 125
3932 89
3933 31
3934 1
3935 0
3936 0
3937 0
3938 0
3939 0
3940 0
3941 0
3942 0
3943 0
3944 81
3945 96
3946 123
3947 149
3948 147
3949 168
3950 132
3951 158
3952 134
3953 99
3954 90
3955 98
3956 66
3957 32
3958 0
3959 0
3960 0
3961 0
3962 0
3963 0
3964 0
3965 0
3966 0
3967 0
3968 73
3969 92
3970 101
3971 133
3972 146
3973 155
3974 124
3975 135
3976 144
3977 99
3978 88
3979 117
3980 64
3981 22
3982 0
3983 1
3984 0
3985 0
3986 0
3987 0
3988 0
3989 0
3990 0
3991 0
3992 63
3993 49
3994 83
3995 90
3996 67
3997 82
3998 83
3999 89
4000 80
4001 97
4002 98
4003 143
4004 102
4005 27
4006 2
4007 1
4008 0
4009 0
4010 0
4011 0
4012 0
4013 0
4014 0
4015 0
4016 11
4017 11
4018 6
4019 12
4020 20
4021 17
4022 25
4023 36
4024 24
4025 29
4026 30
4027 9
4028 1
4029 0
4030 0
4031 0
4032 0
4033 0
4034 0
4035 0
4036 0
4037 0
4038 0
4039 0
4040 90
4041 130
4042 151
4043 139
4044 136
4045 121
4046 143
4047 134
4048 111
4049 99
4050 76
4051 93
4052 55
4053 23
4054 0
4055 0
4056 0
4057 0
4058 0
4059 0
4060 0
4061 0
4062 0
4063 0
4064 88
4065 99
4066 137
4067 180
4068 152
4069 136
4070 188
4071 130
4072 115
4073 97
4074 87
4075 92
4076 55
4077 27
4078 1
4079 0
4080 0
4081 0
4082 0
4083 0
4084 0
4085 0
4086 0
4087 0
4088 97
4089 124
4090 124
4091 129
4092 147
4093 142
4094 123
4095 126
4096 130
4097 103
4098 113
4099 103
4100 68
4101 23
4102 0
4103 0
4104 0
4105 0
4106 0
4107 0
4108 0
4109 0
4110 0
4111 0
4112 81
4113 89
4114 117
4115 164
4116 126
4117 139
4118 132
4119 117
4120 103
4121 90
4122 81
4123 168
4124 67
4125 24
4126 0
4127 2
4128 0
4129 0
4130 0
4131 0
4132 0
4133 0
4134 0
4135 0
4136 82
4137 124
4138 138
4139 136
4140 150
4141 152
4142 154
4143 174
4144 129
4145 98
4146 99
4147 129
4148 82
4149 37
4150 0
4151 2
4152 0
4153 0
4154 0
4155 0
4156 0
4157 0
4158 0
4159 0
4160 50
4161 49
4162 61
4163 64
4164 71
4165 86
4166 84
4167 81
4168 84
4169 80
4170 98
4171 103
4172 83
4173 27
4174 1
4175 2
4176 0
4177 0
4178 0
4179 0
4180 0
4181 0
4182 0
4183 0
4184 8
4185 10
4186 12
4187 10
4188 20
4189 22
4190 36
4191 36
4192 32
4193 41
4194 20
4195 8
4196 1
4197 0
4198 0
4199 0
4200 0
4201 0
4202 0
4203 0
4204 0
4205 0
4206 0
4207 0
4208 94
4209 124
4210 135
4211 120
4212 141
4213 149
4214 152
4215 147
4216 127
4217 110
4218 81
4219 89
4220 59
4221 28
4222 0
4223 1
4224 0
4225 0
4226 0
4227 0
4228 0
4229 0
4230 0
4231 0
4232 63
4233 123
4234 128
4235 141
4236 131
4237 128
4238 129
4239 131
4240 150
4241 104
4242 89
4243 102
4244 88
4245 23
4246 0
4247 0
4248 0
4249 0
4250 0
4251 0
4252 0
4253 0
4254 1
4255 0
4256 106
4257 109
4258 126
4259 144
4260 164
4261 157
4262 167
4263 158
4264 150
4265 103
4266 87
4267 128
4268 63
4269 20
4270 1
4271 0
4272 0
4273 0
4274 0
4275 0
4276 0
4277 0
4278 0
4279 1
4280 91
4281 135
4282 147
4283 148
4284 158
4285 151
4286 141
4287 143
4288 123
4289 110
4290 70
4291 115
4292 76
4293 26
4294 0
4295 2
4296 0
4297 0
4298 0
4299 0
4300 0
4301 0
4302 0
4303 1
4304 92
4305 120
4306 145
4307 169
4308 175
4309 145
4310 158
4311 127
4312 147
4313 128
4314 97
4315 101
4316 80
4317 26
4318 0
4319 2
4320 1
4321 0
4322 0
4323 0
4324 0
4325 0
4326 1
4327 0
4328 62
4329 73
4330 75
4331 74
4332 91
4333 94
4334 84
4335 83
4336 85
4337 77
4338 129
4339 158
4340 96
4341 25
4342 0
4343 0
4344 0
4345 0
4346 0
4347 0
4348 0
4349 0
4350 0
4351 0
4352 11
4353 5
4354 18
4355 14
4356 14
4357 32
4358 29
4359 33
4360 30
4361 46
4362 11
4363 10
4364 2
4365 0
4366 0
4367 2
4368 0
4369 0
4370 0
4371 0
4372 0
4373 0
4374 0
4375 0
4376 104
4377 156
4378 135
4379 124
4380 155
4381 140
4382 149
4383 127
4384 139
4385 104
4386 91
4387 88
4388 62
4389 21
4390 0
4391 0
4392 0
4393 0
4394 0
4395 0
4396 0
4397 0
4398 0
4399 0
4400 109
4401 119
4402 155
4403 159
4404 151
4405 156
4406 132
4407 143
4408 147
4409 109
4410 101
4411 134
4412 104
4413 31
4414 1
4415 1
4416 0
4417 0
4418 0
4419 0
4420 0
4421 0
4422 2
4423 1
4424 90
4425 140
4426 136
4427 138
4428 133
4429 147
4430 134
4431 136
4432 120
4433 83
4434 70
4435 120
4436 105
4437 29
4438 2
4439 0
4440 0
4441 0
4442 0
4443 0
4444 0
4445 0
4446 0
4447 1
4448 72
4449 92
4450 128
4451 131
4452 139
4453 145
4454 134
4455 102
4456 105
4457 93
4458 87
4459 108
4460 63
4461 32
4462 3
4463 0
4464 0
4465 0
4466 0
4467 0
4468 0
4469 0
4470 1
4471 0
4472 80
4473 87
4474 134
4475 130
4476 186
4477 174
4478 142
4479 129
4480 139
4481 112
4482 102
4483 140
4484 70
4485 25
4486 0
4487 1
4488 0
4489 0
4490 0
4491 0
4492 0
4493 0
4494 0
4495 0
4496 69
4497 42
4498 57
4499 82
4500 76
4501 88
4502 65
4503 71
4504 68
4505 69
4506 122
4507 187
4508 100
4509 9
4510 1
4511 0
4512 0
4513 0
4514 0
4515 0
4516 0
4517 0
4518 0
4519 0
4520 14
4521 5
4522 13
4523 20
4524 21
4525 17
4526 26
4527 22
4528 20
4529 8
4530 13
4531 8
4532 0
4533 1
4534 2
4535 0
4536 0
4537 0
4538 0
4539 0
4540 0
4541 0
4542 0
4543 0
4544 88
4545 98
4546 102
4547 125
4548 123
4549 127
4550 115
4551 127
4552 140
4553 97
4554 75
4555 94
4556 52
4557 24
4558 1
4559 0
4560 0
4561 0
4562 0
4563 0
4564 0
4565 0
4566 0
4567 0
4568 86
4569 110
4570 131
4571 182
4572 165
4573 116
4574 148
4575 135
4576 130
4577 105
4578 118
4579 102
4580 60
4581 20
4582 0
4583 0
4584 0
4585 0
4586 0
4587 0
4588 0
4589 0
4590 0
4591 0
4592 84
4593 92
4594 114
4595 162
4596 139
4597 168
4598 166
4599 133
4600 133
4601 108
4602 90
4603 99
4604 77
4605 21
4606 1
4607 0
4608 0
4609 0
4610 0
4611 0
4612 0
4613 0
4614 1
4615 1
4616 78
4617 129
4618 157
4619 150
4620 151
4621 174
4622 156
4623 130
4624 142
4625 105
4626 103
4627 124
4628 68
4629 26
4630 0
4631 0
4632 0
4633 0
4634 0
4635 0
4636 0
4637 0
4638 0
4639 0
4640 82
4641 137
4642 116
4643 167
4644 150
4645 163
4646 143
4647 124
4648 133
4649 98
4650 82
4651 165
4652 62
4653 17
4654 3
4655 5
4656 0
4657 1
4658 0
4659 1
4660 0
4661 0
4662 0
4663 0
4664 67
4665 54
4666 96
4667 73
4668 101
4669 64
4670 78
4671 109
4672 81
4673 107
4674 105
4675 117
4676 98
4677 30
4678 1
4679 0
4680 1
4681 1
4682 0
4683 0
4684 0
4685 0
4686 0
4687 0
4688 11
4689 7
4690 13
4691 14
4692 28
4693 28
4694 27
4695 44
4696 26
4697 19
4698 17
4699 7
4700 0
4701 0
4702 2
4703 0
4704 0
4705 1
4706 0
4707 0
4708 0
4709 0
4710 0
4711 0
4712 87
4713 118
4714 150
4715 129
4716 154
4717 134
4718 143
4719 123
4720 118
4721 105
4722 105
4723 80
4724 65
4725 31
4726 2
4727 0
4728 0
4729 0
4730 0
4731 0
4732 0
4733 0
4734 1
4735 0
4736 65
4737 125
4738 134
4739 155
4740 167
4741 162
4742 130
4743 141
4744 156
4745 104
4746 98
4747 116
4748 74
4749 34
4750 1
4751 0
4752 0
4753 0
4754 0
4755 0
4756 0
4757 0
4758 0
4759 1
4760 84
4761 136
4762 140
4763 180
4764 158
4765 143
4766 138
4767 142
4768 117
4769 92
4770 82
4771 104
4772 69
4773 38
4774 3
4775 1
4776 0
4777 0
4778 0
4779 0
4780 0
4781 0
4782 0
4783 1
4784 88
4785 98
4786 136
4787 189
4788 140
4789 177
4790 133
4791 147
4792 121
4793 90
4794 115
4795 96
4796 61
4797 26
4798 2
4799 0
4800 0
4801 1
4802 0
4803 0
4804 0
4805 0
4806 0
4807 1
4808 77
4809 102
4810 116
4811 145
4812 158
4813 158
4814 129
4815 160
4816 122
4817 116
4818 85
4819 156
4820 71
4821 9
4822 0
4823 1
4824 0
4825 0
4826 0
4827 0
4828 0
4829 0
4830 0
4831 0
4832 50
4833 58
4834 56
4835 79
4836 93
4837 83
4838 106
4839 83
4840 78
4841 96
4842 111
4843 139
4844 123
4845 21
4846 2
4847 2
4848 0
4849 0
4850 0
4851 1
4852 0
4853 0
4854 0
4855 1
4856 9
4857 13
4858 9
4859 19
4860 19
4861 30
4862 30
4863 16
4864 16
4865 16
4866 10
4867 10
4868 3
4869 0
4870 1
4871 2
4872 0
4873 0
4874 0
4875 0
4876 0
4877 0
4878 0
4879 0
4880 80
4881 107
4882 138
4883 169
4884 139
4885 162
4886 152
4887 147
4888 127
4889 91
4890 95
4891 85
4892 72
4893 44
4894 2
4895 0
4896 0
4897 0
4898 0
4899 0
4900 0
4901 0
4902 0
4903 0
4904 79
4905 108
4906 112
4907 175
4908 134
4909 157
4910 127
4911 136
4912 117
4913 107
4914 85
4915 105
4916 63
4917 33
4918 1
4919 1
4920 0
4921 0
4922 0
4923 0
4924 0
4925 0
4926 0
4927 0
4928 86
4929 107
4930 118
4931 164
4932 180
4933 141
4934 144
4935 154
4936 136
4937 107
4938 91
4939 120
4940 77
4941 27
4942 0
4943 0
4944 0
4945 0
4946 0
4947 0
4948 0
4949 0
4950 1
4951 0
4952 86
4953 108
4954 139
4955 187
4956 163
4957 153
4958 150
4959 139
4960 134
4961 88
4962 82
4963 118
4964 56
4965 31
4966 2
4967 0
4968 0
4969 0
4970 0
4971 0
4972 0
4973 0
4974 0
4975 0
4976 70
4977 132
4978 146
4979 146
4980 160
4981 190
4982 159
4983 135
4984 146
4985 106
4986 104
4987 145
4988 57
4989 15
4990 1
4991 1
4992 1
4993 0
4994 0
4995 0
4996 0
4997 0
4998 0
4999 0
5000 66
5001 41
5002 59
5003 67
5004 70
5005 79
5006 94
5007 88
5008 70
5009 91
5010 86
5011 111
5012 87
5013 37
5014 3
5015 1
5016 0
5017 0
5018 0
5019 0
5020 0
5021 0
5022 0
5023 0
5024 10
5025 9
5026 10
5027 26
5028 27
5029 24
5030 27
5031 36
5032 18
5033 18
5034 13
5035 4
5036 0
5037 0
5038 1
5039 0
5040 0
5041 0
5042 0
5043 0
5044 0
5045 0
5046 0
5047 0
5048 82
5049 106
5050 120
5051 135
5052 123
5053 147
5054 116
5055 120
5056 101
5057 75
5058 74
5059 90
5060 60
5061 17
5062 1
5063 0
5064 0
5065 0
5066 0
5067 0
5068 0
5069 0
5070 0
5071 1
5072 58
5073 94
5074 97
5075 159
5076 138
5077 116
5078 123
5079 133
5080 101
5081 81
5082 73
5083 78
5084 87
5085 19
5086 1
5087 0
5088 0
5089 0
5090 0
5091 0
5092 0
5093 0
5094 0
5095 0
5096 86
5097 103
5098 131
5099 145
5100 158
5101 162
5102 127
5103 124
5104 114
5105 87
5106 112
5107 108
5108 68
5109 43
5110 3
5111 4
5112 0
5113 0
5114 0
5115 0
5116 0
5117 0
5118 0
5119 0
5120 72
5121 115
5122 110
5123 149
5124 120
5125 135
5126 138
5127 114
5128 118
5129 79
5130 105
5131 94
5132 78
5133 33
5134 0
5135 0
5136 0
5137 0
5138 0
5139 0
5140 0
5141 0
5142 0
5143 0
5144 78
5145 132
5146 139
5147 140
5148 135
5149 153
5150 131
5151 121
5152 161
5153 101
5154 109
5155 122
5156 57
5157 35
5158 2
5159 3
5160 0
5161 1
5162 0
5163 0
5164 0
5165 0
5166 0
5167 0
5168 70
5169 52
5170 78
5171 75
5172 74
5173 77
5174 103
5175 62
5176 85
5177 81
5178 106
5179 141
5180 97
5181 41
5182 5
5183 1
5184 1
5185 1
5186 0
5187 0
5188 0
5189 0
5190 0
5191 0
5192 10
5193 13
5194 38
5195 27
5196 26
5197 29
5198 34
5199 33
5200 33
5201 18
5202 16
5203 6
5204 2
5205 0
5206 1
5207 0
5208 0
5209 0
5210 0
5211 0
5212 0
5213 0
5214 0
5215 0
5216 84
5217 101
5218 132
5219 116
5220 126
5221 139
5222 122
5223 113
5224 107
5225 72
5226 89
5227 74
5228 52
5229 33
5230 0
5231 1
5232 0
5233 0
5234 0
5235 0
5236 0
5237 0
5238 0
5239 1
5240 82
5241 107
5242 118
5243 152
5244 113
5245 127
5246 126
5247 137
5248 107
5249 97
5250 101
5251 104
5252 71
5253 33
5254 1
5255 0
5256 0
5257 0
5258 0
5259 0
5260 0
5261 0
5262 0
5263 1
5264 91
5265 124
5266 134
5267 129
5268 147
5269 140
5270 133
5271 131
5272 87
5273 77
5274 90
5275 107
5276 64
5277 27
5278 2
5279 1
5280 0
5281 0
5282 0
5283 0
5284 0
5285 0
5286 0
5287 0
5288 96
5289 126
5290 117
5291 136
5292 115
5293 132
5294 114
5295 159
5296 112
5297 80
5298 92
5299 92
5300 52
5301 27
5302 1
5303 0
5304 0
5305 0
5306 0
5307 0
5308 0
5309 0
5310 0
5311 0
5312 72
5313 106
5314 116
5315 146
5316 134
5317 152
5318 138
5319 120
5320 103
5321 90
5322 82
5323 94
5324 64
5325 26
5326 0
5327 1
5328 0
5329 0
5330 0
5331 0
5332 0
5333 0
5334 0
5335 0
5336 52
5337 27
5338 50
5339 64
5340 74
5341 52
5342 73
5343 67
5344 78
5345 82
5346 92
5347 179
5348 99
5349 5
5350 0
5351 0
5352 0
5353 0
5354 0
5355 1
5356 0
5357 0
5358 0
5359 0
5360 4
5361 6
5362 11
5363 16
5364 23
5365 28
5366 34
5367 23
5368 48
5369 44
5370 16
5371 7
5372 0
5373 0
5374 0
5375 0
5376 0
5377 0
5378 0
5379 0
5380 0
5381 0
5382 0
5383 1
5384 71
5385 103
5386 110
5387 127
5388 130
5389 126
5390 124
5391 135
5392 151
5393 99
5394 93
5395 86
5396 65
5397 14
5398 0
5399 0
5400 0
5401 0
5402 0
5403 0
5404 0
5405 0
5406 0
5407 0
5408 75
5409 118
5410 140
5411 181
5412 151
5413 134
5414 167
5415 114
5416 122
5417 90
5418 89
5419 112
5420 55
5421 24
5422 0
5423 0
5424 0
5425 0
5426 0
5427 0
5428 0
5429 0
5430 0
5431 0
5432 68
5433 99
5434 137
5435 130
5436 145
5437 133
5438 158
5439 121
5440 112
5441 82
5442 105
5443 91
5444 45
5445 22
5446 1
5447 0
5448 0
5449 0
5450 0
5451 0
5452 0
5453 0
5454 0
5455 0
5456 59
5457 118
5458 117
5459 136
5460 150
5461 169
5462 177
5463 101
5464 125
5465 82
5466 107
5467 68
5468 67
5469 21
5470 2
5471 0
5472 0
5473 0
5474 0
5475 0
5476 0
5477 0
5478 0
5479 1
5480 75
5481 101
5482 107
5483 122
5484 146
5485 151
5486 151
5487 129
5488 137
5489 103
5490 103
5491 170
5492 59
5493 17
5494 1
5495 2
5496 0
5497 1
5498 0
5499 0
5500 0
5501 0
5502 0
5503 0
5504 61
5505 45
5506 66
5507 58
5508 81
5509 75
5510 64
5511 74
5512 81
5513 77
5514 81
5515 189
5516 66
5517 8
5518 0
5519 0
5520 0
5521 0
5522 0
5523 0
5524 0
5525 0
5526 0
5527 0
5528 24
5529 10
5530 12
5531 19
5532 15
5533 25
5534 31
5535 27
5536 34
5537 15
5538 17
5539 8
5540 1
5541 2
5542 0
5543 0
5544 0
5545 0
5546 0
5547 0
5548 0
5549 0
5550 0
5551 0
5552 93
5553 96
5554 124
5555 123
5556 133
5557 133
5558 113
5559 104
5560 105
5561 84
5562 53
5563 91
5564 62
5565 19
5566 0
5567 0
5568 0
5569 0
5570 0
5571 0
5572 0
5573 0
5574 0
5575 0
5576 89
5577 98
5578 110
5579 114
5580 111
5581 122
5582 136
5583 130
5584 133
5585 83
5586 97
5587 98
5588 60
5589 15
5590 1
5591 1
5592 0
5593 0
5594 0
5595 0
5596 0
5597 0
5598 0
5599 0
5600 82
5601 74
5602 141
5603 156
5604 154
5605 142
5606 144
5607 114
5608 113
5609 108
5610 96
5611 105
5612 81
5613 19
5614 2
5615 0
5616 0
5617 0
5618 0
5619 0
5620 0
5621 0
5622 0
5623 0
5624 94
5625 100
5626 113
5627 164
5628 155
5629 147
5630 136
5631 119
5632 146
5633 87
5634 67
5635 112
5636 64
5637 30
5638 0
5639 0
5640 0
5641 0
5642 0
5643 0
5644 1
5645 0
5646 0
5647 0
5648 81
5649 80
5650 147
5651 125
5652 149
5653 159
5654 172
5655 131
5656 130
5657 104
5658 98
5659 107
5660 74
5661 33
5662 2
5663 3
5664 0
5665 0
5666 0
5667 0
5668 0
5669 0
5670 0
5671 0
5672 61
5673 36
5674 57
5675 74
5676 67
5677 73
5678 85
5679 66
5680 65
5681 76
5682 63
5683 81
5684 85
5685 24
5686 2
5687 0
5688 0
5689 0
5690 1
5691 0
5692 0
5693 0
5694 0
5695 0
5696 9
5697 7
5698 12
5699 17
5700 22
5701 16
5702 30
5703 59
5704 44
5705 21
5706 30
5707 15
5708 1
5709 1
5710 2
5711 1
5712 0
5713 0
5714 0
5715 0
5716 0
5717 0
5718 0
5719 1
5720 71
5721 93
5722 95
5723 125
5724 137
5725 144
5726 133
5727 94
5728 115
5729 90
5730 68
5731 79
5732 54
5733 23
5734 1
5735 0
5736 0
5737 0
5738 0
5739 0
5740 0
5741 0
5742 0
5743 0
5744 66
5745 87
5746 104
5747 137
5748 125
5749 123
5750 142
5751 120
5752 111
5753 85
5754 92
5755 92
5756 57
5757 21
5758 0
5759 0
5760 0
5761 0
5762 0
5763 0
5764 0
5765 1
5766 0
5767 2
5768 66
5769 79
5770 139
5771 132
5772 129
5773 153
5774 123
5775 131
5776 133
5777 75
5778 109
5779 117
5780 57
5781 15
5782 0
5783 0
5784 0
5785 0
5786 0
5787 0
5788 0
5789 0
5790 1
5791 0
5792 82
5793 82
5794 129
5795 136
5796 131
5797 144
5798 121
5799 141
5800 120
5801 87
5802 100
5803 112
5804 53
5805 39
5806 1
5807 0
5808 0
5809 0
5810 0
5811 0
5812 0
5813 0
5814 0
5815 1
5816 72
5817 80
5818 144
5819 137
5820 159
5821 172
5822 141
5823 111
5824 121
5825 98
5826 77
5827 78
5828 73
5829 27
5830 0
5831 1
5832 0
5833 0
5834 0
5835 0
5836 0
5837 0
5838 0
5839 0
5840 66
5841 66
5842 55
5843 53
5844 66
5845 71
5846 67
5847 77
5848 81
5849 80
5850 74
5851 76
5852 76
5853 41
5854 1
5855 1
5856 0
5857 0
5858 0
5859 0
5860 0
5861 0
5862 0
5863 0
5864 5
5865 8
5866 10
5867 9
5868 28
5869 30
5870 34
5871 15
5872 14
5873 15
5874 13
5875 4
5876 0
5877 0
5878 1
5879 1
5880 0
5881 0
5882 0
5883 0
5884 0
5885 0
5886 1
5887 1
5888 78
5889 86
5890 105
5891 112
5892 132
5893 140
5894 124
5895 118
5896 115
5897 65
5898 96
5899 75
5900 44
5901 17
5902 0
5903 0
5904 0
5905 0
5906 0
5907 0
5908 0
5909 0
5910 0
5911 1
5912 71
5913 89
5914 102
5915 127
5916 121
5917 120
5918 125
5919 131
5920 113
5921 56
5922 57
5923 98
5924 70
5925 18
5926 0
5927 0
5928 0
5929 0
5930 0
5931 0
5932 0
5933 0
5934 0
5935 0
5936 89
5937 109
5938 116
5939 127
5940 132
5941 154
5942 121
5943 138
5944 105
5945 97
5946 72
5947 107
5948 73
5949 18
5950 1
5951 0
5952 0
5953 0
5954 0
5955 0
5956 0
5957 0
5958 0
5959 0
5960 84
5961 116
5962 120
5963 133
5964 128
5965 113
5966 106
5967 126
5968 102
5969 92
5970 67
5971 102
5972 66
5973 32
5974 1
5975 0
5976 0
5977 0
5978 0
5979 0
5980 0
5981 0
5982 0
5983 0
5984 82
5985 117
5986 111
5987 143
5988 150
5989 139
5990 130
5991 135
5992 130
5993 113
5994 92
5995 143
5996 56
5997 25
5998 0
5999 3
6000 0
6001 0
6002 0
6003 0
6004 0
6005 0
6006 0
6007 0
6008 51
6009 41
6010 65
6011 73
6012 70
6013 68
6014 56
6015 64
6016 74
6017 61
6018 70
6019 100
6020 86
6021 23
6022 1
6023 0
6024 0
6025 4
6026 0
6027 0
6028 0
6029 0
6030 0
6031 0
6032 6
6033 7
6034 11
6035 12
6036 18
6037 16
6038 24
6039 15
6040 14
6041 18
6042 9
6043 14
6044 1
6045 0
6046 2
6047 0
6048 0
6049 0
6050 0
6051 0
6052 0
6053 0
6054 0
6055 1
6056 63
6057 80
6058 119
6059 125
6060 136
6061 139
6062 135
6063 118
6064 119
6065 81
6066 81
6067 90
6068 48
6069 17
6070 1
6071 0
6072 0
6073 0
6074 0
6075 0
6076 0
6077 0
6078 0
6079 1
6080 60
6081 124
6082 101
6083 144
6084 112
6085 150
6086 138
6087 121
6088 113
6089 113
6090 73
6091 98
6092 66
6093 23
6094 0
6095 0
6096 0
6097 0
6098 0
6099 0
6100 0
6101 0
6102 0
6103 0
6104 68
6105 99
6106 123
6107 140
6108 146
6109 125
6110 149
6111 143
6112 112
6113 81
6114 79
6115 99
6116 46
6117 19
6118 0
6119 0
6120 0
6121 0
6122 0
6123 0
6124 0
6125 0
6126 0
6127 1
6128 70
6129 105
6130 121
6131 118
6132 115
6133 129
6134 136
6135 122
6136 110
6137 92
6138 74
6139 82
6140 89
6141 18
6142 0
6143 0
6144 0
6145 0
6146 0
6147 0
6148 0
6149 0
6150 1
6151 1
6152 76
6153 91
6154 122
6155 152
6156 140
6157 168
6158 142
6159 125
6160 125
6161 82
6162 85
6163 105
6164 57
6165 28
6166 2
6167 0
6168 0
6169 0
6170 0
6171 0
6172 0
6173 0
6174 0
6175 1
6176 54
6177 44
6178 67
6179 64
6180 58
6181 73
6182 52
6183 92
6184 78
6185 75
6186 89
6187 101
6188 77
6189 25
6190 1
6191 1
6192 0
6193 0
6194 0
6195 0
6196 0
6197 0
6198 0
6199 0
6200 11
6201 13
6202 14
6203 17
6204 13
6205 28
6206 10
6207 16
6208 16
6209 22
6210 5
6211 3
6212 0
6213 0
6214 1
6215 0
6216 0
6217 0
6218 0
6219 0
6220 0
6221 0
6222 0
6223 0
6224 80
6225 73
6226 91
6227 118
6228 125
6229 135
6230 123
6231 111
6232 122
6233 78
6234 78
6235 89
6236 58
6237 22
6238 1
6239 1
6240 0
6241 0
6242 0
6243 0
6244 0
6245 0
6246 0
6247 2
6248 81
6249 74
6250 132
6251 140
6252 115
6253 145
6254 136
6255 118
6256 139
6257 86
6258 99
6259 99
6260 65
6261 25
6262 1
6263 0
6264 0
6265 0
6266 0
6267 0
6268 0
6269 1
6270 0
6271 0
6272 152
6273 130
6274 87
6275 132
6276 118
6277 117
6278 95
6279 134
6280 92
6281 70
6282 82
6283 75
6284 40
6285 27
6286 0
6287 0
6288 0
6289 0
6290 0
6291 0
6292 0
6293 0
6294 1
6295 0
6296 81
6297 69
6298 94
6299 103
6300 108
6301 95
6302 143
6303 94
6304 107
6305 77
6306 65
6307 89
6308 63
6309 29
6310 0
6311 0
6312 0
6313 0
6314 0
6315 0
6316 0
6317 0
6318 0
6319 1
6320 75
6321 83
6322 120
6323 125
6324 129
6325 142
6326 113
6327 115
6328 111
6329 75
6330 59
6331 93
6332 42
6333 33
6334 1
6335 0
6336 0
6337 1
6338 0
6339 0
6340 0
6341 0
6342 0
6343 0
6344 76
6345 33
6346 63
6347 60
6348 64
6349 72
6350 60
6351 56
6352 51
6353 57
6354 60
6355 79
6356 66
6357 28
6358 0
6359 1
6360 1
6361 0
6362 1
6363 0
6364 0
6365 0
6366 0
6367 0
6368 10
6369 2
6370 18
6371 18
6372 19
6373 18
6374 22
6375 25
6376 10
6377 17
6378 14
6379 7
6380 0
6381 1
6382 0
6383 1
6384 0
6385 1
6386 0
6387 0
6388 0
6389 0
6390 0
6391 0
6392 80
6393 67
6394 93
6395 118
6396 104
6397 107
6398 91
6399 87
6400 79
6401 70
6402 42
6403 68
6404 44
6405 17
6406 1
6407 1
6408 0
6409 0
6410 0
6411 0
6412 0
6413 0
6414 0
6415 0
6416 85
6417 81
6418 101
6419 120
6420 116
6421 103
6422 106
6423 129
6424 92
6425 64
6426 60
6427 65
6428 58
6429 20
6430 0
6431 0
6432 0
6433 0
6434 0
6435 0
6436 0
6437 0
6438 0
6439 1
6440 79
6441 61
6442 77
6443 112
6444 111
6445 94
6446 106
6447 114
6448 112
6449 59
6450 60
6451 65
6452 49
6453 20
6454 1
6455 0
6456 0
6457 0
6458 0
6459 0
6460 0
6461 0
6462 0
6463 1
6464 84
6465 69
6466 107
6467 116
6468 110
6469 119
6470 87
6471 99
6472 104
6473 66
6474 69
6475 84
6476 51
6477 17
6478 2
6479 0
6480 0
6481 0
6482 0
6483 0
6484 0
6485 0
6486 0
6487 1
6488 67
6489 63
6490 107
6491 90
6492 122
6493 115
6494 108
6495 106
6496 115
6497 65
6498 93
6499 91
6500 60
6501 27
6502 0
6503 0
6504 0
6505 0
6506 0
6507 0
6508 0
6509 0
6510 0
6511 0
6512 68
6513 29
6514 31
6515 54
6516 51
6517 45
6518 59
6519 47
6520 53
6521 46
6522 60
6523 65
6524 51
6525 21
6526 2
6527 0
6528 3
6529 0
6530 2
6531 0
6532 0
6533 0
6534 0
6535 0
6536 1
6537 7
6538 7
6539 11
6540 14
6541 7
6542 23
6543 9
6544 13
6545 16
6546 19
6547 7
6548 1
6549 1
6550 2
6551 0
6552 0
6553 1
6554 0
6555 0
6556 0
6557 0
6558 0
6559 0
6560 49
6561 37
6562 58
6563 57
6564 92
6565 61
6566 62
6567 57
6568 62
6569 43
6570 68
6571 66
6572 67
6573 35
6574 0
6575 3
6576 0
6577 1
6578 0
6579 0
6580 0
6581 0
6582 0
6583 0
6584 9
6585 8
6586 11
6587 18
6588 23
6589 16
6590 20
6591 29
6592 29
6593 21
6594 23
6595 8
6596 1
6597 2
6598 1
6599 2
6600 0
6601 0
6602 0
6603 0
6604 0
6605 0
6606 0
6607 0
6608 90
6609 98
6610 131
6611 136
6612 152
6613 121
6614 131
6615 127
6616 125
6617 105
6618 131
6619 141
6620 65
6621 22
6622 0
6623 3
6624 0
6625 1
6626 0
6627 0
6628 0
6629 0
6630 0
6631 0
6632 94
6633 96
6634 116
6635 107
6636 143
6637 151
6638 135
6639 136
6640 104
6641 135
6642 171
6643 215
6644 79
6645 21
6646 2
6647 1
6648 0
6649 0
6650 0
6651 0
6652 0
6653 0
6654 0
6655 0
6656 89
6657 120
6658 147
6659 130
6660 149
6661 164
6662 144
6663 124
6664 104
6665 152
6666 207
6667 181
6668 54
6669 25
6670 0
6671 1
6672 0
6673 0
6674 0
6675 0
6676 0
6677 0
6678 0
6679 0
6680 92
6681 95
6682 150
6683 159
6684 137
6685 157
6686 143
6687 137
6688 129
6689 125
6690 157
6691 205
6692 70
6693 13
6694 1
6695 2
6696 0
6697 0
6698 0
6699 0
6700 0
6701 0
6702 0
6703 0
6704 112
6705 118
6706 140
6707 144
6708 138
6709 165
6710 196
6711 157
6712 141
6713 182
6714 247
6715 231
6716 93
6717 20
6718 1
6719 4
6720 0
6721 1
6722 0
6723 0
6724 0
6725 0
6726 0
6727 0
6728 86
6729 69
6730 113
6731 95
6732 105
6733 106
6734 78
6735 86
6736 75
6737 106
6738 161
6739 149
6740 75
6741 20
6742 1
6743 1
6744 0
6745 1
6746 1
6747 0
6748 0
6749 0
6750 0
6751 0
6752 16
6753 12
6754 18
6755 26
6756 11
6757 17
6758 26
6759 13
6760 21
6761 8
6762 11
6763 11
6764 0
6765 1
6766 0
6767 2
6768 0
6769 0
6770 0
6771 0
6772 0
6773 0
6774 1
6775 1
6776 88
6777 129
6778 152
6779 154
6780 150
6781 143
6782 139
6783 127
6784 119
6785 147
6786 102
6787 95
6788 70
6789 27
6790 1
6791 1
6792 0
6793 0
6794 0
6795 0
6796 0
6797 0
6798 0
6799 0
6800 86
6801 91
6802 164
6803 143
6804 170
6805 161
6806 167
6807 170
6808 125
6809 135
6810 134
6811 128
6812 87
6813 37
6814 3
6815 1
6816 0
6817 0
6818 0
6819 0
6820 0
6821 0
6822 0
6823 0
6824 86
6825 99
6826 144
6827 162
6828 185
6829 113
6830 168
6831 139
6832 137
6833 145
6834 131
6835 98
6836 75
6837 19
6838 0
6839 2
6840 0
6841 0
6842 0
6843 0
6844 0
6845 0
6846 1
6847 0
6848 103
6849 117
6850 169
6851 163
6852 131
6853 151
6854 208
6855 142
6856 144
6857 123
6858 127
6859 130
6860 63
6861 34
6862 0
6863 3
6864 1
6865 1
6866 0
6867 0
6868 0
6869 0
6870 0
6871 0
6872 89
6873 115
6874 149
6875 165
6876 146
6877 159
6878 155
6879 149
6880 142
6881 123
6882 131
6883 156
6884 68
6885 24
6886 5
6887 2
6888 0
6889 0
6890 0
6891 0
6892 0
6893 0
6894 0
6895 0
6896 52
6897 48
6898 48
6899 72
6900 82
6901 74
6902 69
6903 74
6904 66
6905 76
6906 75
6907 92
6908 94
6909 29
6910 1
6911 1
6912 0
6913 1
6914 0
6915 0
6916 1
6917 0
6918 0
6919 0
6920 18
6921 12
6922 18
6923 19
6924 28
6925 24
6926 34
6927 17
6928 24
6929 22
6930 14
6931 5
6932 0
6933 2
6934 1
6935 0
6936 0
6937 0
6938 0
6939 0
6940 0
6941 0
6942 1
6943 0
6944 93
6945 117
6946 129
6947 141
6948 151
6949 130
6950 132
6951 130
6952 141
6953 144
6954 126
6955 84
6956 51
6957 31
6958 0
6959 0
6960 0
6961 0
6962 0
6963 0
6964 0
6965 0
6966 0
6967 0
6968 109
6969 111
6970 147
6971 163
6972 144
6973 148
6974 157
6975 128
6976 116
6977 161
6978 234
6979 238
6980 56
6981 12
6982 0
6983 0
6984 0
6985 0
6986 0
6987 0
6988 0
6989 0
6990 0
6991 0
6992 98
6993 114
6994 153
6995 145
6996 159
6997 152
6998 140
6999 144
7000 112
7001 114
7002 102
7003 139
7004 62
7005 30
7006 4
7007 2
7008 0
7009 0
7010 0
7011 0
7012 0
7013 0
7014 0
7015 0
7016 105
7017 106
7018 146
7019 162
7020 127
7021 141
7022 166
7023 167
7024 124
7025 125
7026 179
7027 228
7028 73
7029 33
7030 4
7031 1
7032 0
7033 0
7034 0
7035 0
7036 0
7037 0
7038 0
7039 0
7040 85
7041 114
7042 176
7043 146
7044 144
7045 166
7046 143
7047 160
7048 161
7049 188
7050 333
7051 336
7052 64
7053 17
7054 3
7055 0
7056 0
7057 0
7058 0
7059 0
7060 0
7061 0
7062 0
7063 1
7064 57
7065 45
7066 63
7067 74
7068 86
7069 106
7070 72
7071 77
7072 66
7073 78
7074 90
7075 159
7076 92
7077 7
7078 0
7079 0
7080 0
7081 2
7082 0
7083 0
7084 0
7085 0
7086 0
7087 0
7088 13
7089 19
7090 11
7091 27
7092 29
7093 21
7094 22
7095 23
7096 29
7097 30
7098 20
7099 6
7100 1
7101 3
7102 0
7103 2
7104 0
7105 0
7106 0
7107 0
7108 0
7109 0
7110 1
7111 0
7112 96
7113 130
7114 149
7115 150
7116 133
7117 152
7118 155
7119 148
7120 120
7121 130
7122 208
7123 146
7124 66
7125 16
7126 1
7127 0
7128 0
7129 0
7130 0
7131 0
7132 0
7133 0
7134 0
7135 0
7136 76
7137 108
7138 129
7139 138
7140 152
7141 134
7142 135
7143 124
7144 124
7145 134
7146 136
7147 108
7148 74
7149 21
7150 0
7151 0
7152 0
7153 0
7154 0
7155 0
7156 0
7157 0
7158 0
7159 0
7160 91
7161 119
7162 152
7163 157
7164 163
7165 150
7166 133
7167 120
7168 133
7169 126
7170 142
7171 118
7172 67
7173 28
7174 1
7175 0
7176 0
7177 0
7178 0
7179 0
7180 0
7181 0
7182 0
7183 0
7184 106
7185 96
7186 123
7187 146
7188 169
7189 163
7190 149
7191 145
7192 125
7193 129
7194 162
7195 158
7196 76
7197 28
7198 2
7199 2
7200 0
7201 1
7202 0
7203 0
7204 0
7205 0
7206 0
7207 0
7208 94
7209 84
7210 151
7211 140
7212 132
7213 156
7214 140
7215 140
7216 154
7217 140
7218 120
7219 130
7220 113
7221 19
7222 0
7223 1
7224 0
7225 0
7226 0
7227 0
7228 0
7229 0
7230 0
7231 0
7232 52
7233 53
7234 67
7235 51
7236 62
7237 70
7238 62
7239 71
7240 64
7241 89
7242 73
7243 80
7244 92
7245 29
7246 2
7247 1
7248 0
7249 1
7250 0
7251 0
7252 0
7253 0
7254 0
7255 0
7256 11
7257 8
7258 17
7259 20
7260 17
7261 20
7262 21
7263 18
7264 19
7265 9
7266 11
7267 9
7268 1
7269 2
7270 4
7271 1
7272 0
7273 0
7274 0
7275 0
7276 0
7277 0
7278 0
7279 0
7280 74
7281 115
7282 110
7283 117
7284 149
7285 138
7286 129
7287 123
7288 119
7289 111
7290 129
7291 95
7292 68
7293 22
7294 0
7295 1
7296 1
7297 1
7298 0
7299 0
7300 0
7301 0
7302 0
7303 0
7304 112
7305 29
7306 39
7307 37
7308 49
7309 56
7310 46
7311 53
7312 47
7313 54
7314 53
7315 65
7316 44
7317 21
7318 0
7319 0
7320 0
7321 0
7322 0
7323 0
7324 0
7325 0
7326 0
7327 0
7328 92
7329 99
7330 131
7331 142
7332 141
7333 126
7334 133
7335 120
7336 97
7337 116
7338 101
7339 113
7340 57
7341 36
7342 2
7343 1
7344 0
7345 0
7346 0
7347 0
7348 0
7349 0
7350 0
7351 0
7352 80
7353 126
7354 117
7355 134
7356 152
7357 150
7358 139
7359 137
7360 99
7361 105
7362 99
7363 94
7364 61
7365 28
7366 0
7367 2
7368 0
7369 0
7370 0
7371 0
7372 0
7373 0
7374 0
7375 0
7376 77
7377 133
7378 144
7379 132
7380 165
7381 169
7382 168
7383 145
7384 140
7385 157
7386 154
7387 170
7388 93
7389 27
7390 0
7391 0
7392 0
7393 0
7394 0
7395 0
7396 0
7397 0
7398 0
7399 0
7400 49
7401 49
7402 55
7403 88
7404 89
7405 69
7406 91
7407 79
7408 64
7409 85
7410 67
7411 175
7412 85
7413 9
7414 0
7415 2
7416 0
7417 0
7418 0
7419 0
7420 0
7421 0
7422 0
7423 0
7424 36
7425 9
7426 9
7427 11
7428 10
7429 17
7430 16
7431 22
7432 13
7433 16
7434 23
7435 1
7436 0
7437 0
7438 1
7439 0
7440 0
7441 0
7442 0
7443 0
7444 0
7445 0
7446 0
7447 0
7448 84
7449 100
7450 129
7451 177
7452 139
7453 156
7454 134
7455 134
7456 108
7457 110
7458 127
7459 86
7460 60
7461 32
7462 0
7463 0
7464 0
7465 0
7466 0
7467 0
7468 0
7469 0
7470 0
7471 0
7472 90
7473 90
7474 120
7475 161
7476 178
7477 156
7478 143
7479 136
7480 125
7481 145
7482 131
7483 119
7484 71
7485 27
7486 0
7487 3
7488 0
7489 0
7490 0
7491 0
7492 0
7493 0
7494 0
7495 0
7496 91
7497 103
7498 130
7499 156
7500 168
7501 166
7502 159
7503 154
7504 104
7505 117
7506 103
7507 137
7508 76
7509 29
7510 2
7511 0
7512 0
7513 0
7514 0
7515 0
7516 0
7517 0
7518 0
7519 1
7520 91
7521 90
7522 139
7523 170
7524 163
7525 155
7526 169
7527 139
7528 144
7529 93
7530 85
7531 118
7532 73
7533 27
7534 3
7535 1
7536 0
7537 0
7538 0
7539 0
7540 0
7541 0
7542 0
7543 1
7544 80
7545 98
7546 136
7547 163
7548 141
7549 184
7550 131
7551 152
7552 146
7553 121
7554 90
7555 154
7556 101
7557 26
7558 1
7559 1
7560 0
7561 0
7562 0
7563 0
7564 0
7565 0
7566 0
7567 0
7568 49
7569 56
7570 75
7571 74
7572 88
7573 85
7574 86
7575 76
7576 96
7577 83
7578 91
7579 79
7580 81
7581 41
7582 3
7583 5
7584 1
7585 1
7586 0
7587 0
7588 0
7589 0
7590 0
7591 0
7592 20
7593 14
7594 15
7595 16
7596 33
7597 29
7598 38
7599 18
7600 24
7601 12
7602 18
7603 6
7604 0
7605 0
7606 2
7607 1
7608 0
7609 0
7610 0
7611 0
7612 0
7613 0
7614 0
7615 0
7616 83
7617 97
7618 134
7619 134
7620 161
7621 168
7622 140
7623 137
7624 122
7625 86
7626 100
7627 110
7628 77
7629 19
7630 2
7631 0
7632 0
7633 0
7634 0
7635 0
7636 0
7637 0
7638 0
7639 1
7640 76
7641 108
7642 125
7643 150
7644 133
7645 158
7646 152
7647 152
7648 137
7649 103
7650 89
7651 101
7652 77
7653 34
7654 0
7655 1
7656 0
7657 0
7658 0
7659 0
7660 0
7661 1
7662 0
7663 0
7664 75
7665 102
7666 118
7667 155
7668 179
7669 182
7670 169
7671 137
7672 114
7673 102
7674 114
7675 169
7676 93
7677 23
7678 0
7679 0
7680 0
7681 0
7682 0
7683 0
7684 0
7685 0
7686 0
7687 1
7688 117
7689 104
7690 143
7691 160
7692 181
7693 165
7694 149
7695 150
7696 125
7697 94
7698 89
7699 124
7700 78
7701 30
7702 3
7703 1
7704 1
7705 0
7706 0
7707 0
7708 0
7709 0
7710 0
7711 1
7712 99
7713 116
7714 125
7715 184
7716 144
7717 168
7718 171
7719 121
7720 131
7721 113
7722 94
7723 128
7724 84
7725 16
7726 0
7727 1
7728 0
7729 0
7730 0
7731 0
7732 0
7733 0
7734 0
7735 0
7736 52
7737 43
7738 82
7739 79
7740 67
7741 80
7742 68
7743 86
7744 92
7745 104
7746 84
7747 110
7748 96
7749 34
7750 0
7751 2
7752 1
7753 1
7754 0
7755 0
7756 0
7757 0
7758 0
7759 0
7760 8
7761 6
7762 17
7763 12
7764 14
7765 21
7766 23
7767 19
7768 25
7769 46
7770 3
7771 2
7772 3
7773 2
7774 1
7775 0
7776 0
7777 0
7778 0
7779 0
7780 0
7781 0
7782 0
7783 0
7784 106
7785 96
7786 142
7787 178
7788 168
7789 149
7790 140
7791 165
7792 116
7793 105
7794 105
7795 103
7796 69
7797 19
7798 1
7799 0
7800 0
7801 0
7802 0
7803 0
7804 0
7805 0
7806 1
7807 0
7808 109
7809 109
7810 139
7811 166
7812 143
7813 128
7814 165
7815 151
7816 117
7817 123
7818 94
7819 109
7820 59
7821 21
7822 0
7823 1
7824 0
7825 0
7826 0
7827 0
7828 0
7829 0
7830 0
7831 0
7832 89
7833 91
7834 188
7835 189
7836 195
7837 147
7838 139
7839 148
7840 139
7841 103
7842 95
7843 105
7844 78
7845 26
7846 3
7847 2
7848 0
7849 0
7850 0
7851 0
7852 0
7853 0
7854 2
7855 0
7856 89
7857 132
7858 144
7859 168
7860 171
7861 158
7862 163
7863 164
7864 163
7865 161
7866 85
7867 125
7868 73
7869 18
7870 2
7871 0
7872 0
7873 0
7874 0
7875 0
7876 0
7877 0
7878 0
7879 1
7880 98
7881 106
7882 133
7883 134
7884 152
7885 170
7886 155
7887 122
7888 117
7889 101
7890 115
7891 146
7892 87
7893 25
7894 1
7895 3
7896 0
7897 0
7898 0
7899 0
7900 0
7901 0
7902 0
7903 0
7904 63
7905 41
7906 58
7907 65
7908 61
7909 75
7910 78
7911 95
7912 81
7913 82
7914 66
7915 112
7916 94
7917 37
7918 6
7919 1
7920 1
7921 1
7922 0
7923 0
7924 0
7925 0
7926 0
7927 1
7928 17
7929 13
7930 13
7931 19
7932 28
7933 32
7934 37
7935 25
7936 23
7937 17
7938 28
7939 14
7940 4
7941 4
7942 1
7943 3
7944 0
7945 0
7946 0
7947 0
7948 0
7949 0
7950 1
7951 0
7952 94
7953 137
7954 133
7955 145
7956 189
7957 127
7958 139
7959 138
7960 125
7961 123
7962 73
7963 102
7964 50
7965 26
7966 0
7967 0
7968 1
7969 0
7970 0
7971 0
7972 0
7973 0
7974 0
7975 1
7976 92
7977 105
7978 146
7979 167
7980 147
7981 135
7982 145
7983 134
7984 140
7985 95
7986 78
7987 105
7988 80
7989 22
7990 2
7991 2
7992 0
7993 0
7994 0
7995 0
7996 0
7997 0
7998 0
7999 2
8000 114
8001 124
8002 106
8003 180
8004 171
8005 175
8006 170
8007 136
8008 141
8009 134
8010 124
8011 148
8012 81
8013 26
8014 2
8015 0
8016 0
8017 0
8018 0
8019 0
8020 0
8021 0
8022 0
8023 0
8024 97
8025 114
8026 134
8027 151
8028 176
8029 146
8030 134
8031 140
8032 125
8033 101
8034 86
8035 108
8036 60
8037 20
8038 2
8039 1
8040 0
8041 0
8042 0
8043 0
8044 0
8045 0
8046 0
8047 1
8048 86
8049 117
8050 132
8051 139
8052 147
8053 145
8054 149
8055 157
8056 123
8057 98
8058 87
8059 119
8060 88
8061 23
8062 1
8063 4
8064 0
8065 1
8066 0
8067 0
8068 0
8069 0
8070 0
8071 3
8072 75
8073 46
8074 51
8075 72
8076 89
8077 85
8078 69
8079 72
8080 83
8081 90
8082 93
8083 99
8084 96
8085 42
8086 0
8087 2
8088 0
8089 1
8090 0
8091 0
8092 0
8093 0
8094 0
8095 0
8096 10
8097 7
8098 20
8099 14
8100 31
8101 23
8102 40
8103 28
8104 29
8105 20
8106 19
8107 4
8108 3
8109 0
8110 0
8111 1
8112 0
8113 0
8114 0
8115 0
8116 0
8117 0
8118 1
8119 1
8120 100
8121 128
8122 111
8123 120
8124 151
8125 114
8126 132
8127 128
8128 111
8129 100
8130 110
8131 107
8132 58
8133 41
8134 2
8135 0
8136 0
8137 0
8138 0
8139 0
8140 0
8141 0
8142 1
8143 0
8144 99
8145 123
8146 138
8147 150
8148 163
8149 156
8150 139
8151 138
8152 136
8153 92
8154 86
8155 147
8156 53
8157 12
8158 0
8159 4
8160 0
8161 0
8162 0
8163 0
8164 0
8165 0
8166 0
8167 0
8168 85
8169 109
8170 132
8171 148
8172 140
8173 157
8174 145
8175 123
8176 129
8177 98
8178 69
8179 154
8180 79
8181 17
8182 2
8183 0
8184 0
8185 0
8186 0
8187 0
8188 0
8189 0
8190 1
8191 0
8192 100
8193 76
8194 131
8195 151
8196 156
8197 171
8198 159
8199 159
8200 118
8201 96
8202 84
8203 140
8204 83
8205 27
8206 1
8207 0
8208 0
8209 0
8210 0
8211 0
8212 0
8213 0
8214 0
8215 0
8216 111
8217 102
8218 144
8219 151
8220 162
8221 159
8222 141
8223 157
8224 152
8225 98
8226 104
8227 132
8228 96
8229 39
8230 1
8231 1
8232 1
8233 1
8234 0
8235 1
8236 0
8237 0
8238 0
8239 1
8240 88
8241 59
8242 83
8243 74
8244 73
8245 89
8246 110
8247 110
8248 101
8249 109
8250 113
8251 152
8252 112
8253 22
8254 0
8255 2
8256 0
8257 0
8258 0
8259 0
8260 0
8261 0
8262 0
8263 0
8264 9
8265 6
8266 9
8267 29
8268 31
8269 28
8270 17
8271 32
8272 30
8273 32
8274 24
8275 5
8276 2
8277 0
8278 0
8279 1
8280 0
8281 0
8282 0
8283 0
8284 0
8285 0
8286 0
8287 0
8288 101
8289 124
8290 156
8291 139
8292 136
8293 156
8294 138
8295 129
8296 139
8297 103
8298 107
8299 85
8300 54
8301 27
8302 2
8303 2
8304 0
8305 0
8306 0
8307 0
8308 0
8309 0
8310 0
8311 0
8312 95
8313 91
8314 131
8315 152
8316 149
8317 155
8318 155
8319 159
8320 137
8321 123
8322 81
8323 102
8324 74
8325 33
8326 3
8327 0
8328 0
8329 0
8330 0
8331 0
8332 0
8333 0
8334 0
8335 1
8336 90
8337 126
8338 123
8339 132
8340 148
8341 149
8342 151
8343 171
8344 103
8345 94
8346 91
8347 166
8348 66
8349 12
8350 0
8351 2
8352 0
8353 0
8354 0
8355 0
8356 0
8357 0
8358 0
8359 1
8360 106
8361 87
8362 122
8363 147
8364 172
8365 158
8366 158
8367 166
8368 161
8369 95
8370 88
8371 108
8372 67
8373 25
8374 1
8375 1
8376 0
8377 0
8378 0
8379 0
8380 0
8381 0
8382 0
8383 0
8384 100
8385 106
8386 97
8387 170
8388 185
8389 138
8390 149
8391 142
8392 108
8393 116
8394 114
8395 115
8396 80
8397 36
8398 0
8399 3
8400 0
8401 0
8402 0
8403 0
8404 0
8405 0
8406 0
8407 0
8408 72
8409 40
8410 50
8411 87
8412 88
8413 87
8414 76
8415 64
8416 74
8417 79
8418 99
8419 107
8420 130
8421 33
8422 2
8423 2
8424 0
8425 0
8426 0
8427 0
8428 0
8429 0
8430 0
8431 0
8432 9
8433 8
8434 24
8435 22
8436 19
8437 31
8438 57
8439 25
8440 27
8441 24
8442 22
8443 16
8444 1
8445 1
8446 2
8447 0
8448 0
8449 0
8450 0
8451 0
8452 0
8453 0
8454 1
8455 0
8456 98
8457 103
8458 122
8459 173
8460 146
8461 161
8462 178
8463 154
8464 140
8465 108
8466 86
8467 72
8468 71
8469 22
8470 2
8471 3
8472 0
8473 0
8474 0
8475 0
8476 0
8477 0
8478 1
8479 0
8480 82
8481 98
8482 117
8483 138
8484 151
8485 152
8486 140
8487 141
8488 131
8489 100
8490 89
8491 98
8492 77
8493 26
8494 2
8495 0
8496 0
8497 0
8498 0
8499 0
8500 0
8501 0
8502 0
8503 0
8504 77
8505 79
8506 119
8507 142
8508 146
8509 143
8510 125
8511 123
8512 115
8513 95
8514 91
8515 98
8516 82
8517 23
8518 1
8519 0
8520 0
8521 0
8522 0
8523 0
8524 0
8525 0
8526 0
8527 0
8528 92
8529 70
8530 102
8531 148
8532 160
8533 141
8534 129
8535 132
8536 137
8537 91
8538 99
8539 122
8540 68
8541 23
8542 3
8543 0
8544 0
8545 0
8546 1
8547 0
8548 0
8549 0
8550 0
8551 0
8552 81
8553 93
8554 87
8555 138
8556 151
8557 120
8558 139
8559 115
8560 104
8561 93
8562 80
8563 89
8564 54
8565 24
8566 3
8567 0
8568 0
8569 1
8570 0
8571 0
8572 0
8573 0
8574 0
8575 0
8576 55
8577 43
8578 26
8579 63
8580 52
8581 55
8582 49
8583 54
8584 47
8585 56
8586 66
8587 52
8588 63
8589 23
8590 2
8591 1
8592 0
8593 0
8594 0
8595 0
8596 0
8597 0
8598 0
8599 0
8600 7
8601 4
8602 4
8603 5
8604 7
8605 6
8606 3
8607 5
8608 3
8609 9
8610 2
8611 6
8612 3
8613 1
8614 1
8615 1
8616 0
8617 0
8618 0
8619 0
8620 0
8621 0
8622 1
8623 0
8624 53
8625 12
8626 29
8627 61
8628 38
8629 53
8630 52
8631 49
8632 57
8633 30
8634 35
8635 57
8636 44
8637 16
8638 0
8639 3
8640 0
8641 0
8642 0
8643 0
8644 0
8645 0
8646 0
8647 0
8648 45
8649 21
8650 19
8651 41
8652 57
8653 49
8654 58
8655 45
8656 51
8657 30
8658 29
8659 72
8660 43
8661 15
8662 0
8663 0
8664 0
8665 0
8666 0
8667 0
8668 0
8669 0
8670 0
8671 0
8672 47
8673 28
8674 50
8675 91
8676 91
8677 97
8678 93
8679 75
8680 96
8681 50
8682 50
8683 70
8684 53
8685 23
8686 1
8687 0
8688 0
8689 0
8690 0
8691 0
8692 0
8693 1
8694 0
8695 0
8696 48
8697 32
8698 55
8699 66
8700 88
8701 97
8702 88
8703 95
8704 67
8705 51
8706 42
8707 53
8708 44
8709 22
8710 0
8711 1
8712 0
8713 0
8714 0
8715 0
8716 0
8717 0
8718 0
8719 0
8720 49
8721 53
8722 46
8723 93
8724 94
8725 114
8726 92
8727 77
8728 93
8729 60
8730 63
8731 73
8732 67
8733 21
8734 1
8735 2
8736 0
8737 0
8738 0
8739 0
8740 0
8741 0
8742 0
8743 0
8744 56
8745 35
8746 27
8747 53
8748 61
8749 78
8750 47
8751 59
8752 67
8753 67
8754 80
8755 74
8756 82
8757 52
8758 1
8759 3
8760 0
