1 0.31
2 0.00
3 0.00
4 0.00
5 0.00
6 0.00
7 0.00
8 0.44
9 11.42
10 1.61
11 0.95
12 2.44
13 9.09
14 1.67
15 7.45
16 43.37
17 12.04
18 1.13
19 13.28
20 7.76
21 0.00
22 21.69
23 14.60
24 0.00
25 0.00
26 0.00
27 0.00
28 0.00
29 0.00
30 0.00
31 0.00
32 0.20
33 0.69
34 0.90
35 1.09
36 1.49
37 0.82
38 1.67
39 3.02
40 5.58
41 1.73
42 1.01
43 1.53
44 2.14
45 5.40
46 53.73
47 24.49
48 0.00
49 0.00
50 0.00
51 0.00
52 0.00
53 0.00
54 0.00
55 0.00
56 0.29
57 1.69
58 2.28
59 1.85
60 2.20
61 3.14
62 3.04
63 3.29
64 4.88
65 3.89
66 4.06
67 2.06
68 4.24
69 3.61
70 0.00
71 5.12
72 0.00
73 0.00
74 0.00
75 0.00
76 0.00
77 0.00
78 16.90
79 0.00
80 0.26
81 3.50
82 1.86
83 1.29
84 1.91
85 2.61
86 3.19
87 2.60
88 3.67
89 3.51
90 3.28
91 1.74
92 2.74
93 4.29
94 0.00
95 4.46
96 0.00
97 0.00
98 0.00
99 0.00
100 0.00
101 0.00
102 0.00
103 0.00
104 0.29
105 2.29
106 1.45
107 1.79
108 2.61
109 1.82
110 2.25
111 2.06
112 3.11
113 3.20
114 3.86
115 2.57
116 2.95
117 7.50
118 1.66
119 0.00
120 0.00
121 0.00
122 0.00
123 0.00
124 0.00
125 0.00
126 16.51
127 0.00
128 0.30
129 2.61
130 1.71
131 1.47
132 2.25
133 2.06
134 2.78
135 2.46
136 2.56
137 3.06
138 2.29
139 1.86
140 2.93
141 5.26
142 0.96
143 0.00
144 0.00
145 0.00
146 0.00
147 0.00
148 0.00
149 0.00
150 0.00
151 0.00
152 0.27
153 8.08
154 3.31
155 2.37
156 3.80
157 2.43
158 3.45
159 2.16
160 2.61
161 2.18
162 2.15
163 2.68
164 2.58
165 3.04
166 9.28
167 8.74
168 0.00
169 0.20
170 0.00
171 0.00
172 0.00
173 0.00
174 0.00
175 0.00
176 0.66
177 0.55
178 1.53
179 1.69
180 1.66
181 1.76
182 2.39
183 1.43
184 0.98
185 2.53
186 2.92
187 12.12
188 12.48
189 0.81
190 1.24
191 12.81
192 0.00
193 0.00
194 0.00
195 0.00
196 0.00
197 0.00
198 0.00
199 0.00
200 0.43
201 1.44
202 2.22
203 1.74
204 2.86
205 2.40
206 2.08
207 2.35
208 3.42
209 2.31
210 2.13
211 2.23
212 3.32
213 3.91
214 0.00
215 2.33
216 0.00
217 0.00
218 0.00
219 0.00
220 0.00
221 0.00
222 0.00
223 0.00
224 0.43
225 1.97
226 1.23
227 1.48
228 1.77
229 2.30
230 2.10
231 2.67
232 3.17
233 2.48
234 3.24
235 3.03
236 2.85
237 3.48
238 0.00
239 0.00
240 0.00
241 0.00
242 0.00
243 0.00
244 0.00
245 0.00
246 0.00
247 0.00
248 0.50
249 1.43
250 1.61
251 1.35
252 2.72
253 2.08
254 2.05
255 2.85
256 2.52
257 2.07
258 2.88
259 2.18
260 2.54
261 6.27
262 4.92
263 15.72
264 0.00
265 0.00
266 0.00
267 0.00
268 0.00
269 0.00
270 0.00
271 0.00
272 0.38
273 2.64
274 1.81
275 1.25
276 1.96
277 1.54
278 2.09
279 2.32
280 3.46
281 3.64
282 3.01
283 1.90
284 2.82
285 5.41
286 1.59
287 0.00
288 0.00
289 0.00
290 0.00
291 0.00
292 0.00
293 0.00
294 0.00
295 0.00
296 0.56
297 2.60
298 1.39
299 1.37
300 2.03
301 2.04
302 1.83
303 1.91
304 3.83
305 3.07
306 2.89
307 2.02
308 2.80
309 5.30
310 1.97
311 2.74
312 0.00
313 0.00
314 0.00
315 0.00
316 0.00
317 0.00
318 0.00
319 0.00
320 0.23
321 3.67
322 2.93
323 2.28
324 3.01
325 4.19
326 2.22
327 3.39
328 2.29
329 3.97
330 1.69
331 2.45
332 2.81
333 6.44
334 1.86
335 0.00
336 0.00
337 0.47
338 0.00
339 0.76
340 0.00
341 0.00
342 0.00
343 0.00
344 1.38
345 0.73
346 0.84
347 0.80
348 2.13
349 2.06
350 1.41
351 1.59
352 5.58
353 2.81
354 3.15
355 3.48
356 1.09
357 2.68
358 0.99
359 0.00
360 0.00
361 0.00
362 0.00
363 0.00
364 0.00
365 0.00
366 0.00
367 0.00
368 0.44
369 1.18
370 1.43
371 1.48
372 2.39
373 2.35
374 1.96
375 2.42
376 3.29
377 2.46
378 2.35
379 2.78
380 3.96
381 8.32
382 0.00
383 0.00
384 0.00
385 0.00
386 0.00
387 0.00
388 0.00
389 0.00
390 0.00
391 0.00
392 0.34
393 2.08
394 1.17
395 1.71
396 1.80
397 2.10
398 2.21
399 2.46
400 2.87
401 3.81
402 3.93
403 2.88
404 3.14
405 7.00
406 0.00
407 0.00
408 0.00
409 0.00
410 0.00
411 0.00
412 0.00
413 0.00
414 0.00
415 0.00
416 0.31
417 1.76
418 1.76
419 1.36
420 2.08
421 1.88
422 2.70
423 1.68
424 2.85
425 2.38
426 3.35
427 1.77
428 2.51
429 3.88
430 0.00
431 0.00
432 0.00
433 0.00
434 0.00
435 0.00
436 0.00
437 0.00
438 0.00
439 0.00
440 0.41
441 2.87
442 1.67
443 1.34
444 2.10
445 1.89
446 2.33
447 2.15
448 2.76
449 2.59
450 1.81
451 1.64
452 2.69
453 3.64
454 20.17
455 0.00
456 0.00
457 0.00
458 0.00
459 0.00
460 0.00
461 0.00
462 2.18
463 0.00
464 0.37
465 2.45
466 1.34
467 1.48
468 1.88
469 2.05
470 1.72
471 3.19
472 2.30
473 2.93
474 3.48
475 2.12
476 3.15
477 5.64
478 0.98
479 0.00
480 0.00
481 0.17
482 0.00
483 0.00
484 0.00
485 0.00
486 0.00
487 0.00
488 0.25
489 2.17
490 1.78
491 1.31
492 1.33
493 2.03
494 2.32
495 3.08
496 2.39
497 2.54
498 2.81
499 1.99
500 2.47
501 7.83
502 0.57
503 9.57
504 0.00
505 0.00
506 0.00
507 0.00
508 0.00
509 0.00
510 0.00
511 0.08
512 0.44
513 1.28
514 0.58
515 1.86
516 1.72
517 0.63
518 2.76
519 1.15
520 4.05
521 1.41
522 4.97
523 6.51
524 22.02
525 25.81
526 21.56
527 1.71
528 0.00
529 0.00
530 0.00
531 0.00
532 0.00
533 0.00
534 0.00
535 0.00
536 0.75
537 1.60
538 1.26
539 1.32
540 1.88
541 1.96
542 1.67
543 1.42
544 2.91
545 3.88
546 2.93
547 3.00
548 2.97
549 3.50
550 11.84
551 0.00
552 0.00
553 0.00
554 0.00
555 0.00
556 0.00
557 0.00
558 45.57
559 0.00
560 0.56
561 1.09
562 1.41
563 1.37
564 2.44
565 2.61
566 1.78
567 2.21
568 2.09
569 3.64
570 3.62
571 3.01
572 2.43
573 6.23
574 3.12
575 0.00
576 0.00
577 0.00
578 0.00
579 0.00
580 0.00
581 0.00
582 12.24
583 0.00
584 0.34
585 2.80
586 1.29
587 1.45
588 1.58
589 1.64
590 2.18
591 2.04
592 3.01
593 3.75
594 4.91
595 2.36
596 2.54
597 5.73
598 0.00
599 1.31
600 0.00
601 0.00
602 0.00
603 0.00
604 0.00
605 0.00
606 0.00
607 0.00
608 0.23
609 1.09
610 0.71
611 0.77
612 1.19
613 1.31
614 0.84
615 1.93
616 2.19
617 3.42
618 1.70
619 2.63
620 2.78
621 7.52
622 7.14
623 0.00
624 0.00
625 0.00
626 0.00
627 0.00
628 0.00
629 0.00
630 0.00
631 0.00
632 0.34
633 1.60
634 1.43
635 1.37
636 2.03
637 1.78
638 1.55
639 3.04
640 3.63
641 3.00
642 5.51
643 1.95
644 2.46
645 3.86
646 1.97
647 1.71
648 0.00
649 0.20
650 0.00
651 0.00
652 0.00
653 0.00
654 0.00
655 0.00
656 0.20
657 4.50
658 2.48
659 3.48
660 3.73
661 3.93
662 3.92
663 3.50
664 2.34
665 2.92
666 2.29
667 1.61
668 2.41
669 2.43
670 0.00
671 0.00
672 0.00
673 0.18
674 0.00
675 0.00
676 0.00
677 0.00
678 0.00
679 0.00
680 0.46
681 1.09
682 1.87
683 2.98
684 1.36
685 1.10
686 1.30
687 2.92
688 2.09
689 4.16
690 1.84
691 6.91
692 0.00
693 2.26
694 1.62
695 0.00
696 0.00
697 0.00
698 0.00
699 0.00
700 0.00
701 14.06
702 2.00
703 22.64
704 0.36
705 3.46
706 1.36
707 1.28
708 1.48
709 1.64
710 1.90
711 1.61
712 2.48
713 4.26
714 3.22
715 3.25
716 3.60
717 6.27
718 22.71
719 0.00
720 0.00
721 0.00
722 0.00
723 0.00
724 0.00
725 0.00
726 0.00
727 0.00
728 0.44
729 2.65
730 1.35
731 1.12
732 1.58
733 1.92
734 1.77
735 1.83
736 2.14
737 2.82
738 2.86
739 2.49
740 2.59
741 3.90
742 26.09
743 0.00
744 0.00
745 0.00
746 0.00
747 0.00
748 0.00
749 0.00
750 0.00
751 0.00
752 0.33
753 1.46
754 1.33
755 1.03
756 1.89
757 2.07
758 1.79
759 2.01
760 3.15
761 2.98
762 2.11
763 2.44
764 2.80
765 9.95
766 3.50
767 0.00
768 0.00
769 0.00
770 0.00
771 0.00
772 0.00
773 0.00
774 0.00
775 0.00
776 0.47
777 1.91
778 1.30
779 1.07
780 1.73
781 1.91
782 1.64
783 1.79
784 1.99
785 2.87
786 2.98
787 2.08
788 4.20
789 8.55
790 0.00
791 4.47
792 0.00
793 0.00
794 0.00
795 0.00
796 0.00
797 0.00
798 0.00
799 0.00
800 0.45
801 2.22
802 1.26
803 1.52
804 1.79
805 1.96
806 2.33
807 2.12
808 3.24
809 2.09
810 2.61
811 2.05
812 4.46
813 3.23
814 0.46
815 1.53
816 0.00
817 0.13
818 0.00
819 0.00
820 0.00
821 0.00
822 0.00
823 0.00
824 0.24
825 3.27
826 2.15
827 1.68
828 2.59
829 1.93
830 2.82
831 2.96
832 2.92
833 1.81
834 3.85
835 1.72
836 2.69
837 2.94
838 0.62
839 0.00
840 0.00
841 10.14
842 0.13
843 0.00
844 0.00
845 0.00
846 0.00
847 0.00
848 0.49
849 1.37
850 1.52
851 2.65
852 1.75
853 2.31
854 2.22
855 4.05
856 1.81
857 2.75
858 3.88
859 9.96
860 0.00
861 16.51
862 18.70
863 1.31
864 0.00
865 0.00
866 0.00
867 0.00
868 0.00
869 0.00
870 0.00
871 11.08
872 0.45
873 2.96
874 1.41
875 1.30
876 1.87
877 1.98
878 1.54
879 3.33
880 2.33
881 3.15
882 2.34
883 2.34
884 3.33
885 3.41
886 0.86
887 0.00
888 0.00
889 0.00
890 0.00
891 0.00
892 0.00
893 0.00
894 0.00
895 0.00
896 0.40
897 3.07
898 1.60
899 1.25
900 1.90
901 1.73
902 1.78
903 2.05
904 2.53
905 2.79
906 2.69
907 2.04
908 3.27
909 4.61
910 0.00
911 45.00
912 0.00
913 0.00
914 0.00
915 0.00
916 0.00
917 0.00
918 0.00
919 0.00
920 0.38
921 1.57
922 1.37
923 1.32
924 1.78
925 1.80
926 1.81
927 1.98
928 2.73
929 2.48
930 2.05
931 2.64
932 2.42
933 4.19
934 42.35
935 5.98
936 0.00
937 0.00
938 0.00
939 0.00
940 0.00
941 0.00
942 0.00
943 40.00
944 0.45
945 1.84
946 1.28
947 1.09
948 1.79
949 1.55
950 1.40
951 2.32
952 1.82
953 2.75
954 1.99
955 2.25
956 3.38
957 5.53
958 11.58
959 0.00
960 0.00
961 0.00
962 0.00
963 0.00
964 0.00
965 0.00
966 0.00
967 0.00
968 0.38
969 2.17
970 1.78
971 1.27
972 2.02
973 1.83
974 1.69
975 1.78
976 3.25
977 3.24
978 4.10
979 1.94
980 2.56
981 4.65
982 0.00
983 1.36
984 2.27
985 0.00
986 0.00
987 0.00
988 0.00
989 0.00
990 0.00
991 0.00
992 0.22
993 1.57
994 1.67
995 3.33
996 2.43
997 2.25
998 2.57
999 1.70
1000 4.39
1001 3.58
1002 3.75
1003 1.91
1004 2.86
1005 6.51
1006 6.00
1007 2.00
1008 0.00
1009 0.22
1010 0.00
1011 0.00
1012 0.00
1013 0.00
1014 0.00
1015 0.00
1016 0.28
1017 7.24
1018 4.52
1019 2.04
1020 0.93
1021 2.06
1022 1.12
1023 1.85
1024 2.57
1025 3.05
1026 2.13
1027 2.55
1028 0.00
1029 6.70
1030 0.76
1031 0.00
1032 0.00
1033 0.00
1034 0.00
1035 0.00
1036 0.00
1037 0.00
1038 0.00
1039 0.00
1040 0.47
1041 2.64
1042 1.30
1043 1.28
1044 1.55
1045 1.76
1046 1.74
1047 2.05
1048 2.08
1049 2.58
1050 2.41
1051 2.35
1052 3.11
1053 5.91
1054 1.43
1055 0.00
1056 0.00
1057 0.00
1058 0.00
1059 0.00
1060 0.00
1061 0.00
1062 0.00
1063 0.00
1064 0.38
1065 1.57
1066 1.42
1067 1.04
1068 1.71
1069 1.54
1070 1.45
1071 1.89
1072 2.77
1073 3.06
1074 2.07
1075 2.38
1076 3.20
1077 5.54
1078 2.73
1079 1.98
1080 0.00
1081 0.00
1082 0.00
1083 0.00
1084 0.00
1085 0.00
1086 0.00
1087 0.00
1088 0.44
1089 2.98
1090 0.94
1091 1.09
1092 2.06
1093 1.43
1094 1.76
1095 1.83
1096 2.30
1097 1.91
1098 2.39
1099 2.40
1100 2.65
1101 4.41
1102 0.00
1103 0.00
1104 0.00
1105 0.00
1106 0.00
1107 0.00
1108 0.00
1109 0.00
1110 0.00
1111 0.00
1112 0.44
1113 2.28
1114 1.22
1115 1.14
1116 2.36
1117 2.05
1118 2.48
1119 2.30
1120 2.37
1121 3.94
1122 3.29
1123 2.14
1124 3.03
1125 4.24
1126 0.00
1127 0.00
1128 0.00
1129 0.00
1130 0.00
1131 0.00
1132 0.00
1133 0.00
1134 0.00
1135 0.00
1136 0.53
1137 1.80
1138 1.29
1139 1.29
1140 2.09
1141 2.31
1142 2.05
1143 1.93
1144 3.08
1145 4.38
1146 2.66
1147 1.32
1148 2.25
1149 2.74
1150 2.32
1151 4.79
1152 2.44
1153 0.40
1154 0.00
1155 0.00
1156 2.19
1157 0.00
1158 20.34
1159 0.00
1160 0.24
1161 1.48
1162 2.52
1163 1.82
1164 2.10
1165 1.71
1166 1.99
1167 2.60
1168 2.63
1169 2.25
1170 3.03
1171 2.01
1172 3.33
1173 5.11
1174 2.39
1175 1.66
1176 0.00
1177 0.11
1178 0.00
1179 0.00
1180 0.00
1181 0.00
1182 0.00
1183 0.00
1184 0.22
1185 2.60
1186 1.32
1187 1.24
1188 1.27
1189 2.34
1190 2.36
1191 1.56
1192 2.73
1193 2.01
1194 2.30
1195 26.47
1196 14.75
1197 25.35
1198 0.65
1199 0.00
1200 0.00
1201 0.00
1202 0.00
1203 0.00
1204 0.00
1205 0.00
1206 0.00
1207 0.00
1208 0.46
1209 2.63
1210 1.30
1211 1.44
1212 2.15
1213 1.96
1214 1.95
1215 1.78
1216 2.59
1217 3.19
1218 2.39
1219 2.64
1220 3.51
1221 4.86
1222 25.81
1223 0.00
1224 0.00
1225 0.00
1226 0.00
1227 0.00
1228 0.00
1229 0.00
1230 0.00
1231 0.00
1232 0.50
1233 2.84
1234 1.49
1235 1.50
1236 2.04
1237 2.05
1238 2.41
1239 2.13
1240 2.42
1241 3.53
1242 2.40
1243 2.77
1244 3.34
1245 4.02
1246 1.92
1247 0.00
1248 0.00
1249 0.00
1250 0.00
1251 0.00
1252 0.00
1253 0.00
1254 14.12
1255 0.00
1256 0.42
1257 1.60
1258 1.69
1259 1.65
1260 2.18
1261 1.69
1262 2.21
1263 2.10
1264 2.40
1265 2.59
1266 1.77
1267 1.88
1268 2.24
1269 3.55
1270 56.25
1271 8.37
1272 0.00
1273 0.00
1274 0.00
1275 0.00
1276 0.00
1277 0.00
1278 0.00
1279 0.00
1280 0.42
1281 1.79
1282 1.63
1283 1.88
1284 1.92
1285 1.76
1286 1.70
1287 2.31
1288 2.51
1289 3.29
1290 1.95
1291 2.39
1292 2.59
1293 5.22
1294 0.00
1295 0.00
1296 0.00
1297 0.00
1298 0.00
1299 0.00
1300 0.00
1301 0.00
1302 0.00
1303 0.00
1304 0.45
1305 2.55
1306 1.55
1307 1.62
1308 2.17
1309 1.98
1310 2.39
1311 2.40
1312 3.20
1313 2.83
1314 2.80
1315 1.45
1316 2.65
1317 5.36
1318 2.24
1319 0.00
1320 0.00
1321 42.35
1322 0.00
1323 0.00
1324 0.00
1325 0.00
1326 6.69
1327 0.00
1328 0.28
1329 3.14
1330 1.55
1331 2.39
1332 1.72
1333 2.74
1334 2.10
1335 2.35
1336 3.44
1337 1.99
1338 2.23
1339 2.43
1340 2.94
1341 4.23
1342 1.47
1343 3.35
1344 0.00
1345 0.00
1346 0.00
1347 0.00
1348 0.00
1349 0.00
1350 0.00
1351 0.00
1352 0.20
1353 2.18
1354 0.77
1355 3.02
1356 2.00
1357 1.63
1358 3.51
1359 1.36
1360 2.74
1361 1.39
1362 3.10
1363 6.85
1364 0.00
1365 2.39
1366 38.71
1367 23.58
1368 0.00
1369 0.00
1370 0.00
1371 0.00
1372 0.00
1373 0.00
1374 0.00
1375 4.04
1376 0.44
1377 2.54
1378 1.10
1379 1.68
1380 2.11
1381 2.12
1382 2.06
1383 2.33
1384 2.39
1385 3.28
1386 1.96
1387 2.87
1388 3.29
1389 5.80
1390 1.02
1391 0.00
1392 0.00
1393 0.00
1394 0.00
1395 0.00
1396 0.00
1397 0.00
1398 0.00
1399 0.00
1400 0.51
1401 2.41
1402 1.23
1403 1.49
1404 2.00
1405 2.01
1406 2.13
1407 2.28
1408 2.32
1409 2.70
1410 2.22
1411 1.83
1412 2.68
1413 7.60
1414 0.00
1415 0.00
1416 0.00
1417 0.00
1418 0.00
1419 0.00
1420 0.00
1421 0.00
1422 0.00
1423 0.00
1424 0.50
1425 2.43
1426 1.63
1427 1.31
1428 1.69
1429 2.23
1430 1.96
1431 1.84
1432 2.56
1433 2.85
1434 2.89
1435 1.97
1436 2.94
1437 4.36
1438 0.00
1439 13.04
1440 0.00
1441 0.00
1442 0.00
1443 0.00
1444 0.00
1445 0.00
1446 0.00
1447 0.00
1448 0.57
1449 2.15
1450 2.07
1451 1.93
1452 2.11
1453 2.04
1454 2.27
1455 2.33
1456 2.84
1457 2.47
1458 2.35
1459 2.15
1460 2.74
1461 5.70
1462 0.00
1463 2.21
1464 0.00
1465 0.00
1466 0.00
1467 0.00
1468 0.00
1469 0.00
1470 0.00
1471 0.00
1472 0.23
1473 1.98
1474 2.71
1475 3.85
1476 1.78
1477 2.76
1478 1.81
1479 2.31
1480 3.56
1481 2.31
1482 5.09
1483 1.60
1484 1.66
1485 3.86
1486 2.90
1487 0.00
1488 5.67
1489 6.74
1490 0.00
1491 0.00
1492 0.00
1493 0.00
1494 0.00
1495 0.00
1496 0.27
1497 7.00
1498 1.01
1499 0.98
1500 0.82
1501 1.83
1502 1.41
1503 1.53
1504 2.94
1505 1.66
1506 1.81
1507 5.59
1508 1.17
1509 0.00
1510 0.56
1511 0.00
1512 0.00
1513 0.00
1514 0.00
1515 0.00
1516 0.00
1517 0.00
1518 0.00
1519 0.00
1520 0.49
1521 2.13
1522 1.58
1523 1.63
1524 1.67
1525 2.07
1526 2.10
1527 2.24
1528 2.80
1529 3.27
1530 1.61
1531 2.39
1532 3.15
1533 4.33
1534 0.00
1535 34.78
1536 2.31
1537 0.00
1538 0.00
1539 0.00
1540 0.00
1541 0.00
1542 0.00
1543 0.00
1544 0.54
1545 1.37
1546 1.31
1547 1.24
1548 1.99
1549 1.77
1550 2.13
1551 1.96
1552 2.04
1553 2.48
1554 2.73
1555 1.90
1556 2.67
1557 7.81
1558 2.87
1559 0.00
1560 0.00
1561 0.00
1562 0.00
1563 0.00
1564 0.00
1565 0.00
1566 0.00
1567 0.00
1568 0.57
1569 2.16
1570 1.35
1571 1.44
1572 1.87
1573 1.96
1574 1.64
1575 2.14
1576 2.31
1577 2.18
1578 2.47
1579 2.22
1580 2.56
1581 4.10
1582 0.00
1583 1.26
1584 0.00
1585 0.00
1586 0.00
1587 0.00
1588 0.00
1589 0.00
1590 0.00
1591 0.00
1592 0.56
1593 3.46
1594 1.49
1595 1.55
1596 2.06
1597 2.01
1598 2.27
1599 2.02
1600 2.33
1601 2.88
1602 2.60
1603 2.15
1604 3.39
1605 5.19
1606 27.69
1607 0.00
1608 0.00
1609 0.00
1610 0.00
1611 0.00
1612 0.00
1613 54.55
1614 0.00
1615 0.00
1616 0.51
1617 1.77
1618 1.50
1619 1.33
1620 2.10
1621 1.85
1622 1.85
1623 2.30
1624 3.46
1625 2.63
1626 1.99
1627 1.89
1628 2.34
1629 4.64
1630 1.01
1631 0.00
1632 0.00
1633 0.00
1634 0.00
1635 0.00
1636 0.00
1637 0.00
1638 0.00
1639 0.00
1640 0.26
1641 3.34
1642 2.61
1643 2.35
1644 2.88
1645 1.76
1646 2.24
1647 2.48
1648 2.97
1649 1.92
1650 2.57
1651 1.83
1652 2.59
1653 5.80
1654 5.57
1655 3.05
1656 4.08
1657 0.24
1658 0.00
1659 0.00
1660 0.00
1661 0.00
1662 0.00
1663 0.00
1664 0.27
1665 0.00
1666 14.72
1667 1.61
1668 1.66
1669 3.40
1670 1.46
1671 1.46
1672 2.29
1673 3.00
1674 1.85
1675 20.95
1676 2.72
1677 4.27
1678 1.53
1679 0.00
1680 0.00
1681 0.00
1682 0.00
1683 0.00
1684 0.00
1685 0.00
1686 0.00
1687 0.00
1688 0.18
1689 0.20
1690 0.48
1691 0.60
1692 0.99
1693 1.06
1694 0.90
1695 1.35
1696 1.62
1697 0.80
1698 1.18
1699 2.40
1700 2.49
1701 3.02
1702 0.00
1703 0.00
1704 0.00
1705 0.00
1706 0.00
1707 0.00
1708 0.00
1709 0.00
1710 0.00
1711 9.02
1712 0.53
1713 2.71
1714 1.14
1715 1.42
1716 2.57
1717 1.62
1718 1.77
1719 2.42
1720 2.16
1721 2.85
1722 2.88
1723 2.31
1724 3.99
1725 9.15
1726 2.38
1727 7.42
1728 0.00
1729 0.00
1730 0.00
1731 0.00
1732 0.00
1733 0.00
1734 0.00
1735 0.00
1736 0.48
1737 1.92
1738 1.27
1739 1.44
1740 1.90
1741 1.74
1742 2.39
1743 2.13
1744 2.59
1745 2.02
1746 2.34
1747 1.83
1748 3.49
1749 6.56
1750 0.52
1751 1.00
1752 0.00
1753 0.00
1754 0.00
1755 0.00
1756 0.00
1757 0.00
1758 0.00
1759 0.00
1760 0.54
1761 2.10
1762 1.46
1763 1.36
1764 2.01
1765 1.46
1766 2.01
1767 2.52
1768 2.74
1769 3.07
1770 2.41
1771 1.99
1772 2.67
1773 3.62
1774 0.00
1775 0.00
1776 0.00
1777 0.00
1778 0.00
1779 0.00
1780 0.00
1781 0.00
1782 0.00
1783 0.00
1784 0.66
1785 2.45
1786 1.30
1787 1.41
1788 2.10
1789 2.34
1790 1.99
1791 2.03
1792 2.81
1793 2.65
1794 2.27
1795 1.56
1796 2.43
1797 2.99
1798 2.02
1799 0.00
1800 0.00
1801 0.41
1802 0.00
1803 0.00
1804 0.00
1805 0.00
1806 0.00
1807 0.00
1808 0.32
1809 1.49
1810 2.28
1811 1.77
1812 2.33
1813 2.82
1814 2.82
1815 2.15
1816 2.81
1817 2.78
1818 2.82
1819 1.92
1820 2.13
1821 5.71
1822 0.00
1823 3.87
1824 3.40
1825 0.81
1826 0.00
1827 0.00
1828 0.00
1829 0.00
1830 0.00
1831 0.16
1832 0.35
1833 2.24
1834 1.03
1835 2.23
1836 1.29
1837 1.98
1838 3.11
1839 2.35
1840 2.25
1841 1.90
1842 5.18
1843 2.64
1844 57.14
1845 1.60
1846 3.93
1847 41.86
1848 0.00
1849 0.00
1850 0.00
1851 0.00
1852 0.00
1853 0.00
1854 0.00
1855 0.00
1856 0.64
1857 2.27
1858 1.64
1859 1.22
1860 1.54
1861 1.94
1862 1.87
1863 2.27
1864 2.67
1865 2.94
1866 2.08
1867 2.83
1868 2.80
1869 4.72
1870 0.57
1871 0.00
1872 0.00
1873 0.00
1874 0.00
1875 0.00
1876 0.00
1877 0.00
1878 0.00
1879 0.00
1880 0.51
1881 3.13
1882 1.56
1883 1.44
1884 1.32
1885 1.77
1886 2.18
1887 1.76
1888 2.59
1889 2.62
1890 3.27
1891 2.13
1892 3.21
1893 6.28
1894 0.89
1895 0.00
1896 0.00
1897 0.00
1898 0.00
1899 0.00
1900 0.00
1901 0.00
1902 0.00
1903 0.00
1904 0.46
1905 3.23
1906 1.02
1907 1.25
1908 1.62
1909 1.77
1910 1.96
1911 1.61
1912 2.36
1913 2.37
1914 3.11
1915 2.74
1916 3.17
1917 4.30
1918 0.00
1919 0.54
1920 0.00
1921 0.07
1922 0.00
1923 0.00
1924 0.00
1925 0.00
1926 0.00
1927 0.00
1928 0.56
1929 2.50
1930 1.47
1931 1.18
1932 1.78
1933 2.10
1934 1.74
1935 1.94
1936 2.22
1937 2.44
1938 2.19
1939 2.31
1940 3.96
1941 3.17
1942 0.50
1943 0.00
1944 2.14
1945 0.19
1946 0.00
1947 0.00
1948 0.00
1949 0.00
1950 0.00
1951 0.25
1952 0.57
1953 2.12
1954 1.51
1955 1.21
1956 2.16
1957 1.92
1958 1.55
1959 2.09
1960 2.43
1961 2.99
1962 2.13
1963 2.24
1964 1.98
1965 4.48
1966 30.13
1967 3.96
1968 0.00
1969 58.06
1970 0.00
1971 0.00
1972 0.00
1973 0.00
1974 0.00
1975 0.00
1976 0.27
1977 1.78
1978 3.19
1979 2.41
1980 2.16
1981 1.58
1982 2.12
1983 1.46
1984 2.69
1985 2.30
1986 1.85
1987 1.98
1988 1.70
1989 4.57
1990 2.19
1991 2.61
1992 2.69
1993 0.27
1994 0.00
1995 0.00
1996 0.00
1997 0.00
1998 0.00
1999 0.00
2000 0.36
2001 2.62
2002 1.25
2003 0.92
2004 1.91
2005 1.36
2006 1.13
2007 1.71
2008 1.88
2009 1.41
2010 2.85
2011 6.54
2012 44.17
2013 5.67
2014 1.50
2015 0.00
2016 0.00
2017 0.00
2018 0.00
2019 0.00
2020 0.00
2021 0.00
2022 0.00
2023 0.23
2024 0.49
2025 3.04
2026 1.18
2027 1.37
2028 1.88
2029 1.83
2030 2.12
2031 1.95
2032 1.93
2033 3.37
2034 2.55
2035 2.58
2036 2.89
2037 3.97
2038 20.81
2039 0.00
2040 0.00
2041 0.00
2042 0.00
2043 0.00
2044 0.00
2045 0.00
2046 0.00
2047 0.00
2048 0.43
2049 1.65
2050 1.56
2051 1.26
2052 1.84
2053 2.16
2054 1.96
2055 2.04
2056 2.41
2057 1.95
2058 1.64
2059 1.59
2060 2.44
2061 8.25
2062 0.00
2063 0.00
2064 0.00
2065 0.00
2066 0.00
2067 0.00
2068 0.00
2069 0.00
2070 0.00
2071 0.00
2072 0.49
2073 2.58
2074 1.39
2075 1.35
2076 1.91
2077 2.13
2078 2.02
2079 1.88
2080 2.25
2081 2.89
2082 2.56
2083 2.00
2084 2.66
2085 8.09
2086 0.00
2087 2.12
2088 0.00
2089 0.00
2090 0.00
2091 0.00
2092 0.00
2093 0.00
2094 0.00
2095 0.00
2096 0.52
2097 1.56
2098 1.71
2099 1.35
2100 1.96
2101 1.62
2102 2.00
2103 2.42
2104 2.39
2105 2.51
2106 3.47
2107 1.76
2108 2.42
2109 6.16
2110 1.86
2111 0.00
2112 0.00
2113 0.15
2114 0.00
2115 0.00
2116 0.00
2117 0.00
2118 0.00
2119 0.00
2120 0.40
2121 3.23
2122 2.19
2123 1.56
2124 2.06
2125 2.21
2126 1.82
2127 1.93
2128 2.60
2129 3.01
2130 2.36
2131 2.13
2132 2.26
2133 4.47
2134 1.15
2135 2.47
2136 0.00
2137 0.00
2138 0.00
2139 0.00
2140 0.00
2141 0.00
2142 0.00
2143 0.00
2144 0.29
2145 2.87
2146 1.75
2147 2.10
2148 2.38
2149 2.48
2150 2.43
2151 2.93
2152 2.52
2153 2.67
2154 1.89
2155 0.94
2156 1.54
2157 1.32
2158 0.00
2159 0.00
2160 0.00
2161 0.00
2162 0.00
2163 0.00
2164 0.00
2165 0.00
2166 0.00
2167 0.00
2168 0.62
2169 0.71
2170 2.72
2171 2.38
2172 1.14
2173 0.94
2174 1.19
2175 1.06
2176 1.35
2177 1.64
2178 1.23
2179 24.49
2180 0.00
2181 0.00
2182 1.73
2183 0.00
2184 0.00
2185 0.00
2186 0.00
2187 0.00
2188 0.00
2189 0.00
2190 0.00
2191 0.00
2192 0.43
2193 2.60
2194 1.70
2195 1.74
2196 1.88
2197 2.08
2198 2.35
2199 1.58
2200 2.56
2201 2.99
2202 2.69
2203 2.68
2204 3.88
2205 6.92
2206 1.22
2207 0.00
2208 0.00
2209 0.00
2210 0.00
2211 0.00
2212 0.00
2213 0.00
2214 0.00
2215 0.00
2216 0.33
2217 2.31
2218 1.82
2219 1.50
2220 1.79
2221 1.53
2222 1.83
2223 2.03
2224 2.35
2225 2.20
2226 2.28
2227 2.60
2228 3.47
2229 6.73
2230 0.00
2231 0.00
2232 0.00
2233 0.00
2234 0.00
2235 0.00
2236 0.00
2237 0.00
2238 0.00
2239 0.00
2240 0.39
2241 2.99
2242 1.58
2243 1.80
2244 1.96
2245 1.99
2246 1.79
2247 2.36
2248 2.68
2249 3.03
2250 1.99
2251 2.27
2252 3.17
2253 6.33
2254 8.45
2255 0.00
2256 0.00
2257 0.00
2258 0.00
2259 0.00
2260 0.00
2261 0.00
2262 0.00
2263 0.00
2264 0.51
2265 1.59
2266 1.75
2267 2.05
2268 2.05
2269 1.66
2270 1.82
2271 2.35
2272 2.37
2273 3.10
2274 2.15
2275 1.92
2276 2.49
2277 5.45
2278 1.53
2279 1.13
2280 0.00
2281 0.07
2282 0.00
2283 0.00
2284 0.00
2285 0.00
2286 0.00
2287 0.00
2288 0.19
2289 0.76
2290 0.58
2291 0.71
2292 1.25
2293 1.25
2294 1.11
2295 1.15
2296 1.67
2297 1.11
2298 0.93
2299 1.17
2300 2.00
2301 8.19
2302 0.65
2303 0.00
2304 0.00
2305 0.00
2306 0.00
2307 0.00
2308 0.00
2309 0.00
2310 0.00
2311 0.00
2312 0.25
2313 2.21
2314 1.81
2315 2.05
2316 1.56
2317 1.74
2318 0.97
2319 1.37
2320 2.40
2321 3.43
2322 1.72
2323 2.07
2324 1.99
2325 6.33
2326 2.33
2327 9.89
2328 0.00
2329 0.12
2330 0.00
2331 0.00
2332 0.00
2333 0.00
2334 0.00
2335 0.00
2336 0.49
2337 11.60
2338 4.19
2339 4.99
2340 1.65
2341 2.19
2342 4.19
2343 2.59
2344 1.19
2345 0.75
2346 3.25
2347 4.78
2348 8.72
2349 25.17
2350 0.58
2351 0.00
2352 0.00
2353 0.13
2354 0.00
2355 0.00
2356 0.00
2357 0.00
2358 0.00
2359 0.00
2360 0.19
2361 1.33
2362 0.73
2363 1.08
2364 1.49
2365 1.25
2366 1.11
2367 1.96
2368 1.49
2369 2.96
2370 3.44
2371 2.26
2372 3.00
2373 5.89
2374 0.00
2375 58.06
2376 0.00
2377 0.00
2378 0.00
2379 0.00
2380 0.00
2381 0.00
2382 0.00
2383 0.00
2384 0.40
2385 1.67
2386 2.02
2387 1.82
2388 2.76
2389 2.24
2390 1.83
2391 2.41
2392 2.30
2393 3.28
2394 2.51
2395 3.09
2396 5.05
2397 9.77
2398 0.00
2399 0.00
2400 0.00
2401 0.00
2402 1.05
2403 0.00
2404 0.00
2405 0.00
2406 0.00
2407 0.00
2408 0.42
2409 1.84
2410 1.32
2411 1.97
2412 1.89
2413 2.14
2414 2.16
2415 2.22
2416 2.36
2417 2.21
2418 2.97
2419 2.22
2420 4.57
2421 8.16
2422 0.00
2423 0.00
2424 0.00
2425 0.00
2426 0.00
2427 0.00
2428 0.00
2429 0.00
2430 0.00
2431 0.00
2432 0.43
2433 1.71
2434 1.00
2435 1.52
2436 1.91
2437 2.06
2438 1.95
2439 2.08
2440 2.87
2441 3.49
2442 2.95
2443 2.92
2444 3.91
2445 8.27
2446 9.89
2447 0.00
2448 0.00
2449 0.00
2450 0.00
2451 0.00
2452 0.00
2453 0.00
2454 0.00
2455 0.00
2456 0.42
2457 1.50
2458 1.86
2459 1.93
2460 2.11
2461 2.07
2462 1.80
2463 2.76
2464 2.81
2465 3.28
2466 2.26
2467 2.03
2468 4.26
2469 10.11
2470 30.25
2471 0.81
2472 0.00
2473 0.13
2474 0.00
2475 0.00
2476 0.00
2477 0.00
2478 0.00
2479 0.00
2480 0.32
2481 3.35
2482 2.25
2483 2.45
2484 2.77
2485 2.11
2486 2.52
2487 3.01
2488 2.53
2489 2.32
2490 1.79
2491 1.22
2492 1.59
2493 4.64
2494 0.00
2495 1.19
2496 5.96
2497 0.63
2498 0.00
2499 0.00
2500 0.00
2501 0.00
2502 0.00
2503 0.00
2504 0.61
2505 1.45
2506 1.34
2507 1.01
2508 1.79
2509 1.93
2510 3.34
2511 1.00
2512 1.12
2513 0.55
2514 1.40
2515 5.83
2516 18.75
2517 0.53
2518 0.00
2519 0.00
2520 0.00
2521 0.00
2522 0.00
2523 0.00
2524 0.00
2525 0.00
2526 0.00
2527 0.00
2528 0.46
2529 2.38
2530 1.67
2531 1.58
2532 1.99
2533 1.68
2534 1.44
2535 2.02
2536 1.87
2537 2.34
2538 3.49
2539 2.53
2540 3.95
2541 4.53
2542 14.88
2543 1.02
2544 0.00
2545 0.00
2546 0.00
2547 0.00
2548 0.00
2549 0.00
2550 0.00
2551 0.00
2552 0.47
2553 2.09
2554 1.28
2555 1.34
2556 1.38
2557 1.67
2558 2.04
2559 1.73
2560 1.90
2561 1.36
2562 2.04
2563 2.16
2564 5.70
2565 5.58
2566 0.00
2567 3.72
2568 0.00
2569 0.00
2570 0.00
2571 0.00
2572 0.00
2573 0.00
2574 0.00
2575 0.00
2576 0.46
2577 1.54
2578 1.58
2579 1.61
2580 2.00
2581 1.95
2582 1.80
2583 2.07
2584 2.81
2585 2.29
2586 1.86
2587 2.06
2588 4.17
2589 6.41
2590 1.08
2591 0.00
2592 0.00
2593 0.00
2594 0.00
2595 0.00
2596 0.00
2597 0.00
2598 0.00
2599 0.00
2600 0.52
2601 2.48
2602 1.69
2603 1.57
2604 2.00
2605 1.75
2606 1.45
2607 2.16
2608 2.99
2609 2.35
2610 2.57
2611 2.59
2612 2.68
2613 6.86
2614 23.03
2615 2.67
2616 0.00
2617 0.00
2618 0.00
2619 0.00
2620 0.00
2621 0.00
2622 0.00
2623 4.88
2624 0.52
2625 1.80
2626 1.72
2627 1.69
2628 2.13
2629 1.71
2630 1.66
2631 2.48
2632 1.85
2633 2.25
2634 2.14
2635 1.10
2636 2.17
2637 6.52
2638 9.40
2639 2.00
2640 0.00
2641 0.52
2642 0.00
2643 0.00
2644 0.00
2645 0.00
2646 0.00
2647 0.00
2648 0.26
2649 6.00
2650 1.66
2651 2.37
2652 2.65
2653 1.41
2654 1.62
2655 1.99
2656 2.60
2657 2.47
2658 2.54
2659 1.54
2660 2.89
2661 5.28
2662 0.00
2663 4.78
2664 2.38
2665 0.57
2666 0.00
2667 0.00
2668 36.73
2669 0.00
2670 0.00
2671 0.00
2672 0.35
2673 11.13
2674 0.70
2675 3.57
2676 2.48
2677 1.66
2678 1.82
2679 1.42
2680 1.55
2681 1.82
2682 6.12
2683 45.00
2684 32.73
2685 4.57
2686 0.00
2687 5.44
2688 0.00
2689 0.00
2690 0.00
2691 0.00
2692 0.00
2693 0.00
2694 0.00
2695 0.00
2696 0.47
2697 3.26
2698 1.15
2699 1.86
2700 1.70
2701 2.12
2702 2.00
2703 1.97
2704 2.19
2705 2.16
2706 3.00
2707 2.82
2708 3.67
2709 7.74
2710 34.29
2711 38.71
2712 0.00
2713 0.00
2714 0.00
2715 0.00
2716 0.00
2717 0.00
2718 0.00
2719 0.00
2720 0.42
2721 2.09
2722 1.02
2723 1.45
2724 1.54
2725 1.83
2726 1.67
2727 2.06
2728 2.28
2729 2.73
2730 2.50
2731 2.04
2732 2.84
2733 7.94
2734 0.00
2735 2.24
2736 0.00
2737 0.00
2738 0.00
2739 0.00
2740 0.00
2741 0.00
2742 0.00
2743 0.00
2744 0.18
2745 0.99
2746 0.51
2747 1.15
2748 0.72
2749 0.99
2750 1.44
2751 1.26
2752 2.43
2753 1.17
2754 1.76
2755 1.65
2756 1.76
2757 4.66
2758 1.87
2759 55.38
2760 0.00
2761 0.00
2762 0.00
2763 0.00
2764 0.00
2765 3.77
2766 0.00
2767 0.00
2768 0.48
2769 2.46
2770 1.73
2771 1.93
2772 1.53
2773 2.18
2774 2.08
2775 1.94
2776 2.44
2777 2.46
2778 2.01
2779 2.75
2780 3.67
2781 4.69
2782 0.00
2783 0.00
2784 0.00
2785 0.00
2786 0.00
2787 0.00
2788 0.00
2789 0.00
2790 54.55
2791 0.00
2792 0.71
2793 2.33
2794 1.47
2795 1.65
2796 1.58
2797 1.60
2798 1.93
2799 1.52
2800 3.16
2801 3.43
2802 2.22
2803 1.95
2804 2.36
2805 6.41
2806 15.86
2807 5.77
2808 0.00
2809 6.59
2810 0.00
2811 0.00
2812 0.00
2813 0.00
2814 0.00
2815 0.00
2816 0.41
2817 2.21
2818 1.64
2819 0.98
2820 3.22
2821 1.85
2822 1.70
2823 3.28
2824 2.82
2825 2.88
2826 1.89
2827 1.95
2828 2.19
2829 5.20
2830 1.19
2831 11.08
2832 0.00
2833 0.00
2834 0.00
2835 0.00
2836 0.00
2837 0.00
2838 0.00
2839 0.00
2840 0.22
2841 2.73
2842 2.14
2843 1.32
2844 0.74
2845 1.25
2846 1.65
2847 0.91
2848 0.95
2849 0.83
2850 3.11
2851 6.21
2852 3.64
2853 0.00
2854 0.00
2855 0.00
2856 0.00
2857 0.00
2858 0.00
2859 0.00
2860 0.00
2861 0.00
2862 0.00
2863 0.00
2864 0.44
2865 2.67
2866 1.27
2867 1.68
2868 2.01
2869 1.71
2870 2.05
2871 2.80
2872 2.03
2873 2.86
2874 3.53
2875 2.58
2876 3.12
2877 2.71
2878 32.43
2879 0.00
2880 0.00
2881 0.00
2882 0.00
2883 0.00
2884 0.00
2885 0.00
2886 54.55
2887 0.00
2888 0.66
2889 2.35
2890 1.56
2891 1.86
2892 1.59
2893 1.46
2894 2.02
2895 2.68
2896 2.19
2897 1.89
2898 2.51
2899 2.17
2900 4.54
2901 7.82
2902 1.42
2903 4.37
2904 0.00
2905 0.00
2906 0.00
2907 0.00
2908 0.00
2909 0.00
2910 0.00
2911 0.00
2912 0.44
2913 1.97
2914 1.11
2915 1.85
2916 2.00
2917 1.60
2918 2.06
2919 1.54
2920 2.29
2921 3.63
2922 2.03
2923 1.97
2924 3.88
2925 6.63
2926 1.79
2927 8.93
2928 0.00
2929 0.00
2930 0.00
2931 0.00
2932 0.00
2933 9.70
2934 0.00
2935 5.41
2936 0.54
2937 2.51
2938 1.61
2939 1.50
2940 1.62
2941 1.56
2942 2.12
2943 2.54
2944 2.35
2945 2.05
2946 2.18
2947 2.59
2948 3.25
2949 6.44
2950 0.00
2951 1.17
2952 0.00
2953 0.00
2954 0.00
2955 0.00
2956 0.00
2957 0.00
2958 0.00
2959 0.00
2960 0.51
2961 2.76
2962 1.50
2963 1.73
2964 1.98
2965 2.01
2966 1.90
2967 2.64
2968 3.51
2969 2.35
2970 3.11
2971 1.32
2972 2.14
2973 2.49
2974 0.00
2975 0.00
2976 0.00
2977 0.14
2978 0.00
2979 0.00
2980 0.00
2981 0.00
2982 0.00
2983 0.00
2984 0.30
2985 5.69
2986 2.13
2987 2.66
2988 3.12
2989 3.05
2990 2.08
2991 1.66
2992 1.94
2993 3.50
2994 2.36
2995 1.90
2996 2.13
2997 4.89
2998 1.42
2999 1.12
3000 0.00
3001 0.00
3002 0.00
3003 0.00
3004 0.00
3005 0.00
3006 0.00
3007 0.00
3008 0.71
3009 1.12
3010 2.11
3011 1.67
3012 1.75
3013 1.44
3014 0.98
3015 2.70
3016 2.21
3017 3.93
3018 1.92
3019 6.67
3020 3.12
3021 0.00
3022 1.36
3023 0.00
3024 0.00
3025 0.00
3026 0.00
3027 0.00
3028 0.00
3029 0.00
3030 23.08
3031 0.00
3032 0.61
3033 2.69
3034 1.03
3035 1.65
3036 1.84
3037 1.92
3038 1.60
3039 2.32
3040 2.06
3041 2.30
3042 3.48
3043 2.17
3044 3.30
3045 5.75
3046 0.00
3047 0.00
3048 0.00
3049 0.00
3050 0.00
3051 0.00
3052 0.00
3053 0.00
3054 0.00
3055 12.00
3056 0.62
3057 2.08
3058 1.36
3059 1.55
3060 1.48
3061 1.43
3062 1.40
3063 1.91
3064 1.64
3065 2.27
3066 1.68
3067 1.94
3068 3.28
3069 6.68
3070 0.00
3071 0.00
3072 0.00
3073 0.00
3074 0.00
3075 0.00
3076 0.00
3077 0.00
3078 0.00
3079 4.24
3080 0.57
3081 2.83
3082 2.02
3083 1.62
3084 1.70
3085 1.84
3086 2.32
3087 2.41
3088 3.34
3089 2.38
3090 2.78
3091 2.17
3092 2.54
3093 4.70
3094 2.79
3095 3.46
3096 0.00
3097 0.00
3098 0.00
3099 0.00
3100 0.00
3101 0.00
3102 0.00
3103 5.95
3104 0.58
3105 2.55
3106 1.85
3107 1.52
3108 1.74
3109 1.86
3110 1.69
3111 1.91
3112 2.69
3113 2.41
3114 2.10
3115 2.46
3116 3.28
3117 7.47
3118 0.00
3119 0.00
3120 0.00
3121 0.00
3122 0.00
3123 0.00
3124 0.00
3125 0.00
3126 0.00
3127 0.00
3128 0.47
3129 1.93
3130 1.08
3131 1.56
3132 2.27
3133 1.74
3134 2.67
3135 1.87
3136 3.05
3137 2.41
3138 2.63
3139 2.38
3140 3.01
3141 5.84
3142 59.02
3143 0.00
3144 0.00
3145 0.00
3146 0.00
3147 0.00
3148 0.00
3149 0.00
3150 0.00
3151 0.00
3152 0.24
3153 3.06
3154 1.85
3155 2.02
3156 2.45
3157 1.86
3158 2.60
3159 3.40
3160 3.23
3161 2.74
3162 2.22
3163 1.24
3164 1.66
3165 3.15
3166 0.00
3167 1.97
3168 1.49
3169 2.77
3170 0.00
3171 0.00
3172 0.00
3173 0.00
3174 0.00
3175 0.00
3176 1.09
3177 1.72
3178 2.19
3179 1.97
3180 0.97
3181 1.21
3182 2.33
3183 1.45
3184 3.05
3185 2.45
3186 3.57
3187 3.27
3188 8.41
3189 1.91
3190 43.55
3191 1.02
3192 0.00
3193 0.00
3194 0.00
3195 0.00
3196 0.00
3197 0.00
3198 0.00
3199 54.55
3200 0.42
3201 2.11
3202 1.37
3203 1.44
3204 2.16
3205 1.50
3206 2.12
3207 2.03
3208 2.92
3209 2.45
3210 1.88
3211 1.22
3212 2.11
3213 5.99
3214 0.34
3215 0.00
3216 0.00
3217 0.25
3218 0.00
3219 0.00
3220 0.00
3221 0.00
3222 0.00
3223 0.00
3224 0.62
3225 2.61
3226 1.75
3227 1.27
3228 1.49
3229 1.68
3230 1.45
3231 2.14
3232 2.81
3233 2.58
3234 3.76
3235 2.11
3236 3.98
3237 7.28
3238 1.27
3239 1.18
3240 0.00
3241 0.00
3242 0.00
3243 0.00
3244 0.00
3245 0.00
3246 0.00
3247 0.00
3248 0.56
3249 3.13
3250 2.02
3251 1.85
3252 1.56
3253 1.77
3254 2.32
3255 2.69
3256 3.45
3257 2.37
3258 2.51
3259 1.93
3260 5.11
3261 6.90
3262 0.59
3263 50.70
3264 0.00
3265 0.00
3266 0.00
3267 0.00
3268 0.00
3269 0.00
3270 0.00
3271 0.00
3272 0.51
3273 2.11
3274 1.68
3275 1.51
3276 2.13
3277 1.72
3278 2.19
3279 2.40
3280 1.84
3281 3.04
3282 3.55
3283 2.47
3284 2.90
3285 5.49
3286 0.00
3287 1.68
3288 0.00
3289 0.00
3290 0.00
3291 0.00
3292 0.00
3293 0.00
3294 0.00
3295 6.20
3296 0.55
3297 1.90
3298 1.55
3299 1.17
3300 1.58
3301 1.88
3302 1.90
3303 1.71
3304 2.13
3305 2.24
3306 2.27
3307 1.63
3308 2.34
3309 4.16
3310 0.68
3311 1.05
3312 0.00
3313 0.00
3314 0.00
3315 0.00
3316 0.00
3317 0.00
3318 0.00
3319 0.00
3320 0.31
3321 2.22
3322 6.15
3323 3.06
3324 1.59
3325 3.03
3326 2.22
3327 1.67
3328 3.15
3329 2.66
3330 2.12
3331 1.22
3332 1.52
3333 5.37
3334 0.52
3335 0.00
3336 17.56
3337 0.00
3338 0.00
3339 0.00
3340 0.00
3341 0.00
3342 1.07
3343 0.00
3344 1.01
3345 1.31
3346 0.62
3347 1.54
3348 2.90
3349 1.95
3350 1.10
3351 2.51
3352 1.24
3353 1.64
3354 2.69
3355 6.65
3356 0.00
3357 0.00
3358 0.98
3359 0.00
3360 0.00
3361 0.00
3362 0.00
3363 0.00
3364 0.00
3365 12.81
3366 0.00
3367 0.00
3368 0.50
3369 3.76
3370 1.60
3371 1.90
3372 1.95
3373 2.24
3374 1.73
3375 1.86
3376 3.34
3377 2.28
3378 2.76
3379 2.31
3380 3.84
3381 4.45
3382 0.00
3383 0.00
3384 0.00
3385 0.00
3386 0.00
3387 0.00
3388 0.00
3389 0.00
3390 0.00
3391 0.00
3392 0.64
3393 2.11
3394 1.25
3395 1.62
3396 1.58
3397 1.59
3398 1.34
3399 2.13
3400 2.02
3401 3.06
3402 2.34
3403 2.34
3404 2.92
3405 4.63
3406 0.00
3407 0.00
3408 0.00
3409 0.00
3410 0.00
3411 0.00
3412 0.00
3413 0.00
3414 0.00
3415 0.00
3416 0.68
3417 2.70
3418 1.83
3419 1.32
3420 1.76
3421 1.86
3422 1.88
3423 2.03
3424 2.24
3425 2.09
3426 1.52
3427 1.30
3428 2.25
3429 5.87
3430 0.00
3431 5.83
3432 0.00
3433 0.00
3434 0.00
3435 0.00
3436 0.00
3437 1.24
3438 0.00
3439 0.00
3440 0.67
3441 1.93
3442 1.82
3443 1.52
3444 1.77
3445 1.70
3446 1.60
3447 1.75
3448 3.10
3449 3.17
3450 2.52
3451 2.52
3452 2.99
3453 5.73
3454 39.56
3455 0.00
3456 19.89
3457 0.00
3458 0.00
3459 0.00
3460 0.00
3461 0.00
3462 0.00
3463 0.00
3464 0.63
3465 2.09
3466 1.53
3467 1.95
3468 2.00
3469 1.94
3470 2.18
3471 3.16
3472 2.96
3473 3.54
3474 2.26
3475 1.35
3476 2.15
3477 2.77
3478 0.00
3479 2.29
3480 0.00
3481 0.00
3482 0.00
3483 0.00
3484 0.00
3485 0.00
3486 0.00
3487 0.00
3488 0.50
3489 3.67
3490 0.88
3491 2.24
3492 2.50
3493 1.83
3494 2.35
3495 3.45
3496 2.96
3497 1.52
3498 2.02
3499 1.63
3500 2.42
3501 5.20
3502 2.43
3503 4.25
3504 0.00
3505 0.00
3506 0.00
3507 0.00
3508 0.00
3509 0.00
3510 0.00
3511 0.00
3512 0.56
3513 1.42
3514 1.00
3515 1.05
3516 1.91
3517 1.14
3518 0.87
3519 1.79
3520 2.95
3521 4.91
3522 6.73
3523 4.99
3524 1.82
3525 4.33
3526 27.07
3527 2.85
3528 0.00
3529 0.00
3530 0.00
3531 0.00
3532 0.00
3533 0.00
3534 0.00
3535 0.00
3536 0.54
3537 2.97
3538 1.53
3539 2.06
3540 2.15
3541 2.02
3542 1.54
3543 2.38
3544 2.35
3545 3.36
3546 3.10
3547 3.16
3548 3.33
3549 3.59
3550 2.74
3551 0.00
3552 0.00
3553 0.00
3554 0.00
3555 0.00
3556 0.00
3557 0.00
3558 0.00
3559 0.00
3560 0.72
3561 1.72
3562 1.22
3563 1.74
3564 2.04
3565 1.69
3566 1.68
3567 1.51
3568 3.00
3569 3.41
3570 2.62
3571 2.40
3572 2.65
3573 7.12
3574 36.00
3575 0.00
3576 0.00
3577 0.00
3578 0.00
3579 0.00
3580 0.00
3581 0.00
3582 0.00
3583 0.00
3584 0.53
3585 1.76
3586 1.89
3587 1.29
3588 1.54
3589 1.75
3590 1.85
3591 1.99
3592 2.24
3593 2.35
3594 1.61
3595 2.27
3596 2.71
3597 4.65
3598 4.48
3599 0.00
3600 0.00
3601 0.00
3602 0.00
3603 0.00
3604 0.00
3605 0.00
3606 15.52
3607 0.00
3608 0.68
3609 3.58
3610 1.73
3611 1.73
3612 1.90
3613 1.83
3614 2.00
3615 2.37
3616 2.28
3617 2.43
3618 2.90
3619 2.41
3620 3.84
3621 5.46
3622 0.00
3623 1.27
3624 0.00
3625 0.00
3626 0.00
3627 0.00
3628 0.00
3629 0.00
3630 0.00
3631 0.00
3632 0.67
3633 2.06
3634 1.18
3635 2.19
3636 1.87
3637 1.58
3638 1.72
3639 3.01
3640 3.06
3641 2.89
3642 2.02
3643 1.43
3644 2.35
3645 3.27
3646 1.81
3647 2.45
3648 0.00
3649 0.00
3650 0.00
3651 0.00
3652 0.00
3653 0.00
3654 0.00
3655 0.00
3656 0.40
3657 3.60
3658 5.60
3659 2.47
3660 3.38
3661 2.21
3662 2.58
3663 2.56
3664 2.79
3665 3.39
3666 2.03
3667 1.86
3668 2.30
3669 3.93
3670 0.00
3671 0.00
3672 0.00
3673 0.00
3674 0.00
3675 0.00
3676 0.00
3677 0.00
3678 0.00
3679 0.00
3680 1.25
3681 5.66
3682 3.19
3683 2.41
3684 1.58
3685 1.91
3686 2.37
3687 1.50
3688 2.13
3689 5.18
3690 7.13
3691 5.52
3692 0.00
3693 0.00
3694 0.00
3695 0.00
3696 0.00
3697 0.00
3698 0.00
3699 0.00
3700 0.00
3701 0.00
3702 0.00
3703 0.00
3704 0.74
3705 2.08
3706 1.62
3707 1.76
3708 1.82
3709 2.17
3710 1.73
3711 1.60
3712 3.08
3713 2.70
3714 2.52
3715 2.94
3716 3.26
3717 8.98
3718 0.00
3719 0.00
3720 0.00
3721 0.00
3722 0.00
3723 0.00
3724 0.00
3725 0.00
3726 0.00
3727 0.00
3728 0.81
3729 1.57
3730 1.86
3731 1.39
3732 1.99
3733 1.80
3734 1.96
3735 2.27
3736 2.70
3737 3.16
3738 2.29
3739 2.77
3740 3.32
3741 4.35
3742 0.00
3743 0.00
3744 0.00
3745 0.00
3746 0.00
3747 0.00
3748 0.00
3749 0.00
3750 0.00
3751 0.00
3752 0.89
3753 3.21
3754 1.64
3755 1.90
3756 2.15
3757 1.90
3758 2.20
3759 2.27
3760 2.46
3761 2.67
3762 2.75
3763 2.25
3764 4.37
3765 5.74
3766 0.00
3767 2.45
3768 0.00
3769 0.00
3770 0.00
3771 15.19
3772 18.74
3773 26.77
3774 9.57
3775 20.86
3776 0.88
3777 2.53
3778 1.36
3779 1.64
3780 1.74
3781 1.92
3782 2.23
3783 1.93
3784 2.56
3785 2.11
3786 2.56
3787 1.97
3788 2.74
3789 5.94
3790 0.00
3791 1.15
3792 0.00
3793 0.06
3794 0.00
3795 0.00
3796 0.00
3797 0.00
3798 0.00
3799 0.00
3800 0.64
3801 3.20
3802 1.53
3803 1.67
3804 2.19
3805 1.47
3806 2.06
3807 2.61
3808 2.93
3809 3.56
3810 2.20
3811 1.28
3812 2.16
3813 4.10
3814 0.00
3815 4.53
3816 0.00
3817 0.00
3818 0.00
3819 0.00
3820 0.00
3821 0.00
3822 0.00
3823 0.00
3824 0.47
3825 5.63
3826 3.94
3827 2.70
3828 2.87
3829 3.11
3830 1.60
3831 1.83
3832 2.49
3833 1.84
3834 1.94
3835 1.56
3836 1.66
3837 3.66
3838 0.00
3839 0.00
3840 0.00
3841 0.00
3842 0.00
3843 0.00
3844 0.00
3845 0.00
3846 0.00
3847 0.00
3848 1.36
3849 2.11
3850 2.92
3851 0.97
3852 1.62
3853 1.77
3854 2.45
3855 1.68
3856 1.89
3857 3.66
3858 2.24
3859 6.75
3860 1.06
3861 0.65
3862 0.00
3863 2.92
3864 0.00
3865 0.00
3866 0.00
3867 0.00
3868 0.00
3869 0.00
3870 0.00
3871 0.00
3872 0.16
3873 0.31
3874 0.39
3875 0.75
3876 0.69
3877 1.45
3878 1.28
3879 1.91
3880 1.33
3881 1.60
3882 1.14
3883 2.29
3884 2.78
3885 3.31
3886 0.00
3887 0.00
3888 0.00
3889 0.00
3890 0.00
3891 0.00
3892 0.00
3893 0.00
3894 0.00
3895 0.00
3896 0.71
3897 1.94
3898 1.86
3899 1.52
3900 1.76
3901 1.66
3902 2.06
3903 1.75
3904 2.28
3905 3.31
3906 2.96
3907 1.85
3908 3.28
3909 7.53
3910 2.45
3911 1.38
3912 0.00
3913 0.00
3914 0.00
3915 0.00
3916 0.00
3917 0.00
3918 0.00
3919 0.00
3920 0.66
3921 3.29
3922 1.42
3923 1.86
3924 2.00
3925 1.84
3926 1.90
3927 2.45
3928 2.57
3929 3.36
3930 3.40
3931 2.78
3932 3.50
3933 4.80
3934 0.91
3935 0.00
3936 0.00
3937 0.00
3938 0.00
3939 0.00
3940 0.00
3941 0.00
3942 0.00
3943 0.00
3944 0.48
3945 2.96
3946 1.87
3947 1.96
3948 2.23
3949 1.88
3950 2.02
3951 2.65
3952 2.36
3953 3.30
3954 3.27
3955 2.90
3956 5.20
3957 6.47
3958 0.00
3959 0.00
3960 0.00
3961 0.00
3962 0.00
3963 0.00
3964 0.00
3965 0.00
3966 0.00
3967 0.00
3968 0.58
3969 3.32
3970 1.31
3971 1.54
3972 1.57
3973 1.60
3974 1.85
3975 2.50
3976 2.99
3977 2.17
3978 2.21
3979 2.53
3980 3.17
3981 5.21
3982 0.00
3983 2.51
3984 0.00
3985 0.00
3986 0.00
3987 0.00
3988 0.00
3989 0.00
3990 0.00
3991 0.00
3992 0.44
3993 2.95
3994 1.97
3995 2.93
3996 1.71
3997 2.24
3998 2.69
3999 2.88
4000 2.59
4001 2.34
4002 1.82
4003 1.75
4004 1.87
4005 6.39
4006 0.69
4007 26.28
4008 0.00
4009 0.00
4010 0.00
4011 0.00
4012 0.00
4013 0.00
4014 0.00
4015 0.00
4016 1.07
4017 2.22
4018 1.91
4019 2.46
4020 3.48
4021 3.26
4022 3.24
4023 4.13
4024 1.54
4025 1.51
4026 4.62
4027 1.37
4028 0.54
4029 0.00
4030 0.00
4031 0.00
4032 0.00
4033 0.00
4034 0.00
4035 0.00
4036 0.00
4037 0.00
4038 0.00
4039 0.00
4040 0.81
4041 2.47
4042 1.65
4043 1.28
4044 1.63
4045 1.94
4046 2.01
4047 2.29
4048 2.45
4049 2.97
4050 2.73
4051 2.61
4052 3.32
4053 4.68
4054 0.00
4055 0.00
4056 0.00
4057 0.00
4058 0.00
4059 0.00
4060 0.00
4061 0.00
4062 0.00
4063 0.00
4064 0.53
4065 2.20
4066 2.23
4067 1.62
4068 2.00
4069 1.73
4070 2.34
4071 2.54
4072 2.20
4073 2.32
4074 3.16
4075 2.62
4076 3.59
4077 5.09
4078 0.58
4079 0.00
4080 0.00
4081 0.00
4082 0.00
4083 0.00
4084 0.00
4085 0.00
4086 0.00
4087 0.00
4088 0.66
4089 1.92
4090 1.33
4091 1.69
4092 2.15
4093 1.74
4094 1.69
4095 2.45
4096 1.94
4097 2.56
4098 2.36
4099 3.08
4100 3.90
4101 6.04
4102 0.00
4103 0.00
4104 0.00
4105 0.00
4106 0.00
4107 0.00
4108 0.00
4109 0.00
4110 0.00
4111 0.00
4112 0.56
4113 1.82
4114 1.49
4115 1.51
4116 2.22
4117 1.76
4118 1.89
4119 2.16
4120 3.04
4121 2.17
4122 2.61
4123 2.84
4124 3.50
4125 6.46
4126 0.00
4127 2.07
4128 0.00
4129 0.00
4130 0.00
4131 0.00
4132 0.00
4133 0.00
4134 0.00
4135 0.00
4136 0.68
4137 2.73
4138 1.89
4139 1.50
4140 2.09
4141 2.09
4142 2.98
4143 2.29
4144 1.99
4145 3.47
4146 3.14
4147 2.18
4148 2.65
4149 5.28
4150 0.00
4151 2.02
4152 0.00
4153 0.00
4154 0.00
4155 0.00
4156 0.00
4157 0.00
4158 0.00
4159 0.00
4160 0.36
4161 1.57
4162 1.33
4163 1.93
4164 2.30
4165 2.58
4166 1.71
4167 3.15
4168 3.76
4169 3.65
4170 2.44
4171 2.13
4172 2.58
4173 4.06
4174 46.15
4175 5.00
4176 0.00
4177 0.00
4178 0.00
4179 0.00
4180 0.00
4181 0.00
4182 0.00
4183 0.00
4184 0.94
4185 1.09
4186 1.68
4187 1.29
4188 2.89
4189 3.33
4190 1.88
4191 7.83
4192 1.36
4193 1.61
4194 3.78
4195 1.63
4196 0.30
4197 0.00
4198 0.00
4199 0.00
4200 0.00
4201 0.00
4202 0.00
4203 0.00
4204 0.00
4205 0.00
4206 0.00
4207 0.00
4208 0.66
4209 3.47
4210 1.82
4211 1.96
4212 2.10
4213 2.51
4214 2.67
4215 2.74
4216 3.86
4217 3.44
4218 3.61
4219 2.84
4220 3.90
4221 5.84
4222 0.00
4223 8.65
4224 0.00
4225 0.00
4226 0.00
4227 0.00
4228 0.00
4229 0.00
4230 0.00
4231 0.00
4232 0.51
4233 3.21
4234 1.57
4235 1.51
4236 1.84
4237 1.59
4238 2.05
4239 2.27
4240 3.67
4241 3.99
4242 3.51
4243 2.99
4244 4.53
4245 6.21
4246 0.00
4247 0.00
4248 0.00
4249 0.00
4250 0.00
4251 0.00
4252 0.00
4253 0.00
4254 2.71
4255 0.00
4256 0.79
4257 2.59
4258 1.21
4259 1.51
4260 2.19
4261 2.28
4262 1.85
4263 2.33
4264 2.92
4265 2.40
4266 1.85
4267 1.87
4268 2.24
4269 10.88
4270 41.38
4271 0.00
4272 0.00
4273 0.00
4274 0.00
4275 0.00
4276 0.00
4277 0.00
4278 0.00
4279 14.75
4280 0.64
4281 3.01
4282 1.62
4283 1.52
4284 2.34
4285 1.95
4286 2.13
4287 2.16
4288 1.88
4289 2.22
4290 1.79
4291 2.69
4292 5.51
4293 3.57
4294 0.00
4295 3.52
4296 0.00
4297 0.00
4298 0.00
4299 0.00
4300 0.00
4301 0.00
4302 0.00
4303 16.90
4304 0.67
4305 3.63
4306 1.89
4307 1.93
4308 1.92
4309 1.60
4310 2.20
4311 2.19
4312 4.37
4313 3.27
4314 2.47
4315 1.88
4316 3.40
4317 7.11
4318 0.00
4319 1.53
4320 29.51
4321 0.00
4322 0.00
4323 0.00
4324 0.00
4325 0.00
4326 2.15
4327 0.00
4328 0.48
4329 4.62
4330 1.66
4331 1.80
4332 2.27
4333 2.35
4334 2.40
4335 2.41
4336 3.59
4337 3.15
4338 2.29
4339 1.14
4340 1.64
4341 3.15
4342 0.00
4343 0.00
4344 0.00
4345 0.00
4346 0.00
4347 0.00
4348 0.00
4349 0.00
4350 0.00
4351 0.00
4352 1.71
4353 10.58
4354 11.09
4355 2.28
4356 4.89
4357 1.74
4358 2.31
4359 1.49
4360 1.31
4361 0.85
4362 2.58
4363 8.45
4364 16.51
4365 0.00
4366 0.00
4367 3.75
4368 0.00
4369 0.00
4370 0.00
4371 0.00
4372 0.00
4373 0.00
4374 0.00
4375 0.00
4376 0.79
4377 4.29
4378 1.54
4379 1.87
4380 2.19
4381 1.88
4382 2.29
4383 1.91
4384 3.20
4385 3.55
4386 2.58
4387 2.70
4388 3.39
4389 6.97
4390 0.00
4391 0.00
4392 0.00
4393 0.00
4394 0.00
4395 0.00
4396 0.00
4397 0.00
4398 0.00
4399 0.00
4400 0.73
4401 3.26
4402 1.93
4403 1.95
4404 2.16
4405 1.84
4406 2.16
4407 2.52
4408 3.47
4409 3.59
4410 2.17
4411 2.10
4412 2.22
4413 6.67
4414 0.50
4415 2.47
4416 0.00
4417 0.00
4418 0.00
4419 0.00
4420 0.00
4421 0.00
4422 3.40
4423 9.68
4424 0.60
4425 3.81
4426 1.51
4427 1.71
4428 1.70
4429 1.51
4430 1.56
4431 1.75
4432 2.54
4433 2.65
4434 2.22
4435 2.17
4436 2.94
4437 4.59
4438 5.49
4439 0.00
4440 0.00
4441 0.00
4442 0.00
4443 0.00
4444 0.00
4445 0.00
4446 0.00
4447 0.29
4448 0.46
4449 3.48
4450 1.98
4451 2.00
4452 1.80
4453 2.20
4454 1.71
4455 1.95
4456 3.35
4457 3.71
4458 2.74
4459 2.03
4460 3.95
4461 4.86
4462 1.44
4463 0.00
4464 0.00
4465 0.00
4466 0.00
4467 0.00
4468 0.00
4469 0.00
4470 4.09
4471 0.00
4472 0.55
4473 3.48
4474 1.94
4475 3.32
4476 2.60
4477 2.05
4478 1.91
4479 2.98
4480 2.78
4481 3.88
4482 2.37
4483 2.49
4484 2.90
4485 7.55
4486 0.00
4487 45.57
4488 0.00
4489 0.00
4490 0.00
4491 0.00
4492 0.00
4493 0.00
4494 0.00
4495 0.00
4496 0.42
4497 3.20
4498 1.80
4499 2.37
4500 3.06
4501 1.83
4502 3.24
4503 2.94
4504 2.95
4505 1.89
4506 2.33
4507 1.19
4508 1.91
4509 2.25
4510 0.67
4511 0.00
4512 0.00
4513 0.00
4514 0.00
4515 0.00
4516 0.00
4517 0.00
4518 0.00
4519 0.00
4520 0.41
4521 1.33
4522 1.07
4523 2.30
4524 1.16
4525 1.07
4526 1.19
4527 1.04
4528 1.65
4529 1.13
4530 1.78
4531 1.46
4532 0.00
4533 0.75
4534 1.13
4535 0.00
4536 0.00
4537 0.00
4538 0.00
4539 0.00
4540 0.00
4541 0.00
4542 0.00
4543 0.00
4544 0.48
4545 2.45
4546 2.00
4547 2.05
4548 1.79
4549 2.02
4550 1.67
4551 2.40
4552 2.98
4553 2.61
4554 2.71
4555 3.63
4556 2.67
4557 7.25
4558 0.53
4559 0.00
4560 0.00
4561 0.00
4562 0.00
4563 0.00
4564 0.00
4565 0.00
4566 0.00
4567 0.00
4568 0.68
4569 3.47
4570 1.07
4571 1.87
4572 2.04
4573 2.13
4574 2.13
4575 1.66
4576 3.32
4577 4.07
4578 3.28
4579 2.33
4580 3.89
4581 4.15
4582 0.00
4583 0.00
4584 0.00
4585 0.00
4586 0.00
4587 0.00
4588 0.00
4589 0.00
4590 0.00
4591 0.00
4592 0.62
4593 3.94
4594 2.05
4595 1.89
4596 2.25
4597 2.16
4598 2.03
4599 2.35
4600 2.72
4601 3.88
4602 2.82
4603 1.98
4604 2.84
4605 6.18
4606 29.75
4607 0.00
4608 0.00
4609 0.00
4610 0.00
4611 0.00
4612 0.00
4613 0.00
4614 2.22
4615 19.25
4616 0.68
4617 2.91
4618 1.53
4619 1.71
4620 2.15
4621 2.31
4622 1.76
4623 2.12
4624 2.68
4625 2.63
4626 3.18
4627 2.47
4628 3.71
4629 8.73
4630 0.00
4631 0.00
4632 0.00
4633 0.00
4634 0.00
4635 0.00
4636 0.00
4637 0.00
4638 0.00
4639 0.00
4640 0.67
4641 2.21
4642 1.81
4643 1.92
4644 2.35
4645 1.81
4646 1.95
4647 1.69
4648 3.13
4649 2.49
4650 1.92
4651 1.31
4652 1.69
4653 3.30
4654 3.80
4655 2.58
4656 0.00
4657 2.96
4658 0.00
4659 45.57
4660 0.00
4661 0.00
4662 0.00
4663 0.00
4664 0.50
4665 8.39
4666 2.45
4667 3.43
4668 2.64
4669 2.25
4670 2.89
4671 2.98
4672 2.96
4673 3.41
4674 1.99
4675 2.10
4676 2.71
4677 3.67
4678 0.93
4679 0.00
4680 1.29
4681 5.75
4682 0.00
4683 0.00
4684 0.00
4685 0.00
4686 0.00
4687 0.00
4688 0.57
4689 0.93
4690 2.29
4691 1.62
4692 0.66
4693 1.21
4694 1.36
4695 1.18
4696 1.89
4697 3.01
4698 2.50
4699 4.70
4700 0.00
4701 0.00
4702 0.93
4703 0.00
4704 0.00
4705 0.10
4706 0.00
4707 0.00
4708 0.00
4709 0.00
4710 0.00
4711 0.00
4712 0.71
4713 2.79
4714 1.73
4715 2.03
4716 1.75
4717 1.84
4718 1.56
4719 2.17
4720 3.01
4721 2.67
4722 2.55
4723 2.29
4724 3.66
4725 6.10
4726 0.98
4727 0.00
4728 0.00
4729 0.00
4730 0.00
4731 0.00
4732 0.00
4733 0.00
4734 2.80
4735 0.00
4736 0.64
4737 1.94
4738 2.14
4739 1.79
4740 2.50
4741 1.63
4742 2.24
4743 2.73
4744 3.33
4745 3.46
4746 2.12
4747 2.71
4748 4.05
4749 5.11
4750 0.74
4751 0.00
4752 0.00
4753 0.00
4754 0.00
4755 0.00
4756 0.00
4757 0.00
4758 0.00
4759 11.54
4760 0.72
4761 2.86
4762 1.26
4763 2.31
4764 1.88
4765 1.67
4766 2.17
4767 2.80
4768 2.23
4769 2.24
4770 1.30
4771 2.57
4772 3.43
4773 6.27
4774 3.50
4775 1.48
4776 0.00
4777 0.00
4778 0.00
4779 0.00
4780 0.00
4781 0.00
4782 0.00
4783 22.78
4784 0.81
4785 3.42
4786 2.08
4787 2.02
4788 2.36
4789 1.82
4790 2.14
4791 1.93
4792 2.70
4793 2.91
4794 3.15
4795 2.24
4796 4.02
4797 8.08
4798 13.93
4799 0.00
4800 0.00
4801 0.23
4802 0.00
4803 0.00
4804 0.00
4805 0.00
4806 0.00
4807 15.06
4808 0.61
4809 3.10
4810 1.39
4811 1.89
4812 2.22
4813 1.83
4814 2.12
4815 3.17
4816 2.78
4817 1.70
4818 2.20
4819 1.24
4820 1.70
4821 2.25
4822 0.00
4823 7.79
4824 0.00
4825 0.00
4826 0.00
4827 0.00
4828 0.00
4829 0.00
4830 0.00
4831 0.00
4832 0.40
4833 3.00
4834 1.99
4835 1.77
4836 1.91
4837 1.76
4838 2.89
4839 2.94
4840 3.52
4841 3.24
4842 1.97
4843 1.39
4844 1.68
4845 3.00
4846 1.26
4847 12.37
4848 0.00
4849 0.00
4850 0.00
4851 6.84
4852 0.00
4853 0.00
4854 0.00
4855 3.32
4856 0.53
4857 1.33
4858 1.45
4859 2.12
4860 2.49
4861 2.25
4862 1.43
4863 1.40
4864 1.49
4865 2.01
4866 6.22
4867 6.96
4868 5.96
4869 0.00
4870 0.64
4871 6.13
4872 0.00
4873 0.00
4874 0.00
4875 0.00
4876 0.00
4877 0.00
4878 0.00
4879 0.00
4880 0.83
4881 3.18
4882 1.65
4883 1.84
4884 2.30
4885 2.05
4886 2.02
4887 2.01
4888 2.51
4889 1.72
4890 1.72
4891 2.63
4892 3.47
4893 5.68
4894 0.79
4895 0.00
4896 0.00
4897 0.00
4898 0.00
4899 0.00
4900 0.00
4901 0.00
4902 0.00
4903 0.00
4904 0.64
4905 1.74
4906 1.43
4907 1.67
4908 2.15
4909 1.53
4910 1.97
4911 1.61
4912 1.94
4913 2.46
4914 3.47
4915 2.32
4916 5.05
4917 7.85
4918 0.72
4919 14.17
4920 0.00
4921 0.00
4922 0.00
4923 0.00
4924 0.00
4925 0.00
4926 0.00
4927 0.00
4928 0.74
4929 2.14
4930 1.76
4931 2.08
4932 2.19
4933 1.36
4934 1.88
4935 2.12
4936 3.43
4937 2.54
4938 2.53
4939 2.06
4940 3.80
4941 4.47
4942 0.00
4943 0.00
4944 0.00
4945 0.00
4946 0.00
4947 0.00
4948 0.00
4949 0.00
4950 32.73
4951 0.00
4952 0.69
4953 2.90
4954 1.76
4955 2.02
4956 2.02
4957 2.08
4958 1.71
4959 1.96
4960 2.48
4961 2.83
4962 3.04
4963 3.08
4964 2.39
4965 8.81
4966 1.55
4967 0.00
4968 0.00
4969 0.00
4970 0.00
4971 0.00
4972 0.00
4973 0.00
4974 0.00
4975 0.00
4976 0.72
4977 2.79
4978 1.71
4979 1.81
4980 1.98
4981 1.87
4982 2.07
4983 2.46
4984 2.55
4985 3.85
4986 1.77
4987 1.27
4988 1.64
4989 2.88
4990 12.08
4991 3.95
4992 6.44
4993 0.00
4994 0.00
4995 0.00
4996 0.00
4997 0.00
4998 0.00
4999 0.00
5000 0.45
5001 3.27
5002 1.56
5003 2.15
5004 2.12
5005 1.92
5006 2.22
5007 1.85
5008 1.79
5009 2.31
5010 3.28
5011 1.90
5012 3.02
5013 6.15
5014 2.15
5015 1.05
5016 0.00
5017 0.00
5018 0.00
5019 0.00
5020 0.00
5021 0.00
5022 0.00
5023 0.00
5024 0.25
5025 2.34
5026 0.86
5027 1.24
5028 1.16
5029 0.84
5030 0.90
5031 1.09
5032 0.95
5033 1.59
5034 3.73
5035 0.79
5036 0.00
5037 0.00
5038 0.94
5039 0.00
5040 0.00
5041 0.00
5042 0.00
5043 0.00
5044 0.00
5045 0.00
5046 0.00
5047 0.00
5048 0.66
5049 2.13
5050 1.50
5051 1.80
5052 1.70
5053 1.51
5054 1.73
5055 1.75
5056 2.37
5057 2.56
5058 2.96
5059 2.62
5060 2.71
5061 3.28
5062 5.31
5063 0.00
5064 0.00
5065 0.00
5066 0.00
5067 0.00
5068 0.00
5069 0.00
5070 0.00
5071 14.40
5072 0.45
5073 2.40
5074 1.48
5075 1.74
5076 1.68
5077 1.84
5078 1.83
5079 1.83
5080 2.84
5081 2.28
5082 3.26
5083 3.25
5084 3.38
5085 3.67
5086 4.26
5087 0.00
5088 0.00
5089 0.00
5090 0.00
5091 0.00
5092 0.00
5093 0.00
5094 0.00
5095 0.00
5096 0.59
5097 1.63
5098 1.53
5099 1.82
5100 1.57
5101 1.65
5102 1.75
5103 1.86
5104 2.81
5105 2.59
5106 2.29
5107 2.04
5108 3.08
5109 5.24
5110 5.35
5111 7.01
5112 0.00
5113 0.00
5114 0.00
5115 0.00
5116 0.00
5117 0.00
5118 0.00
5119 0.00
5120 0.60
5121 1.47
5122 1.75
5123 1.99
5124 2.37
5125 1.79
5126 1.69
5127 2.20
5128 2.62
5129 2.67
5130 2.43
5131 2.21
5132 3.10
5133 3.26
5134 0.00
5135 0.00
5136 0.00
5137 0.00
5138 0.00
5139 0.00
5140 0.00
5141 0.00
5142 0.00
5143 0.00
5144 0.65
5145 2.05
5146 1.61
5147 1.94
5148 1.38
5149 1.74
5150 1.77
5151 2.60
5152 2.89
5153 2.85
5154 2.43
5155 1.58
5156 3.28
5157 5.40
5158 1.52
5159 4.26
5160 0.00
5161 2.75
5162 0.00
5163 0.00
5164 0.00
5165 0.00
5166 0.00
5167 0.00
5168 0.48
5169 1.52
5170 1.99
5171 3.87
5172 3.37
5173 1.94
5174 2.26
5175 1.94
5176 2.30
5177 2.75
5178 2.19
5179 1.88
5180 2.45
5181 8.00
5182 1.73
5183 10.43
5184 37.50
5185 58.06
5186 0.00
5187 0.00
5188 0.00
5189 0.00
5190 0.00
5191 0.00
5192 0.71
5193 0.73
5194 0.73
5195 0.88
5196 0.80
5197 1.16
5198 1.01
5199 1.25
5200 1.51
5201 2.18
5202 2.62
5203 2.57
5204 1.19
5205 0.00
5206 0.74
5207 0.00
5208 0.00
5209 0.00
5210 0.00
5211 0.00
5212 0.00
5213 0.00
5214 0.00
5215 0.00
5216 0.68
5217 2.35
5218 1.50
5219 1.54
5220 1.87
5221 1.74
5222 1.61
5223 1.52
5224 3.52
5225 2.08
5226 2.59
5227 2.82
5228 4.13
5229 5.39
5230 0.00
5231 2.86
5232 0.00
5233 0.00
5234 0.00
5235 0.00
5236 0.00
5237 0.00
5238 0.00
5239 0.39
5240 0.58
5241 2.41
5242 1.26
5243 1.63
5244 1.82
5245 1.64
5246 1.64
5247 1.75
5248 2.30
5249 3.72
5250 2.95
5251 2.36
5252 4.19
5253 5.23
5254 1.29
5255 0.00
5256 0.00
5257 0.00
5258 0.00
5259 0.00
5260 0.00
5261 0.00
5262 0.00
5263 5.58
5264 0.59
5265 2.53
5266 1.31
5267 1.52
5268 1.67
5269 1.79
5270 1.81
5271 1.80
5272 2.15
5273 2.53
5274 1.77
5275 2.30
5276 2.83
5277 10.34
5278 1.22
5279 43.37
5280 0.00
5281 0.00
5282 0.00
5283 0.00
5284 0.00
5285 0.00
5286 0.00
5287 0.00
5288 0.55
5289 2.60
5290 1.31
5291 1.69
5292 1.66
5293 1.80
5294 1.94
5295 2.13
5296 2.31
5297 2.55
5298 2.00
5299 2.02
5300 2.55
5301 6.94
5302 0.66
5303 0.00
5304 0.00
5305 0.00
5306 0.00
5307 0.00
5308 0.00
5309 0.00
5310 0.00
5311 0.00
5312 0.46
5313 2.38
5314 1.48
5315 1.59
5316 1.77
5317 1.65
5318 1.75
5319 2.31
5320 2.69
5321 2.59
5322 2.83
5323 1.87
5324 2.58
5325 6.54
5326 0.00
5327 48.00
5328 0.00
5329 0.00
5330 0.00
5331 0.00
5332 0.00
5333 0.00
5334 0.00
5335 0.00
5336 0.36
5337 1.21
5338 0.81
5339 2.54
5340 3.22
5341 2.45
5342 2.13
5343 2.84
5344 3.38
5345 2.50
5346 2.47
5347 1.43
5348 1.46
5349 5.44
5350 0.00
5351 0.00
5352 0.00
5353 0.00
5354 0.00
5355 6.46
5356 0.00
5357 0.00
5358 0.00
5359 0.00
5360 0.29
5361 5.41
5362 1.46
5363 2.03
5364 1.13
5365 1.50
5366 1.10
5367 0.94
5368 1.66
5369 1.20
5370 2.13
5371 2.64
5372 0.00
5373 0.00
5374 0.00
5375 0.00
5376 0.00
5377 0.00
5378 0.00
5379 0.00
5380 0.00
5381 0.00
5382 0.00
5383 9.47
5384 0.55
5385 2.18
5386 1.22
5387 1.93
5388 1.80
5389 1.58
5390 1.96
5391 2.44
5392 2.60
5393 4.02
5394 3.05
5395 3.12
5396 4.11
5397 10.77
5398 0.00
5399 0.00
5400 0.00
5401 0.00
5402 0.00
5403 0.00
5404 0.00
5405 0.00
5406 0.00
5407 0.00
5408 0.53
5409 2.37
5410 1.79
5411 1.80
5412 1.90
5413 2.26
5414 1.83
5415 1.81
5416 2.50
5417 2.54
5418 3.89
5419 2.37
5420 3.85
5421 5.31
5422 0.00
5423 0.00
5424 0.00
5425 0.00
5426 0.00
5427 0.00
5428 0.00
5429 0.00
5430 0.00
5431 0.00
5432 0.50
5433 1.48
5434 1.54
5435 1.77
5436 1.67
5437 1.88
5438 1.73
5439 1.50
5440 2.28
5441 1.97
5442 2.15
5443 1.74
5444 2.82
5445 6.21
5446 16.74
5447 0.00
5448 0.00
5449 0.00
5450 0.00
5451 0.00
5452 0.00
5453 0.00
5454 0.00
5455 0.00
5456 0.48
5457 2.72
5458 1.12
5459 1.31
5460 1.71
5461 2.26
5462 2.08
5463 2.48
5464 2.47
5465 2.50
5466 1.61
5467 1.97
5468 2.76
5469 5.77
5470 8.55
5471 0.00
5472 0.00
5473 0.00
5474 0.00
5475 0.00
5476 0.00
5477 0.00
5478 0.00
5479 9.00
5480 0.58
5481 1.94
5482 1.36
5483 1.66
5484 1.98
5485 1.50
5486 2.16
5487 1.65
5488 2.51
5489 2.82
5490 2.83
5491 1.32
5492 1.48
5493 4.03
5494 9.57
5495 2.66
5496 0.00
5497 4.51
5498 0.00
5499 0.00
5500 0.00
5501 0.00
5502 0.00
5503 0.00
5504 0.41
5505 1.20
5506 1.54
5507 1.74
5508 1.92
5509 1.90
5510 1.55
5511 2.13
5512 2.33
5513 2.17
5514 2.64
5515 1.23
5516 1.32
5517 2.21
5518 0.00
5519 0.00
5520 0.00
5521 0.00
5522 0.00
5523 0.00
5524 0.00
5525 0.00
5526 0.00
5527 0.00
5528 0.60
5529 1.52
5530 3.80
5531 0.81
5532 1.19
5533 2.17
5534 1.96
5535 1.41
5536 1.74
5537 3.36
5538 3.01
5539 15.94
5540 48.65
5541 24.74
5542 0.00
5543 0.00
5544 0.00
5545 0.00
5546 0.00
5547 0.00
5548 0.00
5549 0.00
5550 0.00
5551 0.00
5552 0.76
5553 2.05
5554 1.52
5555 1.65
5556 1.80
5557 1.73
5558 2.13
5559 1.61
5560 2.28
5561 3.04
5562 1.86
5563 1.90
5564 4.11
5565 10.64
5566 0.00
5567 0.00
5568 0.00
5569 0.00
5570 0.00
5571 0.00
5572 0.00
5573 0.00
5574 0.00
5575 0.00
5576 0.73
5577 1.62
5578 1.23
5579 1.29
5580 1.76
5581 1.52
5582 1.64
5583 2.28
5584 2.78
5585 2.33
5586 2.29
5587 2.11
5588 2.54
5589 7.05
5590 48.00
5591 4.07
5592 0.00
5593 0.00
5594 0.00
5595 0.00
5596 0.00
5597 0.00
5598 0.00
5599 0.00
5600 0.55
5601 1.86
5602 1.45
5603 1.98
5604 1.54
5605 1.36
5606 1.81
5607 1.77
5608 1.98
5609 2.52
5610 2.08
5611 1.77
5612 2.91
5613 8.84
5614 3.52
5615 0.00
5616 0.00
5617 0.00
5618 0.00
5619 0.00
5620 0.00
5621 0.00
5622 0.00
5623 0.00
5624 0.68
5625 1.44
5626 1.45
5627 1.44
5628 2.50
5629 2.02
5630 1.31
5631 1.84
5632 2.42
5633 2.39
5634 2.34
5635 2.16
5636 3.16
5637 5.66
5638 0.00
5639 0.00
5640 0.00
5641 0.00
5642 0.00
5643 0.00
5644 22.22
5645 0.00
5646 0.00
5647 0.00
5648 0.83
5649 2.84
5650 1.38
5651 1.65
5652 2.16
5653 1.63
5654 1.91
5655 2.16
5656 3.06
5657 3.64
5658 2.73
5659 2.24
5660 2.56
5661 6.54
5662 10.40
5663 3.60
5664 0.00
5665 0.00
5666 0.00
5667 0.00
5668 0.00
5669 0.00
5670 0.00
5671 0.00
5672 0.35
5673 1.79
5674 1.76
5675 2.35
5676 1.78
5677 2.05
5678 1.55
5679 1.88
5680 2.02
5681 2.51
5682 2.83
5683 1.79
5684 2.20
5685 7.62
5686 0.81
5687 0.00
5688 0.00
5689 0.00
5690 48.65
5691 0.00
5692 0.00
5693 0.00
5694 0.00
5695 0.00
5696 0.34
5697 6.02
5698 1.50
5699 2.42
5700 1.69
5701 2.43
5702 1.32
5703 1.79
5704 1.21
5705 1.10
5706 1.61
5707 4.62
5708 40.91
5709 1.86
5710 2.57
5711 1.96
5712 0.00
5713 0.00
5714 0.00
5715 0.00
5716 0.00
5717 0.00
5718 0.00
5719 9.35
5720 0.62
5721 2.93
5722 1.68
5723 1.84
5724 2.06
5725 1.66
5726 1.56
5727 1.77
5728 2.76
5729 2.12
5730 2.14
5731 2.72
5732 4.08
5733 7.86
5734 2.35
5735 0.00
5736 0.00
5737 0.00
5738 0.00
5739 0.00
5740 0.00
5741 0.00
5742 0.00
5743 0.00
5744 0.54
5745 2.33
5746 1.67
5747 1.39
5748 1.68
5749 1.56
5750 1.72
5751 2.04
5752 3.47
5753 1.99
5754 2.48
5755 1.53
5756 2.06
5757 5.49
5758 0.00
5759 0.00
5760 0.00
5761 0.00
5762 0.00
5763 0.00
5764 0.00
5765 1.70
5766 0.00
5767 13.48
5768 0.54
5769 1.71
5770 2.29
5771 1.41
5772 1.80
5773 1.67
5774 1.48
5775 1.94
5776 2.47
5777 1.96
5778 2.65
5779 1.69
5780 2.96
5781 6.85
5782 0.00
5783 0.00
5784 0.00
5785 0.00
5786 0.00
5787 0.00
5788 0.00
5789 0.00
5790 5.03
5791 0.00
5792 0.77
5793 2.58
5794 1.26
5795 1.47
5796 1.86
5797 1.82
5798 1.67
5799 2.09
5800 2.25
5801 2.49
5802 1.78
5803 1.36
5804 3.00
5805 6.57
5806 1.74
5807 0.00
5808 0.00
5809 0.00
5810 0.00
5811 0.00
5812 0.00
5813 0.00
5814 0.00
5815 5.41
5816 1.11
5817 2.55
5818 1.87
5819 1.77
5820 1.88
5821 1.70
5822 1.47
5823 2.41
5824 3.06
5825 3.04
5826 3.17
5827 2.28
5828 3.05
5829 4.49
5830 0.00
5831 5.23
5832 0.00
5833 0.00
5834 0.00
5835 0.00
5836 0.00
5837 0.00
5838 0.00
5839 0.00
5840 0.51
5841 2.22
5842 1.42
5843 3.16
5844 2.56
5845 2.19
5846 1.82
5847 2.55
5848 4.71
5849 2.11
5850 2.10
5851 2.61
5852 2.13
5853 4.45
5854 5.33
5855 1.30
5856 0.00
5857 0.00
5858 0.00
5859 0.00
5860 0.00
5861 0.00
5862 0.00
5863 0.00
5864 0.29
5865 4.78
5866 1.84
5867 2.17
5868 0.99
5869 0.73
5870 0.82
5871 1.48
5872 1.38
5873 3.30
5874 2.16
5875 10.53
5876 0.00
5877 0.00
5878 1.05
5879 56.25
5880 0.00
5881 0.00
5882 0.00
5883 0.00
5884 0.00
5885 0.00
5886 22.93
5887 22.50
5888 0.69
5889 1.54
5890 1.59
5891 1.38
5892 1.73
5893 1.73
5894 1.52
5895 2.14
5896 3.28
5897 2.46
5898 2.16
5899 2.35
5900 2.91
5901 4.38
5902 0.00
5903 0.00
5904 0.00
5905 0.00
5906 0.00
5907 0.00
5908 0.00
5909 0.00
5910 0.00
5911 12.37
5912 0.84
5913 1.45
5914 0.99
5915 1.79
5916 1.83
5917 1.67
5918 1.57
5919 1.82
5920 2.07
5921 2.88
5922 2.11
5923 2.84
5924 3.93
5925 8.45
5926 0.00
5927 0.00
5928 0.00
5929 0.00
5930 0.00
5931 0.00
5932 0.00
5933 0.00
5934 0.00
5935 0.00
5936 0.73
5937 2.50
5938 2.04
5939 1.58
5940 2.06
5941 2.12
5942 1.75
5943 1.67
5944 2.39
5945 2.14
5946 1.66
5947 1.55
5948 2.35
5949 6.02
5950 2.92
5951 0.00
5952 0.00
5953 0.00
5954 0.00
5955 0.00
5956 0.00
5957 0.00
5958 0.00
5959 0.00
5960 0.73
5961 2.33
5962 1.33
5963 1.46
5964 1.93
5965 1.37
5966 1.49
5967 1.65
5968 2.32
5969 2.97
5970 1.59
5971 1.82
5972 3.27
5973 6.42
5974 3.27
5975 0.00
5976 0.00
5977 0.00
5978 0.00
5979 0.00
5980 0.00
5981 0.00
5982 0.00
5983 0.00
5984 0.74
5985 1.92
5986 1.31
5987 1.98
5988 2.53
5989 1.78
5990 1.91
5991 2.09
5992 2.67
5993 1.89
5994 3.79
5995 1.67
5996 3.29
5997 8.74
5998 0.00
5999 7.36
6000 0.00
6001 0.00
6002 0.00
6003 0.00
6004 0.00
6005 0.00
6006 0.00
6007 0.00
6008 0.40
6009 2.57
6010 3.84
6011 2.62
6012 1.67
6013 2.00
6014 2.45
6015 2.67
6016 2.66
6017 1.88
6018 1.82
6019 1.53
6020 2.37
6021 7.63
6022 0.64
6023 0.00
6024 0.00
6025 23.23
6026 0.00
6027 0.00
6028 0.00
6029 0.00
6030 0.00
6031 0.00
6032 1.02
6033 0.62
6034 0.68
6035 1.42
6036 1.28
6037 0.92
6038 1.50
6039 3.37
6040 1.09
6041 1.90
6042 2.87
6043 7.85
6044 0.48
6045 0.00
6046 17.10
6047 0.00
6048 0.00
6049 0.00
6050 0.00
6051 0.00
6052 0.00
6053 0.00
6054 0.00
6055 3.69
6056 0.79
6057 2.93
6058 1.65
6059 1.89
6060 1.65
6061 2.25
6062 1.95
6063 2.49
6064 2.05
6065 2.15
6066 3.12
6067 2.12
6068 3.21
6069 6.18
6070 13.19
6071 0.00
6072 0.00
6073 0.00
6074 0.00
6075 0.00
6076 0.00
6077 0.00
6078 0.00
6079 8.28
6080 0.66
6081 2.06
6082 1.21
6083 1.55
6084 1.66
6085 1.63
6086 2.52
6087 2.38
6088 2.98
6089 2.91
6090 1.80
6091 2.20
6092 2.83
6093 5.05
6094 0.00
6095 0.00
6096 0.00
6097 0.00
6098 0.00
6099 0.00
6100 0.00
6101 0.00
6102 0.00
6103 0.00
6104 0.63
6105 2.71
6106 1.50
6107 1.41
6108 1.47
6109 1.66
6110 1.95
6111 2.34
6112 2.41
6113 2.24
6114 1.37
6115 1.81
6116 3.12
6117 7.35
6118 0.00
6119 0.00
6120 0.00
6121 0.00
6122 0.00
6123 0.00
6124 0.00
6125 0.00
6126 0.00
6127 9.05
6128 0.71
6129 2.35
6130 1.71
6131 1.79
6132 1.92
6133 1.70
6134 2.07
6135 1.95
6136 2.62
6137 2.77
6138 2.30
6139 2.14
6140 2.62
6141 6.06
6142 0.00
6143 0.00
6144 0.00
6145 0.00
6146 0.00
6147 0.00
6148 0.00
6149 0.00
6150 9.42
6151 8.98
6152 0.74
6153 2.01
6154 1.72
6155 1.93
6156 1.81
6157 1.95
6158 1.94
6159 1.91
6160 2.58
6161 2.33
6162 1.91
6163 1.68
6164 2.36
6165 5.33
6166 11.37
6167 0.00
6168 0.00
6169 0.00
6170 0.00
6171 0.00
6172 0.00
6173 0.00
6174 0.00
6175 37.50
6176 0.45
6177 2.71
6178 1.56
6179 1.58
6180 3.81
6181 2.79
6182 2.82
6183 3.29
6184 3.31
6185 2.71
6186 2.00
6187 1.31
6188 2.01
6189 6.35
6190 1.35
6191 2.18
6192 0.00
6193 0.00
6194 0.00
6195 0.00
6196 0.00
6197 0.00
6198 0.00
6199 0.00
6200 0.50
6201 2.07
6202 1.65
6203 0.68
6204 8.92
6205 2.54
6206 0.80
6207 1.22
6208 4.14
6209 0.77
6210 1.99
6211 8.75
6212 0.00
6213 0.00
6214 4.97
6215 0.00
6216 0.00
6217 0.00
6218 0.00
6219 0.00
6220 0.00
6221 0.00
6222 0.00
6223 0.00
6224 0.79
6225 2.93
6226 1.67
6227 1.76
6228 1.99
6229 1.67
6230 2.05
6231 2.11
6232 3.59
6233 2.85
6234 1.86
6235 1.99
6236 3.05
6237 6.22
6238 1.66
6239 46.75
6240 0.00
6241 0.00
6242 0.00
6243 0.00
6244 0.00
6245 0.00
6246 0.00
6247 11.80
6248 0.71
6249 1.99
6250 1.34
6251 1.94
6252 1.71
6253 1.80
6254 1.85
6255 1.93
6256 2.40
6257 2.53
6258 3.56
6259 1.91
6260 4.52
6261 7.82
6262 5.85
6263 0.00
6264 0.00
6265 0.00
6266 0.00
6267 0.00
6268 0.00
6269 51.43
6270 0.00
6271 0.00
6272 1.42
6273 0.58
6274 1.11
6275 2.18
6276 1.86
6277 1.86
6278 1.78
6279 1.30
6280 3.24
6281 2.41
6282 2.44
6283 2.40
6284 2.84
6285 7.62
6286 0.00
6287 0.00
6288 0.00
6289 0.00
6290 0.00
6291 0.00
6292 0.00
6293 0.00
6294 10.00
6295 0.00
6296 0.21
6297 3.18
6298 1.47
6299 1.75
6300 1.80
6301 2.08
6302 2.07
6303 2.16
6304 4.03
6305 3.85
6306 2.61
6307 1.96
6308 3.77
6309 9.62
6310 0.00
6311 0.00
6312 0.00
6313 0.00
6314 0.00
6315 0.00
6316 0.00
6317 0.00
6318 0.00
6319 4.56
6320 0.19
6321 2.67
6322 1.71
6323 2.07
6324 2.47
6325 1.78
6326 1.94
6327 2.41
6328 3.61
6329 2.86
6330 3.33
6331 1.71
6332 2.33
6333 3.92
6334 36.00
6335 0.00
6336 0.00
6337 0.14
6338 0.00
6339 0.00
6340 0.00
6341 0.00
6342 0.00
6343 0.00
6344 0.19
6345 3.53
6346 3.27
6347 2.61
6348 1.82
6349 1.68
6350 2.18
6351 1.69
6352 2.27
6353 2.44
6354 2.35
6355 2.30
6356 2.45
6357 4.90
6358 0.00
6359 28.80
6360 5.21
6361 0.00
6362 11.18
6363 0.00
6364 0.00
6365 0.00
6366 0.00
6367 0.00
6368 1.31
6369 7.16
6370 1.39
6371 1.23
6372 0.94
6373 1.65
6374 0.78
6375 1.72
6376 1.03
6377 2.74
6378 2.78
6379 5.97
6380 0.00
6381 1.21
6382 0.00
6383 0.84
6384 0.00
6385 5.46
6386 0.00
6387 0.00
6388 0.00
6389 0.00
6390 0.00
6391 0.00
6392 0.20
6393 2.36
6394 1.20
6395 2.34
6396 2.21
6397 1.92
6398 1.85
6399 1.72
6400 2.89
6401 2.82
6402 2.23
6403 4.49
6404 3.47
6405 7.10
6406 1.07
6407 19.89
6408 0.00
6409 0.00
6410 0.00
6411 0.00
6412 0.00
6413 0.00
6414 0.00
6415 0.00
6416 0.24
6417 1.55
6418 1.43
6419 1.59
6420 2.21
6421 1.97
6422 2.46
6423 2.21
6424 2.57
6425 2.79
6426 4.01
6427 3.62
6428 3.82
6429 6.89
6430 0.00
6431 0.00
6432 0.00
6433 0.00
6434 0.00
6435 0.00
6436 0.00
6437 0.00
6438 0.00
6439 5.41
6440 0.20
6441 2.57
6442 1.83
6443 1.85
6444 1.61
6445 1.62
6446 1.83
6447 2.12
6448 3.79
6449 4.30
6450 2.05
6451 2.53
6452 2.72
6453 7.64
6454 1.81
6455 0.00
6456 0.00
6457 0.00
6458 0.00
6459 0.00
6460 0.00
6461 0.00
6462 0.00
6463 6.78
6464 0.24
6465 1.78
6466 1.84
6467 1.73
6468 2.20
6469 2.13
6470 1.83
6471 2.42
6472 2.56
6473 2.01
6474 5.14
6475 2.53
6476 5.32
6477 9.17
6478 1.12
6479 0.00
6480 0.00
6481 0.00
6482 0.00
6483 0.00
6484 0.00
6485 0.00
6486 0.00
6487 11.01
6488 0.23
6489 2.12
6490 1.52
6491 0.99
6492 2.99
6493 2.14
6494 2.02
6495 2.29
6496 2.67
6497 3.21
6498 4.85
6499 3.03
6500 2.97
6501 5.92
6502 0.00
6503 0.00
6504 0.00
6505 0.00
6506 0.00
6507 0.00
6508 0.00
6509 0.00
6510 0.00
6511 0.00
6512 0.18
6513 4.65
6514 2.96
6515 2.65
6516 3.64
6517 1.36
6518 2.61
6519 2.24
6520 2.96
6521 1.63
6522 2.25
6523 2.34
6524 2.96
6525 4.24
6526 25.53
6527 0.00
6528 4.90
6529 0.00
6530 6.42
6531 0.00
6532 0.00
6533 0.00
6534 0.00
6535 0.00
6536 41.38
6537 1.44
6538 0.75
6539 2.79
6540 0.96
6541 1.62
6542 1.82
6543 12.33
6544 1.09
6545 2.38
6546 2.85
6547 8.64
6548 20.34
6549 0.41
6550 11.75
6551 0.00
6552 0.00
6553 0.04
6554 0.00
6555 0.00
6556 0.00
6557 0.00
6558 0.00
6559 0.00
6560 1.54
6561 2.21
6562 1.95
6563 1.94
6564 1.87
6565 1.88
6566 2.73
6567 1.84
6568 2.97
6569 1.99
6570 2.34
6571 1.96
6572 2.42
6573 5.61
6574 0.00
6575 2.42
6576 0.00
6577 0.06
6578 0.00
6579 0.00
6580 0.00
6581 0.00
6582 0.00
6583 0.00
6584 0.38
6585 0.64
6586 2.94
6587 1.07
6588 1.36
6589 2.76
6590 1.05
6591 1.51
6592 1.87
6593 2.90
6594 2.77
6595 3.27
6596 10.20
6597 1.13
6598 6.61
6599 20.75
6600 0.00
6601 0.00
6602 0.00
6603 0.00
6604 0.00
6605 0.00
6606 0.00
6607 0.00
6608 1.14
6609 1.86
6610 1.86
6611 1.79
6612 1.92
6613 1.56
6614 1.76
6615 2.24
6616 3.03
6617 2.80
6618 3.73
6619 3.39
6620 2.30
6621 4.00
6622 0.00
6623 2.40
6624 0.00
6625 32.14
6626 0.00
6627 0.00
6628 0.00
6629 0.00
6630 0.00
6631 0.00
6632 0.97
6633 1.84
6634 1.62
6635 1.47
6636 1.72
6637 1.99
6638 2.29
6639 1.89
6640 2.39
6641 2.93
6642 2.63
6643 5.62
6644 2.90
6645 4.32
6646 14.15
6647 48.65
6648 0.00
6649 0.00
6650 0.00
6651 0.00
6652 0.00
6653 0.00
6654 0.00
6655 0.00
6656 1.41
6657 2.99
6658 1.73
6659 1.79
6660 2.31
6661 1.49
6662 1.66
6663 2.10
6664 2.40
6665 3.00
6666 4.90
6667 3.63
6668 3.23
6669 8.27
6670 0.00
6671 47.37
6672 0.00
6673 0.00
6674 0.00
6675 0.00
6676 0.00
6677 0.00
6678 0.00
6679 0.00
6680 0.97
6681 1.33
6682 2.18
6683 1.33
6684 1.92
6685 1.53
6686 1.89
6687 1.80
6688 3.11
6689 3.14
6690 3.12
6691 3.44
6692 3.27
6693 2.75
6694 15.79
6695 4.73
6696 0.00
6697 0.00
6698 0.00
6699 0.00
6700 0.00
6701 0.00
6702 0.00
6703 0.00
6704 1.63
6705 2.32
6706 1.39
6707 1.75
6708 2.35
6709 1.92
6710 2.11
6711 2.12
6712 2.55
6713 3.88
6714 8.43
6715 4.24
6716 2.22
6717 4.69
6718 8.53
6719 1.77
6720 0.00
6721 4.05
6722 0.00
6723 0.00
6724 0.00
6725 0.00
6726 0.00
6727 0.00
6728 1.15
6729 2.15
6730 2.40
6731 1.65
6732 2.22
6733 2.06
6734 1.55
6735 2.26
6736 2.94
6737 2.24
6738 1.29
6739 1.13
6740 1.74
6741 3.59
6742 0.82
6743 3.29
6744 0.00
6745 5.62
6746 0.10
6747 0.00
6748 0.00
6749 0.00
6750 0.00
6751 0.00
6752 0.63
6753 3.42
6754 2.89
6755 1.90
6756 1.54
6757 1.44
6758 0.61
6759 0.90
6760 1.39
6761 1.62
6762 6.95
6763 1.89
6764 0.00
6765 53.73
6766 0.00
6767 10.40
6768 0.00
6769 0.00
6770 0.00
6771 0.00
6772 0.00
6773 0.00
6774 30.00
6775 12.81
6776 2.36
6777 1.84
6778 2.02
6779 1.67
6780 1.82
6781 1.53
6782 1.44
6783 1.48
6784 2.55
6785 3.41
6786 2.86
6787 2.75
6788 4.82
6789 4.24
6790 1.12
6791 1.98
6792 0.00
6793 0.00
6794 0.00
6795 0.00
6796 0.00
6797 0.00
6798 0.00
6799 0.00
6800 1.17
6801 2.04
6802 1.36
6803 1.39
6804 1.56
6805 1.54
6806 1.93
6807 1.91
6808 2.27
6809 4.06
6810 2.84
6811 2.21
6812 2.82
6813 5.32
6814 3.20
6815 1.30
6816 0.00
6817 0.00
6818 0.00
6819 0.00
6820 0.00
6821 0.00
6822 0.00
6823 0.00
6824 1.70
6825 1.72
6826 1.32
6827 1.67
6828 2.01
6829 1.25
6830 1.72
6831 2.22
6832 2.14
6833 3.21
6834 2.34
6835 1.96
6836 2.52
6837 5.33
6838 0.00
6839 3.53
6840 0.00
6841 0.00
6842 0.00
6843 0.00
6844 0.00
6845 0.00
6846 3.25
6847 0.00
6848 1.50
6849 2.39
6850 1.38
6851 1.49
6852 1.49
6853 1.82
6854 1.62
6855 1.79
6856 2.15
6857 2.36
6858 3.54
6859 1.82
6860 4.84
6861 7.49
6862 0.00
6863 6.06
6864 1.19
6865 0.09
6866 0.00
6867 0.00
6868 0.00
6869 0.00
6870 0.00
6871 0.00
6872 1.15
6873 2.43
6874 1.78
6875 1.48
6876 1.83
6877 1.64
6878 1.79
6879 2.07
6880 2.25
6881 2.78
6882 2.49
6883 2.39
6884 2.16
6885 6.99
6886 4.58
6887 35.12
6888 0.00
6889 0.00
6890 0.00
6891 0.00
6892 0.00
6893 0.00
6894 0.00
6895 0.00
6896 1.22
6897 3.09
6898 1.46
6899 2.55
6900 2.33
6901 2.20
6902 2.54
6903 1.47
6904 1.40
6905 2.08
6906 2.43
6907 2.59
6908 2.86
6909 4.69
6910 58.06
6911 0.58
6912 0.00
6913 0.31
6914 0.00
6915 0.00
6916 16.82
6917 0.00
6918 0.00
6919 0.00
6920 1.26
6921 2.23
6922 0.73
6923 0.94
6924 1.76
6925 1.35
6926 1.25
6927 1.80
6928 1.95
6929 2.36
6930 2.31
6931 20.50
6932 0.00
6933 1.03
6934 0.53
6935 0.00
6936 0.00
6937 0.00
6938 0.00
6939 0.00
6940 0.00
6941 0.00
6942 5.06
6943 0.00
6944 1.32
6945 2.25
6946 1.01
6947 1.84
6948 2.08
6949 1.75
6950 1.72
6951 1.85
6952 2.39
6953 3.10
6954 2.92
6955 2.62
6956 2.98
6957 7.00
6958 0.00
6959 0.00
6960 0.00
6961 0.00
6962 0.00
6963 0.00
6964 0.00
6965 0.00
6966 0.00
6967 0.00
6968 1.43
6969 1.97
6970 1.72
6971 2.01
6972 1.69
6973 1.95
6974 2.16
6975 2.15
6976 2.93
6977 3.41
6978 5.80
6979 3.10
6980 2.75
6981 6.56
6982 0.00
6983 0.00
6984 0.00
6985 0.00
6986 0.00
6987 0.00
6988 0.00
6989 0.00
6990 0.00
6991 0.00
6992 1.54
6993 2.11
6994 1.39
6995 1.84
6996 1.80
6997 1.66
6998 1.90
6999 2.12
7000 1.89
7001 1.79
7002 2.93
7003 1.60
7004 2.61
7005 7.01
7006 2.91
7007 2.67
7008 0.00
7009 0.00
7010 0.00
7011 0.00
7012 0.00
7013 0.00
7014 0.00
7015 0.00
7016 1.31
7017 1.87
7018 1.43
7019 1.51
7020 1.53
7021 1.68
7022 1.88
7023 2.34
7024 2.34
7025 2.55
7026 4.68
7027 3.44
7028 2.73
7029 5.48
7030 6.81
7031 15.45
7032 0.00
7033 0.00
7034 0.00
7035 0.00
7036 0.00
7037 0.00
7038 0.00
7039 0.00
7040 2.23
7041 2.42
7042 1.70
7043 1.69
7044 1.84
7045 1.66
7046 1.71
7047 2.17
7048 3.02
7049 4.34
7050 6.05
7051 3.45
7052 2.18
7053 3.33
7054 3.17
7055 0.00
7056 0.00
7057 0.00
7058 0.00
7059 0.00
7060 0.00
7061 0.00
7062 0.00
7063 5.36
7064 1.14
7065 1.51
7066 1.74
7067 2.12
7068 2.57
7069 2.55
7070 2.18
7071 1.91
7072 2.79
7073 1.31
7074 1.51
7075 1.20
7076 1.39
7077 2.28
7078 0.00
7079 0.00
7080 0.00
7081 0.15
7082 0.00
7083 0.00
7084 0.00
7085 0.00
7086 0.00
7087 0.00
7088 1.22
7089 0.89
7090 1.98
7091 1.23
7092 1.33
7093 1.66
7094 1.56
7095 1.18
7096 3.18
7097 2.56
7098 3.00
7099 11.46
7100 2.45
7101 1.01
7102 0.00
7103 46.15
7104 0.00
7105 0.00
7106 0.00
7107 0.00
7108 0.00
7109 0.00
7110 14.63
7111 0.00
7112 1.60
7113 2.87
7114 1.74
7115 2.61
7116 2.14
7117 1.89
7118 1.81
7119 2.44
7120 2.22
7121 3.42
7122 5.78
7123 2.31
7124 2.80
7125 3.96
7126 48.65
7127 0.00
7128 0.00
7129 0.00
7130 0.00
7131 0.00
7132 0.00
7133 0.00
7134 0.00
7135 0.00
7136 1.72
7137 1.93
7138 1.59
7139 1.81
7140 1.92
7141 1.58
7142 1.49
7143 2.30
7144 1.90
7145 3.50
7146 2.71
7147 2.52
7148 3.28
7149 5.13
7150 0.00
7151 0.00
7152 0.00
7153 0.00
7154 0.00
7155 0.00
7156 0.00
7157 0.00
7158 0.00
7159 0.00
7160 1.07
7161 1.94
7162 1.76
7163 2.07
7164 1.67
7165 1.65
7166 1.41
7167 1.66
7168 2.23
7169 3.23
7170 2.93
7171 2.42
7172 2.81
7173 6.48
7174 0.51
7175 0.00
7176 0.00
7177 0.00
7178 0.00
7179 0.00
7180 0.00
7181 0.00
7182 0.00
7183 0.00
7184 1.21
7185 1.42
7186 1.24
7187 1.58
7188 1.66
7189 1.83
7190 1.61
7191 2.04
7192 1.80
7193 2.14
7194 4.12
7195 2.60
7196 3.20
7197 7.30
7198 1.16
7199 2.79
7200 0.00
7201 5.60
7202 0.00
7203 0.00
7204 0.00
7205 0.00
7206 0.00
7207 0.00
7208 1.32
7209 2.10
7210 1.40
7211 1.66
7212 1.45
7213 1.42
7214 2.07
7215 2.59
7216 3.45
7217 3.34
7218 3.25
7219 2.36
7220 1.84
7221 5.12
7222 0.00
7223 3.56
7224 0.00
7225 0.00
7226 0.00
7227 0.00
7228 0.00
7229 0.00
7230 0.00
7231 0.00
7232 0.58
7233 1.94
7234 1.71
7235 2.18
7236 3.11
7237 2.36
7238 2.05
7239 2.87
7240 2.11
7241 2.25
7242 2.39
7243 1.91
7244 1.79
7245 6.25
7246 2.27
7247 26.28
7248 0.00
7249 1.13
7250 0.00
7251 0.00
7252 0.00
7253 0.00
7254 0.00
7255 0.00
7256 1.48
7257 6.64
7258 1.26
7259 1.71
7260 1.67
7261 1.39
7262 2.31
7263 1.37
7264 1.52
7265 2.93
7266 3.44
7267 2.56
7268 12.59
7269 23.53
7270 12.91
7271 46.15
7272 0.00
7273 0.00
7274 0.00
7275 0.00
7276 0.00
7277 0.00
7278 0.00
7279 0.00
7280 1.40
7281 2.88
7282 2.63
7283 1.92
7284 2.20
7285 2.20
7286 1.93
7287 1.66
7288 3.12
7289 3.97
7290 2.70
7291 2.28
7292 2.65
7293 6.63
7294 0.00
7295 9.97
7296 1.79
7297 0.15
7298 0.00
7299 0.00
7300 0.00
7301 0.00
7302 0.00
7303 0.00
7304 0.19
7305 0.25
7306 0.52
7307 0.90
7308 1.32
7309 1.24
7310 1.11
7311 1.34
7312 2.13
7313 1.03
7314 1.66
7315 1.59
7316 2.51
7317 5.13
7318 0.00
7319 0.00
7320 0.00
7321 0.00
7322 0.00
7323 0.00
7324 0.00
7325 0.00
7326 0.00
7327 0.00
7328 1.09
7329 2.20
7330 1.45
7331 1.49
7332 1.84
7333 1.82
7334 1.70
7335 1.83
7336 2.36
7337 3.10
7338 2.31
7339 1.68
7340 3.80
7341 5.19
7342 34.62
7343 17.56
7344 0.00
7345 0.00
7346 0.00
7347 0.00
7348 0.00
7349 0.00
7350 0.00
7351 0.00
7352 1.36
7353 2.57
7354 1.12
7355 1.95
7356 1.62
7357 1.91
7358 1.60
7359 2.20
7360 2.38
7361 2.47
7362 3.32
7363 2.67
7364 3.90
7365 6.33
7366 0.00
7367 10.37
7368 0.00
7369 0.00
7370 0.00
7371 0.00
7372 0.00
7373 0.00
7374 0.00
7375 0.00
7376 1.20
7377 2.34
7378 1.68
7379 1.50
7380 1.93
7381 1.83
7382 1.83
7383 2.85
7384 3.13
7385 3.40
7386 3.71
7387 3.27
7388 2.68
7389 3.07
7390 0.00
7391 0.00
7392 0.00
7393 0.00
7394 0.00
7395 0.00
7396 0.00
7397 0.00
7398 0.00
7399 0.00
7400 1.02
7401 2.52
7402 3.79
7403 1.93
7404 1.97
7405 2.30
7406 1.94
7407 2.09
7408 3.00
7409 1.96
7410 1.61
7411 1.27
7412 1.36
7413 1.90
7414 0.00
7415 7.77
7416 0.00
7417 0.00
7418 0.00
7419 0.00
7420 0.00
7421 0.00
7422 0.00
7423 0.00
7424 0.67
7425 1.31
7426 0.49
7427 1.01
7428 1.40
7429 1.74
7430 1.09
7431 1.26
7432 2.60
7433 1.60
7434 1.93
7435 33.96
7436 0.00
7437 0.00
7438 26.09
7439 0.00
7440 0.00
7441 0.00
7442 0.00
7443 0.00
7444 0.00
7445 0.00
7446 0.00
7447 0.00
7448 1.12
7449 2.80
7450 1.65
7451 1.94
7452 2.02
7453 2.06
7454 1.80
7455 2.21
7456 1.93
7457 3.20
7458 2.74
7459 2.91
7460 3.73
7461 4.29
7462 0.00
7463 0.00
7464 0.00
7465 0.00
7466 0.00
7467 0.00
7468 0.00
7469 0.00
7470 0.00
7471 0.00
7472 0.96
7473 1.96
7474 1.15
7475 1.52
7476 1.82
7477 1.76
7478 1.57
7479 1.66
7480 1.77
7481 2.14
7482 2.64
7483 2.12
7484 3.89
7485 5.97
7486 0.00
7487 10.68
7488 0.00
7489 0.00
7490 0.00
7491 0.00
7492 0.00
7493 0.00
7494 0.00
7495 0.00
7496 1.35
7497 1.88
7498 2.04
7499 1.44
7500 2.10
7501 1.69
7502 1.67
7503 2.00
7504 2.35
7505 3.00
7506 3.60
7507 1.62
7508 2.78
7509 7.16
7510 2.28
7511 0.00
7512 0.00
7513 0.00
7514 0.00
7515 0.00
7516 0.00
7517 0.00
7518 0.00
7519 13.24
7520 1.48
7521 1.56
7522 1.35
7523 1.54
7524 1.69
7525 1.61
7526 1.82
7527 2.04
7528 1.92
7529 2.25
7530 1.64
7531 1.48
7532 2.35
7533 4.85
7534 1.19
7535 2.82
7536 0.00
7537 0.00
7538 0.00
7539 0.00
7540 0.00
7541 0.00
7542 0.00
7543 3.77
7544 0.89
7545 1.69
7546 1.49
7547 1.63
7548 1.93
7549 1.68
7550 1.66
7551 1.95
7552 3.08
7553 2.58
7554 2.92
7555 2.19
7556 2.57
7557 4.01
7558 40.91
7559 1.00
7560 0.00
7561 0.00
7562 0.00
7563 0.00
7564 0.00
7565 0.00
7566 0.00
7567 0.00
7568 0.91
7569 2.60
7570 1.46
7571 1.57
7572 1.99
7573 2.81
7574 1.53
7575 2.36
7576 2.93
7577 2.46
7578 2.51
7579 1.77
7580 2.30
7581 6.34
7582 2.01
7583 5.73
7584 2.45
7585 0.95
7586 0.00
7587 0.00
7588 0.00
7589 0.00
7590 0.00
7591 0.00
7592 0.55
7593 1.47
7594 0.89
7595 1.86
7596 1.44
7597 1.13
7598 1.16
7599 1.45
7600 1.18
7601 1.38
7602 4.05
7603 1.85
7604 0.00
7605 0.00
7606 2.07
7607 22.50
7608 0.00
7609 0.00
7610 0.00
7611 0.00
7612 0.00
7613 0.00
7614 0.00
7615 0.00
7616 0.91
7617 1.92
7618 1.44
7619 1.85
7620 1.67
7621 1.83
7622 2.03
7623 1.97
7624 2.44
7625 2.45
7626 2.74
7627 1.56
7628 3.40
7629 4.83
7630 10.34
7631 0.00
7632 0.00
7633 0.00
7634 0.00
7635 0.00
7636 0.00
7637 0.00
7638 0.00
7639 45.57
7640 0.87
7641 2.00
7642 1.89
7643 1.44
7644 1.83
7645 1.81
7646 1.57
7647 1.77
7648 2.16
7649 2.65
7650 2.79
7651 2.47
7652 3.16
7653 4.97
7654 0.00
7655 6.67
7656 0.00
7657 0.00
7658 0.00
7659 0.00
7660 0.00
7661 24.00
7662 0.00
7663 0.00
7664 1.23
7665 1.76
7666 1.15
7667 1.66
7668 1.87
7669 1.71
7670 2.27
7671 1.60
7672 1.98
7673 2.70
7674 2.07
7675 1.70
7676 3.29
7677 3.88
7678 0.00
7679 0.00
7680 0.00
7681 0.00
7682 0.00
7683 0.00
7684 0.00
7685 0.00
7686 0.00
7687 7.76
7688 1.28
7689 2.15
7690 1.59
7691 2.18
7692 1.89
7693 1.44
7694 1.66
7695 2.22
7696 2.53
7697 2.74
7698 2.74
7699 1.88
7700 2.53
7701 3.80
7702 21.77
7703 13.79
7704 32.73
7705 0.00
7706 0.00
7707 0.00
7708 0.00
7709 0.00
7710 0.00
7711 23.23
7712 1.24
7713 1.59
7714 1.58
7715 1.71
7716 1.97
7717 2.05
7718 1.86
7719 2.14
7720 3.14
7721 2.65
7722 2.06
7723 2.12
7724 2.30
7725 5.48
7726 0.00
7727 7.56
7728 0.00
7729 0.00
7730 0.00
7731 0.00
7732 0.00
7733 0.00
7734 0.00
7735 0.00
7736 1.01
7737 3.12
7738 2.32
7739 1.57
7740 1.85
7741 1.70
7742 1.90
7743 2.47
7744 2.66
7745 2.52
7746 2.18
7747 2.13
7748 1.99
7749 4.08
7750 0.00
7751 2.04
7752 5.35
7753 0.42
7754 0.00
7755 0.00
7756 0.00
7757 0.00
7758 0.00
7759 0.00
7760 0.39
7761 2.54
7762 2.59
7763 1.72
7764 0.95
7765 2.06
7766 1.09
7767 4.10
7768 2.06
7769 0.95
7770 1.80
7771 21.82
7772 9.61
7773 0.81
7774 1.47
7775 0.00
7776 0.00
7777 0.00
7778 0.00
7779 0.00
7780 0.00
7781 0.00
7782 0.00
7783 0.00
7784 1.17
7785 2.79
7786 1.55
7787 2.05
7788 2.15
7789 1.96
7790 2.14
7791 1.85
7792 2.77
7793 2.33
7794 2.46
7795 2.30
7796 2.53
7797 4.04
7798 4.57
7799 0.00
7800 0.00
7801 0.00
7802 0.00
7803 0.00
7804 0.00
7805 0.00
7806 1.02
7807 0.00
7808 1.13
7809 1.90
7810 1.13
7811 1.89
7812 1.63
7813 1.85
7814 1.76
7815 1.96
7816 2.41
7817 2.19
7818 2.52
7819 2.20
7820 2.36
7821 3.50
7822 0.00
7823 8.47
7824 0.00
7825 0.00
7826 0.00
7827 0.00
7828 0.00
7829 0.00
7830 0.00
7831 0.00
7832 1.22
7833 1.69
7834 1.79
7835 1.95
7836 1.85
7837 1.74
7838 1.30
7839 1.98
7840 2.21
7841 2.81
7842 2.18
7843 1.83
7844 2.56
7845 6.31
7846 23.74
7847 17.56
7848 0.00
7849 0.00
7850 0.00
7851 0.00
7852 0.00
7853 0.00
7854 6.22
7855 0.00
7856 0.69
7857 1.86
7858 1.72
7859 1.97
7860 2.00
7861 1.94
7862 2.12
7863 1.99
7864 2.79
7865 2.35
7866 2.02
7867 1.62
7868 2.96
7869 8.58
7870 45.28
7871 0.00
7872 0.00
7873 0.00
7874 0.00
7875 0.00
7876 0.00
7877 0.00
7878 0.00
7879 5.97
7880 0.86
7881 2.31
7882 1.59
7883 1.77
7884 1.60
7885 1.80
7886 1.82
7887 2.86
7888 3.50
7889 2.47
7890 2.75
7891 2.60
7892 2.91
7893 4.61
7894 1.36
7895 4.40
7896 0.00
7897 0.00
7898 0.00
7899 0.00
7900 0.00
7901 0.00
7902 0.00
7903 0.00
7904 0.44
7905 1.46
7906 1.72
7907 2.99
7908 2.29
7909 1.64
7910 2.07
7911 1.92
7912 2.45
7913 1.87
7914 2.50
7915 2.18
7916 2.17
7917 5.16
7918 3.81
7919 13.19
7920 50.70
7921 2.04
7922 0.00
7923 0.00
7924 0.00
7925 0.00
7926 0.00
7927 2.68
7928 0.59
7929 1.11
7930 0.82
7931 1.03
7932 1.14
7933 0.88
7934 1.20
7935 1.10
7936 1.21
7937 1.70
7938 6.08
7939 6.47
7940 6.09
7941 26.09
7942 2.03
7943 19.05
7944 0.00
7945 0.00
7946 0.00
7947 0.00
7948 0.00
7949 0.00
7950 14.29
7951 0.00
7952 1.02
7953 3.28
7954 1.66
7955 1.63
7956 1.73
7957 1.64
7958 1.79
7959 2.05
7960 3.39
7961 3.32
7962 2.80
7963 1.83
7964 3.35
7965 5.02
7966 0.00
7967 0.00
7968 54.55
7969 0.00
7970 0.00
7971 0.00
7972 0.00
7973 0.00
7974 0.00
7975 37.11
7976 0.56
7977 2.32
7978 1.76
7979 2.15
7980 1.53
7981 1.63
7982 1.91
7983 1.88
7984 2.87
7985 3.75
7986 2.57
7987 2.06
7988 2.36
7989 4.14
7990 1.92
7991 8.48
7992 0.00
7993 0.00
7994 0.00
7995 0.00
7996 0.00
7997 0.00
7998 0.00
7999 8.85
8000 0.77
8001 1.49
8002 1.23
8003 2.07
8004 1.59
8005 1.85
8006 1.76
8007 1.79
8008 2.71
8009 2.87
8010 1.99
8011 3.18
8012 3.13
8013 5.01
8014 14.04
8015 0.00
8016 0.00
8017 0.00
8018 0.00
8019 0.00
8020 0.00
8021 0.00
8022 0.00
8023 0.00
8024 0.66
8025 3.24
8026 1.22
8027 1.68
8028 1.62
8029 1.58
8030 2.72
8031 1.83
8032 2.41
8033 1.85
8034 1.66
8035 1.07
8036 1.72
8037 2.35
8038 1.36
8039 8.45
8040 0.00
8041 0.00
8042 0.00
8043 0.00
8044 0.00
8045 0.00
8046 0.00
8047 5.29
8048 0.56
8049 1.95
8050 1.91
8051 1.52
8052 1.75
8053 1.84
8054 2.01
8055 2.65
8056 2.41
8057 2.21
8058 2.34
8059 1.88
8060 1.99
8061 6.70
8062 4.09
8063 8.47
8064 0.00
8065 6.34
8066 0.00
8067 0.00
8068 0.00
8069 0.00
8070 0.00
8071 6.49
8072 0.31
8073 2.08
8074 1.73
8075 2.13
8076 2.03
8077 1.55
8078 1.99
8079 2.05
8080 1.75
8081 2.08
8082 2.25
8083 1.77
8084 2.57
8085 4.97
8086 0.00
8087 1.03
8088 0.00
8089 0.50
8090 0.00
8091 0.00
8092 0.00
8093 0.00
8094 0.00
8095 0.00
8096 0.26
8097 3.22
8098 1.35
8099 1.59
8100 2.05
8101 0.99
8102 1.93
8103 1.23
8104 1.61
8105 1.29
8106 2.01
8107 6.93
8108 0.74
8109 0.00
8110 0.00
8111 1.41
8112 0.00
8113 0.00
8114 0.00
8115 0.00
8116 0.00
8117 0.00
8118 31.03
8119 16.07
8120 0.60
8121 1.96
8122 0.99
8123 1.36
8124 1.61
8125 1.64
8126 1.47
8127 1.94
8128 2.10
8129 2.87
8130 2.38
8131 1.84
8132 2.77
8133 5.20
8134 1.25
8135 0.00
8136 0.00
8137 0.00
8138 0.00
8139 0.00
8140 0.00
8141 0.00
8142 15.25
8143 0.00
8144 0.52
8145 1.92
8146 1.75
8147 1.79
8148 1.94
8149 1.82
8150 1.77
8151 2.07
8152 2.50
8153 2.37
8154 2.21
8155 1.39
8156 1.55
8157 2.86
8158 0.00
8159 4.79
8160 0.00
8161 0.00
8162 0.00
8163 0.00
8164 0.00
8165 0.00
8166 0.00
8167 0.00
8168 0.42
8169 2.58
8170 1.29
8171 1.55
8172 2.04
8173 1.55
8174 1.81
8175 2.19
8176 1.50
8177 2.26
8178 1.68
8179 2.38
8180 3.16
8181 5.76
8182 1.66
8183 0.00
8184 0.00
8185 0.00
8186 0.00
8187 0.00
8188 0.00
8189 0.00
8190 8.96
8191 0.00
8192 0.49
8193 1.55
8194 1.62
8195 1.77
8196 1.96
8197 2.06
8198 1.94
8199 2.26
8200 2.78
8201 2.07
8202 1.97
8203 2.34
8204 3.53
8205 9.04
8206 8.39
8207 0.00
8208 0.00
8209 0.00
8210 0.00
8211 0.00
8212 0.00
8213 0.00
8214 0.00
8215 0.00
8216 0.59
8217 1.80
8218 1.71
8219 1.93
8220 1.71
8221 1.73
8222 1.92
8223 2.74
8224 2.91
8225 2.42
8226 2.81
8227 2.18
8228 2.87
8229 6.98
8230 46.75
8231 1.11
8232 9.11
8233 3.92
8234 0.00
8235 7.78
8236 0.00
8237 0.00
8238 0.00
8239 0.13
8240 0.48
8241 3.02
8242 1.14
8243 2.39
8244 2.23
8245 2.46
8246 2.56
8247 2.30
8248 2.26
8249 3.14
8250 1.92
8251 1.52
8252 1.53
8253 3.07
8254 0.00
8255 2.33
8256 0.00
8257 0.00
8258 0.00
8259 0.00
8260 0.00
8261 0.00
8262 0.00
8263 0.00
8264 0.55
8265 2.96
8266 1.49
8267 1.86
8268 0.98
8269 1.20
8270 1.54
8271 1.06
8272 1.75
8273 1.60
8274 2.08
8275 6.01
8276 0.33
8277 0.00
8278 0.00
8279 3.08
8280 0.00
8281 0.00
8282 0.00
8283 0.00
8284 0.00
8285 0.00
8286 0.00
8287 0.00
8288 0.59
8289 2.38
8290 1.61
8291 1.54
8292 2.38
8293 1.78
8294 1.56
8295 1.76
8296 2.59
8297 3.05
8298 2.90
8299 3.50
8300 2.43
8301 8.34
8302 16.44
8303 2.96
8304 0.00
8305 0.00
8306 0.00
8307 0.00
8308 0.00
8309 0.00
8310 0.00
8311 0.00
8312 0.63
8313 1.91
8314 1.53
8315 1.38
8316 1.75
8317 1.77
8318 1.97
8319 2.37
8320 2.10
8321 1.91
8322 1.96
8323 2.55
8324 2.68
8325 6.23
8326 1.80
8327 0.00
8328 0.00
8329 0.00
8330 0.00
8331 0.00
8332 0.00
8333 0.00
8334 0.00
8335 6.70
8336 0.49
8337 2.11
8338 1.06
8339 1.46
8340 1.75
8341 2.01
8342 1.86
8343 1.98
8344 1.96
8345 2.15
8346 2.49
8347 1.59
8348 1.51
8349 1.83
8350 0.00
8351 2.32
8352 0.00
8353 0.00
8354 0.00
8355 0.00
8356 0.00
8357 0.00
8358 0.00
8359 11.08
8360 0.50
8361 1.96
8362 1.52
8363 1.83
8364 1.79
8365 1.68
8366 1.83
8367 2.04
8368 2.41
8369 1.64
8370 2.19
8371 1.85
8372 2.38
8373 5.01
8374 0.56
8375 1.00
8376 0.00
8377 0.00
8378 0.00
8379 0.00
8380 0.00
8381 0.00
8382 0.00
8383 0.00
8384 0.45
8385 1.68
8386 1.94
8387 2.03
8388 2.09
8389 1.96
8390 2.20
8391 2.19
8392 2.51
8393 3.33
8394 2.69
8395 2.45
8396 2.61
8397 4.71
8398 0.00
8399 5.35
8400 0.00
8401 0.00
8402 0.00
8403 0.00
8404 0.00
8405 0.00
8406 0.00
8407 0.00
8408 0.26
8409 1.59
8410 3.20
8411 2.81
8412 3.67
8413 3.27
8414 2.66
8415 1.91
8416 2.76
8417 2.53
8418 3.53
8419 2.48
8420 2.57
8421 6.61
8422 1.34
8423 4.36
8424 0.00
8425 0.00
8426 0.00
8427 0.00
8428 0.00
8429 0.00
8430 0.00
8431 0.00
8432 0.76
8433 0.97
8434 1.50
8435 1.32
8436 2.53
8437 1.96
8438 1.59
8439 1.49
8440 1.28
8441 1.45
8442 4.42
8443 3.88
8444 6.74
8445 0.45
8446 23.61
8447 0.00
8448 0.00
8449 0.00
8450 0.00
8451 0.00
8452 0.00
8453 0.00
8454 24.49
8455 0.00
8456 0.48
8457 1.61
8458 1.47
8459 1.62
8460 2.21
8461 2.08
8462 2.33
8463 2.60
8464 2.68
8465 2.58
8466 2.67
8467 2.39
8468 3.13
8469 6.32
8470 1.56
8471 4.66
8472 0.00
8473 0.00
8474 0.00
8475 0.00
8476 0.00
8477 0.00
8478 3.36
8479 0.00
8480 0.45
8481 1.68
8482 1.70
8483 2.08
8484 2.22
8485 2.07
8486 2.09
8487 2.43
8488 2.56
8489 2.53
8490 3.56
8491 2.26
8492 3.26
8493 4.51
8494 1.70
8495 0.00
8496 0.00
8497 0.00
8498 0.00
8499 0.00
8500 0.00
8501 0.00
8502 0.00
8503 0.00
8504 0.45
8505 1.58
8506 1.81
8507 1.56
8508 2.71
8509 2.32
8510 1.88
8511 2.23
8512 3.34
8513 4.25
8514 2.40
8515 1.76
8516 2.64
8517 5.39
8518 10.71
8519 0.00
8520 0.00
8521 0.00
8522 0.00
8523 0.00
8524 0.00
8525 0.00
8526 0.00
8527 0.00
8528 0.48
8529 2.61
8530 1.79
8531 1.92
8532 1.99
8533 1.82
8534 1.86
8535 2.57
8536 2.89
8537 2.70
8538 2.13
8539 1.58
8540 2.28
8541 7.91
8542 0.94
8543 0.00
8544 0.00
8545 0.00
8546 16.22
8547 0.00
8548 0.00
8549 0.00
8550 0.00
8551 0.00
8552 0.44
8553 2.04
8554 1.77
8555 1.70
8556 2.06
8557 2.16
8558 1.67
8559 2.42
8560 2.67
8561 2.52
8562 2.29
8563 1.58
8564 2.65
8565 6.63
8566 2.12
8567 0.00
8568 0.00
8569 1.20
8570 0.00
8571 0.00
8572 0.00
8573 0.00
8574 0.00
8575 0.00
8576 0.24
8577 2.80
8578 4.99
8579 2.94
8580 2.86
8581 2.77
8582 1.48
8583 2.00
8584 2.28
8585 2.74
8586 2.26
8587 2.37
8588 3.06
8589 6.84
8590 1.15
8591 2.71
8592 0.00
8593 0.00
8594 0.00
8595 0.00
8596 0.00
8597 0.00
8598 0.00
8599 0.00
8600 0.31
8601 0.56
8602 5.91
8603 1.48
8604 0.82
8605 1.52
8606 10.87
8607 5.36
8608 14.67
8609 1.36
8610 2.29
8611 6.75
8612 2.34
8613 9.55
8614 3.14
8615 6.63
8616 0.00
8617 0.00
8618 0.00
8619 0.00
8620 0.00
8621 0.00
8622 0.85
8623 0.00
8624 0.16
8625 0.63
8626 0.48
8627 0.84
8628 0.88
8629 1.66
8630 0.84
8631 1.57
8632 1.52
8633 1.30
8634 2.76
8635 2.39
8636 2.79
8637 8.13
8638 0.00
8639 12.05
8640 0.00
8641 0.00
8642 0.00
8643 0.00
8644 0.00
8645 0.00
8646 0.00
8647 0.00
8648 0.18
8649 0.87
8650 0.70
8651 0.87
8652 1.10
8653 2.21
8654 1.03
8655 1.97
8656 1.76
8657 1.13
8658 2.19
8659 1.71
8660 2.59
8661 3.48
8662 0.00
8663 0.00
8664 0.00
8665 0.00
8666 0.00
8667 0.00
8668 0.00
8669 0.00
8670 0.00
8671 0.00
8672 0.30
8673 2.76
8674 1.78
8675 1.89
8676 3.32
8677 2.46
8678 2.39
8679 3.17
8680 4.77
8681 3.13
8682 2.14
8683 2.34
8684 3.37
8685 5.28
8686 3.45
8687 0.00
8688 0.00
8689 0.00
8690 0.00
8691 0.00
8692 0.00
8693 13.14
8694 0.00
8695 0.00
8696 0.26
8697 3.78
8698 2.12
8699 1.34
8700 2.62
8701 1.98
8702 2.28
8703 2.12
8704 2.15
8705 2.11
8706 2.12
8707 1.97
8708 2.95
8709 4.77
8710 0.00
8711 22.22
8712 0.00
8713 0.00
8714 0.00
8715 0.00
8716 0.00
8717 0.00
8718 0.00
8719 0.00
8720 0.26
8721 2.91
8722 2.73
8723 1.67
8724 2.33
8725 2.26
8726 2.24
8727 2.37
8728 3.99
8729 2.73
8730 2.24
8731 2.23
8732 2.77
8733 3.71
8734 17.73
8735 3.46
8736 0.00
8737 0.00
8738 0.00
8739 0.00
8740 0.00
8741 0.00
8742 0.00
8743 0.00
8744 0.21
8745 3.52
8746 2.18
8747 3.04
8748 2.80
8749 3.13
8750 3.14
8751 1.99
8752 2.79
8753 2.46
8754 3.42
8755 1.87
8756 2.99
8757 3.57
8758 2.67
8759 1.95
8760 0.00
