1 17.6
2 19.68
3 18.68
4 24.43
5 24
6 28.79
7 31.98
8 28.85
9 23.36
10 35.19
11 29.3
12 26.06
13 30.61
14 28.39
15 28.46
16 24.74
17 22.03
18 24.28
19 23.71
20 26.36
21 25.99
22 17.82
23 21.8
24 26.45
25 24.32
26 26.79
27 30.3
28 26.97
29 26.47
30 34.77
31 495.07
32 323.49
33 62.92
34 37.77
35 36.6
36 34.05
37 20.96
38 28.02
39 25.8
40 26.95
41 31.36
42 28.45
43 20.8
44 19.75
45 25.28
46 29.37
47 30.43
48 35.37
49 33.9
50 32.79
51 31.27
52 29.43
53 25.58
54 25.74
55 27.23
56 27.4
57 28.19
58 25.04
59 28.95
60 25.29
61 22.83
62 23.97
63 26.71
64 21.22
65 16.73
66 23.01
67 26.53
68 25.63
69 25.3
70 27.11
71 26.89
72 26.8
73 22.93
74 27.13
75 27.17
76 27.08
77 24.94
78 22.5
79 21.97
80 25.83
81 26.96
82 25.89
83 24.52
84 24.68
85 23.04
86 23
87 27.58
88 28.05
89 27.06
90 25.28
91 25.49
92 23.88
93 21.54
94 24.3
95 25.96
96 26.07
97 26.39
98 25.91
99 26.85
100 22.37
101 27.43
102 27.74
103 27.45
104 27.81
105 28.07
106 27.58
107 25.46
108 27.55
109 30.19
110 28
111 26.61
112 22.6
113 22.41
114 22.83
115 24.06
116 23.94
117 24.96
118 24.17
119 24.64
120 25.77
121 25.72
122 28.71
123 32.57
124 31.21
125 33.99
126 34.16
127 30.27
128 26.99
129 34.35
130 36.03
131 31.99
132 33.31
133 29.87
134 31.27
135 31.23
136 37.21
137 34.78
138 34.8
139 32.23
140 35.06
141 27.16
142 23.87
143 27.46
144 30.76
145 35.15
146 37.73
147 42.21
148 40.17
149 33.42
150 79.2
151 42.04
152 33.95
153 29.78
154 28.53
155 26.55
156 25.76
157 32.89
158 30.69
159 39.13
160 31.6
161 29.66
162 27.21
163 24.61
164 26.8
165 30.83
166 33.43
167 33.19
168 29.27
169 28.66
170 22.62
171 26.34
172 25.62
173 27.36
174 26.68
175 24.28
176 20.28
177 18.51
178 25.86
179 27.59
180 25.58
181 24.48
182 23.93
183 16.72
184 17.45
185 21.26
186 28.49
187 27.89
188 31.49
189 33.2
190 30.85
191 29.51
192 41.26
193 37.82
194 39
195 43.36
196 38.78
197 29.72
198 24.25
199 24.72
200 27.58
201 28.17
202 30.23
203 31.33
204 28.41
205 25.56
206 26.98
207 32.85
208 36.56
209 34.82
210 30.01
211 21.89
212 20.09
213 22.6
214 27.42
215 27.29
216 29.25
217 32.63
218 32.11
219 30.36
220 33.8
221 37.53
222 34.46
223 39.28
224 37.54
225 30.59
226 27.44
227 33.24
228 33.17
229 32.41
230 32.43
231 29.41
232 24
233 21.11
234 29.76
235 26.17
236 25.01
237 25.11
238 28.02
239 24.46
240 24.65
241 32.96
242 32.8
243 31.57
244 30.58
245 24.18
246 18.85
247 17.54
248 22.94
249 24.09
250 28.58
251 29.04
252 30.4
253 28.14
254 28.46
255 33.33
256 29.33
257 32.72
258 32.94
259 33.54
260 23.61
261 25.61
262 25.6
263 29.65
264 32.52
265 25.84
266 27.64
267 26.25
268 20.53
269 24.89
270 25.45
271 26.72
272 24.56
273 25.82
274 19.6
275 22.51
276 27.93
277 23.13
278 22.22
279 27.02
280 28.05
281 28.51
282 24.79
283 30.34
284 31.12
285 30.65
286 29.77
287 27.46
288 22.35
289 21.03
290 29.07
291 29.35
292 23.92
293 22.72
294 18.85
295 6.69
296 16.12
297 24.31
298 23.86
299 22.06
300 21.33
301 25.17
302 15.92
303 15.65
304 20.3
305 17.82
306 23.31
307 23.92
308 29.69
309 26.14
310 25.06
311 32.55
312 35.51
313 25.87
314 26.13
315 31.33
316 26.94
317 24.37
318 26.13
319 30.45
320 26.9
321 28.64
322 30.31
323 26.16
324 17.86
325 26.47
326 26.25
327 25.73
328 29.01
329 32.41
330 24.57
331 22.19
332 29.08
333 27.61
334 19.02
335 22.15
336 22.5
337 17.4
338 16.17
339 19.65
340 22.53
341 23.94
342 25.15
343 28.03
344 25.26
345 19.64
346 23.69
347 24.17
348 23.74
349 23.72
350 25.41
351 23.25
352 16.42
353 23.53
354 23.35
355 25.64
356 26.75
357 27.03
358 24.67
359 14.13
360 12.87
361 15.23
362 19.28
363 22
364 24.99
365 25.44