1 12
2 6
3 2
4 5
5 6
6 4
7 3
8 77
9 23
10 44
11 99
12 133
13 132
14 162
15 104
16 114
17 95
18 105
19 65
20 3
21 4
22 6
23 1
24 9
25 16
26 3
27 2
28 2
29 1
30 4
31 4
32 87
33 33
34 84
35 122
36 172
37 146
38 144
39 137
40 112
41 92
42 129
43 147
44 122
45 20
46 9
47 10
48 10
49 10
50 3
51 3
52 2
53 3
54 5
55 2
56 104
57 145
58 161
59 190
60 222
61 253
62 215
63 217
64 217
65 212
66 185
67 216
68 162
69 24
70 3
71 1
72 9
73 10
74 4
75 3
76 1
77 1
78 3
79 3
80 90
81 141
82 166
83 208
84 240
85 256
86 227
87 210
88 207
89 188
90 226
91 206
92 138
93 21
94 5
95 7
96 3
97 8
98 2
99 1
100 0
101 1
102 5
103 9
104 86
105 156
106 185
107 186
108 223
109 245
110 202
111 241
112 225
113 182
114 188
115 251
116 159
117 18
118 3
119 8
120 2
121 9
122 4
123 0
124 3
125 5
126 1
127 6
128 98
129 144
130 211
131 197
132 240
133 234
134 193
135 236
136 222
137 188
138 239
139 201
140 129
141 19
142 5
143 10
144 5
145 14
146 9
147 3
148 4
149 0
150 4
151 4
152 58
153 64
154 87
155 114
156 120
157 197
158 170
159 148
160 159
161 123
162 177
163 203
164 121
165 13
166 10
167 4
168 2
169 9
170 2
171 2
172 3
173 0
174 6
175 5
176 53
177 36
178 85
179 121
180 186
181 216
182 183
183 174
184 169
185 134
186 183
187 83
188 14
189 5
190 6
191 10
192 7
193 9
194 3
195 1
196 3
197 4
198 3
199 3
200 109
201 164
202 202
203 188
204 233
205 257
206 236
207 211
208 214
209 190
210 189
211 199
212 156
213 27
214 7
215 3
216 6
217 7
218 2
219 5
220 3
221 3
222 4
223 5
224 108
225 174
226 190
227 225
228 244
229 254
230 217
231 212
232 201
233 209
234 208
235 239
236 154
237 25
238 7
239 6
240 6
241 6
242 2
243 2
244 0
245 4
246 6
247 4
248 118
249 169
250 187
251 204
252 255
253 263
254 212
255 236
256 220
257 200
258 208
259 239
260 127
261 25
262 3
263 3
264 6
265 11
266 1
267 3
268 9
269 2
270 1
271 4
272 132
273 162
274 207
275 199
276 225
277 221
278 224
279 237
280 238
281 196
282 216
283 274
284 129
285 21
286 4
287 4
288 4
289 6
290 3
291 4
292 1
293 7
294 4
295 3
296 126
297 175
298 231
299 210
300 220
301 266
302 207
303 226
304 258
305 221
306 236
307 226
308 131
309 18
310 4
311 2
312 7
313 12
314 2
315 3
316 5
317 4
318 3
319 4
320 72
321 70
322 95
323 120
324 165
325 219
326 170
327 203
328 173
329 169
330 172
331 235
332 141
333 24
334 6
335 3
336 1
337 8
338 2
339 0
340 3
341 6
342 4
343 3
344 75
345 69
346 100
347 159
348 221
349 193
350 206
351 204
352 196
353 171
354 195
355 92
356 14
357 2
358 1
359 5
360 3
361 8
362 2
363 4
364 2
365 10
366 5
367 5
368 143
369 169
370 212
371 203
372 255
373 245
374 227
375 239
376 230
377 225
378 189
379 250
380 127
381 25
382 7
383 13
384 7
385 3
386 2
387 0
388 1
389 4
390 2
391 5
392 142
393 154
394 227
395 211
396 262
397 268
398 223
399 233
400 235
401 205
402 214
403 264
404 155
405 16
406 8
407 7
408 2
409 6
410 5
411 4
412 1
413 6
414 6
415 3
416 128
417 157
418 237
419 229
420 258
421 265
422 216
423 199
424 239
425 215
426 202
427 254
428 163
429 27
430 7
431 8
432 2
433 12
434 2
435 5
436 1
437 2
438 5
439 7
440 129
441 156
442 246
443 222
444 280
445 234
446 230
447 234
448 216
449 193
450 208
451 211
452 165
453 23
454 11
455 6
456 3
457 9
458 4
459 1
460 5
461 6
462 6
463 8
464 141
465 165
466 220
467 231
468 224
469 254
470 217
471 257
472 258
473 208
474 203
475 237
476 133
477 14
478 6
479 3
480 4
481 10
482 3
483 4
484 2
485 1
486 5
487 3
488 57
489 70
490 133
491 147
492 184
493 161
494 221
495 191
496 170
497 143
498 164
499 247
500 123
501 13
502 10
503 6
504 3
505 12
506 5
507 7
508 6
509 4
510 4
511 6
512 58
513 50
514 96
515 149
516 193
517 191
518 191
519 160
520 166
521 169
522 202
523 61
524 8
525 5
526 6
527 9
528 6
529 6
530 3
531 6
532 2
533 6
534 5
535 5
536 119
537 157
538 239
539 240
540 257
541 242
542 250
543 252
544 218
545 244
546 161
547 237
548 148
549 23
550 5
551 5
552 7
553 8
554 3
555 2
556 4
557 4
558 1
559 9
560 124
561 153
562 196
563 233
564 258
565 228
566 243
567 251
568 225
569 213
570 217
571 211
572 158
573 21
574 8
575 12
576 11
577 8
578 2
579 2
580 2
581 3
582 5
583 8
584 121
585 154
586 219
587 227
588 264
589 234
590 239
591 239
592 247
593 203
594 178
595 227
596 153
597 25
598 6
599 8
600 2
601 15
602 6
603 3
604 3
605 3
606 4
607 5
608 79
609 52
610 103
611 130
612 131
613 129
614 117
615 119
616 147
617 104
618 115
619 118
620 92
621 12
622 3
623 8
624 6
625 12
626 7
627 1
628 1
629 3
630 7
631 7
632 147
633 177
634 211
635 240
636 263
637 235
638 215
639 235
640 248
641 225
642 232
643 211
644 124
645 32
646 9
647 11
648 11
649 15
650 6
651 8
652 7
653 2
654 2
655 6
656 63
657 82
658 94
659 203
660 185
661 211
662 217
663 166
664 200
665 190
666 205
667 245
668 107
669 16
670 10
671 6
672 3
673 10
674 1
675 0
676 0
677 2
678 10
679 5
680 101
681 99
682 172
683 214
684 148
685 150
686 154
687 155
688 177
689 200
690 176
691 80
692 9
693 4
694 14
695 5
696 9
697 12
698 2
699 4
700 3
701 9
702 6
703 5
704 148
705 179
706 266
707 248
708 281
709 258
710 259
711 244
712 235
713 191
714 194
715 253
716 145
717 15
718 3
719 5
720 2
721 7
722 5
723 2
724 1
725 7
726 6
727 7
728 136
729 157
730 224
731 249
732 234
733 273
734 228
735 230
736 223
737 202
738 248
739 247
740 114
741 23
742 16
743 12
744 6
745 9
746 1
747 1
748 1
749 4
750 3
751 1
752 127
753 171
754 225
755 228
756 251
757 238
758 222
759 244
760 236
761 206
762 208
763 238
764 111
765 16
766 4
767 8
768 12
769 6
770 4
771 3
772 2
773 6
774 3
775 7
776 124
777 186
778 228
779 256
780 255
781 247
782 220
783 223
784 218
785 181
786 216
787 247
788 135
789 21
790 25
791 18
792 13
793 9
794 1
795 4
796 1
797 4
798 9
799 14
800 127
801 169
802 208
803 235
804 234
805 241
806 219
807 245
808 238
809 210
810 259
811 200
812 118
813 34
814 8
815 6
816 5
817 21
818 10
819 2
820 3
821 7
822 9
823 12
824 75
825 67
826 114
827 142
828 179
829 209
830 226
831 194
832 147
833 208
834 219
835 220
836 115
837 32
838 19
839 17
840 7
841 16
842 6
843 1
844 4
845 10
846 7
847 9
848 64
849 65
850 75
851 143
852 198
853 204
854 208
855 204
856 174
857 176
858 210
859 62
860 12
861 13
862 4
863 3
864 12
865 6
866 2
867 8
868 7
869 5
870 10
871 3
872 126
873 134
874 189
875 206
876 232
877 229
878 241
879 214
880 207
881 172
882 185
883 239
884 145
885 23
886 13
887 12
888 8
889 7
890 2
891 3
892 2
893 5
894 7
895 9
896 125
897 163
898 206
899 264
900 257
901 234
902 228
903 234
904 236
905 189
906 242
907 231
908 107
909 17
910 7
911 6
912 6
913 10
914 3
915 7
916 1
917 9
918 3
919 6
920 120
921 158
922 222
923 219
924 229
925 243
926 221
927 199
928 204
929 169
930 192
931 238
932 121
933 16
934 9
935 14
936 13
937 14
938 6
939 0
940 13
941 9
942 9
943 12
944 140
945 163
946 171
947 226
948 214
949 248
950 216
951 187
952 221
953 209
954 196
955 218
956 144
957 22
958 11
959 7
960 5
961 14
962 11
963 6
964 1
965 8
966 7
967 12
968 136
969 144
970 243
971 243
972 258
973 258
974 239
975 216
976 240
977 203
978 193
979 261
980 114
981 23
982 9
983 9
984 3
985 11
986 1
987 1
988 4
989 9
990 7
991 6
992 78
993 73
994 115
995 164
996 209
997 218
998 210
999 218
1000 209
1001 181
1002 215
1003 202
1004 110
1005 15
1006 11
1007 11
1008 19
1009 18
1010 6
1011 7
1012 3
1013 6
1014 3
1015 3
1016 62
1017 58
1018 90
1019 171
1020 203
1021 189
1022 190
1023 195
1024 199
1025 168
1026 200
1027 70
1028 20
1029 13
1030 12
1031 10
1032 6
1033 10
1034 5
1035 10
1036 10
1037 12
1038 7
1039 8
1040 142
1041 145
1042 248
1043 252
1044 256
1045 233
1046 244
1047 265
1048 244
1049 181
1050 159
1051 226
1052 144
1053 22
1054 19
1055 17
1056 6
1057 12
1058 6
1059 8
1060 8
1061 10
1062 7
1063 14
1064 157
1065 140
1066 198
1067 222
1068 244
1069 226
1070 214
1071 220
1072 223
1073 196
1074 243
1075 241
1076 99
1077 30
1078 17
1079 19
1080 11
1081 12
1082 11
1083 8
1084 7
1085 13
1086 11
1087 15
1088 155
1089 156
1090 194
1091 239
1092 250
1093 243
1094 211
1095 232
1096 226
1097 189
1098 212
1099 217
1100 124
1101 17
1102 8
1103 8
1104 8
1105 11
1106 1
1107 2
1108 2
1109 0
1110 4
1111 8
1112 135
1113 159
1114 203
1115 207
1116 226
1117 233
1118 213
1119 209
1120 198
1121 148
1122 192
1123 217
1124 122
1125 27
1126 8
1127 9
1128 7
1129 11
1130 9
1131 8
1132 6
1133 5
1134 0
1135 3
1136 154
1137 169
1138 215
1139 210
1140 225
1141 247
1142 215
1143 218
1144 243
1145 192
1146 190
1147 244
1148 112
1149 17
1150 8
1151 11
1152 8
1153 12
1154 1
1155 8
1156 3
1157 3
1158 2
1159 7
1160 80
1161 74
1162 110
1163 131
1164 172
1165 169
1166 219
1167 186
1168 183
1169 183
1170 224
1171 206
1172 117
1173 22
1174 9
1175 6
1176 7
1177 20
1178 10
1179 9
1180 5
1181 15
1182 10
1183 15
1184 69
1185 81
1186 134
1187 181
1188 200
1189 210
1190 198
1191 197
1192 199
1193 202
1194 210
1195 88
1196 11
1197 6
1198 6
1199 4
1200 3
1201 5
1202 1
1203 2
1204 5
1205 6
1206 5
1207 7
1208 129
1209 153
1210 236
1211 234
1212 242
1213 234
1214 221
1215 236
1216 205
1217 191
1218 176
1219 261
1220 135
1221 37
1222 6
1223 10
1224 2
1225 9
1226 0
1227 0
1228 2
1229 4
1230 6
1231 3
1232 161
1233 158
1234 220
1235 259
1236 249
1237 254
1238 248
1239 250
1240 225
1241 175
1242 227
1243 212
1244 95
1245 14
1246 12
1247 7
1248 2
1249 6
1250 1
1251 3
1252 0
1253 2
1254 2
1255 7
1256 131
1257 216
1258 260
1259 241
1260 280
1261 267
1262 213
1263 239
1264 241
1265 174
1266 198
1267 212
1268 121
1269 24
1270 10
1271 6
1272 1
1273 8
1274 1
1275 1
1276 1
1277 6
1278 13
1279 9
1280 136
1281 164
1282 199
1283 220
1284 255
1285 240
1286 204
1287 231
1288 192
1289 184
1290 195
1291 231
1292 129
1293 18
1294 3
1295 13
1296 3
1297 5
1298 1
1299 3
1300 2
1301 2
1302 1
1303 5
1304 142
1305 180
1306 227
1307 235
1308 242
1309 241
1310 217
1311 265
1312 219
1313 223
1314 219
1315 210
1316 113
1317 15
1318 8
1319 9
1320 4
1321 9
1322 8
1323 2
1324 6
1325 9
1326 3
1327 4
1328 102
1329 111
1330 149
1331 157
1332 183
1333 173
1334 196
1335 173
1336 175
1337 186
1338 194
1339 130
1340 119
1341 14
1342 3
1343 6
1344 0
1345 12
1346 2
1347 3
1348 9
1349 14
1350 2
1351 5
1352 99
1353 73
1354 98
1355 149
1356 173
1357 159
1358 181
1359 176
1360 131
1361 153
1362 165
1363 62
1364 9
1365 4
1366 2
1367 4
1368 2
1369 8
1370 2
1371 2
1372 8
1373 5
1374 2
1375 3
1376 115
1377 126
1378 193
1379 242
1380 228
1381 228
1382 228
1383 234
1384 252
1385 186
1386 171
1387 241
1388 155
1389 19
1390 11
1391 2
1392 4
1393 8
1394 0
1395 3
1396 0
1397 8
1398 9
1399 12
1400 137
1401 146
1402 208
1403 239
1404 239
1405 246
1406 239
1407 243
1408 202
1409 205
1410 212
1411 203
1412 117
1413 30
1414 14
1415 6
1416 9
1417 7
1418 0
1419 0
1420 2
1421 0
1422 5
1423 12
1424 145
1425 144
1426 198
1427 269
1428 247
1429 253
1430 241
1431 247
1432 268
1433 206
1434 196
1435 236
1436 113
1437 23
1438 10
1439 6
1440 5
1441 5
1442 1
1443 4
1444 1
1445 5
1446 3
1447 8
1448 151
1449 178
1450 222
1451 239
1452 293
1453 235
1454 221
1455 232
1456 212
1457 201
1458 214
1459 222
1460 119
1461 16
1462 6
1463 10
1464 0
1465 6
1466 0
1467 3
1468 3
1469 2
1470 0
1471 4
1472 77
1473 94
1474 129
1475 156
1476 196
1477 238
1478 199
1479 202
1480 181
1481 173
1482 239
1483 195
1484 100
1485 11
1486 6
1487 6
1488 6
1489 11
1490 1
1491 1
1492 3
1493 5
1494 3
1495 3
1496 52
1497 69
1498 102
1499 193
1500 196
1501 202
1502 184
1503 199
1504 186
1505 185
1506 205
1507 80
1508 1
1509 2
1510 9
1511 3
1512 2
1513 3
1514 1
1515 0
1516 1
1517 2
1518 2
1519 4
1520 132
1521 154
1522 207
1523 231
1524 229
1525 243
1526 253
1527 223
1528 240
1529 199
1530 184
1531 206
1532 142
1533 24
1534 8
1535 2
1536 4
1537 6
1538 1
1539 1
1540 4
1541 0
1542 1
1543 5
1544 148
1545 185
1546 256
1547 271
1548 283
1549 253
1550 237
1551 232
1552 215
1553 207
1554 205
1555 226
1556 114
1557 13
1558 2
1559 7
1560 1
1561 4
1562 1
1563 3
1564 6
1565 4
1566 8
1567 5
1568 149
1569 140
1570 216
1571 268
1572 246
1573 243
1574 219
1575 242
1576 232
1577 221
1578 207
1579 228
1580 127
1581 24
1582 7
1583 6
1584 3
1585 8
1586 1
1587 3
1588 2
1589 2
1590 3
1591 2
1592 150
1593 153
1594 185
1595 256
1596 226
1597 245
1598 223
1599 246
1600 260
1601 192
1602 206
1603 223
1604 118
1605 26
1606 8
1607 5
1608 3
1609 5
1610 5
1611 0
1612 1
1613 4
1614 7
1615 2
1616 145
1617 161
1618 227
1619 247
1620 273
1621 272
1622 241
1623 242
1624 247
1625 212
1626 220
1627 258
1628 89
1629 14
1630 1
1631 1
1632 1
1633 6
1634 2
1635 5
1636 4
1637 0
1638 1
1639 7
1640 68
1641 58
1642 101
1643 131
1644 165
1645 215
1646 227
1647 181
1648 179
1649 177
1650 197
1651 210
1652 100
1653 14
1654 1
1655 7
1656 1
1657 10
1658 7
1659 8
1660 4
1661 0
1662 3
1663 3
1664 51
1665 37
1666 96
1667 126
1668 199
1669 205
1670 187
1671 187
1672 198
1673 178
1674 194
1675 57
1676 3
1677 5
1678 5
1679 6
1680 5
1681 7
1682 0
1683 0
1684 2
1685 0
1686 3
1687 1
1688 106
1689 74
1690 95
1691 134
1692 95
1693 83
1694 81
1695 107
1696 125
1697 107
1698 129
1699 122
1700 104
1701 11
1702 2
1703 6
1704 1
1705 3
1706 1
1707 1
1708 0
1709 3
1710 7
1711 3
1712 132
1713 161
1714 210
1715 238
1716 251
1717 262
1718 257
1719 217
1720 206
1721 204
1722 186
1723 256
1724 126
1725 15
1726 10
1727 6
1728 6
1729 2
1730 1
1731 4
1732 0
1733 1
1734 6
1735 4
1736 144
1737 173
1738 215
1739 241
1740 211
1741 230
1742 199
1743 244
1744 220
1745 187
1746 190
1747 234
1748 129
1749 17
1750 1
1751 8
1752 2
1753 6
1754 1
1755 5
1756 3
1757 0
1758 5
1759 5
1760 147
1761 152
1762 234
1763 241
1764 245
1765 257
1766 216
1767 237
1768 224
1769 192
1770 192
1771 263
1772 113
1773 15
1774 8
1775 5
1776 6
1777 12
1778 2
1779 1
1780 1
1781 2
1782 9
1783 6
1784 156
1785 166
1786 211
1787 242
1788 230
1789 243
1790 203
1791 253
1792 204
1793 222
1794 252
1795 224
1796 142
1797 29
1798 22
1799 3
1800 2
1801 11
1802 2
1803 4
1804 0
1805 2
1806 1
1807 6
1808 103
1809 94
1810 208
1811 160
1812 205
1813 243
1814 183
1815 207
1816 192
1817 169
1818 177
1819 211
1820 89
1821 10
1822 2
1823 2
1824 6
1825 12
1826 11
1827 3
1828 2
1829 3
1830 3
1831 5
1832 65
1833 64
1834 99
1835 174
1836 206
1837 234
1838 230
1839 229
1840 221
1841 219
1842 164
1843 59
1844 13
1845 6
1846 14
1847 11
1848 8
1849 12
1850 6
1851 6
1852 5
1853 8
1854 10
1855 13
1856 129
1857 161
1858 216
1859 227
1860 200
1861 259
1862 217
1863 235
1864 197
1865 178
1866 210
1867 235
1868 127
1869 19
1870 11
1871 11
1872 10
1873 9
1874 4
1875 18
1876 4
1877 8
1878 8
1879 12
1880 143
1881 154
1882 216
1883 226
1884 243
1885 243
1886 229
1887 232
1888 214
1889 210
1890 222
1891 207
1892 130
1893 21
1894 14
1895 6
1896 13
1897 8
1898 5
1899 8
1900 6
1901 9
1902 6
1903 9
1904 140
1905 162
1906 219
1907 258
1908 265
1909 249
1910 225
1911 240
1912 236
1913 193
1914 181
1915 224
1916 115
1917 26
1918 7
1919 11
1920 10
1921 9
1922 14
1923 9
1924 13
1925 8
1926 12
1927 13
1928 170
1929 162
1930 224
1931 216
1932 258
1933 256
1934 231
1935 260
1936 230
1937 194
1938 198
1939 240
1940 126
1941 16
1942 11
1943 11
1944 6
1945 8
1946 6
1947 3
1948 4
1949 7
1950 5
1951 6
1952 155
1953 170
1954 206
1955 230
1956 254
1957 213
1958 216
1959 247
1960 224
1961 214
1962 222
1963 224
1964 121
1965 12
1966 3
1967 2
1968 3
1969 12
1970 1
1971 2
1972 4
1973 0
1974 3
1975 2
1976 79
1977 66
1978 99
1979 121
1980 169
1981 220
1982 204
1983 181
1984 192
1985 172
1986 214
1987 213
1988 99
1989 13
1990 3
1991 3
1992 4
1993 8
1994 3
1995 5
1996 1
1997 1
1998 2
1999 4
2000 66
2001 59
2002 113
2003 138
2004 208
2005 191
2006 183
2007 181
2008 169
2009 177
2010 185
2011 73
2012 8
2013 3
2014 0
2015 4
2016 2
2017 2
2018 0
2019 0
2020 5
2021 5
2022 3
2023 5
2024 127
2025 156
2026 200
2027 175
2028 206
2029 206
2030 213
2031 219
2032 207
2033 191
2034 205
2035 230
2036 140
2037 12
2038 8
2039 4
2040 3
2041 4
2042 4
2043 0
2044 0
2045 2
2046 5
2047 6
2048 127
2049 134
2050 204
2051 215
2052 234
2053 243
2054 206
2055 234
2056 229
2057 211
2058 200
2059 209
2060 110
2061 22
2062 4
2063 7
2064 3
2065 7
2066 3
2067 6
2068 2
2069 3
2070 4
2071 8
2072 151
2073 160
2074 221
2075 234
2076 243
2077 214
2078 223
2079 244
2080 216
2081 205
2082 226
2083 210
2084 120
2085 35
2086 12
2087 8
2088 7
2089 8
2090 4
2091 4
2092 3
2093 5
2094 3
2095 11
2096 126
2097 162
2098 204
2099 210
2100 225
2101 227
2102 198
2103 218
2104 233
2105 193
2106 168
2107 219
2108 108
2109 17
2110 14
2111 11
2112 3
2113 9
2114 3
2115 6
2116 0
2117 10
2118 5
2119 9
2120 168
2121 148
2122 200
2123 254
2124 219
2125 245
2126 221
2127 235
2128 252
2129 217
2130 175
2131 235
2132 117
2133 19
2134 5
2135 4
2136 6
2137 8
2138 2
2139 7
2140 4
2141 5
2142 5
2143 9
2144 83
2145 71
2146 130
2147 160
2148 182
2149 208
2150 194
2151 182
2152 199
2153 180
2154 218
2155 209
2156 100
2157 19
2158 5
2159 5
2160 4
2161 11
2162 3
2163 11
2164 0
2165 3
2166 5
2167 4
2168 68
2169 74
2170 135
2171 152
2172 194
2173 189
2174 212
2175 161
2176 177
2177 193
2178 166
2179 55
2180 5
2181 6
2182 9
2183 6
2184 4
2185 6
2186 5
2187 4
2188 1
2189 4
2190 5
2191 11
2192 154
2193 150
2194 215
2195 212
2196 217
2197 213
2198 215
2199 212
2200 205
2201 158
2202 195
2203 227
2204 104
2205 32
2206 13
2207 6
2208 5
2209 7
2210 3
2211 2
2212 2
2213 11
2214 1
2215 9
2216 132
2217 157
2218 202
2219 215
2220 246
2221 242
2222 210
2223 216
2224 207
2225 183
2226 202
2227 223
2228 116
2229 26
2230 1
2231 7
2232 7
2233 6
2234 3
2235 3
2236 5
2237 9
2238 8
2239 11
2240 148
2241 145
2242 214
2243 204
2244 231
2245 220
2246 205
2247 203
2248 227
2249 210
2250 196
2251 206
2252 112
2253 17
2254 6
2255 8
2256 4
2257 10
2258 1
2259 0
2260 2
2261 7
2262 5
2263 3
2264 128
2265 178
2266 205
2267 192
2268 228
2269 219
2270 236
2271 239
2272 253
2273 202
2274 226
2275 195
2276 95
2277 18
2278 5
2279 3
2280 2
2281 8
2282 2
2283 2
2284 2
2285 2
2286 4
2287 4
2288 75
2289 45
2290 93
2291 145
2292 159
2293 103
2294 129
2295 119
2296 125
2297 122
2298 131
2299 101
2300 118
2301 36
2302 2
2303 3
2304 4
2305 10
2306 3
2307 1
2308 2
2309 3
2310 0
2311 9
2312 63
2313 52
2314 136
2315 128
2316 212
2317 153
2318 153
2319 187
2320 167
2321 167
2322 189
2323 96
2324 95
2325 22
2326 1
2327 8
2328 2
2329 11
2330 9
2331 10
2332 3
2333 3
2334 9
2335 3
2336 61
2337 32
2338 92
2339 132
2340 154
2341 178
2342 158
2343 148
2344 161
2345 156
2346 170
2347 35
2348 7
2349 5
2350 3
2351 2
2352 7
2353 12
2354 6
2355 1
2356 4
2357 6
2358 3
2359 5
2360 80
2361 47
2362 91
2363 131
2364 146
2365 110
2366 140
2367 115
2368 123
2369 114
2370 128
2371 103
2372 105
2373 24
2374 0
2375 4
2376 4
2377 7
2378 2
2379 2
2380 3
2381 7
2382 3
2383 9
2384 119
2385 163
2386 206
2387 211
2388 215
2389 218
2390 193
2391 234
2392 232
2393 167
2394 228
2395 212
2396 91
2397 31
2398 11
2399 7
2400 2
2401 4
2402 4
2403 5
2404 3
2405 5
2406 5
2407 4
2408 124
2409 159
2410 233
2411 224
2412 207
2413 243
2414 183
2415 220
2416 237
2417 207
2418 207
2419 197
2420 121
2421 36
2422 5
2423 7
2424 2
2425 5
2426 1
2427 3
2428 2
2429 7
2430 4
2431 6
2432 138
2433 151
2434 227
2435 203
2436 188
2437 226
2438 209
2439 217
2440 236
2441 196
2442 206
2443 232
2444 111
2445 21
2446 2
2447 10
2448 6
2449 8
2450 4
2451 4
2452 2
2453 8
2454 9
2455 5
2456 130
2457 171
2458 208
2459 183
2460 229
2461 234
2462 197
2463 243
2464 250
2465 224
2466 224
2467 203
2468 121
2469 14
2470 2
2471 4
2472 8
2473 10
2474 5
2475 5
2476 2
2477 9
2478 4
2479 4
2480 76
2481 95
2482 158
2483 169
2484 176
2485 215
2486 198
2487 215
2488 179
2489 187
2490 216
2491 192
2492 103
2493 25
2494 0
2495 2
2496 3
2497 9
2498 1
2499 0
2500 0
2501 8
2502 6
2503 4
2504 71
2505 77
2506 132
2507 139
2508 195
2509 214
2510 170
2511 178
2512 191
2513 195
2514 194
2515 48
2516 11
2517 5
2518 8
2519 7
2520 1
2521 8
2522 0
2523 2
2524 1
2525 9
2526 5
2527 3
2528 136
2529 143
2530 226
2531 222
2532 219
2533 201
2534 186
2535 196
2536 176
2537 164
2538 201
2539 210
2540 93
2541 15
2542 4
2543 6
2544 3
2545 5
2546 3
2547 1
2548 4
2549 5
2550 2
2551 5
2552 149
2553 143
2554 198
2555 198
2556 200
2557 197
2558 196
2559 226
2560 206
2561 172
2562 192
2563 230
2564 91
2565 26
2566 7
2567 5
2568 5
2569 4
2570 2
2571 3
2572 4
2573 6
2574 1
2575 5
2576 141
2577 147
2578 223
2579 205
2580 229
2581 222
2582 211
2583 226
2584 181
2585 190
2586 182
2587 213
2588 87
2589 14
2590 5
2591 6
2592 5
2593 5
2594 3
2595 2
2596 2
2597 4
2598 5
2599 11
2600 144
2601 133
2602 192
2603 214
2604 190
2605 239
2606 212
2607 236
2608 222
2609 175
2610 168
2611 206
2612 121
2613 18
2614 0
2615 1
2616 3
2617 7
2618 2
2619 3
2620 1
2621 9
2622 9
2623 7
2624 124
2625 147
2626 208
2627 231
2628 219
2629 215
2630 217
2631 252
2632 251
2633 219
2634 221
2635 198
2636 88
2637 24
2638 10
2639 7
2640 6
2641 9
2642 6
2643 5
2644 4
2645 5
2646 4
2647 11
2648 88
2649 101
2650 138
2651 185
2652 182
2653 189
2654 185
2655 168
2656 203
2657 203
2658 175
2659 190
2660 99
2661 18
2662 4
2663 6
2664 2
2665 9
2666 2
2667 0
2668 1
2669 3
2670 4
2671 7
2672 91
2673 83
2674 112
2675 169
2676 180
2677 183
2678 169
2679 164
2680 170
2681 199
2682 159
2683 66
2684 4
2685 4
2686 5
2687 10
2688 3
2689 3
2690 4
2691 2
2692 1
2693 4
2694 7
2695 6
2696 113
2697 151
2698 197
2699 250
2700 275
2701 240
2702 213
2703 215
2704 220
2705 190
2706 150
2707 184
2708 163
2709 21
2710 4
2711 4
2712 1
2713 7
2714 1
2715 0
2716 1
2717 6
2718 6
2719 6
2720 149
2721 149
2722 211
2723 252
2724 225
2725 239
2726 222
2727 219
2728 194
2729 178
2730 183
2731 211
2732 139
2733 20
2734 3
2735 5
2736 5
2737 10
2738 5
2739 5
2740 2
2741 1
2742 5
2743 4
2744 84
2745 60
2746 80
2747 112
2748 151
2749 107
2750 120
2751 95
2752 111
2753 99
2754 117
2755 101
2756 91
2757 22
2758 0
2759 10
2760 4
2761 6
2762 1
2763 5
2764 0
2765 5
2766 7
2767 12
2768 137
2769 163
2770 223
2771 228
2772 248
2773 224
2774 210
2775 207
2776 228
2777 228
2778 218
2779 255
2780 108
2781 12
2782 5
2783 4
2784 5
2785 9
2786 0
2787 3
2788 1
2789 5
2790 7
2791 11
2792 121
2793 168
2794 217
2795 224
2796 231
2797 231
2798 196
2799 260
2800 233
2801 212
2802 218
2803 189
2804 115
2805 19
2806 2
2807 1
2808 1
2809 6
2810 4
2811 1
2812 9
2813 0
2814 5
2815 3
2816 76
2817 86
2818 128
2819 158
2820 177
2821 205
2822 211
2823 185
2824 158
2825 166
2826 186
2827 196
2828 111
2829 28
2830 3
2831 5
2832 2
2833 6
2834 3
2835 0
2836 1
2837 9
2838 7
2839 6
2840 72
2841 79
2842 91
2843 157
2844 183
2845 189
2846 186
2847 191
2848 196
2849 173
2850 199
2851 80
2852 8
2853 5
2854 9
2855 6
2856 8
2857 5
2858 2
2859 1
2860 5
2861 5
2862 3
2863 8
2864 123
2865 153
2866 195
2867 234
2868 246
2869 207
2870 222
2871 212
2872 218
2873 183
2874 190
2875 197
2876 159
2877 33
2878 6
2879 5
2880 2
2881 8
2882 0
2883 3
2884 2
2885 7
2886 3
2887 13
2888 137
2889 143
2890 228
2891 217
2892 238
2893 216
2894 223
2895 214
2896 197
2897 196
2898 219
2899 236
2900 138
2901 12
2902 6
2903 7
2904 3
2905 7
2906 3
2907 1
2908 5
2909 2
2910 5
2911 5
2912 126
2913 139
2914 213
2915 252
2916 262
2917 235
2918 207
2919 227
2920 215
2921 196
2922 167
2923 211
2924 120
2925 26
2926 12
2927 10
2928 6
2929 8
2930 1
2931 2
2932 3
2933 1
2934 2
2935 6
2936 128
2937 172
2938 200
2939 226
2940 252
2941 249
2942 236
2943 224
2944 210
2945 203
2946 205
2947 247
2948 135
2949 32
2950 7
2951 5
2952 2
2953 7
2954 4
2955 3
2956 4
2957 7
2958 4
2959 10
2960 135
2961 156
2962 213
2963 242
2964 241
2965 229
2966 206
2967 264
2968 248
2969 211
2970 223
2971 183
2972 112
2973 27
2974 0
2975 3
2976 2
2977 9
2978 5
2979 1
2980 0
2981 1
2982 0
2983 9
2984 91
2985 94
2986 133
2987 156
2988 200
2989 220
2990 227
2991 225
2992 182
2993 166
2994 209
2995 221
2996 103
2997 29
2998 10
2999 3
3000 5
3001 12
3002 5
3003 4
3004 2
3005 2
3006 0
3007 5
3008 67
3009 80
3010 140
3011 172
3012 201
3013 185
3014 200
3015 174
3016 190
3017 196
3018 197
3019 81
3020 14
3021 7
3022 5
3023 11
3024 5
3025 6
3026 1
3027 2
3028 0
3029 6
3030 3
3031 5
3032 138
3033 178
3034 255
3035 214
3036 227
3037 258
3038 234
3039 228
3040 222
3041 214
3042 200
3043 248
3044 145
3045 24
3046 2
3047 2
3048 3
3049 4
3050 2
3051 3
3052 4
3053 6
3054 8
3055 3
3056 144
3057 142
3058 213
3059 224
3060 235
3061 234
3062 221
3063 210
3064 207
3065 199
3066 203
3067 232
3068 130
3069 18
3070 9
3071 3
3072 5
3073 4
3074 2
3075 3
3076 3
3077 7
3078 2
3079 3
3080 160
3081 155
3082 245
3083 229
3084 224
3085 246
3086 201
3087 207
3088 238
3089 202
3090 207
3091 221
3092 128
3093 22
3094 7
3095 5
3096 7
3097 6
3098 2
3099 1
3100 5
3101 5
3102 4
3103 10
3104 151
3105 163
3106 229
3107 202
3108 233
3109 259
3110 219
3111 200
3112 184
3113 170
3114 213
3115 219
3116 96
3117 20
3118 15
3119 8
3120 4
3121 8
3122 2
3123 1
3124 2
3125 7
3126 8
3127 11
3128 150
3129 139
3130 226
3131 244
3132 247
3133 237
3134 230
3135 238
3136 243
3137 209
3138 215
3139 200
3140 116
3141 22
3142 6
3143 9
3144 3
3145 7
3146 5
3147 4
3148 6
3149 4
3150 4
3151 12
3152 102
3153 77
3154 109
3155 159
3156 224
3157 202
3158 212
3159 193
3160 211
3161 154
3162 230
3163 209
3164 102
3165 10
3166 7
3167 2
3168 4
3169 10
3170 7
3171 5
3172 8
3173 5
3174 8
3175 7
3176 77
3177 70
3178 124
3179 182
3180 193
3181 178
3182 185
3183 146
3184 158
3185 194
3186 173
3187 56
3188 5
3189 5
3190 5
3191 8
3192 6
3193 5
3194 1
3195 1
3196 4
3197 6
3198 3
3199 9
3200 135
3201 134
3202 203
3203 213
3204 212
3205 230
3206 210
3207 197
3208 210
3209 180
3210 205
3211 178
3212 141
3213 18
3214 4
3215 4
3216 4
3217 4
3218 1
3219 0
3220 3
3221 1
3222 7
3223 2
3224 127
3225 110
3226 189
3227 189
3228 216
3229 208
3230 191
3231 184
3232 165
3233 153
3234 202
3235 231
3236 121
3237 29
3238 2
3239 0
3240 0
3241 6
3242 3
3243 3
3244 3
3245 3
3246 4
3247 5
3248 128
3249 137
3250 215
3251 212
3252 208
3253 215
3254 200
3255 191
3256 217
3257 200
3258 197
3259 232
3260 102
3261 19
3262 4
3263 6
3264 7
3265 8
3266 2
3267 2
3268 0
3269 2
3270 3
3271 3
3272 140
3273 154
3274 230
3275 239
3276 230
3277 222
3278 216
3279 221
3280 224
3281 177
3282 202
3283 202
3284 114
3285 17
3286 2
3287 4
3288 9
3289 4
3290 2
3291 4
3292 4
3293 7
3294 4
3295 3
3296 154
3297 163
3298 242
3299 239
3300 213
3301 230
3302 233
3303 228
3304 245
3305 204
3306 195
3307 195
3308 95
3309 20
3310 7
3311 6
3312 3
3313 7
3314 2
3315 0
3316 1
3317 0
3318 3
3319 6
3320 82
3321 98
3322 107
3323 153
3324 185
3325 189
3326 187
3327 194
3328 182
3329 146
3330 223
3331 215
3332 112
3333 11
3334 3
3335 6
3336 3
3337 7
3338 2
3339 1
3340 3
3341 6
3342 7
3343 2
3344 105
3345 95
3346 109
3347 170
3348 193
3349 191
3350 162
3351 166
3352 185
3353 183
3354 167
3355 61
3356 5
3357 6
3358 2
3359 4
3360 3
3361 6
3362 1
3363 3
3364 3
3365 3
3366 5
3367 3
3368 125
3369 159
3370 207
3371 233
3372 214
3373 221
3374 181
3375 194
3376 207
3377 184
3378 158
3379 204
3380 131
3381 27
3382 1
3383 1
3384 1
3385 5
3386 1
3387 4
3388 4
3389 4
3390 7
3391 4
3392 129
3393 166
3394 227
3395 212
3396 226
3397 234
3398 216
3399 217
3400 211
3401 177
3402 175
3403 209
3404 94
3405 14
3406 3
3407 4
3408 1
3409 4
3410 1
3411 2
3412 1
3413 10
3414 4
3415 2
3416 135
3417 139
3418 220
3419 207
3420 192
3421 193
3422 194
3423 196
3424 196
3425 186
3426 159
3427 167
3428 75
3429 13
3430 4
3431 6
3432 4
3433 6
3434 2
3435 2
3436 5
3437 4
3438 3
3439 2
3440 130
3441 156
3442 192
3443 201
3444 227
3445 207
3446 221
3447 225
3448 208
3449 179
3450 165
3451 198
3452 105
3453 11
3454 3
3455 1
3456 5
3457 6
3458 0
3459 3
3460 2
3461 4
3462 1
3463 3
3464 130
3465 139
3466 181
3467 225
3468 214
3469 209
3470 200
3471 190
3472 232
3473 197
3474 238
3475 186
3476 108
3477 6
3478 0
3479 2
3480 2
3481 11
3482 4
3483 4
3484 1
3485 4
3486 4
3487 8
3488 67
3489 68
3490 142
3491 134
3492 208
3493 189
3494 206
3495 185
3496 191
3497 179
3498 168
3499 150
3500 88
3501 9
3502 0
3503 2
3504 5
3505 8
3506 2
3507 1
3508 2
3509 5
3510 5
3511 2
3512 70
3513 76
3514 104
3515 176
3516 207
3517 156
3518 180
3519 153
3520 186
3521 172
3522 179
3523 65
3524 3
3525 8
3526 6
3527 1
3528 1
3529 4
3530 2
3531 2
3532 2
3533 3
3534 3
3535 4
3536 118
3537 143
3538 195
3539 210
3540 218
3541 200
3542 203
3543 198
3544 222
3545 160
3546 167
3547 191
3548 108
3549 15
3550 4
3551 5
3552 3
3553 2
3554 1
3555 3
3556 3
3557 2
3558 2
3559 5
3560 122
3561 131
3562 192
3563 221
3564 219
3565 224
3566 200
3567 224
3568 197
3569 154
3570 189
3571 206
3572 79
3573 12
3574 3
3575 5
3576 2
3577 3
3578 1
3579 4
3580 3
3581 4
3582 2
3583 7
3584 123
3585 132
3586 203
3587 208
3588 220
3589 191
3590 229
3591 202
3592 196
3593 177
3594 201
3595 200
3596 118
3597 13
3598 11
3599 6
3600 1
3601 7
3602 1
3603 1
3604 1
3605 3
3606 5
3607 3
3608 116
3609 170
3610 181
3611 207
3612 247
3613 215
3614 192
3615 206
3616 211
3617 198
3618 185
3619 217
3620 95
3621 19
3622 8
3623 2
3624 9
3625 6
3626 0
3627 6
3628 0
3629 4
3630 6
3631 4
3632 149
3633 155
3634 203
3635 221
3636 207
3637 208
3638 193
3639 215
3640 191
3641 201
3642 183
3643 206
3644 90
3645 16
3646 3
3647 10
3648 9
3649 7
3650 7
3651 6
3652 5
3653 1
3654 3
3655 6
3656 64
3657 74
3658 112
3659 146
3660 171
3661 196
3662 187
3663 193
3664 160
3665 146
3666 194
3667 204
3668 99
3669 17
3670 1
3671 0
3672 6
3673 8
3674 1
3675 2
3676 1
3677 2
3678 1
3679 8
3680 52
3681 70
3682 89
3683 155
3684 184
3685 178
3686 180
3687 184
3688 170
3689 206
3690 191
3691 64
3692 10
3693 1
3694 2
3695 7
3696 3
3697 5
3698 5
3699 1
3700 1
3701 7
3702 9
3703 1
3704 135
3705 136
3706 193
3707 201
3708 220
3709 208
3710 196
3711 224
3712 166
3713 177
3714 185
3715 210
3716 126
3717 12
3718 2
3719 2
3720 3
3721 5
3722 0
3723 2
3724 1
3725 6
3726 2
3727 4
3728 132
3729 162
3730 233
3731 219
3732 251
3733 229
3734 212
3735 233
3736 186
3737 167
3738 185
3739 197
3740 99
3741 22
3742 2
3743 1
3744 3
3745 4
3746 2
3747 1
3748 4
3749 5
3750 2
3751 3
3752 142
3753 160
3754 217
3755 236
3756 221
3757 216
3758 204
3759 230
3760 200
3761 202
3762 207
3763 208
3764 115
3765 15
3766 4
3767 10
3768 8
3769 7
3770 6
3771 1
3772 0
3773 6
3774 7
3775 2
3776 146
3777 172
3778 191
3779 202
3780 228
3781 212
3782 178
3783 244
3784 205
3785 178
3786 214
3787 204
3788 99
3789 11
3790 5
3791 5
3792 2
3793 6
3794 1
3795 4
3796 1
3797 11
3798 5
3799 6
3800 129
3801 158
3802 207
3803 242
3804 235
3805 240
3806 212
3807 210
3808 218
3809 212
3810 238
3811 198
3812 92
3813 15
3814 4
3815 6
3816 6
3817 11
3818 3
3819 5
3820 7
3821 4
3822 6
3823 7
3824 55
3825 59
3826 92
3827 140
3828 197
3829 175
3830 193
3831 167
3832 175
3833 167
3834 217
3835 188
3836 107
3837 13
3838 0
3839 4
3840 2
3841 5
3842 0
3843 1
3844 1
3845 4
3846 1
3847 4
3848 61
3849 48
3850 110
3851 146
3852 200
3853 176
3854 185
3855 160
3856 173
3857 165
3858 171
3859 43
3860 2
3861 8
3862 2
3863 6
3864 11
3865 8
3866 4
3867 4
3868 3
3869 1
3870 3
3871 4
3872 66
3873 37
3874 97
3875 157
3876 158
3877 95
3878 92
3879 104
3880 128
3881 103
3882 110
3883 139
3884 93
3885 21
3886 4
3887 7
3888 4
3889 3
3890 2
3891 1
3892 3
3893 6
3894 4
3895 5
3896 122
3897 180
3898 229
3899 225
3900 220
3901 243
3902 202
3903 239
3904 221
3905 175
3906 164
3907 189
3908 135
3909 24
3910 3
3911 3
3912 2
3913 5
3914 1
3915 3
3916 5
3917 11
3918 6
3919 8
3920 146
3921 155
3922 233
3923 212
3924 227
3925 205
3926 202
3927 238
3928 198
3929 166
3930 207
3931 231
3932 121
3933 14
3934 11
3935 2
3936 6
3937 5
3938 3
3939 2
3940 3
3941 2
3942 7
3943 10
3944 145
3945 157
3946 195
3947 260
3948 224
3949 229
3950 194
3951 254
3952 244
3953 197
3954 209
3955 220
3956 121
3957 17
3958 1
3959 4
3960 4
3961 10
3962 2
3963 3
3964 1
3965 3
3966 3
3967 6
3968 149
3969 163
3970 223
3971 209
3972 213
3973 251
3974 220
3975 222
3976 231
3977 204
3978 218
3979 223
3980 111
3981 20
3982 5
3983 7
3984 3
3985 5
3986 2
3987 4
3988 1
3989 6
3990 3
3991 6
3992 78
3993 62
3994 99
3995 131
3996 179
3997 219
3998 196
3999 184
4000 192
4001 198
4002 209
4003 173
4004 89
4005 6
4006 5
4007 3
4008 2
4009 8
4010 1
4011 4
4012 2
4013 4
4014 3
4015 11
4016 64
4017 71
4018 115
4019 156
4020 210
4021 176
4022 191
4023 179
4024 160
4025 187
4026 176
4027 80
4028 3
4029 6
4030 6
4031 9
4032 7
4033 8
4034 2
4035 2
4036 5
4037 5
4038 1
4039 7
4040 132
4041 151
4042 220
4043 226
4044 226
4045 221
4046 229
4047 216
4048 204
4049 195
4050 189
4051 201
4052 128
4053 21
4054 9
4055 6
4056 3
4057 5
4058 1
4059 1
4060 3
4061 4
4062 2
4063 6
4064 123
4065 150
4066 217
4067 243
4068 219
4069 216
4070 213
4071 235
4072 232
4073 209
4074 187
4075 240
4076 119
4077 26
4078 5
4079 5
4080 2
4081 4
4082 1
4083 0
4084 2
4085 5
4086 7
4087 6
4088 160
4089 163
4090 226
4091 191
4092 231
4093 249
4094 212
4095 206
4096 225
4097 181
4098 203
4099 212
4100 118
4101 19
4102 1
4103 7
4104 4
4105 8
4106 0
4107 0
4108 1
4109 3
4110 7
4111 9
4112 125
4113 140
4114 163
4115 236
4116 210
4117 242
4118 214
4119 195
4120 207
4121 145
4122 181
4123 208
4124 102
4125 22
4126 5
4127 8
4128 3
4129 6
4130 2
4131 2
4132 3
4133 5
4134 8
4135 7
4136 148
4137 148
4138 235
4139 230
4140 233
4141 231
4142 230
4143 201
4144 230
4145 204
4146 209
4147 214
4148 107
4149 18
4150 1
4151 6
4152 2
4153 6
4154 2
4155 3
4156 1
4157 7
4158 5
4159 5
4160 80
4161 84
4162 122
4163 160
4164 199
4165 237
4166 201
4167 195
4168 185
4169 171
4170 194
4171 193
4172 88
4173 19
4174 3
4175 4
4176 4
4177 8
4178 2
4179 3
4180 4
4181 5
4182 8
4183 6
4184 75
4185 78
4186 91
4187 160
4188 191
4189 189
4190 200
4191 179
4192 160
4193 182
4194 153
4195 69
4196 7
4197 6
4198 4
4199 1
4200 2
4201 5
4202 2
4203 1
4204 1
4205 9
4206 5
4207 6
4208 139
4209 156
4210 219
4211 208
4212 221
4213 241
4214 211
4215 227
4216 217
4217 173
4218 166
4219 224
4220 129
4221 24
4222 0
4223 8
4224 1
4225 3
4226 1
4227 0
4228 0
4229 6
4230 2
4231 7
4232 117
4233 168
4234 221
4235 239
4236 244
4237 230
4238 201
4239 220
4240 200
4241 187
4242 216
4243 223
4244 104
4245 18
4246 6
4247 1
4248 2
4249 4
4250 1
4251 4
4252 1
4253 4
4254 5
4255 9
4256 145
4257 157
4258 247
4259 230
4260 257
4261 251
4262 230
4263 208
4264 228
4265 199
4266 223
4267 228
4268 127
4269 16
4270 7
4271 7
4272 7
4273 9
4274 6
4275 1
4276 4
4277 6
4278 8
4279 5
4280 145
4281 171
4282 197
4283 262
4284 241
4285 248
4286 225
4287 242
4288 221
4289 201
4290 210
4291 224
4292 126
4293 20
4294 5
4295 3
4296 6
4297 12
4298 9
4299 4
4300 5
4301 4
4302 4
4303 8
4304 143
4305 187
4306 255
4307 252
4308 268
4309 234
4310 237
4311 251
4312 276
4313 234
4314 211
4315 241
4316 121
4317 24
4318 5
4319 5
4320 4
4321 9
4322 5
4323 4
4324 2
4325 6
4326 2
4327 6
4328 73
4329 69
4330 125
4331 159
4332 203
4333 212
4334 214
4335 191
4336 181
4337 168
4338 200
4339 210
4340 122
4341 13
4342 5
4343 3
4344 7
4345 11
4346 6
4347 8
4348 4
4349 11
4350 9
4351 2
4352 91
4353 75
4354 111
4355 176
4356 205
4357 223
4358 172
4359 168
4360 144
4361 179
4362 188
4363 88
4364 14
4365 10
4366 9
4367 7
4368 7
4369 10
4370 2
4371 1
4372 2
4373 7
4374 4
4375 11
4376 146
4377 165
4378 204
4379 203
4380 259
4381 231
4382 235
4383 238
4384 212
4385 215
4386 208
4387 225
4388 122
4389 23
4390 7
4391 11
4392 5
4393 5
4394 0
4395 2
4396 4
4397 9
4398 3
4399 7
4400 118
4401 156
4402 221
4403 236
4404 265
4405 257
4406 200
4407 251
4408 222
4409 202
4410 211
4411 222
4412 109
4413 23
4414 4
4415 8
4416 4
4417 9
4418 0
4419 2
4420 2
4421 2
4422 4
4423 6
4424 139
4425 173
4426 213
4427 217
4428 211
4429 251
4430 216
4431 208
4432 233
4433 211
4434 211
4435 221
4436 138
4437 26
4438 12
4439 13
4440 7
4441 6
4442 4
4443 3
4444 3
4445 3
4446 5
4447 5
4448 133
4449 176
4450 200
4451 234
4452 246
4453 234
4454 229
4455 215
4456 201
4457 201
4458 204
4459 217
4460 117
4461 18
4462 8
4463 5
4464 1
4465 8
4466 1
4467 7
4468 6
4469 7
4470 6
4471 13
4472 161
4473 197
4474 221
4475 208
4476 252
4477 249
4478 235
4479 194
4480 248
4481 221
4482 190
4483 230
4484 130
4485 11
4486 6
4487 5
4488 1
4489 10
4490 3
4491 7
4492 4
4493 6
4494 5
4495 8
4496 69
4497 60
4498 117
4499 139
4500 180
4501 166
4502 194
4503 174
4504 178
4505 178
4506 220
4507 209
4508 80
4509 14
4510 6
4511 4
4512 6
4513 9
4514 4
4515 8
4516 3
4517 8
4518 17
4519 13
4520 64
4521 63
4522 103
4523 150
4524 202
4525 191
4526 197
4527 178
4528 176
4529 199
4530 194
4531 63
4532 4
4533 1
4534 3
4535 11
4536 9
4537 6
4538 1
4539 1
4540 1
4541 7
4542 3
4543 7
4544 142
4545 160
4546 210
4547 230
4548 239
4549 232
4550 221
4551 214
4552 237
4553 180
4554 226
4555 212
4556 126
4557 19
4558 5
4559 7
4560 6
4561 10
4562 2
4563 0
4564 2
4565 8
4566 6
4567 6
4568 135
4569 147
4570 195
4571 231
4572 240
4573 257
4574 220
4575 219
4576 201
4577 194
4578 225
4579 234
4580 128
4581 16
4582 9
4583 9
4584 3
4585 6
4586 1
4587 1
4588 3
4589 3
4590 9
4591 6
4592 143
4593 176
4594 201
4595 240
4596 258
4597 236
4598 213
4599 207
4600 212
4601 193
4602 225
4603 244
4604 115
4605 20
4606 5
4607 7
4608 7
4609 8
4610 2
4611 2
4612 3
4613 7
4614 7
4615 3
4616 137
4617 136
4618 217
4619 220
4620 221
4621 247
4622 218
4623 228
4624 208
4625 196
4626 205
4627 209
4628 103
4629 12
4630 6
4631 10
4632 4
4633 9
4634 2
4635 7
4636 2
4637 6
4638 5
4639 4
4640 154
4641 171
4642 239
4643 249
4644 234
4645 245
4646 189
4647 244
4648 210
4649 219
4650 201
4651 212
4652 124
4653 19
4654 6
4655 6
4656 2
4657 7
4658 5
4659 6
4660 0
4661 8
4662 6
4663 3
4664 91
4665 100
4666 138
4667 187
4668 176
4669 226
4670 192
4671 218
4672 211
4673 177
4674 262
4675 199
4676 93
4677 16
4678 2
4679 3
4680 6
4681 11
4682 5
4683 5
4684 1
4685 6
4686 5
4687 8
4688 83
4689 95
4690 130
4691 192
4692 205
4693 194
4694 194
4695 170
4696 197
4697 170
4698 205
4699 71
4700 16
4701 10
4702 6
4703 2
4704 4
4705 9
4706 3
4707 2
4708 3
4709 5
4710 7
4711 5
4712 126
4713 144
4714 212
4715 238
4716 220
4717 247
4718 225
4719 208
4720 209
4721 178
4722 184
4723 216
4724 136
4725 29
4726 10
4727 5
4728 5
4729 6
4730 1
4731 1
4732 2
4733 9
4734 4
4735 7
4736 145
4737 148
4738 211
4739 206
4740 234
4741 251
4742 224
4743 200
4744 213
4745 181
4746 182
4747 230
4748 116
4749 18
4750 11
4751 11
4752 2
4753 10
4754 2
4755 3
4756 2
4757 1
4758 7
4759 6
4760 123
4761 162
4762 222
4763 241
4764 219
4765 231
4766 232
4767 210
4768 201
4769 200
4770 199
4771 224
4772 129
4773 17
4774 8
4775 11
4776 2
4777 9
4778 1
4779 0
4780 3
4781 6
4782 5
4783 5
4784 145
4785 130
4786 188
4787 237
4788 243
4789 236
4790 203
4791 202
4792 222
4793 191
4794 212
4795 201
4796 105
4797 11
4798 3
4799 4
4800 6
4801 7
4802 1
4803 7
4804 2
4805 9
4806 6
4807 14
4808 137
4809 150
4810 232
4811 231
4812 213
4813 251
4814 187
4815 246
4816 220
4817 180
4818 208
4819 200
4820 111
4821 19
4822 1
4823 9
4824 4
4825 8
4826 3
4827 4
4828 0
4829 5
4830 9
4831 4
4832 74
4833 88
4834 122
4835 137
4836 181
4837 212
4838 188
4839 156
4840 174
4841 180
4842 198
4843 190
4844 108
4845 10
4846 5
4847 6
4848 2
4849 10
4850 4
4851 1
4852 7
4853 4
4854 6
4855 4
4856 63
4857 52
4858 101
4859 154
4860 197
4861 178
4862 191
4863 178
4864 176
4865 156
4866 179
4867 67
4868 5
4869 5
4870 6
4871 10
4872 4
4873 7
4874 2
4875 1
4876 2
4877 9
4878 4
4879 8
4880 147
4881 136
4882 196
4883 226
4884 232
4885 244
4886 227
4887 209
4888 210
4889 177
4890 204
4891 217
4892 110
4893 26
4894 6
4895 5
4896 5
4897 8
4898 4
4899 1
4900 1
4901 4
4902 2
4903 6
4904 128
4905 144
4906 221
4907 227
4908 216
4909 212
4910 205
4911 214
4912 217
4913 171
4914 227
4915 215
4916 102
4917 33
4918 8
4919 9
4920 6
4921 6
4922 2
4923 2
4924 2
4925 4
4926 9
4927 10
4928 120
4929 128
4930 228
4931 229
4932 240
4933 244
4934 197
4935 209
4936 231
4937 183
4938 205
4939 198
4940 110
4941 23
4942 6
4943 8
4944 6
4945 4
4946 3
4947 2
4948 2
4949 4
4950 6
4951 13
4952 116
4953 134
4954 195
4955 219
4956 223
4957 232
4958 209
4959 234
4960 220
4961 174
4962 158
4963 216
4964 114
4965 19
4966 5
4967 6
4968 6
4969 12
4970 0
4971 3
4972 1
4973 5
4974 4
4975 11
4976 131
4977 164
4978 216
4979 249
4980 254
4981 229
4982 223
4983 233
4984 216
4985 186
4986 222
4987 186
4988 109
4989 14
4990 7
4991 4
4992 3
4993 9
4994 6
4995 2
4996 5
4997 3
4998 8
4999 11
5000 54
5001 54
5002 134
5003 139
5004 190
5005 221
5006 217
5007 174
5008 209
5009 189
5010 209
5011 173
5012 94
5013 20
5014 3
5015 2
5016 5
5017 10
5018 4
5019 8
5020 5
5021 5
5022 1
5023 7
5024 63
5025 61
5026 111
5027 168
5028 188
5029 179
5030 191
5031 190
5032 172
5033 189
5034 198
5035 68
5036 17
5037 9
5038 6
5039 5
5040 5
5041 5
5042 4
5043 4
5044 1
5045 6
5046 6
5047 3
5048 107
5049 141
5050 188
5051 224
5052 211
5053 212
5054 203
5055 196
5056 211
5057 171
5058 194
5059 199
5060 114
5061 27
5062 15
5063 5
5064 2
5065 8
5066 2
5067 1
5068 3
5069 6
5070 11
5071 3
5072 125
5073 149
5074 193
5075 237
5076 245
5077 248
5078 211
5079 202
5080 182
5081 166
5082 198
5083 244
5084 116
5085 20
5086 5
5087 4
5088 4
5089 7
5090 2
5091 1
5092 5
5093 5
5094 5
5095 12
5096 129
5097 130
5098 209
5099 214
5100 199
5101 217
5102 185
5103 176
5104 225
5105 168
5106 201
5107 194
5108 104
5109 19
5110 16
5111 13
5112 4
5113 8
5114 1
5115 1
5116 0
5117 2
5118 9
5119 21
5120 110
5121 127
5122 241
5123 196
5124 252
5125 262
5126 227
5127 217
5128 202
5129 184
5130 186
5131 212
5132 104
5133 15
5134 11
5135 6
5136 11
5137 9
5138 1
5139 1
5140 1
5141 2
5142 4
5143 6
5144 141
5145 142
5146 216
5147 229
5148 254
5149 242
5150 245
5151 236
5152 221
5153 182
5154 228
5155 205
5156 110
5157 18
5158 10
5159 7
5160 8
5161 13
5162 6
5163 3
5164 4
5165 2
5166 1
5167 6
5168 76
5169 77
5170 128
5171 145
5172 196
5173 221
5174 183
5175 206
5176 200
5177 156
5178 220
5179 185
5180 96
5181 15
5182 7
5183 6
5184 6
5185 11
5186 2
5187 1
5188 0
5189 3
5190 2
5191 4
5192 68
5193 78
5194 105
5195 159
5196 186
5197 180
5198 186
5199 165
5200 170
5201 166
5202 193
5203 61
5204 9
5205 14
5206 9
5207 5
5208 1
5209 7
5210 4
5211 0
5212 0
5213 5
5214 6
5215 10
5216 111
5217 163
5218 212
5219 207
5220 228
5221 219
5222 216
5223 184
5224 191
5225 168
5226 190
5227 233
5228 124
5229 27
5230 11
5231 5
5232 6
5233 8
5234 2
5235 2
5236 0
5237 6
5238 4
5239 6
5240 113
5241 137
5242 204
5243 192
5244 217
5245 239
5246 205
5247 203
5248 187
5249 160
5250 162
5251 206
5252 152
5253 24
5254 4
5255 4
5256 6
5257 7
5258 2
5259 2
5260 2
5261 4
5262 10
5263 9
5264 109
5265 135
5266 212
5267 227
5268 227
5269 220
5270 218
5271 220
5272 198
5273 193
5274 192
5275 215
5276 117
5277 23
5278 5
5279 7
5280 4
5281 6
5282 3
5283 0
5284 4
5285 5
5286 7
5287 6
5288 116
5289 138
5290 216
5291 222
5292 232
5293 254
5294 199
5295 217
5296 164
5297 181
5298 194
5299 223
5300 114
5301 15
5302 9
5303 6
5304 6
5305 10
5306 4
5307 3
5308 1
5309 5
5310 3
5311 9
5312 111
5313 158
5314 201
5315 216
5316 212
5317 234
5318 197
5319 224
5320 216
5321 199
5322 208
5323 196
5324 124
5325 19
5326 6
5327 8
5328 6
5329 10
5330 1
5331 5
5332 4
5333 6
5334 3
5335 9
5336 101
5337 63
5338 90
5339 130
5340 168
5341 193
5342 169
5343 168
5344 186
5345 189
5346 200
5347 183
5348 112
5349 22
5350 12
5351 5
5352 3
5353 12
5354 3
5355 2
5356 2
5357 5
5358 5
5359 15
5360 72
5361 68
5362 100
5363 181
5364 190
5365 178
5366 172
5367 152
5368 170
5369 150
5370 188
5371 59
5372 6
5373 7
5374 5
5375 5
5376 4
5377 7
5378 1
5379 0
5380 4
5381 9
5382 5
5383 7
5384 126
5385 136
5386 199
5387 204
5388 230
5389 225
5390 222
5391 203
5392 192
5393 170
5394 182
5395 208
5396 127
5397 25
5398 8
5399 5
5400 3
5401 2
5402 2
5403 1
5404 2
5405 2
5406 3
5407 7
5408 143
5409 136
5410 192
5411 248
5412 224
5413 221
5414 217
5415 220
5416 188
5417 161
5418 157
5419 194
5420 152
5421 28
5422 6
5423 4
5424 11
5425 11
5426 1
5427 0
5428 1
5429 6
5430 4
5431 4
5432 152
5433 160
5434 202
5435 238
5436 231
5437 214
5438 220
5439 191
5440 198
5441 181
5442 202
5443 219
5444 142
5445 33
5446 5
5447 8
5448 8
5449 7
5450 0
5451 4
5452 3
5453 2
5454 6
5455 1
5456 128
5457 160
5458 240
5459 230
5460 229
5461 213
5462 215
5463 232
5464 179
5465 192
5466 188
5467 197
5468 146
5469 10
5470 8
5471 9
5472 5
5473 11
5474 5
5475 1
5476 3
5477 4
5478 5
5479 12
5480 133
5481 157
5482 188
5483 214
5484 249
5485 235
5486 212
5487 195
5488 222
5489 210
5490 202
5491 200
5492 139
5493 24
5494 6
5495 6
5496 4
5497 11
5498 4
5499 6
5500 2
5501 0
5502 10
5503 8
5504 97
5505 83
5506 114
5507 147
5508 210
5509 229
5510 220
5511 169
5512 180
5513 161
5514 220
5515 177
5516 123
5517 22
5518 8
5519 3
5520 6
5521 11
5522 3
5523 6
5524 6
5525 8
5526 8
5527 7
5528 83
5529 72
5530 107
5531 164
5532 194
5533 185
5534 191
5535 176
5536 176
5537 193
5538 180
5539 61
5540 3
5541 13
5542 11
5543 9
5544 9
5545 12
5546 2
5547 2
5548 1
5549 8
5550 2
5551 9
5552 116
5553 140
5554 203
5555 197
5556 239
5557 246
5558 208
5559 212
5560 192
5561 158
5562 205
5563 249
5564 130
5565 13
5566 4
5567 7
5568 5
5569 9
5570 1
5571 3
5572 7
5573 4
5574 5
5575 7
5576 130
5577 143
5578 204
5579 216
5580 203
5581 224
5582 175
5583 217
5584 192
5585 177
5586 182
5587 205
5588 132
5589 19
5590 10
5591 9
5592 4
5593 13
5594 2
5595 3
5596 0
5597 3
5598 8
5599 9
5600 133
5601 130
5602 198
5603 209
5604 203
5605 238
5606 207
5607 197
5608 214
5609 153
5610 172
5611 220
5612 148
5613 12
5614 13
5615 16
5616 7
5617 10
5618 2
5619 1
5620 2
5621 4
5622 5
5623 4
5624 129
5625 134
5626 206
5627 199
5628 228
5629 205
5630 210
5631 213
5632 191
5633 163
5634 173
5635 215
5636 115
5637 24
5638 12
5639 6
5640 5
5641 11
5642 3
5643 3
5644 2
5645 3
5646 12
5647 12
5648 142
5649 152
5650 212
5651 229
5652 250
5653 246
5654 204
5655 211
5656 235
5657 198
5658 197
5659 228
5660 109
5661 28
5662 5
5663 5
5664 6
5665 16
5666 7
5667 3
5668 5
5669 3
5670 7
5671 6
5672 90
5673 82
5674 95
5675 174
5676 188
5677 210
5678 179
5679 177
5680 185
5681 173
5682 194
5683 203
5684 109
5685 14
5686 8
5687 8
5688 9
5689 12
5690 8
5691 4
5692 2
5693 4
5694 8
5695 7
5696 88
5697 57
5698 103
5699 156
5700 178
5701 183
5702 179
5703 168
5704 205
5705 189
5706 186
5707 60
5708 12
5709 4
5710 14
5711 13
5712 4
5713 12
5714 2
5715 0
5716 2
5717 8
5718 6
5719 11
5720 128
5721 132
5722 187
5723 212
5724 195
5725 190
5726 187
5727 232
5728 187
5729 178
5730 188
5731 193
5732 158
5733 16
5734 6
5735 12
5736 4
5737 9
5738 2
5739 2
5740 4
5741 9
5742 3
5743 8
5744 143
5745 127
5746 212
5747 213
5748 218
5749 203
5750 210
5751 189
5752 187
5753 194
5754 194
5755 217
5756 136
5757 27
5758 1
5759 5
5760 6
5761 9
5762 2
5763 1
5764 1
5765 3
5766 9
5767 10
5768 133
5769 126
5770 175
5771 213
5772 213
5773 211
5774 217
5775 229
5776 202
5777 177
5778 200
5779 211
5780 131
5781 20
5782 9
5783 7
5784 7
5785 11
5786 1
5787 3
5788 3
5789 1
5790 8
5791 9
5792 133
5793 154
5794 199
5795 203
5796 228
5797 234
5798 213
5799 214
5800 183
5801 174
5802 194
5803 221
5804 117
5805 13
5806 15
5807 9
5808 3
5809 15
5810 8
5811 1
5812 5
5813 8
5814 11
5815 7
5816 194
5817 120
5818 197
5819 248
5820 203
5821 202
5822 203
5823 221
5824 211
5825 184
5826 188
5827 203
5828 117
5829 20
5830 9
5831 6
5832 5
5833 16
5834 2
5835 4
5836 3
5837 6
5838 4
5839 7
5840 93
5841 86
5842 108
5843 140
5844 186
5845 164
5846 187
5847 166
5848 179
5849 148
5850 180
5851 179
5852 114
5853 22
5854 4
5855 8
5856 11
5857 16
5858 5
5859 8
5860 4
5861 6
5862 10
5863 3
5864 69
5865 55
5866 92
5867 188
5868 185
5869 182
5870 163
5871 143
5872 167
5873 178
5874 162
5875 43
5876 7
5877 4
5878 8
5879 6
5880 4
5881 7
5882 1
5883 2
5884 1
5885 4
5886 7
5887 7
5888 141
5889 138
5890 201
5891 202
5892 223
5893 195
5894 207
5895 189
5896 193
5897 182
5898 174
5899 193
5900 147
5901 17
5902 11
5903 6
5904 3
5905 10
5906 5
5907 0
5908 1
5909 6
5910 6
5911 10
5912 127
5913 133
5914 210
5915 241
5916 216
5917 219
5918 216
5919 221
5920 187
5921 193
5922 182
5923 204
5924 145
5925 16
5926 5
5927 11
5928 9
5929 13
5930 4
5931 0
5932 2
5933 3
5934 6
5935 5
5936 147
5937 149
5938 219
5939 204
5940 253
5941 223
5942 195
5943 201
5944 206
5945 159
5946 225
5947 209
5948 113
5949 18
5950 9
5951 9
5952 6
5953 11
5954 1
5955 0
5956 2
5957 6
5958 12
5959 8
5960 145
5961 147
5962 262
5963 242
5964 255
5965 220
5966 220
5967 215
5968 225
5969 183
5970 204
5971 206
5972 140
5973 21
5974 2
5975 6
5976 10
5977 7
5978 0
5979 3
5980 2
5981 5
5982 5
5983 11
5984 142
5985 166
5986 224
5987 234
5988 249
5989 210
5990 244
5991 232
5992 247
5993 214
5994 201
5995 223
5996 141
5997 24
5998 11
5999 6
6000 3
6001 14
6002 2
6003 5
6004 2
6005 4
6006 6
6007 11
6008 96
6009 72
6010 115
6011 132
6012 190
6013 211
6014 219
6015 179
6016 164
6017 156
6018 195
6019 213
6020 134
6021 17
6022 7
6023 8
6024 8
6025 18
6026 2
6027 5
6028 3
6029 8
6030 4
6031 9
6032 72
6033 72
6034 109
6035 154
6036 202
6037 211
6038 206
6039 181
6040 153
6041 194
6042 197
6043 82
6044 16
6045 10
6046 14
6047 10
6048 2
6049 8
6050 2
6051 1
6052 2
6053 5
6054 5
6055 6
6056 141
6057 146
6058 212
6059 273
6060 237
6061 253
6062 226
6063 241
6064 253
6065 166
6066 178
6067 242
6068 136
6069 22
6070 10
6071 7
6072 5
6073 6
6074 1
6075 3
6076 0
6077 4
6078 7
6079 7
6080 148
6081 146
6082 203
6083 217
6084 237
6085 237
6086 195
6087 213
6088 200
6089 188
6090 200
6091 253
6092 139
6093 26
6094 4
6095 7
6096 7
6097 11
6098 1
6099 4
6100 4
6101 6
6102 7
6103 3
6104 156
6105 124
6106 216
6107 218
6108 231
6109 232
6110 213
6111 199
6112 213
6113 209
6114 200
6115 227
6116 111
6117 22
6118 7
6119 11
6120 9
6121 12
6122 2
6123 2
6124 1
6125 5
6126 4
6127 11
6128 130
6129 150
6130 207
6131 213
6132 227
6133 219
6134 198
6135 204
6136 222
6137 181
6138 213
6139 198
6140 111
6141 14
6142 6
6143 5
6144 6
6145 9
6146 6
6147 3
6148 2
6149 8
6150 4
6151 9
6152 137
6153 161
6154 192
6155 231
6156 240
6157 272
6158 206
6159 225
6160 232
6161 229
6162 229
6163 219
6164 104
6165 20
6166 14
6167 9
6168 10
6169 11
6170 3
6171 8
6172 4
6173 3
6174 6
6175 11
6176 83
6177 89
6178 96
6179 158
6180 179
6181 181
6182 209
6183 188
6184 190
6185 181
6186 254
6187 194
6188 98
6189 13
6190 6
6191 5
6192 2
6193 14
6194 1
6195 4
6196 2
6197 6
6198 7
6199 14
6200 66
6201 60
6202 124
6203 162
6204 201
6205 188
6206 190
6207 217
6208 166
6209 192
6210 190
6211 63
6212 3
6213 11
6214 9
6215 6
6216 5
6217 11
6218 3
6219 0
6220 3
6221 4
6222 8
6223 4
6224 148
6225 161
6226 213
6227 219
6228 251
6229 226
6230 209
6231 230
6232 199
6233 202
6234 203
6235 212
6236 169
6237 20
6238 12
6239 5
6240 6
6241 7
6242 2
6243 1
6244 0
6245 5
6246 8
6247 7
6248 136
6249 145
6250 196
6251 222
6252 231
6253 218
6254 213
6255 207
6256 201
6257 212
6258 201
6259 232
6260 104
6261 15
6262 9
6263 6
6264 7
6265 11
6266 3
6267 4
6268 0
6269 9
6270 3
6271 7
6272 148
6273 164
6274 203
6275 217
6276 256
6277 240
6278 194
6279 229
6280 216
6281 210
6282 220
6283 198
6284 117
6285 21
6286 12
6287 6
6288 7
6289 8
6290 3
6291 3
6292 2
6293 7
6294 5
6295 6
6296 140
6297 148
6298 206
6299 249
6300 248
6301 226
6302 231
6303 191
6304 226
6305 188
6306 213
6307 224
6308 116
6309 11
6310 5
6311 4
6312 5
6313 9
6314 7
6315 3
6316 2
6317 6
6318 3
6319 7
6320 148
6321 162
6322 211
6323 236
6324 239
6325 242
6326 212
6327 231
6328 259
6329 198
6330 231
6331 230
6332 113
6333 19
6334 9
6335 1
6336 10
6337 15
6338 7
6339 9
6340 3
6341 6
6342 7
6343 9
6344 77
6345 94
6346 113
6347 152
6348 192
6349 203
6350 226
6351 172
6352 191
6353 190
6354 213
6355 181
6356 106
6357 20
6358 11
6359 1
6360 7
6361 11
6362 0
6363 8
6364 2
6365 3
6366 7
6367 10
6368 71
6369 80
6370 124
6371 155
6372 220
6373 211
6374 213
6375 219
6376 182
6377 183
6378 194
6379 83
6380 24
6381 13
6382 6
6383 9
6384 7
6385 10
6386 2
6387 2
6388 4
6389 3
6390 10
6391 7
6392 137
6393 163
6394 233
6395 221
6396 259
6397 213
6398 246
6399 237
6400 232
6401 176
6402 185
6403 240
6404 155
6405 21
6406 12
6407 5
6408 7
6409 5
6410 2
6411 1
6412 2
6413 4
6414 8
6415 7
6416 145
6417 149
6418 212
6419 223
6420 271
6421 219
6422 237
6423 254
6424 252
6425 188
6426 235
6427 206
6428 136
6429 23
6430 5
6431 9
6432 4
6433 8
6434 1
6435 5
6436 2
6437 3
6438 7
6439 7
6440 132
6441 163
6442 230
6443 208
6444 259
6445 253
6446 236
6447 235
6448 233
6449 201
6450 220
6451 246
6452 113
6453 21
6454 5
6455 8
6456 9
6457 12
6458 4
6459 4
6460 2
6461 2
6462 10
6463 10
6464 128
6465 150
6466 213
6467 254
6468 262
6469 233
6470 225
6471 225
6472 223
6473 199
6474 184
6475 243
6476 106
6477 27
6478 7
6479 13
6480 8
6481 8
6482 2
6483 1
6484 0
6485 6
6486 6
6487 10
6488 155
6489 153
6490 213
6491 215
6492 208
6493 136
6494 196
6495 240
6496 240
6497 212
6498 214
6499 194
6500 108
6501 26
6502 11
6503 15
6504 5
6505 10
6506 7
6507 7
6508 3
6509 3
6510 9
6511 13
6512 64
6513 99
6514 136
6515 150
6516 207
6517 214
6518 179
6519 140
6520 117
6521 130
6522 168
6523 196
6524 130
6525 23
6526 5
6527 9
6528 7
6529 12
6530 4
6531 1
6532 3
6533 4
6534 7
6535 6
6536 83
6537 56
6538 129
6539 172
6540 185
6541 215
6542 183
6543 189
6544 190
6545 185
6546 199
6547 79
6548 9
6549 11
6550 7
6551 4
6552 5
6553 22
6554 4
6555 6
6556 3
6557 5
6558 10
6559 12
6560 74
6561 73
6562 126
6563 159
6564 207
6565 154
6566 165
6567 108
6568 106
6569 119
6570 124
6571 204
6572 151
6573 21
6574 7
6575 12
6576 7
6577 22
6578 7
6579 0
6580 10
6581 9
6582 7
6583 11
6584 71
6585 57
6586 84
6587 145
6588 195
6589 226
6590 212
6591 218
6592 182
6593 212
6594 185
6595 84
6596 13
6597 9
6598 9
6599 5
6600 8
6601 14
6602 9
6603 2
6604 3
6605 10
6606 6
6607 16
6608 130
6609 152
6610 197
6611 231
6612 270
6613 253
6614 233
6615 221
6616 254
6617 217
6618 204
6619 234
6620 145
6621 44
6622 11
6623 15
6624 5
6625 12
6626 8
6627 2
6628 4
6629 7
6630 7
6631 28
6632 147
6633 160
6634 210
6635 236
6636 255
6637 253
6638 227
6639 219
6640 224
6641 208
6642 211
6643 244
6644 132
6645 33
6646 10
6647 8
6648 5
6649 15
6650 6
6651 4
6652 7
6653 8
6654 9
6655 23
6656 140
6657 162
6658 196
6659 205
6660 253
6661 230
6662 232
6663 242
6664 249
6665 227
6666 234
6667 247
6668 117
6669 34
6670 18
6671 21
6672 9
6673 17
6674 5
6675 3
6676 4
6677 6
6678 8
6679 17
6680 137
6681 173
6682 244
6683 216
6684 221
6685 234
6686 228
6687 235
6688 228
6689 225
6690 205
6691 257
6692 133
6693 42
6694 11
6695 8
6696 10
6697 19
6698 3
6699 3
6700 6
6701 7
6702 4
6703 13
6704 159
6705 180
6706 208
6707 229
6708 207
6709 247
6710 205
6711 248
6712 257
6713 235
6714 214
6715 237
6716 143
6717 25
6718 7
6719 6
6720 12
6721 23
6722 6
6723 5
6724 8
6725 6
6726 3
6727 11
6728 81
6729 71
6730 138
6731 163
6732 199
6733 210
6734 216
6735 200
6736 224
6737 165
6738 211
6739 244
6740 120
6741 33
6742 13
6743 14
6744 10
6745 28
6746 8
6747 10
6748 10
6749 14
6750 11
6751 7
6752 94
6753 58
6754 101
6755 174
6756 220
6757 206
6758 204
6759 185
6760 181
6761 195
6762 214
6763 86
6764 13
6765 6
6766 13
6767 12
6768 5
6769 10
6770 2
6771 1
6772 2
6773 10
6774 13
6775 23
6776 140
6777 163
6778 213
6779 226
6780 260
6781 265
6782 245
6783 210
6784 242
6785 219
6786 250
6787 247
6788 142
6789 30
6790 6
6791 12
6792 6
6793 9
6794 5
6795 5
6796 2
6797 5
6798 9
6799 17
6800 141
6801 159
6802 251
6803 253
6804 241
6805 275
6806 230
6807 234
6808 201
6809 196
6810 201
6811 217
6812 141
6813 26
6814 8
6815 5
6816 10
6817 18
6818 2
6819 8
6820 3
6821 8
6822 3
6823 18
6824 175
6825 165
6826 218
6827 267
6828 259
6829 235
6830 221
6831 221
6832 220
6833 198
6834 190
6835 255
6836 118
6837 32
6838 8
6839 11
6840 5
6841 13
6842 3
6843 6
6844 7
6845 5
6846 13
6847 19
6848 143
6849 139
6850 198
6851 220
6852 250
6853 249
6854 197
6855 240
6856 231
6857 234
6858 205
6859 248
6860 126
6861 29
6862 12
6863 10
6864 9
6865 17
6866 3
6867 7
6868 1
6869 8
6870 14
6871 25
6872 175
6873 170
6874 224
6875 228
6876 272
6877 253
6878 249
6879 209
6880 238
6881 227
6882 254
6883 213
6884 106
6885 22
6886 11
6887 16
6888 12
6889 25
6890 6
6891 4
6892 7
6893 5
6894 8
6895 13
6896 104
6897 94
6898 149
6899 173
6900 213
6901 224
6902 220
6903 208
6904 184
6905 182
6906 203
6907 233
6908 123
6909 39
6910 16
6911 14
6912 12
6913 25
6914 2
6915 8
6916 3
6917 12
6918 11
6919 8
6920 61
6921 78
6922 143
6923 211
6924 217
6925 213
6926 219
6927 197
6928 201
6929 195
6930 189
6931 91
6932 10
6933 7
6934 8
6935 9
6936 4
6937 8
6938 3
6939 4
6940 5
6941 6
6942 10
6943 24
6944 157
6945 150
6946 276
6947 230
6948 250
6949 246
6950 239
6951 234
6952 233
6953 203
6954 215
6955 215
6956 185
6957 51
6958 11
6959 8
6960 5
6961 8
6962 3
6963 1
6964 1
6965 5
6966 6
6967 31
6968 142
6969 167
6970 234
6971 222
6972 227
6973 237
6974 225
6975 226
6976 201
6977 228
6978 192
6979 234
6980 156
6981 39
6982 16
6983 7
6984 6
6985 7
6986 4
6987 8
6988 1
6989 2
6990 19
6991 14
6992 143
6993 171
6994 222
6995 280
6996 262
6997 271
6998 264
6999 235
7000 250
7001 240
7002 218
7003 252
7004 124
7005 31
7006 8
7007 16
7008 5
7009 10
7010 3
7011 4
7012 6
7013 10
7014 17
7015 10
7016 168
7017 167
7018 241
7019 225
7020 270
7021 254
7022 224
7023 248
7024 255
7025 236
7026 191
7027 258
7028 137
7029 39
7030 8
7031 6
7032 7
7033 14
7034 7
7035 4
7036 4
7037 4
7038 10
7039 19
7040 167
7041 178
7042 238
7043 242
7044 262
7045 252
7046 217
7047 232
7048 239
7049 258
7050 191
7051 218
7052 137
7053 28
7054 4
7055 13
7056 15
7057 21
7058 7
7059 7
7060 7
7061 5
7062 7
7063 9
7064 76
7065 101
7066 152
7067 209
7068 223
7069 223
7070 220
7071 188
7072 206
7073 209
7074 202
7075 217
7076 102
7077 20
7078 2
7079 4
7080 6
7081 19
7082 12
7083 3
7084 6
7085 5
7086 8
7087 11
7088 87
7089 78
7090 123
7091 212
7092 198
7093 209
7094 190
7095 200
7096 185
7097 210
7098 203
7099 81
7100 6
7101 6
7102 17
7103 12
7104 3
7105 8
7106 1
7107 3
7108 2
7109 5
7110 8
7111 6
7112 164
7113 161
7114 228
7115 240
7116 241
7117 242
7118 232
7119 229
7120 225
7121 183
7122 185
7123 246
7124 132
7125 28
7126 8
7127 5
7128 5
7129 6
7130 5
7131 2
7132 1
7133 4
7134 6
7135 8
7136 145
7137 159
7138 252
7139 251
7140 256
7141 264
7142 208
7143 220
7144 225
7145 224
7146 214
7147 255
7148 130
7149 8
7150 9
7151 14
7152 5
7153 6
7154 3
7155 3
7156 5
7157 5
7158 5
7159 1
7160 147
7161 153
7162 192
7163 209
7164 246
7165 242
7166 199
7167 249
7168 220
7169 213
7170 213
7171 239
7172 117
7173 17
7174 2
7175 11
7176 12
7177 17
7178 6
7179 13
7180 3
7181 7
7182 8
7183 13
7184 146
7185 176
7186 246
7187 229
7188 268
7189 257
7190 233
7191 224
7192 232
7193 237
7194 192
7195 261
7196 124
7197 22
7198 9
7199 2
7200 5
7201 11
7202 2
7203 7
7204 2
7205 5
7206 3
7207 8
7208 163
7209 198
7210 231
7211 239
7212 226
7213 238
7214 242
7215 226
7216 236
7217 255
7218 265
7219 271
7220 145
7221 17
7222 6
7223 12
7224 6
7225 18
7226 5
7227 6
7228 6
7229 3
7230 5
7231 10
7232 64
7233 86
7234 130
7235 153
7236 185
7237 225
7238 195
7239 164
7240 183
7241 161
7242 188
7243 245
7244 116
7245 16
7246 9
7247 7
7248 10
7249 19
7250 4
7251 8
7252 4
7253 6
7254 9
7255 7
7256 69
7257 69
7258 88
7259 167
7260 183
7261 206
7262 193
7263 177
7264 173
7265 214
7266 198
7267 67
7268 12
7269 2
7270 8
7271 6
7272 5
7273 8
7274 4
7275 6
7276 3
7277 7
7278 10
7279 5
7280 131
7281 169
7282 212
7283 261
7284 261
7285 275
7286 237
7287 242
7288 282
7289 232
7290 268
7291 236
7292 131
7293 27
7294 6
7295 10
7296 2
7297 11
7298 6
7299 4
7300 2
7301 3
7302 4
7303 4
7304 95
7305 88
7306 70
7307 115
7308 158
7309 113
7310 86
7311 98
7312 101
7313 136
7314 123
7315 129
7316 113
7317 12
7318 5
7319 5
7320 8
7321 9
7322 1
7323 1
7324 1
7325 2
7326 7
7327 9
7328 155
7329 156
7330 231
7331 215
7332 267
7333 247
7334 238
7335 219
7336 242
7337 210
7338 209
7339 237
7340 135
7341 29
7342 4
7343 14
7344 2
7345 8
7346 5
7347 1
7348 1
7349 7
7350 9
7351 3
7352 149
7353 166
7354 233
7355 228
7356 240
7357 269
7358 239
7359 215
7360 229
7361 218
7362 204
7363 254
7364 135
7365 14
7366 6
7367 9
7368 4
7369 6
7370 7
7371 7
7372 0
7373 4
7374 6
7375 4
7376 147
7377 165
7378 226
7379 224
7380 276
7381 247
7382 203
7383 196
7384 241
7385 245
7386 232
7387 261
7388 120
7389 21
7390 9
7391 11
7392 9
7393 13
7394 7
7395 3
7396 4
7397 1
7398 4
7399 12
7400 85
7401 70
7402 115
7403 111
7404 146
7405 169
7406 185
7407 169
7408 150
7409 130
7410 183
7411 217
7412 132
7413 21
7414 4
7415 11
7416 9
7417 13
7418 2
7419 8
7420 4
7421 5
7422 6
7423 4
7424 74
7425 63
7426 101
7427 172
7428 228
7429 204
7430 204
7431 174
7432 165
7433 219
7434 190
7435 50
7436 7
7437 6
7438 5
7439 8
7440 6
7441 9
7442 0
7443 5
7444 2
7445 5
7446 2
7447 5
7448 130
7449 166
7450 224
7451 230
7452 268
7453 242
7454 224
7455 244
7456 209
7457 213
7458 218
7459 236
7460 182
7461 21
7462 3
7463 7
7464 6
7465 6
7466 2
7467 1
7468 2
7469 6
7470 5
7471 7
7472 134
7473 155
7474 212
7475 236
7476 253
7477 266
7478 215
7479 229
7480 240
7481 226
7482 187
7483 256
7484 146
7485 27
7486 10
7487 10
7488 7
7489 9
7490 0
7491 4
7492 0
7493 3
7494 3
7495 9
7496 152
7497 165
7498 228
7499 237
7500 280
7501 247
7502 226
7503 232
7504 238
7505 250
7506 206
7507 269
7508 150
7509 23
7510 6
7511 7
7512 5
7513 10
7514 5
7515 5
7516 1
7517 4
7518 10
7519 10
7520 150
7521 180
7522 226
7523 239
7524 252
7525 271
7526 234
7527 243
7528 262
7529 223
7530 186
7531 231
7532 146
7533 20
7534 13
7535 19
7536 2
7537 12
7538 5
7539 4
7540 1
7541 7
7542 12
7543 6
7544 164
7545 162
7546 213
7547 249
7548 233
7549 229
7550 245
7551 237
7552 252
7553 212
7554 228
7555 217
7556 111
7557 15
7558 7
7559 9
7560 9
7561 11
7562 1
7563 1
7564 4
7565 4
7566 3
7567 7
7568 89
7569 76
7570 124
7571 136
7572 219
7573 211
7574 204
7575 186
7576 168
7577 161
7578 187
7579 249
7580 163
7581 29
7582 2
7583 4
7584 7
7585 10
7586 0
7587 0
7588 8
7589 7
7590 6
7591 10
7592 62
7593 67
7594 109
7595 183
7596 212
7597 199
7598 208
7599 168
7600 208
7601 183
7602 229
7603 69
7604 13
7605 8
7606 7
7607 11
7608 6
7609 9
7610 2
7611 5
7612 8
7613 8
7614 1
7615 5
7616 142
7617 158
7618 244
7619 271
7620 267
7621 239
7622 261
7623 251
7624 252
7625 222
7626 204
7627 233
7628 150
7629 28
7630 3
7631 8
7632 6
7633 7
7634 4
7635 3
7636 1
7637 7
7638 6
7639 14
7640 157
7641 154
7642 237
7643 236
7644 230
7645 219
7646 245
7647 205
7648 219
7649 172
7650 175
7651 257
7652 151
7653 15
7654 8
7655 12
7656 2
7657 10
7658 3
7659 2
7660 4
7661 7
7662 5
7663 7
7664 139
7665 162
7666 216
7667 250
7668 237
7669 247
7670 213
7671 255
7672 219
7673 194
7674 158
7675 225
7676 167
7677 10
7678 8
7679 5
7680 8
7681 10
7682 5
7683 1
7684 3
7685 4
7686 4
7687 9
7688 114
7689 164
7690 198
7691 251
7692 239
7693 245
7694 226
7695 235
7696 218
7697 187
7698 188
7699 219
7700 166
7701 26
7702 11
7703 3
7704 9
7705 11
7706 3
7707 2
7708 2
7709 10
7710 3
7711 11
7712 153
7713 166
7714 225
7715 273
7716 261
7717 260
7718 252
7719 238
7720 267
7721 247
7722 224
7723 234
7724 151
7725 19
7726 7
7727 4
7728 6
7729 18
7730 3
7731 3
7732 5
7733 6
7734 1
7735 7
7736 73
7737 111
7738 133
7739 174
7740 181
7741 197
7742 232
7743 191
7744 203
7745 172
7746 239
7747 245
7748 128
7749 18
7750 3
7751 5
7752 10
7753 15
7754 9
7755 2
7756 2
7757 6
7758 12
7759 10
7760 79
7761 65
7762 110
7763 192
7764 193
7765 204
7766 194
7767 202
7768 212
7769 194
7770 199
7771 83
7772 10
7773 3
7774 3
7775 6
7776 9
7777 10
7778 2
7779 2
7780 0
7781 10
7782 3
7783 7
7784 140
7785 141
7786 239
7787 224
7788 249
7789 272
7790 239
7791 242
7792 245
7793 201
7794 196
7795 230
7796 173
7797 30
7798 7
7799 10
7800 12
7801 9
7802 3
7803 1
7804 3
7805 5
7806 4
7807 8
7808 123
7809 140
7810 243
7811 241
7812 266
7813 234
7814 216
7815 227
7816 241
7817 190
7818 186
7819 263
7820 131
7821 17
7822 5
7823 7
7824 4
7825 7
7826 2
7827 3
7828 2
7829 4
7830 5
7831 5
7832 156
7833 155
7834 225
7835 234
7836 247
7837 225
7838 262
7839 242
7840 216
7841 208
7842 196
7843 223
7844 162
7845 30
7846 8
7847 12
7848 5
7849 11
7850 4
7851 2
7852 2
7853 2
7854 6
7855 3
7856 140
7857 176
7858 197
7859 204
7860 231
7861 223
7862 217
7863 229
7864 223
7865 183
7866 201
7867 247
7868 152
7869 22
7870 2
7871 4
7872 9
7873 10
7874 4
7875 4
7876 4
7877 4
7878 4
7879 4
7880 151
7881 181
7882 238
7883 246
7884 233
7885 248
7886 225
7887 256
7888 229
7889 221
7890 208
7891 242
7892 111
7893 11
7894 8
7895 4
7896 1
7897 12
7898 1
7899 5
7900 11
7901 2
7902 4
7903 5
7904 95
7905 90
7906 143
7907 152
7908 200
7909 210
7910 205
7911 210
7912 210
7913 206
7914 195
7915 241
7916 124
7917 21
7918 6
7919 15
7920 4
7921 14
7922 8
7923 7
7924 9
7925 7
7926 8
7927 8
7928 69
7929 63
7930 90
7931 173
7932 211
7933 204
7934 214
7935 184
7936 195
7937 199
7938 196
7939 83
7940 10
7941 9
7942 7
7943 6
7944 7
7945 9
7946 3
7947 1
7948 4
7949 6
7950 6
7951 7
7952 134
7953 137
7954 238
7955 230
7956 237
7957 237
7958 252
7959 235
7960 249
7961 192
7962 182
7963 258
7964 135
7965 24
7966 6
7967 10
7968 5
7969 12
7970 1
7971 1
7972 2
7973 3
7974 6
7975 8
7976 144
7977 154
7978 225
7979 282
7980 262
7981 252
7982 226
7983 236
7984 225
7985 223
7986 201
7987 253
7988 143
7989 22
7990 11
7991 13
7992 3
7993 8
7994 1
7995 1
7996 3
7997 9
7998 4
7999 4
8000 155
8001 146
8002 236
8003 282
8004 237
8005 245
8006 226
8007 251
8008 206
8009 237
8010 194
8011 228
8012 133
8013 28
8014 12
8015 8
8016 7
8017 9
8018 8
8019 4
8020 3
8021 8
8022 5
8023 2
8024 134
8025 161
8026 242
8027 247
8028 270
8029 256
8030 219
8031 261
8032 253
8033 215
8034 205
8035 229
8036 144
8037 23
8038 6
8039 15
8040 12
8041 13
8042 4
8043 4
8044 3
8045 9
8046 3
8047 9
8048 164
8049 171
8050 206
8051 250
8052 220
8053 232
8054 215
8055 261
8056 243
8057 212
8058 226
8059 221
8060 142
8061 20
8062 6
8063 5
8064 5
8065 12
8066 5
8067 5
8068 6
8069 3
8070 5
8071 9
8072 90
8073 100
8074 211
8075 167
8076 268
8077 223
8078 267
8079 207
8080 185
8081 199
8082 236
8083 254
8084 116
8085 16
8086 6
8087 7
8088 10
8089 20
8090 10
8091 5
8092 3
8093 5
8094 8
8095 6
8096 92
8097 64
8098 107
8099 210
8100 212
8101 212
8102 227
8103 190
8104 207
8105 215
8106 203
8107 86
8108 12
8109 12
8110 9
8111 11
8112 9
8113 8
8114 1
8115 2
8116 2
8117 8
8118 5
8119 4
8120 133
8121 149
8122 199
8123 252
8124 260
8125 236
8126 217
8127 236
8128 244
8129 192
8130 218
8131 245
8132 126
8133 29
8134 9
8135 10
8136 5
8137 6
8138 3
8139 0
8140 1
8141 5
8142 6
8143 3
8144 139
8145 149
8146 238
8147 257
8148 237
8149 269
8150 223
8151 219
8152 209
8153 191
8154 197
8155 244
8156 158
8157 21
8158 5
8159 13
8160 10
8161 13
8162 2
8163 8
8164 2
8165 3
8166 6
8167 9
8168 154
8169 172
8170 230
8171 230
8172 229
8173 214
8174 254
8175 247
8176 227
8177 217
8178 204
8179 265
8180 143
8181 23
8182 10
8183 10
8184 10
8185 11
8186 2
8187 5
8188 6
8189 7
8190 7
8191 6
8192 140
8193 173
8194 247
8195 252
8196 253
8197 254
8198 214
8199 225
8200 208
8201 197
8202 195
8203 248
8204 125
8205 18
8206 4
8207 8
8208 6
8209 14
8210 7
8211 2
8212 4
8213 8
8214 14
8215 8
8216 164
8217 178
8218 236
8219 237
8220 253
8221 232
8222 213
8223 256
8224 263
8225 216
8226 194
8227 227
8228 136
8229 10
8230 4
8231 4
8232 3
8233 14
8234 4
8235 6
8236 2
8237 5
8238 4
8239 8
8240 85
8241 79
8242 116
8243 142
8244 185
8245 203
8246 217
8247 187
8248 208
8249 173
8250 211
8251 225
8252 128
8253 18
8254 8
8255 9
8256 11
8257 18
8258 7
8259 5
8260 6
8261 7
8262 5
8263 8
8264 81
8265 70
8266 111
8267 197
8268 210
8269 218
8270 193
8271 208
8272 206
8273 196
8274 199
8275 63
8276 5
8277 7
8278 9
8279 7
8280 12
8281 11
8282 1
8283 6
8284 1
8285 10
8286 4
8287 4
8288 154
8289 153
8290 237
8291 247
8292 256
8293 255
8294 237
8295 231
8296 250
8297 217
8298 187
8299 251
8300 141
8301 20
8302 18
8303 6
8304 3
8305 8
8306 5
8307 2
8308 2
8309 2
8310 2
8311 4
8312 140
8313 150
8314 217
8315 252
8316 258
8317 250
8318 217
8319 226
8320 214
8321 215
8322 221
8323 209
8324 132
8325 22
8326 6
8327 7
8328 7
8329 8
8330 2
8331 2
8332 1
8333 2
8334 4
8335 4
8336 151
8337 142
8338 221
8339 280
8340 255
8341 223
8342 212
8343 251
8344 230
8345 211
8346 213
8347 243
8348 122
8349 23
8350 6
8351 9
8352 6
8353 16
8354 4
8355 2
8356 2
8357 5
8358 5
8359 6
8360 162
8361 160
8362 232
8363 264
8364 256
8365 262
8366 214
8367 252
8368 255
8369 199
8370 205
8371 262
8372 148
8373 21
8374 6
8375 8
8376 9
8377 9
8378 7
8379 3
8380 2
8381 5
8382 4
8383 11
8384 168
8385 210
8386 238
8387 266
8388 279
8389 265
8390 222
8391 256
8392 241
8393 218
8394 241
8395 194
8396 120
8397 17
8398 1
8399 4
8400 10
8401 16
8402 2
8403 5
8404 2
8405 5
8406 5
8407 8
8408 74
8409 93
8410 119
8411 150
8412 195
8413 176
8414 182
8415 176
8416 165
8417 166
8418 198
8419 233
8420 110
8421 19
8422 6
8423 6
8424 3
8425 15
8426 3
8427 4
8428 1
8429 2
8430 4
8431 4
8432 69
8433 73
8434 104
8435 187
8436 195
8437 207
8438 190
8439 193
8440 212
8441 175
8442 194
8443 60
8444 9
8445 4
8446 6
8447 4
8448 6
8449 9
8450 2
8451 2
8452 1
8453 5
8454 8
8455 3
8456 153
8457 165
8458 212
8459 236
8460 280
8461 245
8462 239
8463 257
8464 239
8465 202
8466 175
8467 247
8468 124
8469 23
8470 5
8471 6
8472 2
8473 10
8474 2
8475 2
8476 1
8477 2
8478 3
8479 11
8480 144
8481 164
8482 229
8483 245
8484 258
8485 260
8486 221
8487 251
8488 256
8489 197
8490 201
8491 243
8492 132
8493 19
8494 8
8495 9
8496 7
8497 8
8498 2
8499 6
8500 3
8501 8
8502 4
8503 8
8504 140
8505 156
8506 249
8507 257
8508 234
8509 233
8510 238
8511 260
8512 244
8513 191
8514 217
8515 228
8516 127
8517 24
8518 6
8519 12
8520 7
8521 11
8522 4
8523 2
8524 5
8525 2
8526 5
8527 8
8528 152
8529 155
8530 226
8531 248
8532 279
8533 261
8534 248
8535 244
8536 254
8537 231
8538 247
8539 260
8540 133
8541 15
8542 4
8543 4
8544 4
8545 9
8546 2
8547 3
8548 1
8549 5
8550 2
8551 3
8552 146
8553 210
8554 221
8555 239
8556 256
8557 301
8558 239
8559 264
8560 277
8561 225
8562 205
8563 222
8564 148
8565 24
8566 10
8567 10
8568 4
8569 11
8570 1
8571 3
8572 3
8573 1
8574 3
8575 2
8576 54
8577 69
8578 125
8579 137
8580 197
8581 208
8582 193
8583 180
8584 148
8585 146
8586 153
8587 177
8588 170
8589 19
8590 2
8591 12
8592 7
8593 13
8594 2
8595 3
8596 0
8597 4
8598 2
8599 2
8600 53
8601 27
8602 57
8603 94
8604 150
8605 133
8606 120
8607 89
8608 69
8609 63
8610 112
8611 71
8612 9
8613 7
8614 7
8615 5
8616 4
8617 11
8618 1
8619 4
8620 2
8621 4
8622 1
8623 2
8624 104
8625 71
8626 123
8627 118
8628 75
8629 108
8630 95
8631 92
8632 94
8633 95
8634 106
8635 122
8636 95
8637 21
8638 2
8639 9
8640 9
8641 9
8642 4
8643 2
8644 0
8645 1
8646 2
8647 5
8648 69
8649 45
8650 102
8651 154
8652 174
8653 141
8654 153
8655 125
8656 147
8657 113
8658 124
8659 140
8660 115
8661 29
8662 7
8663 9
8664 7
8665 6
8666 2
8667 1
8668 2
8669 5
8670 3
8671 1
8672 73
8673 116
8674 161
8675 198
8676 233
8677 213
8678 200
8679 232
8680 226
8681 186
8682 190
8683 226
8684 149
8685 37
8686 5
8687 8
8688 5
8689 8
8690 2
8691 1
8692 2
8693 6
8694 2
8695 3
8696 92
8697 111
8698 163
8699 214
8700 252
8701 243
8702 211
8703 216
8704 206
8705 213
8706 192
8707 218
8708 149
8709 33
8710 6
8711 10
8712 9
8713 11
8714 3
8715 2
8716 4
8717 3
8718 9
8719 5
8720 76
8721 99
8722 170
8723 187
8724 227
8725 229
8726 227
8727 232
8728 244
8729 199
8730 190
8731 220
8732 129
8733 22
8734 7
8735 11
8736 15
8737 9
8738 3
8739 1
8740 4
8741 4
8742 0
8743 3
8744 62
8745 49
8746 95
8747 127
8748 137
8749 181
8750 176
8751 176
8752 172
8753 124
8754 160
8755 174
8756 148
8757 18
8758 4
8759 2
8760 11
