1 0.07
2 19.67
3 0.00
4 0.00
5 1.00
6 36.73
7 0.00
8 0.11
9 14.94
10 3.71
11 0.48
12 1.47
13 0.80
14 2.92
15 1.05
16 1.07
17 1.72
18 2.94
19 3.62
20 0.51
21 0.39
22 4.61
23 0.00
24 2.34
25 0.04
26 0.10
27 0.00
28 0.00
29 0.00
30 56.25
31 39.13
32 0.18
33 2.55
34 2.11
35 1.92
36 1.73
37 1.60
38 1.83
39 2.28
40 2.23
41 2.43
42 3.50
43 2.20
44 2.54
45 1.18
46 0.59
47 24.83
48 46.75
49 0.06
50 54.55
51 0.00
52 0.00
53 0.00
54 0.13
55 0.00
56 0.32
57 1.60
58 1.75
59 1.60
60 1.88
61 1.57
62 2.04
63 2.19
64 2.57
65 2.73
66 3.82
67 2.76
68 2.00
69 10.74
70 0.58
71 3.30
72 2.76
73 0.06
74 0.00
75 0.00
76 42.35
77 0.00
78 0.00
79 0.24
80 0.31
81 1.36
82 1.78
83 1.63
84 1.52
85 1.42
86 1.76
87 2.08
88 2.34
89 1.98
90 1.89
91 2.26
92 1.48
93 1.73
94 1.32
95 2.43
96 3.36
97 0.06
98 0.23
99 0.00
100 0.00
101 0.00
102 0.00
103 0.10
104 0.35
105 1.09
106 1.23
107 1.50
108 1.38
109 1.39
110 1.74
111 1.66
112 1.88
113 2.62
114 2.50
115 2.87
116 1.04
117 1.30
118 7.95
119 4.82
120 5.79
121 0.06
122 29.51
123 38.50
124 0.00
125 0.00
126 0.00
127 0.22
128 0.30
129 1.15
130 1.02
131 1.22
132 1.18
133 1.35
134 1.47
135 1.86
136 1.93
137 1.92
138 2.66
139 1.95
140 1.71
141 1.96
142 10.48
143 8.95
144 5.92
145 0.05
146 0.00
147 0.00
148 0.00
149 0.00
150 0.00
151 0.00
152 0.38
153 1.32
154 1.43
155 1.34
156 1.69
157 1.47
158 1.21
159 1.34
160 1.29
161 1.16
162 2.04
163 1.45
164 0.89
165 2.90
166 1.50
167 1.33
168 1.84
169 0.06
170 0.00
171 0.00
172 0.00
173 0.56
174 0.00
175 12.86
176 0.20
177 1.03
178 0.87
179 1.10
180 0.83
181 0.86
182 0.96
183 1.06
184 0.93
185 1.12
186 2.08
187 1.53
188 0.89
189 12.82
190 2.46
191 0.00
192 3.73
193 0.06
194 11.61
195 1.97
196 0.00
197 0.00
198 0.19
199 0.48
200 0.35
201 0.80
202 1.13
203 1.77
204 1.66
205 1.52
206 1.46
207 2.16
208 2.36
209 2.56
210 2.51
211 1.60
212 3.20
213 1.43
214 5.13
215 2.71
216 8.91
217 0.06
218 0.00
219 36.00
220 0.00
221 0.00
222 0.19
223 0.69
224 0.32
225 0.78
226 1.09
227 1.30
228 1.13
229 1.33
230 1.58
231 1.62
232 1.89
233 2.18
234 1.95
235 1.58
236 0.94
237 3.04
238 1.64
239 10.68
240 0.00
241 0.05
242 0.00
243 0.00
244 1.86
245 0.67
246 0.20
247 0.61
248 0.28
249 1.01
250 1.31
251 1.39
252 1.26
253 1.52
254 1.50
255 1.60
256 1.90
257 1.87
258 2.16
259 1.60
260 1.07
261 1.66
262 0.95
263 21.09
264 1.10
265 0.06
266 20.87
267 27.91
268 1.24
269 0.00
270 0.54
271 0.41
272 0.30
273 0.96
274 1.21
275 1.07
276 1.21
277 1.17
278 1.46
279 1.86
280 1.49
281 2.36
282 2.41
283 1.90
284 0.96
285 2.46
286 8.51
287 7.32
288 4.24
289 0.06
290 7.02
291 48.00
292 1.58
293 0.00
294 0.19
295 4.96
296 0.36
297 1.03
298 1.77
299 1.24
300 1.30
301 1.47
302 1.54
303 2.40
304 1.58
305 1.90
306 2.32
307 1.81
308 1.79
309 1.98
310 1.46
311 2.24
312 42.60
313 0.06
314 0.00
315 0.00
316 0.00
317 0.00
318 0.00
319 0.00
320 0.38
321 0.84
322 1.27
323 1.30
324 1.66
325 1.48
326 1.33
327 1.40
328 1.21
329 0.95
330 1.30
331 1.02
332 1.53
333 6.18
334 1.05
335 5.50
336 8.29
337 0.07
338 48.65
339 3.15
340 0.00
341 1.00
342 0.00
343 0.00
344 0.13
345 0.74
346 0.96
347 0.75
348 0.81
349 0.81
350 0.80
351 0.94
352 1.61
353 0.80
354 2.70
355 2.65
356 0.88
357 0.49
358 2.28
359 0.00
360 0.00
361 0.06
362 0.00
363 0.00
364 0.00
365 0.00
366 0.00
367 0.75
368 0.25
369 0.97
370 1.62
371 1.28
372 1.39
373 1.47
374 1.44
375 1.72
376 2.07
377 2.18
378 3.05
379 1.73
380 1.44
381 1.86
382 1.68
383 1.44
384 52.94
385 0.05
386 0.00
387 0.00
388 0.36
389 0.00
390 2.52
391 0.32
392 0.25
393 0.88
394 1.34
395 1.25
396 1.47
397 1.57
398 1.67
399 1.73
400 1.90
401 2.33
402 2.51
403 1.74
404 0.84
405 2.90
406 1.68
407 3.60
408 0.00
409 0.05
410 0.00
411 0.00
412 0.00
413 4.04
414 2.22
415 0.40
416 0.25
417 0.83
418 1.03
419 1.18
420 1.17
421 1.22
422 1.25
423 1.62
424 1.55
425 2.09
426 1.75
427 1.72
428 0.91
429 1.53
430 1.73
431 1.56
432 11.04
433 0.10
434 0.00
435 0.57
436 0.00
437 0.28
438 0.00
439 0.31
440 0.27
441 1.12
442 1.18
443 1.31
444 1.30
445 1.38
446 1.33
447 1.52
448 1.97
449 2.07
450 2.53
451 1.85
452 1.24
453 1.18
454 1.43
455 16.36
456 40.22
457 0.08
458 13.95
459 45.00
460 0.00
461 29.51
462 3.93
463 0.91
464 0.34
465 1.37
466 1.55
467 2.14
468 1.38
469 1.38
470 1.30
471 1.71
472 1.70
473 2.01
474 2.11
475 1.61
476 1.52
477 1.87
478 1.48
479 4.89
480 10.87
481 0.06
482 0.00
483 0.00
484 0.00
485 0.00
486 0.00
487 0.32
488 0.34
489 1.37
490 1.31
491 1.17
492 1.59
493 1.45
494 1.44
495 1.93
496 1.18
497 1.45
498 1.01
499 1.32
500 1.11
501 2.82
502 1.55
503 1.60
504 0.00
505 0.06
506 0.11
507 46.75
508 7.69
509 1.39
510 0.00
511 0.00
512 0.13
513 1.29
514 1.12
515 0.94
516 0.84
517 0.96
518 1.05
519 1.09
520 0.99
521 1.36
522 2.34
523 4.30
524 1.48
525 0.41
526 1.22
527 1.58
528 0.00
529 0.12
530 0.00
531 0.00
532 0.00
533 0.80
534 26.78
535 0.26
536 0.28
537 1.09
538 1.15
539 1.27
540 1.16
541 1.26
542 1.52
543 2.02
544 2.05
545 2.54
546 2.58
547 1.70
548 2.13
549 2.46
550 4.69
551 2.24
552 31.30
553 0.05
554 0.00
555 45.00
556 0.00
557 30.95
558 0.00
559 0.20
560 0.29
561 1.09
562 1.14
563 1.20
564 1.18
565 1.38
566 1.44
567 1.74
568 1.69
569 2.04
570 2.86
571 2.21
572 1.24
573 2.35
574 9.50
575 2.23
576 0.00
577 0.07
578 0.00
579 0.54
580 0.00
581 0.17
582 0.16
583 0.40
584 0.28
585 1.04
586 1.12
587 1.14
588 1.32
589 1.17
590 1.38
591 1.21
592 1.51
593 1.83
594 1.91
595 1.65
596 1.10
597 1.36
598 1.41
599 7.02
600 6.34
601 0.04
602 0.00
603 49.32
604 0.00
605 0.00
606 33.64
607 0.00
608 0.17
609 0.86
610 1.18
611 1.20
612 1.37
613 1.27
614 1.14
615 1.38
616 1.77
617 2.25
618 2.76
619 1.71
620 1.25
621 1.13
622 1.80
623 3.63
624 66.67
625 0.19
626 0.00
627 33.03
628 3.26
629 0.00
630 0.41
631 3.47
632 0.24
633 1.09
634 1.24
635 1.11
636 1.16
637 1.37
638 1.53
639 1.86
640 1.91
641 2.26
642 2.45
643 1.71
644 1.12
645 1.73
646 6.87
647 2.28
648 16.51
649 0.16
650 0.00
651 0.00
652 0.00
653 0.00
654 0.00
655 1.28
656 0.32
657 1.16
658 1.26
659 1.27
660 1.69
661 1.24
662 1.42
663 1.80
664 1.60
665 0.82
666 1.44
667 0.92
668 0.73
669 1.52
670 1.39
671 4.42
672 0.00
673 0.12
674 0.00
675 0.00
676 0.00
677 1.06
678 0.00
679 0.00
680 0.12
681 1.13
682 0.85
683 0.98
684 1.06
685 0.95
686 1.28
687 0.87
688 0.98
689 1.62
690 2.15
691 5.80
692 3.12
693 1.36
694 6.53
695 2.88
696 0.00
697 0.38
698 49.32
699 0.74
700 0.00
701 0.00
702 35.29
703 8.80
704 0.26
705 1.14
706 1.29
707 1.36
708 1.45
709 1.28
710 1.53
711 1.87
712 1.96
713 2.21
714 3.02
715 2.49
716 1.13
717 2.37
718 0.79
719 5.32
720 0.00
721 0.33
722 34.62
723 0.00
724 0.00
725 0.00
726 0.07
727 11.10
728 0.28
729 1.11
730 1.03
731 1.36
732 1.41
733 1.14
734 1.33
735 1.56
736 2.24
737 2.27
738 2.89
739 1.75
740 0.79
741 1.70
742 1.44
743 12.67
744 0.00
745 0.04
746 0.00
747 0.00
748 0.00
749 0.00
750 30.25
751 0.49
752 0.27
753 0.99
754 1.16
755 1.26
756 1.28
757 1.16
758 1.50
759 1.58
760 1.85
761 2.46
762 2.17
763 1.98
764 1.33
765 1.19
766 2.76
767 23.95
768 50.00
769 0.23
770 19.83
771 0.00
772 0.90
773 0.00
774 0.00
775 0.72
776 0.31
777 0.80
778 1.01
779 1.18
780 1.29
781 1.28
782 1.46
783 1.46
784 1.70
785 2.14
786 2.45
787 2.38
788 1.13
789 1.41
790 1.16
791 3.90
792 42.86
793 21.56
794 0.00
795 28.12
796 0.00
797 0.00
798 0.00
799 0.83
800 0.28
801 0.89
802 1.03
803 1.07
804 0.97
805 1.17
806 1.41
807 1.59
808 1.78
809 1.83
810 2.21
811 1.53
812 1.30
813 2.32
814 2.54
815 3.80
816 0.00
817 22.50
818 0.00
819 0.00
820 0.00
821 0.00
822 0.00
823 2.60
824 0.32
825 1.38
826 1.30
827 1.37
828 1.92
829 1.53
830 1.24
831 1.15
832 2.46
833 1.25
834 1.74
835 1.10
836 0.78
837 1.06
838 3.71
839 4.92
840 30.57
841 4.83
842 0.00
843 23.53
844 0.00
845 1.00
846 22.50
847 0.00
848 0.13
849 1.07
850 1.02
851 1.13
852 0.99
853 0.91
854 1.09
855 1.50
856 1.80
857 1.83
858 1.85
859 2.48
860 1.86
861 0.89
862 15.06
863 45.00
864 0.00
865 2.82
866 0.00
867 1.22
868 0.00
869 0.00
870 48.65
871 12.63
872 0.26
873 0.89
874 1.07
875 1.03
876 1.24
877 1.28
878 1.42
879 1.61
880 1.88
881 1.98
882 3.38
883 1.40
884 1.66
885 2.29
886 3.57
887 19.46
888 32.43
889 0.17
890 0.00
891 0.00
892 31.86
893 2.42
894 0.00
895 9.51
896 0.27
897 0.99
898 0.90
899 1.09
900 1.23
901 1.11
902 1.27
903 1.51
904 1.72
905 2.01
906 2.31
907 1.75
908 0.98
909 2.76
910 1.70
911 13.53
912 40.68
913 0.09
914 0.00
915 0.00
916 0.00
917 41.86
918 1.73
919 0.54
920 0.28
921 0.81
922 1.00
923 1.23
924 1.22
925 1.32
926 1.47
927 1.67
928 1.52
929 2.13
930 2.15
931 1.87
932 2.63
933 1.88
934 12.84
935 40.45
936 31.30
937 15.45
938 0.00
939 10.26
940 0.00
941 0.00
942 0.00
943 7.58
944 0.29
945 0.97
946 0.90
947 1.09
948 1.15
949 1.02
950 1.20
951 1.46
952 1.71
953 1.90
954 2.42
955 1.85
956 1.07
957 1.93
958 1.43
959 1.69
960 0.00
961 23.84
962 0.00
963 0.00
964 0.00
965 0.00
966 0.00
967 10.25
968 0.29
969 0.90
970 1.15
971 1.22
972 1.22
973 1.09
974 1.31
975 1.44
976 1.72
977 1.84
978 2.27
979 1.57
980 1.59
981 1.59
982 4.81
983 25.20
984 52.55
985 43.37
986 48.32
987 0.00
988 0.00
989 31.03
990 0.00
991 5.74
992 0.33
993 1.25
994 1.14
995 1.28
996 1.53
997 1.69
998 1.33
999 1.17
1000 1.20
1001 0.98
1002 2.85
1003 1.24
1004 1.03
1005 0.92
1006 1.81
1007 4.73
1008 14.12
1009 0.97
1010 48.32
1011 0.00
1012 0.00
1013 1.49
1014 0.00
1015 0.11
1016 0.11
1017 1.24
1018 0.96
1019 0.96
1020 0.95
1021 0.97
1022 0.98
1023 1.37
1024 1.40
1025 1.53
1026 2.97
1027 2.28
1028 16.35
1029 1.24
1030 0.90
1031 1.30
1032 31.03
1033 0.00
1034 0.00
1035 0.00
1036 0.00
1037 0.00
1038 0.00
1039 4.07
1040 0.27
1041 0.93
1042 1.00
1043 1.38
1044 1.26
1045 1.33
1046 1.45
1047 1.82
1048 1.95
1049 1.97
1050 3.13
1051 1.60
1052 2.22
1053 6.51
1054 25.60
1055 25.50
1056 24.66
1057 0.23
1058 0.00
1059 0.00
1060 0.00
1061 0.00
1062 0.00
1063 7.08
1064 0.28
1065 1.01
1066 0.82
1067 1.19
1068 1.09
1069 1.23
1070 1.41
1071 1.63
1072 1.91
1073 2.32
1074 2.66
1075 1.81
1076 1.00
1077 1.82
1078 1.60
1079 3.03
1080 48.00
1081 0.06
1082 0.00
1083 0.00
1084 0.00
1085 0.00
1086 18.09
1087 19.79
1088 0.28
1089 0.91
1090 1.27
1091 1.20
1092 1.27
1093 1.31
1094 1.47
1095 1.46
1096 1.68
1097 2.00
1098 2.27
1099 1.92
1100 1.67
1101 2.99
1102 3.63
1103 7.08
1104 26.47
1105 0.00
1106 0.00
1107 0.00
1108 0.00
1109 24.00
1110 0.00
1111 14.47
1112 0.27
1113 1.15
1114 0.96
1115 1.20
1116 1.21
1117 1.31
1118 1.26
1119 1.47
1120 1.83
1121 2.52
1122 2.31
1123 2.30
1124 0.91
1125 2.34
1126 35.66
1127 11.77
1128 34.85
1129 0.00
1130 0.00
1131 0.00
1132 0.00
1133 25.17
1134 0.00
1135 4.65
1136 0.29
1137 0.83
1138 0.93
1139 1.11
1140 1.12
1141 1.12
1142 1.26
1143 1.46
1144 1.90
1145 1.90
1146 2.32
1147 1.44
1148 1.31
1149 2.08
1150 1.89
1151 1.44
1152 14.52
1153 0.00
1154 0.00
1155 0.00
1156 0.00
1157 0.00
1158 29.03
1159 0.00
1160 0.36
1161 1.24
1162 1.15
1163 1.33
1164 1.60
1165 1.53
1166 1.64
1167 1.46
1168 1.87
1169 1.93
1170 2.10
1171 1.21
1172 0.96
1173 1.43
1174 1.89
1175 17.75
1176 11.14
1177 8.51
1178 52.94
1179 0.00
1180 0.00
1181 1.16
1182 0.00
1183 0.00
1184 0.17
1185 1.31
1186 1.10
1187 1.20
1188 0.99
1189 1.26
1190 0.92
1191 1.24
1192 1.27
1193 1.38
1194 2.07
1195 1.14
1196 8.63
1197 2.58
1198 1.42
1199 18.14
1200 0.00
1201 0.00
1202 0.00
1203 59.02
1204 0.00
1205 0.00
1206 30.51
1207 3.38
1208 0.27
1209 0.98
1210 1.04
1211 1.20
1212 1.26
1213 1.43
1214 1.49
1215 1.78
1216 1.94
1217 1.94
1218 3.13
1219 1.96
1220 1.26
1221 2.85
1222 1.54
1223 1.72
1224 38.71
1225 0.00
1226 0.00
1227 0.00
1228 18.18
1229 0.00
1230 0.00
1231 16.13
1232 0.28
1233 0.93
1234 0.81
1235 1.11
1236 1.09
1237 1.06
1238 1.24
1239 1.39
1240 1.60
1241 1.99
1242 2.02
1243 1.34
1244 0.82
1245 20.88
1246 14.56
1247 1.66
1248 3.16
1249 0.00
1250 20.22
1251 0.00
1252 51.43
1253 22.50
1254 0.00
1255 6.82
1256 0.27
1257 1.03
1258 1.03
1259 1.40
1260 1.30
1261 1.16
1262 1.25
1263 1.76
1264 1.55
1265 1.91
1266 1.97
1267 1.64
1268 0.73
1269 1.38
1270 2.36
1271 2.19
1272 0.00
1273 0.00
1274 0.00
1275 0.00
1276 16.51
1277 15.32
1278 0.00
1279 4.13
1280 0.31
1281 0.84
1282 0.97
1283 1.16
1284 1.09
1285 1.15
1286 1.13
1287 1.54
1288 1.58
1289 2.12
1290 2.27
1291 1.51
1292 1.24
1293 2.22
1294 9.27
1295 5.07
1296 55.38
1297 0.78
1298 0.00
1299 20.57
1300 0.00
1301 0.00
1302 0.00
1303 10.01
1304 0.28
1305 0.91
1306 1.02
1307 1.16
1308 1.16
1309 1.29
1310 1.32
1311 1.41
1312 1.92
1313 1.94
1314 2.27
1315 1.55
1316 1.39
1317 1.10
1318 1.74
1319 2.87
1320 37.11
1321 5.50
1322 0.00
1323 0.00
1324 49.32
1325 22.36
1326 12.46
1327 31.30
1328 0.36
1329 1.28
1330 1.45
1331 1.43
1332 1.84
1333 1.60
1334 2.17
1335 1.64
1336 1.83
1337 3.80
1338 2.23
1339 1.06
1340 0.80
1341 2.72
1342 3.20
1343 4.48
1344 17.29
1345 13.79
1346 0.00
1347 24.32
1348 23.53
1349 1.00
1350 0.00
1351 0.00
1352 0.17
1353 1.38
1354 1.12
1355 1.09
1356 1.03
1357 1.13
1358 1.08
1359 1.03
1360 1.32
1361 1.15
1362 1.96
1363 3.02
1364 2.32
1365 4.41
1366 0.56
1367 1.96
1368 0.00
1369 0.00
1370 0.00
1371 0.00
1372 0.00
1373 36.00
1374 0.00
1375 7.07
1376 0.28
1377 1.04
1378 0.82
1379 1.14
1380 1.36
1381 1.45
1382 1.18
1383 1.77
1384 1.94
1385 2.14
1386 2.49
1387 1.57
1388 2.74
1389 1.36
1390 4.25
1391 1.41
1392 0.00
1393 0.27
1394 0.00
1395 0.00
1396 0.00
1397 0.00
1398 0.00
1399 23.92
1400 0.31
1401 1.06
1402 0.90
1403 1.06
1404 1.26
1405 1.14
1406 1.19
1407 1.26
1408 1.84
1409 1.69
1410 2.05
1411 1.67
1412 1.41
1413 8.12
1414 0.78
1415 2.95
1416 36.00
1417 0.00
1418 16.22
1419 0.00
1420 0.00
1421 0.00
1422 8.64
1423 2.62
1424 0.33
1425 1.05
1426 0.94
1427 1.29
1428 1.18
1429 1.03
1430 1.36
1431 1.53
1432 1.95
1433 1.91
1434 2.62
1435 2.10
1436 1.09
1437 1.51
1438 1.07
1439 3.29
1440 0.00
1441 3.58
1442 0.00
1443 0.00
1444 0.00
1445 0.00
1446 43.37
1447 0.64
1448 0.34
1449 0.82
1450 1.16
1451 1.13
1452 1.26
1453 1.26
1454 1.47
1455 1.53
1456 1.69
1457 1.87
1458 2.42
1459 1.49
1460 0.77
1461 0.62
1462 1.99
1463 6.05
1464 4.95
1465 0.00
1466 0.00
1467 0.00
1468 0.00
1469 0.00
1470 0.00
1471 19.15
1472 0.37
1473 1.21
1474 1.16
1475 1.15
1476 1.58
1477 1.31
1478 0.94
1479 1.21
1480 2.23
1481 1.40
1482 2.58
1483 1.27
1484 0.89
1485 3.10
1486 4.28
1487 5.60
1488 2.27
1489 54.55
1490 0.00
1491 0.00
1492 0.00
1493 1.00
1494 14.88
1495 9.68
1496 0.18
1497 2.02
1498 0.90
1499 0.88
1500 0.72
1501 0.92
1502 0.84
1503 0.95
1504 1.24
1505 1.78
1506 1.45
1507 4.46
1508 1.57
1509 13.71
1510 5.66
1511 6.01
1512 0.00
1513 0.00
1514 0.00
1515 52.94
1516 0.00
1517 0.00
1518 0.00
1519 6.94
1520 0.31
1521 0.96
1522 1.05
1523 1.30
1524 1.50
1525 1.38
1526 1.71
1527 1.83
1528 2.10
1529 1.92
1530 2.21
1531 1.90
1532 1.21
1533 5.42
1534 2.43
1535 7.93
1536 8.27
1537 0.50
1538 0.00
1539 0.00
1540 0.00
1541 0.00
1542 20.81
1543 12.24
1544 0.33
1545 1.02
1546 1.01
1547 1.13
1548 1.03
1549 1.17
1550 1.24
1551 1.50
1552 1.81
1553 1.75
1554 2.40
1555 1.71
1556 1.75
1557 2.07
1558 2.27
1559 7.89
1560 0.00
1561 0.00
1562 44.44
1563 0.00
1564 0.00
1565 0.00
1566 0.00
1567 16.69
1568 0.35
1569 0.97
1570 1.17
1571 1.00
1572 1.22
1573 1.22
1574 1.16
1575 1.59
1576 1.70
1577 1.84
1578 2.43
1579 1.81
1580 1.35
1581 3.76
1582 1.35
1583 1.95
1584 0.00
1585 32.43
1586 0.00
1587 0.00
1588 0.00
1589 30.51
1590 46.75
1591 5.19
1592 0.33
1593 0.86
1594 0.77
1595 1.17
1596 1.28
1597 1.18
1598 1.30
1599 1.40
1600 1.75
1601 2.03
1602 2.50
1603 2.06
1604 1.49
1605 1.68
1606 1.43
1607 1.89
1608 0.00
1609 52.17
1610 0.00
1611 0.00
1612 0.00
1613 23.53
1614 14.17
1615 5.14
1616 0.36
1617 0.97
1618 1.00
1619 1.26
1620 1.15
1621 1.10
1622 1.23
1623 1.48
1624 1.82
1625 1.94
1626 2.47
1627 2.29
1628 1.58
1629 3.44
1630 2.61
1631 26.73
1632 18.27
1633 0.13
1634 0.00
1635 0.00
1636 0.00
1637 0.00
1638 0.00
1639 13.33
1640 0.40
1641 1.26
1642 1.25
1643 1.24
1644 1.61
1645 1.45
1646 1.43
1647 1.62
1648 2.62
1649 3.89
1650 2.22
1651 1.91
1652 2.04
1653 2.03
1654 1.82
1655 2.07
1656 0.00
1657 46.75
1658 10.43
1659 0.00
1660 0.00
1661 1.19
1662 0.00
1663 0.00
1664 0.14
1665 1.54
1666 0.96
1667 0.87
1668 0.99
1669 0.80
1670 1.02
1671 1.33
1672 1.10
1673 1.45
1674 1.76
1675 5.20
1676 0.91
1677 1.03
1678 2.46
1679 13.10
1680 16.07
1681 0.00
1682 0.00
1683 0.00
1684 0.00
1685 0.00
1686 0.00
1687 52.94
1688 0.17
1689 1.50
1690 0.95
1691 0.87
1692 0.95
1693 1.18
1694 1.24
1695 1.13
1696 1.60
1697 2.22
1698 2.41
1699 1.26
1700 1.18
1701 5.47
1702 1.36
1703 0.00
1704 8.93
1705 9.07
1706 0.00
1707 0.00
1708 0.00
1709 0.00
1710 0.00
1711 18.82
1712 0.34
1713 0.95
1714 0.83
1715 1.10
1716 1.23
1717 1.39
1718 1.33
1719 1.51
1720 1.64
1721 2.01
1722 2.18
1723 1.72
1724 1.51
1725 2.61
1726 7.86
1727 1.98
1728 43.37
1729 10.29
1730 0.00
1731 6.56
1732 0.00
1733 25.17
1734 0.00
1735 16.74
1736 0.32
1737 0.95
1738 0.89
1739 1.22
1740 1.23
1741 1.16
1742 1.28
1743 1.31
1744 1.71
1745 1.87
1746 2.52
1747 1.80
1748 0.72
1749 4.28
1750 1.27
1751 19.78
1752 15.25
1753 0.00
1754 0.00
1755 0.00
1756 0.00
1757 0.00
1758 45.57
1759 10.89
1760 0.32
1761 1.11
1762 0.95
1763 1.28
1764 1.20
1765 1.05
1766 1.43
1767 1.69
1768 1.63
1769 2.04
1770 2.26
1771 1.61
1772 1.87
1773 1.50
1774 3.73
1775 10.31
1776 4.07
1777 22.93
1778 0.00
1779 0.00
1780 0.00
1781 13.58
1782 0.00
1783 4.14
1784 0.35
1785 1.00
1786 0.92
1787 1.27
1788 1.11
1789 1.22
1790 1.29
1791 1.74
1792 1.98
1793 2.22
1794 2.41
1795 1.46
1796 1.21
1797 2.43
1798 0.65
1799 12.22
1800 3.00
1801 52.94
1802 0.00
1803 0.00
1804 59.02
1805 0.00
1806 0.00
1807 0.00
1808 0.35
1809 1.27
1810 1.10
1811 1.23
1812 1.61
1813 1.22
1814 1.31
1815 1.41
1816 1.71
1817 1.82
1818 0.96
1819 1.48
1820 0.74
1821 1.10
1822 1.87
1823 9.33
1824 43.37
1825 1.22
1826 12.53
1827 0.00
1828 5.84
1829 1.00
1830 0.00
1831 0.00
1832 0.17
1833 0.65
1834 0.72
1835 0.86
1836 0.92
1837 0.82
1838 0.83
1839 1.04
1840 0.95
1841 1.97
1842 1.31
1843 5.37
1844 1.20
1845 0.88
1846 9.41
1847 4.51
1848 24.32
1849 0.00
1850 0.00
1851 0.00
1852 0.00
1853 0.00
1854 0.00
1855 15.04
1856 0.30
1857 0.96
1858 0.93
1859 1.43
1860 1.35
1861 1.33
1862 1.43
1863 1.58
1864 1.94
1865 1.91
1866 2.80
1867 1.63
1868 1.59
1869 1.89
1870 3.05
1871 2.92
1872 0.00
1873 0.00
1874 0.00
1875 0.00
1876 0.00
1877 0.00
1878 0.00
1879 6.16
1880 0.31
1881 0.97
1882 0.87
1883 1.23
1884 1.42
1885 1.07
1886 1.21
1887 1.42
1888 1.60
1889 2.12
1890 2.25
1891 1.56
1892 1.55
1893 2.07
1894 2.45
1895 4.29
1896 0.00
1897 0.00
1898 0.00
1899 0.00
1900 0.00
1901 0.00
1902 0.00
1903 13.33
1904 0.37
1905 1.18
1906 1.07
1907 1.23
1908 1.38
1909 1.39
1910 1.44
1911 1.95
1912 2.14
1913 1.82
1914 2.52
1915 1.65
1916 1.34
1917 0.99
1918 0.97
1919 5.31
1920 0.00
1921 0.00
1922 0.00
1923 0.00
1924 0.00
1925 18.46
1926 0.00
1927 21.23
1928 0.30
1929 0.94
1930 0.91
1931 0.97
1932 1.37
1933 1.04
1934 1.18
1935 1.63
1936 1.73
1937 1.94
1938 2.53
1939 1.76
1940 0.98
1941 0.88
1942 3.08
1943 1.08
1944 0.00
1945 7.39
1946 0.00
1947 0.00
1948 0.00
1949 0.00
1950 0.00
1951 13.40
1952 0.32
1953 0.97
1954 0.94
1955 1.10
1956 1.13
1957 1.06
1958 1.52
1959 1.72
1960 2.20
1961 1.96
1962 2.51
1963 1.66
1964 1.20
1965 2.29
1966 13.01
1967 1.78
1968 5.57
1969 2.77
1970 0.00
1971 35.64
1972 0.00
1973 0.00
1974 0.00
1975 7.67
1976 0.39
1977 1.21
1978 1.00
1979 1.24
1980 1.59
1981 1.26
1982 1.02
1983 1.43
1984 1.44
1985 1.64
1986 2.48
1987 1.09
1988 1.25
1989 1.77
1990 1.71
1991 2.22
1992 11.65
1993 9.32
1994 2.18
1995 0.00
1996 0.00
1997 1.51
1998 0.00
1999 0.00
2000 0.16
2001 1.19
2002 1.00
2003 0.90
2004 0.78
2005 0.87
2006 0.90
2007 0.99
2008 1.37
2009 1.04
2010 2.06
2011 2.62
2012 4.09
2013 4.59
2014 1.35
2015 1.23
2016 0.00
2017 0.00
2018 0.00
2019 0.00
2020 0.00
2021 29.75
2022 7.75
2023 16.40
2024 0.29
2025 0.96
2026 1.01
2027 1.12
2028 1.39
2029 1.19
2030 1.22
2031 1.58
2032 1.95
2033 1.68
2034 2.08
2035 1.79
2036 1.28
2037 1.25
2038 10.17
2039 2.24
2040 5.41
2041 0.37
2042 46.75
2043 9.88
2044 21.75
2045 0.00
2046 0.00
2047 3.45
2048 0.30
2049 0.89
2050 0.82
2051 0.90
2052 1.15
2053 1.14
2054 1.31
2055 1.62
2056 2.07
2057 1.89
2058 2.50
2059 1.80
2060 1.89
2061 1.91
2062 5.58
2063 8.98
2064 0.00
2065 0.00
2066 0.00
2067 0.00
2068 0.00
2069 23.61
2070 2.74
2071 7.46
2072 0.31
2073 0.93
2074 0.92
2075 1.29
2076 1.55
2077 1.14
2078 1.32
2079 1.76
2080 1.79
2081 1.87
2082 2.44
2083 1.59
2084 0.78
2085 3.27
2086 1.14
2087 0.00
2088 0.00
2089 0.00
2090 0.00
2091 0.00
2092 0.00
2093 23.08
2094 0.00
2095 16.71
2096 0.35
2097 0.84
2098 0.77
2099 1.07
2100 1.29
2101 1.02
2102 1.20
2103 1.69
2104 1.99
2105 1.59
2106 2.38
2107 2.00
2108 2.43
2109 1.65
2110 2.30
2111 1.68
2112 43.37
2113 7.74
2114 14.69
2115 0.00
2116 0.00
2117 21.56
2118 29.27
2119 12.57
2120 0.41
2121 0.88
2122 0.90
2123 1.12
2124 1.09
2125 1.19
2126 1.50
2127 1.46
2128 1.74
2129 1.81
2130 2.16
2131 1.77
2132 0.96
2133 0.96
2134 9.36
2135 2.34
2136 16.04
2137 0.00
2138 0.00
2139 0.00
2140 0.00
2141 7.24
2142 0.00
2143 0.78
2144 0.38
2145 1.11
2146 1.03
2147 1.19
2148 1.65
2149 1.35
2150 1.10
2151 1.56
2152 1.43
2153 1.15
2154 1.48
2155 1.18
2156 0.65
2157 1.34
2158 0.99
2159 2.12
2160 6.39
2161 0.44
2162 59.02
2163 44.44
2164 0.00
2165 1.16
2166 4.71
2167 30.38
2168 0.17
2169 1.04
2170 0.90
2171 0.79
2172 0.78
2173 0.86
2174 0.77
2175 0.69
2176 0.80
2177 1.16
2178 2.30
2179 2.02
2180 4.02
2181 1.26
2182 3.04
2183 18.09
2184 7.52
2185 34.95
2186 0.00
2187 0.00
2188 0.00
2189 18.75
2190 50.00
2191 14.94
2192 0.36
2193 1.02
2194 1.13
2195 1.23
2196 1.41
2197 1.27
2198 1.18
2199 1.42
2200 1.63
2201 1.87
2202 2.46
2203 1.45
2204 1.08
2205 1.71
2206 2.88
2207 13.79
2208 0.00
2209 2.15
2210 0.00
2211 0.00
2212 0.00
2213 21.30
2214 17.65
2215 10.79
2216 0.36
2217 0.92
2218 1.05
2219 1.18
2220 1.27
2221 1.12
2222 1.12
2223 2.07
2224 1.61
2225 2.06
2226 2.14
2227 2.07
2228 1.21
2229 0.92
2230 1.73
2231 11.50
2232 0.00
2233 8.93
2234 0.00
2235 0.00
2236 0.00
2237 21.95
2238 0.00
2239 11.14
2240 0.38
2241 0.89
2242 1.13
2243 1.38
2244 1.25
2245 1.10
2246 1.46
2247 1.65
2248 1.79
2249 1.89
2250 2.23
2251 1.91
2252 1.04
2253 1.79
2254 2.68
2255 13.58
2256 36.55
2257 0.57
2258 17.45
2259 0.00
2260 0.00
2261 26.77
2262 0.00
2263 5.49
2264 0.46
2265 0.88
2266 0.93
2267 1.11
2268 1.30
2269 1.41
2270 1.30
2271 1.50
2272 2.02
2273 1.96
2274 2.27
2275 1.63
2276 1.12
2277 3.59
2278 0.99
2279 11.41
2280 11.36
2281 8.91
2282 19.35
2283 0.00
2284 0.00
2285 0.00
2286 0.00
2287 0.00
2288 0.17
2289 1.39
2290 1.29
2291 1.25
2292 1.22
2293 1.41
2294 1.39
2295 1.09
2296 1.43
2297 1.66
2298 2.14
2299 1.41
2300 1.27
2301 3.23
2302 0.83
2303 45.00
2304 0.00
2305 0.00
2306 0.00
2307 0.00
2308 0.00
2309 0.00
2310 0.00
2311 0.00
2312 0.39
2313 1.01
2314 1.19
2315 1.08
2316 1.36
2317 1.15
2318 1.12
2319 1.32
2320 1.87
2321 1.17
2322 1.42
2323 2.77
2324 0.76
2325 2.80
2326 3.90
2327 2.26
2328 49.32
2329 1.38
2330 0.00
2331 0.00
2332 33.96
2333 1.00
2334 0.00
2335 0.00
2336 0.17
2337 1.32
2338 0.87
2339 0.90
2340 0.76
2341 0.91
2342 0.95
2343 1.09
2344 0.92
2345 2.63
2346 1.84
2347 0.89
2348 34.62
2349 18.41
2350 1.54
2351 2.27
2352 0.00
2353 0.00
2354 0.00
2355 0.00
2356 0.00
2357 0.00
2358 0.00
2359 0.00
2360 0.16
2361 1.11
2362 1.45
2363 1.28
2364 1.25
2365 1.40
2366 1.09
2367 1.44
2368 1.71
2369 1.70
2370 2.44
2371 1.47
2372 1.34
2373 4.08
2374 0.96
2375 42.86
2376 0.00
2377 0.00
2378 0.00
2379 0.00
2380 0.00
2381 17.56
2382 30.00
2383 15.67
2384 0.33
2385 0.98
2386 1.05
2387 1.07
2388 1.24
2389 1.33
2390 1.52
2391 1.54
2392 1.79
2393 1.75
2394 2.64
2395 1.65
2396 1.35
2397 2.34
2398 1.45
2399 17.52
2400 4.28
2401 0.30
2402 0.00
2403 0.00
2404 32.73
2405 0.00
2406 0.00
2407 8.89
2408 0.35
2409 0.99
2410 0.88
2411 1.52
2412 1.26
2413 1.26
2414 1.37
2415 1.50
2416 2.00
2417 1.98
2418 1.99
2419 1.64
2420 2.76
2421 1.15
2422 7.71
2423 15.32
2424 0.00
2425 35.64
2426 14.27
2427 10.75
2428 28.80
2429 13.36
2430 18.45
2431 15.09
2432 0.40
2433 1.05
2434 1.05
2435 1.02
2436 1.35
2437 1.24
2438 1.24
2439 1.26
2440 1.61
2441 1.78
2442 2.40
2443 1.42
2444 2.71
2445 1.51
2446 2.04
2447 7.29
2448 0.00
2449 37.31
2450 0.00
2451 0.00
2452 0.00
2453 48.00
2454 0.00
2455 18.79
2456 0.33
2457 1.13
2458 1.05
2459 1.27
2460 1.12
2461 1.21
2462 1.40
2463 1.55
2464 1.74
2465 1.86
2466 2.30
2467 1.52
2468 1.30
2469 3.46
2470 0.90
2471 2.24
2472 3.40
2473 1.27
2474 16.22
2475 0.00
2476 0.00
2477 15.00
2478 52.94
2479 1.65
2480 0.43
2481 1.06
2482 1.17
2483 1.37
2484 1.68
2485 1.36
2486 1.07
2487 1.41
2488 1.44
2489 1.04
2490 2.11
2491 1.06
2492 1.03
2493 1.79
2494 18.94
2495 2.28
2496 7.39
2497 0.49
2498 0.00
2499 0.00
2500 0.00
2501 1.00
2502 0.00
2503 8.65
2504 0.19
2505 1.21
2506 0.92
2507 0.93
2508 0.81
2509 0.68
2510 0.80
2511 0.90
2512 1.02
2513 1.18
2514 1.62
2515 1.52
2516 0.75
2517 1.94
2518 11.76
2519 0.00
2520 0.00
2521 0.00
2522 0.00
2523 0.00
2524 0.00
2525 0.00
2526 0.00
2527 9.60
2528 0.34
2529 0.88
2530 1.05
2531 1.33
2532 1.45
2533 1.37
2534 1.83
2535 2.44
2536 1.56
2537 1.78
2538 2.15
2539 1.59
2540 1.90
2541 1.49
2542 1.34
2543 2.14
2544 8.62
2545 1.21
2546 0.00
2547 0.00
2548 36.00
2549 0.00
2550 0.00
2551 4.27
2552 0.30
2553 0.98
2554 0.74
2555 0.95
2556 1.16
2557 1.18
2558 1.18
2559 1.35
2560 1.87
2561 1.83
2562 2.36
2563 1.85
2564 1.51
2565 1.73
2566 1.16
2567 5.18
2568 2.14
2569 28.35
2570 0.00
2571 0.00
2572 0.00
2573 33.03
2574 0.00
2575 18.54
2576 0.43
2577 1.08
2578 0.83
2579 1.19
2580 1.33
2581 1.15
2582 1.28
2583 1.18
2584 1.71
2585 1.64
2586 2.31
2587 1.77
2588 1.06
2589 0.90
2590 1.11
2591 5.76
2592 40.45
2593 0.23
2594 0.00
2595 0.00
2596 0.00
2597 0.00
2598 0.00
2599 18.26
2600 0.43
2601 0.98
2602 0.78
2603 1.01
2604 1.15
2605 1.40
2606 1.34
2607 1.77
2608 1.51
2609 2.03
2610 2.34
2611 1.88
2612 0.90
2613 1.40
2614 1.69
2615 3.16
2616 41.38
2617 0.23
2618 0.00
2619 0.00
2620 0.00
2621 0.00
2622 59.02
2623 16.13
2624 0.45
2625 1.04
2626 1.29
2627 1.38
2628 1.36
2629 1.40
2630 1.44
2631 2.05
2632 1.72
2633 1.98
2634 2.29
2635 1.99
2636 0.75
2637 1.74
2638 2.42
2639 5.45
2640 20.85
2641 0.37
2642 50.00
2643 0.00
2644 0.00
2645 0.00
2646 0.00
2647 0.00
2648 0.42
2649 1.15
2650 1.23
2651 1.20
2652 1.53
2653 1.20
2654 0.97
2655 1.02
2656 2.30
2657 1.42
2658 1.68
2659 2.08
2660 0.80
2661 1.61
2662 3.08
2663 1.59
2664 30.08
2665 1.07
2666 15.56
2667 0.00
2668 0.00
2669 1.00
2670 57.14
2671 0.00
2672 0.23
2673 0.88
2674 0.94
2675 0.82
2676 0.81
2677 0.85
2678 1.13
2679 1.05
2680 1.87
2681 1.49
2682 2.26
2683 3.95
2684 1.45
2685 1.64
2686 18.84
2687 47.68
2688 18.90
2689 0.00
2690 0.00
2691 0.00
2692 0.00
2693 15.00
2694 0.00
2695 14.41
2696 0.37
2697 1.04
2698 0.85
2699 1.17
2700 1.33
2701 1.48
2702 1.51
2703 1.79
2704 1.66
2705 1.98
2706 2.44
2707 1.78
2708 1.98
2709 2.27
2710 0.94
2711 2.11
2712 0.00
2713 0.41
2714 0.00
2715 0.00
2716 29.51
2717 58.06
2718 0.00
2719 3.95
2720 0.38
2721 0.85
2722 0.74
2723 1.11
2724 1.08
2725 1.06
2726 1.14
2727 1.29
2728 1.74
2729 1.96
2730 2.37
2731 1.66
2732 1.36
2733 1.35
2734 6.24
2735 7.04
2736 0.00
2737 50.00
2738 13.51
2739 16.86
2740 24.83
2741 0.00
2742 0.00
2743 0.00
2744 0.18
2745 0.76
2746 1.01
2747 1.04
2748 1.02
2749 0.94
2750 0.94
2751 1.12
2752 1.46
2753 2.05
2754 2.67
2755 1.78
2756 2.08
2757 1.89
2758 0.68
2759 7.29
2760 0.00
2761 0.00
2762 0.00
2763 0.00
2764 0.00
2765 0.00
2766 55.38
2767 5.81
2768 0.48
2769 0.87
2770 0.99
2771 1.18
2772 1.35
2773 1.07
2774 1.22
2775 1.45
2776 1.84
2777 1.99
2778 2.20
2779 2.37
2780 1.03
2781 1.54
2782 0.90
2783 2.42
2784 16.82
2785 0.00
2786 0.00
2787 0.00
2788 0.00
2789 0.00
2790 0.00
2791 15.97
2792 0.41
2793 0.90
2794 0.98
2795 1.05
2796 1.04
2797 1.09
2798 1.75
2799 1.43
2800 1.77
2801 2.04
2802 2.49
2803 1.72
2804 1.33
2805 1.38
2806 1.68
2807 1.90
2808 37.50
2809 58.06
2810 0.00
2811 0.00
2812 0.00
2813 0.00
2814 0.00
2815 0.00
2816 0.45
2817 1.20
2818 1.04
2819 1.24
2820 1.56
2821 1.34
2822 1.32
2823 1.92
2824 1.96
2825 1.67
2826 1.53
2827 0.88
2828 0.67
2829 0.99
2830 1.72
2831 20.45
2832 4.46
2833 19.17
2834 33.03
2835 9.02
2836 2.29
2837 1.00
2838 0.00
2839 0.00
2840 0.22
2841 1.23
2842 1.01
2843 0.95
2844 0.65
2845 0.82
2846 1.17
2847 1.05
2848 1.28
2849 1.17
2850 1.68
2851 4.99
2852 0.88
2853 1.71
2854 0.00
2855 0.00
2856 0.00
2857 37.11
2858 0.00
2859 0.00
2860 0.00
2861 0.00
2862 31.86
2863 16.62
2864 0.34
2865 0.85
2866 1.15
2867 0.93
2868 1.26
2869 1.17
2870 1.20
2871 1.44
2872 1.95
2873 1.86
2874 2.85
2875 1.60
2876 1.65
2877 3.91
2878 3.26
2879 4.44
2880 0.00
2881 43.90
2882 0.00
2883 0.00
2884 0.00
2885 0.00
2886 5.28
2887 13.49
2888 0.39
2889 0.90
2890 0.90
2891 1.13
2892 1.23
2893 1.19
2894 1.34
2895 1.43
2896 1.81
2897 2.12
2898 2.23
2899 1.96
2900 1.53
2901 2.70
2902 1.71
2903 3.86
2904 4.19
2905 0.00
2906 0.00
2907 0.00
2908 21.05
2909 48.00
2910 0.00
2911 5.46
2912 0.37
2913 0.85
2914 0.62
2915 1.10
2916 1.03
2917 0.99
2918 1.27
2919 1.41
2920 1.51
2921 1.83
2922 2.42
2923 1.71
2924 1.12
2925 1.56
2926 0.00
2927 0.83
2928 2.06
2929 2.29
2930 0.00
2931 0.00
2932 0.00
2933 0.00
2934 2.85
2935 10.28
2936 0.40
2937 0.92
2938 0.84
2939 1.02
2940 1.21
2941 1.09
2942 1.43
2943 1.57
2944 1.77
2945 1.78
2946 2.37
2947 1.60
2948 0.67
2949 12.60
2950 1.70
2951 0.96
2952 45.57
2953 0.00
2954 0.00
2955 0.00
2956 0.00
2957 0.00
2958 0.00
2959 13.86
2960 0.36
2961 0.97
2962 0.90
2963 1.16
2964 1.10
2965 1.31
2966 1.20
2967 1.50
2968 1.80
2969 1.88
2970 2.15
2971 1.71
2972 0.98
2973 3.72
2974 2.11
2975 14.69
2976 9.86
2977 1.44
2978 36.36
2979 0.00
2980 30.51
2981 0.00
2982 0.00
2983 25.71
2984 0.44
2985 1.36
2986 1.22
2987 1.18
2988 1.39
2989 1.09
2990 0.91
2991 1.15
2992 1.56
2993 1.80
2994 1.33
2995 1.07
2996 0.81
2997 1.26
2998 0.90
2999 4.90
3000 42.60
3001 0.11
3002 0.00
3003 8.24
3004 0.00
3005 1.00
3006 0.00
3007 0.00
3008 0.17
3009 0.77
3010 0.90
3011 0.79
3012 0.89
3013 0.82
3014 0.97
3015 1.10
3016 1.41
3017 1.50
3018 1.38
3019 4.23
3020 3.45
3021 2.40
3022 1.21
3023 0.00
3024 40.00
3025 0.00
3026 0.00
3027 9.05
3028 0.00
3029 31.58
3030 16.55
3031 4.91
3032 0.34
3033 0.91
3034 0.92
3035 1.19
3036 1.12
3037 1.03
3038 1.38
3039 1.56
3040 1.40
3041 1.82
3042 2.72
3043 1.30
3044 1.02
3045 2.80
3046 0.00
3047 0.00
3048 22.50
3049 0.00
3050 0.00
3051 0.00
3052 25.00
3053 0.00
3054 16.74
3055 16.81
3056 0.31
3057 0.85
3058 0.84
3059 1.00
3060 1.02
3061 0.95
3062 1.20
3063 1.38
3064 1.76
3065 1.69
3066 2.14
3067 1.64
3068 2.50
3069 2.50
3070 2.31
3071 1.05
3072 10.29
3073 1.65
3074 0.00
3075 0.00
3076 30.00
3077 0.00
3078 23.53
3079 5.83
3080 0.37
3081 0.93
3082 1.02
3083 1.20
3084 1.19
3085 1.00
3086 1.31
3087 1.39
3088 1.60
3089 1.93
3090 2.20
3091 1.58
3092 1.31
3093 1.76
3094 1.53
3095 3.12
3096 0.00
3097 0.00
3098 0.00
3099 0.00
3100 9.47
3101 0.00
3102 46.75
3103 16.74
3104 0.36
3105 0.80
3106 0.92
3107 1.17
3108 1.09
3109 0.85
3110 1.35
3111 1.40
3112 1.77
3113 1.74
3114 2.13
3115 1.48
3116 2.55
3117 1.74
3118 2.78
3119 3.24
3120 26.67
3121 5.13
3122 0.00
3123 9.45
3124 0.00
3125 0.00
3126 0.00
3127 0.88
3128 0.38
3129 0.81
3130 0.94
3131 1.03
3132 1.09
3133 1.06
3134 1.09
3135 1.38
3136 1.65
3137 1.61
3138 2.12
3139 1.71
3140 0.98
3141 1.11
3142 0.52
3143 4.32
3144 15.06
3145 23.38
3146 42.35
3147 0.00
3148 0.00
3149 0.00
3150 0.00
3151 14.81
3152 0.45
3153 1.08
3154 1.11
3155 1.15
3156 1.47
3157 1.18
3158 1.32
3159 1.55
3160 1.95
3161 1.54
3162 1.58
3163 1.62
3164 1.18
3165 1.55
3166 0.54
3167 5.85
3168 31.44
3169 0.00
3170 0.00
3171 0.00
3172 0.00
3173 1.00
3174 0.00
3175 0.00
3176 0.25
3177 1.07
3178 0.73
3179 0.81
3180 0.91
3181 0.91
3182 1.21
3183 1.38
3184 1.72
3185 0.76
3186 1.28
3187 1.82
3188 3.53
3189 0.96
3190 41.86
3191 2.14
3192 0.00
3193 0.00
3194 0.00
3195 0.00
3196 0.00
3197 0.00
3198 0.00
3199 24.08
3200 0.34
3201 0.81
3202 0.94
3203 1.23
3204 1.08
3205 1.39
3206 1.38
3207 1.40
3208 1.54
3209 1.77
3210 2.70
3211 1.96
3212 2.92
3213 2.32
3214 1.76
3215 21.49
3216 3.41
3217 0.69
3218 0.00
3219 0.00
3220 0.00
3221 5.66
3222 31.44
3223 8.51
3224 0.34
3225 0.77
3226 0.78
3227 1.17
3228 1.05
3229 1.13
3230 1.18
3231 1.54
3232 1.90
3233 1.69
3234 2.26
3235 1.46
3236 0.77
3237 2.21
3238 1.49
3239 0.84
3240 0.00
3241 36.36
3242 0.00
3243 0.00
3244 0.00
3245 0.00
3246 0.00
3247 13.52
3248 0.35
3249 0.75
3250 0.95
3251 1.21
3252 1.55
3253 1.31
3254 1.13
3255 1.51
3256 1.64
3257 1.65
3258 2.14
3259 1.49
3260 1.23
3261 0.59
3262 1.12
3263 0.72
3264 0.00
3265 0.00
3266 0.00
3267 0.00
3268 0.00
3269 0.00
3270 52.17
3271 5.42
3272 0.35
3273 0.81
3274 0.80
3275 1.01
3276 1.19
3277 1.27
3278 1.05
3279 1.33
3280 2.03
3281 1.83
3282 2.26
3283 1.48
3284 1.03
3285 2.62
3286 0.86
3287 7.20
3288 0.00
3289 0.00
3290 0.00
3291 0.00
3292 0.00
3293 0.00
3294 0.00
3295 18.30
3296 0.38
3297 1.02
3298 0.96
3299 1.06
3300 1.10
3301 1.07
3302 1.29
3303 1.41
3304 1.88
3305 1.92
3306 2.36
3307 1.32
3308 0.96
3309 2.46
3310 0.65
3311 12.63
3312 0.00
3313 0.16
3314 40.00
3315 0.00
3316 0.00
3317 0.00
3318 0.00
3319 0.00
3320 0.44
3321 1.21
3322 1.19
3323 1.19
3324 1.38
3325 1.07
3326 1.11
3327 1.45
3328 1.94
3329 1.40
3330 1.33
3331 0.99
3332 1.21
3333 0.91
3334 1.16
3335 2.06
3336 17.69
3337 3.08
3338 15.82
3339 16.98
3340 0.00
3341 1.00
3342 0.00
3343 0.00
3344 0.19
3345 0.79
3346 1.00
3347 0.77
3348 0.67
3349 0.88
3350 0.79
3351 1.03
3352 1.14
3353 1.61
3354 2.95
3355 2.15
3356 1.04
3357 0.00
3358 2.54
3359 2.33
3360 15.13
3361 45.00
3362 4.84
3363 0.00
3364 0.00
3365 0.00
3366 0.00
3367 8.07
3368 0.36
3369 0.88
3370 0.92
3371 1.29
3372 1.25
3373 1.29
3374 1.23
3375 1.53
3376 2.27
3377 1.88
3378 2.57
3379 1.46
3380 1.40
3381 2.45
3382 2.22
3383 2.48
3384 12.08
3385 0.53
3386 0.00
3387 0.00
3388 0.00
3389 0.00
3390 0.00
3391 10.16
3392 0.33
3393 0.82
3394 0.75
3395 1.16
3396 1.12
3397 1.12
3398 1.27
3399 1.51
3400 1.84
3401 1.96
3402 2.39
3403 1.34
3404 1.01
3405 3.91
3406 2.45
3407 1.09
3408 31.03
3409 0.00
3410 0.00
3411 0.00
3412 0.00
3413 0.00
3414 0.00
3415 25.17
3416 0.37
3417 0.86
3418 0.85
3419 1.25
3420 1.34
3421 1.07
3422 1.17
3423 1.36
3424 1.78
3425 1.96
3426 2.73
3427 1.52
3428 0.97
3429 5.33
3430 0.60
3431 1.18
3432 59.02
3433 0.00
3434 31.30
3435 0.00
3436 0.00
3437 0.00
3438 0.00
3439 1.44
3440 0.35
3441 0.92
3442 0.82
3443 1.19
3444 1.09
3445 1.12
3446 1.36
3447 1.48
3448 1.92
3449 1.89
3450 2.00
3451 1.74
3452 1.20
3453 1.32
3454 2.31
3455 18.85
3456 0.00
3457 31.03
3458 0.00
3459 0.00
3460 0.00
3461 0.00
3462 10.24
3463 12.31
3464 0.33
3465 0.89
3466 0.79
3467 1.04
3468 1.04
3469 1.20
3470 1.36
3471 1.40
3472 1.48
3473 1.66
3474 2.23
3475 1.46
3476 1.12
3477 1.20
3478 2.04
3479 11.06
3480 5.76
3481 0.19
3482 0.00
3483 15.79
3484 0.00
3485 0.00
3486 0.00
3487 0.00
3488 0.43
3489 0.99
3490 1.12
3491 1.13
3492 1.49
3493 1.33
3494 1.08
3495 1.69
3496 2.11
3497 1.55
3498 0.99
3499 1.10
3500 0.58
3501 2.80
3502 1.13
3503 21.18
3504 2.45
3505 6.55
3506 0.00
3507 0.00
3508 0.00
3509 1.00
3510 0.00
3511 0.00
3512 0.25
3513 1.47
3514 0.94
3515 0.87
3516 0.78
3517 0.78
3518 0.76
3519 0.96
3520 1.45
3521 1.27
3522 1.26
3523 4.69
3524 0.55
3525 17.10
3526 7.32
3527 44.44
3528 42.86
3529 0.00
3530 0.00
3531 0.00
3532 0.00
3533 0.00
3534 12.54
3535 0.60
3536 0.35
3537 0.87
3538 0.95
3539 1.11
3540 1.13
3541 1.08
3542 1.50
3543 1.31
3544 1.85
3545 1.93
3546 2.82
3547 1.58
3548 1.54
3549 2.28
3550 27.95
3551 7.52
3552 0.00
3553 0.60
3554 0.00
3555 0.00
3556 0.00
3557 41.86
3558 6.64
3559 13.17
3560 0.38
3561 0.79
3562 0.83
3563 1.09
3564 1.17
3565 1.11
3566 1.23
3567 1.34
3568 1.87
3569 1.90
3570 2.54
3571 1.90
3572 1.49
3573 0.95
3574 1.09
3575 16.19
3576 37.11
3577 0.00
3578 0.00
3579 0.00
3580 0.00
3581 0.00
3582 20.45
3583 13.27
3584 0.36
3585 0.95
3586 0.87
3587 1.12
3588 1.34
3589 1.13
3590 1.31
3591 1.51
3592 1.73
3593 1.99
3594 2.51
3595 1.74
3596 1.60
3597 1.28
3598 0.64
3599 3.23
3600 0.00
3601 31.17
3602 0.00
3603 0.00
3604 39.56
3605 0.00
3606 0.00
3607 8.50
3608 0.38
3609 1.19
3610 0.95
3611 1.01
3612 1.11
3613 1.09
3614 1.50
3615 1.33
3616 1.99
3617 2.32
3618 2.38
3619 1.62
3620 0.70
3621 3.65
3622 1.38
3623 3.47
3624 2.88
3625 3.61
3626 0.00
3627 0.00
3628 14.69
3629 45.00
3630 0.00
3631 22.86
3632 0.37
3633 1.01
3634 0.97
3635 1.20
3636 1.13
3637 1.09
3638 1.25
3639 1.37
3640 1.90
3641 1.84
3642 2.35
3643 1.60
3644 1.39
3645 1.03
3646 1.22
3647 1.52
3648 55.38
3649 0.46
3650 0.00
3651 0.00
3652 0.00
3653 0.00
3654 0.00
3655 0.00
3656 0.40
3657 1.20
3658 1.25
3659 1.04
3660 1.67
3661 1.26
3662 1.05
3663 1.54
3664 1.46
3665 1.71
3666 1.32
3667 0.98
3668 1.01
3669 1.18
3670 0.81
3671 2.32
3672 2.54
3673 0.40
3674 0.00
3675 24.49
3676 0.00
3677 1.31
3678 0.00
3679 0.00
3680 0.18
3681 1.50
3682 1.11
3683 0.80
3684 0.78
3685 0.97
3686 0.98
3687 1.21
3688 1.49
3689 2.11
3690 1.71
3691 8.17
3692 16.82
3693 28.02
3694 0.58
3695 0.00
3696 45.00
3697 0.00
3698 0.00
3699 0.00
3700 0.00
3701 0.00
3702 0.00
3703 9.86
3704 0.32
3705 0.96
3706 0.91
3707 1.34
3708 1.22
3709 1.11
3710 1.38
3711 1.68
3712 1.98
3713 2.00
3714 3.22
3715 1.82
3716 0.75
3717 7.28
3718 0.91
3719 3.54
3720 0.00
3721 2.01
3722 0.00
3723 0.00
3724 0.00
3725 0.00
3726 0.00
3727 8.73
3728 0.39
3729 0.81
3730 0.91
3731 1.00
3732 1.12
3733 1.09
3734 1.26
3735 1.52
3736 2.06
3737 1.82
3738 2.14
3739 1.65
3740 2.08
3741 1.38
3742 10.84
3743 49.32
3744 34.95
3745 0.00
3746 35.29
3747 0.00
3748 0.00
3749 0.00
3750 0.00
3751 14.03
3752 0.35
3753 0.98
3754 0.98
3755 0.93
3756 1.30
3757 1.27
3758 1.42
3759 1.29
3760 1.73
3761 1.79
3762 2.23
3763 1.99
3764 2.43
3765 0.68
3766 0.50
3767 2.83
3768 0.00
3769 28.12
3770 0.00
3771 28.80
3772 0.00
3773 0.00
3774 0.00
3775 36.55
3776 0.35
3777 1.23
3778 0.96
3779 1.06
3780 1.18
3781 1.27
3782 1.32
3783 1.55
3784 1.60
3785 2.04
3786 2.30
3787 1.53
3788 0.80
3789 0.97
3790 1.28
3791 5.10
3792 0.00
3793 0.00
3794 0.00
3795 36.00
3796 0.00
3797 0.00
3798 0.00
3799 14.48
3800 0.37
3801 0.99
3802 1.03
3803 1.14
3804 1.06
3805 1.30
3806 1.33
3807 1.54
3808 2.15
3809 1.97
3810 1.92
3811 1.85
3812 1.06
3813 2.01
3814 0.77
3815 2.35
3816 32.14
3817 0.00
3818 0.00
3819 0.00
3820 0.00
3821 0.00
3822 0.00
3823 0.00
3824 0.38
3825 1.17
3826 1.09
3827 1.08
3828 1.54
3829 1.22
3830 1.52
3831 1.26
3832 1.76
3833 2.40
3834 1.26
3835 1.57
3836 0.66
3837 4.63
3838 0.90
3839 35.29
3840 0.00
3841 1.40
3842 0.00
3843 0.00
3844 0.00
3845 1.00
3846 0.00
3847 0.00
3848 0.18
3849 1.11
3850 0.85
3851 0.63
3852 0.68
3853 0.67
3854 0.84
3855 1.01
3856 1.12
3857 1.21
3858 1.19
3859 1.26
3860 8.55
3861 7.29
3862 25.71
3863 4.57
3864 2.96
3865 11.96
3866 0.00
3867 0.00
3868 0.00
3869 0.00
3870 0.00
3871 0.00
3872 0.15
3873 0.93
3874 1.38
3875 1.18
3876 1.07
3877 0.92
3878 1.30
3879 1.21
3880 2.20
3881 1.72
3882 2.18
3883 1.33
3884 1.39
3885 6.59
3886 0.62
3887 0.00
3888 0.00
3889 2.85
3890 0.00
3891 0.00
3892 0.00
3893 0.00
3894 0.00
3895 9.58
3896 0.34
3897 1.00
3898 0.97
3899 1.18
3900 1.04
3901 1.25
3902 1.08
3903 1.26
3904 1.60
3905 1.96
3906 2.37
3907 1.99
3908 1.10
3909 1.32
3910 2.67
3911 3.56
3912 2.23
3913 0.00
3914 0.00
3915 0.00
3916 0.00
3917 0.00
3918 0.00
3919 16.31
3920 0.31
3921 0.90
3922 0.89
3923 1.05
3924 1.38
3925 1.25
3926 1.33
3927 1.22
3928 1.99
3929 1.92
3930 2.38
3931 1.66
3932 0.95
3933 0.96
3934 2.17
3935 0.00
3936 58.06
3937 0.00
3938 0.00
3939 0.00
3940 38.30
3941 0.00
3942 18.09
3943 9.95
3944 0.37
3945 0.84
3946 0.85
3947 1.05
3948 1.26
3949 1.06
3950 1.27
3951 1.51
3952 1.74
3953 2.13
3954 2.08
3955 1.58
3956 1.22
3957 2.27
3958 0.80
3959 2.54
3960 0.00
3961 0.00
3962 0.00
3963 0.00
3964 0.00
3965 0.00
3966 11.58
3967 12.23
3968 0.37
3969 0.76
3970 0.91
3971 1.11
3972 1.09
3973 1.10
3974 1.13
3975 1.65
3976 2.00
3977 1.79
3978 2.05
3979 1.38
3980 1.55
3981 1.13
3982 4.35
3983 4.56
3984 0.00
3985 28.46
3986 0.00
3987 0.00
3988 0.00
3989 0.00
3990 0.00
3991 0.00
3992 0.39
3993 1.14
3994 1.16
3995 1.27
3996 1.46
3997 1.20
3998 1.06
3999 1.83
4000 1.33
4001 1.08
4002 2.05
4003 1.04
4004 0.65
4005 0.72
4006 1.64
4007 3.19
4008 0.00
4009 1.41
4010 50.70
4011 0.00
4012 0.00
4013 1.95
4014 0.00
4015 54.55
4016 0.25
4017 1.41
4018 1.01
4019 1.07
4020 1.01
4021 0.87
4022 0.97
4023 0.91
4024 1.10
4025 0.99
4026 1.33
4027 1.61
4028 1.60
4029 5.46
4030 0.77
4031 2.01
4032 52.94
4033 0.00
4034 59.02
4035 0.00
4036 0.00
4037 0.00
4038 21.30
4039 12.83
4040 0.35
4041 0.92
4042 1.05
4043 0.97
4044 1.23
4045 1.40
4046 1.20
4047 1.32
4048 1.66
4049 2.24
4050 2.72
4051 1.66
4052 1.78
4053 2.88
4054 1.37
4055 2.39
4056 0.00
4057 0.14
4058 0.00
4059 0.00
4060 0.00
4061 0.00
4062 23.68
4063 16.67
4064 0.32
4065 0.90
4066 0.76
4067 1.02
4068 1.30
4069 1.04
4070 1.33
4071 1.46
4072 1.74
4073 1.79
4074 2.33
4075 1.92
4076 1.88
4077 1.03
4078 0.60
4079 0.00
4080 0.00
4081 0.00
4082 0.00
4083 0.00
4084 0.00
4085 0.00
4086 16.74
4087 11.80
4088 0.33
4089 0.86
4090 1.12
4091 1.26
4092 1.22
4093 1.25
4094 1.39
4095 1.46
4096 1.60
4097 1.97
4098 2.32
4099 1.80
4100 1.08
4101 4.45
4102 19.49
4103 4.14
4104 0.00
4105 29.03
4106 0.00
4107 0.00
4108 0.00
4109 22.50
4110 15.38
4111 14.65
4112 0.38
4113 0.93
4114 0.89
4115 1.01
4116 1.05
4117 0.94
4118 1.25
4119 1.61
4120 1.79
4121 1.59
4122 2.23
4123 1.80
4124 0.96
4125 1.81
4126 0.69
4127 1.25
4128 15.06
4129 0.00
4130 0.00
4131 0.00
4132 0.00
4133 0.00
4134 0.00
4135 15.35
4136 0.36
4137 0.79
4138 0.85
4139 1.12
4140 1.10
4141 1.07
4142 1.24
4143 1.30
4144 1.74
4145 1.92
4146 2.06
4147 1.55
4148 1.36
4149 1.14
4150 0.78
4151 0.00
4152 27.38
4153 4.23
4154 0.00
4155 0.00
4156 0.00
4157 0.00
4158 0.00
4159 20.93
4160 0.41
4161 1.11
4162 1.11
4163 1.19
4164 1.58
4165 1.41
4166 1.18
4167 1.34
4168 1.20
4169 1.34
4170 1.22
4171 1.10
4172 0.70
4173 0.80
4174 1.34
4175 1.02
4176 3.32
4177 0.73
4178 0.00
4179 30.51
4180 0.00
4181 1.00
4182 0.00
4183 0.00
4184 0.23
4185 0.78
4186 0.75
4187 0.88
4188 0.78
4189 0.81
4190 0.84
4191 1.07
4192 1.20
4193 1.25
4194 2.08
4195 2.19
4196 1.00
4197 1.08
4198 23.08
4199 58.06
4200 30.00
4201 0.00
4202 0.00
4203 0.00
4204 0.00
4205 0.00
4206 52.94
4207 17.53
4208 0.53
4209 1.09
4210 1.11
4211 2.50
4212 1.91
4213 0.84
4214 1.40
4215 1.64
4216 1.48
4217 2.14
4218 2.64
4219 0.99
4220 1.60
4221 1.74
4222 40.91
4223 1.56
4224 0.00
4225 0.00
4226 0.00
4227 0.00
4228 0.00
4229 0.00
4230 22.64
4231 1.15
4232 0.23
4233 1.00
4234 0.83
4235 1.08
4236 1.17
4237 1.24
4238 1.25
4239 1.43
4240 2.21
4241 1.98
4242 2.65
4243 1.24
4244 1.56
4245 2.61
4246 0.96
4247 1.14
4248 7.97
4249 0.15
4250 0.00
4251 0.00
4252 0.00
4253 0.00
4254 45.57
4255 21.25
4256 0.35
4257 1.19
4258 0.62
4259 1.51
4260 1.32
4261 1.38
4262 1.43
4263 1.57
4264 2.01
4265 2.03
4266 2.21
4267 1.31
4268 1.76
4269 4.64
4270 5.94
4271 16.07
4272 0.00
4273 0.00
4274 0.00
4275 0.00
4276 0.00
4277 0.00
4278 20.34
4279 1.15
4280 0.23
4281 1.06
4282 0.95
4283 1.18
4284 1.28
4285 1.17
4286 1.27
4287 1.72
4288 2.10
4289 2.07
4290 2.42
4291 1.07
4292 5.25
4293 2.12
4294 3.19
4295 4.04
4296 20.45
4297 0.00
4298 0.00
4299 0.00
4300 0.00
4301 0.00
4302 0.00
4303 0.29
4304 0.25
4305 1.22
4306 1.17
4307 1.27
4308 1.18
4309 1.16
4310 1.28
4311 1.76
4312 2.06
4313 2.21
4314 2.34
4315 1.24
4316 2.80
4317 7.57
4318 2.72
4319 24.06
4320 16.29
4321 1.95
4322 0.00
4323 40.00
4324 0.00
4325 0.00
4326 0.00
4327 32.14
4328 0.37
4329 1.41
4330 1.19
4331 1.34
4332 1.39
4333 0.87
4334 1.12
4335 1.10
4336 2.21
4337 2.13
4338 2.79
4339 1.50
4340 1.82
4341 3.55
4342 7.43
4343 7.95
4344 0.00
4345 0.00
4346 25.17
4347 0.00
4348 55.38
4349 1.00
4350 0.00
4351 0.00
4352 0.18
4353 2.49
4354 1.13
4355 1.02
4356 0.87
4357 0.83
4358 0.99
4359 1.21
4360 1.36
4361 1.29
4362 1.14
4363 1.71
4364 0.57
4365 0.48
4366 3.33
4367 2.00
4368 0.00
4369 0.00
4370 0.00
4371 0.00
4372 0.00
4373 0.00
4374 14.94
4375 0.64
4376 0.25
4377 0.86
4378 1.23
4379 1.41
4380 1.33
4381 1.53
4382 1.49
4383 1.74
4384 1.90
4385 2.28
4386 3.18
4387 1.21
4388 0.92
4389 0.89
4390 49.32
4391 0.00
4392 0.00
4393 0.00
4394 0.00
4395 0.00
4396 0.00
4397 0.00
4398 4.63
4399 0.32
4400 0.22
4401 0.77
4402 1.07
4403 1.09
4404 1.16
4405 1.24
4406 1.39
4407 1.44
4408 2.20
4409 1.92
4410 2.34
4411 1.36
4412 1.38
4413 1.99
4414 0.00
4415 30.77
4416 20.22
4417 0.00
4418 0.00
4419 0.00
4420 18.95
4421 11.88
4422 0.00
4423 2.96
4424 0.20
4425 0.75
4426 1.20
4427 1.36
4428 1.21
4429 1.26
4430 1.47
4431 1.56
4432 1.87
4433 2.08
4434 2.46
4435 1.14
4436 4.23
4437 12.50
4438 15.20
4439 22.47
4440 7.22
4441 0.00
4442 0.00
4443 0.00
4444 0.00
4445 0.00
4446 36.55
4447 0.35
4448 0.22
4449 0.98
4450 1.12
4451 1.16
4452 1.30
4453 1.28
4454 1.44
4455 1.51
4456 1.92
4457 1.88
4458 2.19
4459 1.25
4460 5.51
4461 10.96
4462 15.91
4463 19.23
4464 0.00
4465 9.38
4466 0.00
4467 0.00
4468 0.00
4469 0.00
4470 0.00
4471 1.13
4472 0.22
4473 1.05
4474 1.11
4475 1.06
4476 1.26
4477 1.22
4478 1.33
4479 1.55
4480 1.85
4481 2.37
4482 2.42
4483 1.12
4484 2.10
4485 1.80
4486 1.64
4487 1.60
4488 0.00
4489 0.00
4490 0.00
4491 0.00
4492 0.00
4493 0.00
4494 0.00
4495 24.00
4496 0.35
4497 1.20
4498 1.05
4499 1.29
4500 1.44
4501 0.87
4502 0.89
4503 1.37
4504 1.56
4505 1.27
4506 1.45
4507 1.25
4508 0.92
4509 0.88
4510 9.18
4511 9.32
4512 22.64
4513 7.53
4514 0.00
4515 0.00
4516 0.00
4517 1.00
4518 0.00
4519 0.00
4520 0.25
4521 1.86
4522 0.78
4523 0.86
4524 0.85
4525 0.87
4526 0.92
4527 1.17
4528 1.38
4529 2.28
4530 1.66
4531 4.14
4532 21.19
4533 1.59
4534 5.55
4535 15.48
4536 0.00
4537 0.00
4538 0.00
4539 0.00
4540 0.00
4541 20.93
4542 0.00
4543 16.06
4544 0.26
4545 0.97
4546 1.17
4547 1.30
4548 1.31
4549 1.56
4550 1.57
4551 0.91
4552 2.00
4553 1.91
4554 2.72
4555 1.33
4556 3.97
4557 4.64
4558 0.85
4559 1.55
4560 25.00
4561 0.00
4562 55.38
4563 0.00
4564 0.00
4565 0.00
4566 17.14
4567 0.71
4568 0.26
4569 0.90
4570 0.90
4571 1.14
4572 1.28
4573 1.31
4574 1.18
4575 1.59
4576 2.22
4577 2.14
4578 2.39
4579 1.47
4580 2.18
4581 1.47
4582 0.64
4583 0.00
4584 0.00
4585 0.00
4586 0.00
4587 0.00
4588 0.00
4589 32.14
4590 0.00
4591 7.21
4592 0.22
4593 0.83
4594 1.07
4595 1.50
4596 1.40
4597 1.34
4598 1.46
4599 1.69
4600 1.85
4601 2.38
4602 2.02
4603 1.39
4604 2.06
4605 5.94
4606 1.41
4607 13.19
4608 11.58
4609 0.00
4610 48.65
4611 0.00
4612 0.00
4613 50.00
4614 0.00
4615 4.60
4616 0.23
4617 1.11
4618 1.25
4619 1.16
4620 1.07
4621 1.23
4622 1.39
4623 1.56
4624 2.01
4625 2.09
4626 2.11
4627 1.09
4628 0.79
4629 1.08
4630 27.69
4631 27.02
4632 8.47
4633 0.00
4634 0.00
4635 0.00
4636 0.00
4637 0.00
4638 0.00
4639 11.25
4640 0.27
4641 1.14
4642 1.19
4643 0.65
4644 1.06
4645 1.33
4646 1.15
4647 1.45
4648 2.00
4649 1.97
4650 2.05
4651 1.06
4652 0.75
4653 7.80
4654 0.71
4655 1.13
4656 2.89
4657 0.00
4658 50.00
4659 28.46
4660 0.00
4661 0.00
4662 0.00
4663 0.37
4664 0.34
4665 1.19
4666 1.00
4667 1.23
4668 1.48
4669 0.77
4670 1.16
4671 1.44
4672 3.89
4673 2.65
4674 1.58
4675 1.01
4676 1.04
4677 0.65
4678 2.28
4679 39.56
4680 0.00
4681 0.00
4682 0.00
4683 0.00
4684 0.00
4685 1.47
4686 0.00
4687 0.17
4688 0.19
4689 1.04
4690 0.95
4691 0.83
4692 0.65
4693 0.76
4694 0.77
4695 0.98
4696 1.13
4697 1.43
4698 1.50
4699 6.15
4700 1.10
4701 1.83
4702 1.03
4703 1.85
4704 31.58
4705 40.00
4706 0.00
4707 0.00
4708 0.00
4709 0.00
4710 0.16
4711 12.88
4712 0.23
4713 1.02
4714 1.19
4715 1.44
4716 1.54
4717 1.32
4718 1.47
4719 1.56
4720 2.05
4721 2.18
4722 2.99
4723 1.11
4724 2.68
4725 2.41
4726 59.02
4727 16.90
4728 0.00
4729 0.00
4730 0.00
4731 0.00
4732 0.00
4733 0.00
4734 37.50
4735 1.09
4736 0.22
4737 1.02
4738 1.04
4739 1.27
4740 1.34
4741 1.28
4742 1.50
4743 1.65
4744 2.52
4745 2.08
4746 2.41
4747 1.18
4748 6.83
4749 3.65
4750 0.00
4751 0.00
4752 0.00
4753 0.00
4754 0.00
4755 0.00
4756 0.00
4757 0.00
4758 8.96
4759 5.18
4760 0.22
4761 0.93
4762 1.29
4763 1.39
4764 1.07
4765 1.21
4766 1.30
4767 1.64
4768 1.99
4769 1.58
4770 2.50
4771 1.10
4772 4.73
4773 1.70
4774 0.00
4775 3.27
4776 0.00
4777 0.00
4778 0.00
4779 0.00
4780 0.00
4781 0.00
4782 32.29
4783 0.65
4784 0.24
4785 0.95
4786 1.02
4787 1.19
4788 1.25
4789 1.26
4790 1.42
4791 1.80
4792 1.89
4793 2.20
4794 2.78
4795 1.44
4796 2.38
4797 1.00
4798 7.64
4799 0.00
4800 0.00
4801 0.00
4802 0.00
4803 0.00
4804 5.49
4805 0.00
4806 0.00
4807 0.56
4808 0.24
4809 0.91
4810 1.05
4811 1.19
4812 1.19
4813 1.17
4814 1.22
4815 1.63
4816 2.14
4817 2.04
4818 2.70
4819 1.13
4820 1.41
4821 1.24
4822 1.66
4823 0.00
4824 2.05
4825 51.43
4826 25.00
4827 0.00
4828 0.00
4829 0.00
4830 0.00
4831 26.87
4832 0.35
4833 1.29
4834 1.32
4835 1.43
4836 1.48
4837 0.83
4838 1.09
4839 1.23
4840 1.68
4841 1.79
4842 1.33
4843 0.88
4844 0.66
4845 0.80
4846 20.40
4847 2.06
4848 5.41
4849 1.86
4850 0.00
4851 50.00
4852 0.00
4853 1.00
4854 0.00
4855 0.22
4856 0.16
4857 1.26
4858 1.05
4859 0.84
4860 0.76
4861 0.68
4862 0.99
4863 0.89
4864 1.05
4865 1.07
4866 1.59
4867 3.10
4868 0.95
4869 0.49
4870 16.98
4871 1.91
4872 0.00
4873 0.00
4874 0.00
4875 0.00
4876 0.00
4877 0.00
4878 3.38
4879 25.62
4880 0.23
4881 1.22
4882 1.08
4883 1.33
4884 1.22
4885 1.45
4886 1.62
4887 1.65
4888 2.16
4889 2.13
4890 3.23
4891 1.36
4892 3.17
4893 3.14
4894 0.00
4895 1.37
4896 0.00
4897 55.38
4898 0.00
4899 0.00
4900 0.00
4901 0.00
4902 0.00
4903 0.39
4904 0.30
4905 1.02
4906 1.00
4907 1.29
4908 1.39
4909 1.00
4910 1.29
4911 1.33
4912 2.66
4913 1.89
4914 2.12
4915 1.92
4916 1.20
4917 10.96
4918 0.49
4919 1.06
4920 0.00
4921 0.00
4922 0.00
4923 0.47
4924 0.00
4925 0.00
4926 1.25
4927 7.45
4928 0.24
4929 1.04
4930 1.00
4931 1.60
4932 1.39
4933 1.45
4934 1.30
4935 1.43
4936 2.08
4937 2.22
4938 2.68
4939 1.20
4940 1.68
4941 2.48
4942 1.52
4943 8.94
4944 0.00
4945 0.00
4946 0.00
4947 0.00
4948 0.00
4949 0.00
4950 0.00
4951 0.49
4952 0.26
4953 0.90
4954 1.03
4955 1.36
4956 1.29
4957 0.93
4958 1.35
4959 1.70
4960 1.91
4961 2.04
4962 2.49
4963 1.47
4964 1.49
4965 1.50
4966 1.93
4967 1.06
4968 0.00
4969 0.26
4970 0.00
4971 0.00
4972 0.00
4973 1.63
4974 0.00
4975 0.65
4976 0.25
4977 1.13
4978 0.80
4979 1.16
4980 1.22
4981 1.24
4982 1.10
4983 1.35
4984 1.56
4985 2.06
4986 2.34
4987 1.63
4988 1.85
4989 3.27
4990 8.07
4991 8.69
4992 41.38
4993 0.00
4994 0.00
4995 0.00
4996 0.00
4997 0.00
4998 0.00
4999 18.18
5000 0.34
5001 1.21
5002 1.15
5003 1.15
5004 1.42
5005 0.86
5006 1.20
5007 1.48
5008 1.27
5009 2.17
5010 1.77
5011 0.81
5012 1.60
5013 0.66
5014 3.38
5015 7.59
5016 0.00
5017 2.80
5018 0.85
5019 54.55
5020 0.00
5021 1.00
5022 0.00
5023 0.00
5024 0.24
5025 0.82
5026 0.91
5027 0.86
5028 0.76
5029 0.79
5030 0.92
5031 0.86
5032 1.22
5033 1.00
5034 1.19
5035 4.23
5036 6.96
5037 11.80
5038 1.47
5039 4.07
5040 0.00
5041 0.00
5042 0.00
5043 0.00
5044 0.00
5045 0.00
5046 0.00
5047 9.42
5048 0.25
5049 0.78
5050 0.79
5051 1.37
5052 1.40
5053 1.40
5054 1.16
5055 1.45
5056 2.16
5057 2.00
5058 2.77
5059 1.07
5060 3.08
5061 1.65
5062 9.55
5063 3.29
5064 0.00
5065 0.77
5066 0.00
5067 0.00
5068 0.00
5069 0.00
5070 0.00
5071 8.35
5072 0.22
5073 1.01
5074 0.82
5075 1.21
5076 1.28
5077 1.24
5078 1.26
5079 1.36
5080 1.85
5081 2.01
5082 2.32
5083 1.34
5084 1.21
5085 5.30
5086 1.78
5087 5.48
5088 34.62
5089 0.00
5090 0.00
5091 0.00
5092 20.93
5093 0.00
5094 0.00
5095 0.51
5096 0.24
5097 0.78
5098 1.07
5099 1.32
5100 1.19
5101 1.09
5102 1.67
5103 1.40
5104 1.70
5105 2.06
5106 2.40
5107 1.48
5108 2.69
5109 1.62
5110 0.97
5111 1.12
5112 0.00
5113 0.00
5114 0.00
5115 0.00
5116 0.00
5117 0.00
5118 0.00
5119 1.03
5120 0.26
5121 1.08
5122 0.96
5123 1.35
5124 1.10
5125 1.10
5126 1.37
5127 1.61
5128 1.85
5129 2.35
5130 2.38
5131 1.35
5132 1.99
5133 3.52
5134 3.81
5135 1.19
5136 0.00
5137 0.00
5138 0.00
5139 0.00
5140 0.00
5141 0.00
5142 0.00
5143 0.48
5144 0.25
5145 0.88
5146 0.95
5147 1.04
5148 1.19
5149 1.17
5150 1.31
5151 1.63
5152 1.78
5153 2.13
5154 2.60
5155 1.49
5156 1.90
5157 2.51
5158 3.26
5159 7.41
5160 0.00
5161 0.00
5162 0.00
5163 0.00
5164 0.00
5165 0.00
5166 0.00
5167 0.13
5168 0.35
5169 1.32
5170 1.26
5171 1.17
5172 1.40
5173 0.93
5174 1.05
5175 1.49
5176 2.11
5177 3.93
5178 2.34
5179 1.19
5180 1.87
5181 4.16
5182 3.21
5183 5.70
5184 11.76
5185 0.77
5186 10.84
5187 21.05
5188 0.00
5189 1.00
5190 36.00
5191 0.12
5192 0.24
5193 0.97
5194 0.91
5195 0.66
5196 0.80
5197 0.82
5198 0.91
5199 1.08
5200 1.17
5201 1.09
5202 1.42
5203 2.84
5204 1.26
5205 1.04
5206 1.79
5207 1.00
5208 0.00
5209 0.00
5210 0.00
5211 18.85
5212 0.00
5213 0.00
5214 14.91
5215 15.30
5216 0.25
5217 0.79
5218 1.03
5219 1.33
5220 1.51
5221 1.25
5222 1.38
5223 1.83
5224 1.94
5225 1.99
5226 3.18
5227 1.50
5228 1.76
5229 3.18
5230 1.69
5231 1.83
5232 0.00
5233 0.00
5234 0.00
5235 22.78
5236 0.00
5237 0.00
5238 0.00
5239 1.08
5240 0.25
5241 0.93
5242 1.00
5243 1.09
5244 1.32
5245 1.25
5246 1.16
5247 1.47
5248 1.93
5249 1.97
5250 2.30
5251 1.91
5252 1.81
5253 2.91
5254 2.07
5255 12.11
5256 0.00
5257 0.00
5258 0.00
5259 25.17
5260 0.00
5261 47.37
5262 0.00
5263 15.61
5264 0.23
5265 1.03
5266 0.71
5267 1.17
5268 1.55
5269 1.09
5270 1.23
5271 1.75
5272 2.13
5273 1.97
5274 2.33
5275 1.46
5276 1.50
5277 3.01
5278 15.82
5279 2.32
5280 0.00
5281 0.00
5282 0.00
5283 0.00
5284 0.00
5285 0.00
5286 0.00
5287 5.22
5288 0.25
5289 0.89
5290 0.95
5291 1.39
5292 1.22
5293 1.26
5294 1.25
5295 1.31
5296 1.77
5297 1.72
5298 2.21
5299 1.53
5300 0.91
5301 0.71
5302 2.70
5303 10.53
5304 12.81
5305 35.64
5306 0.00
5307 0.00
5308 2.88
5309 0.00
5310 0.00
5311 0.68
5312 0.24
5313 0.87
5314 0.89
5315 1.13
5316 1.11
5317 1.17
5318 1.05
5319 1.29
5320 1.75
5321 1.64
5322 1.96
5323 1.19
5324 1.14
5325 2.34
5326 1.43
5327 3.01
5328 0.00
5329 0.00
5330 0.00
5331 0.00
5332 0.00
5333 0.00
5334 0.00
5335 0.00
5336 0.37
5337 1.22
5338 1.10
5339 1.16
5340 1.41
5341 1.00
5342 1.05
5343 1.68
5344 2.08
5345 2.38
5346 2.14
5347 1.47
5348 2.16
5349 1.88
5350 2.50
5351 2.83
5352 0.00
5353 0.00
5354 0.00
5355 0.00
5356 0.00
5357 1.00
5358 0.00
5359 0.12
5360 0.19
5361 0.90
5362 0.98
5363 0.78
5364 0.72
5365 0.78
5366 0.80
5367 1.01
5368 0.93
5369 0.90
5370 1.20
5371 6.30
5372 3.93
5373 2.27
5374 0.00
5375 6.17
5376 0.00
5377 0.00
5378 0.00
5379 36.73
5380 0.00
5381 0.00
5382 56.25
5383 14.40
5384 0.26
5385 1.02
5386 0.99
5387 1.27
5388 1.45
5389 1.26
5390 1.38
5391 1.60
5392 1.70
5393 1.66
5394 2.39
5395 1.25
5396 2.16
5397 2.56
5398 0.90
5399 0.00
5400 0.00
5401 0.00
5402 20.22
5403 0.00
5404 22.93
5405 0.00
5406 0.00
5407 10.84
5408 0.24
5409 0.94
5410 0.95
5411 1.21
5412 1.25
5413 1.17
5414 1.32
5415 1.62
5416 1.91
5417 1.91
5418 2.58
5419 1.54
5420 1.22
5421 1.59
5422 3.03
5423 4.09
5424 0.00
5425 0.00
5426 22.22
5427 0.00
5428 0.00
5429 0.00
5430 31.03
5431 10.91
5432 0.25
5433 1.16
5434 0.99
5435 1.00
5436 1.12
5437 1.16
5438 1.20
5439 1.47
5440 1.80
5441 2.07
5442 2.08
5443 1.40
5444 1.44
5445 1.31
5446 0.52
5447 1.80
5448 0.00
5449 0.00
5450 37.11
5451 0.00
5452 0.00
5453 0.00
5454 25.71
5455 0.85
5456 0.25
5457 0.88
5458 0.92
5459 1.02
5460 1.39
5461 1.14
5462 1.14
5463 1.64
5464 1.97
5465 1.95
5466 2.36
5467 1.40
5468 1.94
5469 2.39
5470 1.19
5471 12.18
5472 0.00
5473 0.00
5474 0.00
5475 0.00
5476 0.00
5477 0.00
5478 0.00
5479 13.26
5480 0.27
5481 1.06
5482 1.08
5483 1.12
5484 1.21
5485 1.09
5486 1.20
5487 1.29
5488 1.96
5489 1.90
5490 2.45
5491 1.42
5492 1.89
5493 2.92
5494 1.31
5495 0.00
5496 0.00
5497 0.00
5498 17.91
5499 4.17
5500 0.00
5501 0.00
5502 0.00
5503 0.00
5504 0.37
5505 1.10
5506 1.18
5507 1.19
5508 1.41
5509 1.10
5510 1.17
5511 1.54
5512 1.66
5513 1.61
5514 1.79
5515 1.03
5516 0.60
5517 1.96
5518 2.39
5519 25.35
5520 0.00
5521 2.14
5522 0.00
5523 0.00
5524 0.00
5525 1.00
5526 0.00
5527 0.00
5528 0.27
5529 0.96
5530 0.91
5531 0.75
5532 0.79
5533 0.74
5534 0.87
5535 1.07
5536 1.54
5537 0.97
5538 1.24
5539 4.54
5540 3.71
5541 0.96
5542 1.97
5543 0.00
5544 0.00
5545 0.00
5546 0.00
5547 29.27
5548 0.00
5549 0.00
5550 0.00
5551 19.22
5552 0.25
5553 1.17
5554 1.16
5555 1.21
5556 1.29
5557 1.35
5558 1.51
5559 1.65
5560 1.99
5561 1.95
5562 2.39
5563 1.87
5564 2.10
5565 1.75
5566 47.37
5567 1.40
5568 0.00
5569 59.02
5570 18.75
5571 0.00
5572 0.00
5573 0.00
5574 0.00
5575 0.80
5576 0.25
5577 1.23
5578 0.84
5579 1.01
5580 1.15
5581 1.23
5582 1.58
5583 1.46
5584 1.96
5585 1.82
5586 2.29
5587 1.43
5588 2.65
5589 6.83
5590 1.57
5591 2.80
5592 0.00
5593 0.00
5594 0.00
5595 23.38
5596 0.00
5597 0.00
5598 37.50
5599 15.38
5600 0.22
5601 0.82
5602 0.96
5603 1.34
5604 1.38
5605 1.22
5606 1.21
5607 1.43
5608 1.71
5609 1.84
5610 2.11
5611 1.72
5612 3.45
5613 1.88
5614 2.81
5615 4.54
5616 0.00
5617 0.00
5618 7.42
5619 0.00
5620 0.00
5621 0.00
5622 55.38
5623 0.62
5624 0.25
5625 1.01
5626 0.88
5627 1.21
5628 1.16
5629 1.26
5630 1.19
5631 1.65
5632 2.25
5633 1.71
5634 2.39
5635 1.49
5636 5.43
5637 5.34
5638 0.83
5639 0.00
5640 0.00
5641 0.00
5642 43.90
5643 0.00
5644 0.00
5645 0.00
5646 0.00
5647 0.41
5648 0.27
5649 0.93
5650 1.07
5651 0.99
5652 1.04
5653 1.06
5654 1.27
5655 1.48
5656 1.84
5657 1.98
5658 2.47
5659 1.62
5660 2.65
5661 1.74
5662 9.41
5663 28.51
5664 0.00
5665 16.90
5666 0.00
5667 0.00
5668 50.00
5669 0.00
5670 0.00
5671 0.00
5672 0.38
5673 1.13
5674 1.09
5675 1.27
5676 1.38
5677 1.07
5678 0.98
5679 1.37
5680 2.79
5681 1.93
5682 2.85
5683 1.38
5684 0.97
5685 1.19
5686 0.59
5687 1.29
5688 11.46
5689 0.44
5690 44.44
5691 35.29
5692 0.00
5693 1.00
5694 0.00
5695 0.00
5696 0.19
5697 0.77
5698 0.97
5699 0.80
5700 0.97
5701 0.75
5702 0.91
5703 0.87
5704 0.98
5705 1.29
5706 1.48
5707 3.29
5708 6.60
5709 0.82
5710 0.53
5711 0.00
5712 0.00
5713 0.00
5714 0.00
5715 0.00
5716 0.00
5717 0.00
5718 0.00
5719 19.64
5720 0.24
5721 0.83
5722 1.24
5723 1.29
5724 1.23
5725 1.28
5726 1.55
5727 1.82
5728 1.95
5729 1.97
5730 2.92
5731 1.72
5732 2.67
5733 4.38
5734 11.45
5735 37.89
5736 0.00
5737 0.74
5738 0.00
5739 0.00
5740 34.95
5741 0.00
5742 22.71
5743 6.90
5744 0.25
5745 0.99
5746 1.02
5747 1.22
5748 1.30
5749 1.27
5750 1.24
5751 1.77
5752 1.72
5753 1.62
5754 2.30
5755 1.66
5756 2.18
5757 1.37
5758 0.00
5759 0.00
5760 33.64
5761 0.00
5762 0.00
5763 0.00
5764 0.00
5765 0.00
5766 36.00
5767 10.69
5768 0.23
5769 0.84
5770 0.85
5771 1.22
5772 1.22
5773 1.23
5774 1.41
5775 1.38
5776 1.78
5777 1.79
5778 2.26
5779 1.76
5780 1.23
5781 3.17
5782 4.99
5783 21.43
5784 29.27
5785 0.00
5786 0.00
5787 50.70
5788 0.00
5789 0.00
5790 11.34
5791 12.32
5792 0.24
5793 0.93
5794 0.90
5795 1.13
5796 1.30
5797 1.03
5798 1.44
5799 1.54
5800 1.76
5801 1.84
5802 1.94
5803 1.87
5804 0.74
5805 5.65
5806 0.94
5807 6.27
5808 0.00
5809 0.00
5810 0.00
5811 31.58
5812 0.00
5813 0.00
5814 27.48
5815 10.96
5816 0.41
5817 0.96
5818 1.30
5819 1.36
5820 1.97
5821 1.25
5822 1.12
5823 1.32
5824 1.69
5825 2.33
5826 2.36
5827 2.33
5828 1.67
5829 1.67
5830 5.90
5831 13.28
5832 0.00
5833 0.00
5834 0.00
5835 0.00
5836 0.00
5837 0.00
5838 0.00
5839 0.86
5840 0.34
5841 1.12
5842 1.14
5843 1.13
5844 1.34
5845 1.17
5846 0.98
5847 1.53
5848 3.23
5849 1.47
5850 2.18
5851 1.67
5852 1.59
5853 1.65
5854 7.04
5855 39.13
5856 3.34
5857 7.02
5858 0.95
5859 0.00
5860 0.00
5861 0.00
5862 0.00
5863 59.02
5864 0.15
5865 1.00
5866 1.00
5867 0.81
5868 0.84
5869 0.82
5870 0.95
5871 1.12
5872 1.15
5873 3.07
5874 1.97
5875 2.47
5876 2.29
5877 0.00
5878 5.10
5879 0.00
5880 0.00
5881 0.00
5882 0.00
5883 0.00
5884 0.00
5885 0.00
5886 0.00
5887 16.92
5888 0.26
5889 1.19
5890 1.05
5891 1.41
5892 1.33
5893 1.27
5894 1.49
5895 1.63
5896 1.86
5897 1.98
5898 2.50
5899 2.57
5900 2.51
5901 8.59
5902 1.20
5903 3.41
5904 0.00
5905 0.00
5906 0.00
5907 37.70
5908 0.00
5909 0.00
5910 15.79
5911 11.17
5912 0.29
5913 1.12
5914 0.98
5915 1.15
5916 1.29
5917 1.25
5918 1.29
5919 1.54
5920 2.26
5921 1.62
5922 2.54
5923 2.71
5924 1.37
5925 1.45
5926 0.00
5927 23.78
5928 0.00
5929 0.00
5930 0.00
5931 0.00
5932 0.00
5933 0.00
5934 1.30
5935 17.50
5936 0.31
5937 1.31
5938 1.03
5939 1.24
5940 1.41
5941 1.10
5942 1.43
5943 1.52
5944 1.82
5945 1.98
5946 3.05
5947 2.87
5948 2.61
5949 4.12
5950 6.57
5951 15.16
5952 28.12
5953 0.00
5954 0.00
5955 0.00
5956 0.00
5957 0.00
5958 0.00
5959 6.62
5960 0.33
5961 0.92
5962 0.99
5963 1.25
5964 1.13
5965 1.10
5966 1.34
5967 1.73
5968 2.12
5969 1.79
5970 2.13
5971 2.89
5972 1.47
5973 2.57
5974 17.78
5975 5.56
5976 0.00
5977 0.00
5978 0.00
5979 0.00
5980 0.00
5981 0.00
5982 0.00
5983 9.65
5984 0.33
5985 0.83
5986 0.97
5987 1.23
5988 1.24
5989 1.14
5990 1.40
5991 1.64
5992 1.98
5993 2.16
5994 1.91
5995 1.68
5996 1.49
5997 5.59
5998 16.31
5999 9.84
6000 53.73
6001 25.53
6002 0.00
6003 0.00
6004 0.00
6005 0.00
6006 0.00
6007 0.00
6008 0.40
6009 1.02
6010 1.04
6011 1.09
6012 1.40
6013 1.38
6014 1.25
6015 1.39
6016 1.94
6017 1.33
6018 1.92
6019 1.55
6020 1.72
6021 6.00
6022 5.33
6023 25.47
6024 12.91
6025 17.48
6026 5.32
6027 0.00
6028 0.00
6029 0.00
6030 0.00
6031 0.00
6032 0.21
6033 1.08
6034 0.95
6035 0.83
6036 0.78
6037 0.66
6038 0.75
6039 0.64
6040 1.04
6041 1.04
6042 1.60
6043 3.31
6044 4.90
6045 0.62
6046 8.24
6047 5.56
6048 0.00
6049 0.00
6050 0.00
6051 0.00
6052 0.00
6053 0.00
6054 26.09
6055 14.35
6056 0.30
6057 0.87
6058 1.07
6059 1.30
6060 1.31
6061 1.35
6062 1.52
6063 1.78
6064 1.54
6065 2.31
6066 3.31
6067 2.55
6068 3.59
6069 10.31
6070 6.94
6071 2.01
6072 0.00
6073 1.91
6074 0.00
6075 0.00
6076 0.00
6077 40.00
6078 32.14
6079 4.64
6080 0.28
6081 0.94
6082 0.93
6083 1.24
6084 1.25
6085 1.20
6086 1.45
6087 1.71
6088 1.80
6089 2.01
6090 2.86
6091 2.19
6092 4.33
6093 4.82
6094 0.00
6095 2.43
6096 15.45
6097 0.00
6098 0.00
6099 11.56
6100 0.00
6101 0.00
6102 30.25
6103 15.95
6104 0.26
6105 0.99
6106 1.11
6107 1.44
6108 1.29
6109 1.38
6110 1.76
6111 1.80
6112 2.31
6113 2.12
6114 2.80
6115 2.25
6116 1.61
6117 9.96
6118 1.84
6119 11.69
6120 0.00
6121 0.00
6122 0.00
6123 27.07
6124 0.00
6125 0.00
6126 0.00
6127 1.28
6128 0.28
6129 0.94
6130 1.16
6131 1.25
6132 1.21
6133 1.32
6134 1.51
6135 2.00
6136 2.05
6137 2.28
6138 2.77
6139 2.42
6140 1.91
6141 5.21
6142 9.97
6143 5.96
6144 18.65
6145 2.21
6146 0.00
6147 1.89
6148 0.00
6149 0.00
6150 0.00
6151 1.12
6152 0.29
6153 1.13
6154 0.92
6155 1.24
6156 1.48
6157 1.13
6158 1.36
6159 1.83
6160 1.80
6161 2.19
6162 2.25
6163 2.20
6164 1.72
6165 2.09
6166 11.48
6167 9.69
6168 0.00
6169 0.00
6170 0.00
6171 0.00
6172 0.00
6173 0.00
6174 0.00
6175 0.61
6176 0.38
6177 1.13
6178 1.29
6179 1.16
6180 1.64
6181 1.33
6182 1.37
6183 1.60
6184 1.93
6185 2.36
6186 1.49
6187 0.96
6188 9.44
6189 11.23
6190 3.49
6191 5.24
6192 5.31
6193 7.72
6194 17.31
6195 0.00
6196 0.00
6197 18.56
6198 0.00
6199 0.00
6200 0.13
6201 1.02
6202 0.91
6203 0.77
6204 0.91
6205 0.80
6206 0.75
6207 1.08
6208 1.02
6209 0.94
6210 1.26
6211 4.52
6212 19.21
6213 5.79
6214 0.99
6215 12.00
6216 0.00
6217 0.00
6218 0.00
6219 42.86
6220 0.00
6221 0.00
6222 43.90
6223 11.87
6224 0.29
6225 1.26
6226 1.29
6227 1.44
6228 1.44
6229 1.50
6230 1.74
6231 1.79
6232 2.22
6233 2.63
6234 3.68
6235 2.16
6236 3.66
6237 13.16
6238 1.31
6239 6.67
6240 0.00
6241 0.00
6242 0.00
6243 0.00
6244 0.00
6245 0.00
6246 0.00
6247 15.41
6248 0.30
6249 1.06
6250 0.98
6251 1.42
6252 1.25
6253 1.27
6254 1.60
6255 1.58
6256 1.73
6257 2.14
6258 2.84
6259 2.34
6260 1.75
6261 6.71
6262 12.05
6263 21.70
6264 0.00
6265 0.00
6266 0.00
6267 0.00
6268 0.00
6269 21.56
6270 7.65
6271 3.03
6272 0.29
6273 1.03
6274 1.10
6275 1.32
6276 1.54
6277 1.48
6278 1.70
6279 1.88
6280 1.87
6281 1.84
6282 2.36
6283 2.57
6284 6.35
6285 2.29
6286 4.40
6287 10.64
6288 16.51
6289 0.00
6290 0.00
6291 25.00
6292 0.00
6293 0.00
6294 18.56
6295 7.58
6296 0.31
6297 1.15
6298 1.01
6299 1.31
6300 1.23
6301 1.23
6302 1.21
6303 1.70
6304 2.22
6305 2.01
6306 2.42
6307 2.30
6308 1.23
6309 1.67
6310 3.56
6311 3.05
6312 0.00
6313 0.00
6314 0.00
6315 56.25
6316 0.00
6317 0.00
6318 0.00
6319 13.50
6320 0.33
6321 1.12
6322 1.19
6323 1.19
6324 1.42
6325 1.08
6326 1.37
6327 1.73
6328 1.90
6329 2.58
6330 2.13
6331 1.97
6332 1.70
6333 1.45
6334 1.25
6335 5.90
6336 5.23
6337 3.46
6338 0.00
6339 0.00
6340 0.00
6341 0.00
6342 0.00
6343 0.00
6344 0.36
6345 1.01
6346 1.13
6347 1.16
6348 1.46
6349 1.44
6350 1.25
6351 1.47
6352 1.24
6353 1.87
6354 2.37
6355 1.02
6356 0.82
6357 1.77
6358 10.29
6359 4.26
6360 8.30
6361 0.00
6362 0.00
6363 0.00
6364 0.00
6365 0.00
6366 0.00
6367 0.23
6368 0.14
6369 0.84
6370 0.81
6371 0.73
6372 0.75
6373 0.74
6374 1.01
6375 1.00
6376 1.01
6377 1.50
6378 1.62
6379 2.06
6380 1.15
6381 0.44
6382 0.57
6383 0.00
6384 0.00
6385 0.00
6386 0.00
6387 26.67
6388 0.00
6389 0.00
6390 15.25
6391 18.02
6392 0.29
6393 0.85
6394 1.07
6395 1.52
6396 1.44
6397 1.39
6398 1.39
6399 1.58
6400 1.81
6401 2.11
6402 2.83
6403 2.74
6404 2.67
6405 3.10
6406 43.37
6407 2.52
6408 0.00
6409 0.00
6410 0.00
6411 33.96
6412 0.00
6413 0.00
6414 0.00
6415 4.44
6416 0.41
6417 0.62
6418 1.25
6419 1.15
6420 1.16
6421 1.26
6422 1.38
6423 1.60
6424 1.77
6425 2.20
6426 2.37
6427 2.96
6428 0.74
6429 2.46
6430 0.00
6431 0.00
6432 0.00
6433 0.00
6434 0.00
6435 26.87
6436 0.00
6437 0.00
6438 0.00
6439 8.64
6440 0.29
6441 1.04
6442 1.28
6443 1.08
6444 1.25
6445 1.12
6446 1.48
6447 1.60
6448 2.06
6449 1.75
6450 2.61
6451 2.50
6452 2.68
6453 2.32
6454 1.23
6455 4.83
6456 0.00
6457 29.75
6458 39.13
6459 0.00
6460 0.00
6461 0.00
6462 0.00
6463 21.18
6464 0.34
6465 1.06
6466 1.07
6467 1.39
6468 1.16
6469 1.18
6470 1.46
6471 1.58
6472 2.14
6473 1.79
6474 2.34
6475 2.64
6476 4.28
6477 5.59
6478 10.16
6479 1.53
6480 0.00
6481 0.00
6482 0.00
6483 20.69
6484 0.00
6485 0.00
6486 0.00
6487 14.80
6488 0.32
6489 0.86
6490 1.04
6491 1.05
6492 1.27
6493 1.14
6494 1.24
6495 1.51
6496 1.65
6497 2.26
6498 2.19
6499 2.24
6500 1.41
6501 1.53
6502 3.13
6503 2.68
6504 3.18
6505 0.67
6506 0.00
6507 8.11
6508 0.00
6509 0.00
6510 0.00
6511 0.00
6512 0.35
6513 1.36
6514 1.15
6515 1.28
6516 1.91
6517 1.52
6518 1.66
6519 2.03
6520 5.71
6521 1.31
6522 2.86
6523 2.22
6524 2.03
6525 4.13
6526 0.77
6527 21.01
6528 5.71
6529 3.76
6530 0.00
6531 0.00
6532 0.00
6533 0.00
6534 0.00
6535 2.58
6536 0.12
6537 0.61
6538 1.24
6539 0.75
6540 0.81
6541 0.93
6542 0.89
6543 1.04
6544 1.14
6545 2.01
6546 1.78
6547 2.85
6548 0.95
6549 0.88
6550 3.03
6551 1.12
6552 0.00
6553 0.22
6554 0.00
6555 0.00
6556 0.00
6557 0.00
6558 0.00
6559 0.00
6560 0.60
6561 1.16
6562 1.29
6563 1.28
6564 1.60
6565 2.01
6566 1.09
6567 1.81
6568 1.07
6569 0.77
6570 1.57
6571 0.86
6572 0.73
6573 1.02
6574 0.51
6575 1.57
6576 0.00
6577 0.12
6578 48.00
6579 0.00
6580 9.42
6581 1.00
6582 0.00
6583 18.00
6584 0.18
6585 1.09
6586 0.79
6587 0.88
6588 0.84
6589 0.84
6590 0.95
6591 0.94
6592 1.18
6593 1.37
6594 1.52
6595 1.27
6596 11.27
6597 10.63
6598 2.54
6599 2.60
6600 0.00
6601 0.32
6602 0.00
6603 0.00
6604 0.00
6605 0.00
6606 57.14
6607 20.67
6608 0.55
6609 1.00
6610 1.17
6611 1.37
6612 1.34
6613 1.41
6614 1.63
6615 1.66
6616 1.89
6617 2.15
6618 3.01
6619 2.27
6620 1.00
6621 2.01
6622 19.15
6623 1.28
6624 0.00
6625 0.16
6626 0.00
6627 0.00
6628 0.00
6629 44.44
6630 1.07
6631 16.17
6632 0.59
6633 1.14
6634 0.88
6635 1.16
6636 1.32
6637 1.53
6638 1.53
6639 1.76
6640 2.08
6641 2.64
6642 2.29
6643 2.94
6644 2.50
6645 1.67
6646 2.68
6647 3.15
6648 10.08
6649 0.29
6650 0.00
6651 0.00
6652 12.68
6653 6.77
6654 2.16
6655 9.83
6656 0.50
6657 0.95
6658 1.37
6659 1.41
6660 1.37
6661 1.68
6662 1.72
6663 1.67
6664 2.14
6665 2.05
6666 2.61
6667 2.03
6668 1.43
6669 1.45
6670 1.33
6671 5.30
6672 2.84
6673 0.13
6674 5.63
6675 0.00
6676 45.57
6677 0.00
6678 0.41
6679 0.40
6680 0.57
6681 0.88
6682 0.76
6683 1.47
6684 1.67
6685 1.25
6686 1.42
6687 2.00
6688 1.90
6689 1.69
6690 2.04
6691 2.04
6692 1.18
6693 1.71
6694 1.60
6695 5.68
6696 4.82
6697 0.17
6698 31.44
6699 0.00
6700 43.90
6701 0.10
6702 0.12
6703 0.55
6704 0.65
6705 1.04
6706 1.03
6707 1.16
6708 1.19
6709 1.24
6710 1.30
6711 1.56
6712 1.70
6713 1.81
6714 2.08
6715 1.74
6716 0.95
6717 1.06
6718 2.72
6719 1.59
6720 3.61
6721 0.07
6722 0.00
6723 0.00
6724 0.00
6725 0.00
6726 0.00
6727 0.32
6728 0.46
6729 1.10
6730 1.27
6731 1.26
6732 1.57
6733 1.39
6734 1.04
6735 1.43
6736 1.42
6737 1.35
6738 1.20
6739 0.95
6740 0.93
6741 0.86
6742 1.90
6743 2.80
6744 2.17
6745 0.12
6746 0.08
6747 0.08
6748 31.86
6749 1.00
6750 0.00
6751 38.10
6752 0.20
6753 0.62
6754 0.82
6755 0.91
6756 0.87
6757 0.79
6758 0.93
6759 1.27
6760 1.00
6761 0.91
6762 1.94
6763 1.75
6764 5.07
6765 2.13
6766 5.32
6767 5.98
6768 0.00
6769 0.08
6770 0.00
6771 27.69
6772 0.00
6773 0.00
6774 0.15
6775 0.81
6776 0.55
6777 0.90
6778 1.17
6779 1.29
6780 1.39
6781 1.38
6782 1.69
6783 1.93
6784 2.03
6785 1.74
6786 2.29
6787 1.89
6788 1.13
6789 0.75
6790 3.22
6791 9.61
6792 0.00
6793 0.10
6794 0.00
6795 23.38
6796 49.32
6797 23.68
6798 0.00
6799 0.27
6800 0.44
6801 1.10
6802 0.92
6803 1.16
6804 1.41
6805 1.41
6806 1.58
6807 1.55
6808 1.71
6809 1.64
6810 2.28
6811 1.93
6812 1.60
6813 1.17
6814 1.32
6815 0.82
6816 7.20
6817 0.09
6818 0.00
6819 0.00
6820 43.90
6821 19.78
6822 0.11
6823 0.24
6824 0.46
6825 0.86
6826 1.03
6827 1.24
6828 1.49
6829 1.24
6830 1.36
6831 1.61
6832 1.84
6833 2.24
6834 2.69
6835 2.16
6836 1.19
6837 0.69
6838 1.23
6839 22.09
6840 0.00
6841 0.06
6842 0.00
6843 12.04
6844 0.00
6845 0.19
6846 13.95
6847 0.25
6848 0.47
6849 1.00
6850 0.96
6851 1.12
6852 1.28
6853 1.23
6854 1.19
6855 1.74
6856 1.93
6857 1.92
6858 2.07
6859 1.91
6860 0.91
6861 1.09
6862 1.30
6863 17.50
6864 1.06
6865 0.08
6866 33.49
6867 32.73
6868 0.00
6869 26.09
6870 0.11
6871 0.25
6872 0.44
6873 0.96
6874 1.08
6875 1.17
6876 1.38
6877 1.11
6878 1.59
6879 1.75
6880 1.84
6881 2.12
6882 2.30
6883 1.47
6884 0.98
6885 3.22
6886 2.90
6887 6.93
6888 3.96
6889 0.06
6890 0.00
6891 15.79
6892 0.00
6893 27.59
6894 0.00
6895 31.58
6896 0.45
6897 1.03
6898 1.26
6899 1.08
6900 1.54
6901 1.45
6902 1.17
6903 1.33
6904 1.34
6905 0.89
6906 1.00
6907 0.86
6908 1.03
6909 1.23
6910 2.38
6911 1.71
6912 20.00
6913 0.07
6914 0.04
6915 45.57
6916 0.00
6917 1.00
6918 0.00
6919 0.00
6920 0.20
6921 1.04
6922 0.76
6923 0.78
6924 0.79
6925 0.77
6926 0.77
6927 0.87
6928 1.04
6929 1.59
6930 2.06
6931 1.11
6932 2.07
6933 0.77
6934 6.67
6935 21.18
6936 46.15
6937 0.07
6938 0.00
6939 42.35
6940 0.00
6941 0.00
6942 0.17
6943 0.18
6944 0.37
6945 0.89
6946 0.89
6947 1.36
6948 1.44
6949 1.21
6950 1.31
6951 1.82
6952 1.83
6953 2.12
6954 2.51
6955 2.04
6956 4.07
6957 1.44
6958 0.91
6959 10.70
6960 0.00
6961 0.09
6962 0.00
6963 0.00
6964 0.00
6965 0.00
6966 0.22
6967 0.17
6968 0.37
6969 0.87
6970 0.86
6971 1.11
6972 1.24
6973 1.13
6974 1.23
6975 1.63
6976 1.90
6977 2.55
6978 2.50
6979 1.94
6980 0.85
6981 1.09
6982 1.38
6983 0.00
6984 1.10
6985 0.09
6986 0.00
6987 0.00
6988 0.00
6989 0.23
6990 0.25
6991 0.26
6992 0.41
6993 1.01
6994 1.06
6995 1.43
6996 1.50
6997 1.47
6998 1.48
6999 1.72
7000 2.01
7001 2.11
7002 2.38
7003 2.13
7004 0.90
7005 1.42
7006 0.88
7007 2.43
7008 40.00
7009 0.07
7010 0.00
7011 0.00
7012 24.32
7013 0.19
7014 0.12
7015 0.56
7016 0.50
7017 0.86
7018 1.01
7019 1.39
7020 1.36
7021 1.27
7022 1.28
7023 1.66
7024 1.77
7025 2.04
7026 2.08
7027 1.96
7028 1.22
7029 1.30
7030 2.71
7031 5.66
7032 10.36
7033 0.05
7034 33.64
7035 36.00
7036 42.86
7037 0.09
7038 0.15
7039 0.26
7040 0.48
7041 1.01
7042 0.99
7043 1.11
7044 1.33
7045 1.34
7046 1.41
7047 1.44
7048 1.72
7049 1.66
7050 2.06
7051 1.78
7052 1.27
7053 1.29
7054 1.22
7055 7.21
7056 1.82
7057 0.07
7058 53.73
7059 0.00
7060 0.00
7061 0.00
7062 0.00
7063 0.00
7064 0.45
7065 1.08
7066 1.20
7067 1.18
7068 1.59
7069 1.21
7070 1.08
7071 1.47
7072 1.29
7073 1.68
7074 1.25
7075 0.93
7076 0.61
7077 0.99
7078 1.59
7079 6.92
7080 4.14
7081 0.07
7082 15.45
7083 0.00
7084 0.00
7085 1.00
7086 0.00
7087 0.00
7088 0.21
7089 0.91
7090 0.97
7091 0.89
7092 0.84
7093 0.83
7094 1.05
7095 0.87
7096 1.11
7097 1.19
7098 0.84
7099 2.47
7100 0.95
7101 0.73
7102 1.11
7103 1.02
7104 45.57
7105 0.07
7106 0.00
7107 0.00
7108 16.33
7109 0.37
7110 0.22
7111 0.28
7112 0.47
7113 0.84
7114 1.05
7115 1.17
7116 1.33
7117 1.30
7118 1.51
7119 1.53
7120 1.71
7121 2.42
7122 2.80
7123 2.05
7124 1.62
7125 1.04
7126 1.43
7127 8.78
7128 1.51
7129 0.09
7130 0.00
7131 48.00
7132 0.00
7133 0.00
7134 0.18
7135 0.30
7136 0.49
7137 0.84
7138 0.88
7139 1.21
7140 1.30
7141 1.34
7142 1.19
7143 1.57
7144 2.08
7145 1.96
7146 2.03
7147 1.82
7148 1.09
7149 1.42
7150 2.50
7151 2.08
7152 3.67
7153 0.07
7154 0.00
7155 0.00
7156 25.17
7157 15.93
7158 0.12
7159 0.41
7160 0.43
7161 0.86
7162 0.94
7163 1.45
7164 1.71
7165 1.29
7166 1.57
7167 1.50
7168 1.72
7169 1.92
7170 2.68
7171 1.81
7172 1.16
7173 0.74
7174 0.75
7175 1.63
7176 3.54
7177 0.08
7178 0.00
7179 0.00
7180 0.00
7181 0.00
7182 0.16
7183 0.23
7184 0.45
7185 0.82
7186 0.84
7187 1.09
7188 1.25
7189 1.08
7190 1.38
7191 1.54
7192 1.67
7193 1.97
7194 2.03
7195 1.76
7196 1.43
7197 1.21
7198 2.53
7199 1.17
7200 5.37
7201 0.08
7202 0.00
7203 38.30
7204 20.00
7205 0.22
7206 0.14
7207 0.40
7208 0.49
7209 1.05
7210 1.00
7211 1.30
7212 1.18
7213 1.17
7214 1.38
7215 1.57
7216 1.72
7217 1.80
7218 2.24
7219 1.79
7220 1.20
7221 1.04
7222 1.64
7223 2.25
7224 11.34
7225 0.07
7226 22.78
7227 31.30
7228 0.00
7229 0.00
7230 0.00
7231 0.09
7232 0.47
7233 1.16
7234 1.12
7235 1.25
7236 1.56
7237 1.29
7238 1.23
7239 1.41
7240 2.08
7241 0.97
7242 1.13
7243 0.75
7244 1.02
7245 1.93
7246 1.27
7247 1.75
7248 1.53
7249 0.07
7250 0.00
7251 0.00
7252 52.17
7253 1.00
7254 0.00
7255 40.45
7256 0.18
7257 0.51
7258 0.86
7259 1.03
7260 0.87
7261 0.92
7262 0.93
7263 1.29
7264 0.77
7265 0.94
7266 1.12
7267 4.37
7268 0.94
7269 0.58
7270 0.89
7271 1.35
7272 57.14
7273 0.07
7274 0.00
7275 0.00
7276 0.00
7277 0.00
7278 0.20
7279 0.55
7280 0.36
7281 0.95
7282 1.35
7283 1.70
7284 1.46
7285 1.83
7286 1.70
7287 1.79
7288 1.80
7289 2.17
7290 2.39
7291 1.54
7292 1.02
7293 0.77
7294 1.21
7295 1.32
7296 0.00
7297 0.06
7298 0.00
7299 0.00
7300 0.00
7301 0.00
7302 0.00
7303 0.00
7304 0.18
7305 1.08
7306 1.18
7307 0.86
7308 1.20
7309 1.18
7310 1.04
7311 1.41
7312 1.62
7313 1.82
7314 2.55
7315 1.50
7316 1.03
7317 3.17
7318 2.04
7319 4.46
7320 53.73
7321 0.09
7322 21.18
7323 0.00
7324 0.00
7325 11.46
7326 0.11
7327 0.34
7328 0.43
7329 0.94
7330 1.00
7331 1.15
7332 1.49
7333 1.39
7334 1.14
7335 1.45
7336 2.05
7337 1.93
7338 2.25
7339 2.30
7340 1.50
7341 2.99
7342 0.82
7343 3.94
7344 0.00
7345 0.07
7346 0.00
7347 0.00
7348 11.84
7349 0.16
7350 0.12
7351 0.37
7352 0.40
7353 0.91
7354 1.14
7355 1.05
7356 1.24
7357 1.19
7358 1.42
7359 1.44
7360 1.75
7361 1.92
7362 2.39
7363 1.93
7364 0.86
7365 1.08
7366 1.85
7367 2.92
7368 40.45
7369 0.06
7370 26.67
7371 0.00
7372 21.69
7373 0.00
7374 0.19
7375 0.24
7376 0.48
7377 0.91
7378 0.94
7379 1.15
7380 1.11
7381 1.17
7382 1.15
7383 1.46
7384 1.74
7385 1.89
7386 2.02
7387 1.41
7388 0.81
7389 0.96
7390 0.82
7391 1.11
7392 2.46
7393 0.07
7394 0.00
7395 0.00
7396 0.00
7397 41.38
7398 0.00
7399 6.51
7400 0.46
7401 1.23
7402 1.23
7403 1.27
7404 1.66
7405 1.73
7406 1.49
7407 1.94
7408 1.51
7409 1.35
7410 1.36
7411 1.02
7412 0.95
7413 1.03
7414 2.01
7415 2.44
7416 2.79
7417 0.06
7418 27.07
7419 1.77
7420 56.25
7421 1.00
7422 0.00
7423 27.69
7424 0.17
7425 0.64
7426 0.91
7427 1.01
7428 0.80
7429 0.81
7430 0.86
7431 0.95
7432 1.14
7433 1.53
7434 0.98
7435 1.10
7436 0.54
7437 2.00
7438 4.17
7439 2.13
7440 37.50
7441 0.06
7442 0.00
7443 0.00
7444 0.00
7445 0.00
7446 0.21
7447 0.36
7448 0.39
7449 0.96
7450 1.13
7451 1.11
7452 1.62
7453 1.29
7454 1.35
7455 1.62
7456 1.66
7457 2.09
7458 2.54
7459 1.67
7460 1.17
7461 1.07
7462 1.49
7463 1.62
7464 2.01
7465 0.07
7466 0.00
7467 0.00
7468 1.07
7469 0.00
7470 0.20
7471 0.29
7472 0.40
7473 0.88
7474 0.90
7475 1.18
7476 1.13
7477 1.17
7478 1.04
7479 1.61
7480 1.65
7481 1.77
7482 2.51
7483 2.01
7484 0.67
7485 0.65
7486 2.89
7487 1.25
7488 5.08
7489 0.06
7490 41.38
7491 0.00
7492 0.53
7493 0.00
7494 0.17
7495 0.51
7496 0.42
7497 0.88
7498 1.00
7499 1.28
7500 1.13
7501 1.10
7502 1.28
7503 1.30
7504 2.00
7505 1.60
7506 2.36
7507 1.95
7508 0.69
7509 1.76
7510 0.92
7511 0.98
7512 25.71
7513 0.05
7514 0.00
7515 0.00
7516 11.73
7517 9.57
7518 0.16
7519 0.40
7520 0.48
7521 0.82
7522 0.95
7523 1.12
7524 1.12
7525 1.20
7526 1.22
7527 1.41
7528 1.58
7529 1.93
7530 1.96
7531 1.83
7532 1.32
7533 0.85
7534 1.98
7535 31.86
7536 2.05
7537 0.06
7538 0.00
7539 36.36
7540 1.05
7541 0.00
7542 0.11
7543 0.38
7544 0.47
7545 0.87
7546 0.88
7547 1.09
7548 1.32
7549 1.18
7550 1.22
7551 1.30
7552 1.77
7553 1.70
7554 2.03
7555 1.78
7556 1.29
7557 2.26
7558 2.13
7559 2.41
7560 7.33
7561 0.05
7562 0.00
7563 0.00
7564 0.00
7565 0.13
7566 14.75
7567 50.00
7568 0.51
7569 1.10
7570 1.11
7571 1.20
7572 1.59
7573 1.38
7574 1.06
7575 1.23
7576 1.22
7577 1.33
7578 1.18
7579 1.04
7580 1.05
7581 0.60
7582 5.11
7583 2.19
7584 3.79
7585 0.07
7586 14.94
7587 0.00
7588 0.00
7589 1.00
7590 0.00
7591 0.08
7592 0.26
7593 0.76
7594 0.69
7595 0.80
7596 0.81
7597 0.80
7598 0.93
7599 0.93
7600 1.01
7601 1.55
7602 1.26
7603 0.95
7604 0.58
7605 0.56
7606 2.20
7607 17.14
7608 26.47
7609 0.07
7610 0.00
7611 11.96
7612 9.84
7613 0.00
7614 0.00
7615 0.29
7616 0.40
7617 0.85
7618 0.90
7619 1.27
7620 1.29
7621 1.25
7622 1.40
7623 1.59
7624 1.93
7625 2.11
7626 2.53
7627 2.22
7628 1.71
7629 1.20
7630 0.93
7631 0.89
7632 26.57
7633 0.06
7634 0.00
7635 0.00
7636 52.94
7637 0.00
7638 0.17
7639 0.42
7640 0.42
7641 0.99
7642 0.86
7643 1.36
7644 1.37
7645 1.31
7646 1.52
7647 1.36
7648 1.78
7649 2.62
7650 2.66
7651 1.66
7652 1.60
7653 0.70
7654 2.18
7655 6.60
7656 37.89
7657 0.05
7658 0.00
7659 0.47
7660 7.55
7661 0.18
7662 0.10
7663 0.78
7664 0.45
7665 0.96
7666 0.98
7667 1.30
7668 1.12
7669 1.33
7670 1.36
7671 1.43
7672 1.98
7673 1.76
7674 1.91
7675 1.87
7676 1.23
7677 1.48
7678 1.12
7679 13.89
7680 48.00
7681 0.07
7682 0.04
7683 0.83
7684 0.00
7685 0.21
7686 0.19
7687 0.53
7688 0.44
7689 0.86
7690 1.00
7691 1.18
7692 1.05
7693 1.23
7694 1.26
7695 1.64
7696 1.76
7697 1.78
7698 2.43
7699 1.88
7700 1.55
7701 0.98
7702 2.01
7703 1.77
7704 3.74
7705 0.07
7706 21.69
7707 44.44
7708 0.00
7709 0.00
7710 0.11
7711 0.28
7712 0.43
7713 0.94
7714 0.94
7715 1.17
7716 1.33
7717 1.18
7718 1.35
7719 1.55
7720 1.85
7721 1.79
7722 2.40
7723 1.52
7724 0.90
7725 1.35
7726 1.56
7727 3.00
7728 9.10
7729 0.08
7730 0.00
7731 11.84
7732 0.00
7733 30.00
7734 0.00
7735 0.34
7736 0.46
7737 1.15
7738 1.04
7739 1.15
7740 1.37
7741 1.40
7742 1.00
7743 1.24
7744 1.65
7745 1.21
7746 1.01
7747 0.77
7748 0.88
7749 0.94
7750 1.04
7751 1.44
7752 5.04
7753 0.07
7754 21.05
7755 0.00
7756 0.33
7757 1.00
7758 0.23
7759 0.00
7760 0.17
7761 0.95
7762 0.88
7763 0.79
7764 0.87
7765 0.70
7766 0.76
7767 1.22
7768 0.95
7769 1.76
7770 1.44
7771 0.86
7772 14.02
7773 0.99
7774 1.15
7775 1.04
7776 0.00
7777 0.05
7778 0.00
7779 45.00
7780 0.00
7781 0.00
7782 0.17
7783 0.15
7784 0.40
7785 0.91
7786 1.03
7787 1.27
7788 1.19
7789 1.14
7790 1.43
7791 1.53
7792 1.72
7793 1.54
7794 2.22
7795 1.46
7796 2.04
7797 1.30
7798 1.85
7799 1.53
7800 2.37
7801 0.07
7802 0.00
7803 26.28
7804 0.00
7805 0.00
7806 0.14
7807 0.64
7808 0.41
7809 0.98
7810 0.94
7811 1.21
7812 1.20
7813 1.15
7814 1.41
7815 1.41
7816 1.70
7817 1.67
7818 2.08
7819 1.62
7820 0.67
7821 0.76
7822 13.38
7823 3.82
7824 17.39
7825 0.06
7826 0.00
7827 0.00
7828 0.00
7829 0.00
7830 0.18
7831 0.84
7832 0.41
7833 0.86
7834 1.10
7835 1.34
7836 1.23
7837 1.20
7838 1.42
7839 1.33
7840 1.56
7841 1.56
7842 2.10
7843 1.91
7844 0.77
7845 2.10
7846 1.41
7847 4.19
7848 33.33
7849 0.07
7850 0.00
7851 0.00
7852 0.00
7853 0.00
7854 0.14
7855 0.46
7856 0.38
7857 0.82
7858 1.05
7859 0.94
7860 1.19
7861 1.19
7862 1.41
7863 1.47
7864 1.73
7865 1.88
7866 2.19
7867 1.81
7868 1.24
7869 1.75
7870 5.22
7871 1.42
7872 8.67
7873 0.09
7874 0.00
7875 0.18
7876 1.59
7877 0.00
7878 0.16
7879 0.37
7880 0.39
7881 0.84
7882 1.05
7883 1.30
7884 1.15
7885 1.17
7886 1.21
7887 1.44
7888 1.75
7889 1.95
7890 1.75
7891 1.45
7892 0.92
7893 1.19
7894 0.65
7895 8.68
7896 0.00
7897 0.07
7898 21.56
7899 0.00
7900 0.00
7901 0.00
7902 0.00
7903 0.27
7904 0.45
7905 1.17
7906 1.03
7907 1.21
7908 1.67
7909 1.39
7910 0.97
7911 1.06
7912 1.21
7913 1.33
7914 1.72
7915 1.10
7916 0.53
7917 0.86
7918 1.01
7919 1.94
7920 0.00
7921 0.08
7922 33.33
7923 12.59
7924 11.32
7925 1.57
7926 0.00
7927 0.00
7928 0.21
7929 0.87
7930 0.82
7931 0.93
7932 0.83
7933 0.72
7934 0.76
7935 0.78
7936 1.15
7937 1.38
7938 1.40
7939 3.52
7940 0.78
7941 1.04
7942 0.98
7943 1.14
7944 59.02
7945 0.06
7946 0.00
7947 0.00
7948 0.00
7949 0.00
7950 0.10
7951 0.78
7952 0.39
7953 0.87
7954 0.95
7955 1.32
7956 1.20
7957 1.34
7958 1.32
7959 1.53
7960 1.98
7961 2.06
7962 2.28
7963 1.78
7964 0.95
7965 0.90
7966 1.08
7967 7.67
7968 0.00
7969 0.08
7970 0.00
7971 0.00
7972 1.13
7973 0.00
7974 0.11
7975 0.61
7976 0.38
7977 0.85
7978 1.14
7979 1.21
7980 1.36
7981 1.26
7982 1.26
7983 1.51
7984 1.69
7985 2.22
7986 2.29
7987 1.42
7988 0.66
7989 1.39
7990 2.82
7991 3.08
7992 2.26
7993 0.07
7994 0.00
7995 0.50
7996 13.64
7997 8.93
7998 0.37
7999 2.82
8000 0.40
8001 0.87
8002 0.96
8003 1.39
8004 1.25
8005 1.15
8006 1.45
8007 1.46
8008 1.69
8009 1.62
8010 1.65
8011 1.98
8012 0.97
8013 1.60
8014 2.92
8015 19.30
8016 8.10
8017 0.07
8018 25.71
8019 58.06
8020 0.00
8021 0.00
8022 0.16
8023 2.42
8024 0.40
8025 0.95
8026 0.94
8027 1.26
8028 1.18
8029 1.14
8030 1.27
8031 1.55
8032 1.74
8033 1.70
8034 1.90
8035 1.90
8036 1.56
8037 1.54
8038 2.05
8039 16.56
8040 0.00
8041 0.08
8042 13.53
8043 42.35
8044 0.25
8045 0.00
8046 0.22
8047 0.30
8048 0.44
8049 0.93
8050 1.02
8051 1.13
8052 1.12
8053 1.15
8054 1.29
8055 1.48
8056 1.57
8057 2.03
8058 1.77
8059 1.27
8060 1.36
8061 1.23
8062 0.89
8063 9.61
8064 20.22
8065 0.06
8066 40.00
8067 0.00
8068 0.00
8069 0.17
8070 0.00
8071 1.91
8072 0.46
8073 1.09
8074 1.07
8075 1.17
8076 1.46
8077 1.16
8078 1.24
8079 1.41
8080 0.88
8081 2.54
8082 0.89
8083 0.95
8084 0.68
8085 0.67
8086 1.38
8087 3.51
8088 2.44
8089 0.08
8090 0.00
8091 0.00
8092 14.91
8093 2.84
8094 0.00
8095 10.68
8096 0.32
8097 0.85
8098 0.90
8099 0.82
8100 0.81
8101 0.74
8102 0.79
8103 0.98
8104 0.98
8105 0.87
8106 1.94
8107 1.07
8108 0.43
8109 1.13
8110 0.57
8111 1.68
8112 0.00
8113 0.06
8114 0.00
8115 0.91
8116 0.00
8117 0.10
8118 0.15
8119 0.18
8120 0.38
8121 0.86
8122 1.11
8123 1.29
8124 1.36
8125 1.31
8126 1.58
8127 1.74
8128 1.93
8129 1.78
8130 1.93
8131 1.39
8132 1.60
8133 2.17
8134 0.75
8135 1.17
8136 0.00
8137 0.07
8138 0.00
8139 0.00
8140 1.57
8141 0.00
8142 0.00
8143 0.43
8144 0.42
8145 1.06
8146 0.92
8147 1.28
8148 1.13
8149 1.17
8150 1.23
8151 1.73
8152 1.76
8153 1.85
8154 2.10
8155 2.02
8156 1.00
8157 1.22
8158 1.61
8159 2.42
8160 3.04
8161 0.07
8162 0.00
8163 0.00
8164 1.04
8165 0.20
8166 0.11
8167 0.30
8168 0.41
8169 0.99
8170 1.29
8171 1.21
8172 1.23
8173 1.32
8174 1.52
8175 1.52
8176 1.60
8177 1.67
8178 1.83
8179 2.05
8180 0.88
8181 1.39
8182 1.96
8183 4.11
8184 0.00
8185 0.08
8186 52.94
8187 1.58
8188 0.00
8189 0.10
8190 0.18
8191 0.26
8192 0.42
8193 1.06
8194 1.05
8195 1.08
8196 1.20
8197 1.26
8198 1.45
8199 1.74
8200 1.61
8201 1.84
8202 2.17
8203 1.56
8204 1.18
8205 1.04
8206 0.99
8207 7.94
8208 14.89
8209 0.09
8210 0.00
8211 33.96
8212 0.43
8213 0.17
8214 0.13
8215 0.38
8216 0.44
8217 0.99
8218 1.17
8219 1.24
8220 1.13
8221 1.27
8222 1.31
8223 1.45
8224 1.80
8225 1.85
8226 1.90
8227 1.44
8228 0.54
8229 1.18
8230 1.22
8231 2.71
8232 4.44
8233 0.06
8234 0.00
8235 23.38
8236 0.00
8237 0.00
8238 0.00
8239 0.26
8240 0.48
8241 1.14
8242 1.08
8243 1.22
8244 1.77
8245 1.42
8246 1.19
8247 2.05
8248 1.26
8249 1.91
8250 1.36
8251 1.14
8252 0.75
8253 0.57
8254 0.88
8255 0.00
8256 1.12
8257 0.07
8258 0.00
8259 21.69
8260 0.00
8261 1.00
8262 0.00
8263 41.38
8264 0.22
8265 0.92
8266 0.97
8267 0.82
8268 0.86
8269 0.63
8270 1.00
8271 1.02
8272 1.06
8273 1.16
8274 1.55
8275 1.35
8276 0.84
8277 3.89
8278 1.41
8279 1.58
8280 0.00
8281 0.06
8282 0.00
8283 1.08
8284 0.00
8285 0.00
8286 0.10
8287 0.21
8288 0.42
8289 1.07
8290 1.08
8291 1.16
8292 1.14
8293 1.21
8294 1.29
8295 1.90
8296 1.60
8297 1.97
8298 2.17
8299 1.40
8300 0.94
8301 0.57
8302 0.83
8303 1.48
8304 4.43
8305 0.07
8306 0.00
8307 0.00
8308 7.19
8309 11.76
8310 0.39
8311 0.30
8312 0.38
8313 0.83
8314 0.97
8315 1.36
8316 1.14
8317 1.18
8318 1.30
8319 1.57
8320 1.89
8321 1.85
8322 2.55
8323 2.31
8324 0.97
8325 1.48
8326 2.04
8327 1.34
8328 2.95
8329 0.08
8330 0.00
8331 48.00
8332 0.97
8333 49.32
8334 0.16
8335 0.31
8336 0.41
8337 0.91
8338 0.94
8339 0.95
8340 1.21
8341 1.12
8342 1.42
8343 1.65
8344 1.60
8345 1.67
8346 1.88
8347 1.91
8348 0.92
8349 1.77
8350 1.11
8351 1.86
8352 42.19
8353 0.07
8354 0.00
8355 0.00
8356 0.00
8357 0.29
8358 0.11
8359 0.31
8360 0.43
8361 0.86
8362 0.96
8363 1.13
8364 0.99
8365 1.09
8366 1.24
8367 1.55
8368 1.70
8369 1.81
8370 2.07
8371 1.98
8372 0.87
8373 1.35
8374 8.67
8375 2.02
8376 5.03
8377 0.07
8378 0.00
8379 43.90
8380 1.26
8381 0.31
8382 0.17
8383 0.33
8384 0.44
8385 1.10
8386 0.99
8387 1.09
8388 1.18
8389 1.21
8390 1.19
8391 1.33
8392 1.78
8393 1.74
8394 2.16
8395 1.57
8396 0.71
8397 0.83
8398 2.72
8399 2.11
8400 16.23
8401 0.06
8402 0.00
8403 31.58
8404 0.00
8405 0.00
8406 8.72
8407 0.46
8408 0.53
8409 0.96
8410 1.18
8411 1.20
8412 1.76
8413 1.53
8414 1.04
8415 1.20
8416 1.66
8417 0.80
8418 1.26
8419 1.06
8420 0.96
8421 0.92
8422 1.63
8423 16.11
8424 26.28
8425 0.06
8426 0.00
8427 0.00
8428 0.00
8429 1.33
8430 0.00
8431 0.00
8432 0.21
8433 0.66
8434 1.04
8435 0.90
8436 0.79
8437 0.96
8438 0.94
8439 1.20
8440 0.96
8441 1.24
8442 1.11
8443 1.33
8444 0.64
8445 4.71
8446 1.54
8447 2.07
8448 29.27
8449 0.10
8450 23.53
8451 11.54
8452 12.68
8453 0.09
8454 0.25
8455 1.07
8456 0.43
8457 1.12
8458 1.30
8459 1.27
8460 1.55
8461 1.28
8462 1.48
8463 1.74
8464 1.82
8465 1.90
8466 2.49
8467 1.60
8468 0.89
8469 0.89
8470 1.01
8471 1.00
8472 2.38
8473 0.07
8474 0.00
8475 0.00
8476 0.00
8477 0.00
8478 0.33
8479 1.45
8480 0.45
8481 0.92
8482 0.99
8483 1.31
8484 1.19
8485 1.11
8486 1.14
8487 1.78
8488 2.02
8489 2.07
8490 2.14
8491 1.51
8492 1.12
8493 0.81
8494 1.60
8495 1.99
8496 6.59
8497 0.08
8498 0.00
8499 0.00
8500 2.69
8501 52.94
8502 0.09
8503 0.29
8504 0.40
8505 1.16
8506 1.36
8507 1.28
8508 1.53
8509 1.08
8510 1.21
8511 1.71
8512 1.68
8513 1.55
8514 1.74
8515 1.94
8516 0.80
8517 1.77
8518 1.17
8519 4.43
8520 28.72
8521 0.08
8522 0.00
8523 2.50
8524 0.00
8525 0.00
8526 0.54
8527 2.89
8528 0.45
8529 0.94
8530 1.24
8531 1.22
8532 1.29
8533 1.14
8534 1.36
8535 1.34
8536 1.58
8537 1.75
8538 2.25
8539 1.89
8540 1.12
8541 1.06
8542 2.17
8543 1.78
8544 8.12
8545 0.06
8546 0.14
8547 0.00
8548 14.23
8549 10.84
8550 0.20
8551 3.01
8552 0.45
8553 1.01
8554 1.13
8555 1.20
8556 1.29
8557 1.26
8558 1.43
8559 1.71
8560 1.90
8561 2.34
8562 2.17
8563 2.49
8564 3.24
8565 1.49
8566 1.83
8567 2.10
8568 23.03
8569 0.05
8570 0.00
8571 32.73
8572 0.00
8573 0.00
8574 0.00
8575 13.02
8576 0.62
8577 1.06
8578 1.32
8579 1.32
8580 1.69
8581 1.44
8582 1.49
8583 1.57
8584 1.44
8585 2.22
8586 2.46
8587 1.62
8588 1.98
8589 1.25
8590 2.19
8591 21.95
8592 2.14
8593 0.09
8594 0.00
8595 0.00
8596 0.00
8597 0.16
8598 0.00
8599 0.00
8600 0.11
8601 3.55
8602 1.34
8603 0.86
8604 0.61
8605 3.90
8606 0.34
8607 0.39
8608 0.60
8609 2.71
8610 3.40
8611 8.14
8612 2.41
8613 0.92
8614 1.19
8615 0.51
8616 1.25
8617 0.05
8618 0.00
8619 0.00
8620 0.08
8621 42.86
8622 5.30
8623 0.00
8624 0.18
8625 1.31
8626 1.32
8627 1.20
8628 1.73
8629 1.20
8630 1.51
8631 1.42
8632 1.44
8633 1.82
8634 3.45
8635 2.12
8636 2.46
8637 11.10
8638 0.76
8639 2.81
8640 20.45
8641 0.06
8642 0.00
8643 0.00
8644 0.00
8645 0.00
8646 0.00
8647 4.74
8648 0.19
8649 1.86
8650 1.66
8651 1.45
8652 1.18
8653 1.14
8654 1.22
8655 1.60
8656 1.66
8657 1.71
8658 2.48
8659 2.30
8660 2.10
8661 4.72
8662 1.75
8663 0.99
8664 0.00
8665 0.06
8666 0.00
8667 0.00
8668 0.00
8669 3.18
8670 0.36
8671 0.00
8672 0.30
8673 1.75
8674 1.52
8675 1.32
8676 1.24
8677 1.73
8678 1.60
8679 1.82
8680 2.11
8681 2.27
8682 2.61
8683 2.86
8684 0.98
8685 3.23
8686 2.60
8687 2.23
8688 0.00
8689 0.05
8690 0.00
8691 0.00
8692 0.00
8693 59.02
8694 0.00
8695 1.92
8696 0.29
8697 1.41
8698 1.30
8699 1.30
8700 1.06
8701 1.43
8702 1.56
8703 1.59
8704 2.10
8705 2.18
8706 2.75
8707 2.17
8708 0.82
8709 6.41
8710 1.65
8711 0.00
8712 0.00
8713 0.07
8714 0.00
8715 1.16
8716 0.00
8717 0.00
8718 0.00
8719 22.71
8720 0.29
8721 1.75
8722 1.21
8723 1.18
8724 1.26
8725 1.19
8726 1.82
8727 1.72
8728 1.92
8729 2.26
8730 2.87
8731 2.04
8732 1.17
8733 5.88
8734 1.76
8735 2.85
8736 0.00
8737 0.05
8738 0.00
8739 24.16
8740 0.00
8741 0.00
8742 0.00
8743 1.18
8744 0.36
8745 1.28
8746 1.24
8747 1.51
8748 1.82
8749 1.83
8750 1.46
8751 1.76
8752 1.91
8753 1.47
8754 0.72
8755 1.56
8756 1.64
8757 0.72
8758 1.47
8759 11.92
8760 53.73
