1 16
2 2
3 0
4 0
5 4
6 1
7 0
8 22
9 1
10 6
11 10
12 25
13 14
14 17
15 8
16 19
17 14
18 14
19 12
20 2
21 4
22 6
23 0
24 2
25 7
26 1
27 0
28 0
29 0
30 1
31 1
32 185
33 113
34 158
35 221
36 225
37 215
38 167
39 148
40 138
41 109
42 155
43 81
44 7
45 6
46 8
47 1
48 1
49 10
50 1
51 0
52 0
53 0
54 5
55 0
56 293
57 311
58 356
59 371
60 362
61 444
62 366
63 369
64 326
65 294
66 258
67 149
68 15
69 14
70 6
71 2
72 2
73 8
74 0
75 0
76 1
77 0
78 0
79 2
80 285
81 272
82 286
83 275
84 315
85 427
86 351
87 301
88 309
89 293
90 379
91 270
92 22
93 21
94 9
95 4
96 2
97 7
98 2
99 0
100 0
101 0
102 0
103 1
104 328
105 306
106 335
107 391
108 411
109 452
110 384
111 316
112 310
113 289
114 224
115 135
116 20
117 12
118 18
119 19
120 2
121 6
122 1
123 2
124 0
125 0
126 0
127 2
128 310
129 301
130 330
131 392
132 445
133 462
134 353
135 349
136 324
137 267
138 298
139 151
140 23
141 19
142 14
143 6
144 2
145 9
146 0
147 0
148 0
149 0
150 0
151 0
152 253
153 262
154 345
155 456
156 431
157 279
158 99
159 78
160 50
161 27
162 51
163 59
164 41
165 18
166 9
167 5
168 1
169 11
170 0
171 0
172 0
173 5
174 0
175 1
176 28
177 26
178 45
179 90
180 112
181 92
182 88
183 85
184 52
185 26
186 16
187 23
188 9
189 5
190 6
191 0
192 2
193 8
194 1
195 1
196 0
197 0
198 2
199 10
200 350
201 331
202 294
203 316
204 380
205 443
206 394
207 342
208 332
209 264
210 292
211 126
212 23
213 12
214 4
215 2
216 1
217 8
218 0
219 1
220 0
221 0
222 2
223 14
224 409
225 301
226 342
227 403
228 379
229 494
230 406
231 357
232 339
233 258
234 256
235 148
236 15
237 12
238 5
239 2
240 0
241 6
242 0
243 0
244 3
245 2
246 2
247 12
248 365
249 321
250 305
251 350
252 366
253 443
254 368
255 349
256 344
257 284
258 316
259 229
260 28
261 7
262 9
263 3
264 1
265 7
266 2
267 2
268 1
269 0
270 2
271 8
272 397
273 335
274 387
275 403
276 414
277 462
278 396
279 424
280 321
281 256
282 260
283 141
284 21
285 10
286 13
287 12
288 3
289 8
290 2
291 1
292 1
293 0
294 2
295 6
296 452
297 392
298 592
299 449
300 410
301 660
302 386
303 572
304 430
305 314
306 281
307 156
308 37
309 15
310 5
311 8
312 2
313 8
314 0
315 0
316 0
317 0
318 0
319 0
320 349
321 266
322 326
323 356
324 378
325 281
326 97
327 83
328 57
329 31
330 33
331 58
332 44
333 23
334 8
335 4
336 1
337 10
338 1
339 1
340 0
341 6
342 0
343 0
344 38
345 25
346 54
347 74
348 76
349 57
350 73
351 52
352 55
353 18
354 32
355 21
356 12
357 1
358 5
359 0
360 0
361 6
362 0
363 0
364 0
365 0
366 0
367 6
368 439
369 319
370 327
371 380
372 360
373 458
374 383
375 364
376 350
377 277
378 312
379 174
380 15
381 10
382 6
383 1
384 1
385 5
386 0
387 0
388 1
389 0
390 3
391 9
392 472
393 389
394 437
395 424
396 456
397 563
398 428
399 404
400 346
401 306
402 328
403 166
404 16
405 11
406 9
407 3
408 0
409 5
410 0
411 0
412 0
413 1
414 2
415 8
416 468
417 392
418 369
419 359
420 381
421 462
422 374
423 358
424 366
425 294
426 338
427 224
428 33
429 15
430 11
431 7
432 1
433 5
434 0
435 1
436 0
437 3
438 0
439 9
440 480
441 413
442 448
443 456
444 476
445 558
446 436
447 425
448 369
449 318
450 305
451 176
452 19
453 10
454 8
455 3
456 2
457 6
458 2
459 1
460 0
461 1
462 1
463 10
464 473
465 411
466 539
467 806
468 648
469 606
470 498
471 421
472 373
473 319
474 301
475 169
476 19
477 13
478 13
479 7
480 3
481 6
482 0
483 0
484 0
485 0
486 0
487 2
488 344
489 300
490 350
491 429
492 445
493 256
494 97
495 71
496 43
497 49
498 30
499 71
500 19
501 15
502 10
503 6
504 0
505 4
506 1
507 1
508 1
509 7
510 0
511 0
512 55
513 25
514 57
515 77
516 71
517 61
518 60
519 56
520 38
521 30
522 21
523 18
524 6
525 3
526 4
527 4
528 0
529 4
530 0
531 0
532 0
533 3
534 7
535 10
536 387
537 340
538 349
539 340
540 365
541 447
542 397
543 358
544 332
545 280
546 267
547 138
548 16
549 12
550 2
551 2
552 1
553 2
554 0
555 1
556 0
557 3
558 0
559 4
560 414
561 379
562 427
563 420
564 452
565 494
566 499
567 404
568 327
569 293
570 238
571 151
572 34
573 19
574 6
575 6
576 0
577 1
578 0
579 1
580 0
581 1
582 2
583 9
584 439
585 394
586 384
587 384
588 370
589 457
590 420
591 342
592 368
593 352
594 372
595 238
596 27
597 23
598 11
599 6
600 3
601 1
602 0
603 1
604 0
605 0
606 1
607 0
608 265
609 138
610 182
611 192
612 216
613 263
614 200
615 188
616 157
617 170
618 158
619 104
620 17
621 11
622 6
623 2
624 1
625 2
626 0
627 1
628 1
629 0
630 1
631 1
632 361
633 294
634 368
635 405
636 452
637 475
638 402
639 403
640 363
641 314
642 260
643 138
644 18
645 24
646 10
647 6
648 2
649 2
650 0
651 0
652 0
653 0
654 0
655 1
656 337
657 279
658 364
659 336
660 339
661 229
662 60
663 69
664 28
665 29
666 25
667 31
668 25
669 24
670 4
671 3
672 0
673 3
674 0
675 0
676 0
677 6
678 0
679 0
680 44
681 18
682 53
683 51
684 43
685 65
686 54
687 36
688 38
689 16
690 29
691 18
692 4
693 3
694 2
695 3
696 0
697 3
698 1
699 1
700 0
701 0
702 1
703 4
704 420
705 367
706 457
707 411
708 451
709 474
710 442
711 398
712 404
713 290
714 292
715 162
716 16
717 16
718 3
719 1
720 0
721 3
722 1
723 0
724 0
725 0
726 1
727 5
728 458
729 394
730 474
731 469
732 456
733 532
734 489
735 407
736 339
737 343
738 338
739 163
740 26
741 9
742 5
743 5
744 0
745 1
746 0
747 0
748 0
749 0
750 2
751 5
752 426
753 382
754 390
755 397
756 422
757 434
758 430
759 397
760 414
761 377
762 362
763 222
764 27
765 19
766 6
767 3
768 1
769 2
770 2
771 0
772 2
773 0
774 0
775 6
776 464
777 344
778 442
779 470
780 499
781 522
782 442
783 395
784 403
785 300
786 338
787 198
788 28
789 17
790 7
791 1
792 1
793 2
794 0
795 1
796 0
797 0
798 0
799 8
800 465
801 409
802 403
803 394
804 432
805 440
806 379
807 421
808 410
809 314
810 264
811 160
812 17
813 26
814 13
815 8
816 0
817 1
818 0
819 0
820 0
821 0
822 0
823 4
824 380
825 314
826 365
827 424
828 414
829 274
830 86
831 69
832 41
833 32
834 38
835 45
836 25
837 15
838 5
839 9
840 4
841 2
842 0
843 1
844 0
845 6
846 1
847 0
848 53
849 21
850 52
851 58
852 62
853 58
854 59
855 60
856 49
857 33
858 44
859 25
860 10
861 2
862 2
863 1
864 0
865 1
866 0
867 1
868 0
869 0
870 1
871 4
872 428
873 375
874 412
875 380
876 339
877 404
878 369
879 326
880 353
881 326
882 286
883 118
884 9
885 17
886 9
887 4
888 2
889 2
890 0
891 0
892 1
893 1
894 0
895 7
896 419
897 355
898 475
899 425
900 375
901 449
902 461
903 384
904 336
905 315
906 261
907 168
908 33
909 21
910 10
911 11
912 2
913 2
914 0
915 0
916 0
917 1
918 1
919 5
920 430
921 350
922 368
923 374
924 379
925 430
926 419
927 391
928 345
929 294
930 365
931 244
932 40
933 40
934 29
935 7
936 6
937 1
938 0
939 1
940 0
941 0
942 0
943 6
944 469
945 353
946 444
947 395
948 384
949 444
950 358
951 334
952 355
953 276
954 254
955 163
956 21
957 17
958 17
959 6
960 0
961 1
962 0
963 0
964 0
965 0
966 0
967 11
968 466
969 372
970 448
971 445
972 482
973 461
974 356
975 392
976 335
977 350
978 289
979 155
980 33
981 21
982 12
983 7
984 2
985 1
986 2
987 0
988 0
989 1
990 0
991 2
992 358
993 257
994 371
995 405
996 360
997 236
998 78
999 70
1000 63
1001 34
1002 40
1003 49
1004 20
1005 16
1006 11
1007 7
1008 3
1009 1
1010 2
1011 0
1012 0
1013 6
1014 0
1015 1
1016 45
1017 29
1018 66
1019 53
1020 57
1021 52
1022 56
1023 41
1024 38
1025 32
1026 32
1027 13
1028 6
1029 4
1030 2
1031 2
1032 1
1033 0
1034 0
1035 0
1036 0
1037 0
1038 0
1039 7
1040 417
1041 310
1042 381
1043 328
1044 366
1045 405
1046 362
1047 362
1048 346
1049 243
1050 244
1051 129
1052 17
1053 17
1054 5
1055 6
1056 1
1057 2
1058 0
1059 0
1060 0
1061 0
1062 0
1063 7
1064 439
1065 335
1066 440
1067 420
1068 391
1069 439
1070 424
1071 375
1072 386
1073 287
1074 301
1075 166
1076 23
1077 13
1078 8
1079 4
1080 1
1081 1
1082 0
1083 0
1084 0
1085 0
1086 1
1087 8
1088 444
1089 346
1090 355
1091 383
1092 328
1093 438
1094 390
1095 343
1096 373
1097 336
1098 324
1099 207
1100 43
1101 33
1102 25
1103 20
1104 14
1105 0
1106 0
1107 0
1108 0
1109 1
1110 0
1111 10
1112 442
1113 393
1114 452
1115 468
1116 408
1117 468
1118 439
1119 393
1120 315
1121 291
1122 257
1123 186
1124 32
1125 16
1126 20
1127 20
1128 13
1129 0
1130 0
1131 0
1132 0
1133 1
1134 0
1135 6
1136 418
1137 335
1138 433
1139 391
1140 404
1141 426
1142 407
1143 368
1144 338
1145 286
1146 281
1147 167
1148 28
1149 13
1150 3
1151 4
1152 1
1153 0
1154 0
1155 0
1156 0
1157 0
1158 1
1159 0
1160 363
1161 284
1162 381
1163 375
1164 409
1165 279
1166 125
1167 98
1168 80
1169 65
1170 56
1171 51
1172 31
1173 7
1174 12
1175 6
1176 5
1177 2
1178 2
1179 0
1180 0
1181 7
1182 0
1183 0
1184 43
1185 58
1186 78
1187 94
1188 91
1189 95
1190 84
1191 73
1192 41
1193 26
1194 23
1195 12
1196 7
1197 3
1198 2
1199 2
1200 0
1201 0
1202 0
1203 1
1204 0
1205 0
1206 1
1207 4
1208 389
1209 318
1210 378
1211 366
1212 385
1213 453
1214 434
1215 364
1216 364
1217 304
1218 254
1219 161
1220 16
1221 13
1222 9
1223 1
1224 1
1225 0
1226 0
1227 0
1228 2
1229 0
1230 0
1231 5
1232 406
1233 341
1234 392
1235 420
1236 394
1237 453
1238 396
1239 345
1240 291
1241 286
1242 315
1243 145
1244 19
1245 5
1246 4
1247 1
1248 1
1249 0
1250 1
1251 0
1252 1
1253 1
1254 0
1255 5
1256 398
1257 361
1258 438
1259 397
1260 425
1261 442
1262 442
1263 352
1264 310
1265 305
1266 371
1267 210
1268 21
1269 14
1270 13
1271 5
1272 0
1273 0
1274 0
1275 0
1276 1
1277 1
1278 0
1279 7
1280 437
1281 386
1282 526
1283 441
1284 452
1285 466
1286 427
1287 383
1288 325
1289 291
1290 334
1291 172
1292 29
1293 13
1294 10
1295 9
1296 1
1297 1
1298 0
1299 1
1300 0
1301 0
1302 0
1303 5
1304 446
1305 375
1306 435
1307 449
1308 475
1309 500
1310 425
1311 360
1312 355
1313 311
1314 287
1315 164
1316 23
1317 12
1318 2
1319 3
1320 1
1321 1
1322 0
1323 0
1324 1
1325 1
1326 1
1327 3
1328 334
1329 308
1330 396
1331 404
1332 379
1333 286
1334 94
1335 105
1336 62
1337 37
1338 51
1339 52
1340 18
1341 17
1342 12
1343 2
1344 5
1345 3
1346 0
1347 1
1348 1
1349 8
1350 0
1351 0
1352 45
1353 51
1354 74
1355 94
1356 90
1357 88
1358 71
1359 49
1360 47
1361 12
1362 20
1363 14
1364 3
1365 2
1366 1
1367 3
1368 0
1369 0
1370 0
1371 0
1372 0
1373 1
1374 0
1375 7
1376 393
1377 299
1378 348
1379 352
1380 395
1381 419
1382 425
1383 367
1384 334
1385 308
1386 217
1387 135
1388 19
1389 20
1390 4
1391 3
1392 0
1393 2
1394 0
1395 0
1396 0
1397 0
1398 0
1399 8
1400 412
1401 342
1402 429
1403 439
1404 442
1405 495
1406 420
1407 390
1408 323
1409 290
1410 241
1411 161
1412 16
1413 15
1414 5
1415 5
1416 1
1417 0
1418 1
1419 0
1420 0
1421 0
1422 2
1423 4
1424 463
1425 375
1426 478
1427 449
1428 490
1429 489
1430 458
1431 442
1432 415
1433 356
1434 305
1435 195
1436 25
1437 9
1438 11
1439 5
1440 0
1441 1
1442 0
1443 0
1444 0
1445 0
1446 1
1447 6
1448 454
1449 410
1450 465
1451 503
1452 481
1453 531
1454 432
1455 426
1456 414
1457 374
1458 319
1459 186
1460 23
1461 7
1462 4
1463 3
1464 1
1465 0
1466 0
1467 0
1468 0
1469 0
1470 0
1471 2
1472 338
1473 347
1474 432
1475 422
1476 428
1477 263
1478 95
1479 91
1480 59
1481 38
1482 37
1483 46
1484 23
1485 13
1486 9
1487 2
1488 1
1489 1
1490 0
1491 0
1492 0
1493 6
1494 1
1495 1
1496 47
1497 25
1498 71
1499 89
1500 88
1501 86
1502 67
1503 72
1504 44
1505 28
1506 17
1507 13
1508 6
1509 6
1510 2
1511 3
1512 0
1513 0
1514 0
1515 1
1516 0
1517 0
1518 0
1519 6
1520 409
1521 371
1522 444
1523 399
1524 456
1525 528
1526 456
1527 434
1528 400
1529 350
1530 319
1531 167
1532 20
1533 14
1534 7
1535 2
1536 2
1537 1
1538 0
1539 0
1540 0
1541 0
1542 1
1543 3
1544 468
1545 386
1546 508
1547 485
1548 451
1549 564
1550 452
1551 432
1552 389
1553 316
1554 297
1555 189
1556 23
1557 15
1558 7
1559 2
1560 0
1561 0
1562 1
1563 0
1564 0
1565 0
1566 0
1567 3
1568 447
1569 393
1570 464
1571 415
1572 441
1573 443
1574 442
1575 393
1576 422
1577 331
1578 343
1579 201
1580 33
1581 13
1582 11
1583 4
1584 0
1585 1
1586 0
1587 0
1588 0
1589 1
1590 1
1591 3
1592 447
1593 420
1594 452
1595 512
1596 426
1597 543
1598 496
1599 431
1600 361
1601 356
1602 350
1603 202
1604 35
1605 25
1606 6
1607 4
1608 0
1609 1
1610 0
1611 0
1612 0
1613 1
1614 1
1615 7
1616 453
1617 443
1618 523
1619 507
1620 451
1621 532
1622 488
1623 430
1624 357
1625 374
1626 310
1627 209
1628 52
1629 25
1630 18
1631 10
1632 2
1633 1
1634 0
1635 0
1636 0
1637 0
1638 0
1639 1
1640 358
1641 318
1642 357
1643 432
1644 427
1645 302
1646 139
1647 120
1648 101
1649 66
1650 62
1651 75
1652 46
1653 16
1654 9
1655 3
1656 0
1657 1
1658 1
1659 0
1660 0
1661 6
1662 0
1663 0
1664 41
1665 26
1666 84
1667 81
1668 94
1669 81
1670 74
1671 84
1672 51
1673 41
1674 28
1675 16
1676 5
1677 8
1678 4
1679 4
1680 1
1681 0
1682 0
1683 0
1684 0
1685 0
1686 0
1687 1
1688 233
1689 119
1690 155
1691 192
1692 164
1693 214
1694 191
1695 153
1696 195
1697 198
1698 196
1699 113
1700 27
1701 10
1702 9
1703 0
1704 1
1705 2
1706 0
1707 0
1708 0
1709 0
1710 0
1711 3
1712 434
1713 368
1714 446
1715 406
1716 424
1717 534
1718 482
1719 412
1720 391
1721 342
1722 296
1723 167
1724 20
1725 14
1726 2
1727 4
1728 1
1729 1
1730 0
1731 1
1732 0
1733 1
1734 0
1735 3
1736 433
1737 385
1738 433
1739 414
1740 415
1741 474
1742 423
1743 411
1744 379
1745 344
1746 326
1747 194
1748 21
1749 16
1750 6
1751 2
1752 3
1753 0
1754 0
1755 0
1756 0
1757 0
1758 1
1759 9
1760 421
1761 423
1762 485
1763 495
1764 436
1765 490
1766 471
1767 396
1768 406
1769 357
1770 307
1771 184
1772 29
1773 14
1774 11
1775 5
1776 2
1777 1
1778 0
1779 0
1780 0
1781 1
1782 0
1783 8
1784 430
1785 397
1786 556
1787 473
1788 475
1789 557
1790 497
1791 477
1792 408
1793 379
1794 336
1795 170
1796 28
1797 10
1798 4
1799 2
1800 1
1801 1
1802 0
1803 0
1804 1
1805 0
1806 0
1807 0
1808 321
1809 321
1810 412
1811 459
1812 430
1813 258
1814 90
1815 96
1816 52
1817 33
1818 46
1819 50
1820 22
1821 9
1822 5
1823 4
1824 1
1825 2
1826 3
1827 0
1828 1
1829 7
1830 0
1831 0
1832 39
1833 11
1834 75
1835 80
1836 71
1837 77
1838 69
1839 63
1840 60
1841 24
1842 19
1843 18
1844 4
1845 2
1846 2
1847 2
1848 1
1849 0
1850 0
1851 0
1852 0
1853 0
1854 0
1855 8
1856 384
1857 369
1858 403
1859 450
1860 449
1861 465
1862 447
1863 457
1864 382
1865 339
1866 296
1867 138
1868 16
1869 7
1870 2
1871 2
1872 0
1873 0
1874 0
1875 0
1876 0
1877 0
1878 0
1879 8
1880 407
1881 396
1882 432
1883 485
1884 531
1885 487
1886 475
1887 433
1888 367
1889 319
1890 286
1891 169
1892 22
1893 8
1894 5
1895 5
1896 0
1897 0
1898 0
1899 0
1900 0
1901 0
1902 0
1903 4
1904 512
1905 374
1906 409
1907 381
1908 390
1909 501
1910 522
1911 593
1912 353
1913 335
1914 378
1915 181
1916 15
1917 11
1918 6
1919 3
1920 0
1921 0
1922 0
1923 0
1924 0
1925 1
1926 0
1927 5
1928 428
1929 399
1930 383
1931 433
1932 443
1933 489
1934 446
1935 456
1936 372
1937 338
1938 283
1939 194
1940 23
1941 9
1942 9
1943 3
1944 0
1945 2
1946 0
1947 0
1948 0
1949 0
1950 0
1951 5
1952 418
1953 409
1954 449
1955 471
1956 464
1957 496
1958 476
1959 553
1960 429
1961 372
1962 329
1963 211
1964 18
1965 10
1966 6
1967 11
1968 3
1969 2
1970 0
1971 1
1972 0
1973 0
1974 0
1975 2
1976 341
1977 340
1978 406
1979 410
1980 422
1981 315
1982 98
1983 91
1984 76
1985 37
1986 31
1987 52
1988 21
1989 17
1990 8
1991 6
1992 1
1993 5
1994 2
1995 0
1996 0
1997 13
1998 0
1999 0
2000 54
2001 25
2002 89
2003 87
2004 73
2005 70
2006 71
2007 70
2008 54
2009 37
2010 28
2011 25
2012 9
2013 5
2014 5
2015 1
2016 0
2017 0
2018 0
2019 0
2020 0
2021 1
2022 2
2023 4
2024 379
2025 374
2026 360
2027 359
2028 462
2029 457
2030 336
2031 437
2032 330
2033 331
2034 288
2035 149
2036 12
2037 10
2038 2
2039 3
2040 4
2041 4
2042 1
2043 2
2044 2
2045 0
2046 0
2047 5
2048 413
2049 347
2050 404
2051 402
2052 380
2053 489
2054 405
2055 542
2056 348
2057 299
2058 312
2059 154
2060 41
2061 19
2062 15
2063 7
2064 0
2065 0
2066 0
2067 0
2068 0
2069 2
2070 1
2071 5
2072 402
2073 369
2074 401
2075 371
2076 458
2077 451
2078 470
2079 481
2080 330
2081 329
2082 264
2083 173
2084 19
2085 13
2086 6
2087 0
2088 0
2089 0
2090 0
2091 0
2092 0
2093 1
2094 0
2095 7
2096 386
2097 400
2098 524
2099 407
2100 422
2101 457
2102 425
2103 478
2104 399
2105 319
2106 283
2107 207
2108 17
2109 19
2110 1
2111 5
2112 1
2113 1
2114 1
2115 0
2116 0
2117 1
2118 1
2119 3
2120 409
2121 339
2122 455
2123 443
2124 422
2125 568
2126 496
2127 515
2128 392
2129 360
2130 304
2131 192
2132 18
2133 7
2134 10
2135 5
2136 2
2137 0
2138 0
2139 0
2140 0
2141 2
2142 0
2143 1
2144 288
2145 315
2146 401
2147 402
2148 424
2149 255
2150 108
2151 77
2152 48
2153 37
2154 41
2155 64
2156 26
2157 14
2158 6
2159 5
2160 9
2161 1
2162 1
2163 1
2164 0
2165 7
2166 1
2167 2
2168 40
2169 46
2170 91
2171 75
2172 62
2173 82
2174 76
2175 72
2176 42
2177 30
2178 29
2179 33
2180 4
2181 6
2182 3
2183 1
2184 1
2185 1
2186 0
2187 0
2188 0
2189 1
2190 1
2191 8
2192 367
2193 335
2194 352
2195 328
2196 341
2197 449
2198 396
2199 392
2200 319
2201 258
2202 248
2203 152
2204 22
2205 10
2206 5
2207 2
2208 0
2209 2
2210 0
2211 0
2212 0
2213 1
2214 1
2215 6
2216 402
2217 352
2218 415
2219 440
2220 476
2221 512
2222 360
2223 528
2224 363
2225 294
2226 289
2227 148
2228 29
2229 13
2230 4
2231 1
2232 0
2233 1
2234 0
2235 0
2236 0
2237 1
2238 0
2239 7
2240 368
2241 335
2242 529
2243 437
2244 383
2245 479
2246 510
2247 488
2248 350
2249 292
2250 311
2251 176
2252 33
2253 15
2254 11
2255 2
2256 2
2257 1
2258 4
2259 0
2260 0
2261 2
2262 0
2263 10
2264 485
2265 425
2266 455
2267 493
2268 467
2269 631
2270 488
2271 363
2272 346
2273 325
2274 279
2275 147
2276 28
2277 21
2278 9
2279 2
2280 2
2281 1
2282 2
2283 0
2284 0
2285 0
2286 0
2287 0
2288 205
2289 93
2290 167
2291 154
2292 153
2293 130
2294 132
2295 158
2296 134
2297 141
2298 144
2299 94
2300 16
2301 7
2302 4
2303 1
2304 0
2305 0
2306 0
2307 0
2308 0
2309 0
2310 0
2311 0
2312 294
2313 240
2314 326
2315 360
2316 353
2317 241
2318 91
2319 76
2320 38
2321 24
2322 35
2323 37
2324 23
2325 8
2326 11
2327 5
2328 1
2329 2
2330 0
2331 0
2332 1
2333 6
2334 0
2335 0
2336 25
2337 8
2338 46
2339 69
2340 60
2341 84
2342 72
2343 54
2344 37
2345 25
2346 30
2347 13
2348 2
2349 2
2350 2
2351 4
2352 0
2353 0
2354 0
2355 0
2356 0
2357 0
2358 0
2359 0
2360 214
2361 83
2362 115
2363 147
2364 150
2365 197
2366 170
2367 139
2368 143
2369 120
2370 140
2371 87
2372 18
2373 9
2374 2
2375 1
2376 0
2377 0
2378 0
2379 0
2380 0
2381 1
2382 1
2383 4
2384 326
2385 325
2386 363
2387 349
2388 353
2389 460
2390 464
2391 346
2392 366
2393 295
2394 265
2395 143
2396 16
2397 13
2398 11
2399 2
2400 4
2401 2
2402 0
2403 0
2404 1
2405 0
2406 0
2407 4
2408 362
2409 320
2410 347
2411 334
2412 375
2413 416
2414 408
2415 402
2416 330
2417 310
2418 275
2419 155
2420 16
2421 15
2422 1
2423 2
2424 0
2425 1
2426 10
2427 6
2428 1
2429 8
2430 6
2431 6
2432 386
2433 425
2434 435
2435 457
2436 487
2437 509
2438 520
2439 363
2440 311
2441 281
2442 258
2443 191
2444 25
2445 14
2446 5
2447 1
2448 0
2449 2
2450 0
2451 0
2452 0
2453 1
2454 0
2455 7
2456 405
2457 399
2458 419
2459 396
2460 486
2461 504
2462 430
2463 391
2464 323
2465 348
2466 297
2467 188
2468 23
2469 11
2470 5
2471 5
2472 3
2473 5
2474 1
2475 0
2476 0
2477 1
2478 1
2479 1
2480 335
2481 322
2482 404
2483 477
2484 424
2485 295
2486 138
2487 82
2488 62
2489 46
2490 59
2491 58
2492 30
2493 10
2494 9
2495 2
2496 1
2497 1
2498 0
2499 0
2500 0
2501 4
2502 0
2503 1
2504 26
2505 28
2506 86
2507 86
2508 100
2509 83
2510 60
2511 81
2512 46
2513 36
2514 26
2515 20
2516 6
2517 4
2518 3
2519 0
2520 0
2521 0
2522 0
2523 0
2524 0
2525 0
2526 0
2527 5
2528 341
2529 287
2530 354
2531 402
2532 361
2533 483
2534 503
2535 588
2536 310
2537 269
2538 230
2539 136
2540 26
2541 20
2542 6
2543 5
2544 2
2545 2
2546 0
2547 0
2548 1
2549 0
2550 0
2551 8
2552 312
2553 372
2554 386
2555 421
2556 372
2557 449
2558 420
2559 404
2560 317
2561 262
2562 290
2563 204
2564 23
2565 10
2566 3
2567 2
2568 1
2569 1
2570 0
2571 0
2572 0
2573 1
2574 0
2575 8
2576 349
2577 384
2578 531
2579 397
2580 408
2581 435
2582 399
2583 322
2584 318
2585 285
2586 289
2587 168
2588 26
2589 10
2590 3
2591 2
2592 1
2593 2
2594 0
2595 0
2596 0
2597 0
2598 0
2599 7
2600 401
2601 401
2602 415
2603 414
2604 498
2605 540
2606 514
2607 533
2608 343
2609 309
2610 276
2611 167
2612 26
2613 14
2614 8
2615 5
2616 1
2617 2
2618 0
2619 0
2620 0
2621 0
2622 1
2623 6
2624 385
2625 405
2626 636
2627 610
2628 545
2629 625
2630 495
2631 644
2632 396
2633 357
2634 298
2635 192
2636 17
2637 17
2638 10
2639 6
2640 6
2641 3
2642 1
2643 0
2644 0
2645 0
2646 0
2647 0
2648 284
2649 309
2650 376
2651 419
2652 412
2653 273
2654 132
2655 108
2656 71
2657 50
2658 55
2659 44
2660 29
2661 19
2662 5
2663 5
2664 3
2665 3
2666 3
2667 0
2668 0
2669 2
2670 1
2671 0
2672 28
2673 29
2674 81
2675 93
2676 99
2677 85
2678 76
2679 83
2680 76
2681 30
2682 48
2683 30
2684 7
2685 10
2686 8
2687 2
2688 2
2689 0
2690 0
2691 0
2692 0
2693 1
2694 0
2695 4
2696 348
2697 363
2698 401
2699 391
2700 360
2701 417
2702 491
2703 446
2704 400
2705 299
2706 225
2707 149
2708 17
2709 10
2710 6
2711 3
2712 0
2713 1
2714 0
2715 0
2716 1
2717 1
2718 0
2719 3
2720 332
2721 292
2722 380
2723 499
2724 414
2725 438
2726 441
2727 370
2728 359
2729 287
2730 265
2731 183
2732 24
2733 15
2734 8
2735 4
2736 0
2737 1
2738 2
2739 2
2740 1
2741 0
2742 0
2743 0
2744 209
2745 85
2746 135
2747 174
2748 182
2749 208
2750 179
2751 156
2752 173
2753 158
2754 139
2755 133
2756 23
2757 10
2758 4
2759 3
2760 0
2761 0
2762 0
2763 0
2764 0
2765 0
2766 1
2767 7
2768 413
2769 428
2770 463
2771 453
2772 557
2773 471
2774 388
2775 345
2776 319
2777 334
2778 303
2779 160
2780 34
2781 15
2782 6
2783 5
2784 1
2785 0
2786 0
2787 0
2788 0
2789 0
2790 0
2791 5
2792 354
2793 358
2794 417
2795 421
2796 429
2797 487
2798 555
2799 422
2800 408
2801 378
2802 321
2803 164
2804 22
2805 16
2806 11
2807 3
2808 1
2809 1
2810 0
2811 0
2812 0
2813 0
2814 0
2815 0
2816 303
2817 294
2818 407
2819 448
2820 463
2821 275
2822 103
2823 116
2824 60
2825 43
2826 61
2827 58
2828 18
2829 8
2830 3
2831 4
2832 2
2833 5
2834 1
2835 3
2836 1
2837 2
2838 0
2839 0
2840 29
2841 35
2842 83
2843 113
2844 81
2845 84
2846 104
2847 97
2848 73
2849 46
2850 41
2851 18
2852 6
2853 6
2854 0
2855 0
2856 0
2857 1
2858 0
2859 0
2860 0
2861 0
2862 1
2863 6
2864 331
2865 328
2866 370
2867 363
2868 314
2869 392
2870 352
2871 334
2872 302
2873 236
2874 213
2875 137
2876 23
2877 11
2878 6
2879 4
2880 0
2881 1
2882 0
2883 0
2884 0
2885 0
2886 1
2887 5
2888 320
2889 381
2890 396
2891 450
2892 395
2893 420
2894 380
2895 375
2896 375
2897 276
2898 294
2899 166
2900 20
2901 12
2902 3
2903 1
2904 2
2905 0
2906 0
2907 0
2908 1
2909 1
2910 0
2911 5
2912 299
2913 320
2914 514
2915 366
2916 355
2917 440
2918 395
2919 343
2920 302
2921 308
2922 270
2923 152
2924 24
2925 10
2926 0
2927 2
2928 1
2929 1
2930 0
2931 0
2932 0
2933 0
2934 1
2935 6
2936 355
2937 374
2938 441
2939 371
2940 389
2941 464
2942 427
2943 470
2944 334
2945 296
2946 294
2947 158
2948 15
2949 4
2950 8
2951 1
2952 2
2953 0
2954 0
2955 0
2956 0
2957 0
2958 0
2959 9
2960 363
2961 378
2962 393
2963 431
2964 408
2965 508
2966 427
2967 406
2968 361
2969 323
2970 298
2971 188
2972 29
2973 19
2974 21
2975 6
2976 3
2977 3
2978 1
2979 0
2980 1
2981 0
2982 0
2983 1
2984 317
2985 284
2986 451
2987 464
2988 405
2989 221
2990 103
2991 99
2992 62
2993 44
2994 62
2995 57
2996 22
2997 13
2998 3
2999 4
3000 2
3001 2
3002 0
3003 1
3004 0
3005 2
3006 0
3007 0
3008 29
3009 33
3010 64
3011 97
3012 84
3013 74
3014 90
3015 100
3016 65
3017 27
3018 23
3019 13
3020 7
3021 5
3022 4
3023 0
3024 1
3025 0
3026 0
3027 1
3028 0
3029 1
3030 2
3031 9
3032 350
3033 320
3034 368
3035 334
3036 377
3037 392
3038 355
3039 301
3040 285
3041 280
3042 249
3043 119
3044 9
3045 13
3046 0
3047 0
3048 2
3049 0
3050 0
3051 0
3052 1
3053 0
3054 2
3055 5
3056 322
3057 342
3058 394
3059 399
3060 391
3061 415
3062 338
3063 355
3064 318
3065 278
3066 292
3067 140
3068 25
3069 14
3070 1
3071 2
3072 1
3073 1
3074 0
3075 0
3076 1
3077 0
3078 1
3079 6
3080 352
3081 378
3082 377
3083 335
3084 369
3085 395
3086 369
3087 342
3088 318
3089 247
3090 264
3091 147
3092 10
3093 8
3094 4
3095 2
3096 0
3097 0
3098 0
3099 0
3100 1
3101 0
3102 1
3103 9
3104 340
3105 369
3106 402
3107 402
3108 398
3109 446
3110 383
3111 365
3112 307
3113 288
3114 264
3115 129
3116 26
3117 13
3118 5
3119 3
3120 2
3121 1
3122 0
3123 1
3124 0
3125 0
3126 0
3127 7
3128 375
3129 341
3130 425
3131 401
3132 443
3133 478
3134 405
3135 306
3136 314
3137 314
3138 272
3139 152
3140 27
3141 7
3142 1
3143 2
3144 2
3145 2
3146 1
3147 0
3148 0
3149 0
3150 0
3151 3
3152 294
3153 294
3154 393
3155 416
3156 409
3157 296
3158 125
3159 121
3160 64
3161 26
3162 42
3163 58
3164 36
3165 16
3166 3
3167 7
3168 2
3169 0
3170 0
3171 0
3172 0
3173 1
3174 0
3175 0
3176 23
3177 23
3178 54
3179 67
3180 90
3181 73
3182 69
3183 66
3184 35
3185 13
3186 24
3187 12
3188 3
3189 3
3190 1
3191 1
3192 0
3193 0
3194 0
3195 0
3196 0
3197 0
3198 0
3199 4
3200 319
3201 307
3202 326
3203 337
3204 323
3205 359
3206 339
3207 309
3208 288
3209 274
3210 243
3211 147
3212 13
3213 9
3214 6
3215 2
3216 1
3217 1
3218 0
3219 0
3220 0
3221 1
3222 2
3223 7
3224 331
3225 305
3226 402
3227 344
3228 402
3229 405
3230 376
3231 309
3232 324
3233 290
3234 229
3235 136
3236 11
3237 9
3238 2
3239 1
3240 0
3241 1
3242 0
3243 0
3244 0
3245 0
3246 0
3247 4
3248 323
3249 321
3250 337
3251 332
3252 367
3253 396
3254 376
3255 309
3256 297
3257 246
3258 223
3259 146
3260 15
3261 4
3262 4
3263 1
3264 0
3265 0
3266 0
3267 0
3268 0
3269 0
3270 1
3271 8
3272 344
3273 317
3274 389
3275 384
3276 417
3277 410
3278 368
3279 365
3280 303
3281 286
3282 248
3283 142
3284 17
3285 12
3286 3
3287 3
3288 0
3289 0
3290 0
3291 0
3292 0
3293 0
3294 0
3295 4
3296 328
3297 369
3298 443
3299 434
3300 395
3301 420
3302 347
3303 376
3304 348
3305 333
3306 292
3307 144
3308 22
3309 9
3310 5
3311 2
3312 0
3313 2
3314 1
3315 0
3316 0
3317 0
3318 0
3319 0
3320 276
3321 243
3322 377
3323 376
3324 413
3325 280
3326 105
3327 83
3328 58
3329 35
3330 31
3331 55
3332 27
3333 8
3334 3
3335 4
3336 6
3337 1
3338 2
3339 1
3340 0
3341 4
3342 0
3343 0
3344 19
3345 20
3346 59
3347 100
3348 65
3349 72
3350 80
3351 64
3352 67
3353 27
3354 38
3355 18
3356 4
3357 0
3358 3
3359 1
3360 1
3361 1
3362 1
3363 0
3364 0
3365 0
3366 0
3367 3
3368 320
3369 315
3370 336
3371 300
3372 327
3373 318
3374 345
3375 303
3376 308
3377 265
3378 217
3379 123
3380 12
3381 11
3382 4
3383 2
3384 1
3385 1
3386 0
3387 0
3388 0
3389 0
3390 0
3391 6
3392 305
3393 301
3394 403
3395 364
3396 374
3397 417
3398 350
3399 300
3400 276
3401 283
3402 259
3403 128
3404 13
3405 17
3406 5
3407 1
3408 1
3409 0
3410 0
3411 0
3412 0
3413 0
3414 0
3415 3
3416 327
3417 271
3418 329
3419 350
3420 324
3421 375
3422 323
3423 350
3424 334
3425 276
3426 274
3427 163
3428 13
3429 6
3430 4
3431 3
3432 1
3433 0
3434 1
3435 0
3436 0
3437 0
3438 0
3439 8
3440 323
3441 346
3442 343
3443 345
3444 353
3445 435
3446 389
3447 333
3448 319
3449 261
3450 242
3451 147
3452 21
3453 14
3454 3
3455 2
3456 0
3457 1
3458 0
3459 0
3460 0
3461 0
3462 2
3463 4
3464 314
3465 312
3466 383
3467 356
3468 310
3469 393
3470 285
3471 262
3472 273
3473 271
3474 275
3475 152
3476 19
3477 9
3478 7
3479 12
3480 3
3481 2
3482 0
3483 1
3484 0
3485 0
3486 0
3487 0
3488 271
3489 233
3490 333
3491 386
3492 348
3493 256
3494 124
3495 95
3496 70
3497 43
3498 47
3499 46
3500 13
3501 8
3502 3
3503 2
3504 1
3505 1
3506 0
3507 0
3508 0
3509 3
3510 0
3511 0
3512 30
3513 14
3514 65
3515 94
3516 82
3517 68
3518 83
3519 74
3520 48
3521 27
3522 22
3523 17
3524 4
3525 2
3526 1
3527 1
3528 2
3529 0
3530 0
3531 0
3532 0
3533 0
3534 1
3535 4
3536 281
3537 272
3538 297
3539 283
3540 291
3541 357
3542 310
3543 334
3544 302
3545 235
3546 221
3547 121
3548 14
3549 10
3550 5
3551 3
3552 0
3553 1
3554 0
3555 0
3556 0
3557 1
3558 1
3559 4
3560 318
3561 328
3562 377
3563 327
3564 373
3565 446
3566 362
3567 318
3568 301
3569 285
3570 235
3571 131
3572 10
3573 13
3574 6
3575 3
3576 1
3577 0
3578 0
3579 0
3580 0
3581 0
3582 1
3583 5
3584 310
3585 343
3586 423
3587 350
3588 364
3589 393
3590 354
3591 356
3592 330
3593 326
3594 280
3595 148
3596 20
3597 9
3598 4
3599 1
3600 0
3601 2
3602 0
3603 0
3604 1
3605 0
3606 0
3607 5
3608 321
3609 385
3610 396
3611 371
3612 380
3613 434
3614 346
3615 372
3616 327
3617 280
3618 277
3619 142
3620 14
3621 9
3622 6
3623 7
3624 3
3625 2
3626 0
3627 0
3628 1
3629 1
3630 0
3631 6
3632 340
3633 312
3634 400
3635 375
3636 389
3637 449
3638 394
3639 383
3640 321
3641 279
3642 254
3643 157
3644 34
3645 10
3646 6
3647 5
3648 1
3649 2
3650 0
3651 0
3652 0
3653 0
3654 0
3655 0
3656 271
3657 223
3658 347
3659 376
3660 389
3661 257
3662 108
3663 97
3664 90
3665 51
3666 59
3667 56
3668 17
3669 13
3670 6
3671 2
3672 2
3673 4
3674 0
3675 1
3676 0
3677 3
3678 0
3679 0
3680 31
3681 28
3682 65
3683 82
3684 87
3685 87
3686 94
3687 84
3688 45
3689 24
3690 25
3691 17
3692 3
3693 2
3694 1
3695 0
3696 1
3697 0
3698 0
3699 0
3700 0
3701 0
3702 0
3703 4
3704 298
3705 296
3706 323
3707 331
3708 324
3709 352
3710 297
3711 326
3712 289
3713 238
3714 207
3715 121
3716 20
3717 6
3718 3
3719 6
3720 0
3721 1
3722 0
3723 0
3724 0
3725 0
3726 0
3727 7
3728 329
3729 326
3730 393
3731 383
3732 328
3733 408
3734 336
3735 334
3736 313
3737 307
3738 265
3739 132
3740 13
3741 6
3742 1
3743 1
3744 1
3745 0
3746 1
3747 0
3748 0
3749 0
3750 0
3751 7
3752 305
3753 360
3754 410
3755 456
3756 352
3757 404
3758 333
3759 299
3760 314
3761 270
3762 258
3763 164
3764 17
3765 5
3766 2
3767 5
3768 0
3769 1
3770 0
3771 1
3772 0
3773 0
3774 0
3775 2
3776 304
3777 340
3778 401
3779 394
3780 416
3781 415
3782 396
3783 342
3784 301
3785 275
3786 253
3787 136
3788 11
3789 11
3790 3
3791 2
3792 0
3793 0
3794 0
3795 1
3796 0
3797 0
3798 0
3799 5
3800 330
3801 356
3802 414
3803 381
3804 420
3805 453
3806 416
3807 368
3808 335
3809 275
3810 281
3811 157
3812 27
3813 16
3814 3
3815 3
3816 1
3817 0
3818 0
3819 0
3820 0
3821 0
3822 0
3823 0
3824 238
3825 211
3826 296
3827 338
3828 396
3829 279
3830 124
3831 93
3832 77
3833 46
3834 61
3835 68
3836 20
3837 11
3838 9
3839 1
3840 0
3841 2
3842 0
3843 0
3844 0
3845 1
3846 0
3847 0
3848 22
3849 18
3850 71
3851 85
3852 62
3853 77
3854 65
3855 50
3856 57
3857 28
3858 28
3859 17
3860 5
3861 4
3862 1
3863 3
3864 2
3865 2
3866 0
3867 0
3868 0
3869 0
3870 0
3871 0
3872 171
3873 73
3874 99
3875 155
3876 153
3877 152
3878 157
3879 131
3880 132
3881 145
3882 150
3883 97
3884 11
3885 3
3886 2
3887 0
3888 0
3889 1
3890 0
3891 0
3892 0
3893 0
3894 0
3895 3
3896 320
3897 316
3898 355
3899 387
3900 359
3901 450
3902 309
3903 337
3904 283
3905 240
3906 250
3907 151
3908 10
3909 4
3910 1
3911 1
3912 1
3913 0
3914 0
3915 0
3916 0
3917 0
3918 0
3919 4
3920 308
3921 321
3922 347
3923 341
3924 344
3925 408
3926 401
3927 317
3928 327
3929 287
3930 248
3931 142
3932 15
3933 11
3934 4
3935 0
3936 1
3937 0
3938 0
3939 0
3940 1
3941 0
3942 1
3943 5
3944 347
3945 307
3946 408
3947 380
3948 421
3949 432
3950 410
3951 369
3952 308
3953 275
3954 271
3955 140
3956 14
3957 13
3958 2
3959 2
3960 0
3961 0
3962 0
3963 0
3964 0
3965 0
3966 1
3967 5
3968 325
3969 314
3970 392
3971 427
3972 400
3973 440
3974 390
3975 372
3976 348
3977 345
3978 270
3979 133
3980 14
3981 10
3982 1
3983 3
3984 0
3985 2
3986 0
3987 0
3988 0
3989 0
3990 0
3991 0
3992 242
3993 251
3994 338
3995 402
3996 415
3997 294
3998 93
3999 75
4000 70
4001 30
4002 41
4003 57
4004 19
4005 8
4006 4
4007 4
4008 0
4009 3
4010 1
4011 0
4012 0
4013 4
4014 0
4015 1
4016 27
4017 30
4018 66
4019 104
4020 108
4021 90
4022 82
4023 58
4024 64
4025 33
4026 22
4027 13
4028 5
4029 1
4030 1
4031 3
4032 1
4033 0
4034 1
4035 0
4036 0
4037 0
4038 1
4039 3
4040 325
4041 281
4042 334
4043 340
4044 321
4045 399
4046 340
4047 335
4048 292
4049 263
4050 218
4051 140
4052 13
4053 10
4054 4
4055 2
4056 0
4057 1
4058 0
4059 0
4060 0
4061 0
4062 1
4063 3
4064 306
4065 316
4066 363
4067 335
4068 338
4069 483
4070 368
4071 335
4072 294
4073 263
4074 268
4075 132
4076 15
4077 14
4078 2
4079 0
4080 0
4081 0
4082 0
4083 0
4084 0
4085 0
4086 1
4087 3
4088 313
4089 262
4090 355
4091 365
4092 383
4093 418
4094 378
4095 302
4096 316
4097 287
4098 294
4099 145
4100 13
4101 11
4102 3
4103 1
4104 0
4105 1
4106 0
4107 0
4108 0
4109 1
4110 1
4111 5
4112 330
4113 314
4114 366
4115 398
4116 367
4117 394
4118 350
4119 336
4120 322
4121 289
4122 211
4123 160
4124 17
4125 6
4126 4
4127 1
4128 2
4129 0
4130 0
4131 0
4132 0
4133 0
4134 0
4135 5
4136 336
4137 324
4138 405
4139 402
4140 393
4141 446
4142 413
4143 378
4144 321
4145 288
4146 260
4147 151
4148 20
4149 6
4150 4
4151 0
4152 2
4153 1
4154 0
4155 0
4156 0
4157 0
4158 0
4159 1
4160 249
4161 226
4162 390
4163 389
4164 395
4165 256
4166 132
4167 79
4168 59
4169 51
4170 62
4171 53
4172 15
4173 7
4174 8
4175 2
4176 1
4177 1
4178 0
4179 1
4180 0
4181 2
4182 0
4183 0
4184 23
4185 19
4186 48
4187 87
4188 78
4189 90
4190 78
4191 55
4192 51
4193 24
4194 35
4195 26
4196 2
4197 3
4198 1
4199 1
4200 1
4201 0
4202 0
4203 0
4204 0
4205 0
4206 1
4207 3
4208 448
4209 335
4210 380
4211 746
4212 495
4213 498
4214 330
4215 297
4216 257
4217 227
4218 231
4219 98
4220 3
4221 6
4222 1
4223 1
4224 0
4225 0
4226 0
4227 0
4228 0
4229 0
4230 1
4231 5
4232 331
4233 293
4234 359
4235 309
4236 357
4237 397
4238 324
4239 329
4240 285
4241 247
4242 258
4243 122
4244 12
4245 9
4246 2
4247 1
4248 2
4249 1
4250 0
4251 0
4252 0
4253 0
4254 1
4255 5
4256 325
4257 317
4258 368
4259 317
4260 333
4261 350
4262 328
4263 281
4264 257
4265 266
4266 246
4267 127
4268 22
4269 20
4270 16
4271 9
4272 0
4273 0
4274 0
4275 0
4276 0
4277 0
4278 1
4279 7
4280 318
4281 316
4282 360
4283 390
4284 390
4285 437
4286 362
4287 355
4288 327
4289 295
4290 254
4291 125
4292 10
4293 11
4294 6
4295 1
4296 1
4297 0
4298 0
4299 0
4300 0
4301 0
4302 0
4303 4
4304 361
4305 350
4306 379
4307 356
4308 399
4309 395
4310 376
4311 324
4312 331
4313 297
4314 268
4315 153
4316 28
4317 19
4318 18
4319 16
4320 1
4321 4
4322 0
4323 1
4324 0
4325 0
4326 0
4327 1
4328 294
4329 218
4330 298
4331 382
4332 364
4333 249
4334 126
4335 73
4336 64
4337 41
4338 68
4339 79
4340 26
4341 17
4342 9
4343 14
4344 0
4345 0
4346 1
4347 0
4348 1
4349 1
4350 0
4351 0
4352 21
4353 27
4354 48
4355 98
4356 90
4357 58
4358 65
4359 58
4360 40
4361 29
4362 20
4363 20
4364 4
4365 1
4366 1
4367 1
4368 0
4369 0
4370 0
4371 0
4372 0
4373 0
4374 1
4375 6
4376 348
4377 259
4378 306
4379 277
4380 334
4381 340
4382 315
4383 333
4384 288
4385 244
4386 191
4387 115
4388 5
4389 3
4390 1
4391 0
4392 0
4393 0
4394 0
4395 0
4396 0
4397 0
4398 1
4399 3
4400 313
4401 227
4402 315
4403 334
4404 334
4405 384
4406 304
4407 305
4408 231
4409 236
4410 223
4411 136
4412 12
4413 9
4414 0
4415 2
4416 1
4417 0
4418 0
4419 0
4420 1
4421 1
4422 0
4423 5
4424 308
4425 206
4426 264
4427 337
4428 297
4429 338
4430 322
4431 287
4432 253
4433 249
4434 228
4435 134
4436 21
4437 10
4438 12
4439 16
4440 2
4441 0
4442 0
4443 0
4444 0
4445 0
4446 2
4447 6
4448 325
4449 285
4450 324
4451 353
4452 403
4453 377
4454 329
4455 312
4456 301
4457 258
4458 245
4459 143
4460 19
4461 23
4462 14
4463 16
4464 0
4465 1
4466 0
4467 0
4468 0
4469 0
4470 0
4471 5
4472 344
4473 301
4474 298
4475 336
4476 380
4477 397
4478 343
4479 305
4480 294
4481 275
4482 267
4483 134
4484 9
4485 12
4486 2
4487 3
4488 0
4489 0
4490 0
4491 0
4492 0
4493 0
4494 0
4495 1
4496 289
4497 203
4498 307
4499 360
4500 393
4501 268
4502 101
4503 58
4504 46
4505 28
4506 46
4507 37
4508 23
4509 4
4510 1
4511 9
4512 2
4513 6
4514 0
4515 0
4516 0
4517 1
4518 0
4519 0
4520 28
4521 30
4522 52
4523 79
4524 95
4525 70
4526 80
4527 68
4528 44
4529 30
4530 28
4531 6
4532 8
4533 10
4534 9
4535 9
4536 0
4537 0
4538 0
4539 0
4540 0
4541 1
4542 0
4543 5
4544 313
4545 245
4546 260
4547 310
4548 289
4549 341
4550 288
4551 356
4552 256
4553 235
4554 222
4555 129
4556 8
4557 4
4558 1
4559 3
4560 1
4561 0
4562 1
4563 0
4564 0
4565 0
4566 2
4567 6
4568 314
4569 240
4570 307
4571 333
4572 345
4573 363
4574 340
4575 322
4576 267
4577 224
4578 222
4579 125
4580 8
4581 10
4582 2
4583 0
4584 0
4585 0
4586 0
4587 0
4588 0
4589 1
4590 0
4591 2
4592 314
4593 238
4594 260
4595 318
4596 329
4597 348
4598 278
4599 281
4600 273
4601 260
4602 242
4603 135
4604 6
4605 8
4606 5
4607 2
4608 5
4609 0
4610 1
4611 0
4612 0
4613 1
4614 0
4615 4
4616 324
4617 327
4618 312
4619 377
4620 358
4621 384
4622 327
4623 326
4624 306
4625 228
4626 220
4627 108
4628 9
4629 6
4630 2
4631 4
4632 2
4633 0
4634 0
4635 0
4636 0
4637 0
4638 0
4639 2
4640 328
4641 269
4642 309
4643 342
4644 385
4645 382
4646 342
4647 307
4648 298
4649 253
4650 252
4651 138
4652 17
4653 4
4654 2
4655 1
4656 1
4657 0
4658 1
4659 2
4660 0
4661 0
4662 0
4663 1
4664 288
4665 194
4666 296
4667 379
4668 360
4669 226
4670 84
4671 65
4672 44
4673 27
4674 37
4675 46
4676 15
4677 1
4678 3
4679 1
4680 0
4681 0
4682 0
4683 0
4684 0
4685 3
4686 0
4687 1
4688 19
4689 18
4690 52
4691 68
4692 80
4693 61
4694 55
4695 75
4696 45
4697 17
4698 20
4699 17
4700 4
4701 4
4702 2
4703 1
4704 1
4705 1
4706 0
4707 0
4708 0
4709 0
4710 1
4711 6
4712 304
4713 240
4714 325
4715 253
4716 327
4717 357
4718 302
4719 260
4720 274
4721 206
4722 222
4723 106
4724 11
4725 9
4726 1
4727 1
4728 0
4729 0
4730 0
4731 0
4732 0
4733 0
4734 1
4735 6
4736 325
4737 264
4738 329
4739 316
4740 362
4741 384
4742 376
4743 308
4744 305
4745 254
4746 211
4747 116
4748 8
4749 8
4750 0
4751 0
4752 0
4753 0
4754 0
4755 0
4756 0
4757 0
4758 1
4759 2
4760 317
4761 256
4762 297
4763 310
4764 320
4765 321
4766 301
4767 293
4768 267
4769 233
4770 212
4771 109
4772 10
4773 11
4774 0
4775 1
4776 0
4777 0
4778 0
4779 0
4780 0
4781 0
4782 2
4783 5
4784 328
4785 285
4786 353
4787 322
4788 351
4789 409
4790 339
4791 321
4792 299
4793 241
4794 254
4795 139
4796 14
4797 8
4798 3
4799 0
4800 0
4801 0
4802 0
4803 0
4804 1
4805 0
4806 0
4807 5
4808 340
4809 256
4810 355
4811 314
4812 344
4813 387
4814 330
4815 311
4816 285
4817 255
4818 251
4819 149
4820 19
4821 6
4822 3
4823 0
4824 1
4825 1
4826 1
4827 0
4828 0
4829 0
4830 0
4831 1
4832 294
4833 245
4834 346
4835 387
4836 368
4837 223
4838 76
4839 71
4840 36
4841 28
4842 33
4843 39
4844 10
4845 5
4846 2
4847 1
4848 3
4849 2
4850 0
4851 1
4852 0
4853 1
4854 0
4855 1
4856 22
4857 24
4858 58
4859 77
4860 70
4861 63
4862 57
4863 68
4864 30
4865 14
4866 23
4867 13
4868 2
4869 1
4870 1
4871 1
4872 0
4873 0
4874 0
4875 0
4876 0
4877 0
4878 1
4879 4
4880 324
4881 232
4882 293
4883 289
4884 280
4885 306
4886 320
4887 280
4888 276
4889 218
4890 224
4891 140
4892 9
4893 12
4894 0
4895 2
4896 0
4897 1
4898 0
4899 0
4900 0
4901 0
4902 0
4903 7
4904 353
4905 303
4906 363
4907 339
4908 374
4909 431
4910 380
4911 484
4912 314
4913 241
4914 225
4915 127
4916 16
4917 3
4918 6
4919 1
4920 0
4921 0
4922 0
4923 2
4924 0
4925 0
4926 1
4927 4
4928 312
4929 300
4930 368
4931 310
4932 364
4933 396
4934 380
4935 357
4936 300
4937 291
4938 247
4939 122
4940 20
4941 17
4942 4
4943 7
4944 0
4945 0
4946 0
4947 0
4948 0
4949 0
4950 0
4951 5
4952 336
4953 349
4954 364
4955 363
4956 369
4957 410
4958 352
4959 324
4960 302
4961 250
4962 241
4963 158
4964 13
4965 6
4966 3
4967 2
4968 0
4969 2
4970 0
4971 0
4972 0
4973 1
4974 0
4975 4
4976 341
4977 273
4978 328
4979 330
4980 374
4981 413
4982 351
4983 318
4984 279
4985 274
4986 242
4987 198
4988 27
4989 8
4990 9
4991 4
4992 1
4993 0
4994 0
4995 0
4996 0
4997 0
4998 0
4999 1
5000 263
5001 225
5002 312
5003 324
5004 339
5005 234
5006 89
5007 86
5008 52
5009 30
5010 41
5011 37
5012 10
5013 2
5014 9
5015 6
5016 0
5017 2
5018 1
5019 1
5020 0
5021 1
5022 0
5023 0
5024 23
5025 29
5026 68
5027 97
5028 66
5029 74
5030 78
5031 70
5032 53
5033 18
5034 31
5035 21
5036 4
5037 4
5038 3
5039 2
5040 0
5041 0
5042 0
5043 0
5044 0
5045 0
5046 0
5047 4
5048 328
5049 282
5050 313
5051 295
5052 320
5053 377
5054 341
5055 274
5056 262
5057 239
5058 225
5059 116
5060 15
5061 6
5062 5
5063 4
5064 0
5065 1
5066 0
5067 0
5068 0
5069 0
5070 0
5071 9
5072 288
5073 274
5074 358
5075 386
5076 340
5077 415
5078 349
5079 314
5080 284
5081 232
5082 216
5083 119
5084 14
5085 15
5086 1
5087 2
5088 1
5089 0
5090 0
5091 0
5092 1
5093 0
5094 0
5095 5
5096 335
5097 295
5098 322
5099 281
5100 308
5101 334
5102 330
5103 322
5104 266
5105 229
5106 223
5107 139
5108 17
5109 6
5110 1
5111 1
5112 0
5113 0
5114 0
5115 0
5116 0
5117 0
5118 0
5119 9
5120 357
5121 313
5122 372
5123 372
5124 366
5125 386
5126 355
5127 313
5128 299
5129 279
5130 241
5131 135
5132 13
5133 13
5134 7
5135 1
5136 0
5137 0
5138 0
5139 0
5140 0
5141 0
5142 0
5143 9
5144 326
5145 275
5146 372
5147 347
5148 343
5149 439
5150 376
5151 357
5152 325
5153 278
5154 263
5155 176
5156 17
5157 10
5158 8
5159 1
5160 0
5161 0
5162 0
5163 0
5164 0
5165 0
5166 0
5167 1
5168 297
5169 208
5170 309
5171 393
5172 346
5173 263
5174 120
5175 73
5176 67
5177 58
5178 47
5179 59
5180 17
5181 8
5182 9
5183 5
5184 3
5185 1
5186 1
5187 2
5188 0
5189 1
5190 1
5191 1
5192 21
5193 20
5194 68
5195 82
5196 83
5197 75
5198 65
5199 78
5200 48
5201 27
5202 16
5203 15
5204 10
5205 3
5206 2
5207 1
5208 0
5209 0
5210 0
5211 1
5212 0
5213 0
5214 2
5215 6
5216 308
5217 271
5218 334
5219 282
5220 326
5221 370
5222 306
5223 277
5224 250
5225 234
5226 198
5227 125
5228 13
5229 13
5230 4
5231 2
5232 0
5233 0
5234 0
5235 1
5236 0
5237 0
5238 0
5239 9
5240 304
5241 262
5242 328
5243 325
5244 354
5245 367
5246 323
5247 318
5248 270
5249 209
5250 195
5251 117
5252 13
5253 11
5254 4
5255 4
5256 0
5257 0
5258 0
5259 1
5260 0
5261 1
5262 0
5263 6
5264 295
5265 232
5266 282
5267 264
5268 271
5269 348
5270 297
5271 309
5272 283
5273 250
5274 203
5275 128
5276 18
5277 7
5278 4
5279 2
5280 0
5281 0
5282 0
5283 0
5284 0
5285 0
5286 0
5287 7
5288 310
5289 261
5290 338
5291 358
5292 381
5293 405
5294 366
5295 289
5296 269
5297 262
5298 216
5299 126
5300 9
5301 4
5302 4
5303 5
5304 5
5305 1
5306 0
5307 0
5308 1
5309 0
5310 0
5311 6
5312 304
5313 269
5314 349
5315 328
5316 340
5317 381
5318 368
5319 315
5320 274
5321 271
5322 215
5323 145
5324 16
5325 8
5326 8
5327 4
5328 0
5329 0
5330 0
5331 0
5332 0
5333 0
5334 0
5335 0
5336 301
5337 209
5338 290
5339 332
5340 310
5341 240
5342 100
5343 78
5344 56
5345 39
5346 47
5347 52
5348 22
5349 9
5350 6
5351 3
5352 0
5353 0
5354 0
5355 0
5356 0
5357 1
5358 0
5359 1
5360 27
5361 19
5362 62
5363 78
5364 79
5365 63
5366 66
5367 57
5368 53
5369 31
5370 19
5371 10
5372 5
5373 7
5374 0
5375 2
5376 0
5377 0
5378 0
5379 1
5380 0
5381 0
5382 1
5383 6
5384 304
5385 246
5386 320
5387 246
5388 315
5389 314
5390 305
5391 256
5392 246
5393 203
5394 199
5395 91
5396 16
5397 11
5398 2
5399 0
5400 0
5401 0
5402 1
5403 0
5404 1
5405 0
5406 0
5407 5
5408 295
5409 254
5410 352
5411 346
5412 311
5413 373
5414 349
5415 315
5416 253
5417 235
5418 195
5419 135
5420 8
5421 11
5422 1
5423 2
5424 0
5425 0
5426 1
5427 0
5428 0
5429 0
5430 1
5431 4
5432 322
5433 256
5434 292
5435 289
5436 287
5437 328
5438 289
5439 281
5440 253
5441 244
5442 260
5443 121
5444 8
5445 8
5446 1
5447 2
5448 0
5449 0
5450 1
5451 0
5452 0
5453 0
5454 1
5455 7
5456 302
5457 271
5458 331
5459 381
5460 368
5461 385
5462 329
5463 291
5464 265
5465 233
5466 226
5467 110
5468 15
5469 9
5470 4
5471 3
5472 0
5473 0
5474 0
5475 0
5476 0
5477 0
5478 0
5479 6
5480 323
5481 277
5482 344
5483 378
5484 361
5485 390
5486 361
5487 316
5488 277
5489 263
5490 249
5491 153
5492 22
5493 12
5494 5
5495 0
5496 0
5497 0
5498 3
5499 1
5500 0
5501 0
5502 0
5503 0
5504 284
5505 220
5506 312
5507 332
5508 305
5509 268
5510 102
5511 93
5512 70
5513 41
5514 44
5515 52
5516 11
5517 5
5518 3
5519 1
5520 0
5521 2
5522 0
5523 0
5524 0
5525 1
5526 0
5527 0
5528 27
5529 25
5530 66
5531 86
5532 82
5533 70
5534 76
5535 75
5536 44
5537 41
5538 25
5539 21
5540 4
5541 3
5542 4
5543 0
5544 0
5545 0
5546 0
5547 1
5548 0
5549 0
5550 0
5551 6
5552 312
5553 294
5554 263
5555 281
5556 313
5557 335
5558 284
5559 279
5560 259
5561 197
5562 189
5563 121
5564 18
5565 6
5566 1
5567 1
5568 0
5569 1
5570 1
5571 0
5572 0
5573 0
5574 0
5575 8
5576 288
5577 260
5578 316
5579 338
5580 339
5581 353
5582 295
5583 277
5584 259
5585 225
5586 205
5587 108
5588 16
5589 9
5590 4
5591 4
5592 0
5593 0
5594 0
5595 1
5596 0
5597 0
5598 1
5599 3
5600 263
5601 209
5602 271
5603 251
5604 306
5605 330
5606 245
5607 244
5608 244
5609 214
5610 203
5611 140
5612 19
5613 12
5614 5
5615 2
5616 0
5617 0
5618 1
5619 0
5620 0
5621 0
5622 1
5623 6
5624 280
5625 234
5626 378
5627 299
5628 329
5629 361
5630 290
5631 284
5632 270
5633 238
5634 206
5635 112
5636 9
5637 10
5638 1
5639 0
5640 0
5641 0
5642 1
5643 0
5644 0
5645 0
5646 0
5647 4
5648 296
5649 279
5650 372
5651 352
5652 328
5653 342
5654 327
5655 287
5656 274
5657 255
5658 210
5659 129
5660 15
5661 6
5662 10
5663 4
5664 0
5665 1
5666 0
5667 0
5668 1
5669 0
5670 0
5671 0
5672 277
5673 191
5674 321
5675 319
5676 332
5677 216
5678 93
5679 73
5680 52
5681 41
5682 39
5683 53
5684 18
5685 3
5686 1
5687 1
5688 2
5689 1
5690 1
5691 1
5692 0
5693 1
5694 0
5695 0
5696 22
5697 28
5698 64
5699 75
5700 96
5701 66
5702 62
5703 61
5704 61
5705 33
5706 29
5707 18
5708 6
5709 2
5710 1
5711 0
5712 0
5713 0
5714 0
5715 0
5716 0
5717 0
5718 0
5719 3
5720 290
5721 235
5722 257
5723 283
5724 296
5725 293
5726 283
5727 278
5728 245
5729 210
5730 181
5731 96
5732 13
5733 7
5734 2
5735 1
5736 0
5737 1
5738 0
5739 0
5740 1
5741 0
5742 2
5743 4
5744 297
5745 267
5746 335
5747 347
5748 294
5749 374
5750 303
5751 267
5752 240
5753 218
5754 206
5755 115
5756 12
5757 5
5758 0
5759 0
5760 1
5761 0
5762 0
5763 0
5764 0
5765 0
5766 1
5767 3
5768 256
5769 239
5770 263
5771 272
5772 299
5773 285
5774 289
5775 232
5776 252
5777 237
5778 250
5779 117
5780 10
5781 7
5782 3
5783 1
5784 1
5785 0
5786 0
5787 1
5788 0
5789 0
5790 2
5791 4
5792 270
5793 255
5794 293
5795 350
5796 304
5797 356
5798 284
5799 284
5800 225
5801 231
5802 299
5803 92
5804 11
5805 7
5806 2
5807 1
5808 0
5809 0
5810 0
5811 1
5812 0
5813 0
5814 1
5815 5
5816 294
5817 260
5818 537
5819 529
5820 563
5821 507
5822 347
5823 306
5824 261
5825 256
5826 228
5827 96
5828 11
5829 5
5830 4
5831 4
5832 0
5833 0
5834 0
5835 0
5836 0
5837 0
5838 0
5839 1
5840 216
5841 200
5842 307
5843 324
5844 327
5845 198
5846 104
5847 68
5848 57
5849 40
5850 32
5851 46
5852 15
5853 4
5854 5
5855 2
5856 2
5857 3
5858 1
5859 0
5860 0
5861 0
5862 0
5863 1
5864 19
5865 25
5866 45
5867 97
5868 62
5869 75
5870 67
5871 56
5872 40
5873 27
5874 27
5875 8
5876 4
5877 0
5878 1
5879 0
5880 0
5881 0
5882 0
5883 0
5884 0
5885 0
5886 0
5887 4
5888 253
5889 271
5890 248
5891 255
5892 288
5893 319
5894 261
5895 245
5896 229
5897 174
5898 185
5899 97
5900 9
5901 9
5902 3
5903 2
5904 0
5905 0
5906 0
5907 2
5908 0
5909 0
5910 2
5911 6
5912 261
5913 289
5914 402
5915 311
5916 279
5917 355
5918 285
5919 296
5920 260
5921 231
5922 184
5923 98
5924 17
5925 7
5926 0
5927 25
5928 0
5929 0
5930 0
5931 0
5932 0
5933 0
5934 2
5935 7
5936 292
5937 270
5938 297
5939 290
5940 299
5941 300
5942 306
5943 287
5944 239
5945 222
5946 187
5947 142
5948 19
5949 14
5950 29
5951 32
5952 1
5953 0
5954 0
5955 0
5956 0
5957 0
5958 0
5959 4
5960 277
5961 237
5962 355
5963 330
5964 318
5965 339
5966 313
5967 309
5968 256
5969 247
5970 201
5971 107
5972 12
5973 8
5974 34
5975 17
5976 0
5977 0
5978 0
5979 0
5980 0
5981 0
5982 0
5983 4
5984 302
5985 238
5986 328
5987 329
5988 328
5989 399
5990 270
5991 340
5992 291
5993 244
5994 237
5995 122
5996 13
5997 5
5998 8
5999 3
6000 1
6001 1
6002 0
6003 0
6004 0
6005 0
6006 0
6007 0
6008 225
6009 224
6010 302
6011 325
6012 298
6013 223
6014 99
6015 68
6016 51
6017 34
6018 56
6019 52
6020 19
6021 5
6022 2
6023 3
6024 4
6025 1
6026 1
6027 0
6028 0
6029 0
6030 0
6031 0
6032 24
6033 25
6034 76
6035 87
6036 90
6037 61
6038 62
6039 63
6040 55
6041 24
6042 19
6043 15
6044 5
6045 3
6046 2
6047 1
6048 0
6049 0
6050 0
6051 0
6052 0
6053 0
6054 2
6055 6
6056 271
6057 236
6058 266
6059 278
6060 285
6061 300
6062 280
6063 293
6064 263
6065 199
6066 188
6067 113
6068 22
6069 15
6070 4
6071 1
6072 0
6073 1
6074 0
6075 0
6076 0
6077 1
6078 1
6079 7
6080 281
6081 235
6082 367
6083 298
6084 326
6085 361
6086 306
6087 287
6088 309
6089 244
6090 231
6091 104
6092 13
6093 14
6094 0
6095 2
6096 1
6097 0
6098 0
6099 2
6100 0
6101 0
6102 1
6103 3
6104 256
6105 239
6106 298
6107 272
6108 313
6109 346
6110 330
6111 274
6112 301
6113 245
6114 240
6115 108
6116 11
6117 7
6118 1
6119 1
6120 0
6121 0
6122 0
6123 1
6124 0
6125 0
6126 0
6127 6
6128 291
6129 257
6130 343
6131 375
6132 341
6133 334
6134 347
6135 293
6136 276
6137 287
6138 206
6139 111
6140 11
6141 7
6142 5
6143 2
6144 1
6145 1
6146 0
6147 2
6148 0
6149 0
6150 0
6151 5
6152 298
6153 262
6154 356
6155 405
6156 386
6157 385
6158 321
6159 293
6160 304
6161 281
6162 227
6163 128
6164 20
6165 7
6166 3
6167 3
6168 0
6169 0
6170 0
6171 0
6172 0
6173 0
6174 0
6175 1
6176 242
6177 228
6178 278
6179 355
6180 336
6181 204
6182 88
6183 76
6184 53
6185 27
6186 27
6187 40
6188 4
6189 3
6190 11
6191 3
6192 3
6193 4
6194 1
6195 0
6196 0
6197 1
6198 0
6199 0
6200 24
6201 22
6202 65
6203 83
6204 69
6205 74
6206 63
6207 59
6208 40
6209 46
6210 40
6211 18
6212 7
6213 6
6214 2
6215 1
6216 0
6217 0
6218 0
6219 1
6220 0
6221 0
6222 1
6223 4
6224 294
6225 254
6226 278
6227 292
6228 308
6229 349
6230 296
6231 296
6232 284
6233 265
6234 211
6235 91
6236 10
6237 5
6238 2
6239 15
6240 0
6241 0
6242 0
6243 0
6244 0
6245 0
6246 0
6247 7
6248 302
6249 257
6250 338
6251 341
6252 321
6253 377
6254 297
6255 270
6256 292
6257 241
6258 247
6259 106
6260 25
6261 6
6262 7
6263 15
6264 0
6265 0
6266 0
6267 0
6268 0
6269 1
6270 2
6271 4
6272 289
6273 263
6274 313
6275 304
6276 311
6277 370
6278 326
6279 308
6280 302
6281 227
6282 229
6283 110
6284 10
6285 12
6286 8
6287 30
6288 1
6289 0
6290 0
6291 1
6292 0
6293 0
6294 1
6295 5
6296 308
6297 301
6298 400
6299 364
6300 378
6301 424
6302 360
6303 342
6304 288
6305 274
6306 263
6307 104
6308 9
6309 8
6310 8
6311 1
6312 0
6313 0
6314 0
6315 1
6316 0
6317 0
6318 0
6319 5
6320 322
6321 328
6322 447
6323 411
6324 434
6325 369
6326 345
6327 315
6328 313
6329 269
6330 212
6331 120
6332 9
6333 7
6334 1
6335 4
6336 2
6337 2
6338 0
6339 0
6340 0
6341 0
6342 0
6343 0
6344 240
6345 214
6346 279
6347 336
6348 302
6349 190
6350 76
6351 68
6352 55
6353 36
6354 32
6355 44
6356 7
6357 3
6358 2
6359 3
6360 3
6361 0
6362 0
6363 0
6364 0
6365 0
6366 0
6367 1
6368 28
6369 37
6370 53
6371 72
6372 73
6373 65
6374 66
6375 64
6376 51
6377 22
6378 19
6379 11
6380 4
6381 2
6382 1
6383 0
6384 0
6385 0
6386 0
6387 1
6388 0
6389 0
6390 1
6391 8
6392 305
6393 254
6394 291
6395 248
6396 256
6397 317
6398 274
6399 253
6400 244
6401 234
6402 184
6403 108
6404 5
6405 4
6406 1
6407 2
6408 0
6409 0
6410 0
6411 1
6412 0
6413 0
6414 0
6415 5
6416 316
6417 292
6418 318
6419 346
6420 362
6421 407
6422 292
6423 270
6424 241
6425 239
6426 190
6427 108
6428 8
6429 5
6430 0
6431 0
6432 0
6433 0
6434 0
6435 1
6436 0
6437 0
6438 0
6439 7
6440 291
6441 246
6442 299
6443 277
6444 282
6445 326
6446 320
6447 288
6448 297
6449 259
6450 180
6451 112
6452 13
6453 9
6454 2
6455 3
6456 0
6457 1
6458 1
6459 0
6460 0
6461 0
6462 0
6463 10
6464 311
6465 302
6466 337
6467 319
6468 351
6469 355
6470 329
6471 286
6472 311
6473 261
6474 239
6475 121
6476 21
6477 6
6478 4
6479 3
6480 0
6481 0
6482 0
6483 1
6484 0
6485 0
6486 0
6487 7
6488 287
6489 260
6490 333
6491 326
6492 320
6493 378
6494 276
6495 295
6496 288
6497 236
6498 234
6499 121
6500 21
6501 10
6502 7
6503 6
6504 4
6505 2
6506 0
6507 1
6508 0
6509 0
6510 0
6511 0
6512 222
6513 236
6514 293
6515 291
6516 300
6517 169
6518 55
6519 43
6520 14
6521 16
6522 13
6523 38
6524 20
6525 10
6526 2
6527 3
6528 2
6529 1
6530 0
6531 0
6532 0
6533 0
6534 0
6535 1
6536 24
6537 16
6538 48
6539 102
6540 60
6541 70
6542 72
6543 62
6544 58
6545 22
6546 22
6547 23
6548 3
6549 3
6550 5
6551 1
6552 0
6553 2
6554 0
6555 0
6556 0
6557 0
6558 0
6559 0
6560 247
6561 239
6562 336
6563 387
6564 321
6565 198
6566 92
6567 46
6568 23
6569 16
6570 20
6571 46
6572 21
6573 9
6574 1
6575 5
6576 0
6577 3
6578 1
6579 0
6580 1
6581 1
6582 0
6583 1
6584 21
6585 14
6586 38
6587 81
6588 86
6589 78
6590 71
6591 61
6592 63
6593 26
6594 27
6595 16
6596 7
6597 12
6598 9
6599 2
6600 0
6601 2
6602 0
6603 0
6604 0
6605 0
6606 1
6607 12
6608 255
6609 275
6610 321
6611 349
6612 341
6613 417
6614 344
6615 424
6616 280
6617 273
6618 214
6619 106
6620 24
6621 11
6622 1
6623 1
6624 0
6625 1
6626 0
6627 0
6628 0
6629 1
6630 2
6631 14
6632 320
6633 335
6634 352
6635 425
6636 471
6637 525
6638 480
6639 449
6640 348
6641 329
6642 346
6643 182
6644 34
6645 19
6646 6
6647 1
6648 1
6649 2
6650 0
6651 0
6652 2
6653 1
6654 2
6655 17
6656 316
6657 357
6658 412
6659 434
6660 397
6661 505
6662 454
6663 425
6664 378
6665 348
6666 420
6667 190
6668 27
6669 16
6670 10
6671 6
6672 3
6673 4
6674 1
6675 0
6676 1
6677 0
6678 1
6679 12
6680 346
6681 524
6682 672
6683 474
6684 483
6685 653
6686 483
6687 447
6688 390
6689 305
6690 336
6691 155
6692 25
6693 15
6694 7
6695 7
6696 4
6697 6
6698 2
6699 0
6700 2
6701 1
6702 1
6703 8
6704 411
6705 516
6706 529
6707 520
6708 587
6709 604
6710 471
6711 526
6712 542
6713 383
6714 358
6715 204
6716 21
6717 22
6718 10
6719 5
6720 6
6721 5
6722 0
6723 0
6724 0
6725 0
6726 0
6727 3
6728 284
6729 290
6730 364
6731 431
6732 484
6733 282
6734 113
6735 118
6736 90
6737 38
6738 82
6739 68
6740 34
6741 16
6742 14
6743 11
6744 2
6745 9
6746 2
6747 1
6748 1
6749 1
6750 0
6751 2
6752 23
6753 37
6754 72
6755 90
6756 92
6757 88
6758 102
6759 89
6760 48
6761 34
6762 26
6763 22
6764 8
6765 6
6766 2
6767 3
6768 0
6769 3
6770 0
6771 1
6772 0
6773 0
6774 3
6775 8
6776 387
6777 469
6778 449
6779 448
6780 480
6781 497
6782 533
6783 514
6784 368
6785 336
6786 323
6787 161
6788 22
6789 7
6790 4
6791 3
6792 0
6793 6
6794 0
6795 1
6796 1
6797 1
6798 0
6799 6
6800 394
6801 428
6802 483
6803 545
6804 532
6805 586
6806 537
6807 449
6808 473
6809 309
6810 342
6811 205
6812 19
6813 6
6814 9
6815 2
6816 2
6817 7
6818 0
6819 0
6820 1
6821 1
6822 2
6823 6
6824 363
6825 351
6826 453
6827 478
6828 464
6829 499
6830 411
6831 457
6832 442
6833 398
6834 371
6835 227
6836 28
6837 8
6838 5
6839 3
6840 0
6841 4
6842 0
6843 1
6844 0
6845 2
6846 1
6847 9
6848 384
6849 448
6850 552
6851 572
6852 535
6853 567
6854 548
6855 435
6856 397
6857 337
6858 343
6859 194
6860 21
6861 14
6862 7
6863 6
6864 1
6865 8
6866 2
6867 1
6868 0
6869 1
6870 5
6871 9
6872 401
6873 443
6874 526
6875 528
6876 533
6877 576
6878 496
6879 429
6880 487
6881 435
6882 403
6883 215
6884 19
6885 10
6886 9
6887 10
6888 5
6889 8
6890 0
6891 1
6892 0
6893 2
6894 0
6895 1
6896 331
6897 335
6898 443
6899 479
6900 470
6901 348
6902 119
6903 95
6904 67
6905 44
6906 42
6907 51
6908 27
6909 13
6910 11
6911 10
6912 2
6913 8
6914 1
6915 1
6916 0
6917 1
6918 0
6919 0
6920 23
6921 23
6922 85
6923 110
6924 71
6925 84
6926 76
6927 87
6928 53
6929 41
6930 20
6931 13
6932 6
6933 5
6934 2
6935 3
6936 1
6937 6
6938 0
6939 1
6940 0
6941 0
6942 3
6943 11
6944 332
6945 408
6946 434
6947 421
6948 413
6949 455
6950 446
6951 420
6952 414
6953 331
6954 328
6955 139
6956 18
6957 8
6958 7
6959 2
6960 0
6961 8
6962 0
6963 0
6964 0
6965 0
6966 5
6967 7
6968 350
6969 410
6970 489
6971 503
6972 443
6973 516
6974 455
6975 423
6976 430
6977 381
6978 404
6979 197
6980 27
6981 11
6982 4
6983 0
6984 1
6985 9
6986 0
6987 0
6988 0
6989 1
6990 2
6991 12
6992 368
6993 392
6994 523
6995 451
6996 496
6997 511
6998 526
6999 449
7000 485
7001 368
7002 349
7003 202
7004 30
7005 11
7006 6
7007 7
7008 1
7009 8
7010 0
7011 0
7012 1
7013 3
7014 1
7015 5
7016 384
7017 401
7018 515
7019 605
7020 564
7021 545
7022 519
7023 436
7024 485
7025 424
7026 345
7027 198
7028 17
7029 24
7030 10
7031 4
7032 2
7033 7
7034 2
7035 1
7036 1
7037 1
7038 4
7039 7
7040 361
7041 402
7042 516
7043 509
7044 565
7045 612
7046 495
7047 457
7048 421
7049 413
7050 362
7051 220
7052 25
7053 20
7054 6
7055 2
7056 2
7057 10
7058 1
7059 0
7060 0
7061 0
7062 0
7063 0
7064 344
7065 329
7066 412
7067 535
7068 490
7069 294
7070 121
7071 96
7072 74
7073 34
7074 58
7075 68
7076 18
7077 15
7078 8
7079 5
7080 3
7081 12
7082 1
7083 0
7084 0
7085 1
7086 0
7087 0
7088 28
7089 41
7090 79
7091 105
7092 95
7093 95
7094 97
7095 79
7096 48
7097 29
7098 32
7099 16
7100 6
7101 4
7102 2
7103 5
7104 1
7105 9
7106 0
7107 0
7108 2
7109 2
7110 2
7111 8
7112 376
7113 409
7114 458
7115 377
7116 422
7117 456
7118 450
7119 401
7120 377
7121 325
7122 337
7123 153
7124 21
7125 13
7126 3
7127 1
7128 1
7129 10
7130 0
7131 1
7132 0
7133 0
7134 4
7135 8
7136 395
7137 430
7138 520
7139 500
7140 514
7141 555
7142 521
7143 426
7144 431
7145 318
7146 375
7147 165
7148 25
7149 13
7150 7
7151 4
7152 5
7153 9
7154 0
7155 0
7156 1
7157 1
7158 3
7159 11
7160 391
7161 399
7162 462
7163 454
7164 419
7165 574
7166 505
7167 399
7168 435
7169 346
7170 354
7171 182
7172 34
7173 13
7174 5
7175 4
7176 1
7177 9
7178 0
7179 0
7180 0
7181 0
7182 3
7183 8
7184 411
7185 396
7186 510
7187 518
7188 494
7189 515
7190 547
7191 433
7192 424
7193 327
7194 379
7195 219
7196 24
7197 13
7198 16
7199 4
7200 2
7201 9
7202 0
7203 1
7204 1
7205 1
7206 2
7207 11
7208 453
7209 504
7210 562
7211 607
7212 506
7213 573
7214 486
7215 453
7216 422
7217 395
7218 343
7219 210
7220 40
7221 22
7222 14
7223 7
7224 3
7225 9
7226 1
7227 1
7228 0
7229 0
7230 0
7231 1
7232 322
7233 297
7234 413
7235 474
7236 473
7237 327
7238 119
7239 100
7240 72
7241 40
7242 55
7243 54
7244 24
7245 17
7246 11
7247 4
7248 1
7249 14
7250 0
7251 0
7252 1
7253 1
7254 0
7255 1
7256 23
7257 20
7258 68
7259 91
7260 113
7261 101
7262 86
7263 86
7264 62
7265 36
7266 44
7267 19
7268 5
7269 5
7270 7
7271 3
7272 1
7273 14
7274 0
7275 0
7276 0
7277 0
7278 1
7279 6
7280 321
7281 311
7282 381
7283 395
7284 401
7285 441
7286 445
7287 452
7288 349
7289 310
7290 289
7291 141
7292 25
7293 9
7294 2
7295 6
7296 0
7297 14
7298 0
7299 0
7300 0
7301 0
7302 0
7303 0
7304 192
7305 124
7306 183
7307 242
7308 214
7309 255
7310 218
7311 226
7312 146
7313 159
7314 168
7315 97
7316 20
7317 11
7318 4
7319 5
7320 1
7321 14
7322 1
7323 0
7324 0
7325 1
7326 2
7327 10
7328 411
7329 396
7330 483
7331 428
7332 465
7333 524
7334 520
7335 422
7336 458
7337 385
7338 398
7339 210
7340 19
7341 9
7342 6
7343 5
7344 0
7345 11
7346 0
7347 0
7348 1
7349 1
7350 1
7351 11
7352 405
7353 410
7354 469
7355 507
7356 476
7357 546
7358 518
7359 422
7360 432
7361 377
7362 346
7363 174
7364 32
7365 19
7366 5
7367 6
7368 1
7369 12
7370 1
7371 0
7372 1
7373 0
7374 5
7375 11
7376 438
7377 446
7378 538
7379 527
7380 500
7381 580
7382 451
7383 466
7384 439
7385 388
7386 377
7387 178
7388 23
7389 16
7390 3
7391 3
7392 3
7393 18
7394 0
7395 0
7396 0
7397 1
7398 0
7399 4
7400 403
7401 379
7402 438
7403 490
7404 465
7405 287
7406 104
7407 92
7408 57
7409 42
7410 43
7411 68
7412 34
7413 15
7414 11
7415 7
7416 3
7417 13
7418 1
7419 2
7420 1
7421 1
7422 0
7423 1
7424 31
7425 38
7426 73
7427 100
7428 112
7429 84
7430 88
7431 62
7432 55
7433 36
7434 37
7435 20
7436 9
7437 10
7438 7
7439 4
7440 1
7441 14
7442 0
7443 0
7444 0
7445 0
7446 2
7447 7
7448 380
7449 422
7450 473
7451 391
7452 433
7453 511
7454 434
7455 412
7456 372
7457 337
7458 314
7459 162
7460 26
7461 6
7462 4
7463 3
7464 2
7465 16
7466 0
7467 0
7468 1
7469 0
7470 2
7471 8
7472 377
7473 351
7474 433
7475 517
7476 488
7477 537
7478 485
7479 458
7480 454
7481 344
7482 315
7483 188
7484 23
7485 8
7486 8
7487 3
7488 2
7489 15
7490 2
7491 0
7492 1
7493 0
7494 3
7495 9
7496 387
7497 417
7498 474
7499 455
7500 413
7501 469
7502 485
7503 392
7504 410
7505 326
7506 312
7507 182
7508 20
7509 17
7510 4
7511 3
7512 1
7513 13
7514 0
7515 0
7516 1
7517 1
7518 3
7519 9
7520 383
7521 373
7522 536
7523 485
7524 493
7525 558
7526 504
7527 436
7528 417
7529 374
7530 346
7531 173
7532 26
7533 20
7534 3
7535 1
7536 2
7537 15
7538 0
7539 2
7540 1
7541 0
7542 1
7543 11
7544 389
7545 435
7546 529
7547 442
7548 506
7549 588
7550 501
7551 462
7552 388
7553 365
7554 312
7555 186
7556 22
7557 16
7558 12
7559 8
7560 2
7561 12
7562 0
7563 0
7564 0
7565 1
7566 1
7567 2
7568 370
7569 330
7570 419
7571 438
7572 462
7573 319
7574 109
7575 97
7576 68
7577 34
7578 52
7579 74
7580 19
7581 8
7582 6
7583 2
7584 3
7585 14
7586 1
7587 0
7588 0
7589 1
7590 0
7591 1
7592 31
7593 38
7594 83
7595 104
7596 96
7597 89
7598 99
7599 85
7600 52
7601 43
7602 35
7603 17
7604 13
7605 4
7606 5
7607 4
7608 1
7609 16
7610 0
7611 1
7612 1
7613 0
7614 0
7615 8
7616 378
7617 398
7618 448
7619 419
7620 445
7621 500
7622 426
7623 404
7624 411
7625 340
7626 333
7627 191
7628 17
7629 15
7630 8
7631 2
7632 2
7633 13
7634 0
7635 0
7636 1
7637 0
7638 3
7639 6
7640 380
7641 408
7642 500
7643 470
7644 505
7645 551
7646 512
7647 398
7648 428
7649 359
7650 318
7651 150
7652 19
7653 14
7654 7
7655 3
7656 2
7657 13
7658 0
7659 1
7660 1
7661 2
7662 1
7663 7
7664 389
7665 366
7666 469
7667 460
7668 421
7669 501
7670 429
7671 423
7672 437
7673 392
7674 395
7675 200
7676 32
7677 20
7678 13
7679 4
7680 1
7681 13
7682 1
7683 1
7684 0
7685 1
7686 2
7687 15
7688 386
7689 360
7690 480
7691 534
7692 485
7693 549
7694 469
7695 413
7696 433
7697 341
7698 331
7699 172
7700 27
7701 15
7702 11
7703 4
7704 1
7705 14
7706 1
7707 1
7708 0
7709 0
7710 2
7711 8
7712 405
7713 419
7714 505
7715 435
7716 464
7717 576
7718 456
7719 413
7720 411
7721 396
7722 382
7723 197
7724 31
7725 12
7726 8
7727 5
7728 5
7729 19
7730 0
7731 1
7732 0
7733 1
7734 0
7735 3
7736 354
7737 292
7738 410
7739 427
7740 407
7741 317
7742 123
7743 111
7744 73
7745 52
7746 60
7747 71
7748 21
7749 12
7750 12
7751 4
7752 2
7753 16
7754 2
7755 0
7756 4
7757 1
7758 2
7759 0
7760 29
7761 38
7762 89
7763 93
7764 96
7765 88
7766 89
7767 73
7768 52
7769 39
7770 27
7771 28
7772 7
7773 4
7774 3
7775 5
7776 0
7777 13
7778 0
7779 1
7780 0
7781 0
7782 2
7783 6
7784 358
7785 346
7786 431
7787 391
7788 382
7789 503
7790 449
7791 397
7792 391
7793 325
7794 260
7795 153
7796 19
7797 22
7798 8
7799 5
7800 2
7801 14
7802 0
7803 1
7804 0
7805 0
7806 4
7807 13
7808 400
7809 384
7810 461
7811 475
7812 444
7813 545
7814 470
7815 441
7816 430
7817 331
7818 315
7819 171
7820 16
7821 12
7822 3
7823 5
7824 2
7825 12
7826 0
7827 0
7828 0
7829 0
7830 5
7831 9
7832 384
7833 394
7834 436
7835 415
7836 452
7837 532
7838 492
7839 409
7840 404
7841 363
7842 345
7843 231
7844 37
7845 16
7846 13
7847 5
7848 2
7849 15
7850 0
7851 0
7852 0
7853 0
7854 3
7855 9
7856 417
7857 388
7858 460
7859 457
7860 440
7861 509
7862 492
7863 459
7864 384
7865 363
7866 325
7867 171
7868 27
7869 19
7870 7
7871 5
7872 3
7873 14
7874 0
7875 1
7876 2
7877 0
7878 3
7879 10
7880 414
7881 428
7882 519
7883 519
7884 516
7885 586
7886 473
7887 408
7888 407
7889 369
7890 341
7891 203
7892 52
7893 8
7894 9
7895 3
7896 0
7897 16
7898 2
7899 0
7900 0
7901 0
7902 0
7903 2
7904 364
7905 323
7906 431
7907 437
7908 458
7909 301
7910 132
7911 90
7912 56
7913 41
7914 47
7915 70
7916 25
7917 6
7918 10
7919 3
7920 0
7921 17
7922 1
7923 1
7924 2
7925 2
7926 0
7927 0
7928 32
7929 31
7930 88
7931 119
7932 90
7933 92
7934 77
7935 68
7936 46
7937 43
7938 38
7939 23
7940 7
7941 10
7942 7
7943 4
7944 1
7945 13
7946 0
7947 0
7948 0
7949 0
7950 2
7951 8
7952 387
7953 386
7954 435
7955 402
7956 469
7957 510
7958 448
7959 437
7960 412
7961 336
7962 272
7963 153
7964 19
7965 6
7966 7
7967 2
7968 0
7969 17
7970 0
7971 0
7972 2
7973 0
7974 3
7975 7
7976 421
7977 390
7978 505
7979 507
7980 526
7981 598
7982 492
7983 459
7984 409
7985 365
7986 369
7987 193
7988 25
7989 14
7990 7
7991 6
7992 1
7993 16
7994 0
7995 1
7996 22
7997 9
7998 7
7999 32
8000 441
8001 447
8002 460
8003 422
8004 458
8005 513
8006 464
8007 438
8008 423
8009 357
8010 422
8011 227
8012 41
8013 19
8014 15
8015 2
8016 2
8017 16
8018 1
8019 1
8020 0
8021 0
8022 6
8023 9
8024 393
8025 393
8026 491
8027 511
8028 502
8029 583
8030 465
8031 421
8032 373
8033 346
8034 316
8035 208
8036 27
8037 19
8038 16
8039 3
8040 0
8041 15
8042 1
8043 1
8044 2
8045 0
8046 4
8047 11
8048 413
8049 413
8050 493
8051 517
8052 514
8053 583
8054 511
8055 440
8056 407
8057 406
8058 365
8059 159
8060 24
8061 19
8062 9
8063 8
8064 2
8065 15
8066 1
8067 0
8068 0
8069 1
8070 0
8071 2
8072 355
8073 322
8074 392
8075 451
8076 484
8077 292
8078 97
8079 99
8080 77
8081 43
8082 46
8083 54
8084 25
8085 12
8086 4
8087 5
8088 1
8089 18
8090 0
8091 0
8092 2
8093 3
8094 0
8095 1
8096 34
8097 48
8098 97
8099 105
8100 101
8101 93
8102 86
8103 87
8104 63
8105 46
8106 31
8107 23
8108 7
8109 4
8110 2
8111 6
8112 0
8113 15
8114 0
8115 1
8116 0
8117 1
8118 1
8119 5
8120 369
8121 400
8122 421
8123 376
8124 394
8125 488
8126 442
8127 383
8128 410
8129 361
8130 315
8131 144
8132 21
8133 11
8134 9
8135 6
8136 0
8137 16
8138 0
8139 0
8140 1
8141 0
8142 0
8143 12
8144 415
8145 417
8146 490
8147 508
8148 507
8149 538
8150 493
8151 425
8152 398
8153 318
8154 326
8155 174
8156 42
8157 17
8158 19
8159 3
8160 2
8161 14
8162 0
8163 0
8164 1
8165 1
8166 1
8167 12
8168 409
8169 398
8170 442
8171 448
8172 475
8173 548
8174 503
8175 440
8176 439
8177 338
8178 493
8179 256
8180 35
8181 27
8182 11
8183 8
8184 0
8185 12
8186 1
8187 2
8188 0
8189 1
8190 2
8191 10
8192 409
8193 404
8194 482
8195 504
8196 506
8197 579
8198 463
8199 450
8200 434
8201 385
8202 376
8203 175
8204 24
8205 12
8206 8
8207 3
8208 4
8209 13
8210 0
8211 1
8212 1
8213 1
8214 4
8215 11
8216 455
8217 407
8218 548
8219 529
8220 579
8221 586
8222 484
8223 452
8224 441
8225 388
8226 341
8227 216
8228 16
8229 13
8230 12
8231 7
8232 6
8233 15
8234 0
8235 1
8236 0
8237 0
8238 0
8239 2
8240 345
8241 330
8242 431
8243 498
8244 474
8245 305
8246 140
8247 116
8248 95
8249 51
8250 63
8251 75
8252 30
8253 9
8254 6
8255 0
8256 1
8257 13
8258 0
8259 1
8260 0
8261 1
8262 0
8263 1
8264 30
8265 26
8266 82
8267 110
8268 102
8269 92
8270 101
8271 73
8272 58
8273 44
8274 24
8275 18
8276 13
8277 12
8278 6
8279 5
8280 0
8281 12
8282 0
8283 1
8284 0
8285 0
8286 1
8287 8
8288 405
8289 416
8290 426
8291 408
8292 406
8293 493
8294 422
8295 384
8296 415
8297 362
8298 292
8299 143
8300 15
8301 8
8302 4
8303 4
8304 2
8305 12
8306 0
8307 0
8308 2
8309 1
8310 3
8311 8
8312 401
8313 389
8314 452
8315 459
8316 525
8317 538
8318 434
8319 463
8320 410
8321 380
8322 372
8323 197
8324 37
8325 21
8326 12
8327 1
8328 3
8329 12
8330 0
8331 1
8332 1
8333 1
8334 3
8335 9
8336 389
8337 385
8338 452
8339 417
8340 446
8341 503
8342 454
8343 433
8344 415
8345 393
8346 415
8347 255
8348 42
8349 17
8350 8
8351 7
8352 3
8353 11
8354 0
8355 0
8356 0
8357 1
8358 1
8359 14
8360 420
8361 403
8362 475
8363 498
8364 514
8365 572
8366 490
8367 448
8368 424
8369 358
8370 325
8371 182
8372 39
8373 18
8374 7
8375 3
8376 5
8377 13
8378 0
8379 1
8380 1
8381 2
8382 1
8383 6
8384 431
8385 432
8386 533
8387 527
8388 537
8389 562
8390 459
8391 451
8392 430
8393 369
8394 333
8395 208
8396 27
8397 15
8398 7
8399 12
8400 4
8401 9
8402 0
8403 1
8404 0
8405 0
8406 1
8407 5
8408 399
8409 336
8410 369
8411 469
8412 474
8413 266
8414 135
8415 105
8416 73
8417 43
8418 50
8419 60
8420 30
8421 9
8422 9
8423 6
8424 2
8425 9
8426 0
8427 0
8428 0
8429 3
8430 0
8431 0
8432 39
8433 51
8434 95
8435 115
8436 84
8437 96
8438 88
8439 88
8440 59
8441 29
8442 28
8443 23
8444 7
8445 5
8446 6
8447 3
8448 1
8449 12
8450 1
8451 1
8452 1
8453 1
8454 3
8455 34
8456 433
8457 473
8458 507
8459 490
8460 465
8461 610
8462 485
8463 492
8464 402
8465 374
8466 344
8467 171
8468 22
8469 8
8470 4
8471 3
8472 1
8473 9
8474 0
8475 0
8476 0
8477 0
8478 11
8479 15
8480 411
8481 425
8482 515
8483 524
8484 583
8485 631
8486 504
8487 494
8488 453
8489 340
8490 362
8491 155
8492 16
8493 9
8494 9
8495 2
8496 3
8497 10
8498 0
8499 0
8500 1
8501 1
8502 1
8503 10
8504 402
8505 442
8506 478
8507 511
8508 495
8509 562
8510 474
8511 431
8512 447
8513 389
8514 436
8515 242
8516 32
8517 25
8518 12
8519 2
8520 3
8521 13
8522 0
8523 1
8524 0
8525 0
8526 1
8527 7
8528 459
8529 433
8530 532
8531 593
8532 532
8533 573
8534 533
8535 374
8536 410
8537 362
8538 348
8539 205
8540 30
8541 15
8542 16
8543 5
8544 3
8545 9
8546 2
8547 0
8548 1
8549 1
8550 2
8551 8
8552 601
8553 514
8554 527
8555 569
8556 595
8557 566
8558 503
8559 453
8560 439
8561 348
8562 261
8563 168
8564 25
8565 11
8566 12
8567 9
8568 3
8569 10
8570 0
8571 1
8572 0
8573 0
8574 0
8575 2
8576 590
8577 347
8578 422
8579 432
8580 391
8581 248
8582 94
8583 64
8584 48
8585 32
8586 30
8587 24
8588 10
8589 4
8590 3
8591 4
8592 3
8593 14
8594 0
8595 0
8596 0
8597 7
8598 0
8599 0
8600 14
8601 1
8602 3
8603 16
8604 25
8605 7
8606 10
8607 3
8608 6
8609 8
8610 5
8611 9
8612 2
8613 3
8614 2
8615 1
8616 1
8617 9
8618 0
8619 0
8620 1
8621 1
8622 2
8623 0
8624 146
8625 77
8626 150
8627 159
8628 175
8629 162
8630 146
8631 136
8632 126
8633 110
8634 144
8635 92
8636 16
8637 10
8638 5
8639 2
8640 1
8641 9
8642 0
8643 0
8644 0
8645 0
8646 0
8647 2
8648 157
8649 90
8650 134
8651 182
8652 179
8653 212
8654 180
8655 137
8656 132
8657 151
8658 151
8659 115
8660 21
8661 5
8662 4
8663 2
8664 0
8665 10
8666 0
8667 0
8668 0
8669 2
8670 2
8671 0
8672 231
8673 184
8674 213
8675 269
8676 314
8677 333
8678 303
8679 257
8680 261
8681 231
8682 235
8683 144
8684 20
8685 14
8686 8
8687 3
8688 0
8689 10
8690 0
8691 0
8692 0
8693 1
8694 0
8695 1
8696 237
8697 197
8698 263
8699 321
8700 374
8701 427
8702 334
8703 307
8704 286
8705 261
8706 249
8707 118
8708 14
8709 8
8710 6
8711 0
8712 0
8713 11
8714 0
8715 2
8716 0
8717 0
8718 0
8719 2
8720 237
8721 232
8722 316
8723 347
8724 407
8725 417
8726 357
8727 300
8728 283
8729 248
8730 209
8731 111
8732 15
8733 5
8734 5
8735 3
8736 0
8737 8
8738 0
8739 1
8740 0
8741 0
8742 0
8743 2
8744 248
8745 223
8746 274
8747 332
8748 345
8749 214
8750 78
8751 57
8752 34
8753 19
8754 31
8755 29
8756 11
8757 13
8758 4
8759 1
8760 1
