1 4
2 0
3 1
4 1
5 2
6 1
7 0
8 17
9 16
10 21
11 35
12 33
13 39
14 40
15 29
16 29
17 26
18 26
19 15
20 2
21 1
22 1
23 1
24 1
25 3
26 1
27 0
28 2
29 1
30 0
31 1
32 35
33 30
34 61
35 64
36 58
37 72
38 55
39 62
40 84
41 59
42 42
43 53
44 57
45 8
46 1
47 1
48 1
49 1
50 0
51 0
52 0
53 1
54 2
55 4
56 70
57 74
58 104
59 118
60 91
61 108
62 107
63 119
64 107
65 72
66 90
67 92
68 64
69 4
70 1
71 5
72 1
73 2
74 1
75 2
76 1
77 3
78 2
79 5
80 83
81 95
82 110
83 113
84 116
85 117
86 103
87 116
88 105
89 102
90 101
91 105
92 84
93 10
94 4
95 2
96 1
97 2
98 1
99 0
100 0
101 3
102 5
103 7
104 56
105 69
106 125
107 115
108 135
109 122
110 105
111 120
112 110
113 86
114 86
115 90
116 88
117 21
118 4
119 4
120 1
121 4
122 1
123 0
124 2
125 0
126 3
127 5
128 81
129 110
130 152
131 146
132 130
133 131
134 115
135 140
136 139
137 92
138 99
139 115
140 73
141 20
142 3
143 5
144 1
145 2
146 0
147 3
148 0
149 0
150 1
151 0
152 40
153 64
154 90
155 83
156 91
157 98
158 108
159 135
160 107
161 89
162 119
163 82
164 70
165 16
166 0
167 2
168 4
169 5
170 4
171 0
172 0
173 0
174 0
175 0
176 21
177 33
178 50
179 63
180 62
181 84
182 72
183 67
184 56
185 49
186 51
187 21
188 1
189 2
190 2
191 1
192 2
193 1
194 0
195 1
196 2
197 1
198 2
199 4
200 82
201 111
202 117
203 112
204 119
205 129
206 119
207 121
208 138
209 124
210 120
211 119
212 79
213 13
214 0
215 3
216 2
217 2
218 0
219 1
220 0
221 1
222 4
223 5
224 72
225 103
226 131
227 144
228 113
229 130
230 119
231 144
232 134
233 105
234 99
235 101
236 96
237 19
238 1
239 1
240 2
241 0
242 2
243 1
244 0
245 1
246 1
247 6
248 87
249 94
250 140
251 123
252 123
253 116
254 129
255 114
256 148
257 113
258 96
259 121
260 81
261 19
262 3
263 1
264 2
265 2
266 1
267 0
268 0
269 1
270 2
271 7
272 87
273 109
274 146
275 106
276 110
277 119
278 118
279 137
280 146
281 96
282 116
283 131
284 86
285 21
286 2
287 0
288 6
289 1
290 2
291 1
292 0
293 2
294 4
295 10
296 92
297 102
298 111
299 116
300 122
301 122
302 121
303 123
304 125
305 107
306 93
307 130
308 98
309 14
310 4
311 6
312 1
313 5
314 2
315 3
316 3
317 1
318 1
319 1
320 49
321 78
322 104
323 124
324 103
325 103
326 93
327 100
328 108
329 99
330 87
331 113
332 76
333 20
334 4
335 4
336 3
337 5
338 0
339 1
340 0
341 0
342 0
343 0
344 33
345 52
346 60
347 62
348 64
349 69
350 69
351 48
352 53
353 72
354 51
355 28
356 4
357 1
358 2
359 1
360 3
361 1
362 0
363 0
364 0
365 0
366 2
367 6
368 104
369 105
370 130
371 124
372 123
373 141
374 136
375 149
376 155
377 98
378 125
379 132
380 91
381 25
382 2
383 1
384 2
385 2
386 1
387 0
388 0
389 2
390 0
391 6
392 91
393 96
394 142
395 131
396 149
397 159
398 128
399 157
400 142
401 98
402 102
403 120
404 73
405 9
406 2
407 1
408 3
409 3
410 3
411 2
412 0
413 2
414 1
415 5
416 90
417 93
418 164
419 147
420 140
421 120
422 114
423 131
424 144
425 106
426 112
427 109
428 79
429 15
430 3
431 1
432 5
433 2
434 2
435 2
436 0
437 0
438 1
439 5
440 88
441 85
442 129
443 149
444 131
445 140
446 135
447 167
448 123
449 95
450 92
451 108
452 89
453 20
454 1
455 2
456 1
457 1
458 1
459 1
460 2
461 1
462 1
463 8
464 93
465 99
466 119
467 123
468 109
469 129
470 143
471 122
472 159
473 90
474 104
475 97
476 87
477 19
478 2
479 2
480 3
481 3
482 1
483 1
484 2
485 2
486 1
487 0
488 72
489 61
490 69
491 78
492 109
493 106
494 96
495 103
496 97
497 97
498 98
499 83
500 91
501 16
502 1
503 4
504 5
505 6
506 5
507 1
508 2
509 0
510 0
511 0
512 24
513 25
514 41
515 49
516 52
517 55
518 52
519 40
520 55
521 33
522 37
523 17
524 2
525 2
526 1
527 2
528 3
529 2
530 0
531 1
532 0
533 3
534 3
535 7
536 86
537 93
538 129
539 136
540 116
541 113
542 119
543 159
544 108
545 100
546 86
547 90
548 90
549 17
550 0
551 1
552 1
553 1
554 1
555 0
556 0
557 1
558 0
559 3
560 87
561 94
562 112
563 130
564 138
565 110
566 117
567 114
568 130
569 106
570 86
571 89
572 71
573 21
574 2
575 2
576 2
577 2
578 0
579 0
580 0
581 2
582 2
583 13
584 86
585 95
586 110
587 110
588 114
589 125
590 127
591 117
592 112
593 104
594 83
595 110
596 96
597 21
598 3
599 6
600 4
601 4
602 1
603 1
604 0
605 0
606 2
607 2
608 42
609 20
610 58
611 78
612 55
613 63
614 73
615 73
616 56
617 34
618 28
619 70
620 90
621 26
622 5
623 5
624 1
625 1
626 1
627 4
628 1
629 2
630 0
631 7
632 75
633 80
634 124
635 121
636 119
637 111
638 129
639 133
640 146
641 101
642 94
643 95
644 102
645 14
646 2
647 4
648 3
649 3
650 7
651 4
652 4
653 0
654 0
655 2
656 40
657 51
658 85
659 100
660 119
661 93
662 108
663 99
664 108
665 94
666 89
667 87
668 84
669 10
670 4
671 3
672 0
673 4
674 3
675 0
676 4
677 1
678 1
679 1
680 15
681 8
682 29
683 41
684 43
685 51
686 39
687 54
688 51
689 41
690 25
691 15
692 2
693 0
694 1
695 0
696 4
697 1
698 3
699 0
700 2
701 2
702 1
703 12
704 86
705 89
706 130
707 120
708 119
709 126
710 110
711 127
712 101
713 90
714 83
715 109
716 103
717 8
718 3
719 0
720 2
721 1
722 0
723 2
724 0
725 1
726 1
727 4
728 94
729 91
730 109
731 117
732 120
733 119
734 111
735 93
736 103
737 103
738 111
739 101
740 75
741 18
742 0
743 1
744 0
745 2
746 2
747 0
748 1
749 0
750 2
751 5
752 89
753 102
754 100
755 123
756 115
757 86
758 90
759 114
760 135
761 92
762 97
763 115
764 86
765 19
766 2
767 1
768 2
769 1
770 3
771 1
772 1
773 0
774 4
775 5
776 93
777 93
778 116
779 94
780 120
781 109
782 105
783 121
784 96
785 85
786 101
787 108
788 84
789 18
790 13
791 3
792 1
793 2
794 1
795 3
796 0
797 2
798 3
799 4
800 96
801 79
802 113
803 79
804 114
805 125
806 102
807 126
808 110
809 112
810 105
811 78
812 82
813 21
814 4
815 4
816 4
817 4
818 2
819 0
820 2
821 0
822 0
823 1
824 55
825 49
826 76
827 89
828 90
829 81
830 73
831 76
832 71
833 74
834 74
835 83
836 71
837 14
838 5
839 2
840 2
841 2
842 3
843 2
844 4
845 2
846 2
847 0
848 20
849 27
850 25
851 50
852 43
853 52
854 54
855 51
856 50
857 48
858 47
859 21
860 4
861 0
862 2
863 0
864 1
865 1
866 2
867 0
868 2
869 1
870 2
871 6
872 95
873 85
874 147
875 116
876 98
877 103
878 91
879 103
880 112
881 94
882 94
883 124
884 100
885 9
886 1
887 2
888 2
889 3
890 0
891 0
892 2
893 0
894 1
895 5
896 88
897 79
898 118
899 93
900 118
901 102
902 98
903 100
904 111
905 83
906 108
907 92
908 52
909 18
910 2
911 5
912 3
913 2
914 0
915 1
916 0
917 0
918 1
919 4
920 88
921 73
922 129
923 136
924 119
925 97
926 92
927 97
928 109
929 77
930 86
931 112
932 63
933 10
934 5
935 3
936 1
937 2
938 1
939 0
940 1
941 2
942 1
943 7
944 90
945 81
946 112
947 94
948 101
949 97
950 94
951 106
952 78
953 96
954 99
955 72
956 74
957 18
958 8
959 5
960 3
961 3
962 1
963 2
964 1
965 2
966 0
967 5
968 87
969 66
970 108
971 74
972 89
973 95
974 89
975 96
976 94
977 85
978 92
979 80
980 65
981 13
982 3
983 5
984 0
985 4
986 1
987 1
988 4
989 0
990 0
991 4
992 53
993 50
994 84
995 97
996 101
997 106
998 79
999 70
1000 88
1001 88
1002 97
1003 96
1004 59
1005 8
1006 2
1007 2
1008 0
1009 3
1010 0
1011 0
1012 3
1013 1
1014 3
1015 2
1016 15
1017 18
1018 31
1019 46
1020 54
1021 58
1022 53
1023 41
1024 55
1025 40
1026 47
1027 19
1028 5
1029 4
1030 0
1031 0
1032 1
1033 3
1034 0
1035 0
1036 2
1037 1
1038 2
1039 11
1040 76
1041 91
1042 121
1043 82
1044 84
1045 97
1046 88
1047 92
1048 87
1049 92
1050 98
1051 95
1052 69
1053 8
1054 4
1055 1
1056 1
1057 2
1058 0
1059 3
1060 1
1061 1
1062 1
1063 6
1064 90
1065 87
1066 136
1067 108
1068 96
1069 108
1070 86
1071 83
1072 113
1073 86
1074 96
1075 111
1076 73
1077 11
1078 3
1079 2
1080 0
1081 2
1082 0
1083 1
1084 1
1085 0
1086 4
1087 5
1088 101
1089 110
1090 115
1091 109
1092 100
1093 113
1094 83
1095 104
1096 96
1097 83
1098 103
1099 78
1100 56
1101 13
1102 4
1103 2
1104 0
1105 2
1106 1
1107 1
1108 2
1109 2
1110 1
1111 3
1112 85
1113 97
1114 108
1115 81
1116 93
1117 87
1118 80
1119 107
1120 96
1121 90
1122 83
1123 99
1124 71
1125 11
1126 8
1127 2
1128 6
1129 3
1130 2
1131 3
1132 1
1133 0
1134 3
1135 8
1136 101
1137 73
1138 106
1139 89
1140 97
1141 72
1142 94
1143 89
1144 84
1145 94
1146 72
1147 82
1148 53
1149 9
1150 2
1151 7
1152 5
1153 4
1154 0
1155 0
1156 2
1157 1
1158 1
1159 0
1160 53
1161 40
1162 68
1163 65
1164 70
1165 83
1166 63
1167 75
1168 68
1169 77
1170 66
1171 76
1172 53
1173 10
1174 2
1175 1
1176 5
1177 3
1178 6
1179 1
1180 1
1181 1
1182 4
1183 0
1184 18
1185 16
1186 13
1187 47
1188 53
1189 42
1190 40
1191 39
1192 48
1193 45
1194 39
1195 21
1196 0
1197 0
1198 3
1199 0
1200 3
1201 1
1202 1
1203 0
1204 0
1205 0
1206 1
1207 8
1208 86
1209 72
1210 99
1211 102
1212 92
1213 96
1214 90
1215 87
1216 99
1217 80
1218 95
1219 72
1220 58
1221 8
1222 3
1223 4
1224 1
1225 2
1226 0
1227 0
1228 0
1229 0
1230 2
1231 6
1232 87
1233 78
1234 106
1235 75
1236 77
1237 75
1238 76
1239 79
1240 93
1241 79
1242 97
1243 75
1244 59
1245 8
1246 0
1247 2
1248 1
1249 0
1250 3
1251 2
1252 1
1253 0
1254 2
1255 6
1256 79
1257 74
1258 110
1259 76
1260 81
1261 77
1262 89
1263 86
1264 96
1265 78
1266 90
1267 80
1268 58
1269 11
1270 2
1271 1
1272 3
1273 3
1274 0
1275 1
1276 1
1277 4
1278 2
1279 8
1280 93
1281 89
1282 103
1283 95
1284 101
1285 91
1286 93
1287 89
1288 108
1289 90
1290 86
1291 88
1292 73
1293 17
1294 5
1295 8
1296 3
1297 2
1298 0
1299 1
1300 1
1301 1
1302 2
1303 7
1304 93
1305 85
1306 96
1307 94
1308 114
1309 80
1310 108
1311 108
1312 105
1313 95
1314 111
1315 82
1316 73
1317 13
1318 6
1319 3
1320 6
1321 2
1322 0
1323 0
1324 3
1325 1
1326 0
1327 1
1328 41
1329 56
1330 87
1331 78
1332 93
1333 82
1334 86
1335 80
1336 73
1337 86
1338 85
1339 91
1340 79
1341 17
1342 1
1343 0
1344 1
1345 7
1346 2
1347 4
1348 0
1349 1
1350 0
1351 1
1352 24
1353 25
1354 42
1355 47
1356 47
1357 58
1358 46
1359 40
1360 46
1361 42
1362 37
1363 27
1364 1
1365 0
1366 5
1367 2
1368 1
1369 0
1370 0
1371 1
1372 2
1373 0
1374 3
1375 6
1376 88
1377 71
1378 122
1379 117
1380 108
1381 95
1382 99
1383 97
1384 111
1385 98
1386 80
1387 74
1388 63
1389 14
1390 3
1391 2
1392 0
1393 1
1394 0
1395 1
1396 1
1397 1
1398 3
1399 9
1400 97
1401 91
1402 88
1403 83
1404 79
1405 75
1406 71
1407 96
1408 111
1409 96
1410 81
1411 91
1412 53
1413 8
1414 6
1415 7
1416 3
1417 3
1418 1
1419 1
1420 1
1421 2
1422 6
1423 9
1424 95
1425 81
1426 109
1427 90
1428 113
1429 98
1430 111
1431 119
1432 109
1433 88
1434 76
1435 82
1436 80
1437 9
1438 5
1439 6
1440 3
1441 3
1442 3
1443 0
1444 5
1445 3
1446 4
1447 9
1448 106
1449 80
1450 129
1451 99
1452 108
1453 128
1454 114
1455 130
1456 123
1457 100
1458 111
1459 95
1460 64
1461 9
1462 4
1463 9
1464 4
1465 9
1466 9
1467 6
1468 5
1469 1
1470 1
1471 4
1472 57
1473 48
1474 64
1475 92
1476 76
1477 67
1478 91
1479 70
1480 89
1481 72
1482 68
1483 78
1484 61
1485 9
1486 4
1487 5
1488 0
1489 4
1490 0
1491 1
1492 4
1493 7
1494 5
1495 3
1496 22
1497 20
1498 43
1499 48
1500 37
1501 45
1502 54
1503 46
1504 54
1505 57
1506 35
1507 16
1508 0
1509 7
1510 4
1511 0
1512 1
1513 2
1514 1
1515 0
1516 1
1517 2
1518 1
1519 6
1520 93
1521 75
1522 133
1523 79
1524 103
1525 94
1526 92
1527 101
1528 101
1529 102
1530 90
1531 107
1532 71
1533 5
1534 4
1535 4
1536 1
1537 1
1538 2
1539 1
1540 3
1541 5
1542 4
1543 9
1544 100
1545 84
1546 125
1547 89
1548 102
1549 82
1550 109
1551 95
1552 116
1553 85
1554 101
1555 89
1556 67
1557 13
1558 4
1559 2
1560 1
1561 1
1562 1
1563 0
1564 0
1565 2
1566 6
1567 5
1568 88
1569 97
1570 115
1571 101
1572 98
1573 112
1574 78
1575 111
1576 116
1577 88
1578 96
1579 105
1580 74
1581 9
1582 4
1583 3
1584 5
1585 6
1586 3
1587 2
1588 2
1589 3
1590 4
1591 4
1592 92
1593 66
1594 120
1595 114
1596 116
1597 110
1598 102
1599 106
1600 115
1601 106
1602 93
1603 106
1604 89
1605 18
1606 3
1607 5
1608 3
1609 2
1610 1
1611 0
1612 0
1613 0
1614 5
1615 3
1616 94
1617 89
1618 121
1619 100
1620 101
1621 106
1622 103
1623 101
1624 118
1625 95
1626 93
1627 103
1628 85
1629 13
1630 5
1631 3
1632 2
1633 5
1634 1
1635 3
1636 4
1637 4
1638 2
1639 3
1640 39
1641 45
1642 69
1643 92
1644 98
1645 94
1646 104
1647 79
1648 89
1649 87
1650 76
1651 94
1652 79
1653 10
1654 3
1655 5
1656 4
1657 8
1658 8
1659 3
1660 0
1661 5
1662 2
1663 3
1664 15
1665 13
1666 24
1667 54
1668 52
1669 59
1670 47
1671 52
1672 67
1673 54
1674 51
1675 36
1676 4
1677 2
1678 1
1679 1
1680 3
1681 8
1682 5
1683 5
1684 1
1685 1
1686 2
1687 3
1688 58
1689 29
1690 30
1691 19
1692 15
1693 30
1694 18
1695 28
1696 38
1697 49
1698 46
1699 52
1700 57
1701 7
1702 2
1703 3
1704 1
1705 1
1706 0
1707 0
1708 0
1709 2
1710 1
1711 4
1712 86
1713 76
1714 133
1715 129
1716 98
1717 96
1718 84
1719 119
1720 109
1721 96
1722 82
1723 103
1724 76
1725 6
1726 2
1727 2
1728 1
1729 1
1730 0
1731 0
1732 0
1733 1
1734 5
1735 1
1736 83
1737 96
1738 104
1739 121
1740 98
1741 103
1742 112
1743 108
1744 106
1745 123
1746 92
1747 112
1748 69
1749 9
1750 3
1751 4
1752 6
1753 3
1754 0
1755 1
1756 1
1757 2
1758 2
1759 4
1760 90
1761 81
1762 143
1763 94
1764 97
1765 106
1766 98
1767 101
1768 106
1769 87
1770 102
1771 90
1772 78
1773 10
1774 4
1775 4
1776 0
1777 1
1778 0
1779 0
1780 1
1781 4
1782 5
1783 5
1784 91
1785 88
1786 98
1787 107
1788 110
1789 97
1790 95
1791 97
1792 108
1793 101
1794 82
1795 83
1796 65
1797 11
1798 2
1799 5
1800 1
1801 5
1802 1
1803 3
1804 5
1805 1
1806 1
1807 4
1808 52
1809 63
1810 91
1811 83
1812 96
1813 94
1814 89
1815 89
1816 77
1817 76
1818 69
1819 87
1820 68
1821 9
1822 5
1823 1
1824 3
1825 5
1826 1
1827 1
1828 3
1829 3
1830 2
1831 1
1832 21
1833 20
1834 39
1835 53
1836 62
1837 48
1838 49
1839 46
1840 46
1841 40
1842 41
1843 21
1844 2
1845 1
1846 2
1847 2
1848 1
1849 0
1850 1
1851 0
1852 0
1853 4
1854 5
1855 7
1856 86
1857 86
1858 128
1859 102
1860 110
1861 124
1862 105
1863 113
1864 104
1865 86
1866 105
1867 94
1868 82
1869 5
1870 3
1871 0
1872 1
1873 0
1874 0
1875 1
1876 0
1877 1
1878 4
1879 1
1880 84
1881 89
1882 118
1883 100
1884 105
1885 116
1886 98
1887 112
1888 102
1889 112
1890 96
1891 91
1892 78
1893 10
1894 3
1895 3
1896 1
1897 2
1898 0
1899 0
1900 0
1901 2
1902 6
1903 6
1904 94
1905 78
1906 114
1907 122
1908 104
1909 97
1910 94
1911 112
1912 108
1913 115
1914 98
1915 102
1916 64
1917 12
1918 2
1919 5
1920 1
1921 3
1922 0
1923 1
1924 1
1925 1
1926 3
1927 4
1928 99
1929 84
1930 112
1931 99
1932 100
1933 101
1934 102
1935 95
1936 112
1937 79
1938 91
1939 84
1940 68
1941 9
1942 4
1943 4
1944 2
1945 0
1946 1
1947 0
1948 2
1949 3
1950 0
1951 4
1952 90
1953 90
1954 115
1955 101
1956 119
1957 118
1958 85
1959 112
1960 111
1961 105
1962 71
1963 107
1964 65
1965 6
1966 3
1967 1
1968 6
1969 5
1970 6
1971 7
1972 6
1973 0
1974 1
1975 0
1976 51
1977 53
1978 61
1979 94
1980 91
1981 103
1982 80
1983 84
1984 81
1985 85
1986 50
1987 99
1988 56
1989 7
1990 1
1991 1
1992 4
1993 8
1994 4
1995 3
1996 2
1997 1
1998 0
1999 0
2000 21
2001 23
2002 45
2003 45
2004 40
2005 50
2006 27
2007 45
2008 46
2009 42
2010 36
2011 22
2012 0
2013 0
2014 1
2015 0
2016 1
2017 1
2018 0
2019 0
2020 0
2021 0
2022 1
2023 3
2024 85
2025 80
2026 124
2027 92
2028 85
2029 110
2030 99
2031 91
2032 107
2033 95
2034 83
2035 89
2036 55
2037 8
2038 0
2039 1
2040 0
2041 0
2042 1
2043 0
2044 0
2045 1
2046 0
2047 2
2048 88
2049 68
2050 113
2051 102
2052 108
2053 80
2054 95
2055 116
2056 119
2057 99
2058 94
2059 111
2060 61
2061 5
2062 1
2063 1
2064 0
2065 0
2066 1
2067 0
2068 0
2069 2
2070 1
2071 2
2072 86
2073 77
2074 116
2075 112
2076 120
2077 97
2078 100
2079 106
2080 113
2081 75
2082 96
2083 82
2084 74
2085 11
2086 2
2087 2
2088 1
2089 2
2090 0
2091 0
2092 0
2093 0
2094 1
2095 4
2096 82
2097 70
2098 102
2099 103
2100 127
2101 86
2102 98
2103 97
2104 119
2105 88
2106 72
2107 77
2108 58
2109 12
2110 2
2111 0
2112 0
2113 2
2114 1
2115 0
2116 0
2117 2
2118 0
2119 7
2120 86
2121 100
2122 101
2123 86
2124 129
2125 114
2126 113
2127 128
2128 123
2129 78
2130 71
2131 75
2132 68
2133 7
2134 2
2135 2
2136 1
2137 3
2138 0
2139 0
2140 1
2141 0
2142 1
2143 5
2144 44
2145 54
2146 76
2147 84
2148 78
2149 76
2150 85
2151 80
2152 77
2153 72
2154 68
2155 81
2156 66
2157 8
2158 2
2159 0
2160 0
2161 2
2162 0
2163 0
2164 2
2165 0
2166 2
2167 1
2168 19
2169 30
2170 39
2171 40
2172 35
2173 44
2174 37
2175 52
2176 47
2177 46
2178 48
2179 34
2180 18
2181 8
2182 6
2183 0
2184 0
2185 1
2186 0
2187 0
2188 0
2189 0
2190 1
2191 3
2192 79
2193 85
2194 127
2195 101
2196 107
2197 109
2198 108
2199 118
2200 124
2201 85
2202 88
2203 79
2204 73
2205 4
2206 1
2207 1
2208 1
2209 1
2210 2
2211 0
2212 1
2213 0
2214 1
2215 4
2216 86
2217 103
2218 139
2219 96
2220 108
2221 106
2222 114
2223 100
2224 111
2225 99
2226 95
2227 92
2228 57
2229 16
2230 2
2231 1
2232 0
2233 2
2234 0
2235 0
2236 0
2237 0
2238 2
2239 4
2240 102
2241 95
2242 103
2243 114
2244 123
2245 104
2246 118
2247 121
2248 125
2249 120
2250 83
2251 113
2252 79
2253 13
2254 5
2255 5
2256 1
2257 5
2258 0
2259 0
2260 0
2261 2
2262 1
2263 1
2264 92
2265 90
2266 116
2267 101
2268 120
2269 121
2270 137
2271 110
2272 93
2273 102
2274 83
2275 91
2276 64
2277 7
2278 1
2279 3
2280 2
2281 3
2282 1
2283 1
2284 1
2285 2
2286 0
2287 3
2288 42
2289 24
2290 37
2291 40
2292 50
2293 47
2294 58
2295 52
2296 41
2297 16
2298 36
2299 44
2300 63
2301 5
2302 4
2303 2
2304 0
2305 4
2306 4
2307 3
2308 1
2309 0
2310 1
2311 0
2312 42
2313 22
2314 61
2315 57
2316 76
2317 66
2318 71
2319 71
2320 68
2321 56
2322 54
2323 70
2324 67
2325 9
2326 0
2327 1
2328 2
2329 8
2330 0
2331 0
2332 2
2333 2
2334 1
2335 1
2336 23
2337 21
2338 18
2339 31
2340 38
2341 52
2342 39
2343 41
2344 39
2345 44
2346 47
2347 19
2348 0
2349 3
2350 1
2351 3
2352 0
2353 3
2354 0
2355 1
2356 1
2357 0
2358 1
2359 1
2360 44
2361 25
2362 50
2363 38
2364 33
2365 38
2366 38
2367 36
2368 53
2369 47
2370 42
2371 50
2372 50
2373 5
2374 1
2375 0
2376 0
2377 1
2378 0
2379 0
2380 0
2381 2
2382 0
2383 1
2384 82
2385 98
2386 123
2387 121
2388 94
2389 93
2390 111
2391 119
2392 122
2393 87
2394 106
2395 111
2396 86
2397 13
2398 1
2399 3
2400 0
2401 2
2402 1
2403 0
2404 0
2405 0
2406 2
2407 0
2408 88
2409 81
2410 120
2411 110
2412 107
2413 120
2414 104
2415 109
2416 101
2417 97
2418 114
2419 109
2420 79
2421 7
2422 0
2423 2
2424 1
2425 2
2426 0
2427 0
2428 0
2429 2
2430 1
2431 1
2432 74
2433 106
2434 111
2435 103
2436 119
2437 104
2438 127
2439 130
2440 109
2441 83
2442 86
2443 96
2444 81
2445 15
2446 0
2447 2
2448 1
2449 2
2450 0
2451 0
2452 0
2453 1
2454 1
2455 4
2456 82
2457 104
2458 118
2459 96
2460 120
2461 115
2462 97
2463 106
2464 116
2465 89
2466 82
2467 91
2468 76
2469 3
2470 5
2471 1
2472 3
2473 4
2474 6
2475 0
2476 3
2477 1
2478 2
2479 2
2480 32
2481 48
2482 73
2483 91
2484 77
2485 88
2486 94
2487 75
2488 76
2489 77
2490 87
2491 84
2492 77
2493 2
2494 1
2495 1
2496 2
2497 4
2498 0
2499 1
2500 4
2501 7
2502 1
2503 0
2504 27
2505 8
2506 36
2507 52
2508 49
2509 55
2510 47
2511 50
2512 55
2513 51
2514 43
2515 29
2516 2
2517 1
2518 0
2519 1
2520 0
2521 2
2522 2
2523 0
2524 0
2525 2
2526 0
2527 5
2528 97
2529 93
2530 123
2531 115
2532 119
2533 115
2534 88
2535 135
2536 121
2537 100
2538 112
2539 87
2540 78
2541 4
2542 0
2543 1
2544 1
2545 2
2546 0
2547 0
2548 0
2549 0
2550 1
2551 1
2552 84
2553 93
2554 122
2555 117
2556 124
2557 131
2558 115
2559 131
2560 112
2561 97
2562 133
2563 98
2564 78
2565 8
2566 4
2567 1
2568 0
2569 2
2570 1
2571 0
2572 0
2573 4
2574 0
2575 2
2576 83
2577 92
2578 115
2579 120
2580 91
2581 122
2582 115
2583 127
2584 97
2585 87
2586 107
2587 93
2588 76
2589 3
2590 1
2591 1
2592 0
2593 3
2594 0
2595 1
2596 0
2597 1
2598 0
2599 4
2600 98
2601 91
2602 139
2603 125
2604 122
2605 121
2606 104
2607 100
2608 111
2609 86
2610 95
2611 108
2612 71
2613 5
2614 4
2615 2
2616 1
2617 2
2618 0
2619 0
2620 0
2621 1
2622 0
2623 2
2624 84
2625 78
2626 126
2627 103
2628 118
2629 95
2630 113
2631 112
2632 109
2633 96
2634 79
2635 92
2636 68
2637 2
2638 5
2639 4
2640 0
2641 4
2642 0
2643 1
2644 3
2645 0
2646 1
2647 0
2648 51
2649 41
2650 68
2651 87
2652 81
2653 61
2654 77
2655 64
2656 85
2657 66
2658 94
2659 73
2660 62
2661 3
2662 0
2663 0
2664 0
2665 6
2666 2
2667 0
2668 4
2669 1
2670 3
2671 0
2672 18
2673 18
2674 30
2675 38
2676 61
2677 43
2678 44
2679 42
2680 42
2681 58
2682 41
2683 15
2684 2
2685 0
2686 1
2687 2
2688 0
2689 1
2690 0
2691 0
2692 0
2693 0
2694 1
2695 1
2696 77
2697 82
2698 110
2699 99
2700 99
2701 93
2702 102
2703 120
2704 110
2705 78
2706 72
2707 86
2708 75
2709 6
2710 1
2711 2
2712 1
2713 2
2714 0
2715 0
2716 0
2717 0
2718 0
2719 2
2720 86
2721 62
2722 120
2723 111
2724 98
2725 106
2726 119
2727 102
2728 95
2729 92
2730 68
2731 96
2732 92
2733 6
2734 4
2735 4
2736 1
2737 3
2738 0
2739 0
2740 0
2741 0
2742 2
2743 0
2744 55
2745 28
2746 46
2747 47
2748 38
2749 46
2750 38
2751 39
2752 52
2753 44
2754 43
2755 33
2756 43
2757 6
2758 1
2759 0
2760 1
2761 2
2762 0
2763 0
2764 0
2765 1
2766 1
2767 2
2768 97
2769 82
2770 116
2771 97
2772 99
2773 94
2774 90
2775 106
2776 110
2777 109
2778 88
2779 96
2780 83
2781 14
2782 5
2783 3
2784 1
2785 2
2786 1
2787 1
2788 0
2789 1
2790 1
2791 4
2792 87
2793 76
2794 114
2795 115
2796 93
2797 93
2798 98
2799 101
2800 110
2801 103
2802 85
2803 107
2804 72
2805 10
2806 0
2807 3
2808 0
2809 3
2810 1
2811 2
2812 4
2813 2
2814 2
2815 3
2816 44
2817 49
2818 77
2819 66
2820 80
2821 63
2822 88
2823 95
2824 95
2825 82
2826 91
2827 70
2828 56
2829 4
2830 1
2831 0
2832 5
2833 4
2834 0
2835 0
2836 2
2837 3
2838 1
2839 0
2840 28
2841 22
2842 40
2843 44
2844 57
2845 43
2846 36
2847 42
2848 46
2849 42
2850 29
2851 16
2852 0
2853 2
2854 0
2855 1
2856 0
2857 2
2858 0
2859 1
2860 0
2861 1
2862 2
2863 6
2864 89
2865 75
2866 116
2867 108
2868 100
2869 85
2870 81
2871 121
2872 101
2873 95
2874 99
2875 96
2876 65
2877 11
2878 3
2879 5
2880 0
2881 3
2882 0
2883 0
2884 0
2885 1
2886 1
2887 3
2888 79
2889 71
2890 112
2891 108
2892 83
2893 100
2894 104
2895 107
2896 107
2897 98
2898 73
2899 95
2900 79
2901 10
2902 2
2903 4
2904 1
2905 1
2906 0
2907 0
2908 1
2909 1
2910 0
2911 2
2912 89
2913 70
2914 119
2915 87
2916 84
2917 105
2918 74
2919 86
2920 74
2921 91
2922 96
2923 95
2924 58
2925 8
2926 1
2927 4
2928 0
2929 2
2930 0
2931 0
2932 0
2933 1
2934 1
2935 2
2936 85
2937 93
2938 138
2939 91
2940 100
2941 99
2942 88
2943 84
2944 109
2945 82
2946 89
2947 85
2948 53
2949 21
2950 0
2951 2
2952 0
2953 2
2954 0
2955 1
2956 1
2957 1
2958 3
2959 2
2960 87
2961 83
2962 113
2963 80
2964 97
2965 87
2966 90
2967 102
2968 93
2969 90
2970 82
2971 117
2972 67
2973 6
2974 3
2975 5
2976 3
2977 3
2978 0
2979 3
2980 4
2981 1
2982 3
2983 4
2984 48
2985 70
2986 82
2987 90
2988 75
2989 83
2990 78
2991 69
2992 78
2993 83
2994 77
2995 69
2996 62
2997 5
2998 2
2999 1
3000 0
3001 4
3002 2
3003 3
3004 7
3005 5
3006 1
3007 1
3008 19
3009 26
3010 28
3011 45
3012 57
3013 48
3014 36
3015 45
3016 35
3017 38
3018 28
3019 14
3020 0
3021 1
3022 1
3023 1
3024 1
3025 2
3026 1
3027 0
3028 0
3029 0
3030 0
3031 5
3032 84
3033 76
3034 117
3035 97
3036 88
3037 99
3038 88
3039 94
3040 92
3041 89
3042 90
3043 123
3044 70
3045 12
3046 1
3047 1
3048 1
3049 2
3050 1
3051 0
3052 1
3053 1
3054 2
3055 2
3056 83
3057 94
3058 119
3059 86
3060 102
3061 93
3062 101
3063 115
3064 109
3065 101
3066 116
3067 107
3068 81
3069 10
3070 2
3071 5
3072 0
3073 2
3074 0
3075 1
3076 1
3077 2
3078 1
3079 4
3080 89
3081 84
3082 104
3083 92
3084 92
3085 100
3086 74
3087 104
3088 83
3089 87
3090 103
3091 84
3092 76
3093 3
3094 5
3095 4
3096 2
3097 3
3098 0
3099 0
3100 0
3101 2
3102 1
3103 3
3104 77
3105 82
3106 112
3107 90
3108 95
3109 86
3110 85
3111 83
3112 101
3113 90
3114 79
3115 87
3116 56
3117 12
3118 1
3119 4
3120 1
3121 2
3122 0
3123 0
3124 0
3125 4
3126 1
3127 4
3128 85
3129 75
3130 108
3131 93
3132 85
3133 80
3134 84
3135 81
3136 110
3137 96
3138 111
3139 94
3140 67
3141 12
3142 5
3143 0
3144 0
3145 3
3146 0
3147 2
3148 1
3149 1
3150 1
3151 2
3152 43
3153 34
3154 84
3155 89
3156 91
3157 80
3158 70
3159 86
3160 82
3161 92
3162 68
3163 85
3164 56
3165 6
3166 0
3167 2
3168 3
3169 5
3170 0
3171 2
3172 4
3173 3
3174 0
3175 1
3176 15
3177 15
3178 30
3179 34
3180 48
3181 46
3182 44
3183 38
3184 40
3185 44
3186 37
3187 24
3188 1
3189 1
3190 1
3191 1
3192 0
3193 0
3194 0
3195 0
3196 1
3197 2
3198 1
3199 5
3200 76
3201 89
3202 105
3203 79
3204 83
3205 77
3206 84
3207 85
3208 87
3209 70
3210 61
3211 88
3212 68
3213 7
3214 2
3215 1
3216 3
3217 1
3218 1
3219 0
3220 0
3221 1
3222 1
3223 3
3224 72
3225 78
3226 74
3227 52
3228 58
3229 61
3230 63
3231 64
3232 66
3233 54
3234 59
3235 71
3236 36
3237 8
3238 1
3239 1
3240 0
3241 1
3242 0
3243 0
3244 0
3245 2
3246 1
3247 1
3248 62
3249 78
3250 87
3251 80
3252 73
3253 85
3254 76
3255 87
3256 88
3257 93
3258 78
3259 99
3260 56
3261 15
3262 3
3263 1
3264 3
3265 2
3266 0
3267 0
3268 0
3269 1
3270 2
3271 8
3272 92
3273 77
3274 103
3275 98
3276 77
3277 81
3278 92
3279 104
3280 95
3281 87
3282 82
3283 88
3284 70
3285 9
3286 1
3287 3
3288 0
3289 1
3290 1
3291 0
3292 2
3293 2
3294 3
3295 6
3296 100
3297 82
3298 105
3299 77
3300 81
3301 85
3302 82
3303 86
3304 90
3305 84
3306 87
3307 69
3308 58
3309 12
3310 2
3311 3
3312 2
3313 2
3314 1
3315 0
3316 3
3317 2
3318 1
3319 1
3320 55
3321 62
3322 72
3323 76
3324 81
3325 77
3326 87
3327 85
3328 60
3329 83
3330 65
3331 83
3332 39
3333 6
3334 1
3335 2
3336 5
3337 4
3338 3
3339 3
3340 5
3341 5
3342 5
3343 1
3344 33
3345 26
3346 40
3347 46
3348 33
3349 47
3350 40
3351 48
3352 45
3353 48
3354 40
3355 21
3356 2
3357 1
3358 0
3359 1
3360 0
3361 0
3362 0
3363 1
3364 0
3365 3
3366 0
3367 3
3368 93
3369 96
3370 109
3371 75
3372 85
3373 88
3374 88
3375 88
3376 76
3377 85
3378 83
3379 81
3380 58
3381 4
3382 3
3383 1
3384 0
3385 1
3386 0
3387 0
3388 1
3389 3
3390 1
3391 4
3392 74
3393 61
3394 102
3395 74
3396 75
3397 72
3398 59
3399 78
3400 90
3401 76
3402 65
3403 86
3404 52
3405 10
3406 0
3407 1
3408 0
3409 1
3410 1
3411 1
3412 0
3413 1
3414 1
3415 3
3416 82
3417 92
3418 83
3419 102
3420 100
3421 87
3422 74
3423 76
3424 81
3425 93
3426 100
3427 101
3428 52
3429 9
3430 1
3431 2
3432 0
3433 1
3434 0
3435 0
3436 0
3437 3
3438 4
3439 3
3440 92
3441 94
3442 98
3443 87
3444 98
3445 80
3446 66
3447 96
3448 85
3449 94
3450 98
3451 80
3452 81
3453 15
3454 2
3455 3
3456 1
3457 0
3458 0
3459 1
3460 1
3461 5
3462 4
3463 4
3464 80
3465 103
3466 104
3467 92
3468 96
3469 103
3470 85
3471 86
3472 111
3473 99
3474 74
3475 93
3476 61
3477 6
3478 1
3479 0
3480 4
3481 8
3482 2
3483 8
3484 2
3485 1
3486 0
3487 1
3488 40
3489 39
3490 69
3491 70
3492 105
3493 80
3494 75
3495 67
3496 80
3497 74
3498 59
3499 71
3500 44
3501 2
3502 2
3503 1
3504 0
3505 5
3506 0
3507 0
3508 0
3509 6
3510 1
3511 0
3512 15
3513 20
3514 39
3515 45
3516 46
3517 48
3518 28
3519 48
3520 50
3521 40
3522 36
3523 23
3524 2
3525 2
3526 0
3527 0
3528 0
3529 0
3530 1
3531 0
3532 0
3533 2
3534 3
3535 5
3536 72
3537 75
3538 103
3539 77
3540 85
3541 105
3542 87
3543 86
3544 97
3545 90
3546 81
3547 95
3548 70
3549 12
3550 2
3551 1
3552 4
3553 3
3554 0
3555 2
3556 2
3557 5
3558 0
3559 3
3560 69
3561 96
3562 114
3563 89
3564 88
3565 88
3566 69
3567 95
3568 77
3569 77
3570 90
3571 86
3572 60
3573 8
3574 4
3575 1
3576 1
3577 0
3578 0
3579 0
3580 0
3581 2
3582 2
3583 6
3584 72
3585 98
3586 117
3587 83
3588 109
3589 113
3590 80
3591 89
3592 72
3593 102
3594 83
3595 73
3596 44
3597 10
3598 1
3599 1
3600 1
3601 2
3602 0
3603 1
3604 0
3605 3
3606 1
3607 4
3608 75
3609 73
3610 74
3611 65
3612 63
3613 75
3614 49
3615 48
3616 43
3617 48
3618 53
3619 36
3620 24
3621 5
3622 0
3623 0
3624 2
3625 1
3626 1
3627 1
3628 2
3629 2
3630 0
3631 2
3632 51
3633 41
3634 88
3635 77
3636 89
3637 89
3638 76
3639 116
3640 131
3641 88
3642 94
3643 106
3644 76
3645 9
3646 8
3647 7
3648 7
3649 9
3650 0
3651 3
3652 10
3653 0
3654 6
3655 3
3656 33
3657 31
3658 81
3659 82
3660 90
3661 89
3662 77
3663 68
3664 79
3665 93
3666 82
3667 62
3668 59
3669 10
3670 2
3671 1
3672 0
3673 7
3674 8
3675 7
3676 4
3677 5
3678 1
3679 0
3680 28
3681 20
3682 36
3683 48
3684 58
3685 47
3686 60
3687 52
3688 47
3689 56
3690 38
3691 21
3692 2
3693 1
3694 2
3695 3
3696 2
3697 2
3698 2
3699 1
3700 1
3701 1
3702 5
3703 8
3704 82
3705 95
3706 130
3707 103
3708 95
3709 96
3710 79
3711 100
3712 104
3713 97
3714 126
3715 86
3716 43
3717 9
3718 6
3719 1
3720 1
3721 4
3722 2
3723 3
3724 4
3725 3
3726 2
3727 6
3728 87
3729 85
3730 119
3731 89
3732 92
3733 97
3734 103
3735 93
3736 87
3737 101
3738 87
3739 114
3740 72
3741 13
3742 6
3743 3
3744 1
3745 3
3746 1
3747 1
3748 0
3749 1
3750 1
3751 9
3752 88
3753 78
3754 107
3755 98
3756 94
3757 95
3758 98
3759 99
3760 96
3761 94
3762 97
3763 113
3764 93
3765 15
3766 3
3767 3
3768 3
3769 2
3770 0
3771 1
3772 0
3773 4
3774 2
3775 10
3776 92
3777 116
3778 124
3779 97
3780 76
3781 85
3782 96
3783 93
3784 92
3785 93
3786 99
3787 82
3788 68
3789 10
3790 2
3791 3
3792 3
3793 5
3794 0
3795 0
3796 6
3797 3
3798 2
3799 6
3800 86
3801 104
3802 115
3803 93
3804 85
3805 99
3806 81
3807 80
3808 101
3809 103
3810 84
3811 77
3812 70
3813 14
3814 4
3815 2
3816 5
3817 4
3818 1
3819 0
3820 2
3821 1
3822 0
3823 0
3824 36
3825 37
3826 72
3827 87
3828 103
3829 97
3830 80
3831 83
3832 82
3833 65
3834 73
3835 62
3836 45
3837 9
3838 1
3839 3
3840 5
3841 8
3842 6
3843 1
3844 7
3845 4
3846 4
3847 1
3848 19
3849 24
3850 32
3851 58
3852 48
3853 42
3854 43
3855 49
3856 39
3857 39
3858 37
3859 19
3860 0
3861 3
3862 6
3863 3
3864 1
3865 4
3866 3
3867 6
3868 2
3869 2
3870 2
3871 0
3872 56
3873 20
3874 37
3875 31
3876 30
3877 22
3878 26
3879 32
3880 26
3881 34
3882 37
3883 53
3884 56
3885 3
3886 1
3887 5
3888 1
3889 4
3890 1
3891 0
3892 2
3893 3
3894 3
3895 5
3896 97
3897 92
3898 113
3899 72
3900 74
3901 84
3902 78
3903 82
3904 91
3905 91
3906 74
3907 95
3908 55
3909 6
3910 3
3911 6
3912 1
3913 2
3914 0
3915 0
3916 1
3917 3
3918 3
3919 5
3920 87
3921 79
3922 118
3923 101
3924 101
3925 94
3926 81
3927 87
3928 103
3929 113
3930 103
3931 94
3932 66
3933 8
3934 4
3935 3
3936 1
3937 5
3938 4
3939 0
3940 2
3941 4
3942 2
3943 9
3944 91
3945 87
3946 118
3947 84
3948 106
3949 109
3950 97
3951 92
3952 85
3953 82
3954 91
3955 76
3956 70
3957 11
3958 5
3959 7
3960 3
3961 1
3962 1
3963 1
3964 2
3965 2
3966 7
3967 5
3968 89
3969 83
3970 132
3971 67
3972 103
3973 97
3974 91
3975 77
3976 101
3977 90
3978 72
3979 74
3980 76
3981 5
3982 5
3983 3
3984 8
3985 8
3986 6
3987 4
3988 5
3989 1
3990 1
3991 4
3992 43
3993 46
3994 71
3995 93
3996 107
3997 62
3998 73
3999 88
4000 76
4001 76
4002 88
4003 62
4004 51
4005 8
4006 0
4007 1
4008 3
4009 6
4010 5
4011 0
4012 1
4013 5
4014 5
4015 4
4016 17
4017 28
4018 34
4019 52
4020 50
4021 47
4022 33
4023 43
4024 61
4025 43
4026 39
4027 21
4028 6
4029 3
4030 1
4031 2
4032 4
4033 3
4034 0
4035 1
4036 1
4037 1
4038 3
4039 3
4040 97
4041 85
4042 112
4043 73
4044 102
4045 93
4046 89
4047 100
4048 101
4049 91
4050 83
4051 99
4052 55
4053 12
4054 3
4055 2
4056 3
4057 2
4058 1
4059 0
4060 0
4061 3
4062 1
4063 8
4064 86
4065 73
4066 131
4067 98
4068 102
4069 99
4070 98
4071 104
4072 109
4073 97
4074 88
4075 77
4076 61
4077 9
4078 3
4079 3
4080 0
4081 1
4082 0
4083 2
4084 1
4085 3
4086 2
4087 5
4088 95
4089 88
4090 119
4091 83
4092 84
4093 97
4094 80
4095 95
4096 108
4097 85
4098 115
4099 100
4100 78
4101 9
4102 6
4103 2
4104 3
4105 3
4106 2
4107 2
4108 0
4109 5
4110 2
4111 7
4112 85
4113 90
4114 126
4115 104
4116 87
4117 69
4118 81
4119 95
4120 89
4121 117
4122 82
4123 103
4124 59
4125 6
4126 4
4127 3
4128 2
4129 4
4130 1
4131 0
4132 1
4133 3
4134 2
4135 10
4136 93
4137 87
4138 117
4139 89
4140 85
4141 84
4142 85
4143 94
4144 81
4145 88
4146 118
4147 79
4148 56
4149 4
4150 1
4151 0
4152 4
4153 6
4154 0
4155 0
4156 1
4157 3
4158 1
4159 2
4160 47
4161 48
4162 77
4163 80
4164 95
4165 78
4166 82
4167 73
4168 88
4169 78
4170 82
4171 67
4172 61
4173 7
4174 1
4175 2
4176 4
4177 7
4178 0
4179 5
4180 1
4181 2
4182 3
4183 1
4184 27
4185 18
4186 43
4187 43
4188 55
4189 65
4190 51
4191 46
4192 39
4193 41
4194 43
4195 24
4196 1
4197 2
4198 1
4199 4
4200 4
4201 2
4202 1
4203 3
4204 3
4205 3
4206 5
4207 8
4208 80
4209 92
4210 107
4211 111
4212 100
4213 107
4214 83
4215 89
4216 105
4217 97
4218 94
4219 89
4220 53
4221 9
4222 7
4223 1
4224 1
4225 1
4226 1
4227 1
4228 0
4229 5
4230 2
4231 8
4232 98
4233 102
4234 108
4235 101
4236 94
4237 102
4238 104
4239 96
4240 88
4241 97
4242 85
4243 73
4244 63
4245 13
4246 3
4247 4
4248 2
4249 1
4250 0
4251 1
4252 2
4253 1
4254 1
4255 7
4256 90
4257 76
4258 113
4259 95
4260 89
4261 95
4262 86
4263 97
4264 103
4265 96
4266 90
4267 80
4268 52
4269 16
4270 3
4271 2
4272 2
4273 0
4274 2
4275 0
4276 1
4277 0
4278 2
4279 10
4280 105
4281 79
4282 101
4283 93
4284 87
4285 95
4286 95
4287 96
4288 79
4289 86
4290 79
4291 92
4292 49
4293 6
4294 3
4295 5
4296 0
4297 12
4298 10
4299 9
4300 1
4301 2
4302 1
4303 2
4304 81
4305 95
4306 106
4307 86
4308 83
4309 87
4310 81
4311 97
4312 111
4313 79
4314 86
4315 93
4316 50
4317 7
4318 0
4319 3
4320 1
4321 3
4322 3
4323 5
4324 2
4325 2
4326 1
4327 3
4328 43
4329 39
4330 68
4331 84
4332 86
4333 104
4334 83
4335 74
4336 70
4337 81
4338 72
4339 64
4340 47
4341 6
4342 3
4343 2
4344 4
4345 3
4346 1
4347 6
4348 4
4349 6
4350 3
4351 2
4352 27
4353 19
4354 50
4355 55
4356 42
4357 68
4358 52
4359 52
4360 38
4361 50
4362 30
4363 21
4364 3
4365 2
4366 1
4367 3
4368 1
4369 2
4370 2
4371 2
4372 0
4373 1
4374 2
4375 4
4376 79
4377 73
4378 107
4379 102
4380 99
4381 90
4382 74
4383 72
4384 78
4385 82
4386 86
4387 108
4388 60
4389 11
4390 6
4391 2
4392 4
4393 0
4394 4
4395 3
4396 4
4397 1
4398 1
4399 7
4400 95
4401 88
4402 101
4403 86
4404 81
4405 90
4406 84
4407 84
4408 91
4409 91
4410 74
4411 84
4412 55
4413 16
4414 4
4415 1
4416 2
4417 1
4418 0
4419 2
4420 0
4421 3
4422 4
4423 6
4424 85
4425 85
4426 124
4427 84
4428 82
4429 72
4430 84
4431 99
4432 102
4433 98
4434 82
4435 75
4436 62
4437 14
4438 5
4439 2
4440 1
4441 5
4442 0
4443 1
4444 0
4445 2
4446 3
4447 7
4448 90
4449 82
4450 99
4451 78
4452 91
4453 103
4454 91
4455 86
4456 89
4457 80
4458 80
4459 89
4460 59
4461 12
4462 1
4463 1
4464 2
4465 4
4466 0
4467 1
4468 0
4469 4
4470 4
4471 7
4472 88
4473 96
4474 104
4475 120
4476 72
4477 97
4478 96
4479 99
4480 99
4481 91
4482 82
4483 69
4484 63
4485 10
4486 6
4487 0
4488 1
4489 12
4490 9
4491 12
4492 5
4493 2
4494 1
4495 4
4496 36
4497 27
4498 73
4499 65
4500 80
4501 66
4502 76
4503 69
4504 63
4505 63
4506 66
4507 83
4508 58
4509 2
4510 0
4511 3
4512 2
4513 8
4514 0
4515 4
4516 1
4517 5
4518 3
4519 4
4520 17
4521 28
4522 33
4523 40
4524 54
4525 41
4526 48
4527 51
4528 39
4529 38
4530 43
4531 15
4532 2
4533 3
4534 3
4535 2
4536 3
4537 0
4538 3
4539 0
4540 0
4541 1
4542 3
4543 9
4544 73
4545 75
4546 114
4547 94
4548 95
4549 81
4550 85
4551 94
4552 103
4553 96
4554 91
4555 89
4556 62
4557 19
4558 7
4559 0
4560 2
4561 2
4562 3
4563 2
4564 3
4565 3
4566 4
4567 6
4568 80
4569 91
4570 103
4571 78
4572 92
4573 71
4574 83
4575 82
4576 106
4577 88
4578 79
4579 73
4580 71
4581 8
4582 2
4583 3
4584 3
4585 2
4586 2
4587 0
4588 0
4589 2
4590 3
4591 4
4592 74
4593 75
4594 114
4595 101
4596 96
4597 88
4598 84
4599 104
4600 88
4601 71
4602 101
4603 118
4604 63
4605 7
4606 3
4607 3
4608 1
4609 3
4610 1
4611 0
4612 0
4613 3
4614 4
4615 5
4616 82
4617 92
4618 108
4619 86
4620 96
4621 88
4622 88
4623 96
4624 97
4625 85
4626 78
4627 66
4628 55
4629 15
4630 1
4631 2
4632 2
4633 4
4634 0
4635 0
4636 2
4637 0
4638 4
4639 12
4640 83
4641 78
4642 96
4643 83
4644 87
4645 100
4646 87
4647 99
4648 95
4649 95
4650 90
4651 89
4652 82
4653 9
4654 5
4655 0
4656 4
4657 4
4658 3
4659 1
4660 4
4661 1
4662 0
4663 0
4664 25
4665 48
4666 64
4667 80
4668 83
4669 98
4670 77
4671 87
4672 85
4673 88
4674 92
4675 91
4676 50
4677 7
4678 0
4679 4
4680 3
4681 6
4682 3
4683 6
4684 8
4685 5
4686 3
4687 5
4688 19
4689 18
4690 34
4691 48
4692 62
4693 57
4694 49
4695 49
4696 52
4697 53
4698 37
4699 15
4700 0
4701 0
4702 2
4703 4
4704 0
4705 1
4706 1
4707 1
4708 3
4709 4
4710 3
4711 6
4712 74
4713 83
4714 128
4715 79
4716 84
4717 85
4718 84
4719 95
4720 109
4721 96
4722 87
4723 95
4724 55
4725 13
4726 3
4727 2
4728 1
4729 2
4730 0
4731 2
4732 1
4733 3
4734 5
4735 7
4736 83
4737 77
4738 96
4739 70
4740 81
4741 77
4742 101
4743 82
4744 95
4745 90
4746 105
4747 91
4748 54
4749 12
4750 2
4751 3
4752 1
4753 3
4754 2
4755 1
4756 4
4757 6
4758 4
4759 2
4760 77
4761 85
4762 111
4763 92
4764 86
4765 87
4766 88
4767 82
4768 89
4769 97
4770 96
4771 82
4772 61
4773 12
4774 2
4775 4
4776 3
4777 5
4778 3
4779 2
4780 2
4781 2
4782 2
4783 8
4784 80
4785 85
4786 93
4787 83
4788 81
4789 81
4790 79
4791 97
4792 94
4793 93
4794 89
4795 98
4796 54
4797 15
4798 3
4799 5
4800 1
4801 2
4802 0
4803 2
4804 2
4805 1
4806 2
4807 7
4808 75
4809 76
4810 102
4811 86
4812 90
4813 79
4814 77
4815 84
4816 90
4817 83
4818 98
4819 81
4820 58
4821 6
4822 3
4823 3
4824 2
4825 5
4826 4
4827 4
4828 2
4829 2
4830 1
4831 2
4832 29
4833 39
4834 60
4835 80
4836 58
4837 63
4838 65
4839 76
4840 59
4841 79
4842 60
4843 53
4844 40
4845 8
4846 4
4847 9
4848 1
4849 4
4850 0
4851 1
4852 0
4853 0
4854 1
4855 2
4856 21
4857 16
4858 22
4859 38
4860 46
4861 40
4862 44
4863 37
4864 40
4865 38
4866 35
4867 19
4868 3
4869 2
4870 5
4871 3
4872 0
4873 3
4874 1
4875 0
4876 1
4877 5
4878 2
4879 6
4880 86
4881 76
4882 97
4883 79
4884 92
4885 84
4886 78
4887 82
4888 87
4889 78
4890 80
4891 59
4892 44
4893 11
4894 3
4895 1
4896 1
4897 1
4898 0
4899 0
4900 0
4901 1
4902 1
4903 4
4904 66
4905 73
4906 96
4907 76
4908 103
4909 77
4910 94
4911 85
4912 75
4913 83
4914 79
4915 96
4916 82
4917 9
4918 1
4919 2
4920 1
4921 1
4922 3
4923 2
4924 4
4925 4
4926 0
4927 3
4928 73
4929 84
4930 95
4931 93
4932 83
4933 73
4934 96
4935 93
4936 103
4937 74
4938 81
4939 57
4940 57
4941 11
4942 5
4943 2
4944 2
4945 3
4946 2
4947 2
4948 2
4949 2
4950 2
4951 8
4952 87
4953 50
4954 106
4955 96
4956 96
4957 97
4958 87
4959 88
4960 100
4961 83
4962 75
4963 78
4964 55
4965 13
4966 3
4967 5
4968 2
4969 2
4970 1
4971 2
4972 1
4973 1
4974 2
4975 7
4976 66
4977 56
4978 108
4979 102
4980 96
4981 88
4982 92
4983 92
4984 106
4985 74
4986 74
4987 67
4988 54
4989 4
4990 0
4991 2
4992 0
4993 2
4994 0
4995 0
4996 4
4997 3
4998 0
4999 0
5000 42
5001 43
5002 66
5003 83
5004 72
5005 95
5006 71
5007 80
5008 76
5009 58
5010 90
5011 77
5012 49
5013 9
5014 0
5015 2
5016 1
5017 4
5018 0
5019 4
5020 1
5021 3
5022 1
5023 1
5024 20
5025 17
5026 36
5027 46
5028 37
5029 36
5030 42
5031 33
5032 34
5033 31
5034 29
5035 24
5036 0
5037 2
5038 4
5039 4
5040 1
5041 2
5042 0
5043 2
5044 2
5045 3
5046 2
5047 6
5048 67
5049 62
5050 80
5051 73
5052 80
5053 85
5054 79
5055 80
5056 73
5057 62
5058 54
5059 78
5060 61
5061 8
5062 4
5063 1
5064 3
5065 1
5066 1
5067 1
5068 2
5069 3
5070 4
5071 6
5072 76
5073 65
5074 90
5075 63
5076 73
5077 70
5078 69
5079 72
5080 83
5081 71
5082 69
5083 78
5084 61
5085 4
5086 2
5087 2
5088 2
5089 1
5090 5
5091 0
5092 1
5093 3
5094 2
5095 7
5096 70
5097 66
5098 72
5099 80
5100 82
5101 86
5102 92
5103 90
5104 75
5105 55
5106 60
5107 95
5108 65
5109 11
5110 2
5111 5
5112 4
5113 6
5114 0
5115 2
5116 1
5117 3
5118 2
5119 11
5120 67
5121 63
5122 93
5123 95
5124 90
5125 88
5126 92
5127 79
5128 82
5129 77
5130 58
5131 76
5132 52
5133 6
5134 2
5135 3
5136 2
5137 2
5138 2
5139 1
5140 3
5141 2
5142 3
5143 5
5144 78
5145 71
5146 87
5147 82
5148 83
5149 78
5150 83
5151 87
5152 75
5153 53
5154 63
5155 53
5156 67
5157 8
5158 7
5159 5
5160 3
5161 3
5162 0
5163 0
5164 1
5165 0
5166 1
5167 1
5168 32
5169 43
5170 69
5171 72
5172 76
5173 63
5174 80
5175 68
5176 77
5177 65
5178 71
5179 57
5180 59
5181 10
5182 2
5183 1
5184 5
5185 4
5186 1
5187 3
5188 0
5189 3
5190 3
5191 4
5192 24
5193 13
5194 30
5195 35
5196 38
5197 32
5198 31
5199 34
5200 31
5201 28
5202 26
5203 15
5204 2
5205 5
5206 5
5207 3
5208 3
5209 1
5210 0
5211 3
5212 0
5213 3
5214 2
5215 7
5216 67
5217 71
5218 96
5219 90
5220 81
5221 88
5222 100
5223 68
5224 74
5225 85
5226 59
5227 70
5228 55
5229 6
5230 4
5231 3
5232 4
5233 1
5234 0
5235 1
5236 1
5237 3
5238 1
5239 9
5240 71
5241 62
5242 92
5243 105
5244 77
5245 87
5246 77
5247 86
5248 78
5249 78
5250 72
5251 72
5252 52
5253 9
5254 1
5255 2
5256 3
5257 1
5258 4
5259 2
5260 1
5261 4
5262 3
5263 6
5264 75
5265 70
5266 80
5267 94
5268 87
5269 85
5270 85
5271 75
5272 72
5273 66
5274 62
5275 63
5276 69
5277 8
5278 3
5279 3
5280 3
5281 1
5282 0
5283 0
5284 1
5285 2
5286 3
5287 9
5288 74
5289 75
5290 84
5291 74
5292 87
5293 88
5294 84
5295 83
5296 91
5297 74
5298 67
5299 76
5300 63
5301 10
5302 5
5303 3
5304 6
5305 2
5306 0
5307 1
5308 2
5309 1
5310 6
5311 7
5312 73
5313 61
5314 102
5315 81
5316 90
5317 72
5318 81
5319 88
5320 80
5321 63
5322 65
5323 53
5324 57
5325 7
5326 5
5327 4
5328 4
5329 4
5330 2
5331 1
5332 0
5333 0
5334 0
5335 2
5336 34
5337 28
5338 52
5339 84
5340 102
5341 88
5342 89
5343 75
5344 70
5345 60
5346 65
5347 79
5348 45
5349 14
5350 0
5351 1
5352 2
5353 3
5354 1
5355 0
5356 1
5357 3
5358 8
5359 0
5360 25
5361 13
5362 18
5363 33
5364 33
5365 32
5366 25
5367 52
5368 44
5369 37
5370 36
5371 11
5372 1
5373 1
5374 3
5375 2
5376 1
5377 1
5378 1
5379 0
5380 1
5381 2
5382 3
5383 7
5384 80
5385 73
5386 118
5387 84
5388 93
5389 76
5390 88
5391 84
5392 109
5393 64
5394 63
5395 76
5396 67
5397 10
5398 1
5399 4
5400 0
5401 8
5402 1
5403 1
5404 2
5405 4
5406 2
5407 6
5408 78
5409 74
5410 95
5411 99
5412 80
5413 89
5414 95
5415 94
5416 78
5417 78
5418 88
5419 79
5420 59
5421 8
5422 3
5423 2
5424 1
5425 5
5426 1
5427 2
5428 0
5429 1
5430 2
5431 6
5432 75
5433 98
5434 84
5435 82
5436 84
5437 89
5438 67
5439 96
5440 94
5441 65
5442 79
5443 67
5444 63
5445 12
5446 2
5447 1
5448 3
5449 0
5450 2
5451 0
5452 1
5453 2
5454 4
5455 6
5456 69
5457 83
5458 76
5459 99
5460 90
5461 90
5462 83
5463 86
5464 86
5465 82
5466 79
5467 93
5468 65
5469 14
5470 4
5471 3
5472 4
5473 1
5474 0
5475 0
5476 2
5477 1
5478 2
5479 10
5480 82
5481 64
5482 100
5483 104
5484 89
5485 83
5486 85
5487 93
5488 95
5489 48
5490 54
5491 44
5492 64
5493 3
5494 8
5495 7
5496 2
5497 7
5498 1
5499 0
5500 1
5501 0
5502 1
5503 0
5504 43
5505 50
5506 70
5507 80
5508 84
5509 81
5510 80
5511 62
5512 55
5513 63
5514 68
5515 53
5516 57
5517 4
5518 1
5519 3
5520 3
5521 4
5522 0
5523 0
5524 0
5525 0
5526 1
5527 2
5528 22
5529 21
5530 32
5531 38
5532 40
5533 35
5534 41
5535 36
5536 31
5537 31
5538 28
5539 13
5540 3
5541 4
5542 3
5543 2
5544 1
5545 1
5546 0
5547 0
5548 0
5549 3
5550 3
5551 4
5552 72
5553 58
5554 84
5555 89
5556 82
5557 99
5558 70
5559 84
5560 91
5561 68
5562 76
5563 72
5564 74
5565 10
5566 1
5567 1
5568 1
5569 2
5570 0
5571 1
5572 1
5573 4
5574 3
5575 8
5576 70
5577 75
5578 90
5579 86
5580 80
5581 77
5582 85
5583 94
5584 75
5585 68
5586 93
5587 67
5588 72
5589 14
5590 1
5591 3
5592 1
5593 4
5594 1
5595 4
5596 0
5597 3
5598 1
5599 6
5600 71
5601 51
5602 85
5603 81
5604 73
5605 80
5606 76
5607 79
5608 97
5609 61
5610 81
5611 93
5612 62
5613 5
5614 2
5615 3
5616 2
5617 1
5618 3
5619 0
5620 0
5621 3
5622 2
5623 5
5624 74
5625 66
5626 88
5627 96
5628 82
5629 79
5630 71
5631 76
5632 82
5633 63
5634 60
5635 72
5636 49
5637 15
5638 4
5639 4
5640 0
5641 4
5642 3
5643 2
5644 1
5645 3
5646 2
5647 5
5648 79
5649 58
5650 79
5651 88
5652 89
5653 89
5654 74
5655 79
5656 106
5657 76
5658 65
5659 96
5660 65
5661 9
5662 4
5663 4
5664 0
5665 3
5666 0
5667 1
5668 2
5669 1
5670 1
5671 1
5672 31
5673 40
5674 69
5675 58
5676 88
5677 58
5678 89
5679 64
5680 62
5681 67
5682 65
5683 71
5684 57
5685 9
5686 0
5687 1
5688 3
5689 8
5690 4
5691 1
5692 8
5693 4
5694 5
5695 2
5696 20
5697 18
5698 28
5699 29
5700 35
5701 27
5702 41
5703 33
5704 30
5705 32
5706 24
5707 15
5708 3
5709 2
5710 2
5711 4
5712 3
5713 2
5714 1
5715 0
5716 1
5717 3
5718 6
5719 5
5720 79
5721 63
5722 91
5723 90
5724 73
5725 71
5726 78
5727 78
5728 84
5729 70
5730 63
5731 68
5732 61
5733 5
5734 2
5735 4
5736 3
5737 4
5738 0
5739 1
5740 0
5741 3
5742 1
5743 6
5744 71
5745 42
5746 91
5747 85
5748 72
5749 70
5750 90
5751 73
5752 91
5753 60
5754 63
5755 77
5756 63
5757 5
5758 5
5759 7
5760 0
5761 1
5762 4
5763 1
5764 1
5765 3
5766 1
5767 7
5768 64
5769 61
5770 94
5771 90
5772 101
5773 95
5774 79
5775 77
5776 93
5777 62
5778 76
5779 73
5780 54
5781 7
5782 4
5783 5
5784 2
5785 2
5786 1
5787 0
5788 1
5789 5
5790 5
5791 4
5792 65
5793 75
5794 107
5795 95
5796 85
5797 75
5798 75
5799 72
5800 71
5801 63
5802 73
5803 62
5804 58
5805 10
5806 3
5807 3
5808 4
5809 3
5810 0
5811 1
5812 1
5813 3
5814 4
5815 6
5816 69
5817 57
5818 104
5819 86
5820 91
5821 88
5822 73
5823 81
5824 89
5825 74
5826 55
5827 76
5828 55
5829 15
5830 7
5831 4
5832 0
5833 2
5834 2
5835 0
5836 2
5837 4
5838 1
5839 0
5840 49
5841 50
5842 73
5843 61
5844 68
5845 58
5846 67
5847 76
5848 71
5849 65
5850 73
5851 64
5852 55
5853 5
5854 1
5855 1
5856 0
5857 3
5858 3
5859 1
5860 2
5861 9
5862 8
5863 1
5864 14
5865 9
5866 17
5867 28
5868 36
5869 33
5870 29
5871 26
5872 29
5873 31
5874 24
5875 15
5876 0
5877 0
5878 1
5879 0
5880 0
5881 1
5882 0
5883 2
5884 1
5885 2
5886 1
5887 0
5888 70
5889 64
5890 86
5891 94
5892 81
5893 83
5894 83
5895 76
5896 78
5897 61
5898 72
5899 74
5900 58
5901 8
5902 0
5903 0
5904 0
5905 0
5906 0
5907 1
5908 1
5909 1
5910 1
5911 2
5912 73
5913 62
5914 101
5915 91
5916 90
5917 79
5918 67
5919 104
5920 92
5921 84
5922 79
5923 92
5924 86
5925 9
5926 0
5927 1
5928 1
5929 1
5930 2
5931 0
5932 3
5933 1
5934 1
5935 0
5936 74
5937 66
5938 83
5939 87
5940 83
5941 87
5942 83
5943 102
5944 99
5945 74
5946 78
5947 85
5948 74
5949 15
5950 2
5951 1
5952 3
5953 1
5954 0
5955 1
5956 0
5957 1
5958 2
5959 3
5960 81
5961 84
5962 89
5963 82
5964 88
5965 76
5966 79
5967 90
5968 87
5969 69
5970 95
5971 101
5972 84
5973 12
5974 1
5975 0
5976 2
5977 0
5978 0
5979 1
5980 0
5981 0
5982 2
5983 1
5984 74
5985 57
5986 90
5987 82
5988 121
5989 95
5990 88
5991 86
5992 100
5993 92
5994 85
5995 89
5996 83
5997 14
5998 0
5999 3
6000 0
6001 2
6002 1
6003 1
6004 2
6005 1
6006 1
6007 0
6008 49
6009 72
6010 67
6011 91
6012 81
6013 96
6014 86
6015 78
6016 80
6017 76
6018 74
6019 80
6020 54
6021 5
6022 1
6023 0
6024 0
6025 3
6026 4
6027 3
6028 2
6029 9
6030 2
6031 3
6032 24
6033 20
6034 37
6035 37
6036 33
6037 39
6038 30
6039 29
6040 41
6041 35
6042 36
6043 10
6044 2
6045 0
6046 1
6047 2
6048 0
6049 1
6050 0
6051 0
6052 2
6053 1
6054 0
6055 1
6056 75
6057 57
6058 113
6059 92
6060 96
6061 78
6062 89
6063 83
6064 112
6065 70
6066 71
6067 92
6068 73
6069 7
6070 0
6071 1
6072 0
6073 1
6074 0
6075 1
6076 0
6077 2
6078 1
6079 2
6080 82
6081 80
6082 99
6083 99
6084 89
6085 111
6086 94
6087 97
6088 96
6089 82
6090 88
6091 88
6092 64
6093 7
6094 0
6095 0
6096 0
6097 1
6098 0
6099 1
6100 2
6101 2
6102 0
6103 3
6104 80
6105 69
6106 100
6107 88
6108 105
6109 85
6110 105
6111 99
6112 115
6113 73
6114 100
6115 101
6116 75
6117 11
6118 0
6119 1
6120 0
6121 1
6122 0
6123 0
6124 2
6125 2
6126 2
6127 3
6128 85
6129 76
6130 99
6131 94
6132 111
6133 111
6134 77
6135 86
6136 92
6137 80
6138 76
6139 87
6140 83
6141 17
6142 1
6143 3
6144 4
6145 1
6146 1
6147 0
6148 2
6149 2
6150 0
6151 3
6152 76
6153 91
6154 103
6155 105
6156 97
6157 114
6158 87
6159 98
6160 111
6161 82
6162 79
6163 96
6164 83
6165 10
6166 1
6167 0
6168 1
6169 2
6170 2
6171 0
6172 1
6173 1
6174 1
6175 2
6176 45
6177 59
6178 70
6179 91
6180 85
6181 86
6182 75
6183 79
6184 70
6185 71
6186 80
6187 68
6188 75
6189 5
6190 2
6191 1
6192 1
6193 3
6194 0
6195 1
6196 1
6197 5
6198 2
6199 0
6200 16
6201 17
6202 27
6203 41
6204 31
6205 48
6206 34
6207 36
6208 36
6209 38
6210 22
6211 11
6212 0
6213 1
6214 0
6215 2
6216 0
6217 0
6218 0
6219 0
6220 3
6221 4
6222 1
6223 1
6224 66
6225 87
6226 94
6227 90
6228 86
6229 87
6230 90
6231 95
6232 97
6233 88
6234 85
6235 103
6236 66
6237 16
6238 0
6239 0
6240 0
6241 1
6242 0
6243 0
6244 0
6245 2
6246 1
6247 3
6248 65
6249 84
6250 90
6251 85
6252 106
6253 100
6254 107
6255 90
6256 100
6257 78
6258 101
6259 73
6260 54
6261 8
6262 2
6263 2
6264 0
6265 0
6266 0
6267 0
6268 0
6269 1
6270 1
6271 5
6272 67
6273 68
6274 92
6275 77
6276 72
6277 103
6278 83
6279 97
6280 85
6281 87
6282 92
6283 90
6284 80
6285 4
6286 0
6287 1
6288 4
6289 0
6290 0
6291 0
6292 0
6293 3
6294 3
6295 6
6296 77
6297 83
6298 109
6299 111
6300 115
6301 102
6302 80
6303 84
6304 79
6305 86
6306 93
6307 85
6308 67
6309 10
6310 1
6311 2
6312 2
6313 1
6314 1
6315 0
6316 0
6317 2
6318 1
6319 4
6320 88
6321 74
6322 108
6323 90
6324 102
6325 113
6326 97
6327 113
6328 104
6329 88
6330 97
6331 109
6332 64
6333 6
6334 1
6335 1
6336 1
6337 2
6338 0
6339 1
6340 0
6341 0
6342 2
6343 1
6344 32
6345 38
6346 65
6347 62
6348 75
6349 71
6350 70
6351 86
6352 84
6353 80
6354 77
6355 74
6356 62
6357 7
6358 2
6359 0
6360 0
6361 3
6362 0
6363 1
6364 0
6365 1
6366 0
6367 0
6368 21
6369 17
6370 29
6371 46
6372 45
6373 43
6374 44
6375 35
6376 43
6377 44
6378 26
6379 10
6380 2
6381 1
6382 0
6383 1
6384 1
6385 1
6386 0
6387 1
6388 0
6389 3
6390 1
6391 4
6392 76
6393 81
6394 109
6395 110
6396 101
6397 111
6398 103
6399 99
6400 94
6401 86
6402 91
6403 81
6404 67
6405 7
6406 3
6407 0
6408 0
6409 0
6410 0
6411 0
6412 0
6413 3
6414 1
6415 0
6416 84
6417 55
6418 109
6419 96
6420 99
6421 98
6422 91
6423 76
6424 101
6425 78
6426 70
6427 88
6428 53
6429 8
6430 1
6431 3
6432 2
6433 1
6434 1
6435 1
6436 1
6437 4
6438 0
6439 1
6440 78
6441 71
6442 103
6443 112
6444 112
6445 96
6446 86
6447 92
6448 102
6449 70
6450 80
6451 66
6452 66
6453 7
6454 2
6455 1
6456 3
6457 0
6458 0
6459 1
6460 0
6461 3
6462 0
6463 5
6464 62
6465 78
6466 112
6467 86
6468 93
6469 96
6470 103
6471 104
6472 95
6473 73
6474 92
6475 90
6476 63
6477 8
6478 2
6479 3
6480 1
6481 2
6482 0
6483 0
6484 3
6485 2
6486 1
6487 4
6488 92
6489 76
6490 119
6491 108
6492 119
6493 78
6494 103
6495 104
6496 94
6497 86
6498 88
6499 74
6500 52
6501 16
6502 1
6503 2
6504 3
6505 4
6506 3
6507 4
6508 1
6509 1
6510 2
6511 1
6512 42
6513 38
6514 57
6515 58
6516 82
6517 66
6518 57
6519 50
6520 44
6521 41
6522 31
6523 65
6524 51
6525 14
6526 4
6527 4
6528 0
6529 3
6530 0
6531 1
6532 2
6533 6
6534 2
6535 0
6536 17
6537 19
6538 31
6539 44
6540 53
6541 39
6542 35
6543 35
6544 30
6545 33
6546 38
6547 14
6548 0
6549 4
6550 0
6551 1
6552 1
6553 4
6554 1
6555 5
6556 1
6557 2
6558 2
6559 3
6560 31
6561 40
6562 65
6563 78
6564 68
6565 64
6566 55
6567 50
6568 36
6569 43
6570 41
6571 69
6572 55
6573 9
6574 2
6575 4
6576 5
6577 7
6578 0
6579 0
6580 0
6581 2
6582 1
6583 1
6584 16
6585 13
6586 21
6587 38
6588 39
6589 44
6590 34
6591 42
6592 38
6593 33
6594 41
6595 18
6596 3
6597 1
6598 3
6599 3
6600 3
6601 3
6602 0
6603 1
6604 1
6605 2
6606 4
6607 7
6608 85
6609 81
6610 114
6611 102
6612 100
6613 83
6614 81
6615 111
6616 99
6617 127
6618 75
6619 111
6620 62
6621 6
6622 0
6623 3
6624 0
6625 3
6626 1
6627 0
6628 2
6629 3
6630 2
6631 4
6632 78
6633 99
6634 127
6635 99
6636 107
6637 76
6638 94
6639 109
6640 108
6641 103
6642 84
6643 91
6644 80
6645 10
6646 6
6647 1
6648 1
6649 3
6650 2
6651 2
6652 2
6653 2
6654 1
6655 11
6656 95
6657 83
6658 120
6659 101
6660 97
6661 119
6662 99
6663 119
6664 113
6665 109
6666 122
6667 103
6668 79
6669 15
6670 2
6671 7
6672 2
6673 3
6674 2
6675 0
6676 4
6677 3
6678 3
6679 9
6680 84
6681 85
6682 114
6683 101
6684 89
6685 69
6686 81
6687 92
6688 103
6689 115
6690 98
6691 96
6692 67
6693 12
6694 8
6695 7
6696 5
6697 4
6698 1
6699 0
6700 3
6701 1
6702 4
6703 8
6704 81
6705 93
6706 102
6707 93
6708 96
6709 95
6710 116
6711 103
6712 104
6713 100
6714 102
6715 124
6716 84
6717 13
6718 1
6719 5
6720 4
6721 5
6722 9
6723 3
6724 0
6725 1
6726 1
6727 2
6728 48
6729 45
6730 60
6731 75
6732 82
6733 85
6734 83
6735 71
6736 75
6737 78
6738 75
6739 80
6740 50
6741 9
6742 12
6743 2
6744 7
6745 5
6746 6
6747 4
6748 4
6749 7
6750 3
6751 0
6752 21
6753 14
6754 50
6755 30
6756 52
6757 47
6758 41
6759 62
6760 51
6761 42
6762 43
6763 14
6764 0
6765 4
6766 1
6767 2
6768 3
6769 1
6770 0
6771 1
6772 0
6773 3
6774 3
6775 7
6776 80
6777 82
6778 122
6779 119
6780 105
6781 120
6782 97
6783 105
6784 99
6785 107
6786 101
6787 101
6788 68
6789 14
6790 2
6791 4
6792 1
6793 3
6794 1
6795 0
6796 0
6797 2
6798 3
6799 6
6800 91
6801 79
6802 79
6803 112
6804 105
6805 101
6806 89
6807 99
6808 99
6809 88
6810 105
6811 118
6812 61
6813 3
6814 3
6815 1
6816 3
6817 3
6818 1
6819 0
6820 0
6821 0
6822 1
6823 3
6824 104
6825 72
6826 123
6827 115
6828 88
6829 93
6830 84
6831 90
6832 85
6833 89
6834 91
6835 103
6836 79
6837 6
6838 1
6839 4
6840 4
6841 1
6842 1
6843 1
6844 2
6845 0
6846 3
6847 9
6848 85
6849 78
6850 116
6851 103
6852 108
6853 115
6854 102
6855 108
6856 97
6857 115
6858 108
6859 94
6860 66
6861 8
6862 2
6863 3
6864 9
6865 5
6866 3
6867 1
6868 2
6869 2
6870 5
6871 8
6872 88
6873 102
6874 112
6875 92
6876 98
6877 98
6878 87
6879 97
6880 92
6881 87
6882 100
6883 103
6884 77
6885 15
6886 4
6887 4
6888 2
6889 4
6890 4
6891 3
6892 4
6893 5
6894 2
6895 1
6896 48
6897 52
6898 81
6899 77
6900 89
6901 73
6902 82
6903 68
6904 75
6905 66
6906 63
6907 84
6908 52
6909 8
6910 0
6911 1
6912 2
6913 5
6914 2
6915 5
6916 3
6917 8
6918 0
6919 1
6920 17
6921 19
6922 36
6923 39
6924 44
6925 43
6926 39
6927 50
6928 29
6929 36
6930 45
6931 25
6932 4
6933 5
6934 5
6935 3
6936 1
6937 0
6938 2
6939 1
6940 0
6941 6
6942 3
6943 8
6944 79
6945 98
6946 99
6947 90
6948 110
6949 96
6950 81
6951 100
6952 91
6953 87
6954 89
6955 87
6956 77
6957 13
6958 1
6959 2
6960 4
6961 0
6962 1
6963 1
6964 0
6965 2
6966 5
6967 8
6968 82
6969 86
6970 111
6971 98
6972 89
6973 100
6974 93
6975 102
6976 96
6977 94
6978 91
6979 90
6980 85
6981 15
6982 3
6983 5
6984 0
6985 3
6986 0
6987 0
6988 4
6989 3
6990 3
6991 7
6992 88
6993 83
6994 117
6995 85
6996 107
6997 86
6998 103
6999 88
7000 98
7001 88
7002 120
7003 95
7004 65
7005 7
7006 1
7007 7
7008 2
7009 2
7010 1
7011 0
7012 1
7013 1
7014 3
7015 5
7016 93
7017 101
7018 114
7019 87
7020 105
7021 84
7022 83
7023 92
7024 95
7025 98
7026 88
7027 83
7028 71
7029 14
7030 4
7031 6
7032 2
7033 3
7034 3
7035 1
7036 3
7037 0
7038 3
7039 9
7040 91
7041 63
7042 110
7043 75
7044 79
7045 86
7046 90
7047 96
7048 92
7049 109
7050 79
7051 122
7052 61
7053 15
7054 6
7055 2
7056 1
7057 5
7058 0
7059 7
7060 6
7061 0
7062 2
7063 3
7064 46
7065 47
7066 64
7067 83
7068 85
7069 71
7070 67
7071 65
7072 73
7073 70
7074 61
7075 64
7076 55
7077 11
7078 0
7079 1
7080 5
7081 7
7082 2
7083 7
7084 3
7085 8
7086 2
7087 1
7088 17
7089 21
7090 39
7091 37
7092 36
7093 39
7094 38
7095 38
7096 33
7097 34
7098 42
7099 17
7100 4
7101 1
7102 5
7103 5
7104 1
7105 2
7106 1
7107 0
7108 0
7109 3
7110 3
7111 12
7112 95
7113 85
7114 123
7115 85
7116 101
7117 98
7118 86
7119 94
7120 85
7121 103
7122 94
7123 110
7124 68
7125 11
7126 2
7127 0
7128 4
7129 1
7130 1
7131 1
7132 3
7133 2
7134 6
7135 6
7136 95
7137 87
7138 119
7139 104
7140 79
7141 87
7142 102
7143 84
7144 103
7145 110
7146 74
7147 97
7148 84
7149 10
7150 1
7151 2
7152 0
7153 2
7154 1
7155 0
7156 1
7157 1
7158 0
7159 1
7160 88
7161 83
7162 104
7163 90
7164 80
7165 104
7166 78
7167 107
7168 110
7169 115
7170 79
7171 85
7172 55
7173 5
7174 0
7175 3
7176 0
7177 2
7178 0
7179 0
7180 1
7181 3
7182 1
7183 3
7184 101
7185 89
7186 133
7187 98
7188 94
7189 97
7190 104
7191 103
7192 100
7193 115
7194 105
7195 107
7196 68
7197 10
7198 5
7199 6
7200 5
7201 2
7202 0
7203 2
7204 1
7205 6
7206 3
7207 9
7208 102
7209 120
7210 135
7211 117
7212 99
7213 107
7214 107
7215 118
7216 116
7217 129
7218 100
7219 118
7220 70
7221 15
7222 7
7223 5
7224 4
7225 7
7226 3
7227 5
7228 1
7229 1
7230 2
7231 3
7232 31
7233 46
7234 87
7235 76
7236 85
7237 80
7238 98
7239 81
7240 82
7241 75
7242 63
7243 89
7244 74
7245 11
7246 10
7247 7
7248 3
7249 7
7250 0
7251 2
7252 4
7253 3
7254 6
7255 0
7256 18
7257 16
7258 25
7259 42
7260 55
7261 51
7262 41
7263 47
7264 45
7265 47
7266 40
7267 19
7268 1
7269 4
7270 2
7271 5
7272 3
7273 1
7274 2
7275 0
7276 2
7277 1
7278 5
7279 3
7280 84
7281 106
7282 110
7283 94
7284 139
7285 94
7286 120
7287 124
7288 138
7289 120
7290 99
7291 107
7292 83
7293 14
7294 3
7295 5
7296 4
7297 10
7298 3
7299 2
7300 1
7301 0
7302 2
7303 0
7304 52
7305 36
7306 43
7307 37
7308 33
7309 33
7310 38
7311 38
7312 36
7313 49
7314 31
7315 38
7316 45
7317 6
7318 2
7319 3
7320 1
7321 4
7322 0
7323 2
7324 1
7325 1
7326 2
7327 5
7328 85
7329 87
7330 127
7331 111
7332 119
7333 128
7334 109
7335 123
7336 132
7337 108
7338 96
7339 111
7340 85
7341 8
7342 2
7343 2
7344 5
7345 3
7346 0
7347 0
7348 2
7349 1
7350 2
7351 7
7352 91
7353 109
7354 126
7355 123
7356 102
7357 113
7358 118
7359 116
7360 111
7361 103
7362 95
7363 87
7364 66
7365 14
7366 9
7367 5
7368 2
7369 3
7370 5
7371 1
7372 3
7373 2
7374 7
7375 7
7376 83
7377 104
7378 118
7379 102
7380 105
7381 119
7382 112
7383 111
7384 127
7385 107
7386 101
7387 115
7388 86
7389 20
7390 5
7391 3
7392 0
7393 6
7394 1
7395 2
7396 2
7397 1
7398 2
7399 3
7400 26
7401 40
7402 68
7403 77
7404 80
7405 73
7406 75
7407 81
7408 84
7409 66
7410 45
7411 98
7412 63
7413 6
7414 2
7415 1
7416 5
7417 8
7418 2
7419 1
7420 1
7421 5
7422 3
7423 0
7424 14
7425 18
7426 36
7427 45
7428 43
7429 46
7430 46
7431 50
7432 41
7433 44
7434 41
7435 20
7436 1
7437 0
7438 3
7439 0
7440 2
7441 1
7442 2
7443 1
7444 0
7445 2
7446 1
7447 5
7448 95
7449 105
7450 132
7451 117
7452 129
7453 110
7454 115
7455 100
7456 137
7457 94
7458 107
7459 103
7460 84
7461 14
7462 2
7463 1
7464 2
7465 3
7466 2
7467 0
7468 0
7469 0
7470 2
7471 8
7472 94
7473 80
7474 116
7475 101
7476 105
7477 100
7478 105
7479 93
7480 114
7481 105
7482 107
7483 127
7484 83
7485 11
7486 5
7487 4
7488 0
7489 4
7490 2
7491 1
7492 0
7493 1
7494 1
7495 6
7496 95
7497 103
7498 138
7499 119
7500 108
7501 102
7502 120
7503 104
7504 123
7505 102
7506 83
7507 103
7508 71
7509 12
7510 4
7511 5
7512 0
7513 3
7514 1
7515 0
7516 0
7517 4
7518 4
7519 6
7520 94
7521 90
7522 104
7523 119
7524 109
7525 103
7526 98
7527 113
7528 91
7529 110
7530 77
7531 102
7532 75
7533 12
7534 2
7535 4
7536 2
7537 5
7538 2
7539 0
7540 1
7541 4
7542 1
7543 2
7544 98
7545 88
7546 110
7547 106
7548 115
7549 105
7550 111
7551 123
7552 115
7553 100
7554 87
7555 98
7556 76
7557 11
7558 8
7559 5
7560 0
7561 4
7562 2
7563 7
7564 5
7565 1
7566 3
7567 2
7568 42
7569 41
7570 89
7571 96
7572 90
7573 84
7574 83
7575 97
7576 83
7577 84
7578 70
7579 72
7580 60
7581 11
7582 3
7583 4
7584 2
7585 6
7586 5
7587 2
7588 3
7589 7
7590 4
7591 3
7592 21
7593 24
7594 40
7595 49
7596 60
7597 48
7598 57
7599 45
7600 65
7601 47
7602 33
7603 16
7604 1
7605 3
7606 2
7607 3
7608 3
7609 4
7610 0
7611 2
7612 1
7613 1
7614 1
7615 10
7616 96
7617 102
7618 122
7619 119
7620 104
7621 112
7622 112
7623 95
7624 108
7625 99
7626 98
7627 87
7628 57
7629 13
7630 0
7631 2
7632 0
7633 1
7634 1
7635 0
7636 4
7637 0
7638 2
7639 8
7640 89
7641 120
7642 120
7643 100
7644 103
7645 94
7646 97
7647 112
7648 102
7649 90
7650 99
7651 95
7652 67
7653 4
7654 7
7655 3
7656 2
7657 3
7658 1
7659 0
7660 4
7661 1
7662 3
7663 5
7664 82
7665 100
7666 121
7667 103
7668 110
7669 118
7670 104
7671 107
7672 99
7673 103
7674 88
7675 119
7676 79
7677 21
7678 4
7679 4
7680 2
7681 7
7682 3
7683 1
7684 0
7685 3
7686 2
7687 4
7688 82
7689 88
7690 124
7691 91
7692 117
7693 118
7694 88
7695 109
7696 99
7697 109
7698 92
7699 81
7700 67
7701 20
7702 7
7703 9
7704 5
7705 3
7706 3
7707 1
7708 2
7709 2
7710 3
7711 8
7712 94
7713 76
7714 140
7715 97
7716 99
7717 103
7718 92
7719 98
7720 123
7721 97
7722 84
7723 86
7724 70
7725 15
7726 5
7727 6
7728 1
7729 4
7730 2
7731 1
7732 4
7733 2
7734 1
7735 3
7736 49
7737 56
7738 76
7739 88
7740 102
7741 91
7742 98
7743 105
7744 80
7745 87
7746 77
7747 94
7748 51
7749 14
7750 3
7751 2
7752 1
7753 8
7754 1
7755 4
7756 0
7757 7
7758 6
7759 4
7760 17
7761 31
7762 39
7763 52
7764 62
7765 67
7766 51
7767 55
7768 53
7769 46
7770 46
7771 26
7772 3
7773 3
7774 5
7775 5
7776 1
7777 2
7778 0
7779 0
7780 0
7781 6
7782 8
7783 5
7784 81
7785 86
7786 115
7787 101
7788 111
7789 100
7790 103
7791 112
7792 112
7793 83
7794 98
7795 92
7796 82
7797 10
7798 2
7799 5
7800 2
7801 2
7802 1
7803 0
7804 0
7805 1
7806 6
7807 5
7808 97
7809 81
7810 110
7811 110
7812 112
7813 99
7814 121
7815 104
7816 117
7817 90
7818 100
7819 103
7820 72
7821 6
7822 4
7823 5
7824 4
7825 6
7826 1
7827 1
7828 3
7829 2
7830 4
7831 5
7832 99
7833 96
7834 128
7835 123
7836 94
7837 79
7838 94
7839 111
7840 122
7841 87
7842 113
7843 98
7844 81
7845 11
7846 2
7847 4
7848 2
7849 5
7850 1
7851 0
7852 0
7853 2
7854 1
7855 6
7856 85
7857 94
7858 107
7859 91
7860 103
7861 101
7862 92
7863 136
7864 101
7865 98
7866 88
7867 76
7868 71
7869 11
7870 5
7871 5
7872 5
7873 7
7874 2
7875 0
7876 0
7877 2
7878 3
7879 9
7880 85
7881 86
7882 123
7883 113
7884 109
7885 101
7886 93
7887 112
7888 106
7889 101
7890 79
7891 94
7892 69
7893 5
7894 6
7895 5
7896 0
7897 5
7898 2
7899 5
7900 4
7901 1
7902 2
7903 4
7904 40
7905 45
7906 82
7907 102
7908 92
7909 101
7910 108
7911 100
7912 69
7913 94
7914 82
7915 77
7916 58
7917 7
7918 4
7919 3
7920 1
7921 5
7922 3
7923 3
7924 2
7925 3
7926 1
7927 2
7928 17
7929 28
7930 52
7931 46
7932 62
7933 45
7934 48
7935 54
7936 47
7937 47
7938 46
7939 19
7940 4
7941 4
7942 2
7943 1
7944 6
7945 2
7946 1
7947 1
7948 0
7949 0
7950 4
7951 7
7952 72
7953 96
7954 118
7955 116
7956 105
7957 103
7958 83
7959 101
7960 101
7961 108
7962 98
7963 102
7964 73
7965 11
7966 6
7967 3
7968 0
7969 3
7970 2
7971 1
7972 0
7973 1
7974 1
7975 14
7976 89
7977 102
7978 115
7979 84
7980 107
7981 94
7982 115
7983 114
7984 102
7985 96
7986 92
7987 100
7988 81
7989 15
7990 4
7991 4
7992 2
7993 4
7994 0
7995 3
7996 1
7997 3
7998 2
7999 6
8000 96
8001 83
8002 109
8003 131
8004 126
8005 112
8006 102
8007 116
8008 108
8009 104
8010 118
8011 114
8012 77
8013 18
8014 3
8015 3
8016 1
8017 4
8018 0
8019 2
8020 1
8021 1
8022 2
8023 9
8024 84
8025 90
8026 109
8027 111
8028 116
8029 107
8030 119
8031 104
8032 114
8033 90
8034 85
8035 76
8036 72
8037 8
8038 4
8039 6
8040 1
8041 5
8042 3
8043 2
8044 0
8045 1
8046 2
8047 6
8048 85
8049 94
8050 112
8051 104
8052 99
8053 99
8054 96
8055 121
8056 121
8057 86
8058 79
8059 85
8060 64
8061 8
8062 3
8063 2
8064 2
8065 4
8066 5
8067 1
8068 4
8069 2
8070 5
8071 6
8072 54
8073 53
8074 78
8075 85
8076 75
8077 89
8078 94
8079 82
8080 94
8081 88
8082 93
8083 95
8084 59
8085 13
8086 6
8087 1
8088 7
8089 6
8090 10
8091 3
8092 1
8093 4
8094 2
8095 2
8096 28
8097 40
8098 50
8099 43
8100 50
8101 48
8102 42
8103 54
8104 57
8105 42
8106 46
8107 22
8108 2
8109 2
8110 3
8111 1
8112 3
8113 2
8114 1
8115 1
8116 1
8117 2
8118 3
8119 9
8120 96
8121 100
8122 107
8123 105
8124 110
8125 100
8126 91
8127 105
8128 106
8129 84
8130 92
8131 98
8132 84
8133 20
8134 2
8135 2
8136 2
8137 2
8138 2
8139 0
8140 0
8141 1
8142 1
8143 8
8144 85
8145 83
8146 133
8147 105
8148 116
8149 97
8150 95
8151 135
8152 119
8153 96
8154 98
8155 74
8156 66
8157 10
8158 3
8159 4
8160 2
8161 3
8162 0
8163 1
8164 1
8165 2
8166 2
8167 11
8168 93
8169 68
8170 115
8171 96
8172 128
8173 100
8174 94
8175 115
8176 110
8177 98
8178 75
8179 125
8180 86
8181 21
8182 3
8183 3
8184 1
8185 3
8186 2
8187 3
8188 0
8189 3
8190 4
8191 7
8192 89
8193 94
8194 111
8195 121
8196 96
8197 95
8198 101
8199 104
8200 105
8201 96
8202 90
8203 100
8204 65
8205 10
8206 5
8207 6
8208 5
8209 3
8210 1
8211 2
8212 2
8213 3
8214 2
8215 6
8216 81
8217 98
8218 124
8219 115
8220 115
8221 99
8222 95
8223 104
8224 111
8225 111
8226 89
8227 89
8228 51
8229 10
8230 3
8231 4
8232 0
8233 5
8234 1
8235 0
8236 2
8237 1
8238 0
8239 2
8240 39
8241 56
8242 90
8243 94
8244 74
8245 79
8246 83
8247 93
8248 85
8249 90
8250 94
8251 74
8252 67
8253 5
8254 3
8255 1
8256 3
8257 7
8258 0
8259 8
8260 8
8261 5
8262 1
8263 1
8264 19
8265 45
8266 41
8267 48
8268 47
8269 50
8270 39
8271 42
8272 49
8273 57
8274 55
8275 23
8276 3
8277 5
8278 1
8279 2
8280 5
8281 1
8282 0
8283 0
8284 1
8285 1
8286 4
8287 4
8288 102
8289 121
8290 127
8291 109
8292 114
8293 96
8294 112
8295 125
8296 116
8297 95
8298 107
8299 90
8300 72
8301 9
8302 4
8303 3
8304 0
8305 1
8306 0
8307 0
8308 0
8309 2
8310 2
8311 11
8312 99
8313 83
8314 126
8315 122
8316 119
8317 119
8318 107
8319 97
8320 120
8321 87
8322 98
8323 89
8324 61
8325 12
8326 3
8327 5
8328 2
8329 5
8330 1
8331 1
8332 0
8333 3
8334 0
8335 7
8336 93
8337 93
8338 117
8339 100
8340 112
8341 105
8342 114
8343 113
8344 138
8345 99
8346 82
8347 82
8348 62
8349 9
8350 7
8351 13
8352 3
8353 2
8354 3
8355 2
8356 1
8357 1
8358 3
8359 8
8360 90
8361 105
8362 115
8363 110
8364 123
8365 102
8366 89
8367 90
8368 116
8369 108
8370 77
8371 84
8372 56
8373 8
8374 2
8375 6
8376 4
8377 5
8378 2
8379 3
8380 1
8381 4
8382 3
8383 5
8384 97
8385 104
8386 133
8387 100
8388 125
8389 121
8390 104
8391 96
8392 107
8393 105
8394 84
8395 82
8396 58
8397 11
8398 1
8399 6
8400 2
8401 8
8402 3
8403 3
8404 2
8405 0
8406 1
8407 0
8408 72
8409 57
8410 92
8411 85
8412 100
8413 103
8414 85
8415 83
8416 99
8417 75
8418 81
8419 75
8420 62
8421 10
8422 4
8423 1
8424 4
8425 9
8426 4
8427 2
8428 4
8429 8
8430 1
8431 1
8432 20
8433 37
8434 52
8435 56
8436 51
8437 58
8438 43
8439 49
8440 56
8441 54
8442 48
8443 23
8444 2
8445 4
8446 0
8447 2
8448 3
8449 4
8450 0
8451 0
8452 1
8453 0
8454 5
8455 8
8456 98
8457 105
8458 123
8459 106
8460 103
8461 114
8462 95
8463 126
8464 116
8465 103
8466 98
8467 99
8468 74
8469 7
8470 4
8471 2
8472 0
8473 4
8474 2
8475 2
8476 0
8477 2
8478 7
8479 6
8480 105
8481 90
8482 124
8483 115
8484 123
8485 102
8486 114
8487 107
8488 118
8489 99
8490 80
8491 86
8492 74
8493 9
8494 5
8495 1
8496 2
8497 2
8498 1
8499 0
8500 0
8501 1
8502 4
8503 8
8504 100
8505 93
8506 103
8507 111
8508 118
8509 124
8510 106
8511 116
8512 124
8513 99
8514 111
8515 112
8516 56
8517 10
8518 5
8519 4
8520 0
8521 3
8522 2
8523 3
8524 0
8525 2
8526 3
8527 6
8528 92
8529 117
8530 143
8531 124
8532 114
8533 117
8534 107
8535 134
8536 121
8537 87
8538 105
8539 74
8540 68
8541 7
8542 4
8543 2
8544 7
8545 2
8546 1
8547 1
8548 0
8549 0
8550 4
8551 10
8552 82
8553 112
8554 120
8555 98
8556 122
8557 122
8558 118
8559 144
8560 117
8561 98
8562 70
8563 86
8564 70
8565 7
8566 4
8567 4
8568 0
8569 4
8570 2
8571 3
8572 2
8573 1
8574 2
8575 1
8576 37
8577 67
8578 77
8579 92
8580 112
8581 105
8582 86
8583 75
8584 90
8585 81
8586 61
8587 77
8588 45
8589 18
8590 8
8591 2
8592 3
8593 3
8594 3
8595 1
8596 0
8597 0
8598 1
8599 2
8600 22
8601 27
8602 27
8603 32
8604 63
8605 22
8606 16
8607 24
8608 33
8609 33
8610 18
8611 11
8612 2
8613 7
8614 5
8615 3
8616 4
8617 3
8618 1
8619 2
8620 0
8621 1
8622 2
8623 1
8624 83
8625 27
8626 46
8627 21
8628 33
8629 28
8630 27
8631 30
8632 39
8633 45
8634 35
8635 60
8636 51
8637 17
8638 2
8639 4
8640 4
8641 3
8642 1
8643 1
8644 2
8645 1
8646 1
8647 1
8648 48
8649 29
8650 50
8651 43
8652 49
8653 40
8654 44
8655 55
8656 54
8657 40
8658 36
8659 67
8660 70
8661 13
8662 4
8663 1
8664 4
8665 1
8666 3
8667 0
8668 0
8669 1
8670 1
8671 7
8672 46
8673 63
8674 89
8675 86
8676 115
8677 95
8678 97
8679 92
8680 93
8681 79
8682 86
8683 91
8684 57
8685 6
8686 5
8687 6
8688 5
8689 1
8690 1
8691 0
8692 0
8693 0
8694 4
8695 5
8696 47
8697 60
8698 100
8699 103
8700 90
8701 90
8702 95
8703 99
8704 82
8705 92
8706 70
8707 87
8708 67
8709 10
8710 2
8711 4
8712 5
8713 4
8714 0
8715 1
8716 0
8717 0
8718 3
8719 2
8720 58
8721 69
8722 78
8723 90
8724 108
8725 92
8726 91
8727 96
8728 107
8729 98
8730 77
8731 77
8732 70
8733 6
8734 5
8735 3
8736 4
8737 3
8738 0
8739 1
8740 0
8741 0
8742 1
8743 0
8744 22
8745 27
8746 60
8747 65
8748 84
8749 74
8750 80
8751 81
8752 61
8753 59
8754 47
8755 63
8756 71
8757 8
8758 1
8759 5
8760 0
