1 0.42
2 0.00
3 2.99
4 10.43
5 20.51
6 14.17
7 0.00
8 0.51
9 4.47
10 3.19
11 0.99
12 0.88
13 1.32
14 1.44
15 2.44
16 1.05
17 1.83
18 2.45
19 8.51
20 11.76
21 25.71
22 1.06
23 2.42
24 27.07
25 5.63
26 0.49
27 0.00
28 14.72
29 5.87
30 0.00
31 5.21
32 0.29
33 0.79
34 0.96
35 1.45
36 1.20
37 1.40
38 1.51
39 0.89
40 1.44
41 2.14
42 1.95
43 2.61
44 2.41
45 7.57
46 36.36
47 3.02
48 1.83
49 0.25
50 0.00
51 0.00
52 0.00
53 40.00
54 26.28
55 11.48
56 1.58
57 2.92
58 1.70
59 1.86
60 1.23
61 2.20
62 2.19
63 2.25
64 2.20
65 1.64
66 2.66
67 2.31
68 2.71
69 2.55
70 35.64
71 2.19
72 28.35
73 3.00
74 8.51
75 20.99
76 3.42
77 3.77
78 4.38
79 8.44
80 1.35
81 3.62
82 2.03
83 1.64
84 2.26
85 2.08
86 2.01
87 1.90
88 2.19
89 3.19
90 2.30
91 3.11
92 3.20
93 2.74
94 6.24
95 1.77
96 6.10
97 0.27
98 23.68
99 0.00
100 0.00
101 2.32
102 13.11
103 3.29
104 1.48
105 1.74
106 1.59
107 2.20
108 2.35
109 2.08
110 2.13
111 1.90
112 1.92
113 2.12
114 2.24
115 2.59
116 3.56
117 9.19
118 4.27
119 1.00
120 1.52
121 0.43
122 1.98
123 0.00
124 19.41
125 0.00
126 10.58
127 3.49
128 1.34
129 1.86
130 3.52
131 2.40
132 2.12
133 2.44
134 2.60
135 2.93
136 2.04
137 2.59
138 2.01
139 2.43
140 2.30
141 3.81
142 1.41
143 13.38
144 20.93
145 0.23
146 0.00
147 20.38
148 0.00
149 0.00
150 41.86
151 0.00
152 0.67
153 5.14
154 2.85
155 2.42
156 2.00
157 2.55
158 1.98
159 2.55
160 2.48
161 2.98
162 2.47
163 2.24
164 2.41
165 3.53
166 0.00
167 1.11
168 3.45
169 0.28
170 35.64
171 0.00
172 0.00
173 0.00
174 0.00
175 0.00
176 1.09
177 2.71
178 1.50
179 1.85
180 2.24
181 1.84
182 1.85
183 1.53
184 1.46
185 1.52
186 2.40
187 5.33
188 16.74
189 18.41
190 42.60
191 1.93
192 4.89
193 19.05
194 0.00
195 4.11
196 1.71
197 2.48
198 14.20
199 15.65
200 1.20
201 3.21
202 2.03
203 1.96
204 2.51
205 1.90
206 2.07
207 2.26
208 2.14
209 2.87
210 2.59
211 2.52
212 3.62
213 7.39
214 0.00
215 1.84
216 17.14
217 0.25
218 0.00
219 48.00
220 0.00
221 53.73
222 10.03
223 11.67
224 1.33
225 2.05
226 1.75
227 2.29
228 2.32
229 2.15
230 2.27
231 2.35
232 2.58
233 2.36
234 2.78
235 2.42
236 3.82
237 6.91
238 36.36
239 42.86
240 4.95
241 0.00
242 17.73
243 33.64
244 0.00
245 6.69
246 16.36
247 14.27
248 2.01
249 2.37
250 2.07
251 2.08
252 1.81
253 2.01
254 2.45
255 1.84
256 2.58
257 2.39
258 2.46
259 2.13
260 2.38
261 5.32
262 11.11
263 0.87
264 3.86
265 0.26
266 0.87
267 0.00
268 0.00
269 1.43
270 32.58
271 8.12
272 2.04
273 2.67
274 1.64
275 1.72
276 1.92
277 2.19
278 1.90
279 2.77
280 2.64
281 1.93
282 2.51
283 2.65
284 3.08
285 8.77
286 13.16
287 0.00
288 6.38
289 13.85
290 0.96
291 48.00
292 0.00
293 17.18
294 10.43
295 6.24
296 1.01
297 1.55
298 1.62
299 2.31
300 2.22
301 1.97
302 2.41
303 2.13
304 2.59
305 2.28
306 2.27
307 2.46
308 2.82
309 5.00
310 4.91
311 2.25
312 2.33
313 1.37
314 10.16
315 12.20
316 16.72
317 9.09
318 3.68
319 45.57
320 0.80
321 3.53
322 2.70
323 2.90
324 2.27
325 2.08
326 1.50
327 2.22
328 3.29
329 1.89
330 2.50
331 2.88
332 2.76
333 2.45
334 10.14
335 1.99
336 11.93
337 0.35
338 0.00
339 56.25
340 0.00
341 0.00
342 0.00
343 0.00
344 3.69
345 5.68
346 3.15
347 2.39
348 1.72
349 1.78
350 1.56
351 1.64
352 1.36
353 2.09
354 2.27
355 8.06
356 17.60
357 7.50
358 27.27
359 6.23
360 3.32
361 0.26
362 0.00
363 0.00
364 0.00
365 0.00
366 8.26
367 7.63
368 1.12
369 3.57
370 1.55
371 2.29
372 2.68
373 2.74
374 2.49
375 3.03
376 3.06
377 2.32
378 2.95
379 2.69
380 3.68
381 19.75
382 36.92
383 48.00
384 3.83
385 8.96
386 0.38
387 0.00
388 0.00
389 23.68
390 0.00
391 2.47
392 1.05
393 1.68
394 2.14
395 2.23
396 2.89
397 2.73
398 2.40
399 2.87
400 3.01
401 1.81
402 2.58
403 2.67
404 3.18
405 8.34
406 29.39
407 41.38
408 7.74
409 8.20
410 1.13
411 3.60
412 0.00
413 53.33
414 9.05
415 10.73
416 1.30
417 2.70
418 2.04
419 2.76
420 2.08
421 2.08
422 1.97
423 2.52
424 2.50
425 2.22
426 2.49
427 2.39
428 2.96
429 6.38
430 21.39
431 0.93
432 4.25
433 0.28
434 2.75
435 23.45
436 0.00
437 0.00
438 17.31
439 2.75
440 1.12
441 1.94
442 2.38
443 2.46
444 2.56
445 2.55
446 2.43
447 2.39
448 2.39
449 1.88
450 2.06
451 1.98
452 3.20
453 12.67
454 9.40
455 5.33
456 21.82
457 0.60
458 8.74
459 1.15
460 5.37
461 2.14
462 4.75
463 4.57
464 1.31
465 1.78
466 1.67
467 1.78
468 2.18
469 2.09
470 2.58
471 2.41
472 2.63
473 2.43
474 1.81
475 1.95
476 2.58
477 16.08
478 0.53
479 1.70
480 41.86
481 0.50
482 0.76
483 44.44
484 4.37
485 10.10
486 8.59
487 0.00
488 0.91
489 1.77
490 2.16
491 2.89
492 2.33
493 2.12
494 2.58
495 2.29
496 2.41
497 3.00
498 1.80
499 2.85
500 2.87
501 4.73
502 9.55
503 2.06
504 5.31
505 0.92
506 21.05
507 8.91
508 10.21
509 0.00
510 0.00
511 0.00
512 1.07
513 2.77
514 1.99
515 1.44
516 1.51
517 1.53
518 1.67
519 1.65
520 1.67
521 2.97
522 2.06
523 5.87
524 2.59
525 31.03
526 0.69
527 16.94
528 2.86
529 0.50
530 0.00
531 15.65
532 0.00
533 7.70
534 6.26
535 7.38
536 1.17
537 2.57
538 2.01
539 2.23
540 1.69
541 2.28
542 2.26
543 2.35
544 2.58
545 2.16
546 2.39
547 2.13
548 3.37
549 4.03
550 0.00
551 17.91
552 2.40
553 0.13
554 33.33
555 0.00
556 0.00
557 5.45
558 0.00
559 2.33
560 1.03
561 1.86
562 2.08
563 1.99
564 2.18
565 2.12
566 2.19
567 2.14
568 3.03
569 1.83
570 1.96
571 2.06
572 2.59
573 6.42
574 5.89
575 32.58
576 3.68
577 0.82
578 0.00
579 0.00
580 0.00
581 4.81
582 9.86
583 7.69
584 0.89
585 2.21
586 1.47
587 2.18
588 1.99
589 1.85
590 2.25
591 1.99
592 2.71
593 2.30
594 1.77
595 2.24
596 2.88
597 15.87
598 4.24
599 1.67
600 4.74
601 0.71
602 4.23
603 3.61
604 0.00
605 0.00
606 24.66
607 17.10
608 0.23
609 0.40
610 0.85
611 1.29
612 0.85
613 1.20
614 2.59
615 1.53
616 1.36
617 1.11
618 1.23
619 2.24
620 2.71
621 13.89
622 8.11
623 27.61
624 14.75
625 0.57
626 2.80
627 2.01
628 3.19
629 17.82
630 0.00
631 6.76
632 1.26
633 2.46
634 1.57
635 2.03
636 1.73
637 2.28
638 2.33
639 1.97
640 3.19
641 2.15
642 2.30
643 2.24
644 3.41
645 9.52
646 2.07
647 1.83
648 8.18
649 0.40
650 10.45
651 9.00
652 6.47
653 0.00
654 0.00
655 4.91
656 0.56
657 3.41
658 2.07
659 2.60
660 2.20
661 2.55
662 2.13
663 3.32
664 2.64
665 3.49
666 2.82
667 2.69
668 2.37
669 2.46
670 1.39
671 1.57
672 0.00
673 0.41
674 14.54
675 0.00
676 5.04
677 12.24
678 6.52
679 13.90
680 0.29
681 0.93
682 1.28
683 1.31
684 1.29
685 1.11
686 1.18
687 1.76
688 1.29
689 1.52
690 1.47
691 5.28
692 3.23
693 0.00
694 37.11
695 0.00
696 7.60
697 3.71
698 3.21
699 0.00
700 3.54
701 3.25
702 4.06
703 3.90
704 1.04
705 2.21
706 1.48
707 1.97
708 2.15
709 1.97
710 1.78
711 1.81
712 2.35
713 2.40
714 2.01
715 2.42
716 3.51
717 4.97
718 5.50
719 0.00
720 5.49
721 0.47
722 0.00
723 0.97
724 0.00
725 6.59
726 12.12
727 8.97
728 0.79
729 1.79
730 1.38
731 2.46
732 2.31
733 2.02
734 1.83
735 1.67
736 2.24
737 1.97
738 2.30
739 2.67
740 2.68
741 2.72
742 0.00
743 3.76
744 0.00
745 5.84
746 1.99
747 0.00
748 21.18
749 0.00
750 10.83
751 2.41
752 0.84
753 2.14
754 1.42
755 1.79
756 1.93
757 1.38
758 1.68
759 2.35
760 2.66
761 2.43
762 1.83
763 2.39
764 3.17
765 7.12
766 1.16
767 3.69
768 5.23
769 2.07
770 13.55
771 11.58
772 38.71
773 0.00
774 15.37
775 3.22
776 1.08
777 2.30
778 1.29
779 1.61
780 1.91
781 1.71
782 1.96
783 1.92
784 1.70
785 2.17
786 1.89
787 2.58
788 2.31
789 8.91
790 12.39
791 2.25
792 1.03
793 0.26
794 1.50
795 9.51
796 0.00
797 4.44
798 5.56
799 17.33
800 0.96
801 2.21
802 1.38
803 1.48
804 2.06
805 1.78
806 1.97
807 2.20
808 2.10
809 2.72
810 2.08
811 1.56
812 2.59
813 7.93
814 6.68
815 2.51
816 6.60
817 0.53
818 5.80
819 0.00
820 29.75
821 0.00
822 0.00
823 13.00
824 0.47
825 2.44
826 2.24
827 2.68
828 2.02
829 2.04
830 2.06
831 1.72
832 1.96
833 2.02
834 2.48
835 2.17
836 2.16
837 6.63
838 2.14
839 2.19
840 20.17
841 0.37
842 35.64
843 9.60
844 10.45
845 13.33
846 23.08
847 0.00
848 0.47
849 1.71
850 1.82
851 1.44
852 1.56
853 1.24
854 1.35
855 1.47
856 1.64
857 1.67
858 2.72
859 6.35
860 2.84
861 0.00
862 33.18
863 0.00
864 10.32
865 48.00
866 3.18
867 0.00
868 5.62
869 8.91
870 10.07
871 2.81
872 1.03
873 2.00
874 1.64
875 2.01
876 1.92
877 1.74
878 1.92
879 2.13
880 2.33
881 2.41
882 2.57
883 2.54
884 2.61
885 10.55
886 2.56
887 1.99
888 10.88
889 0.42
890 0.00
891 0.00
892 4.45
893 0.00
894 3.76
895 5.49
896 0.86
897 2.21
898 1.37
899 1.40
900 2.34
901 1.55
902 2.10
903 1.94
904 1.95
905 1.92
906 1.97
907 1.84
908 1.91
909 8.29
910 9.46
911 3.67
912 9.61
913 0.27
914 0.00
915 5.52
916 0.00
917 0.00
918 8.85
919 4.36
920 0.81
921 2.61
922 1.66
923 2.14
924 2.14
925 1.59
926 1.92
927 1.76
928 1.92
929 1.81
930 2.33
931 2.40
932 2.31
933 5.51
934 8.99
935 2.22
936 13.79
937 0.27
938 1.83
939 0.00
940 1.81
941 3.89
942 4.57
943 3.92
944 0.85
945 2.69
946 1.18
947 1.70
948 1.68
949 1.93
950 1.63
951 1.86
952 1.68
953 2.04
954 2.17
955 1.81
956 2.45
957 4.98
958 15.53
959 3.05
960 4.76
961 0.37
962 3.42
963 4.90
964 27.27
965 20.87
966 0.00
967 6.46
968 0.66
969 1.35
970 1.12
971 1.36
972 1.80
973 1.94
974 1.87
975 1.80
976 2.04
977 1.78
978 1.79
979 1.99
980 1.94
981 5.55
982 4.77
983 1.02
984 0.00
985 1.39
986 3.16
987 4.19
988 4.98
989 0.00
990 0.00
991 19.23
992 0.52
993 2.77
994 1.58
995 2.17
996 2.26
997 1.88
998 1.67
999 1.31
1000 2.59
1001 2.64
1002 2.23
1003 1.68
1004 1.79
1005 5.40
1006 1.92
1007 1.19
1008 0.00
1009 0.60
1010 0.00
1011 0.00
1012 12.86
1013 24.32
1014 10.11
1015 19.89
1016 0.26
1017 4.21
1018 1.76
1019 1.39
1020 1.83
1021 1.63
1022 1.20
1023 1.26
1024 1.50
1025 1.55
1026 2.26
1027 5.39
1028 10.27
1029 2.06
1030 0.00
1031 0.00
1032 3.93
1033 0.94
1034 0.00
1035 0.00
1036 5.97
1037 53.73
1038 6.71
1039 3.59
1040 0.90
1041 1.99
1042 1.31
1043 1.46
1044 1.80
1045 1.96
1046 1.86
1047 1.99
1048 1.67
1049 1.87
1050 2.49
1051 2.19
1052 2.72
1053 7.33
1054 2.47
1055 49.32
1056 17.39
1057 6.96
1058 0.00
1059 13.52
1060 10.34
1061 17.22
1062 3.65
1063 3.86
1064 0.90
1065 3.27
1066 1.50
1067 2.17
1068 1.91
1069 1.90
1070 1.55
1071 1.62
1072 2.17
1073 1.90
1074 1.90
1075 2.78
1076 1.90
1077 6.73
1078 11.78
1079 1.59
1080 0.00
1081 0.22
1082 0.00
1083 4.29
1084 59.02
1085 0.00
1086 21.82
1087 4.12
1088 1.06
1089 2.45
1090 1.44
1091 1.95
1092 1.65
1093 2.28
1094 1.81
1095 2.39
1096 2.02
1097 1.76
1098 2.13
1099 1.74
1100 2.04
1101 4.11
1102 3.55
1103 1.48
1104 0.00
1105 0.27
1106 3.81
1107 8.04
1108 4.41
1109 4.20
1110 6.43
1111 6.96
1112 0.69
1113 1.96
1114 1.38
1115 1.50
1116 1.56
1117 1.58
1118 1.87
1119 1.94
1120 1.82
1121 2.07
1122 1.94
1123 2.24
1124 2.08
1125 6.00
1126 14.34
1127 7.85
1128 16.82
1129 4.10
1130 1.75
1131 8.09
1132 58.06
1133 0.00
1134 7.47
1135 1.88
1136 0.81
1137 1.89
1138 1.31
1139 1.40
1140 1.68
1141 1.61
1142 1.74
1143 1.80
1144 1.96
1145 2.08
1146 1.77
1147 1.81
1148 1.83
1149 2.20
1150 0.68
1151 11.86
1152 19.50
1153 0.46
1154 0.00
1155 0.00
1156 49.66
1157 19.78
1158 7.24
1159 0.00
1160 0.42
1161 1.72
1162 1.83
1163 1.60
1164 1.71
1165 1.93
1166 1.89
1167 1.59
1168 2.10
1169 1.67
1170 2.03
1171 2.08
1172 1.93
1173 2.04
1174 2.49
1175 0.53
1176 22.17
1177 3.25
1178 1.66
1179 45.00
1180 45.57
1181 6.13
1182 16.16
1183 0.00
1184 0.40
1185 1.33
1186 1.27
1187 1.14
1188 1.68
1189 1.32
1190 1.04
1191 1.27
1192 1.47
1193 1.42
1194 1.86
1195 2.35
1196 0.00
1197 0.00
1198 35.64
1199 0.00
1200 6.61
1201 1.27
1202 0.35
1203 0.00
1204 0.00
1205 0.00
1206 9.23
1207 7.81
1208 0.85
1209 2.55
1210 1.50
1211 1.64
1212 1.56
1213 1.70
1214 1.79
1215 1.96
1216 2.14
1217 2.25
1218 1.86
1219 1.79
1220 2.55
1221 24.30
1222 10.76
1223 3.34
1224 18.37
1225 0.26
1226 0.00
1227 0.00
1228 0.00
1229 0.00
1230 3.41
1231 8.01
1232 0.78
1233 2.28
1234 1.07
1235 1.53
1236 1.39
1237 1.43
1238 1.39
1239 1.67
1240 2.08
1241 1.83
1242 1.95
1243 2.24
1244 2.14
1245 2.54
1246 0.00
1247 3.85
1248 7.50
1249 0.00
1250 2.69
1251 3.79
1252 24.16
1253 0.00
1254 4.36
1255 2.35
1256 0.75
1257 1.22
1258 1.15
1259 1.45
1260 1.50
1261 1.79
1262 1.71
1263 1.93
1264 2.00
1265 2.01
1266 1.81
1267 1.86
1268 2.16
1269 3.41
1270 16.14
1271 22.64
1272 5.00
1273 1.51
1274 0.00
1275 2.92
1276 2.65
1277 2.23
1278 3.90
1279 4.37
1280 0.67
1281 1.45
1282 1.11
1283 1.65
1284 2.23
1285 1.65
1286 1.65
1287 1.78
1288 2.48
1289 1.83
1290 1.85
1291 1.92
1292 2.21
1293 5.85
1294 14.54
1295 4.06
1296 7.98
1297 0.18
1298 0.00
1299 6.29
1300 1.78
1301 33.03
1302 4.35
1303 3.11
1304 0.64
1305 1.29
1306 1.24
1307 1.68
1308 1.77
1309 1.83
1310 1.97
1311 2.35
1312 2.23
1313 2.20
1314 2.14
1315 1.80
1316 2.46
1317 4.58
1318 3.44
1319 1.86
1320 31.39
1321 0.29
1322 0.00
1323 0.00
1324 14.59
1325 41.38
1326 0.00
1327 27.69
1328 0.23
1329 1.70
1330 2.13
1331 1.69
1332 1.88
1333 1.30
1334 1.78
1335 1.56
1336 2.06
1337 2.19
1338 2.09
1339 2.36
1340 2.14
1341 2.39
1342 0.50
1343 0.00
1344 1.69
1345 1.07
1346 5.92
1347 1.21
1348 0.00
1349 25.90
1350 0.00
1351 23.38
1352 0.29
1353 1.86
1354 1.53
1355 1.43
1356 1.03
1357 1.14
1358 1.43
1359 0.90
1360 1.49
1361 1.25
1362 2.09
1363 4.02
1364 0.90
1365 0.00
1366 19.03
1367 36.00
1368 35.29
1369 0.00
1370 0.00
1371 37.89
1372 8.97
1373 0.00
1374 8.39
1375 6.06
1376 0.66
1377 2.45
1378 1.60
1379 1.80
1380 1.84
1381 1.39
1382 1.70
1383 1.99
1384 2.19
1385 1.80
1386 1.51
1387 2.08
1388 2.53
1389 8.22
1390 3.74
1391 1.48
1392 0.00
1393 0.14
1394 0.00
1395 37.11
1396 58.06
1397 13.69
1398 6.59
1399 7.16
1400 0.76
1401 1.32
1402 1.12
1403 1.41
1404 1.37
1405 1.40
1406 1.23
1407 1.92
1408 2.01
1409 1.93
1410 1.97
1411 1.79
1412 1.85
1413 3.13
1414 7.03
1415 27.16
1416 6.78
1417 11.04
1418 0.30
1419 2.13
1420 18.18
1421 1.90
1422 5.73
1423 2.49
1424 0.72
1425 1.89
1426 1.43
1427 1.58
1428 1.92
1429 1.55
1430 1.65
1431 2.15
1432 1.70
1433 1.84
1434 1.43
1435 1.92
1436 2.14
1437 2.90
1438 18.13
1439 3.64
1440 4.35
1441 0.35
1442 4.51
1443 0.00
1444 16.92
1445 4.68
1446 6.26
1447 4.79
1448 0.88
1449 2.18
1450 1.51
1451 1.64
1452 2.11
1453 1.80
1454 2.10
1455 1.76
1456 2.60
1457 2.20
1458 2.04
1459 2.35
1460 2.00
1461 1.95
1462 8.55
1463 2.42
1464 5.87
1465 1.68
1466 12.38
1467 16.50
1468 16.39
1469 7.06
1470 14.06
1471 27.07
1472 0.36
1473 2.33
1474 1.54
1475 1.94
1476 1.61
1477 1.57
1478 1.46
1479 1.89
1480 1.59
1481 2.17
1482 1.94
1483 1.85
1484 1.52
1485 1.71
1486 1.29
1487 3.13
1488 0.00
1489 0.35
1490 0.00
1491 12.54
1492 7.43
1493 6.20
1494 6.07
1495 6.17
1496 0.25
1497 1.90
1498 1.39
1499 1.10
1500 1.20
1501 1.34
1502 1.41
1503 1.42
1504 1.36
1505 1.52
1506 1.87
1507 5.06
1508 0.00
1509 12.13
1510 14.85
1511 0.00
1512 14.12
1513 0.90
1514 2.36
1515 0.00
1516 16.14
1517 22.64
1518 17.48
1519 3.60
1520 0.79
1521 2.60
1522 1.44
1523 1.27
1524 1.76
1525 1.63
1526 1.77
1527 1.75
1528 1.92
1529 2.19
1530 2.01
1531 2.48
1532 1.92
1533 5.36
1534 11.48
1535 9.49
1536 10.75
1537 11.84
1538 3.19
1539 48.00
1540 13.57
1541 11.49
1542 7.27
1543 8.68
1544 1.01
1545 1.64
1546 1.34
1547 1.39
1548 1.66
1549 1.64
1550 1.74
1551 1.91
1552 2.11
1553 1.84
1554 2.00
1555 2.39
1556 1.94
1557 4.95
1558 8.75
1559 28.12
1560 16.67
1561 0.26
1562 1.78
1563 0.00
1564 0.00
1565 7.42
1566 2.59
1567 7.77
1568 0.79
1569 1.94
1570 1.20
1571 1.37
1572 1.49
1573 1.61
1574 1.61
1575 1.95
1576 2.09
1577 1.68
1578 1.92
1579 1.85
1580 2.20
1581 5.67
1582 9.96
1583 2.21
1584 3.40
1585 1.31
1586 6.78
1587 14.52
1588 9.55
1589 4.79
1590 1.37
1591 2.04
1592 0.60
1593 1.74
1594 1.25
1595 1.90
1596 2.00
1597 1.58
1598 1.75
1599 2.12
1600 1.97
1601 2.18
1602 1.66
1603 2.07
1604 2.06
1605 4.11
1606 17.06
1607 3.62
1608 5.30
1609 0.14
1610 20.11
1611 0.00
1612 0.00
1613 0.00
1614 5.06
1615 1.69
1616 0.63
1617 2.38
1618 1.39
1619 1.76
1620 1.54
1621 1.59
1622 1.80
1623 1.75
1624 1.98
1625 1.81
1626 1.71
1627 1.96
1628 2.51
1629 1.40
1630 0.99
1631 13.45
1632 16.36
1633 0.48
1634 6.86
1635 21.05
1636 7.72
1637 11.33
1638 11.32
1639 10.64
1640 0.33
1641 1.64
1642 1.90
1643 1.89
1644 1.99
1645 1.75
1646 1.85
1647 1.41
1648 1.74
1649 2.03
1650 2.19
1651 2.05
1652 1.63
1653 4.86
1654 2.64
1655 17.34
1656 2.63
1657 0.93
1658 14.72
1659 1.58
1660 0.00
1661 8.18
1662 7.47
1663 3.11
1664 0.26
1665 0.85
1666 1.20
1667 1.22
1668 1.37
1669 1.17
1670 1.17
1671 1.44
1672 1.48
1673 1.34
1674 1.41
1675 2.32
1676 1.48
1677 5.84
1678 40.91
1679 1.50
1680 3.87
1681 2.23
1682 3.76
1683 8.46
1684 4.85
1685 5.14
1686 2.37
1687 7.33
1688 0.18
1689 0.33
1690 0.29
1691 0.53
1692 1.28
1693 1.12
1694 0.94
1695 0.74
1696 0.95
1697 1.29
1698 1.15
1699 1.37
1700 1.70
1701 11.26
1702 9.82
1703 4.43
1704 1.03
1705 0.14
1706 0.00
1707 0.00
1708 0.00
1709 5.16
1710 30.25
1711 6.47
1712 1.10
1713 1.96
1714 1.43
1715 1.57
1716 1.54
1717 1.56
1718 1.61
1719 1.86
1720 2.00
1721 2.08
1722 2.12
1723 2.39
1724 2.67
1725 9.52
1726 0.88
1727 29.88
1728 1.60
1729 7.48
1730 0.00
1731 0.00
1732 0.00
1733 53.73
1734 8.92
1735 10.20
1736 1.00
1737 1.73
1738 1.46
1739 1.67
1740 1.58
1741 1.53
1742 2.05
1743 1.49
1744 1.94
1745 2.62
1746 2.03
1747 2.13
1748 1.75
1749 5.71
1750 18.78
1751 5.71
1752 11.05
1753 14.21
1754 0.00
1755 13.69
1756 48.00
1757 7.11
1758 6.41
1759 4.82
1760 0.98
1761 2.77
1762 1.52
1763 1.57
1764 1.50
1765 1.52
1766 1.69
1767 1.68
1768 1.80
1769 1.92
1770 2.06
1771 1.93
1772 2.16
1773 4.34
1774 3.50
1775 4.41
1776 0.00
1777 11.25
1778 0.00
1779 0.00
1780 3.41
1781 9.81
1782 1.53
1783 9.10
1784 0.88
1785 1.34
1786 1.29
1787 1.93
1788 2.10
1789 1.65
1790 1.58
1791 1.96
1792 1.80
1793 2.15
1794 1.56
1795 1.59
1796 1.82
1797 1.97
1798 0.78
1799 1.64
1800 1.39
1801 0.73
1802 8.89
1803 17.48
1804 5.75
1805 46.15
1806 20.45
1807 2.91
1808 0.40
1809 1.61
1810 1.90
1811 1.60
1812 1.96
1813 1.64
1814 1.77
1815 1.44
1816 1.68
1817 1.44
1818 1.73
1819 1.65
1820 1.71
1821 2.02
1822 1.48
1823 1.00
1824 2.37
1825 0.77
1826 23.53
1827 48.00
1828 6.61
1829 8.61
1830 29.15
1831 7.47
1832 0.65
1833 0.98
1834 1.34
1835 1.13
1836 1.13
1837 1.51
1838 1.03
1839 1.10
1840 1.35
1841 1.29
1842 1.91
1843 3.96
1844 11.15
1845 1.24
1846 2.77
1847 4.48
1848 2.09
1849 0.00
1850 10.06
1851 0.00
1852 0.00
1853 1.36
1854 6.19
1855 14.01
1856 0.91
1857 2.28
1858 1.42
1859 2.05
1860 2.03
1861 1.82
1862 1.67
1863 2.00
1864 2.09
1865 1.80
1866 2.13
1867 2.23
1868 2.53
1869 5.10
1870 5.54
1871 0.00
1872 9.07
1873 0.00
1874 0.00
1875 9.73
1876 0.00
1877 15.52
1878 6.72
1879 28.12
1880 0.83
1881 2.18
1882 1.30
1883 1.68
1884 1.80
1885 1.82
1886 1.81
1887 1.72
1888 2.15
1889 2.44
1890 1.84
1891 2.07
1892 2.02
1893 2.28
1894 14.36
1895 2.08
1896 3.83
1897 0.84
1898 0.00
1899 0.00
1900 0.00
1901 15.35
1902 4.92
1903 3.97
1904 0.95
1905 1.78
1906 1.31
1907 1.99
1908 1.69
1909 1.45
1910 1.63
1911 1.86
1912 1.92
1913 2.44
1914 2.39
1915 2.08
1916 1.81
1917 6.68
1918 26.47
1919 2.74
1920 2.18
1921 0.39
1922 0.00
1923 2.46
1924 8.61
1925 2.13
1926 5.11
1927 1.60
1928 1.03
1929 1.86
1930 1.16
1931 1.70
1932 1.70
1933 1.81
1934 1.78
1935 2.09
1936 1.70
1937 1.86
1938 1.80
1939 1.74
1940 2.05
1941 5.23
1942 1.46
1943 6.92
1944 29.88
1945 0.00
1946 4.15
1947 0.00
1948 7.90
1949 10.00
1950 0.00
1951 4.01
1952 0.98
1953 2.21
1954 1.23
1955 1.65
1956 1.75
1957 1.81
1958 1.51
1959 1.85
1960 2.00
1961 1.68
1962 1.63
1963 1.84
1964 1.77
1965 1.76
1966 1.01
1967 0.89
1968 4.37
1969 1.75
1970 6.92
1971 14.17
1972 15.73
1973 0.00
1974 4.35
1975 0.00
1976 0.41
1977 1.37
1978 2.04
1979 1.77
1980 2.00
1981 2.08
1982 1.31
1983 1.33
1984 1.51
1985 1.68
1986 1.64
1987 1.63
1988 1.80
1989 4.26
1990 0.51
1991 34.62
1992 26.77
1993 11.58
1994 0.84
1995 44.82
1996 6.03
1997 40.45
1998 0.00
1999 0.00
2000 0.31
2001 1.66
2002 1.28
2003 1.36
2004 1.23
2005 1.17
2006 1.09
2007 1.13
2008 1.32
2009 1.72
2010 1.54
2011 2.58
2012 0.00
2013 0.00
2014 21.43
2015 0.00
2016 46.15
2017 0.71
2018 0.00
2019 0.00
2020 0.00
2021 0.00
2022 2.74
2023 4.22
2024 0.96
2025 1.92
2026 1.30
2027 1.82
2028 1.51
2029 1.67
2030 2.00
2031 1.68
2032 2.24
2033 1.96
2034 1.92
2035 1.58
2036 2.17
2037 3.73
2038 0.00
2039 7.89
2040 0.00
2041 0.00
2042 0.45
2043 0.00
2044 0.00
2045 5.68
2046 0.00
2047 19.46
2048 0.87
2049 2.64
2050 1.90
2051 1.32
2052 1.97
2053 1.60
2054 1.81
2055 2.19
2056 1.93
2057 2.27
2058 2.08
2059 1.94
2060 1.91
2061 4.04
2062 14.40
2063 0.67
2064 0.00
2065 0.00
2066 5.90
2067 0.00
2068 0.00
2069 21.88
2070 11.80
2071 6.03
2072 0.84
2073 1.90
2074 1.27
2075 1.92
2076 1.85
2077 1.80
2078 1.81
2079 2.29
2080 1.96
2081 1.62
2082 2.23
2083 1.92
2084 2.18
2085 5.30
2086 9.35
2087 1.58
2088 14.01
2089 0.28
2090 0.00
2091 0.00
2092 0.00
2093 0.00
2094 9.76
2095 2.56
2096 0.80
2097 2.31
2098 1.42
2099 1.97
2100 1.77
2101 1.67
2102 1.71
2103 2.10
2104 2.09
2105 1.74
2106 1.56
2107 1.66
2108 1.82
2109 4.21
2110 0.89
2111 0.00
2112 0.00
2113 2.90
2114 15.72
2115 0.00
2116 0.00
2117 21.75
2118 0.00
2119 1.62
2120 0.77
2121 2.06
2122 1.59
2123 1.55
2124 2.58
2125 2.04
2126 2.09
2127 2.43
2128 2.28
2129 1.69
2130 1.54
2131 1.82
2132 2.07
2133 4.42
2134 0.76
2135 1.58
2136 2.64
2137 0.89
2138 0.00
2139 0.00
2140 2.88
2141 0.00
2142 10.50
2143 5.60
2144 0.47
2145 1.79
2146 1.63
2147 1.77
2148 1.51
2149 1.54
2150 1.68
2151 1.93
2152 1.66
2153 1.44
2154 1.63
2155 1.69
2156 1.89
2157 3.37
2158 0.45
2159 0.00
2160 0.00
2161 0.32
2162 0.00
2163 0.00
2164 1.21
2165 0.00
2166 1.60
2167 0.12
2168 0.38
2169 1.54
2170 0.80
2171 0.92
2172 1.47
2173 1.22
2174 1.44
2175 1.20
2176 1.30
2177 1.48
2178 1.70
2179 5.71
2180 25.82
2181 2.96
2182 21.07
2183 0.00
2184 0.00
2185 0.04
2186 0.00
2187 0.00
2188 0.00
2189 0.00
2190 4.73
2191 29.67
2192 1.03
2193 2.45
2194 1.61
2195 2.10
2196 1.77
2197 1.76
2198 1.79
2199 1.78
2200 2.25
2201 1.71
2202 1.87
2203 1.89
2204 2.55
2205 4.37
2206 7.19
2207 1.49
2208 8.00
2209 0.04
2210 6.56
2211 0.00
2212 7.16
2213 0.00
2214 11.36
2215 1.73
2216 1.13
2217 2.14
2218 1.64
2219 1.73
2220 1.99
2221 1.79
2222 1.67
2223 1.97
2224 2.03
2225 2.02
2226 1.99
2227 2.02
2228 1.89
2229 5.40
2230 0.93
2231 0.90
2232 0.00
2233 0.09
2234 0.00
2235 0.00
2236 0.00
2237 0.00
2238 26.47
2239 7.55
2240 1.37
2241 1.67
2242 1.58
2243 1.71
2244 1.97
2245 1.63
2246 2.06
2247 1.97
2248 2.49
2249 1.98
2250 1.67
2251 2.04
2252 2.29
2253 4.44
2254 1.41
2255 3.50
2256 9.65
2257 0.62
2258 0.00
2259 0.00
2260 0.00
2261 5.57
2262 43.37
2263 1.00
2264 1.02
2265 1.36
2266 1.28
2267 1.90
2268 2.44
2269 1.81
2270 2.19
2271 1.69
2272 2.10
2273 1.76
2274 1.83
2275 1.91
2276 2.08
2277 2.55
2278 0.72
2279 1.70
2280 38.10
2281 0.45
2282 52.94
2283 14.63
2284 21.95
2285 6.01
2286 0.00
2287 4.50
2288 0.24
2289 0.52
2290 0.68
2291 0.76
2292 1.09
2293 1.13
2294 1.29
2295 0.96
2296 1.29
2297 1.29
2298 1.28
2299 1.78
2300 1.85
2301 5.28
2302 1.77
2303 0.61
2304 0.00
2305 0.13
2306 3.96
2307 11.66
2308 3.55
2309 0.00
2310 0.91
2311 0.00
2312 0.40
2313 1.03
2314 1.00
2315 1.25
2316 1.28
2317 1.24
2318 1.38
2319 1.31
2320 1.23
2321 1.51
2322 1.65
2323 2.13
2324 2.03
2325 1.41
2326 0.00
2327 2.65
2328 8.73
2329 0.37
2330 0.00
2331 0.00
2332 10.48
2333 13.64
2334 6.57
2335 10.94
2336 0.34
2337 0.83
2338 1.56
2339 1.24
2340 1.19
2341 1.08
2342 1.18
2343 1.22
2344 1.11
2345 1.23
2346 1.92
2347 3.73
2348 0.00
2349 3.14
2350 18.46
2351 1.04
2352 0.00
2353 0.11
2354 0.00
2355 4.35
2356 46.15
2357 0.00
2358 30.00
2359 40.45
2360 0.27
2361 0.27
2362 0.46
2363 0.73
2364 0.74
2365 0.78
2366 1.17
2367 1.00
2368 1.25
2369 1.28
2370 0.98
2371 1.31
2372 1.94
2373 12.70
2374 33.03
2375 0.00
2376 0.00
2377 0.04
2378 0.00
2379 0.00
2380 0.00
2381 11.09
2382 0.00
2383 3.87
2384 1.22
2385 2.54
2386 1.55
2387 1.94
2388 1.64
2389 1.58
2390 1.89
2391 1.94
2392 2.20
2393 1.90
2394 2.28
2395 2.08
2396 2.79
2397 4.42
2398 0.84
2399 2.34
2400 0.00
2401 0.06
2402 18.46
2403 0.00
2404 0.00
2405 0.00
2406 6.08
2407 0.00
2408 1.15
2409 2.55
2410 1.56
2411 1.97
2412 1.76
2413 1.80
2414 1.91
2415 1.58
2416 2.24
2417 2.26
2418 2.64
2419 2.29
2420 2.13
2421 7.92
2422 0.00
2423 16.22
2424 1.02
2425 0.06
2426 0.00
2427 0.00
2428 0.00
2429 4.80
2430 30.77
2431 0.67
2432 1.15
2433 1.80
2434 1.28
2435 1.75
2436 1.97
2437 1.89
2438 1.87
2439 2.32
2440 2.00
2441 1.68
2442 1.78
2443 1.83
2444 2.71
2445 4.16
2446 0.00
2447 45.00
2448 1.04
2449 0.06
2450 0.00
2451 0.00
2452 0.00
2453 3.64
2454 6.63
2455 4.43
2456 1.12
2457 2.14
2458 1.30
2459 1.78
2460 1.88
2461 1.71
2462 1.82
2463 1.92
2464 1.75
2465 1.87
2466 1.93
2467 2.00
2468 2.17
2469 4.77
2470 1.35
2471 10.91
2472 2.81
2473 0.84
2474 2.87
2475 0.00
2476 21.69
2477 12.68
2478 27.07
2479 15.38
2480 0.47
2481 1.14
2482 2.42
2483 1.57
2484 1.48
2485 1.82
2486 1.52
2487 1.88
2488 1.88
2489 2.66
2490 1.91
2491 1.65
2492 1.89
2493 11.36
2494 44.44
2495 0.51
2496 3.90
2497 0.12
2498 0.00
2499 16.59
2500 18.34
2501 19.81
2502 0.53
2503 0.00
2504 0.40
2505 2.85
2506 1.17
2507 1.80
2508 1.27
2509 1.14
2510 1.19
2511 1.45
2512 1.51
2513 1.55
2514 1.91
2515 6.69
2516 22.43
2517 8.00
2518 0.00
2519 10.08
2520 0.00
2521 0.08
2522 12.10
2523 0.00
2524 0.00
2525 13.36
2526 0.00
2527 10.16
2528 1.27
2529 2.33
2530 1.68
2531 1.87
2532 2.17
2533 1.50
2534 1.91
2535 2.32
2536 2.52
2537 2.41
2538 2.21
2539 2.30
2540 2.75
2541 11.82
2542 0.00
2543 0.83
2544 31.86
2545 0.06
2546 0.00
2547 0.00
2548 0.00
2549 0.00
2550 3.43
2551 23.08
2552 1.15
2553 2.18
2554 1.55
2555 2.14
2556 1.91
2557 2.45
2558 1.95
2559 1.87
2560 2.33
2561 2.09
2562 2.39
2563 2.06
2564 2.36
2565 3.41
2566 10.43
2567 0.91
2568 0.00
2569 0.06
2570 29.27
2571 0.00
2572 0.00
2573 6.70
2574 0.00
2575 1.29
2576 1.03
2577 1.69
2578 1.66
2579 2.13
2580 1.85
2581 1.66
2582 2.47
2583 1.92
2584 2.01
2585 1.90
2586 2.01
2587 1.90
2588 1.99
2589 4.42
2590 0.55
2591 0.73
2592 0.00
2593 0.10
2594 0.00
2595 0.88
2596 0.00
2597 58.06
2598 0.00
2599 7.11
2600 1.21
2601 2.40
2602 1.71
2603 1.66
2604 2.23
2605 2.08
2606 1.90
2607 1.77
2608 2.07
2609 1.88
2610 2.08
2611 1.86
2612 2.31
2613 2.88
2614 8.55
2615 44.44
2616 1.05
2617 0.06
2618 0.00
2619 0.00
2620 0.00
2621 13.28
2622 0.00
2623 4.93
2624 1.10
2625 1.60
2626 1.61
2627 1.62
2628 1.94
2629 2.04
2630 1.56
2631 2.05
2632 2.84
2633 1.87
2634 1.60
2635 1.72
2636 2.23
2637 26.87
2638 6.30
2639 2.19
2640 0.00
2641 0.14
2642 0.00
2643 10.68
2644 1.48
2645 0.00
2646 4.65
2647 0.00
2648 0.55
2649 1.40
2650 1.82
2651 1.91
2652 1.83
2653 1.31
2654 1.33
2655 1.99
2656 1.69
2657 2.03
2658 1.74
2659 1.67
2660 1.66
2661 2.89
2662 0.00
2663 0.00
2664 0.00
2665 0.22
2666 4.38
2667 0.00
2668 3.69
2669 5.23
2670 5.83
2671 0.00
2672 0.36
2673 1.51
2674 1.33
2675 1.26
2676 1.19
2677 1.13
2678 1.07
2679 1.06
2680 1.39
2681 1.37
2682 1.70
2683 3.11
2684 26.57
2685 0.00
2686 4.33
2687 25.53
2688 0.00
2689 0.04
2690 0.00
2691 0.00
2692 0.00
2693 0.00
2694 14.88
2695 5.23
2696 0.90
2697 2.11
2698 1.32
2699 2.15
2700 1.68
2701 1.85
2702 1.89
2703 2.47
2704 2.15
2705 1.51
2706 1.94
2707 2.21
2708 3.09
2709 7.11
2710 46.75
2711 1.87
2712 1.63
2713 0.06
2714 0.00
2715 0.00
2716 0.00
2717 0.00
2718 0.00
2719 1.45
2720 1.06
2721 2.32
2722 1.44
2723 1.47
2724 1.69
2725 2.14
2726 1.77
2727 1.92
2728 2.28
2729 1.77
2730 1.99
2731 2.73
2732 2.35
2733 5.15
2734 9.39
2735 3.04
2736 1.32
2737 0.09
2738 0.00
2739 0.00
2740 0.00
2741 0.00
2742 0.77
2743 0.00
2744 0.31
2745 0.65
2746 0.53
2747 0.99
2748 0.77
2749 0.72
2750 1.03
2751 1.06
2752 1.48
2753 1.12
2754 1.01
2755 1.77
2756 1.80
2757 4.91
2758 4.49
2759 0.00
2760 11.54
2761 0.08
2762 0.00
2763 0.00
2764 0.00
2765 50.70
2766 6.02
2767 7.92
2768 0.95
2769 1.55
2770 1.40
2771 1.70
2772 2.04
2773 1.65
2774 1.74
2775 2.20
2776 2.45
2777 2.14
2778 1.55
2779 3.04
2780 2.79
2781 6.29
2782 8.34
2783 19.57
2784 45.57
2785 0.08
2786 9.84
2787 31.58
2788 0.00
2789 22.36
2790 2.83
2791 5.01
2792 0.88
2793 1.83
2794 1.36
2795 1.52
2796 2.08
2797 1.72
2798 2.03
2799 2.16
2800 2.42
2801 2.12
2802 1.75
2803 2.18
2804 2.09
2805 2.10
2806 0.00
2807 0.95
2808 0.00
2809 0.12
2810 14.88
2811 15.82
2812 22.75
2813 16.51
2814 28.46
2815 2.24
2816 0.53
2817 2.02
2818 1.75
2819 1.69
2820 1.38
2821 1.67
2822 1.97
2823 1.83
2824 1.58
2825 2.63
2826 2.20
2827 1.53
2828 1.60
2829 0.92
2830 0.40
2831 0.00
2832 7.07
2833 0.11
2834 0.00
2835 0.00
2836 3.72
2837 6.65
2838 6.14
2839 0.00
2840 0.53
2841 1.43
2842 0.98
2843 1.48
2844 1.12
2845 1.00
2846 0.95
2847 1.40
2848 0.97
2849 1.72
2850 1.33
2851 5.23
2852 0.00
2853 24.57
2854 0.00
2855 19.46
2856 0.00
2857 0.08
2858 0.00
2859 11.04
2860 0.00
2861 52.94
2862 6.39
2863 3.48
2864 1.09
2865 2.03
2866 1.51
2867 1.67
2868 1.87
2869 1.63
2870 1.55
2871 2.09
2872 2.27
2873 2.47
2874 1.93
2875 2.29
2876 2.68
2877 4.95
2878 34.29
2879 3.80
2880 0.00
2881 0.10
2882 0.00
2883 0.00
2884 0.00
2885 53.73
2886 3.07
2887 14.23
2888 0.95
2889 2.12
2890 1.45
2891 1.78
2892 1.75
2893 2.06
2894 1.76
2895 2.09
2896 2.51
2897 1.69
2898 2.21
2899 2.13
2900 2.85
2901 6.17
2902 3.01
2903 15.82
2904 37.50
2905 0.04
2906 0.00
2907 0.00
2908 3.28
2909 47.37
2910 0.00
2911 1.27
2912 1.05
2913 2.50
2914 1.57
2915 1.54
2916 1.92
2917 2.08
2918 1.20
2919 1.52
2920 1.66
2921 2.34
2922 1.87
2923 2.03
2924 1.69
2925 6.88
2926 24.83
2927 3.15
2928 0.00
2929 0.06
2930 0.00
2931 0.00
2932 0.00
2933 50.70
2934 1.95
2935 0.96
2936 0.96
2937 1.93
2938 1.80
2939 1.53
2940 1.66
2941 1.93
2942 1.53
2943 1.66
2944 2.01
2945 1.56
2946 1.72
2947 1.94
2948 1.91
2949 3.49
2950 0.00
2951 1.65
2952 0.00
2953 0.06
2954 0.00
2955 14.40
2956 25.35
2957 9.50
2958 7.94
2959 4.30
2960 0.96
2961 1.56
2962 1.47
2963 1.68
2964 1.59
2965 1.50
2966 1.79
2967 1.51
2968 1.86
2969 1.77
2970 2.26
2971 2.47
2972 1.94
2973 6.40
2974 2.17
2975 2.50
2976 5.18
2977 0.11
2978 0.00
2979 10.67
2980 8.51
2981 16.00
2982 8.74
2983 13.87
2984 0.51
2985 1.40
2986 1.39
2987 1.70
2988 1.88
2989 1.88
2990 1.72
2991 1.39
2992 1.79
2993 1.92
2994 1.90
2995 1.73
2996 1.50
2997 5.38
2998 19.20
2999 0.76
3000 0.00
3001 0.14
3002 0.49
3003 13.17
3004 18.64
3005 10.24
3006 4.58
3007 46.75
3008 0.64
3009 1.23
3010 1.29
3011 1.29
3012 1.00
3013 0.98
3014 1.15
3015 1.05
3016 1.21
3017 0.99
3018 1.48
3019 3.93
3020 0.00
3021 41.38
3022 5.08
3023 2.96
3024 16.29
3025 0.08
3026 4.60
3027 0.00
3028 0.00
3029 0.00
3030 0.00
3031 2.20
3032 0.85
3033 2.79
3034 1.28
3035 1.59
3036 1.94
3037 2.31
3038 1.92
3039 1.58
3040 2.10
3041 1.93
3042 2.16
3043 2.52
3044 2.49
3045 2.39
3046 59.02
3047 30.51
3048 1.04
3049 0.08
3050 48.00
3051 0.00
3052 6.01
3053 7.95
3054 0.90
3055 2.31
3056 1.21
3057 2.31
3058 1.32
3059 1.38
3060 1.75
3061 1.58
3062 2.39
3063 2.16
3064 2.05
3065 2.17
3066 2.67
3067 1.83
3068 2.47
3069 5.72
3070 12.50
3071 3.53
3072 0.00
3073 0.07
3074 0.00
3075 34.62
3076 15.65
3077 3.45
3078 10.84
3079 9.27
3080 1.22
3081 1.89
3082 1.18
3083 2.06
3084 1.91
3085 1.72
3086 1.59
3087 1.79
3088 2.02
3089 2.05
3090 1.94
3091 1.80
3092 2.19
3093 4.40
3094 10.40
3095 9.23
3096 15.52
3097 0.12
3098 0.00
3099 0.00
3100 0.00
3101 6.10
3102 4.84
3103 1.93
3104 1.09
3105 1.95
3106 1.61
3107 1.41
3108 1.48
3109 1.35
3110 1.67
3111 1.64
3112 2.18
3113 2.02
3114 1.67
3115 1.76
3116 1.78
3117 6.91
3118 20.11
3119 2.29
3120 4.60
3121 0.14
3122 0.00
3123 0.00
3124 0.00
3125 13.24
3126 21.05
3127 2.51
3128 0.75
3129 1.85
3130 1.33
3131 1.33
3132 1.51
3133 1.39
3134 1.44
3135 1.79
3136 2.23
3137 2.22
3138 2.01
3139 2.20
3140 2.28
3141 4.62
3142 0.87
3143 0.00
3144 0.00
3145 0.38
3146 0.00
3147 20.22
3148 17.91
3149 24.66
3150 12.81
3151 1.85
3152 0.51
3153 1.12
3154 1.78
3155 1.74
3156 1.80
3157 1.37
3158 1.66
3159 1.76
3160 1.49
3161 2.40
3162 1.73
3163 1.70
3164 1.73
3165 0.69
3166 0.00
3167 11.67
3168 28.96
3169 0.82
3170 0.00
3171 21.75
3172 2.71
3173 3.10
3174 0.00
3175 5.77
3176 0.64
3177 1.43
3178 1.03
3179 1.08
3180 1.48
3181 1.03
3182 0.98
3183 1.16
3184 1.49
3185 1.66
3186 2.21
3187 3.20
3188 16.59
3189 53.73
3190 29.03
3191 19.05
3192 0.00
3193 0.00
3194 0.00
3195 0.00
3196 9.45
3197 5.72
3198 15.00
3199 2.83
3200 0.93
3201 2.83
3202 1.15
3203 1.82
3204 1.62
3205 1.82
3206 1.52
3207 1.90
3208 2.42
3209 1.62
3210 1.91
3211 2.21
3212 2.16
3213 7.04
3214 14.49
3215 25.17
3216 18.49
3217 22.64
3218 17.22
3219 0.00
3220 0.00
3221 6.69
3222 34.62
3223 1.81
3224 0.53
3225 1.81
3226 1.47
3227 1.05
3228 1.59
3229 1.80
3230 1.77
3231 1.82
3232 2.12
3233 2.13
3234 1.93
3235 2.47
3236 2.38
3237 7.62
3238 52.17
3239 0.92
3240 0.00
3241 0.14
3242 0.00
3243 0.00
3244 0.00
3245 6.72
3246 12.04
3247 1.26
3248 0.92
3249 2.02
3250 1.47
3251 1.59
3252 1.81
3253 1.63
3254 1.62
3255 1.32
3256 1.92
3257 1.94
3258 2.00
3259 1.93
3260 2.31
3261 2.46
3262 4.01
3263 5.31
3264 33.13
3265 10.76
3266 0.00
3267 0.00
3268 0.00
3269 16.07
3270 4.05
3271 6.47
3272 0.87
3273 1.74
3274 1.29
3275 1.50
3276 1.83
3277 1.50
3278 1.52
3279 2.00
3280 1.60
3281 2.27
3282 1.73
3283 2.05
3284 2.18
3285 2.39
3286 18.00
3287 14.61
3288 0.00
3289 2.80
3290 33.64
3291 0.00
3292 18.95
3293 3.12
3294 13.90
3295 4.59
3296 1.08
3297 1.74
3298 1.26
3299 1.90
3300 1.48
3301 1.68
3302 1.50
3303 1.55
3304 1.86
3305 1.73
3306 1.83
3307 1.91
3308 1.91
3309 4.55
3310 42.35
3311 2.25
3312 2.60
3313 8.91
3314 0.83
3315 0.00
3316 15.45
3317 13.33
3318 5.10
3319 0.62
3320 0.43
3321 1.62
3322 1.53
3323 1.47
3324 1.51
3325 1.49
3326 1.38
3327 1.64
3328 1.62
3329 1.57
3330 1.93
3331 1.64
3332 1.37
3333 5.32
3334 26.47
3335 25.71
3336 5.83
3337 0.98
3338 2.27
3339 24.71
3340 14.85
3341 11.48
3342 16.09
3343 48.00
3344 0.77
3345 1.11
3346 1.39
3347 0.98
3348 1.12
3349 1.23
3350 1.25
3351 1.39
3352 0.98
3353 1.53
3354 1.72
3355 5.15
3356 0.76
3357 14.01
3358 0.00
3359 2.07
3360 0.00
3361 0.00
3362 0.00
3363 31.86
3364 0.00
3365 7.74
3366 0.00
3367 5.82
3368 1.21
3369 2.23
3370 1.33
3371 1.63
3372 1.90
3373 1.49
3374 1.74
3375 1.67
3376 2.26
3377 2.36
3378 2.72
3379 1.91
3380 2.56
3381 8.67
3382 9.10
3383 0.73
3384 0.00
3385 0.14
3386 0.00
3387 0.00
3388 12.00
3389 5.10
3390 4.69
3391 1.91
3392 0.85
3393 1.75
3394 0.89
3395 1.29
3396 1.76
3397 1.53
3398 1.67
3399 1.88
3400 1.95
3401 2.26
3402 1.88
3403 2.09
3404 1.82
3405 3.56
3406 0.00
3407 0.99
3408 0.00
3409 0.14
3410 38.30
3411 14.34
3412 0.00
3413 6.06
3414 4.61
3415 2.00
3416 1.52
3417 1.44
3418 0.95
3419 1.94
3420 1.69
3421 1.80
3422 1.49
3423 1.36
3424 1.83
3425 2.10
3426 2.17
3427 1.74
3428 1.74
3429 11.00
3430 30.25
3431 1.36
3432 0.00
3433 3.20
3434 0.00
3435 0.00
3436 0.00
3437 5.40
3438 9.14
3439 2.94
3440 1.12
3441 2.77
3442 0.85
3443 1.89
3444 1.86
3445 1.31
3446 1.44
3447 1.84
3448 1.73
3449 1.93
3450 1.73
3451 1.93
3452 2.22
3453 5.95
3454 4.53
3455 4.08
3456 1.90
3457 0.00
3458 0.00
3459 9.38
3460 7.39
3461 7.87
3462 4.86
3463 1.28
3464 1.17
3465 2.47
3466 1.04
3467 1.55
3468 2.17
3469 1.71
3470 1.42
3471 2.14
3472 2.26
3473 2.42
3474 1.60
3475 2.06
3476 1.91
3477 1.56
3478 0.34
3479 0.00
3480 9.94
3481 0.82
3482 2.70
3483 14.96
3484 11.69
3485 12.00
3486 0.00
3487 4.85
3488 0.28
3489 1.86
3490 1.64
3491 1.62
3492 1.76
3493 1.50
3494 1.40
3495 1.48
3496 1.78
3497 1.57
3498 1.58
3499 1.61
3500 1.25
3501 0.53
3502 0.93
3503 0.59
3504 0.00
3505 0.78
3506 0.00
3507 0.00
3508 0.00
3509 7.29
3510 13.90
3511 0.00
3512 0.72
3513 0.92
3514 0.86
3515 1.20
3516 1.12
3517 1.16
3518 1.06
3519 1.23
3520 1.23
3521 1.20
3522 1.50
3523 2.20
3524 12.24
3525 9.25
3526 0.00
3527 0.00
3528 0.00
3529 0.00
3530 34.29
3531 0.00
3532 0.00
3533 15.09
3534 14.32
3535 2.68
3536 0.96
3537 2.08
3538 1.08
3539 1.70
3540 1.40
3541 1.91
3542 1.53
3543 1.60
3544 2.08
3545 2.45
3546 2.13
3547 1.93
3548 2.17
3549 5.38
3550 0.77
3551 9.09
3552 18.82
3553 6.65
3554 0.00
3555 15.86
3556 10.24
3557 7.22
3558 0.00
3559 17.34
3560 1.19
3561 1.87
3562 0.97
3563 1.54
3564 1.79
3565 1.64
3566 1.45
3567 1.94
3568 1.47
3569 1.88
3570 1.93
3571 2.18
3572 1.94
3573 5.86
3574 21.52
3575 42.35
3576 7.47
3577 0.00
3578 0.00
3579 0.00
3580 0.00
3581 10.71
3582 9.40
3583 5.03
3584 1.12
3585 2.04
3586 1.36
3587 2.18
3588 1.73
3589 1.73
3590 2.14
3591 1.66
3592 2.06
3593 2.37
3594 1.72
3595 1.79
3596 2.00
3597 2.89
3598 6.72
3599 4.54
3600 8.35
3601 0.41
3602 0.00
3603 27.48
3604 0.00
3605 4.64
3606 9.40
3607 1.74
3608 1.22
3609 3.04
3610 1.23
3611 1.69
3612 2.43
3613 2.09
3614 1.84
3615 1.87
3616 1.88
3617 2.13
3618 2.19
3619 1.33
3620 2.47
3621 4.78
3622 0.00
3623 0.00
3624 1.98
3625 0.13
3626 16.22
3627 1.35
3628 11.94
3629 0.41
3630 0.00
3631 21.30
3632 0.63
3633 2.39
3634 1.74
3635 1.89
3636 1.93
3637 1.54
3638 1.86
3639 2.03
3640 2.33
3641 2.20
3642 1.76
3643 2.35
3644 2.17
3645 7.27
3646 5.62
3647 2.09
3648 6.32
3649 1.01
3650 0.00
3651 26.34
3652 22.39
3653 0.00
3654 18.54
3655 8.60
3656 0.39
3657 1.75
3658 1.45
3659 1.78
3660 1.57
3661 1.57
3662 1.41
3663 1.42
3664 1.46
3665 1.16
3666 1.64
3667 1.84
3668 1.58
3669 2.12
3670 0.74
3671 0.63
3672 0.00
3673 0.77
3674 18.63
3675 3.02
3676 6.20
3677 2.34
3678 4.29
3679 0.00
3680 0.92
3681 2.31
3682 1.26
3683 1.22
3684 1.46
3685 1.04
3686 1.39
3687 0.97
3688 1.16
3689 1.36
3690 2.00
3691 3.65
3692 10.71
3693 45.57
3694 8.17
3695 17.71
3696 2.76
3697 5.48
3698 9.97
3699 54.55
3700 1.21
3701 3.66
3702 6.77
3703 3.24
3704 1.00
3705 2.45
3706 1.57
3707 1.43
3708 1.74
3709 1.54
3710 1.50
3711 2.40
3712 2.20
3713 2.51
3714 2.63
3715 1.73
3716 1.73
3717 2.93
3718 1.42
3719 0.84
3720 1.51
3721 0.52
3722 4.94
3723 4.93
3724 6.72
3725 15.41
3726 3.77
3727 4.09
3728 0.95
3729 2.52
3730 1.44
3731 1.47
3732 1.82
3733 1.63
3734 1.80
3735 1.74
3736 1.87
3737 1.72
3738 1.76
3739 2.24
3740 2.50
3741 2.05
3742 7.61
3743 2.65
3744 22.93
3745 1.97
3746 2.85
3747 0.46
3748 0.00
3749 57.14
3750 4.97
3751 2.84
3752 0.81
3753 1.98
3754 1.35
3755 1.95
3756 2.01
3757 1.75
3758 1.91
3759 1.80
3760 2.07
3761 1.87
3762 1.95
3763 2.55
3764 2.73
3765 4.39
3766 0.95
3767 3.33
3768 2.90
3769 0.61
3770 0.00
3771 5.99
3772 0.00
3773 3.70
3774 8.07
3775 5.64
3776 1.59
3777 2.60
3778 1.43
3779 1.22
3780 1.56
3781 2.04
3782 1.70
3783 1.98
3784 1.62
3785 1.88
3786 1.89
3787 1.65
3788 2.20
3789 3.55
3790 14.15
3791 5.50
3792 12.98
3793 5.76
3794 0.00
3795 0.00
3796 11.00
3797 13.94
3798 5.52
3799 3.00
3800 1.13
3801 2.41
3802 1.47
3803 1.66
3804 1.81
3805 1.68
3806 1.68
3807 1.63
3808 1.98
3809 2.22
3810 1.97
3811 1.96
3812 2.60
3813 3.01
3814 5.87
3815 3.19
3816 17.46
3817 0.71
3818 12.04
3819 0.00
3820 36.92
3821 13.38
3822 0.00
3823 0.00
3824 0.37
3825 1.86
3826 1.66
3827 1.87
3828 2.17
3829 1.92
3830 1.57
3831 1.55
3832 1.49
3833 1.33
3834 1.45
3835 2.07
3836 1.79
3837 2.00
3838 42.35
3839 2.11
3840 7.79
3841 0.69
3842 6.09
3843 22.09
3844 12.57
3845 2.46
3846 7.76
3847 9.65
3848 0.57
3849 0.88
3850 1.93
3851 0.94
3852 0.84
3853 1.22
3854 1.07
3855 0.89
3856 0.86
3857 1.06
3858 1.34
3859 2.77
3860 0.00
3861 5.40
3862 21.39
3863 1.35
3864 48.65
3865 1.81
3866 6.40
3867 9.44
3868 28.46
3869 25.26
3870 3.06
3871 0.00
3872 0.27
3873 0.24
3874 0.49
3875 0.73
3876 0.70
3877 0.58
3878 0.53
3879 0.90
3880 0.91
3881 0.92
3882 1.64
3883 1.77
3884 1.95
3885 3.44
3886 6.09
3887 7.71
3888 2.39
3889 12.54
3890 7.83
3891 0.00
3892 2.02
3893 7.67
3894 3.28
3895 8.51
3896 1.07
3897 2.06
3898 1.09
3899 1.07
3900 2.17
3901 1.41
3902 1.69
3903 1.69
3904 1.92
3905 1.84
3906 1.77
3907 2.05
3908 1.99
3909 9.30
3910 3.14
3911 15.08
3912 6.91
3913 0.59
3914 0.00
3915 0.00
3916 19.05
3917 3.69
3918 7.05
3919 5.83
3920 1.12
3921 2.00
3922 1.60
3923 2.02
3924 1.42
3925 1.49
3926 1.54
3927 2.22
3928 1.93
3929 1.95
3930 2.45
3931 1.96
3932 2.29
3933 5.88
3934 6.95
3935 15.47
3936 1.55
3937 16.00
3938 14.12
3939 0.00
3940 8.31
3941 9.92
3942 3.00
3943 2.62
3944 1.08
3945 1.76
3946 1.13
3947 1.51
3948 2.34
3949 1.89
3950 1.77
3951 1.77
3952 1.72
3953 1.51
3954 1.93
3955 1.59
3956 2.00
3957 9.33
3958 4.50
3959 6.06
3960 5.01
3961 0.30
3962 26.47
3963 7.35
3964 0.48
3965 6.19
3966 11.85
3967 3.26
3968 1.05
3969 2.73
3970 1.13
3971 1.65
3972 1.83
3973 1.51
3974 1.96
3975 1.51
3976 2.00
3977 1.78
3978 1.53
3979 1.70
3980 1.78
3981 4.18
3982 2.21
3983 2.45
3984 12.21
3985 2.39
3986 3.23
3987 7.55
3988 13.28
3989 18.75
3990 41.38
3991 14.55
3992 0.32
3993 1.42
3994 2.38
3995 1.63
3996 1.91
3997 1.09
3998 1.34
3999 1.56
4000 1.88
4001 1.38
4002 1.75
4003 1.58
4004 1.45
4005 1.75
4006 0.00
4007 0.95
4008 4.40
4009 0.42
4010 1.55
4011 0.00
4012 12.00
4013 5.20
4014 13.62
4015 5.23
4016 0.57
4017 2.01
4018 1.24
4019 1.12
4020 1.26
4021 1.06
4022 1.01
4023 1.10
4024 1.47
4025 1.48
4026 1.49
4027 5.18
4028 8.20
4029 12.39
4030 29.03
4031 4.64
4032 6.39
4033 0.66
4034 0.00
4035 13.64
4036 0.26
4037 50.00
4038 8.29
4039 4.49
4040 0.96
4041 1.87
4042 0.93
4043 1.83
4044 2.15
4045 1.60
4046 1.80
4047 1.69
4048 2.12
4049 2.10
4050 2.04
4051 1.82
4052 1.75
4053 6.54
4054 1.26
4055 4.57
4056 4.32
4057 4.11
4058 3.30
4059 0.00
4060 0.00
4061 5.81
4062 49.32
4063 8.14
4064 1.11
4065 2.86
4066 1.10
4067 1.71
4068 1.82
4069 1.89
4070 2.11
4071 2.05
4072 1.94
4073 2.18
4074 1.69
4075 1.49
4076 1.87
4077 2.08
4078 4.22
4079 3.50
4080 0.00
4081 2.33
4082 0.00
4083 37.70
4084 16.90
4085 6.20
4086 3.22
4087 3.29
4088 1.45
4089 1.79
4090 1.13
4091 1.64
4092 1.59
4093 1.44
4094 1.61
4095 1.87
4096 1.94
4097 1.93
4098 2.02
4099 1.72
4100 2.43
4101 8.34
4102 27.45
4103 6.04
4104 4.38
4105 6.91
4106 1.61
4107 2.12
4108 0.00
4109 5.07
4110 4.88
4111 3.31
4112 1.44
4113 3.14
4114 1.31
4115 1.11
4116 1.49
4117 1.43
4118 1.50
4119 1.81
4120 1.63
4121 1.94
4122 1.68
4123 2.07
4124 1.84
4125 1.61
4126 4.72
4127 12.97
4128 6.97
4129 1.06
4130 8.98
4131 0.00
4132 25.71
4133 10.05
4134 14.17
4135 9.07
4136 1.40
4137 1.54
4138 1.15
4139 1.56
4140 1.75
4141 1.65
4142 1.85
4143 1.78
4144 1.68
4145 1.88
4146 1.88
4147 1.71
4148 1.73
4149 0.86
4150 0.34
4151 0.00
4152 2.26
4153 0.40
4154 0.00
4155 0.00
4156 43.90
4157 8.14
4158 42.35
4159 7.89
4160 0.38
4161 1.53
4162 1.95
4163 1.78
4164 1.59
4165 1.75
4166 1.39
4167 1.83
4168 1.55
4169 1.30
4170 1.69
4171 1.86
4172 1.81
4173 4.13
4174 1.02
4175 0.67
4176 6.78
4177 0.40
4178 0.00
4179 17.22
4180 5.63
4181 5.53
4182 7.45
4183 2.34
4184 0.99
4185 1.53
4186 1.33
4187 0.98
4188 1.55
4189 1.23
4190 1.07
4191 0.99
4192 1.09
4193 1.22
4194 2.00
4195 4.80
4196 7.84
4197 20.17
4198 24.32
4199 4.01
4200 6.01
4201 2.80
4202 4.13
4203 19.29
4204 3.67
4205 9.18
4206 12.29
4207 3.07
4208 1.28
4209 1.36
4210 1.23
4211 2.17
4212 1.81
4213 1.69
4214 1.75
4215 1.67
4216 2.22
4217 2.26
4218 2.22
4219 1.87
4220 1.92
4221 13.48
4222 2.66
4223 7.42
4224 1.89
4225 0.29
4226 3.83
4227 7.64
4228 0.00
4229 8.46
4230 7.23
4231 7.33
4232 1.74
4233 2.04
4234 1.41
4235 1.51
4236 2.27
4237 1.86
4238 1.74
4239 1.84
4240 1.86
4241 1.76
4242 1.72
4243 1.53
4244 2.08
4245 3.03
4246 7.80
4247 9.57
4248 2.44
4249 5.71
4250 0.00
4251 3.59
4252 13.77
4253 5.16
4254 8.87
4255 6.05
4256 1.33
4257 1.96
4258 1.11
4259 1.78
4260 1.65
4261 1.73
4262 1.77
4263 1.86
4264 2.14
4265 1.87
4266 1.81
4267 1.74
4268 2.12
4269 5.19
4270 4.34
4271 9.88
4272 16.40
4273 0.00
4274 3.59
4275 0.00
4276 34.62
4277 0.00
4278 3.63
4279 2.44
4280 1.23
4281 1.59
4282 1.21
4283 1.76
4284 1.85
4285 1.83
4286 1.72
4287 2.02
4288 1.51
4289 1.39
4290 1.71
4291 2.14
4292 1.75
4293 3.48
4294 9.47
4295 8.49
4296 0.00
4297 13.84
4298 26.07
4299 26.02
4300 1.52
4301 6.24
4302 36.00
4303 1.05
4304 1.21
4305 2.16
4306 1.09
4307 1.45
4308 1.45
4309 1.71
4310 1.93
4311 1.80
4312 2.10
4313 1.70
4314 1.81
4315 1.87
4316 1.55
4317 1.75
4318 0.00
4319 4.31
4320 3.48
4321 1.15
4322 11.39
4323 6.80
4324 13.28
4325 17.02
4326 5.36
4327 13.11
4328 0.39
4329 1.00
4330 1.59
4331 1.74
4332 1.88
4333 1.76
4334 1.59
4335 1.51
4336 1.81
4337 1.66
4338 1.42
4339 1.66
4340 1.61
4341 0.90
4342 1.26
4343 4.90
4344 50.00
4345 0.60
4346 0.23
4347 16.45
4348 6.33
4349 11.26
4350 16.93
4351 34.12
4352 0.57
4353 2.54
4354 1.64
4355 1.29
4356 1.55
4357 1.50
4358 1.44
4359 0.82
4360 1.55
4361 1.39
4362 2.06
4363 9.53
4364 4.63
4365 10.83
4366 15.25
4367 8.23
4368 46.15
4369 0.20
4370 2.75
4371 19.25
4372 0.00
4373 6.53
4374 18.23
4375 2.07
4376 1.19
4377 2.13
4378 1.17
4379 1.90
4380 1.87
4381 1.40
4382 1.22
4383 1.86
4384 1.69
4385 2.01
4386 1.94
4387 2.02
4388 2.14
4389 6.89
4390 6.87
4391 8.67
4392 17.87
4393 0.00
4394 6.03
4395 40.15
4396 8.57
4397 50.00
4398 7.02
4399 6.57
4400 1.38
4401 2.61
4402 1.16
4403 1.53
4404 1.52
4405 1.48
4406 1.77
4407 1.65
4408 1.93
4409 2.07
4410 1.79
4411 1.98
4412 2.22
4413 6.62
4414 1.76
4415 28.35
4416 3.79
4417 0.27
4418 0.00
4419 0.76
4420 0.00
4421 8.30
4422 6.74
4423 13.94
4424 1.13
4425 1.98
4426 1.55
4427 1.93
4428 1.44
4429 1.48
4430 1.69
4431 1.84
4432 2.20
4433 1.98
4434 1.58
4435 1.66
4436 2.22
4437 5.77
4438 6.34
4439 5.30
4440 2.34
4441 0.16
4442 0.00
4443 39.13
4444 0.00
4445 4.47
4446 29.75
4447 7.85
4448 1.18
4449 2.21
4450 1.15
4451 1.49
4452 2.10
4453 1.64
4454 1.78
4455 1.71
4456 2.21
4457 1.73
4458 1.92
4459 1.93
4460 1.87
4461 4.53
4462 3.79
4463 0.72
4464 23.84
4465 4.77
4466 0.00
4467 32.43
4468 0.00
4469 10.11
4470 5.94
4471 3.46
4472 1.66
4473 2.65
4474 1.42
4475 1.93
4476 2.22
4477 1.55
4478 1.92
4479 1.92
4480 1.90
4481 1.73
4482 1.43
4483 2.20
4484 2.16
4485 2.29
4486 1.13
4487 0.00
4488 2.91
4489 6.21
4490 9.86
4491 11.90
4492 3.81
4493 8.53
4494 2.96
4495 6.45
4496 0.67
4497 1.65
4498 1.26
4499 1.88
4500 1.42
4501 1.32
4502 1.78
4503 1.19
4504 1.56
4505 1.83
4506 2.06
4507 1.75
4508 1.55
4509 5.50
4510 0.00
4511 1.66
4512 2.42
4513 0.82
4514 0.00
4515 1.09
4516 23.23
4517 9.18
4518 6.76
4519 16.05
4520 0.58
4521 1.10
4522 1.35
4523 1.23
4524 1.30
4525 1.34
4526 1.18
4527 1.04
4528 1.07
4529 1.34
4530 1.39
4531 2.35
4532 13.48
4533 15.93
4534 16.80
4535 4.30
4536 5.48
4537 0.00
4538 0.95
4539 0.00
4540 0.00
4541 45.57
4542 12.49
4543 2.70
4544 1.33
4545 3.06
4546 1.22
4547 1.71
4548 2.40
4549 1.47
4550 1.57
4551 1.95
4552 2.21
4553 2.02
4554 1.99
4555 2.33
4556 2.81
4557 6.95
4558 25.74
4559 0.00
4560 3.69
4561 2.98
4562 24.16
4563 1.17
4564 9.35
4565 4.36
4566 0.56
4567 6.82
4568 0.82
4569 3.20
4570 1.43
4571 2.19
4572 1.87
4573 1.74
4574 1.98
4575 1.96
4576 2.64
4577 1.78
4578 1.64
4579 1.81
4580 3.16
4581 8.90
4582 24.41
4583 4.40
4584 22.41
4585 0.24
4586 0.75
4587 0.00
4588 0.00
4589 4.47
4590 9.96
4591 14.86
4592 1.86
4593 2.17
4594 1.46
4595 2.18
4596 1.82
4597 1.78
4598 1.70
4599 1.65
4600 1.63
4601 1.69
4602 2.59
4603 2.25
4604 2.40
4605 5.02
4606 9.76
4607 3.49
4608 2.99
4609 0.15
4610 0.30
4611 0.00
4612 0.00
4613 4.04
4614 15.64
4615 6.26
4616 1.35
4617 1.96
4618 1.30
4619 1.76
4620 2.24
4621 1.48
4622 1.93
4623 1.88
4624 1.98
4625 1.61
4626 1.90
4627 1.96
4628 2.34
4629 3.67
4630 13.69
4631 6.74
4632 25.71
4633 0.92
4634 0.00
4635 0.00
4636 9.44
4637 0.00
4638 7.80
4639 2.29
4640 1.09
4641 1.77
4642 1.24
4643 1.81
4644 1.73
4645 1.95
4646 2.02
4647 1.92
4648 1.96
4649 1.77
4650 1.85
4651 2.95
4652 2.32
4653 5.63
4654 0.99
4655 0.00
4656 4.14
4657 0.18
4658 11.68
4659 2.59
4660 6.74
4661 11.32
4662 0.00
4663 0.00
4664 0.44
4665 1.43
4666 1.81
4667 1.54
4668 1.66
4669 2.14
4670 1.26
4671 1.69
4672 1.82
4673 2.12
4674 1.98
4675 1.98
4676 1.83
4677 2.28
4678 0.00
4679 1.62
4680 2.56
4681 1.57
4682 1.27
4683 16.11
4684 8.56
4685 3.99
4686 19.05
4687 0.65
4688 0.69
4689 1.61
4690 0.95
4691 1.41
4692 1.48
4693 1.63
4694 1.14
4695 1.26
4696 1.39
4697 1.41
4698 2.02
4699 4.88
4700 0.00
4701 0.00
4702 31.03
4703 9.57
4704 0.00
4705 1.08
4706 0.89
4707 19.89
4708 5.84
4709 3.97
4710 12.11
4711 2.28
4712 1.09
4713 2.86
4714 1.64
4715 1.71
4716 1.79
4717 1.77
4718 1.71
4719 1.72
4720 2.45
4721 1.72
4722 2.09
4723 2.04
4724 2.39
4725 4.07
4726 17.14
4727 23.23
4728 18.56
4729 13.74
4730 0.00
4731 19.00
4732 9.18
4733 3.96
4734 7.44
4735 8.26
4736 0.95
4737 1.88
4738 1.51
4739 1.35
4740 1.75
4741 1.55
4742 1.49
4743 1.75
4744 1.73
4745 1.99
4746 2.49
4747 1.82
4748 1.87
4749 7.05
4750 14.78
4751 8.93
4752 56.25
4753 1.16
4754 5.85
4755 22.36
4756 6.22
4757 12.38
4758 1.32
4759 15.55
4760 1.59
4761 2.01
4762 1.37
4763 1.71
4764 1.92
4765 1.58
4766 1.50
4767 1.52
4768 1.84
4769 1.83
4770 1.88
4771 2.18
4772 2.34
4773 6.78
4774 9.44
4775 5.27
4776 6.80
4777 7.62
4778 16.05
4779 3.78
4780 1.06
4781 8.13
4782 19.25
4783 2.19
4784 1.58
4785 1.74
4786 1.31
4787 1.66
4788 1.53
4789 1.50
4790 1.78
4791 2.17
4792 1.94
4793 2.16
4794 1.66
4795 2.23
4796 1.90
4797 6.67
4798 9.08
4799 7.06
4800 24.00
4801 1.67
4802 0.00
4803 19.83
4804 0.45
4805 4.38
4806 8.32
4807 2.48
4808 1.01
4809 2.02
4810 1.13
4811 1.86
4812 1.76
4813 1.66
4814 1.55
4815 1.71
4816 1.75
4817 1.87
4818 2.09
4819 1.98
4820 1.98
4821 4.33
4822 0.93
4823 1.66
4824 23.15
4825 0.78
4826 1.47
4827 31.86
4828 44.17
4829 15.55
4830 13.48
4831 19.73
4832 0.40
4833 1.20
4834 2.04
4835 1.50
4836 1.64
4837 1.87
4838 1.94
4839 1.45
4840 1.85
4841 1.91
4842 2.10
4843 1.84
4844 1.55
4845 2.66
4846 0.70
4847 4.34
4848 1.09
4849 0.33
4850 0.00
4851 2.97
4852 0.00
4853 0.00
4854 22.64
4855 0.36
4856 0.40
4857 1.39
4858 1.58
4859 1.13
4860 0.97
4861 1.26
4862 1.19
4863 1.19
4864 1.59
4865 1.24
4866 1.46
4867 6.10
4868 15.08
4869 9.44
4870 17.36
4871 4.26
4872 0.00
4873 5.37
4874 2.01
4875 0.00
4876 6.39
4877 8.31
4878 6.17
4879 3.70
4880 1.35
4881 1.81
4882 1.13
4883 1.92
4884 2.00
4885 1.97
4886 2.09
4887 2.20
4888 2.21
4889 2.15
4890 1.96
4891 1.39
4892 1.78
4893 5.36
4894 2.75
4895 40.00
4896 30.25
4897 4.84
4898 0.00
4899 0.00
4900 0.00
4901 29.75
4902 11.43
4903 1.42
4904 1.07
4905 2.12
4906 1.02
4907 1.95
4908 2.17
4909 1.81
4910 2.45
4911 1.76
4912 2.91
4913 2.03
4914 1.77
4915 2.59
4916 2.89
4917 1.79
4918 22.36
4919 7.27
4920 56.25
4921 1.41
4922 10.32
4923 10.32
4924 14.16
4925 17.43
4926 0.00
4927 2.74
4928 1.70
4929 1.74
4930 1.35
4931 2.27
4932 1.78
4933 2.24
4934 2.49
4935 2.55
4936 2.44
4937 1.79
4938 1.78
4939 1.88
4940 1.97
4941 7.30
4942 1.77
4943 1.27
4944 21.18
4945 0.46
4946 9.93
4947 5.36
4948 7.07
4949 2.62
4950 8.40
4951 2.43
4952 1.42
4953 1.94
4954 1.54
4955 2.12
4956 2.18
4957 1.71
4958 2.53
4959 1.96
4960 2.31
4961 2.51
4962 1.76
4963 2.12
4964 2.13
4965 7.61
4966 12.24
4967 10.21
4968 3.34
4969 2.43
4970 2.55
4971 1.98
4972 20.45
4973 20.93
4974 6.22
4975 1.97
4976 1.09
4977 1.89
4978 1.36
4979 2.01
4980 2.13
4981 1.74
4982 2.53
4983 2.63
4984 2.12
4985 1.76
4986 1.36
4987 2.06
4988 2.17
4989 0.62
4990 0.00
4991 3.04
4992 0.00
4993 0.32
4994 0.00
4995 0.00
4996 18.56
4997 5.42
4998 0.00
4999 0.00
5000 0.43
5001 3.29
5002 1.56
5003 2.34
5004 1.59
5005 1.98
5006 1.88
5007 1.75
5008 2.06
5009 2.62
5010 2.18
5011 1.81
5012 1.68
5013 2.04
5014 0.00
5015 0.72
5016 4.33
5017 0.41
5018 0.00
5019 1.11
5020 57.14
5021 2.31
5022 9.65
5023 57.14
5024 0.30
5025 1.67
5026 1.55
5027 1.17
5028 1.72
5029 1.20
5030 1.43
5031 1.10
5032 0.99
5033 1.23
5034 1.69
5035 6.41
5036 0.00
5037 5.86
5038 5.75
5039 3.14
5040 1.89
5041 5.72
5042 0.00
5043 3.65
5044 2.95
5045 9.76
5046 26.37
5047 3.90
5048 0.75
5049 1.82
5050 0.97
5051 1.92
5052 2.20
5053 2.11
5054 2.05
5055 1.76
5056 1.50
5057 1.88
5058 1.74
5059 2.26
5060 2.18
5061 6.42
5062 5.74
5063 4.01
5064 12.54
5065 0.29
5066 1.43
5067 10.34
5068 5.75
5069 8.67
5070 6.95
5071 8.13
5072 0.66
5073 2.46
5074 1.48
5075 1.64
5076 1.50
5077 1.36
5078 1.48
5079 2.04
5080 2.30
5081 1.96
5082 1.92
5083 1.94
5084 2.09
5085 3.54
5086 7.60
5087 5.05
5088 5.96
5089 0.30
5090 0.73
5091 0.00
5092 37.89
5093 22.22
5094 6.07
5095 9.14
5096 0.71
5097 1.38
5098 1.14
5099 1.65
5100 2.13
5101 1.71
5102 2.50
5103 1.94
5104 1.63
5105 1.82
5106 1.94
5107 2.31
5108 1.96
5109 4.66
5110 9.18
5111 2.89
5112 15.43
5113 0.50
5114 0.00
5115 8.49
5116 33.64
5117 9.19
5118 5.36
5119 4.85
5120 0.64
5121 2.01
5122 1.59
5123 2.42
5124 1.75
5125 1.74
5126 1.85
5127 1.90
5128 2.61
5129 1.65
5130 1.49
5131 2.24
5132 1.84
5133 7.43
5134 4.01
5135 3.79
5136 3.90
5137 3.82
5138 2.75
5139 4.90
5140 12.46
5141 21.18
5142 4.80
5143 1.72
5144 0.66
5145 1.68
5146 0.94
5147 2.12
5148 2.39
5149 1.87
5150 2.06
5151 2.20
5152 1.53
5153 1.27
5154 1.63
5155 1.42
5156 2.06
5157 1.63
5158 3.25
5159 14.26
5160 3.08
5161 0.19
5162 0.00
5163 0.00
5164 26.47
5165 0.00
5166 3.35
5167 13.64
5168 0.27
5169 3.71
5170 1.94
5171 1.73
5172 1.40
5173 1.69
5174 1.52
5175 1.72
5176 1.66
5177 2.26
5178 1.98
5179 1.98
5180 1.91
5181 1.58
5182 0.47
5183 23.53
5184 20.02
5185 0.54
5186 14.63
5187 7.41
5188 0.00
5189 7.54
5190 10.35
5191 6.30
5192 0.27
5193 1.09
5194 2.38
5195 0.85
5196 1.43
5197 0.94
5198 1.25
5199 1.13
5200 1.29
5201 1.37
5202 1.82
5203 5.62
5204 1.96
5205 8.26
5206 35.23
5207 9.37
5208 7.57
5209 0.42
5210 0.00
5211 20.04
5212 0.00
5213 8.13
5214 5.66
5215 5.12
5216 0.66
5217 2.24
5218 1.48
5219 2.19
5220 1.58
5221 2.23
5222 1.76
5223 1.69
5224 1.59
5225 2.14
5226 2.21
5227 1.97
5228 2.13
5229 3.86
5230 3.31
5231 5.78
5232 4.16
5233 0.21
5234 0.00
5235 9.21
5236 37.89
5237 11.43
5238 5.16
5239 9.04
5240 0.74
5241 1.97
5242 1.54
5243 2.01
5244 1.68
5245 2.01
5246 1.72
5247 1.95
5248 1.88
5249 2.14
5250 1.95
5251 2.40
5252 2.14
5253 2.81
5254 12.90
5255 16.00
5256 7.34
5257 2.98
5258 7.83
5259 22.71
5260 7.78
5261 12.41
5262 12.31
5263 6.95
5264 0.84
5265 2.08
5266 1.05
5267 2.07
5268 2.21
5269 1.52
5270 1.74
5271 1.91
5272 1.91
5273 2.04
5274 1.42
5275 2.15
5276 2.40
5277 4.88
5278 6.99
5279 3.94
5280 5.24
5281 0.30
5282 0.00
5283 0.00
5284 13.48
5285 16.71
5286 18.21
5287 4.53
5288 0.69
5289 1.89
5290 1.18
5291 1.71
5292 2.00
5293 1.80
5294 1.52
5295 2.37
5296 2.23
5297 1.94
5298 1.81
5299 2.30
5300 2.00
5301 8.38
5302 1.92
5303 11.48
5304 17.43
5305 0.89
5306 0.00
5307 4.03
5308 31.58
5309 2.22
5310 8.00
5311 2.69
5312 0.64
5313 3.31
5314 1.31
5315 1.76
5316 1.89
5317 1.56
5318 2.09
5319 1.85
5320 1.85
5321 1.78
5322 1.35
5323 1.58
5324 2.02
5325 4.92
5326 1.95
5327 1.46
5328 13.47
5329 1.77
5330 42.60
5331 0.65
5332 0.00
5333 0.00
5334 0.00
5335 27.17
5336 0.37
5337 1.49
5338 1.02
5339 1.76
5340 2.60
5341 2.02
5342 1.97
5343 1.88
5344 1.81
5345 1.85
5346 2.45
5347 2.25
5348 1.79
5349 1.75
5350 0.00
5351 4.65
5352 3.63
5353 14.44
5354 0.58
5355 0.00
5356 52.94
5357 8.63
5358 13.08
5359 0.00
5360 0.31
5361 1.75
5362 0.90
5363 1.15
5364 0.99
5365 1.37
5366 1.24
5367 1.64
5368 1.61
5369 1.80
5370 1.68
5371 4.89
5372 6.99
5373 23.84
5374 34.07
5375 1.52
5376 2.84
5377 1.14
5378 0.35
5379 0.00
5380 9.11
5381 14.34
5382 8.38
5383 2.31
5384 0.73
5385 1.61
5386 1.66
5387 2.19
5388 1.74
5389 2.20
5390 2.17
5391 2.11
5392 3.12
5393 2.00
5394 2.18
5395 2.41
5396 2.67
5397 7.09
5398 1.16
5399 11.15
5400 0.00
5401 11.50
5402 2.47
5403 15.06
5404 2.43
5405 11.82
5406 6.46
5407 5.67
5408 0.79
5409 1.73
5410 1.30
5411 1.99
5412 2.16
5413 1.98
5414 1.97
5415 2.66
5416 2.32
5417 2.17
5418 2.67
5419 2.30
5420 2.45
5421 6.89
5422 11.66
5423 45.86
5424 55.38
5425 11.97
5426 11.65
5427 37.31
5428 0.00
5429 23.23
5430 6.77
5431 2.37
5432 0.76
5433 2.10
5434 1.45
5435 1.70
5436 1.85
5437 2.21
5438 1.62
5439 2.09
5440 3.02
5441 1.78
5442 2.02
5443 2.14
5444 2.35
5445 4.82
5446 3.22
5447 2.30
5448 5.68
5449 0.00
5450 0.68
5451 0.00
5452 2.84
5453 21.62
5454 8.30
5455 2.62
5456 0.71
5457 2.38
5458 1.44
5459 2.28
5460 2.25
5461 1.56
5462 1.83
5463 1.91
5464 2.10
5465 2.45
5466 1.93
5467 2.65
5468 2.30
5469 5.71
5470 3.40
5471 8.21
5472 5.30
5473 0.21
5474 0.00
5475 0.00
5476 7.29
5477 5.36
5478 26.18
5479 2.95
5480 0.71
5481 2.18
5482 1.84
5483 2.02
5484 1.33
5485 1.82
5486 2.24
5487 2.38
5488 1.95
5489 1.34
5490 1.27
5491 1.56
5492 1.77
5493 2.52
5494 10.04
5495 3.09
5496 2.55
5497 1.82
5498 11.36
5499 0.00
5500 46.75
5501 0.00
5502 13.74
5503 0.00
5504 0.30
5505 2.91
5506 1.75
5507 1.49
5508 1.91
5509 1.87
5510 1.85
5511 1.73
5512 2.18
5513 1.59
5514 2.08
5515 1.46
5516 1.82
5517 8.78
5518 0.66
5519 1.95
5520 6.26
5521 0.19
5522 0.00
5523 0.00
5524 0.00
5525 0.00
5526 2.14
5527 6.29
5528 0.27
5529 2.07
5530 1.32
5531 1.24
5532 1.93
5533 1.47
5534 1.22
5535 1.62
5536 1.37
5537 1.44
5538 2.65
5539 2.89
5540 11.59
5541 16.27
5542 2.73
5543 4.91
5544 3.44
5545 0.21
5546 0.00
5547 0.00
5548 0.00
5549 9.31
5550 14.36
5551 1.68
5552 0.70
5553 2.26
5554 1.24
5555 2.13
5556 2.20
5557 1.87
5558 1.48
5559 2.16
5560 2.62
5561 1.83
5562 1.94
5563 1.92
5564 2.84
5565 7.09
5566 14.75
5567 1.11
5568 2.90
5569 0.45
5570 0.00
5571 8.49
5572 19.67
5573 9.10
5574 8.31
5575 8.71
5576 0.70
5577 1.78
5578 1.53
5579 1.78
5580 1.65
5581 1.69
5582 2.11
5583 1.82
5584 2.25
5585 2.43
5586 1.92
5587 2.22
5588 2.66
5589 9.69
5590 3.68
5591 2.25
5592 1.10
5593 2.71
5594 10.43
5595 23.00
5596 0.00
5597 11.23
5598 3.35
5599 8.21
5600 0.69
5601 1.53
5602 1.42
5603 1.63
5604 1.65
5605 1.60
5606 1.73
5607 2.29
5608 2.48
5609 2.01
5610 2.09
5611 2.48
5612 2.17
5613 6.45
5614 4.09
5615 6.27
5616 48.00
5617 3.37
5618 1.00
5619 0.00
5620 0.00
5621 19.29
5622 6.76
5623 6.76
5624 0.73
5625 2.17
5626 1.47
5627 1.75
5628 1.76
5629 1.84
5630 1.85
5631 2.36
5632 2.09
5633 1.67
5634 1.84
5635 2.31
5636 2.02
5637 5.49
5638 14.40
5639 5.93
5640 0.00
5641 7.83
5642 4.16
5643 11.29
5644 4.36
5645 12.27
5646 16.00
5647 6.45
5648 0.70
5649 1.95
5650 1.57
5651 2.22
5652 2.58
5653 1.85
5654 2.12
5655 2.04
5656 2.51
5657 2.24
5658 2.06
5659 2.75
5660 2.49
5661 1.05
5662 4.14
5663 1.21
5664 0.00
5665 0.24
5666 0.00
5667 45.57
5668 8.36
5669 11.92
5670 9.70
5671 16.67
5672 0.32
5673 3.03
5674 2.45
5675 1.79
5676 2.41
5677 1.55
5678 1.86
5679 1.76
5680 2.18
5681 1.91
5682 2.69
5683 1.91
5684 1.63
5685 2.00
5686 0.00
5687 0.77
5688 4.22
5689 1.84
5690 20.51
5691 52.94
5692 4.72
5693 12.96
5694 6.63
5695 0.81
5696 0.25
5697 2.34
5698 1.76
5699 1.22
5700 1.58
5701 1.18
5702 1.46
5703 1.21
5704 1.30
5705 1.14
5706 1.69
5707 7.31
5708 3.91
5709 11.94
5710 20.81
5711 7.90
5712 6.60
5713 0.73
5714 0.38
5715 0.00
5716 8.70
5717 3.84
5718 11.01
5719 7.96
5720 0.81
5721 1.80
5722 1.75
5723 1.96
5724 1.64
5725 2.04
5726 2.21
5727 1.93
5728 2.24
5729 1.87
5730 2.09
5731 2.46
5732 2.25
5733 9.00
5734 7.24
5735 1.87
5736 9.96
5737 0.47
5738 0.00
5739 29.51
5740 0.00
5741 36.73
5742 8.14
5743 7.28
5744 0.75
5745 2.27
5746 1.24
5747 2.09
5748 2.25
5749 2.10
5750 2.24
5751 1.72
5752 2.49
5753 1.45
5754 2.01
5755 2.79
5756 2.33
5757 6.18
5758 4.44
5759 3.20
5760 0.00
5761 11.04
5762 1.33
5763 10.20
5764 5.16
5765 34.29
5766 9.45
5767 7.35
5768 0.72
5769 1.44
5770 1.73
5771 2.25
5772 3.03
5773 2.18
5774 2.11
5775 2.03
5776 2.35
5777 1.74
5778 1.93
5779 2.48
5780 2.21
5781 6.59
5782 1.36
5783 5.33
5784 2.82
5785 0.24
5786 0.33
5787 0.00
5788 0.85
5789 6.01
5790 9.18
5791 1.84
5792 0.74
5793 3.17
5794 1.43
5795 2.08
5796 2.84
5797 1.61
5798 1.95
5799 1.91
5800 2.10
5801 2.03
5802 2.17
5803 2.00
5804 2.48
5805 6.25
5806 5.96
5807 1.28
5808 15.35
5809 0.98
5810 0.00
5811 12.41
5812 7.68
5813 16.51
5814 10.45
5815 7.65
5816 1.01
5817 2.71
5818 1.27
5819 2.25
5820 2.58
5821 2.02
5822 1.81
5823 2.18
5824 2.21
5825 1.87
5826 1.63
5827 2.53
5828 2.40
5829 6.00
5830 2.12
5831 1.67
5832 0.00
5833 0.56
5834 26.97
5835 0.00
5836 8.59
5837 19.02
5838 35.29
5839 0.00
5840 0.44
5841 3.42
5842 2.19
5843 1.75
5844 1.89
5845 2.08
5846 1.94
5847 2.07
5848 2.55
5849 1.95
5850 2.30
5851 1.77
5852 1.85
5853 1.24
5854 0.46
5855 39.13
5856 0.00
5857 0.50
5858 9.70
5859 4.62
5860 5.27
5861 6.82
5862 17.39
5863 15.19
5864 0.20
5865 2.07
5866 0.99
5867 1.64
5868 1.45
5869 1.52
5870 1.27
5871 1.29
5872 1.17
5873 1.76
5874 1.61
5875 5.11
5876 0.00
5877 0.00
5878 10.47
5879 0.00
5880 0.00
5881 1.10
5882 0.00
5883 10.20
5884 21.18
5885 3.00
5886 18.75
5887 0.00
5888 0.72
5889 3.09
5890 1.44
5891 1.99
5892 2.16
5893 2.21
5894 1.86
5895 2.03
5896 2.27
5897 2.29
5898 1.88
5899 2.53
5900 2.68
5901 13.28
5902 0.00
5903 0.00
5904 0.00
5905 0.00
5906 0.00
5907 0.70
5908 5.81
5909 2.04
5910 7.56
5911 14.15
5912 1.04
5913 1.22
5914 1.26
5915 1.88
5916 2.26
5917 1.70
5918 1.61
5919 2.55
5920 2.51
5921 2.06
5922 2.43
5923 2.67
5924 2.99
5925 4.71
5926 0.00
5927 4.92
5928 1.36
5929 0.66
5930 1.32
5931 0.00
5932 1.60
5933 25.90
5934 12.50
5935 0.00
5936 0.78
5937 1.94
5938 1.42
5939 1.80
5940 1.81
5941 2.14
5942 1.76
5943 2.10
5944 2.10
5945 1.91
5946 1.93
5947 2.69
5948 2.51
5949 9.13
5950 2.62
5951 8.09
5952 8.48
5953 58.06
5954 0.00
5955 1.49
5956 0.00
5957 27.91
5958 6.85
5959 1.07
5960 0.85
5961 1.90
5962 1.41
5963 1.88
5964 1.80
5965 1.87
5966 1.85
5967 1.90
5968 2.20
5969 1.98
5970 2.08
5971 2.65
5972 2.70
5973 5.47
5974 3.80
5975 0.00
5976 5.77
5977 0.00
5978 0.00
5979 15.00
5980 0.00
5981 0.00
5982 9.85
5983 46.75
5984 0.55
5985 2.48
5986 1.37
5987 2.27
5988 2.05
5989 2.08
5990 2.10
5991 2.14
5992 2.68
5993 2.19
5994 1.92
5995 2.49
5996 2.51
5997 1.90
5998 0.00
5999 2.11
6000 0.00
6001 0.41
6002 59.02
6003 56.25
6004 11.23
6005 9.07
6006 8.74
6007 0.00
6008 0.49
6009 2.02
6010 1.74
6011 2.11
6012 2.00
6013 2.40
6014 1.98
6015 2.26
6016 1.73
6017 1.82
6018 2.64
6019 1.91
6020 1.64
6021 1.40
6022 0.49
6023 0.00
6024 0.00
6025 1.08
6026 15.62
6027 5.82
6028 8.44
6029 9.11
6030 9.89
6031 9.99
6032 0.32
6033 1.73
6034 1.12
6035 0.85
6036 1.39
6037 1.24
6038 1.01
6039 1.13
6040 1.36
6041 1.65
6042 2.24
6043 3.60
6044 1.56
6045 0.00
6046 7.17
6047 4.03
6048 0.00
6049 35.29
6050 0.00
6051 0.00
6052 31.03
6053 6.81
6054 0.00
6055 0.50
6056 0.69
6057 2.52
6058 1.63
6059 1.90
6060 2.20
6061 1.88
6062 1.84
6063 2.01
6064 2.09
6065 2.14
6066 1.92
6067 2.23
6068 2.59
6069 4.38
6070 0.00
6071 45.57
6072 0.00
6073 29.03
6074 0.00
6075 0.48
6076 0.00
6077 4.79
6078 2.38
6079 4.53
6080 0.82
6081 3.01
6082 1.49
6083 1.96
6084 1.94
6085 1.72
6086 2.02
6087 1.86
6088 1.97
6089 1.80
6090 1.84
6091 2.78
6092 2.73
6093 5.22
6094 0.00
6095 0.00
6096 0.00
6097 22.09
6098 0.00
6099 25.00
6100 17.22
6101 7.78
6102 0.00
6103 14.21
6104 0.76
6105 1.56
6106 1.35
6107 2.00
6108 1.88
6109 1.91
6110 1.90
6111 1.94
6112 2.64
6113 1.82
6114 2.28
6115 2.63
6116 2.60
6117 4.08
6118 0.00
6119 15.25
6120 0.00
6121 5.56
6122 0.00
6123 0.00
6124 47.68
6125 1.45
6126 6.33
6127 2.20
6128 0.86
6129 1.44
6130 1.37
6131 1.97
6132 1.98
6133 1.77
6134 1.57
6135 1.86
6136 2.37
6137 2.48
6138 1.98
6139 2.13
6140 3.27
6141 4.11
6142 4.49
6143 32.73
6144 4.26
6145 1.04
6146 8.80
6147 0.00
6148 9.41
6149 10.83
6150 0.00
6151 8.74
6152 0.81
6153 1.89
6154 1.73
6155 2.19
6156 1.92
6157 1.78
6158 2.01
6159 1.98
6160 3.05
6161 1.52
6162 1.88
6163 2.65
6164 2.78
6165 1.45
6166 0.43
6167 0.00
6168 65.45
6169 0.72
6170 2.90
6171 0.00
6172 8.11
6173 5.71
6174 12.12
6175 13.36
6176 0.53
6177 1.79
6178 2.60
6179 2.21
6180 1.56
6181 1.62
6182 1.61
6183 1.79
6184 2.42
6185 1.55
6186 2.03
6187 1.86
6188 2.28
6189 1.50
6190 1.90
6191 46.75
6192 1.80
6193 1.22
6194 0.00
6195 3.88
6196 19.35
6197 4.56
6198 11.56
6199 0.00
6200 0.27
6201 2.42
6202 1.61
6203 1.05
6204 1.31
6205 0.87
6206 0.96
6207 1.32
6208 1.10
6209 1.30
6210 1.55
6211 3.84
6212 0.00
6213 36.36
6214 0.00
6215 2.89
6216 0.00
6217 0.00
6218 0.00
6219 0.00
6220 13.69
6221 3.99
6222 3.16
6223 3.14
6224 0.77
6225 1.41
6226 1.62
6227 1.85
6228 1.90
6229 2.08
6230 1.50
6231 2.07
6232 2.07
6233 2.12
6234 2.69
6235 2.57
6236 3.56
6237 7.88
6238 0.00
6239 0.00
6240 0.00
6241 16.98
6242 0.00
6243 0.00
6244 0.00
6245 10.79
6246 30.00
6247 12.27
6248 0.63
6249 1.31
6250 1.69
6251 2.09
6252 1.99
6253 1.77
6254 2.12
6255 1.76
6256 2.22
6257 2.05
6258 2.00
6259 2.13
6260 2.21
6261 6.95
6262 2.20
6263 3.12
6264 0.00
6265 0.00
6266 0.00
6267 0.00
6268 0.00
6269 24.66
6270 28.57
6271 21.66
6272 0.52
6273 2.14
6274 1.38
6275 1.86
6276 1.47
6277 1.89
6278 1.94
6279 1.84
6280 2.20
6281 1.82
6282 1.60
6283 2.38
6284 2.76
6285 5.28
6286 0.00
6287 6.16
6288 8.22
6289 0.00
6290 0.00
6291 0.00
6292 0.00
6293 5.94
6294 8.10
6295 5.24
6296 0.73
6297 1.96
6298 1.66
6299 2.23
6300 2.21
6301 1.56
6302 1.55
6303 1.64
6304 2.12
6305 1.98
6306 1.91
6307 2.08
6308 2.18
6309 3.16
6310 0.97
6311 14.60
6312 2.54
6313 22.36
6314 57.14
6315 0.00
6316 0.00
6317 8.62
6318 16.44
6319 2.21
6320 0.77
6321 1.56
6322 1.86
6323 1.53
6324 2.21
6325 2.08
6326 2.04
6327 2.31
6328 1.98
6329 1.77
6330 2.04
6331 2.16
6332 1.86
6333 1.38
6334 47.37
6335 53.73
6336 3.88
6337 0.48
6338 0.00
6339 0.94
6340 0.00
6341 0.00
6342 13.98
6343 7.73
6344 0.36
6345 1.54
6346 1.84
6347 1.64
6348 1.60
6349 1.90
6350 1.90
6351 2.17
6352 1.82
6353 2.27
6354 2.29
6355 1.88
6356 1.56
6357 3.58
6358 0.82
6359 0.00
6360 0.00
6361 0.38
6362 0.00
6363 0.36
6364 0.00
6365 1.02
6366 0.00
6367 0.00
6368 0.30
6369 1.94
6370 1.52
6371 1.40
6372 1.31
6373 1.25
6374 1.16
6375 1.03
6376 1.18
6377 1.43
6378 1.51
6379 4.54
6380 10.73
6381 5.74
6382 0.00
6383 2.17
6384 29.75
6385 14.69
6386 0.00
6387 14.06
6388 0.00
6389 8.75
6390 16.59
6391 2.65
6392 0.62
6393 1.79
6394 2.52
6395 1.90
6396 2.13
6397 1.97
6398 1.67
6399 2.02
6400 2.37
6401 2.30
6402 2.22
6403 2.18
6404 2.86
6405 12.87
6406 37.37
6407 0.00
6408 0.00
6409 0.00
6410 0.00
6411 0.00
6412 0.00
6413 3.95
6414 16.74
6415 0.00
6416 0.82
6417 0.92
6418 2.16
6419 2.02
6420 1.79
6421 2.16
6422 1.58
6423 1.83
6424 1.96
6425 1.76
6426 1.75
6427 2.20
6428 2.37
6429 6.16
6430 11.65
6431 9.64
6432 1.59
6433 1.48
6434 0.58
6435 37.89
6436 0.46
6437 14.62
6438 0.00
6439 1.25
6440 0.72
6441 1.94
6442 2.26
6443 1.71
6444 2.15
6445 1.55
6446 1.97
6447 1.70
6448 2.15
6449 1.70
6450 1.62
6451 1.88
6452 2.19
6453 4.94
6454 15.06
6455 15.79
6456 9.65
6457 0.00
6458 0.00
6459 11.11
6460 0.00
6461 5.96
6462 0.00
6463 3.76
6464 0.66
6465 1.70
6466 1.57
6467 1.75
6468 1.69
6469 2.42
6470 2.12
6471 1.85
6472 1.93
6473 1.74
6474 1.80
6475 2.58
6476 2.21
6477 3.36
6478 2.68
6479 13.15
6480 9.57
6481 11.11
6482 0.00
6483 0.00
6484 2.08
6485 21.69
6486 9.38
6487 5.95
6488 0.86
6489 1.97
6490 1.99
6491 2.05
6492 1.88
6493 1.68
6494 1.89
6495 1.99
6496 2.29
6497 1.84
6498 1.91
6499 1.54
6500 2.07
6501 5.44
6502 1.18
6503 0.66
6504 10.63
6505 4.90
6506 9.18
6507 18.23
6508 40.91
6509 9.65
6510 4.04
6511 16.29
6512 0.38
6513 2.62
6514 1.55
6515 2.70
6516 1.99
6517 2.34
6518 1.60
6519 1.62
6520 1.64
6521 2.26
6522 1.93
6523 3.22
6524 2.18
6525 3.72
6526 21.59
6527 0.78
6528 0.00
6529 0.27
6530 0.00
6531 1.14
6532 37.11
6533 4.44
6534 45.86
6535 0.00
6536 0.24
6537 1.80
6538 1.75
6539 1.24
6540 1.16
6541 0.97
6542 1.08
6543 0.91
6544 1.07
6545 1.19
6546 1.66
6547 6.14
6548 0.00
6549 9.02
6550 0.00
6551 52.94
6552 49.32
6553 0.42
6554 9.81
6555 12.07
6556 42.86
6557 1.23
6558 15.16
6559 17.42
6560 2.08
6561 1.79
6562 2.33
6563 2.21
6564 1.64
6565 1.53
6566 1.64
6567 1.20
6568 1.90
6569 1.67
6570 1.77
6571 1.86
6572 1.80
6573 1.74
6574 5.45
6575 8.36
6576 3.07
6577 0.22
6578 0.00
6579 0.00
6580 0.00
6581 4.51
6582 2.71
6583 6.62
6584 0.53
6585 0.89
6586 0.98
6587 0.71
6588 1.23
6589 1.12
6590 1.11
6591 1.03
6592 1.22
6593 1.21
6594 1.13
6595 3.36
6596 1.68
6597 45.57
6598 2.34
6599 25.41
6600 3.77
6601 0.29
6602 0.00
6603 27.48
6604 8.33
6605 26.18
6606 10.14
6607 2.85
6608 2.19
6609 1.68
6610 1.84
6611 1.61
6612 1.48
6613 1.41
6614 1.70
6615 2.28
6616 2.27
6617 2.05
6618 2.28
6619 2.21
6620 2.25
6621 5.39
6622 0.00
6623 1.11
6624 0.00
6625 0.20
6626 7.13
6627 0.00
6628 13.00
6629 8.15
6630 10.18
6631 1.68
6632 1.67
6633 3.48
6634 2.05
6635 1.88
6636 1.55
6637 1.50
6638 1.72
6639 2.03
6640 1.77
6641 2.31
6642 2.16
6643 2.16
6644 1.99
6645 2.14
6646 13.59
6647 0.79
6648 1.62
6649 0.31
6650 21.56
6651 20.99
6652 8.99
6653 2.98
6654 8.47
6655 3.44
6656 1.81
6657 2.18
6658 2.07
6659 1.62
6660 1.88
6661 1.66
6662 2.16
6663 2.02
6664 2.55
6665 2.04
6666 2.68
6667 2.42
6668 2.42
6669 5.61
6670 8.81
6671 4.19
6672 2.23
6673 0.41
6674 6.06
6675 0.00
6676 12.45
6677 4.67
6678 35.41
6679 3.76
6680 1.23
6681 2.66
6682 1.65
6683 1.88
6684 1.35
6685 1.44
6686 1.60
6687 1.75
6688 2.02
6689 2.40
6690 2.37
6691 1.91
6692 1.98
6693 7.34
6694 12.45
6695 4.71
6696 16.54
6697 9.39
6698 0.38
6699 0.00
6700 3.44
6701 6.94
6702 7.57
6703 3.05
6704 1.19
6705 1.97
6706 1.49
6707 1.81
6708 1.79
6709 1.47
6710 2.15
6711 2.10
6712 2.11
6713 1.99
6714 2.42
6715 2.61
6716 2.24
6717 1.27
6718 48.65
6719 2.68
6720 5.18
6721 0.77
6722 2.78
6723 7.00
6724 0.00
6725 21.18
6726 26.67
6727 20.00
6728 1.26
6729 1.56
6730 1.52
6731 1.61
6732 1.86
6733 1.71
6734 1.73
6735 1.51
6736 1.43
6737 1.90
6738 1.47
6739 1.93
6740 1.41
6741 5.49
6742 2.32
6743 0.84
6744 8.05
6745 1.15
6746 1.80
6747 10.97
6748 15.55
6749 6.80
6750 11.54
6751 0.00
6752 0.53
6753 1.55
6754 1.91
6755 1.47
6756 1.36
6757 1.11
6758 1.34
6759 1.51
6760 1.59
6761 1.32
6762 1.38
6763 1.55
6764 0.00
6765 12.30
6766 2.33
6767 4.81
6768 3.36
6769 0.13
6770 0.00
6771 36.73
6772 0.00
6773 6.65
6774 17.25
6775 3.62
6776 1.84
6777 1.93
6778 2.09
6779 1.78
6780 1.91
6781 1.81
6782 1.84
6783 1.79
6784 1.93
6785 2.48
6786 2.07
6787 2.22
6788 3.00
6789 6.13
6790 26.09
6791 3.09
6792 4.06
6793 0.38
6794 0.28
6795 0.00
6796 0.00
6797 10.50
6798 9.58
6799 1.94
6800 1.55
6801 1.86
6802 1.36
6803 1.70
6804 1.87
6805 1.72
6806 1.59
6807 1.83
6808 1.75
6809 2.86
6810 2.15
6811 2.21
6812 1.93
6813 2.80
6814 1.63
6815 41.86
6816 3.22
6817 0.20
6818 7.69
6819 0.00
6820 0.00
6821 0.00
6822 4.25
6823 2.97
6824 1.62
6825 1.99
6826 2.11
6827 1.80
6828 1.41
6829 1.71
6830 1.30
6831 1.55
6832 1.93
6833 1.94
6834 2.37
6835 1.97
6836 2.14
6837 6.22
6838 34.62
6839 2.78
6840 5.65
6841 0.14
6842 1.39
6843 2.14
6844 26.87
6845 0.00
6846 4.34
6847 2.17
6848 1.48
6849 2.94
6850 1.89
6851 2.37
6852 2.33
6853 1.81
6854 2.19
6855 1.73
6856 2.27
6857 2.50
6858 2.29
6859 2.44
6860 2.02
6861 3.99
6862 14.20
6863 1.39
6864 12.42
6865 3.65
6866 0.89
6867 7.61
6868 4.71
6869 18.37
6870 4.96
6871 7.62
6872 1.82
6873 2.28
6874 1.57
6875 1.77
6876 1.98
6877 1.78
6878 1.79
6879 1.80
6880 1.65
6881 1.88
6882 2.41
6883 2.41
6884 2.26
6885 2.65
6886 1.36
6887 21.18
6888 9.54
6889 3.29
6890 21.36
6891 7.75
6892 12.54
6893 14.71
6894 6.81
6895 28.80
6896 1.84
6897 1.95
6898 1.73
6899 1.80
6900 2.12
6901 1.57
6902 1.58
6903 1.63
6904 1.66
6905 1.87
6906 1.75
6907 1.66
6908 1.46
6909 3.95
6910 0.00
6911 0.92
6912 2.84
6913 0.40
6914 5.73
6915 5.48
6916 9.03
6917 3.81
6918 0.00
6919 19.15
6920 1.16
6921 1.56
6922 1.63
6923 1.48
6924 1.20
6925 1.29
6926 1.13
6927 1.32
6928 1.60
6929 1.32
6930 2.17
6931 6.42
6932 7.93
6933 5.44
6934 26.75
6935 1.61
6936 10.94
6937 0.00
6938 13.51
6939 7.30
6940 0.00
6941 10.32
6942 23.23
6943 3.24
6944 1.61
6945 2.56
6946 1.63
6947 1.65
6948 2.30
6949 1.56
6950 1.77
6951 1.90
6952 2.02
6953 1.97
6954 2.14
6955 2.91
6956 2.54
6957 2.72
6958 39.56
6959 6.46
6960 26.87
6961 0.00
6962 0.32
6963 14.75
6964 0.00
6965 2.36
6966 3.51
6967 2.62
6968 1.63
6969 2.07
6970 1.35
6971 1.63
6972 1.98
6973 1.54
6974 1.96
6975 1.98
6976 1.93
6977 2.06
6978 2.24
6979 1.95
6980 2.60
6981 3.63
6982 2.84
6983 3.00
6984 0.00
6985 0.38
6986 0.00
6987 0.00
6988 7.91
6989 20.42
6990 7.53
6991 1.87
6992 1.77
6993 1.59
6994 1.71
6995 1.85
6996 1.74
6997 1.56
6998 2.06
6999 2.09
7000 1.86
7001 2.15
7002 2.15
7003 2.04
7004 1.71
7005 6.00
7006 0.74
7007 4.23
7008 3.10
7009 0.25
7010 1.60
7011 0.00
7012 47.37
7013 2.44
7014 5.96
7015 2.30
7016 2.12
7017 2.09
7018 1.47
7019 1.71
7020 1.65
7021 1.59
7022 1.51
7023 1.96
7024 1.93
7025 2.04
7026 2.38
7027 1.99
7028 2.20
7029 5.71
7030 6.18
7031 3.51
7032 2.65
7033 0.37
7034 1.14
7035 22.09
7036 5.56
7037 0.00
7038 3.25
7039 2.00
7040 1.66
7041 1.64
7042 1.63
7043 1.61
7044 1.53
7045 1.47
7046 1.91
7047 2.01
7048 2.25
7049 2.34
7050 2.22
7051 2.14
7052 1.74
7053 3.72
7054 1.24
7055 1.19
7056 16.82
7057 1.45
7058 0.00
7059 27.94
7060 6.33
7061 0.00
7062 11.03
7063 10.79
7064 0.79
7065 1.27
7066 1.68
7067 2.03
7068 1.61
7069 1.32
7070 1.51
7071 2.00
7072 1.86
7073 1.61
7074 1.43
7075 1.59
7076 1.56
7077 2.28
7078 0.00
7079 0.52
7080 13.02
7081 1.24
7082 7.75
7083 14.05
7084 29.11
7085 6.66
7086 14.01
7087 21.18
7088 0.83
7089 1.29
7090 1.23
7091 1.04
7092 1.39
7093 0.99
7094 1.12
7095 1.27
7096 1.02
7097 1.33
7098 1.72
7099 5.32
7100 8.40
7101 17.31
7102 42.55
7103 10.97
7104 1.86
7105 0.75
7106 0.41
7107 0.00
7108 0.00
7109 8.87
7110 19.39
7111 4.30
7112 2.08
7113 2.36
7114 1.64
7115 1.69
7116 1.39
7117 1.98
7118 1.43
7119 1.62
7120 1.87
7121 2.86
7122 2.98
7123 2.61
7124 2.38
7125 4.76
7126 0.81
7127 0.00
7128 5.22
7129 23.38
7130 28.12
7131 19.05
7132 5.97
7133 30.38
7134 13.02
7135 5.49
7136 1.61
7137 2.36
7138 1.76
7139 1.39
7140 1.51
7141 1.68
7142 1.79
7143 1.90
7144 2.17
7145 1.82
7146 2.20
7147 2.06
7148 2.77
7149 1.25
7150 29.75
7151 1.71
7152 0.00
7153 0.11
7154 0.62
7155 0.00
7156 29.51
7157 20.34
7158 0.00
7159 0.55
7160 1.70
7161 1.84
7162 1.46
7163 1.10
7164 1.54
7165 1.47
7166 1.51
7167 1.95
7168 1.70
7169 2.27
7170 1.93
7171 1.90
7172 2.21
7173 8.09
7174 0.00
7175 2.30
7176 0.00
7177 0.14
7178 0.00
7179 0.00
7180 11.32
7181 5.71
7182 38.71
7183 1.75
7184 1.46
7185 1.84
7186 1.49
7187 1.47
7188 1.60
7189 1.62
7190 1.60
7191 1.79
7192 1.91
7193 1.85
7194 2.43
7195 1.79
7196 2.08
7197 5.03
7198 11.39
7199 7.71
7200 10.80
7201 4.17
7202 0.00
7203 2.28
7204 7.84
7205 7.23
7206 24.00
7207 2.62
7208 1.89
7209 2.43
7210 1.49
7211 1.60
7212 1.77
7213 1.45
7214 1.65
7215 1.85
7216 2.06
7217 2.19
7218 1.99
7219 2.34
7220 1.95
7221 6.52
7222 4.85
7223 1.59
7224 4.56
7225 0.74
7226 25.29
7227 9.85
7228 45.00
7229 10.62
7230 4.64
7231 18.95
7232 1.08
7233 1.46
7234 1.96
7235 1.37
7236 1.86
7237 2.01
7238 1.63
7239 1.80
7240 1.69
7241 1.82
7242 2.30
7243 1.97
7244 2.22
7245 3.36
7246 1.99
7247 2.11
7248 2.59
7249 0.39
7250 0.00
7251 37.31
7252 12.34
7253 8.86
7254 7.74
7255 0.00
7256 0.34
7257 0.70
7258 1.73
7259 1.37
7260 1.14
7261 0.95
7262 1.21
7263 1.01
7264 1.16
7265 1.48
7266 1.69
7267 2.85
7268 0.38
7269 15.93
7270 24.91
7271 7.83
7272 3.91
7273 0.37
7274 21.24
7275 0.00
7276 0.43
7277 2.51
7278 12.86
7279 17.36
7280 1.80
7281 2.00
7282 2.16
7283 1.75
7284 2.44
7285 1.68
7286 1.85
7287 2.04
7288 2.12
7289 1.91
7290 1.92
7291 2.04
7292 2.14
7293 6.20
7294 1.29
7295 1.65
7296 3.51
7297 1.54
7298 36.49
7299 5.41
7300 49.32
7301 0.00
7302 3.71
7303 0.00
7304 0.27
7305 0.41
7306 0.39
7307 0.55
7308 0.94
7309 0.75
7310 0.97
7311 0.82
7312 1.02
7313 1.19
7314 1.12
7315 1.41
7316 1.77
7317 7.90
7318 40.22
7319 2.30
7320 7.64
7321 0.46
7322 0.00
7323 27.17
7324 22.64
7325 30.77
7326 10.32
7327 2.13
7328 2.15
7329 2.04
7330 1.94
7331 1.88
7332 1.82
7333 1.76
7334 1.72
7335 1.95
7336 2.29
7337 2.15
7338 2.02
7339 2.10
7340 2.35
7341 4.67
7342 6.73
7343 1.79
7344 5.86
7345 1.02
7346 0.00
7347 0.00
7348 3.25
7349 1.75
7350 31.86
7351 1.42
7352 1.76
7353 2.76
7354 1.82
7355 1.83
7356 1.81
7357 1.64
7358 1.90
7359 1.84
7360 2.45
7361 1.74
7362 1.88
7363 2.05
7364 2.68
7365 4.11
7366 10.37
7367 4.19
7368 7.60
7369 0.35
7370 4.27
7371 7.84
7372 8.37
7373 25.00
7374 10.58
7375 8.73
7376 1.22
7377 2.45
7378 1.34
7379 1.53
7380 1.65
7381 1.80
7382 1.78
7383 2.02
7384 1.94
7385 2.19
7386 2.54
7387 2.55
7388 1.98
7389 9.55
7390 6.83
7391 1.36
7392 0.00
7393 2.40
7394 12.54
7395 1.70
7396 3.24
7397 12.29
7398 16.98
7399 30.68
7400 1.46
7401 2.29
7402 1.86
7403 2.13
7404 1.63
7405 2.05
7406 2.13
7407 1.95
7408 2.15
7409 1.98
7410 1.83
7411 1.82
7412 1.67
7413 0.81
7414 2.10
7415 4.25
7416 2.63
7417 0.33
7418 7.83
7419 16.29
7420 10.88
7421 8.28
7422 11.46
7423 0.00
7424 0.39
7425 1.75
7426 1.00
7427 1.02
7428 1.22
7429 1.04
7430 1.38
7431 0.94
7432 1.18
7433 1.52
7434 1.91
7435 2.76
7436 25.00
7437 0.00
7438 1.32
7439 0.00
7440 4.31
7441 0.76
7442 11.69
7443 1.55
7444 0.00
7445 6.24
7446 2.93
7447 2.14
7448 2.22
7449 2.93
7450 1.51
7451 1.90
7452 2.18
7453 1.69
7454 1.94
7455 1.98
7456 2.14
7457 1.75
7458 2.36
7459 2.34
7460 2.40
7461 6.29
7462 26.57
7463 0.75
7464 16.00
7465 0.41
7466 0.54
7467 0.00
7468 0.00
7469 0.00
7470 3.96
7471 3.93
7472 1.74
7473 2.12
7474 1.45
7475 1.40
7476 1.74
7477 1.64
7478 1.57
7479 1.74
7480 2.29
7481 2.41
7482 2.25
7483 2.47
7484 1.95
7485 2.34
7486 1.71
7487 2.44
7488 0.00
7489 1.33
7490 1.04
7491 31.30
7492 0.00
7493 48.65
7494 0.22
7495 4.73
7496 1.61
7497 3.05
7498 1.92
7499 1.56
7500 1.35
7501 1.67
7502 1.77
7503 1.81
7504 1.94
7505 2.04
7506 1.76
7507 2.15
7508 2.68
7509 2.31
7510 3.90
7511 3.28
7512 0.00
7513 0.40
7514 0.37
7515 0.00
7516 0.00
7517 5.27
7518 8.13
7519 2.58
7520 1.66
7521 1.63
7522 1.45
7523 1.61
7524 1.96
7525 1.62
7526 1.60
7527 1.64
7528 1.77
7529 1.76
7530 1.68
7531 2.00
7532 2.04
7533 2.14
7534 16.78
7535 1.17
7536 10.36
7537 0.30
7538 0.69
7539 0.00
7540 9.57
7541 0.85
7542 5.38
7543 0.97
7544 1.33
7545 2.75
7546 1.57
7547 1.59
7548 1.80
7549 1.55
7550 1.83
7551 1.97
7552 1.78
7553 1.88
7554 1.60
7555 2.04
7556 2.01
7557 2.29
7558 2.53
7559 0.98
7560 0.00
7561 0.47
7562 1.27
7563 30.51
7564 17.19
7565 11.76
7566 22.18
7567 15.48
7568 0.82
7569 1.46
7570 1.87
7571 1.61
7572 1.95
7573 1.41
7574 1.41
7575 1.71
7576 1.48
7577 1.53
7578 1.60
7579 1.50
7580 1.84
7581 1.61
7582 0.79
7583 1.60
7584 5.88
7585 1.35
7586 1.02
7587 10.14
7588 7.83
7589 5.29
7590 10.86
7591 22.27
7592 0.69
7593 1.24
7594 1.01
7595 1.14
7596 1.33
7597 1.02
7598 1.20
7599 1.32
7600 1.16
7601 1.42
7602 1.44
7603 3.68
7604 37.11
7605 4.39
7606 14.37
7607 5.06
7608 11.12
7609 3.91
7610 0.00
7611 7.67
7612 11.54
7613 16.74
7614 8.91
7615 3.77
7616 2.21
7617 2.11
7618 1.56
7619 1.66
7620 1.46
7621 1.83
7622 1.59
7623 1.47
7624 2.03
7625 1.95
7626 1.61
7627 1.72
7628 2.92
7629 4.85
7630 0.00
7631 28.35
7632 0.00
7633 2.76
7634 11.88
7635 0.00
7636 4.82
7637 0.00
7638 3.81
7639 1.97
7640 2.35
7641 2.37
7642 1.68
7643 1.32
7644 1.69
7645 1.56
7646 1.61
7647 1.84
7648 1.69
7649 1.77
7650 1.96
7651 1.98
7652 2.05
7653 5.44
7654 1.69
7655 7.06
7656 6.17
7657 5.39
7658 0.35
7659 0.00
7660 13.11
7661 43.90
7662 1.56
7663 2.53
7664 1.71
7665 2.00
7666 1.64
7667 1.96
7668 1.87
7669 1.83
7670 1.58
7671 1.70
7672 1.66
7673 1.96
7674 2.28
7675 2.05
7676 2.38
7677 7.76
7678 1.66
7679 2.04
7680 3.34
7681 0.47
7682 0.35
7683 11.92
7684 0.00
7685 6.53
7686 6.30
7687 11.57
7688 1.76
7689 2.08
7690 1.83
7691 1.66
7692 1.95
7693 1.50
7694 1.61
7695 1.78
7696 2.15
7697 1.88
7698 1.79
7699 1.35
7700 1.94
7701 6.03
7702 9.11
7703 3.76
7704 6.72
7705 0.39
7706 14.75
7707 48.65
7708 7.59
7709 5.46
7710 8.40
7711 1.79
7712 1.34
7713 2.25
7714 1.69
7715 1.69
7716 1.80
7717 1.31
7718 1.68
7719 1.80
7720 1.83
7721 1.57
7722 1.60
7723 1.97
7724 1.80
7725 2.73
7726 7.79
7727 2.26
7728 3.53
7729 0.45
7730 22.50
7731 40.45
7732 11.29
7733 3.30
7734 43.90
7735 2.63
7736 1.16
7737 2.08
7738 1.95
7739 1.40
7740 1.67
7741 1.66
7742 1.46
7743 1.95
7744 1.42
7745 2.06
7746 1.45
7747 1.78
7748 1.49
7749 1.51
7750 2.85
7751 0.74
7752 10.71
7753 0.52
7754 5.00
7755 23.08
7756 0.00
7757 11.95
7758 8.26
7759 12.47
7760 0.65
7761 1.18
7762 1.05
7763 1.66
7764 1.23
7765 1.38
7766 1.28
7767 1.13
7768 1.16
7769 1.16
7770 1.74
7771 4.31
7772 20.42
7773 4.44
7774 7.50
7775 2.90
7776 1.18
7777 0.18
7778 0.00
7779 0.00
7780 0.00
7781 5.64
7782 20.93
7783 7.82
7784 1.31
7785 1.95
7786 1.58
7787 1.66
7788 1.67
7789 1.54
7790 1.72
7791 1.92
7792 1.94
7793 2.03
7794 2.00
7795 2.12
7796 2.80
7797 4.98
7798 1.44
7799 5.05
7800 1.78
7801 0.28
7802 0.39
7803 0.00
7804 0.00
7805 5.90
7806 5.15
7807 10.97
7808 1.73
7809 2.35
7810 1.41
7811 1.72
7812 1.72
7813 1.67
7814 1.79
7815 1.80
7816 1.81
7817 1.74
7818 1.82
7819 2.30
7820 1.88
7821 5.26
7822 15.67
7823 1.61
7824 4.63
7825 0.71
7826 2.56
7827 2.63
7828 17.82
7829 14.37
7830 10.81
7831 2.04
7832 1.35
7833 1.73
7834 1.58
7835 1.75
7836 1.34
7837 1.36
7838 1.83
7839 1.52
7840 2.07
7841 2.60
7842 2.25
7843 2.07
7844 2.23
7845 2.98
7846 21.69
7847 2.23
7848 2.40
7849 0.61
7850 0.38
7851 0.00
7852 0.00
7853 24.91
7854 2.44
7855 2.29
7856 1.53
7857 1.66
7858 1.11
7859 1.30
7860 1.63
7861 1.78
7862 1.61
7863 2.06
7864 2.26
7865 1.91
7866 1.82
7867 1.75
7868 2.04
7869 3.42
7870 14.80
7871 1.71
7872 12.55
7873 0.64
7874 0.71
7875 0.00
7876 0.00
7877 3.59
7878 13.12
7879 6.99
7880 1.81
7881 1.51
7882 1.32
7883 1.86
7884 1.66
7885 1.69
7886 1.61
7887 1.82
7888 1.87
7889 1.58
7890 1.49
7891 2.17
7892 1.85
7893 1.60
7894 1.88
7895 1.66
7896 0.00
7897 1.08
7898 2.22
7899 5.00
7900 5.96
7901 7.30
7902 9.57
7903 11.28
7904 1.01
7905 1.52
7906 1.71
7907 1.62
7908 2.16
7909 1.34
7910 1.76
7911 1.35
7912 1.53
7913 1.83
7914 1.65
7915 1.61
7916 1.42
7917 1.37
7918 6.57
7919 0.88
7920 1.96
7921 0.45
7922 19.64
7923 12.04
7924 20.63
7925 1.57
7926 25.71
7927 10.34
7928 0.87
7929 0.82
7930 1.02
7931 0.99
7932 1.13
7933 1.15
7934 1.09
7935 1.04
7936 1.26
7937 1.12
7938 1.36
7939 3.17
7940 0.93
7941 14.80
7942 20.75
7943 4.33
7944 5.56
7945 2.05
7946 1.58
7947 30.00
7948 0.00
7949 0.00
7950 1.13
7951 1.07
7952 1.91
7953 3.10
7954 1.73
7955 1.56
7956 1.99
7957 1.63
7958 1.69
7959 1.76
7960 1.83
7961 2.05
7962 2.10
7963 2.32
7964 2.31
7965 3.92
7966 4.06
7967 1.81
7968 0.00
7969 0.27
7970 1.03
7971 8.67
7972 0.00
7973 46.15
7974 9.23
7975 8.89
7976 1.27
7977 2.41
7978 1.31
7979 1.48
7980 1.44
7981 1.46
7982 1.90
7983 1.90
7984 1.86
7985 2.23
7986 2.22
7987 2.18
7988 2.03
7989 8.02
7990 36.27
7991 5.76
7992 1.50
7993 0.53
7994 0.00
7995 18.06
7996 35.29
7997 11.97
7998 7.64
7999 0.73
8000 1.78
8001 1.41
8002 1.68
8003 1.84
8004 2.11
8005 1.64
8006 1.61
8007 1.75
8008 2.07
8009 2.07
8010 1.80
8011 2.01
8012 2.13
8013 2.40
8014 4.48
8015 1.01
8016 2.13
8017 0.38
8018 0.00
8019 16.29
8020 8.53
8021 14.88
8022 10.00
8023 0.93
8024 1.63
8025 1.71
8026 1.36
8027 1.73
8028 1.89
8029 1.85
8030 1.63
8031 1.80
8032 1.94
8033 1.75
8034 1.63
8035 1.82
8036 2.23
8037 4.95
8038 3.70
8039 3.67
8040 4.51
8041 9.77
8042 3.92
8043 2.37
8044 0.00
8045 1.65
8046 12.52
8047 5.92
8048 1.07
8049 1.83
8050 1.76
8051 1.28
8052 1.57
8053 1.46
8054 1.81
8055 1.99
8056 1.78
8057 1.40
8058 1.57
8059 2.18
8060 1.68
8061 2.59
8062 3.15
8063 1.11
8064 16.25
8065 0.76
8066 9.18
8067 1.91
8068 14.41
8069 1.83
8070 3.58
8071 10.91
8072 0.66
8073 1.31
8074 1.64
8075 1.83
8076 1.67
8077 1.82
8078 1.79
8079 1.61
8080 1.78
8081 2.00
8082 1.35
8083 1.84
8084 1.79
8085 2.23
8086 2.22
8087 0.53
8088 7.67
8089 1.79
8090 1.08
8091 0.87
8092 53.73
8093 12.33
8094 25.81
8095 54.55
8096 0.65
8097 1.70
8098 1.01
8099 1.02
8100 1.24
8101 0.95
8102 0.97
8103 1.40
8104 0.97
8105 1.17
8106 1.35
8107 2.00
8108 0.81
8109 5.67
8110 1.49
8111 2.66
8112 2.94
8113 8.60
8114 9.02
8115 20.22
8116 2.38
8117 16.25
8118 4.53
8119 2.46
8120 1.30
8121 1.30
8122 1.31
8123 1.83
8124 2.31
8125 1.66
8126 1.73
8127 1.67
8128 2.05
8129 1.87
8130 1.98
8131 2.21
8132 2.34
8133 2.20
8134 1.92
8135 26.09
8136 2.65
8137 3.74
8138 0.68
8139 0.00
8140 0.00
8141 50.00
8142 2.56
8143 2.79
8144 1.12
8145 2.24
8146 1.90
8147 1.64
8148 1.61
8149 1.74
8150 1.85
8151 2.07
8152 2.09
8153 1.79
8154 1.47
8155 1.57
8156 1.94
8157 1.81
8158 21.09
8159 8.04
8160 32.14
8161 0.37
8162 0.00
8163 4.00
8164 2.66
8165 3.57
8166 8.28
8167 4.09
8168 1.53
8169 2.14
8170 1.37
8171 1.69
8172 1.66
8173 1.75
8174 1.51
8175 1.62
8176 2.07
8177 1.61
8178 1.86
8179 2.18
8180 2.17
8181 5.70
8182 8.59
8183 2.56
8184 7.84
8185 0.38
8186 0.69
8187 4.12
8188 0.00
8189 41.38
8190 6.08
8191 1.59
8192 1.25
8193 1.53
8194 1.49
8195 1.90
8196 1.51
8197 1.83
8198 1.42
8199 1.77
8200 1.81
8201 1.84
8202 1.72
8203 1.73
8204 1.92
8205 1.35
8206 5.41
8207 5.40
8208 3.21
8209 1.11
8210 4.24
8211 1.50
8212 5.03
8213 11.80
8214 19.83
8215 2.89
8216 1.86
8217 1.73
8218 1.76
8219 1.38
8220 1.66
8221 1.54
8222 1.59
8223 1.73
8224 2.41
8225 1.68
8226 1.49
8227 1.55
8228 1.58
8229 0.80
8230 3.70
8231 1.36
8232 0.00
8233 0.29
8234 1.33
8235 0.00
8236 31.86
8237 46.75
8238 0.00
8239 24.49
8240 0.58
8241 2.48
8242 1.71
8243 1.75
8244 1.38
8245 1.76
8246 2.35
8247 1.77
8248 1.72
8249 1.55
8250 1.47
8251 1.55
8252 1.52
8253 1.10
8254 0.59
8255 8.00
8256 2.74
8257 0.49
8258 0.00
8259 7.57
8260 4.36
8261 6.04
8262 5.96
8263 59.02
8264 0.71
8265 1.57
8266 0.98
8267 0.97
8268 1.12
8269 1.05
8270 0.85
8271 1.18
8272 1.10
8273 1.37
8274 1.59
8275 4.29
8276 1.27
8277 3.96
8278 1.50
8279 30.25
8280 3.15
8281 0.19
8282 0.00
8283 0.00
8284 1.97
8285 2.44
8286 21.72
8287 4.84
8288 1.75
8289 1.93
8290 1.70
8291 1.67
8292 1.76
8293 1.29
8294 1.63
8295 1.81
8296 1.83
8297 1.96
8298 1.86
8299 1.89
8300 2.00
8301 2.94
8302 5.38
8303 2.76
8304 0.00
8305 0.14
8306 0.00
8307 0.00
8308 0.00
8309 17.27
8310 7.91
8311 4.19
8312 1.70
8313 2.00
8314 1.41
8315 1.79
8316 1.72
8317 1.69
8318 1.76
8319 1.74
8320 1.99
8321 1.60
8322 1.74
8323 1.78
8324 1.71
8325 2.68
8326 3.22
8327 3.01
8328 41.38
8329 0.59
8330 33.64
8331 15.32
8332 0.00
8333 0.74
8334 0.00
8335 7.85
8336 1.28
8337 2.00
8338 1.33
8339 2.18
8340 1.76
8341 1.49
8342 1.68
8343 1.76
8344 2.30
8345 1.73
8346 1.69
8347 1.73
8348 2.03
8349 4.16
8350 8.65
8351 3.02
8352 9.55
8353 0.25
8354 2.66
8355 40.00
8356 22.09
8357 1.84
8358 11.96
8359 3.04
8360 1.27
8361 2.00
8362 1.62
8363 1.91
8364 1.69
8365 1.38
8366 1.51
8367 1.66
8368 2.23
8369 1.75
8370 1.72
8371 1.40
8372 1.80
8373 1.79
8374 37.50
8375 6.91
8376 4.71
8377 0.64
8378 51.43
8379 3.37
8380 2.29
8381 6.97
8382 7.79
8383 2.19
8384 1.35
8385 1.85
8386 1.43
8387 1.72
8388 1.84
8389 1.76
8390 1.38
8391 2.00
8392 2.19
8393 2.01
8394 1.61
8395 1.57
8396 1.87
8397 1.25
8398 0.45
8399 2.54
8400 12.72
8401 1.18
8402 19.18
8403 12.36
8404 16.78
8405 0.00
8406 6.73
8407 0.00
8408 0.78
8409 1.77
8410 2.09
8411 1.60
8412 1.96
8413 1.88
8414 1.95
8415 1.52
8416 1.75
8417 1.59
8418 1.66
8419 1.53
8420 1.64
8421 1.07
8422 1.12
8423 3.09
8424 4.13
8425 1.02
8426 1.06
8427 8.17
8428 7.62
8429 4.77
8430 6.27
8431 7.98
8432 1.57
8433 1.35
8434 0.97
8435 1.00
8436 1.29
8437 1.14
8438 1.19
8439 1.23
8440 0.94
8441 1.14
8442 1.49
8443 2.41
8444 2.55
8445 2.65
8446 0.00
8447 3.34
8448 6.99
8449 4.45
8450 0.00
8451 0.00
8452 1.76
8453 0.00
8454 8.11
8455 3.01
8456 1.46
8457 1.59
8458 1.43
8459 1.46
8460 1.39
8461 1.85
8462 1.93
8463 2.19
8464 1.95
8465 2.07
8466 1.78
8467 1.80
8468 1.74
8469 5.99
8470 1.65
8471 14.29
8472 0.00
8473 8.35
8474 5.17
8475 26.18
8476 0.00
8477 23.00
8478 11.86
8479 1.98
8480 1.13
8481 1.99
8482 1.44
8483 1.95
8484 1.82
8485 1.89
8486 1.54
8487 2.15
8488 2.16
8489 1.74
8490 1.73
8491 1.90
8492 1.82
8493 5.74
8494 1.16
8495 29.03
8496 1.91
8497 0.17
8498 0.33
8499 0.00
8500 0.00
8501 20.34
8502 9.15
8503 2.63
8504 1.01
8505 1.95
8506 1.59
8507 1.82
8508 1.96
8509 1.82
8510 1.71
8511 1.97
8512 2.23
8513 2.06
8514 2.20
8515 2.50
8516 1.93
8517 1.52
8518 11.12
8519 1.91
8520 0.00
8521 2.99
8522 12.35
8523 6.46
8524 0.00
8525 9.84
8526 4.86
8527 5.04
8528 1.60
8529 1.86
8530 2.88
8531 1.68
8532 1.64
8533 1.76
8534 2.01
8535 2.17
8536 1.92
8537 1.82
8538 1.91
8539 1.44
8540 2.04
8541 3.77
8542 2.71
8543 4.43
8544 6.59
8545 1.27
8546 1.04
8547 12.20
8548 0.00
8549 0.00
8550 8.68
8551 21.40
8552 1.26
8553 1.43
8554 1.68
8555 1.73
8556 1.54
8557 2.39
8558 1.91
8559 2.24
8560 2.23
8561 1.63
8562 1.61
8563 1.84
8564 1.79
8565 2.39
8566 1.48
8567 0.96
8568 0.00
8569 0.24
8570 12.16
8571 4.32
8572 6.15
8573 3.36
8574 5.89
8575 1.29
8576 1.13
8577 2.06
8578 1.79
8579 1.98
8580 2.13
8581 1.87
8582 1.57
8583 1.51
8584 2.32
8585 2.05
8586 1.85
8587 2.04
8588 2.40
8589 2.72
8590 3.50
8591 1.22
8592 6.66
8593 8.02
8594 6.59
8595 3.35
8596 0.00
8597 0.00
8598 5.22
8599 13.38
8600 0.93
8601 1.92
8602 2.60
8603 2.22
8604 1.04
8605 0.80
8606 0.72
8607 1.37
8608 1.64
8609 3.52
8610 2.10
8611 6.82
8612 11.61
8613 5.45
8614 24.66
8615 5.90
8616 3.67
8617 0.60
8618 12.29
8619 15.00
8620 0.00
8621 21.56
8622 0.68
8623 0.47
8624 0.29
8625 0.45
8626 0.47
8627 0.68
8628 0.63
8629 0.49
8630 0.65
8631 0.88
8632 1.01
8633 0.84
8634 0.99
8635 1.35
8636 1.66
8637 3.76
8638 1.17
8639 2.74
8640 3.35
8641 0.57
8642 0.95
8643 46.75
8644 26.57
8645 15.06
8646 2.90
8647 52.17
8648 0.28
8649 0.59
8650 0.71
8651 0.51
8652 0.78
8653 0.84
8654 1.01
8655 0.93
8656 1.11
8657 1.16
8658 1.38
8659 1.65
8660 2.52
8661 5.57
8662 9.26
8663 40.91
8664 4.27
8665 6.06
8666 1.93
8667 0.00
8668 0.00
8669 9.42
8670 4.11
8671 2.99
8672 0.86
8673 1.50
8674 1.45
8675 1.73
8676 1.58
8677 1.67
8678 1.78
8679 1.82
8680 1.75
8681 1.61
8682 1.84
8683 2.07
8684 1.95
8685 5.66
8686 28.48
8687 4.71
8688 3.50
8689 0.15
8690 0.28
8691 0.00
8692 0.00
8693 0.00
8694 4.93
8695 9.73
8696 1.12
8697 2.02
8698 1.62
8699 1.67
8700 1.69
8701 1.52
8702 1.70
8703 1.59
8704 1.52
8705 2.16
8706 1.84
8707 1.95
8708 2.14
8709 2.42
8710 8.49
8711 2.00
8712 12.92
8713 4.53
8714 0.00
8715 18.75
8716 0.00
8717 0.00
8718 4.13
8719 4.19
8720 2.01
8721 1.66
8722 1.24
8723 1.61
8724 1.55
8725 1.53
8726 1.75
8727 1.82
8728 2.18
8729 1.92
8730 1.63
8731 1.89
8732 2.31
8733 4.09
8734 0.93
8735 9.30
8736 2.81
8737 0.24
8738 0.00
8739 0.85
8740 0.00
8741 0.00
8742 3.58
8743 0.00
8744 1.19
8745 2.84
8746 2.51
8747 2.35
8748 1.90
8749 2.15
8750 1.98
8751 1.77
8752 1.91
8753 1.67
8754 1.72
8755 2.44
8756 1.89
8757 2.29
8758 1.36
8759 1.64
8760 0.00
