1 1.39
2 46.15
3 0.00
4 0.00
5 0.00
6 41.86
7 29.03
8 0.37
9 1.29
10 0.89
11 1.11
12 0.82
13 0.67
14 0.77
15 0.88
16 0.89
17 1.11
18 1.78
19 3.61
20 0.00
21 0.00
22 0.00
23 0.87
24 34.95
25 0.00
26 0.00
27 0.00
28 0.00
29 0.00
30 0.00
31 0.00
32 0.26
33 0.88
34 0.91
35 1.10
36 1.03
37 0.79
38 0.73
39 0.68
40 0.91
41 0.95
42 0.92
43 1.06
44 1.65
45 4.54
46 43.90
47 0.00
48 0.00
49 0.58
50 0.00
51 0.00
52 0.00
53 0.00
54 0.00
55 12.00
56 0.60
57 1.93
58 1.03
59 1.42
60 1.30
61 1.18
62 1.58
63 1.38
64 1.43
65 2.22
66 1.48
67 1.22
68 2.00
69 5.41
70 0.00
71 0.00
72 0.00
73 0.00
74 0.18
75 0.00
76 0.00
77 0.00
78 0.00
79 0.00
80 0.68
81 2.26
82 1.01
83 1.27
84 1.36
85 1.19
86 1.26
87 1.36
88 1.71
89 2.80
90 2.31
91 1.47
92 2.03
93 4.53
94 0.00
95 0.00
96 0.00
97 0.00
98 0.00
99 0.00
100 0.00
101 0.00
102 15.72
103 0.00
104 0.70
105 1.39
106 0.90
107 1.24
108 1.19
109 1.00
110 1.09
111 1.40
112 1.76
113 2.30
114 2.01
115 1.50
116 1.78
117 4.59
118 21.82
119 0.00
120 0.00
121 0.00
122 0.00
123 0.00
124 0.00
125 0.00
126 24.16
127 0.00
128 0.66
129 1.28
130 1.12
131 1.45
132 1.20
133 1.34
134 1.25
135 1.55
136 1.64
137 1.93
138 1.65
139 1.23
140 1.61
141 4.45
142 2.06
143 0.00
144 0.00
145 0.00
146 0.00
147 0.00
148 0.00
149 0.00
150 0.00
151 0.00
152 0.39
153 2.33
154 1.26
155 1.44
156 1.36
157 1.79
158 1.28
159 1.52
160 1.90
161 1.00
162 1.52
163 1.04
164 1.53
165 3.14
166 0.00
167 0.00
168 0.00
169 0.47
170 0.00
171 0.00
172 0.00
173 11.15
174 0.00
175 18.85
176 0.30
177 1.25
178 1.21
179 0.94
180 0.75
181 0.74
182 0.76
183 0.96
184 1.00
185 1.10
186 1.38
187 4.64
188 6.55
189 0.00
190 0.00
191 18.27
192 0.00
193 1.78
194 0.00
195 0.00
196 0.00
197 0.00
198 0.00
199 22.09
200 1.28
201 1.64
202 1.08
203 1.50
204 1.34
205 1.29
206 1.51
207 1.32
208 1.78
209 2.08
210 2.23
211 1.59
212 1.73
213 5.24
214 1.90
215 0.00
216 0.00
217 0.00
218 12.95
219 0.00
220 0.00
221 0.00
222 0.00
223 0.00
224 0.85
225 1.40
226 1.04
227 1.34
228 1.47
229 1.15
230 1.26
231 1.12
232 1.34
233 1.90
234 2.29
235 1.62
236 2.25
237 5.19
238 45.00
239 0.00
240 0.00
241 0.36
242 0.00
243 0.00
244 0.00
245 0.00
246 0.00
247 0.00
248 0.83
249 1.69
250 1.12
251 1.48
252 1.30
253 1.19
254 1.22
255 1.46
256 1.76
257 2.17
258 1.78
259 1.61
260 2.08
261 6.24
262 0.00
263 0.00
264 0.00
265 0.00
266 0.00
267 0.00
268 0.00
269 0.00
270 11.61
271 9.92
272 1.01
273 1.28
274 1.04
275 1.39
276 1.39
277 1.29
278 1.23
279 1.37
280 1.43
281 1.98
282 1.93
283 1.68
284 2.18
285 5.49
286 0.00
287 27.48
288 0.00
289 0.00
290 0.00
291 0.00
292 0.00
293 9.76
294 0.00
295 0.00
296 1.03
297 1.44
298 1.16
299 1.45
300 1.45
301 1.07
302 1.10
303 1.27
304 1.54
305 2.01
306 1.92
307 1.53
308 1.68
309 4.62
310 3.61
311 0.00
312 0.00
313 0.00
314 0.00
315 0.14
316 0.00
317 0.00
318 0.00
319 1.45
320 0.47
321 2.39
322 2.16
323 2.24
324 1.62
325 1.33
326 1.39
327 1.19
328 1.17
329 1.58
330 1.37
331 1.22
332 1.43
333 3.34
334 0.00
335 0.00
336 4.11
337 2.57
338 0.00
339 0.00
340 0.00
341 0.00
342 0.00
343 0.00
344 0.34
345 2.27
346 1.29
347 1.15
348 0.95
349 0.96
350 1.03
351 1.18
352 1.17
353 1.08
354 2.13
355 5.38
356 0.00
357 0.00
358 0.00
359 12.14
360 0.00
361 0.00
362 0.00
363 0.00
364 0.00
365 0.00
366 0.00
367 21.60
368 0.89
369 1.27
370 0.93
371 2.27
372 1.64
373 1.41
374 1.71
375 1.82
376 2.37
377 2.99
378 3.15
379 1.72
380 2.46
381 5.11
382 0.00
383 24.66
384 0.00
385 0.00
386 0.00
387 0.00
388 0.00
389 0.00
390 0.00
391 0.00
392 0.81
393 1.47
394 0.88
395 1.50
396 1.33
397 1.67
398 1.53
399 1.63
400 2.44
401 2.38
402 2.30
403 1.72
404 2.34
405 6.69
406 5.63
407 0.00
408 0.00
409 1.51
410 0.00
411 0.00
412 0.00
413 0.00
414 0.00
415 2.08
416 0.79
417 1.19
418 0.79
419 1.33
420 1.24
421 1.31
422 1.43
423 1.33
424 1.97
425 2.28
426 2.14
427 1.49
428 2.44
429 5.90
430 0.00
431 0.00
432 0.00
433 0.00
434 0.00
435 0.00
436 0.00
437 0.00
438 0.00
439 0.00
440 0.64
441 1.56
442 0.93
443 1.47
444 1.34
445 1.38
446 1.42
447 1.38
448 2.08
449 2.66
450 1.93
451 1.38
452 1.92
453 6.06
454 0.83
455 0.00
456 0.00
457 0.00
458 0.00
459 0.00
460 0.00
461 0.00
462 0.00
463 17.22
464 0.86
465 1.50
466 0.88
467 1.47
468 1.69
469 1.14
470 1.25
471 1.63
472 1.79
473 1.94
474 1.92
475 1.17
476 1.58
477 4.18
478 0.00
479 0.00
480 0.00
481 0.00
482 0.00
483 0.00
484 0.00
485 0.00
486 0.76
487 0.00
488 0.39
489 2.68
490 1.92
491 2.03
492 1.31
493 1.85
494 1.33
495 1.55
496 1.44
497 1.63
498 1.69
499 1.27
500 1.55
501 4.48
502 0.85
503 0.00
504 0.00
505 0.00
506 0.00
507 0.00
508 5.72
509 0.00
510 0.00
511 0.00
512 0.37
513 2.44
514 1.14
515 1.13
516 1.03
517 1.00
518 0.98
519 0.98
520 0.92
521 1.03
522 1.73
523 4.92
524 0.00
525 0.28
526 0.00
527 18.65
528 59.02
529 0.00
530 0.00
531 0.00
532 0.00
533 0.00
534 29.03
535 1.78
536 1.05
537 1.65
538 1.08
539 1.54
540 1.45
541 1.28
542 1.21
543 1.60
544 1.55
545 2.12
546 1.77
547 1.45
548 2.00
549 4.38
550 0.00
551 0.00
552 0.00
553 0.00
554 0.00
555 0.00
556 0.00
557 0.00
558 1.76
559 5.50
560 0.97
561 2.08
562 1.11
563 1.30
564 1.45
565 1.36
566 1.23
567 1.37
568 1.55
569 2.37
570 1.80
571 1.86
572 1.79
573 5.14
574 0.00
575 0.00
576 0.00
577 0.00
578 6.02
579 59.02
580 0.00
581 0.00
582 0.00
583 2.49
584 1.14
585 1.43
586 1.09
587 1.11
588 1.05
589 1.30
590 1.29
591 1.42
592 1.82
593 2.24
594 2.20
595 1.50
596 1.78
597 6.02
598 0.00
599 0.00
600 33.03
601 0.00
602 9.40
603 0.00
604 0.00
605 0.00
606 0.00
607 0.00
608 0.29
609 0.70
610 0.52
611 0.75
612 0.73
613 0.82
614 1.01
615 0.84
616 0.68
617 0.67
618 0.91
619 1.02
620 1.77
621 4.95
622 0.00
623 0.00
624 0.00
625 0.22
626 0.00
627 0.00
628 0.00
629 0.00
630 16.00
631 17.65
632 1.18
633 1.52
634 0.92
635 1.70
636 1.38
637 1.06
638 1.18
639 1.23
640 2.17
641 2.03
642 1.65
643 1.22
644 1.37
645 4.48
646 0.00
647 14.06
648 0.00
649 1.85
650 0.00
651 0.00
652 0.00
653 0.00
654 0.68
655 0.00
656 0.46
657 3.27
658 3.11
659 1.88
660 1.53
661 1.64
662 1.52
663 1.29
664 2.15
665 1.68
666 1.66
667 1.08
668 1.62
669 4.97
670 0.00
671 5.66
672 1.68
673 0.64
674 6.06
675 41.38
676 0.00
677 0.00
678 0.00
679 0.00
680 0.39
681 2.38
682 1.02
683 0.83
684 0.92
685 0.74
686 0.82
687 0.85
688 0.83
689 1.02
690 1.71
691 6.09
692 55.38
693 0.00
694 0.00
695 11.50
696 0.00
697 0.00
698 0.00
699 0.00
700 0.00
701 0.00
702 6.07
703 0.00
704 0.63
705 2.59
706 0.85
707 1.24
708 1.28
709 1.42
710 1.41
711 1.74
712 2.11
713 2.00
714 2.05
715 2.08
716 2.05
717 5.00
718 0.00
719 0.00
720 0.00
721 0.00
722 0.00
723 0.00
724 0.00
725 0.00
726 17.56
727 2.15
728 0.71
729 1.07
730 0.91
731 1.16
732 1.42
733 1.13
734 1.23
735 1.55
736 1.88
737 2.23
738 1.69
739 1.38
740 1.74
741 5.24
742 0.00
743 0.00
744 0.00
745 0.29
746 11.11
747 22.36
748 0.00
749 0.00
750 0.00
751 0.00
752 0.86
753 1.97
754 0.85
755 1.46
756 1.50
757 1.23
758 1.19
759 1.42
760 1.98
761 2.28
762 2.00
763 1.72
764 1.56
765 5.03
766 0.00
767 0.00
768 0.00
769 0.00
770 0.00
771 0.00
772 0.00
773 0.00
774 15.79
775 0.00
776 1.01
777 1.74
778 0.82
779 1.48
780 1.65
781 1.17
782 1.42
783 1.67
784 2.04
785 1.92
786 1.85
787 1.66
788 2.01
789 4.43
790 0.00
791 0.00
792 0.00
793 0.00
794 51.43
795 0.00
796 2.10
797 0.00
798 0.00
799 1.62
800 0.94
801 1.60
802 0.99
803 1.31
804 1.47
805 1.29
806 1.13
807 1.55
808 1.81
809 1.91
810 1.58
811 1.13
812 1.39
813 3.51
814 36.36
815 0.00
816 12.74
817 0.00
818 0.00
819 0.00
820 0.00
821 1.01
822 2.38
823 1.65
824 0.36
825 2.45
826 1.82
827 2.17
828 1.43
829 1.52
830 1.44
831 1.40
832 1.77
833 1.60
834 1.32
835 1.02
836 1.22
837 4.54
838 1.43
839 0.00
840 20.85
841 0.00
842 0.00
843 0.00
844 0.00
845 0.00
846 0.00
847 0.68
848 0.31
849 1.94
850 1.17
851 0.82
852 1.20
853 1.00
854 0.91
855 0.78
856 1.05
857 1.15
858 1.52
859 5.01
860 0.00
861 0.00
862 0.00
863 42.35
864 0.00
865 0.00
866 0.00
867 0.00
868 0.00
869 0.00
870 0.00
871 3.97
872 1.09
873 2.03
874 1.27
875 1.36
876 1.42
877 1.34
878 1.32
879 1.47
880 2.15
881 2.55
882 2.74
883 1.67
884 2.17
885 5.24
886 23.08
887 0.00
888 53.73
889 1.32
890 26.87
891 18.42
892 0.00
893 0.00
894 0.00
895 0.85
896 0.76
897 1.27
898 0.89
899 1.69
900 1.54
901 1.49
902 1.35
903 1.37
904 1.84
905 2.65
906 1.84
907 1.12
908 1.64
909 5.20
910 22.57
911 0.00
912 0.00
913 0.00
914 0.00
915 0.00
916 0.00
917 0.00
918 0.00
919 0.00
920 0.67
921 1.43
922 0.88
923 1.18
924 1.24
925 1.20
926 1.23
927 1.56
928 1.73
929 2.14
930 1.75
931 1.11
932 1.55
933 4.98
934 0.00
935 0.00
936 0.00
937 0.00
938 0.00
939 0.00
940 0.00
941 0.00
942 0.00
943 0.00
944 0.81
945 1.44
946 0.74
947 1.29
948 1.36
949 1.34
950 1.34
951 1.41
952 1.80
953 2.23
954 1.49
955 1.12
956 1.46
957 5.33
958 0.00
959 0.00
960 0.00
961 0.00
962 0.00
963 0.00
964 0.00
965 0.00
966 1.75
967 0.00
968 1.02
969 1.37
970 0.80
971 1.42
972 1.44
973 1.30
974 1.29
975 1.39
976 1.58
977 2.00
978 1.41
979 1.03
980 1.40
981 4.40
982 0.85
983 0.00
984 33.64
985 1.56
986 0.00
987 0.00
988 14.94
989 0.00
990 0.00
991 1.76
992 0.45
993 3.70
994 2.18
995 1.51
996 1.32
997 1.42
998 1.22
999 1.22
1000 1.40
1001 1.36
1002 0.97
1003 1.05
1004 1.21
1005 4.50
1006 0.00
1007 0.00
1008 0.00
1009 0.00
1010 0.00
1011 0.00
1012 0.00
1013 0.00
1014 0.00
1015 0.48
1016 0.27
1017 1.48
1018 1.00
1019 0.93
1020 0.91
1021 0.89
1022 0.83
1023 0.79
1024 0.98
1025 1.11
1026 1.76
1027 4.07
1028 0.93
1029 0.00
1030 0.00
1031 0.00
1032 0.00
1033 0.00
1034 0.00
1035 24.49
1036 0.00
1037 0.00
1038 0.00
1039 0.00
1040 1.18
1041 1.32
1042 0.93
1043 1.54
1044 1.51
1045 1.23
1046 1.58
1047 1.78
1048 2.38
1049 2.91
1050 2.29
1051 1.58
1052 2.11
1053 6.61
1054 0.00
1055 0.00
1056 0.00
1057 0.00
1058 0.00
1059 0.00
1060 0.00
1061 0.00
1062 14.03
1063 0.00
1064 0.84
1065 1.30
1066 1.14
1067 1.67
1068 1.33
1069 1.31
1070 1.40
1071 1.46
1072 1.70
1073 2.15
1074 1.55
1075 1.03
1076 1.39
1077 4.45
1078 1.38
1079 0.00
1080 0.00
1081 0.00
1082 0.00
1083 0.00
1084 0.00
1085 22.64
1086 8.93
1087 0.00
1088 1.12
1089 1.12
1090 0.92
1091 1.44
1092 1.47
1093 1.23
1094 1.68
1095 1.72
1096 1.63
1097 2.67
1098 2.00
1099 1.39
1100 1.41
1101 5.72
1102 0.00
1103 0.00
1104 0.00
1105 0.00
1106 0.00
1107 0.00
1108 0.00
1109 0.00
1110 0.00
1111 26.09
1112 0.88
1113 1.48
1114 0.99
1115 1.14
1116 1.29
1117 1.36
1118 1.44
1119 1.46
1120 1.97
1121 2.34
1122 1.90
1123 1.06
1124 1.53
1125 6.36
1126 0.00
1127 38.71
1128 0.00
1129 0.00
1130 0.00
1131 0.00
1132 0.00
1133 0.00
1134 0.00
1135 9.57
1136 1.02
1137 1.16
1138 0.94
1139 1.37
1140 1.33
1141 1.16
1142 1.24
1143 1.52
1144 1.83
1145 2.14
1146 1.53
1147 0.99
1148 1.37
1149 4.80
1150 1.83
1151 0.00
1152 38.30
1153 51.43
1154 0.00
1155 0.00
1156 0.00
1157 0.00
1158 42.35
1159 0.00
1160 0.31
1161 3.37
1162 3.09
1163 2.35
1164 1.68
1165 1.54
1166 1.33
1167 1.27
1168 1.94
1169 1.49
1170 1.57
1171 0.89
1172 1.24
1173 6.41
1174 0.00
1175 0.65
1176 0.00
1177 0.74
1178 0.00
1179 0.00
1180 0.00
1181 0.00
1182 0.00
1183 0.00
1184 0.39
1185 1.50
1186 1.02
1187 0.88
1188 1.02
1189 0.93
1190 1.22
1191 0.91
1192 1.05
1193 1.30
1194 2.04
1195 5.36
1196 0.00
1197 1.02
1198 0.00
1199 17.65
1200 0.00
1201 0.00
1202 0.00
1203 0.00
1204 0.00
1205 0.00
1206 25.00
1207 57.14
1208 1.02
1209 1.42
1210 1.05
1211 1.84
1212 1.81
1213 1.52
1214 1.50
1215 1.43
1216 1.89
1217 2.35
1218 1.76
1219 2.21
1220 2.31
1221 6.47
1222 0.00
1223 0.00
1224 0.00
1225 0.00
1226 0.00
1227 0.00
1228 0.00
1229 0.00
1230 0.00
1231 15.52
1232 0.86
1233 1.11
1234 0.97
1235 1.21
1236 1.34
1237 1.10
1238 1.15
1239 1.36
1240 2.12
1241 2.08
1242 1.16
1243 0.99
1244 1.39
1245 5.01
1246 21.56
1247 0.00
1248 0.00
1249 0.00
1250 0.00
1251 0.00
1252 0.00
1253 0.00
1254 0.00
1255 0.00
1256 0.98
1257 1.67
1258 1.08
1259 1.39
1260 1.66
1261 1.29
1262 1.33
1263 1.70
1264 1.81
1265 1.70
1266 1.56
1267 1.15
1268 1.50
1269 6.20
1270 0.00
1271 0.00
1272 0.00
1273 0.00
1274 0.00
1275 0.00
1276 0.00
1277 0.00
1278 0.00
1279 53.73
1280 0.88
1281 0.98
1282 1.29
1283 1.43
1284 1.32
1285 1.33
1286 1.26
1287 1.33
1288 1.80
1289 1.76
1290 1.38
1291 1.09
1292 1.54
1293 5.12
1294 1.55
1295 0.00
1296 0.00
1297 0.00
1298 0.00
1299 0.00
1300 0.00
1301 0.00
1302 2.69
1303 0.00
1304 0.71
1305 1.60
1306 1.13
1307 1.33
1308 1.19
1309 1.49
1310 1.07
1311 1.51
1312 2.38
1313 1.96
1314 1.51
1315 1.03
1316 1.31
1317 4.71
1318 0.93
1319 0.00
1320 0.00
1321 0.33
1322 0.00
1323 0.00
1324 0.00
1325 0.00
1326 0.00
1327 0.00
1328 0.29
1329 1.28
1330 1.43
1331 1.17
1332 1.50
1333 2.01
1334 1.60
1335 1.25
1336 1.14
1337 1.33
1338 1.28
1339 0.94
1340 1.32
1341 4.17
1342 0.00
1343 1.43
1344 0.00
1345 0.31
1346 0.00
1347 0.00
1348 0.00
1349 0.00
1350 0.00
1351 0.00
1352 0.22
1353 1.60
1354 1.35
1355 1.14
1356 0.94
1357 0.98
1358 1.03
1359 0.95
1360 1.10
1361 1.11
1362 1.45
1363 3.49
1364 0.00
1365 0.79
1366 1.40
1367 25.00
1368 0.00
1369 0.00
1370 0.00
1371 0.00
1372 0.00
1373 0.00
1374 0.00
1375 6.53
1376 0.64
1377 1.55
1378 1.03
1379 1.58
1380 1.39
1381 1.26
1382 1.18
1383 1.40
1384 1.89
1385 2.23
1386 2.05
1387 1.28
1388 1.68
1389 5.26
1390 0.38
1391 0.00
1392 0.00
1393 0.10
1394 0.00
1395 0.00
1396 0.00
1397 0.00
1398 0.00
1399 0.00
1400 0.64
1401 1.21
1402 0.94
1403 1.47
1404 1.48
1405 1.06
1406 1.31
1407 1.38
1408 2.06
1409 2.69
1410 1.59
1411 1.00
1412 1.45
1413 4.88
1414 0.00
1415 0.00
1416 0.00
1417 0.91
1418 0.00
1419 3.61
1420 0.00
1421 0.00
1422 0.00
1423 9.25
1424 0.72
1425 1.27
1426 1.16
1427 1.11
1428 1.29
1429 1.22
1430 1.17
1431 1.31
1432 1.78
1433 1.81
1434 1.19
1435 0.98
1436 1.33
1437 4.92
1438 10.89
1439 0.96
1440 0.00
1441 0.33
1442 0.00
1443 0.00
1444 0.00
1445 0.00
1446 0.00
1447 6.72
1448 0.80
1449 1.21
1450 0.94
1451 1.47
1452 1.42
1453 1.25
1454 1.29
1455 1.40
1456 1.59
1457 2.12
1458 1.44
1459 1.16
1460 1.54
1461 4.19
1462 0.79
1463 0.00
1464 0.00
1465 0.00
1466 0.00
1467 0.00
1468 0.00
1469 0.00
1470 1.32
1471 0.00
1472 0.43
1473 1.44
1474 1.97
1475 1.93
1476 1.92
1477 1.18
1478 1.37
1479 1.14
1480 1.31
1481 1.37
1482 1.10
1483 0.97
1484 1.26
1485 3.71
1486 0.70
1487 0.00
1488 0.00
1489 0.91
1490 0.00
1491 0.00
1492 17.22
1493 0.00
1494 0.00
1495 0.00
1496 0.32
1497 1.06
1498 0.93
1499 0.74
1500 0.85
1501 0.83
1502 0.92
1503 0.74
1504 1.03
1505 0.97
1506 1.57
1507 4.85
1508 0.00
1509 0.00
1510 0.00
1511 0.00
1512 6.95
1513 0.20
1514 0.00
1515 0.00
1516 0.00
1517 0.00
1518 0.00
1519 17.35
1520 0.85
1521 1.54
1522 1.28
1523 1.31
1524 1.55
1525 1.49
1526 1.40
1527 1.63
1528 1.85
1529 2.61
1530 1.44
1531 1.38
1532 2.11
1533 5.86
1534 0.00
1535 0.00
1536 0.00
1537 0.00
1538 0.00
1539 0.00
1540 0.00
1541 0.00
1542 0.00
1543 0.00
1544 0.83
1545 1.34
1546 1.13
1547 1.26
1548 1.39
1549 1.19
1550 1.27
1551 1.60
1552 1.56
1553 2.23
1554 1.93
1555 1.41
1556 1.71
1557 4.13
1558 4.23
1559 0.00
1560 0.00
1561 0.11
1562 0.00
1563 0.00
1564 0.00
1565 0.00
1566 0.00
1567 0.00
1568 0.73
1569 1.48
1570 1.11
1571 1.47
1572 1.55
1573 1.16
1574 1.33
1575 1.42
1576 1.56
1577 1.90
1578 1.63
1579 1.14
1580 1.44
1581 5.94
1582 44.44
1583 23.84
1584 0.00
1585 0.00
1586 0.00
1587 0.00
1588 0.00
1589 0.00
1590 0.00
1591 1.75
1592 0.59
1593 1.54
1594 1.16
1595 1.22
1596 1.55
1597 1.33
1598 1.55
1599 1.34
1600 1.74
1601 2.55
1602 1.27
1603 0.91
1604 1.50
1605 6.31
1606 0.00
1607 0.00
1608 26.09
1609 0.00
1610 0.00
1611 6.50
1612 0.00
1613 0.92
1614 0.00
1615 4.33
1616 0.67
1617 1.25
1618 1.20
1619 1.22
1620 1.42
1621 1.26
1622 1.22
1623 1.66
1624 1.80
1625 1.99
1626 1.66
1627 1.13
1628 1.39
1629 3.85
1630 0.00
1631 0.00
1632 0.00
1633 2.56
1634 43.37
1635 0.00
1636 19.25
1637 0.00
1638 17.39
1639 2.82
1640 0.50
1641 2.48
1642 2.56
1643 2.08
1644 1.87
1645 1.25
1646 1.47
1647 1.45
1648 1.67
1649 2.05
1650 1.81
1651 1.12
1652 1.38
1653 5.17
1654 0.45
1655 2.09
1656 0.00
1657 0.36
1658 0.00
1659 0.00
1660 0.00
1661 0.00
1662 0.00
1663 6.06
1664 0.44
1665 2.64
1666 1.01
1667 0.88
1668 1.07
1669 0.73
1670 0.84
1671 0.81
1672 0.80
1673 0.91
1674 1.50
1675 3.60
1676 7.63
1677 0.00
1678 0.50
1679 0.00
1680 41.38
1681 2.95
1682 0.00
1683 0.00
1684 0.00
1685 0.00
1686 0.00
1687 0.09
1688 0.28
1689 0.30
1690 0.31
1691 0.76
1692 0.50
1693 0.62
1694 0.72
1695 0.56
1696 0.80
1697 0.77
1698 1.05
1699 0.89
1700 1.34
1701 3.81
1702 0.00
1703 0.00
1704 21.56
1705 0.31
1706 0.00
1707 0.00
1708 0.00
1709 0.00
1710 0.00
1711 0.00
1712 0.75
1713 1.32
1714 1.01
1715 1.29
1716 1.46
1717 1.23
1718 1.38
1719 1.43
1720 1.59
1721 1.79
1722 1.57
1723 1.55
1724 1.77
1725 4.07
1726 0.00
1727 0.00
1728 0.00
1729 0.00
1730 0.00
1731 0.00
1732 0.00
1733 9.68
1734 0.00
1735 8.67
1736 0.59
1737 1.11
1738 0.96
1739 1.30
1740 1.46
1741 1.19
1742 1.17
1743 1.54
1744 2.00
1745 2.20
1746 1.30
1747 0.99
1748 1.30
1749 3.38
1750 0.00
1751 4.19
1752 0.00
1753 0.00
1754 0.00
1755 0.00
1756 0.00
1757 0.00
1758 0.00
1759 15.45
1760 0.63
1761 1.46
1762 0.89
1763 1.16
1764 1.28
1765 1.28
1766 1.28
1767 1.36
1768 1.57
1769 1.78
1770 1.32
1771 1.18
1772 1.45
1773 5.23
1774 10.32
1775 0.00
1776 0.00
1777 5.62
1778 0.00
1779 0.00
1780 0.00
1781 0.00
1782 0.00
1783 12.46
1784 0.71
1785 0.93
1786 0.84
1787 1.15
1788 1.22
1789 1.06
1790 1.26
1791 1.38
1792 1.59
1793 1.76
1794 1.42
1795 1.18
1796 1.25
1797 3.67
1798 0.83
1799 0.00
1800 2.51
1801 0.95
1802 0.50
1803 0.00
1804 0.00
1805 0.00
1806 0.00
1807 0.44
1808 0.44
1809 1.88
1810 1.26
1811 1.28
1812 1.25
1813 1.12
1814 1.11
1815 1.22
1816 1.19
1817 1.25
1818 1.58
1819 1.28
1820 1.32
1821 3.25
1822 0.70
1823 0.00
1824 1.55
1825 0.59
1826 0.00
1827 0.00
1828 0.00
1829 0.00
1830 0.00
1831 0.00
1832 0.22
1833 0.83
1834 0.79
1835 0.81
1836 0.78
1837 0.80
1838 0.85
1839 0.94
1840 0.96
1841 0.98
1842 1.44
1843 4.90
1844 0.51
1845 0.00
1846 0.00
1847 0.00
1848 0.00
1849 0.00
1850 0.00
1851 0.00
1852 0.00
1853 0.00
1854 0.00
1855 7.07
1856 0.54
1857 1.39
1858 0.96
1859 1.34
1860 1.39
1861 1.10
1862 1.17
1863 1.27
1864 1.63
1865 1.67
1866 1.20
1867 1.07
1868 1.36
1869 4.29
1870 0.00
1871 0.00
1872 0.00
1873 0.00
1874 0.00
1875 0.00
1876 0.00
1877 0.00
1878 0.00
1879 55.38
1880 0.59
1881 1.24
1882 1.09
1883 1.15
1884 1.32
1885 1.12
1886 1.06
1887 1.19
1888 1.65
1889 2.00
1890 1.43
1891 1.38
1892 1.88
1893 3.94
1894 0.00
1895 0.00
1896 0.00
1897 10.84
1898 0.00
1899 0.00
1900 0.00
1901 0.00
1902 0.00
1903 5.57
1904 0.60
1905 1.40
1906 0.87
1907 1.29
1908 1.44
1909 1.26
1910 1.26
1911 1.32
1912 1.79
1913 1.73
1914 1.52
1915 1.43
1916 1.42
1917 4.70
1918 0.00
1919 0.00
1920 0.00
1921 0.00
1922 0.00
1923 0.00
1924 0.00
1925 0.00
1926 0.00
1927 0.00
1928 0.63
1929 1.76
1930 0.81
1931 1.20
1932 1.39
1933 1.19
1934 1.32
1935 1.35
1936 1.84
1937 1.70
1938 1.54
1939 1.20
1940 1.33
1941 4.85
1942 0.00
1943 0.00
1944 0.00
1945 0.19
1946 0.00
1947 0.00
1948 0.00
1949 0.00
1950 0.00
1951 2.95
1952 0.78
1953 1.25
1954 0.92
1955 1.53
1956 1.21
1957 1.08
1958 1.21
1959 1.44
1960 1.59
1961 1.45
1962 1.66
1963 1.07
1964 1.31
1965 3.97
1966 11.98
1967 0.00
1968 0.00
1969 0.00
1970 0.00
1971 1.23
1972 0.00
1973 0.00
1974 0.00
1975 0.28
1976 0.47
1977 1.26
1978 1.98
1979 1.39
1980 1.60
1981 1.11
1982 1.20
1983 1.24
1984 1.16
1985 1.46
1986 1.24
1987 0.99
1988 1.14
1989 2.50
1990 0.00
1991 5.84
1992 7.89
1993 1.02
1994 0.00
1995 0.00
1996 0.00
1997 0.00
1998 0.00
1999 0.00
2000 0.29
2001 1.47
2002 0.72
2003 0.73
2004 0.73
2005 0.87
2006 0.91
2007 0.82
2008 0.94
2009 0.83
2010 1.42
2011 3.12
2012 0.00
2013 0.00
2014 0.00
2015 23.84
2016 0.00
2017 3.81
2018 44.44
2019 0.00
2020 0.00
2021 0.00
2022 0.00
2023 0.00
2024 0.70
2025 1.08
2026 1.25
2027 1.24
2028 1.20
2029 1.05
2030 1.21
2031 1.66
2032 1.97
2033 2.15
2034 1.83
2035 1.43
2036 1.91
2037 6.22
2038 0.00
2039 2.94
2040 0.00
2041 8.93
2042 0.00
2043 0.00
2044 0.00
2045 0.00
2046 22.93
2047 11.69
2048 0.74
2049 1.12
2050 0.88
2051 1.41
2052 1.77
2053 1.46
2054 1.30
2055 1.27
2056 1.63
2057 2.09
2058 1.60
2059 1.39
2060 1.83
2061 4.38
2062 11.08
2063 0.00
2064 0.00
2065 0.19
2066 0.00
2067 0.00
2068 0.00
2069 0.00
2070 0.00
2071 19.05
2072 0.73
2073 1.59
2074 1.04
2075 1.08
2076 1.25
2077 1.19
2078 1.39
2079 1.44
2080 1.56
2081 2.13
2082 1.36
2083 1.13
2084 1.89
2085 5.79
2086 0.00
2087 48.65
2088 0.00
2089 33.96
2090 0.00
2091 0.00
2092 0.00
2093 0.00
2094 0.00
2095 3.28
2096 0.90
2097 1.20
2098 0.98
2099 1.46
2100 1.45
2101 1.23
2102 1.33
2103 1.45
2104 1.75
2105 1.92
2106 1.56
2107 0.98
2108 1.44
2109 3.51
2110 52.17
2111 0.00
2112 0.00
2113 0.00
2114 0.00
2115 0.00
2116 0.00
2117 0.00
2118 0.00
2119 18.21
2120 0.80
2121 1.36
2122 1.11
2123 1.18
2124 1.12
2125 1.00
2126 1.21
2127 1.32
2128 1.53
2129 1.52
2130 1.36
2131 1.00
2132 1.49
2133 4.28
2134 18.00
2135 0.00
2136 29.03
2137 0.00
2138 0.00
2139 0.00
2140 0.00
2141 0.00
2142 0.00
2143 1.49
2144 0.48
2145 1.49
2146 0.83
2147 0.91
2148 0.91
2149 0.97
2150 0.83
2151 0.96
2152 1.30
2153 1.11
2154 1.21
2155 0.97
2156 1.26
2157 3.27
2158 0.00
2159 0.00
2160 0.00
2161 3.06
2162 0.00
2163 0.00
2164 0.00
2165 0.00
2166 0.00
2167 8.96
2168 0.37
2169 0.85
2170 0.83
2171 0.73
2172 0.94
2173 0.73
2174 0.87
2175 0.76
2176 0.96
2177 0.97
2178 1.46
2179 2.50
2180 0.84
2181 0.89
2182 0.00
2183 0.00
2184 0.00
2185 2.14
2186 8.49
2187 0.00
2188 0.00
2189 0.00
2190 0.00
2191 4.96
2192 0.63
2193 1.70
2194 1.30
2195 1.32
2196 1.36
2197 1.11
2198 1.26
2199 1.35
2200 1.81
2201 2.47
2202 1.67
2203 1.67
2204 1.44
2205 4.44
2206 0.00
2207 40.91
2208 0.00
2209 0.00
2210 0.00
2211 13.04
2212 0.00
2213 0.00
2214 28.80
2215 35.29
2216 1.05
2217 1.12
2218 1.13
2219 1.18
2220 1.33
2221 1.12
2222 1.17
2223 1.37
2224 1.59
2225 1.71
2226 1.41
2227 0.98
2228 1.42
2229 5.35
2230 0.00
2231 23.84
2232 23.68
2233 8.98
2234 21.05
2235 0.00
2236 25.00
2237 37.50
2238 48.00
2239 9.86
2240 0.94
2241 1.16
2242 1.39
2243 1.65
2244 1.24
2245 1.23
2246 1.17
2247 1.38
2248 1.46
2249 1.85
2250 1.51
2251 1.09
2252 1.41
2253 4.46
2254 0.00
2255 0.00
2256 0.00
2257 2.41
2258 0.00
2259 15.06
2260 5.16
2261 0.00
2262 0.00
2263 0.00
2264 1.02
2265 1.29
2266 1.20
2267 1.34
2268 1.24
2269 1.18
2270 1.21
2271 1.57
2272 2.21
2273 1.93
2274 1.51
2275 1.38
2276 1.32
2277 4.72
2278 43.90
2279 1.29
2280 3.64
2281 0.00
2282 0.00
2283 0.00
2284 0.00
2285 0.00
2286 0.00
2287 0.00
2288 0.21
2289 1.27
2290 0.52
2291 0.66
2292 0.67
2293 0.60
2294 0.82
2295 0.76
2296 0.71
2297 0.81
2298 0.67
2299 0.72
2300 1.31
2301 4.28
2302 22.93
2303 0.00
2304 0.00
2305 0.26
2306 0.00
2307 0.00
2308 0.00
2309 0.00
2310 37.50
2311 0.00
2312 0.28
2313 1.91
2314 1.07
2315 1.15
2316 1.05
2317 0.83
2318 0.90
2319 1.01
2320 1.01
2321 0.95
2322 0.94
2323 0.85
2324 1.19
2325 4.48
2326 1.07
2327 0.00
2328 25.35
2329 0.33
2330 55.38
2331 0.00
2332 0.00
2333 0.00
2334 0.00
2335 0.00
2336 0.35
2337 1.13
2338 0.94
2339 1.13
2340 0.81
2341 0.66
2342 0.74
2343 0.82
2344 0.85
2345 0.77
2346 1.42
2347 3.87
2348 20.17
2349 0.00
2350 0.37
2351 0.00
2352 19.89
2353 0.00
2354 0.00
2355 0.00
2356 0.00
2357 0.00
2358 0.00
2359 0.86
2360 0.26
2361 1.10
2362 0.49
2363 0.71
2364 0.72
2365 0.56
2366 0.73
2367 0.75
2368 0.76
2369 0.87
2370 0.81
2371 0.85
2372 1.31
2373 4.52
2374 3.45
2375 9.16
2376 0.00
2377 34.95
2378 0.00
2379 11.98
2380 27.07
2381 3.77
2382 0.00
2383 0.00
2384 0.81
2385 1.79
2386 1.26
2387 1.30
2388 1.51
2389 1.48
2390 1.43
2391 1.53
2392 1.40
2393 2.47
2394 1.92
2395 1.20
2396 1.25
2397 5.17
2398 9.35
2399 0.00
2400 0.00
2401 0.00
2402 14.34
2403 0.00
2404 8.07
2405 29.51
2406 21.56
2407 0.00
2408 0.86
2409 1.31
2410 1.32
2411 1.22
2412 1.07
2413 1.14
2414 1.07
2415 1.43
2416 2.06
2417 2.04
2418 1.97
2419 1.18
2420 1.33
2421 4.00
2422 0.00
2423 0.00
2424 0.00
2425 4.07
2426 0.00
2427 20.22
2428 30.25
2429 0.00
2430 0.00
2431 34.29
2432 0.93
2433 1.34
2434 1.19
2435 1.28
2436 1.37
2437 1.24
2438 1.14
2439 1.41
2440 1.60
2441 2.18
2442 1.76
2443 1.34
2444 1.61
2445 4.22
2446 6.89
2447 0.00
2448 0.00
2449 0.00
2450 0.00
2451 20.69
2452 4.45
2453 0.00
2454 37.11
2455 0.00
2456 0.92
2457 1.27
2458 1.10
2459 1.31
2460 1.50
2461 1.23
2462 1.29
2463 1.60
2464 1.57
2465 1.74
2466 1.37
2467 0.97
2468 1.32
2469 5.07
2470 0.00
2471 1.16
2472 10.34
2473 2.89
2474 0.00
2475 0.00
2476 0.00
2477 0.00
2478 0.00
2479 0.00
2480 0.82
2481 2.00
2482 1.30
2483 1.50
2484 1.46
2485 1.29
2486 1.12
2487 1.20
2488 1.13
2489 1.17
2490 1.14
2491 0.89
2492 1.15
2493 3.16
2494 0.00
2495 0.00
2496 0.00
2497 1.04
2498 0.00
2499 0.00
2500 0.00
2501 0.00
2502 0.00
2503 0.00
2504 0.68
2505 0.99
2506 0.75
2507 0.97
2508 0.93
2509 0.78
2510 0.81
2511 0.87
2512 0.94
2513 0.94
2514 1.39
2515 3.44
2516 40.00
2517 0.00
2518 0.00
2519 47.37
2520 0.00
2521 0.00
2522 0.00
2523 13.69
2524 10.88
2525 0.00
2526 43.90
2527 26.87
2528 0.91
2529 1.70
2530 1.46
2531 1.39
2532 1.62
2533 1.44
2534 1.31
2535 1.52
2536 1.80
2537 1.87
2538 1.66
2539 1.37
2540 1.65
2541 5.33
2542 0.00
2543 8.93
2544 0.00
2545 0.00
2546 12.08
2547 0.00
2548 35.29
2549 4.93
2550 19.57
2551 0.00
2552 1.16
2553 1.36
2554 1.37
2555 1.37
2556 1.50
2557 1.34
2558 1.18
2559 1.84
2560 2.11
2561 1.80
2562 1.51
2563 1.22
2564 1.42
2565 4.63
2566 0.45
2567 0.00
2568 0.00
2569 1.40
2570 0.00
2571 0.00
2572 0.00
2573 0.00
2574 0.00
2575 0.00
2576 1.12
2577 1.54
2578 1.22
2579 1.22
2580 1.28
2581 0.95
2582 1.25
2583 1.37
2584 1.56
2585 1.75
2586 1.66
2587 1.07
2588 1.26
2589 4.63
2590 7.33
2591 0.00
2592 0.00
2593 7.03
2594 0.00
2595 0.00
2596 0.00
2597 0.00
2598 0.00
2599 0.00
2600 1.47
2601 1.37
2602 1.12
2603 1.31
2604 1.24
2605 1.23
2606 1.19
2607 1.48
2608 1.58
2609 1.86
2610 1.38
2611 1.05
2612 1.52
2613 5.32
2614 32.43
2615 0.00
2616 0.00
2617 0.20
2618 0.00
2619 0.00
2620 0.00
2621 0.00
2622 2.65
2623 0.00
2624 1.01
2625 1.09
2626 1.08
2627 1.29
2628 1.51
2629 1.23
2630 1.33
2631 1.42
2632 1.74
2633 1.72
2634 1.40
2635 1.10
2636 1.34
2637 3.41
2638 0.00
2639 0.00
2640 0.00
2641 2.26
2642 0.00
2643 0.00
2644 0.00
2645 0.00
2646 7.33
2647 6.01
2648 0.66
2649 1.05
2650 1.25
2651 1.23
2652 1.29
2653 1.32
2654 1.14
2655 1.29
2656 1.00
2657 0.87
2658 1.08
2659 0.89
2660 1.27
2661 3.58
2662 1.45
2663 0.00
2664 0.00
2665 0.59
2666 0.00
2667 36.00
2668 0.00
2669 0.00
2670 0.00
2671 0.00
2672 0.51
2673 1.64
2674 0.89
2675 0.87
2676 0.77
2677 0.73
2678 0.83
2679 0.87
2680 0.98
2681 0.94
2682 1.39
2683 3.30
2684 0.00
2685 46.15
2686 58.06
2687 0.00
2688 0.00
2689 0.00
2690 0.00
2691 0.00
2692 0.00
2693 0.00
2694 2.61
2695 25.17
2696 1.11
2697 1.38
2698 1.06
2699 1.36
2700 1.33
2701 1.29
2702 1.23
2703 1.55
2704 1.76
2705 1.82
2706 1.50
2707 1.53
2708 2.25
2709 5.06
2710 0.00
2711 0.00
2712 0.00
2713 9.35
2714 0.00
2715 59.02
2716 0.00
2717 0.00
2718 29.27
2719 0.00
2720 0.86
2721 1.20
2722 1.25
2723 1.40
2724 1.21
2725 1.12
2726 1.17
2727 1.19
2728 1.53
2729 1.93
2730 1.68
2731 1.08
2732 1.57
2733 3.76
2734 0.00
2735 16.74
2736 0.00
2737 37.50
2738 0.00
2739 0.00
2740 0.00
2741 0.00
2742 0.00
2743 36.73
2744 0.24
2745 0.75
2746 0.69
2747 0.63
2748 0.71
2749 0.58
2750 0.55
2751 0.74
2752 0.86
2753 0.65
2754 0.86
2755 0.80
2756 1.24
2757 4.68
2758 0.00
2759 0.00
2760 0.00
2761 0.00
2762 0.00
2763 0.00
2764 0.00
2765 0.00
2766 0.00
2767 0.00
2768 0.71
2769 1.20
2770 1.09
2771 1.12
2772 1.34
2773 1.47
2774 1.26
2775 1.50
2776 1.53
2777 1.95
2778 1.80
2779 1.75
2780 1.99
2781 6.77
2782 0.00
2783 0.00
2784 0.00
2785 0.00
2786 0.00
2787 0.00
2788 0.00
2789 0.00
2790 0.00
2791 15.75
2792 0.85
2793 1.49
2794 1.04
2795 1.52
2796 1.31
2797 1.14
2798 1.20
2799 1.51
2800 1.63
2801 2.35
2802 1.79
2803 1.31
2804 1.53
2805 5.10
2806 0.00
2807 0.00
2808 0.00
2809 0.42
2810 0.00
2811 0.00
2812 0.00
2813 0.00
2814 0.00
2815 0.00
2816 0.55
2817 2.34
2818 1.06
2819 1.74
2820 1.51
2821 1.32
2822 1.21
2823 1.19
2824 1.48
2825 1.37
2826 1.26
2827 1.07
2828 1.42
2829 3.88
2830 0.00
2831 0.00
2832 56.25
2833 0.00
2834 0.00
2835 0.00
2836 0.00
2837 0.00
2838 0.00
2839 0.00
2840 0.52
2841 1.16
2842 1.21
2843 1.12
2844 0.92
2845 0.85
2846 0.78
2847 0.88
2848 0.88
2849 1.00
2850 1.47
2851 4.25
2852 0.00
2853 0.00
2854 0.00
2855 0.00
2856 0.00
2857 0.00
2858 0.00
2859 0.00
2860 0.00
2861 0.00
2862 0.00
2863 0.00
2864 0.72
2865 1.15
2866 1.01
2867 1.22
2868 1.48
2869 1.25
2870 1.30
2871 1.59
2872 1.89
2873 2.29
2874 2.24
2875 2.47
2876 2.07
2877 4.12
2878 0.00
2879 0.00
2880 0.00
2881 0.00
2882 24.49
2883 18.65
2884 33.03
2885 12.46
2886 28.57
2887 17.91
2888 0.84
2889 1.31
2890 1.38
2891 1.75
2892 1.36
2893 1.38
2894 1.22
2895 1.67
2896 1.56
2897 2.25
2898 1.88
2899 1.66
2900 2.65
2901 7.19
2902 5.03
2903 0.00
2904 0.00
2905 0.00
2906 0.00
2907 8.72
2908 8.08
2909 0.00
2910 27.07
2911 32.73
2912 0.85
2913 1.01
2914 1.00
2915 1.29
2916 1.08
2917 1.17
2918 1.14
2919 1.48
2920 1.83
2921 1.88
2922 1.78
2923 1.46
2924 2.50
2925 6.55
2926 5.94
2927 19.67
2928 32.14
2929 0.00
2930 0.00
2931 11.15
2932 7.59
2933 0.00
2934 37.50
2935 34.18
2936 0.77
2937 1.28
2938 1.16
2939 1.38
2940 1.68
2941 1.31
2942 1.36
2943 1.31
2944 1.66
2945 1.83
2946 1.42
2947 1.49
2948 1.85
2949 5.01
2950 2.10
2951 0.00
2952 0.00
2953 0.00
2954 0.00
2955 10.56
2956 34.62
2957 5.06
2958 0.00
2959 26.18
2960 0.90
2961 1.06
2962 1.44
2963 1.34
2964 1.67
2965 1.35
2966 1.41
2967 1.44
2968 1.87
2969 1.38
2970 1.46
2971 1.16
2972 1.26
2973 4.59
2974 1.58
2975 13.90
2976 0.00
2977 0.51
2978 0.00
2979 23.84
2980 0.00
2981 0.00
2982 58.06
2983 4.30
2984 0.60
2985 3.87
2986 1.43
2987 1.62
2988 1.32
2989 1.59
2990 1.46
2991 1.11
2992 1.18
2993 1.64
2994 1.46
2995 1.01
2996 1.49
2997 3.55
2998 0.00
2999 1.19
3000 0.00
3001 1.36
3002 0.00
3003 0.00
3004 0.00
3005 0.00
3006 0.00
3007 0.00
3008 0.44
3009 1.35
3010 0.88
3011 0.68
3012 0.77
3013 0.80
3014 0.79
3015 0.78
3016 0.76
3017 0.79
3018 1.58
3019 4.53
3020 1.92
3021 0.00
3022 0.00
3023 0.00
3024 45.57
3025 0.00
3026 0.00
3027 11.01
3028 9.07
3029 34.62
3030 0.00
3031 0.00
3032 0.75
3033 1.20
3034 1.19
3035 1.44
3036 1.50
3037 1.37
3038 1.60
3039 1.51
3040 1.54
3041 2.93
3042 2.04
3043 1.77
3044 2.19
3045 4.74
3046 0.00
3047 0.00
3048 5.06
3049 0.00
3050 0.00
3051 16.00
3052 8.37
3053 22.93
3054 0.00
3055 22.64
3056 1.01
3057 1.41
3058 1.26
3059 1.24
3060 1.56
3061 1.60
3062 1.27
3063 1.67
3064 1.89
3065 2.32
3066 2.04
3067 1.55
3068 2.23
3069 5.18
3070 0.00
3071 0.00
3072 34.95
3073 0.00
3074 0.00
3075 20.11
3076 5.26
3077 30.77
3078 0.00
3079 41.06
3080 0.74
3081 1.55
3082 1.12
3083 1.33
3084 1.36
3085 1.25
3086 1.47
3087 1.57
3088 2.22
3089 2.27
3090 2.28
3091 1.43
3092 2.09
3093 5.36
3094 0.00
3095 4.11
3096 0.00
3097 0.00
3098 0.00
3099 15.06
3100 5.08
3101 34.62
3102 0.00
3103 55.38
3104 0.81
3105 1.35
3106 1.28
3107 1.38
3108 1.22
3109 1.14
3110 1.33
3111 1.90
3112 1.73
3113 2.33
3114 1.49
3115 1.33
3116 1.74
3117 5.67
3118 29.27
3119 5.83
3120 0.00
3121 0.96
3122 0.00
3123 17.56
3124 2.34
3125 2.87
3126 0.00
3127 0.00
3128 0.84
3129 1.20
3130 1.55
3131 1.34
3132 1.49
3133 1.18
3134 1.33
3135 1.54
3136 1.68
3137 1.61
3138 1.47
3139 1.15
3140 1.52
3141 4.89
3142 4.50
3143 0.00
3144 0.00
3145 1.47
3146 0.00
3147 0.00
3148 0.00
3149 32.14
3150 0.00
3151 1.26
3152 0.86
3153 1.96
3154 1.34
3155 1.41
3156 1.22
3157 1.43
3158 1.31
3159 1.32
3160 1.62
3161 1.57
3162 1.41
3163 1.12
3164 1.29
3165 4.01
3166 0.00
3167 12.54
3168 0.00
3169 0.38
3170 0.00
3171 0.00
3172 0.00
3173 0.00
3174 0.00
3175 0.57
3176 0.32
3177 2.04
3178 0.94
3179 0.90
3180 0.92
3181 0.84
3182 0.79
3183 0.93
3184 0.85
3185 0.91
3186 1.55
3187 4.85
3188 0.43
3189 0.00
3190 0.00
3191 0.00
3192 45.57
3193 0.44
3194 0.00
3195 20.89
3196 8.38
3197 0.00
3198 11.82
3199 31.72
3200 1.00
3201 1.17
3202 1.06
3203 1.62
3204 1.38
3205 1.34
3206 1.47
3207 1.57
3208 2.16
3209 2.27
3210 1.83
3211 1.92
3212 2.09
3213 4.77
3214 53.73
3215 3.25
3216 0.00
3217 0.00
3218 13.14
3219 0.00
3220 27.91
3221 37.89
3222 0.00
3223 0.00
3224 0.70
3225 1.32
3226 1.19
3227 1.33
3228 1.41
3229 1.23
3230 1.48
3231 1.70
3232 1.62
3233 2.25
3234 1.54
3235 1.60
3236 1.63
3237 5.37
3238 0.00
3239 0.00
3240 0.00
3241 50.00
3242 0.00
3243 20.00
3244 33.64
3245 0.00
3246 42.35
3247 34.62
3248 1.01
3249 1.30
3250 1.52
3251 1.49
3252 1.33
3253 1.46
3254 1.37
3255 1.62
3256 1.93
3257 1.58
3258 1.47
3259 1.47
3260 2.14
3261 5.45
3262 30.51
3263 5.80
3264 0.00
3265 0.00
3266 0.00
3267 24.08
3268 35.29
3269 15.25
3270 34.95
3271 24.91
3272 0.76
3273 1.38
3274 1.12
3275 1.57
3276 1.26
3277 1.26
3278 1.34
3279 1.87
3280 1.81
3281 1.99
3282 1.46
3283 1.28
3284 2.06
3285 5.22
3286 0.00
3287 0.00
3288 22.09
3289 8.65
3290 0.00
3291 19.35
3292 29.75
3293 29.27
3294 43.90
3295 0.77
3296 0.79
3297 1.37
3298 1.27
3299 1.30
3300 1.21
3301 1.26
3302 1.22
3303 1.74
3304 2.10
3305 1.44
3306 1.41
3307 1.29
3308 1.27
3309 5.24
3310 0.44
3311 0.00
3312 0.00
3313 0.61
3314 0.00
3315 41.86
3316 0.00
3317 0.00
3318 0.00
3319 0.00
3320 0.42
3321 1.33
3322 1.54
3323 1.22
3324 1.41
3325 1.26
3326 1.35
3327 1.24
3328 1.49
3329 1.72
3330 1.13
3331 1.12
3332 1.38
3333 3.28
3334 0.42
3335 20.69
3336 0.00
3337 1.17
3338 0.00
3339 0.00
3340 0.00
3341 0.00
3342 0.00
3343 0.00
3344 0.34
3345 3.01
3346 1.15
3347 0.91
3348 0.93
3349 0.73
3350 0.82
3351 0.90
3352 0.93
3353 0.87
3354 1.51
3355 3.72
3356 58.06
3357 2.07
3358 0.00
3359 26.67
3360 0.00
3361 0.00
3362 0.00
3363 13.33
3364 36.73
3365 0.00
3366 0.00
3367 0.00
3368 1.05
3369 1.38
3370 1.11
3371 1.20
3372 1.43
3373 1.23
3374 1.39
3375 1.73
3376 2.01
3377 2.13
3378 2.18
3379 2.07
3380 3.16
3381 7.93
3382 0.00
3383 10.78
3384 0.00
3385 0.00
3386 14.81
3387 0.00
3388 28.35
3389 26.47
3390 0.00
3391 0.00
3392 0.76
3393 1.23
3394 1.24
3395 1.42
3396 1.62
3397 1.49
3398 1.54
3399 1.75
3400 1.65
3401 1.84
3402 1.83
3403 1.28
3404 2.18
3405 7.08
3406 0.53
3407 15.58
3408 0.00
3409 0.00
3410 0.00
3411 14.15
3412 36.00
3413 11.84
3414 0.00
3415 3.33
3416 0.93
3417 1.25
3418 1.19
3419 1.34
3420 1.59
3421 1.21
3422 1.39
3423 1.77
3424 2.04
3425 1.80
3426 1.59
3427 1.26
3428 1.57
3429 5.09
3430 48.65
3431 0.00
3432 0.00
3433 0.00
3434 0.00
3435 18.00
3436 11.21
3437 0.00
3438 0.00
3439 0.00
3440 0.80
3441 1.00
3442 1.00
3443 1.50
3444 1.37
3445 1.39
3446 1.37
3447 1.43
3448 1.93
3449 1.64
3450 1.72
3451 1.16
3452 1.37
3453 4.50
3454 48.65
3455 3.37
3456 0.00
3457 0.00
3458 0.00
3459 11.39
3460 8.76
3461 4.89
3462 0.00
3463 3.76
3464 0.76
3465 1.16
3466 1.19
3467 1.51
3468 1.46
3469 1.19
3470 1.16
3471 1.46
3472 1.88
3473 1.70
3474 1.45
3475 1.05
3476 1.30
3477 4.56
3478 3.63
3479 2.66
3480 22.36
3481 24.16
3482 0.00
3483 15.32
3484 0.00
3485 5.86
3486 0.00
3487 27.07
3488 0.56
3489 2.12
3490 1.45
3491 1.27
3492 1.37
3493 1.37
3494 1.10
3495 1.22
3496 1.63
3497 1.35
3498 1.40
3499 0.90
3500 1.24
3501 3.44
3502 0.00
3503 0.00
3504 0.00
3505 0.59
3506 0.00
3507 0.00
3508 0.00
3509 0.00
3510 0.00
3511 0.00
3512 0.33
3513 1.44
3514 1.09
3515 0.83
3516 0.79
3517 0.77
3518 0.81
3519 0.81
3520 0.81
3521 0.93
3522 1.28
3523 5.34
3524 0.00
3525 0.00
3526 0.00
3527 36.73
3528 0.00
3529 0.00
3530 0.00
3531 14.01
3532 9.20
3533 42.35
3534 0.00
3535 0.00
3536 0.92
3537 1.72
3538 1.25
3539 1.71
3540 1.60
3541 1.33
3542 1.56
3543 2.00
3544 1.98
3545 2.44
3546 2.07
3547 1.70
3548 2.24
3549 7.07
3550 0.00
3551 4.65
3552 0.00
3553 0.00
3554 13.95
3555 0.00
3556 39.13
3557 10.91
3558 0.00
3559 0.00
3560 0.91
3561 1.69
3562 1.30
3563 1.78
3564 1.48
3565 1.30
3566 1.26
3567 1.82
3568 2.53
3569 1.64
3570 1.40
3571 1.07
3572 1.44
3573 4.46
3574 0.00
3575 0.00
3576 4.17
3577 0.00
3578 20.81
3579 41.86
3580 21.82
3581 6.84
3582 23.38
3583 0.00
3584 1.22
3585 1.17
3586 1.21
3587 1.30
3588 1.45
3589 1.49
3590 1.25
3591 1.47
3592 1.80
3593 2.07
3594 1.66
3595 1.27
3596 1.59
3597 4.30
3598 0.00
3599 17.14
3600 0.00
3601 24.00
3602 0.00
3603 12.24
3604 0.00
3605 4.97
3606 18.85
3607 0.00
3608 0.99
3609 1.34
3610 1.11
3611 1.38
3612 1.42
3613 1.31
3614 1.56
3615 1.53
3616 1.77
3617 2.13
3618 1.38
3619 1.35
3620 1.66
3621 5.07
3622 4.84
3623 2.02
3624 0.00
3625 1.54
3626 0.00
3627 10.37
3628 30.00
3629 7.59
3630 33.33
3631 0.00
3632 0.99
3633 1.18
3634 1.29
3635 1.51
3636 1.85
3637 1.14
3638 1.31
3639 1.56
3640 2.05
3641 1.97
3642 1.46
3643 0.98
3644 1.24
3645 4.01
3646 0.00
3647 0.00
3648 0.00
3649 0.00
3650 0.00
3651 0.00
3652 0.00
3653 2.55
3654 0.00
3655 0.00
3656 0.46
3657 2.33
3658 1.17
3659 1.55
3660 1.76
3661 1.36
3662 1.04
3663 1.27
3664 1.25
3665 1.47
3666 1.10
3667 1.06
3668 1.21
3669 2.42
3670 0.00
3671 0.70
3672 0.00
3673 0.46
3674 0.00
3675 0.00
3676 10.84
3677 0.00
3678 0.00
3679 0.00
3680 0.30
3681 1.56
3682 0.92
3683 0.77
3684 0.78
3685 0.73
3686 0.86
3687 0.81
3688 0.86
3689 0.91
3690 1.57
3691 4.38
3692 0.00
3693 0.00
3694 10.23
3695 48.00
3696 0.00
3697 0.00
3698 0.00
3699 8.17
3700 15.79
3701 5.36
3702 41.86
3703 1.87
3704 1.00
3705 1.77
3706 1.23
3707 1.11
3708 1.35
3709 1.08
3710 1.13
3711 1.35
3712 1.63
3713 2.07
3714 1.62
3715 1.47
3716 2.67
3717 6.41
3718 23.68
3719 0.00
3720 0.00
3721 0.00
3722 11.69
3723 0.00
3724 27.07
3725 4.09
3726 0.00
3727 13.72
3728 0.84
3729 1.22
3730 1.25
3731 1.58
3732 1.60
3733 1.36
3734 1.22
3735 1.44
3736 2.18
3737 2.28
3738 1.75
3739 1.20
3740 1.74
3741 4.52
3742 8.51
3743 0.00
3744 0.00
3745 0.00
3746 0.00
3747 13.24
3748 28.12
3749 5.99
3750 21.36
3751 0.00
3752 0.80
3753 1.60
3754 1.58
3755 1.24
3756 1.29
3757 1.17
3758 1.23
3759 1.52
3760 1.69
3761 1.83
3762 1.95
3763 1.41
3764 1.80
3765 5.41
3766 0.00
3767 9.16
3768 0.00
3769 0.00
3770 0.00
3771 11.73
3772 0.00
3773 5.81
3774 0.00
3775 0.00
3776 0.79
3777 1.20
3778 1.19
3779 1.42
3780 1.36
3781 1.29
3782 1.07
3783 1.50
3784 1.69
3785 1.85
3786 1.76
3787 1.28
3788 1.43
3789 4.91
3790 0.00
3791 4.86
3792 0.00
3793 0.00
3794 0.00
3795 13.19
3796 0.00
3797 5.42
3798 0.00
3799 30.00
3800 0.87
3801 1.07
3802 1.24
3803 1.16
3804 1.24
3805 1.11
3806 1.16
3807 1.59
3808 1.95
3809 1.80
3810 1.26
3811 1.01
3812 1.24
3813 4.74
3814 14.01
3815 1.46
3816 0.00
3817 0.44
3818 0.00
3819 0.00
3820 52.94
3821 0.00
3822 0.00
3823 9.68
3824 0.70
3825 1.14
3826 1.49
3827 1.89
3828 1.54
3829 1.28
3830 1.30
3831 1.29
3832 1.25
3833 1.59
3834 1.31
3835 1.10
3836 1.34
3837 2.99
3838 0.35
3839 0.00
3840 0.00
3841 0.62
3842 0.00
3843 0.00
3844 0.00
3845 0.00
3846 0.00
3847 4.90
3848 0.32
3849 1.81
3850 1.04
3851 0.79
3852 0.73
3853 0.87
3854 0.72
3855 0.73
3856 1.00
3857 0.82
3858 1.55
3859 4.80
3860 0.52
3861 0.00
3862 0.00
3863 0.00
3864 0.00
3865 0.00
3866 12.16
3867 0.00
3868 0.00
3869 0.00
3870 0.00
3871 0.00
3872 0.22
3873 0.65
3874 0.59
3875 0.67
3876 0.61
3877 0.53
3878 0.67
3879 0.66
3880 0.82
3881 0.68
3882 0.87
3883 0.92
3884 1.37
3885 4.68
3886 0.00
3887 31.86
3888 0.00
3889 0.00
3890 0.00
3891 16.67
3892 35.29
3893 9.56
3894 0.00
3895 0.00
3896 0.91
3897 1.79
3898 1.76
3899 1.27
3900 1.29
3901 1.45
3902 1.31
3903 1.44
3904 1.88
3905 2.46
3906 1.60
3907 1.66
3908 2.36
3909 7.28
3910 56.25
3911 0.00
3912 0.00
3913 0.00
3914 15.13
3915 0.00
3916 36.73
3917 6.73
3918 0.00
3919 0.00
3920 0.71
3921 1.30
3922 1.16
3923 1.55
3924 1.43
3925 1.25
3926 1.25
3927 1.86
3928 2.07
3929 1.96
3930 1.84
3931 1.50
3932 2.33
3933 7.67
3934 51.80
3935 4.99
3936 4.20
3937 6.62
3938 11.92
3939 21.18
3940 5.22
3941 0.00
3942 15.93
3943 28.12
3944 1.02
3945 0.95
3946 1.00
3947 1.23
3948 1.37
3949 1.58
3950 1.54
3951 1.20
3952 1.98
3953 2.28
3954 2.22
3955 1.63
3956 2.20
3957 6.22
3958 0.00
3959 3.12
3960 33.64
3961 0.20
3962 0.00
3963 12.12
3964 6.72
3965 0.00
3966 40.91
3967 0.00
3968 1.05
3969 1.09
3970 1.31
3971 1.07
3972 1.44
3973 1.16
3974 1.28
3975 1.72
3976 1.74
3977 1.95
3978 1.76
3979 1.07
3980 1.39
3981 2.68
3982 1.46
3983 0.00
3984 0.00
3985 0.88
3986 3.77
3987 0.00
3988 0.00
3989 0.00
3990 0.00
3991 0.00
3992 0.68
3993 1.10
3994 2.05
3995 1.28
3996 1.71
3997 1.50
3998 1.19
3999 1.18
4000 1.52
4001 1.26
4002 1.23
4003 0.93
4004 1.20
4005 5.02
4006 0.00
4007 1.07
4008 46.15
4009 0.17
4010 0.00
4011 0.00
4012 0.00
4013 0.00
4014 0.00
4015 0.56
4016 0.47
4017 0.86
4018 0.87
4019 0.88
4020 0.89
4021 0.85
4022 0.76
4023 0.76
4024 1.07
4025 0.97
4026 1.52
4027 3.71
4028 0.00
4029 0.56
4030 0.00
4031 0.00
4032 0.00
4033 0.84
4034 0.00
4035 24.00
4036 24.32
4037 8.72
4038 0.00
4039 0.00
4040 1.14
4041 1.43
4042 1.31
4043 1.67
4044 1.45
4045 1.44
4046 1.26
4047 1.43
4048 1.94
4049 2.03
4050 1.57
4051 1.73
4052 2.02
4053 4.57
4054 0.00
4055 2.04
4056 0.00
4057 7.38
4058 0.00
4059 12.37
4060 39.56
4061 6.81
4062 30.25
4063 17.73
4064 1.10
4065 1.59
4066 1.28
4067 1.54
4068 1.69
4069 1.35
4070 1.43
4071 1.78
4072 2.00
4073 2.45
4074 1.57
4075 1.19
4076 2.02
4077 6.91
4078 13.38
4079 0.00
4080 0.00
4081 0.00
4082 15.35
4083 14.57
4084 35.64
4085 6.32
4086 0.00
4087 0.00
4088 1.07
4089 1.18
4090 1.21
4091 1.54
4092 1.55
4093 1.25
4094 1.42
4095 1.50
4096 2.39
4097 1.84
4098 1.57
4099 1.28
4100 1.97
4101 4.17
4102 0.00
4103 3.31
4104 0.00
4105 0.00
4106 14.34
4107 0.00
4108 27.38
4109 2.96
4110 7.41
4111 0.00
4112 0.93
4113 1.09
4114 1.25
4115 1.10
4116 1.18
4117 1.46
4118 1.41
4119 1.44
4120 1.60
4121 1.56
4122 1.31
4123 1.11
4124 1.57
4125 5.11
4126 0.00
4127 0.00
4128 0.00
4129 0.00
4130 0.00
4131 11.54
4132 10.71
4133 4.80
4134 24.66
4135 0.00
4136 1.11
4137 1.10
4138 1.02
4139 1.40
4140 1.42
4141 1.07
4142 1.23
4143 1.34
4144 1.83
4145 1.87
4146 1.46
4147 1.10
4148 1.22
4149 4.59
4150 33.64
4151 0.00
4152 0.00
4153 12.16
4154 0.00
4155 0.00
4156 0.00
4157 0.00
4158 0.80
4159 0.00
4160 0.65
4161 2.32
4162 1.29
4163 1.43
4164 1.04
4165 1.15
4166 1.24
4167 0.94
4168 1.54
4169 1.41
4170 1.11
4171 1.02
4172 1.39
4173 4.04
4174 0.69
4175 0.00
4176 6.83
4177 0.11
4178 0.00
4179 0.00
4180 0.00
4181 0.00
4182 0.00
4183 0.00
4184 0.46
4185 0.75
4186 1.10
4187 0.82
4188 0.80
4189 0.81
4190 0.74
4191 0.84
4192 0.85
4193 0.90
4194 1.46
4195 5.80
4196 0.33
4197 0.00
4198 0.00
4199 0.00
4200 0.00
4201 0.18
4202 0.00
4203 8.04
4204 8.99
4205 0.00
4206 19.89
4207 7.98
4208 1.17
4209 1.37
4210 1.17
4211 1.24
4212 1.36
4213 1.16
4214 1.28
4215 1.60
4216 1.81
4217 1.94
4218 2.06
4219 1.55
4220 2.49
4221 6.78
4222 0.00
4223 0.00
4224 0.00
4225 6.51
4226 0.00
4227 20.11
4228 28.57
4229 5.29
4230 22.78
4231 0.00
4232 1.10
4233 1.21
4234 1.23
4235 1.51
4236 1.40
4237 1.11
4238 1.29
4239 1.33
4240 1.75
4241 2.40
4242 1.76
4243 1.46
4244 1.77
4245 4.67
4246 0.00
4247 2.22
4248 0.00
4249 32.43
4250 0.00
4251 13.14
4252 9.88
4253 0.00
4254 22.78
4255 0.00
4256 0.85
4257 1.30
4258 1.16
4259 1.40
4260 1.38
4261 1.11
4262 1.16
4263 1.32
4264 1.52
4265 2.20
4266 1.76
4267 1.42
4268 2.06
4269 6.52
4270 0.00
4271 0.00
4272 0.00
4273 0.00
4274 13.43
4275 0.00
4276 4.64
4277 21.18
4278 25.35
4279 0.00
4280 0.93
4281 1.26
4282 1.23
4283 1.42
4284 1.40
4285 1.39
4286 1.45
4287 1.35
4288 1.99
4289 1.85
4290 1.58
4291 1.32
4292 1.59
4293 4.66
4294 27.91
4295 0.00
4296 0.00
4297 0.00
4298 4.54
4299 14.94
4300 4.66
4301 0.00
4302 41.86
4303 0.62
4304 1.34
4305 1.47
4306 1.05
4307 1.35
4308 1.20
4309 1.24
4310 1.29
4311 1.49
4312 1.89
4313 1.74
4314 1.56
4315 1.11
4316 1.28
4317 4.48
4318 0.55
4319 1.30
4320 5.39
4321 0.00
4322 0.00
4323 0.00
4324 0.00
4325 0.00
4326 0.00
4327 0.00
4328 0.55
4329 1.23
4330 1.30
4331 2.00
4332 1.67
4333 1.37
4334 1.06
4335 1.12
4336 1.32
4337 1.47
4338 1.27
4339 0.96
4340 1.17
4341 4.74
4342 1.14
4343 0.00
4344 0.00
4345 1.25
4346 0.00
4347 0.00
4348 0.00
4349 0.00
4350 0.00
4351 0.00
4352 0.41
4353 1.26
4354 0.71
4355 0.82
4356 0.80
4357 0.71
4358 0.83
4359 0.84
4360 0.82
4361 0.96
4362 1.39
4363 4.76
4364 0.63
4365 42.35
4366 0.00
4367 0.00
4368 0.00
4369 0.00
4370 0.00
4371 0.00
4372 33.64
4373 9.56
4374 0.00
4375 0.85
4376 0.87
4377 1.53
4378 1.18
4379 1.46
4380 1.16
4381 1.16
4382 1.10
4383 1.41
4384 2.33
4385 2.31
4386 2.14
4387 1.23
4388 2.11
4389 6.74
4390 0.00
4391 3.48
4392 0.00
4393 0.00
4394 0.00
4395 11.65
4396 35.64
4397 5.10
4398 40.45
4399 9.07
4400 0.96
4401 1.23
4402 1.08
4403 1.24
4404 1.19
4405 1.18
4406 1.04
4407 1.64
4408 1.95
4409 2.13
4410 1.92
4411 1.53
4412 1.87
4413 4.98
4414 0.00
4415 2.90
4416 0.00
4417 0.00
4418 0.00
4419 17.14
4420 7.83
4421 0.00
4422 59.02
4423 9.47
4424 0.94
4425 1.20
4426 1.09
4427 1.08
4428 1.30
4429 1.32
4430 1.17
4431 1.25
4432 1.71
4433 2.10
4434 1.48
4435 1.33
4436 1.45
4437 5.14
4438 0.00
4439 0.00
4440 0.00
4441 48.65
4442 19.35
4443 0.00
4444 34.95
4445 4.56
4446 40.45
4447 0.00
4448 0.82
4449 1.32
4450 1.10
4451 1.18
4452 1.34
4453 1.35
4454 1.19
4455 1.81
4456 1.70
4457 1.79
4458 1.74
4459 1.28
4460 1.79
4461 4.31
4462 1.77
4463 2.96
4464 0.00
4465 6.09
4466 0.65
4467 9.70
4468 4.89
4469 0.00
4470 0.00
4471 0.00
4472 1.06
4473 1.15
4474 1.60
4475 1.33
4476 1.55
4477 1.08
4478 1.21
4479 1.52
4480 1.87
4481 2.20
4482 1.41
4483 1.09
4484 1.42
4485 3.63
4486 0.00
4487 0.00
4488 0.00
4489 0.00
4490 0.00
4491 0.00
4492 0.00
4493 0.00
4494 0.00
4495 0.00
4496 0.48
4497 2.42
4498 1.42
4499 1.31
4500 1.30
4501 1.47
4502 1.49
4503 1.10
4504 1.43
4505 1.78
4506 1.39
4507 0.95
4508 1.15
4509 5.07
4510 0.00
4511 0.00
4512 0.00
4513 3.90
4514 0.00
4515 0.00
4516 0.00
4517 0.00
4518 0.00
4519 0.00
4520 0.38
4521 1.00
4522 1.21
4523 1.08
4524 0.78
4525 0.85
4526 0.78
4527 0.74
4528 0.98
4529 0.86
4530 1.49
4531 3.17
4532 0.29
4533 0.00
4534 0.00
4535 0.00
4536 0.00
4537 0.00
4538 0.00
4539 11.92
4540 4.98
4541 0.00
4542 37.89
4543 22.71
4544 0.91
4545 1.42
4546 1.07
4547 1.28
4548 1.40
4549 1.17
4550 1.22
4551 1.39
4552 2.16
4553 2.68
4554 1.86
4555 1.63
4556 2.16
4557 4.55
4558 0.00
4559 0.00
4560 0.00
4561 38.71
4562 18.09
4563 0.00
4564 25.17
4565 4.93
4566 0.00
4567 0.00
4568 0.65
4569 1.59
4570 1.15
4571 1.51
4572 1.38
4573 1.26
4574 0.99
4575 1.48
4576 1.47
4577 1.91
4578 2.13
4579 1.33
4580 2.03
4581 4.94
4582 1.54
4583 0.00
4584 0.00
4585 0.00
4586 0.00
4587 13.85
4588 33.03
4589 5.86
4590 26.09
4591 17.91
4592 0.61
4593 1.25
4594 1.45
4595 1.48
4596 1.43
4597 1.20
4598 0.93
4599 1.46
4600 1.74
4601 1.88
4602 1.82
4603 1.45
4604 1.52
4605 5.81
4606 11.98
4607 8.28
4608 0.00
4609 12.97
4610 20.77
4611 0.00
4612 6.82
4613 0.00
4614 10.34
4615 0.00
4616 0.59
4617 1.30
4618 1.08
4619 1.65
4620 1.39
4621 1.25
4622 1.28
4623 1.33
4624 1.38
4625 1.46
4626 1.67
4627 1.28
4628 1.76
4629 6.19
4630 0.00
4631 9.05
4632 10.71
4633 0.00
4634 0.00
4635 14.12
4636 0.00
4637 5.29
4638 31.03
4639 0.00
4640 0.79
4641 1.37
4642 1.16
4643 1.34
4644 1.17
4645 1.18
4646 1.37
4647 1.49
4648 1.60
4649 1.79
4650 1.68
4651 1.08
4652 1.50
4653 3.75
4654 17.82
4655 5.42
4656 27.48
4657 4.89
4658 0.00
4659 0.00
4660 23.23
4661 0.00
4662 0.00
4663 0.00
4664 0.35
4665 1.61
4666 1.18
4667 1.73
4668 1.18
4669 1.16
4670 0.98
4671 1.36
4672 1.40
4673 1.33
4674 1.16
4675 0.92
4676 1.25
4677 5.11
4678 7.52
4679 45.57
4680 0.00
4681 0.00
4682 0.00
4683 0.00
4684 36.00
4685 0.00
4686 33.33
4687 0.00
4688 0.42
4689 0.91
4690 0.92
4691 0.84
4692 0.73
4693 0.89
4694 0.89
4695 0.83
4696 0.87
4697 0.84
4698 1.45
4699 4.15
4700 0.00
4701 0.00
4702 0.00
4703 0.00
4704 0.00
4705 0.00
4706 0.00
4707 14.52
4708 9.22
4709 26.87
4710 0.00
4711 0.00
4712 0.74
4713 1.58
4714 1.27
4715 1.49
4716 1.70
4717 1.62
4718 1.28
4719 1.98
4720 1.85
4721 2.23
4722 1.85
4723 1.94
4724 2.37
4725 6.05
4726 0.00
4727 0.00
4728 0.00
4729 0.00
4730 13.04
4731 0.00
4732 0.00
4733 5.02
4734 34.29
4735 0.00
4736 0.70
4737 1.51
4738 1.15
4739 1.66
4740 1.39
4741 1.13
4742 1.17
4743 1.63
4744 1.66
4745 2.14
4746 1.93
4747 1.51
4748 2.29
4749 5.99
4750 0.00
4751 0.00
4752 0.00
4753 0.00
4754 0.00
4755 15.19
4756 28.80
4757 5.22
4758 29.88
4759 14.12
4760 0.74
4761 1.48
4762 1.01
4763 1.35
4764 1.37
4765 1.42
4766 1.13
4767 1.59
4768 1.61
4769 1.97
4770 1.76
4771 1.54
4772 1.96
4773 5.04
4774 0.00
4775 0.00
4776 0.00
4777 6.29
4778 13.64
4779 0.00
4780 8.75
4781 12.86
4782 28.35
4783 0.00
4784 0.73
4785 2.05
4786 1.03
4787 1.28
4788 1.25
4789 1.24
4790 1.38
4791 1.33
4792 1.64
4793 1.47
4794 1.37
4795 1.16
4796 1.64
4797 4.79
4798 0.00
4799 0.00
4800 0.00
4801 19.78
4802 0.00
4803 13.48
4804 7.75
4805 0.00
4806 0.00
4807 0.00
4808 0.62
4809 1.06
4810 1.17
4811 1.68
4812 1.73
4813 1.22
4814 1.41
4815 1.81
4816 1.82
4817 1.42
4818 1.50
4819 1.01
4820 1.37
4821 4.28
4822 0.00
4823 0.84
4824 0.00
4825 5.59
4826 53.73
4827 0.00
4828 0.00
4829 0.00
4830 8.14
4831 0.00
4832 0.69
4833 1.94
4834 1.46
4835 1.12
4836 1.14
4837 1.02
4838 1.25
4839 1.16
4840 1.23
4841 1.23
4842 1.45
4843 0.92
4844 1.17
4845 5.62
4846 0.00
4847 0.00
4848 8.96
4849 1.25
4850 0.00
4851 19.89
4852 0.00
4853 0.00
4854 0.00
4855 0.00
4856 0.46
4857 0.74
4858 1.14
4859 1.09
4860 0.80
4861 0.80
4862 0.84
4863 0.81
4864 0.86
4865 0.97
4866 1.49
4867 4.54
4868 0.00
4869 0.00
4870 0.00
4871 0.00
4872 13.64
4873 0.00
4874 0.00
4875 18.43
4876 4.92
4877 14.60
4878 12.11
4879 0.00
4880 1.00
4881 1.39
4882 1.19
4883 1.37
4884 1.47
4885 1.16
4886 1.43
4887 1.51
4888 1.71
4889 1.86
4890 1.59
4891 1.55
4892 2.11
4893 5.07
4894 0.00
4895 0.00
4896 0.00
4897 0.00
4898 0.00
4899 24.08
4900 0.00
4901 5.76
4902 10.81
4903 34.29
4904 0.76
4905 1.25
4906 1.13
4907 1.41
4908 1.34
4909 1.39
4910 1.23
4911 1.45
4912 1.70
4913 1.74
4914 1.33
4915 0.96
4916 1.48
4917 4.24
4918 0.00
4919 0.00
4920 0.00
4921 0.00
4922 0.00
4923 2.87
4924 38.30
4925 5.75
4926 0.00
4927 10.08
4928 0.74
4929 1.35
4930 1.28
4931 1.35
4932 1.29
4933 1.00
4934 1.36
4935 1.71
4936 1.76
4937 1.58
4938 1.35
4939 1.27
4940 1.48
4941 5.17
4942 0.00
4943 0.00
4944 0.00
4945 0.00
4946 0.00
4947 13.74
4948 6.07
4949 0.00
4950 26.67
4951 0.00
4952 0.73
4953 1.74
4954 1.17
4955 1.99
4956 1.67
4957 1.31
4958 1.20
4959 1.59
4960 1.83
4961 2.18
4962 1.45
4963 1.09
4964 1.32
4965 3.83
4966 0.00
4967 1.11
4968 0.00
4969 3.03
4970 0.00
4971 20.69
4972 0.00
4973 0.00
4974 41.38
4975 0.00
4976 0.68
4977 0.99
4978 1.04
4979 1.35
4980 1.45
4981 1.14
4982 1.30
4983 1.67
4984 2.07
4985 1.75
4986 1.34
4987 1.23
4988 1.44
4989 4.11
4990 0.00
4991 0.00
4992 0.00
4993 0.00
4994 0.00
4995 0.00
4996 0.00
4997 0.00
4998 1.13
4999 0.00
5000 0.41
5001 1.15
5002 1.36
5003 2.11
5004 1.44
5005 0.97
5006 1.29
5007 1.60
5008 1.43
5009 1.31
5010 1.24
5011 0.91
5012 1.23
5013 2.62
5014 0.91
5015 0.00
5016 4.23
5017 0.38
5018 0.00
5019 55.38
5020 0.00
5021 0.00
5022 0.00
5023 0.00
5024 0.34
5025 0.96
5026 0.85
5027 0.85
5028 0.94
5029 0.77
5030 0.78
5031 0.77
5032 0.94
5033 0.95
5034 1.45
5035 4.99
5036 0.00
5037 0.00
5038 0.00
5039 0.00
5040 0.00
5041 0.00
5042 0.00
5043 10.50
5044 7.84
5045 9.68
5046 6.90
5047 0.00
5048 0.77
5049 1.83
5050 1.30
5051 1.39
5052 1.40
5053 1.38
5054 1.37
5055 1.83
5056 2.01
5057 2.45
5058 1.63
5059 1.64
5060 2.00
5061 4.88
5062 53.73
5063 0.00
5064 0.00
5065 0.00
5066 12.04
5067 0.00
5068 30.00
5069 12.16
5070 19.78
5071 0.00
5072 0.61
5073 1.92
5074 0.84
5075 1.31
5076 1.54
5077 1.21
5078 1.14
5079 1.52
5080 1.58
5081 1.80
5082 1.56
5083 1.45
5084 1.80
5085 5.17
5086 0.00
5087 2.00
5088 0.00
5089 0.13
5090 10.14
5091 15.25
5092 31.58
5093 37.11
5094 0.00
5095 0.00
5096 0.49
5097 1.28
5098 1.37
5099 1.28
5100 1.03
5101 0.94
5102 1.11
5103 1.43
5104 1.82
5105 1.36
5106 1.36
5107 1.19
5108 1.26
5109 5.35
5110 0.00
5111 0.00
5112 38.71
5113 23.68
5114 0.00
5115 11.92
5116 6.34
5117 7.20
5118 30.13
5119 0.00
5120 0.54
5121 1.50
5122 1.18
5123 1.29
5124 1.09
5125 1.11
5126 1.25
5127 1.68
5128 1.98
5129 1.66
5130 1.22
5131 1.02
5132 1.28
5133 4.22
5134 0.00
5135 18.46
5136 0.00
5137 0.00
5138 12.50
5139 0.00
5140 3.06
5141 0.00
5142 29.03
5143 32.14
5144 0.55
5145 1.24
5146 1.27
5147 1.39
5148 1.76
5149 1.20
5150 1.34
5151 1.69
5152 1.86
5153 1.54
5154 1.25
5155 1.05
5156 1.34
5157 3.99
5158 0.92
5159 0.00
5160 0.00
5161 0.52
5162 22.50
5163 0.00
5164 24.83
5165 22.09
5166 0.00
5167 0.00
5168 0.33
5169 2.22
5170 1.53
5171 1.50
5172 1.89
5173 1.03
5174 1.42
5175 1.29
5176 1.07
5177 1.38
5178 1.01
5179 0.91
5180 1.20
5181 4.88
5182 42.86
5183 0.00
5184 2.07
5185 0.68
5186 0.00
5187 0.00
5188 0.00
5189 0.00
5190 0.00
5191 0.00
5192 0.31
5193 0.94
5194 1.08
5195 0.81
5196 0.80
5197 0.74
5198 0.78
5199 0.87
5200 0.98
5201 0.90
5202 1.30
5203 4.75
5204 0.00
5205 0.86
5206 0.00
5207 0.00
5208 0.00
5209 0.00
5210 0.00
5211 11.11
5212 16.14
5213 4.47
5214 24.16
5215 0.00
5216 0.51
5217 1.34
5218 1.32
5219 1.47
5220 1.45
5221 1.29
5222 1.36
5223 1.51
5224 1.97
5225 2.19
5226 2.15
5227 1.35
5228 1.56
5229 5.83
5230 6.46
5231 26.28
5232 0.00
5233 1.53
5234 8.16
5235 23.45
5236 34.29
5237 4.77
5238 21.51
5239 8.13
5240 0.45
5241 1.50
5242 1.11
5243 1.28
5244 1.27
5245 1.40
5246 1.44
5247 1.35
5248 1.77
5249 1.60
5250 1.22
5251 1.26
5252 1.61
5253 4.96
5254 0.00
5255 0.00
5256 0.00
5257 0.00
5258 15.06
5259 26.09
5260 5.19
5261 0.00
5262 20.57
5263 31.03
5264 0.47
5265 1.17
5266 1.02
5267 1.47
5268 1.07
5269 1.34
5270 1.35
5271 1.40
5272 1.80
5273 2.18
5274 2.12
5275 1.48
5276 1.62
5277 5.37
5278 36.73
5279 22.78
5280 0.00
5281 0.00
5282 0.00
5283 5.83
5284 12.61
5285 0.00
5286 29.27
5287 0.59
5288 0.52
5289 1.93
5290 1.14
5291 1.36
5292 1.21
5293 1.42
5294 1.41
5295 1.74
5296 1.99
5297 1.96
5298 1.43
5299 1.30
5300 1.92
5301 5.95
5302 11.11
5303 0.00
5304 0.00
5305 7.52
5306 14.57
5307 0.00
5308 3.83
5309 0.00
5310 0.00
5311 24.66
5312 0.49
5313 1.42
5314 1.06
5315 1.33
5316 1.35
5317 1.13
5318 1.27
5319 1.95
5320 1.90
5321 1.71
5322 1.42
5323 0.97
5324 1.57
5325 4.06
5326 0.43
5327 0.00
5328 0.00
5329 0.40
5330 0.00
5331 0.00
5332 51.43
5333 0.00
5334 6.29
5335 12.86
5336 0.33
5337 1.88
5338 2.62
5339 2.02
5340 1.72
5341 1.59
5342 1.12
5343 1.26
5344 1.04
5345 1.11
5346 1.11
5347 0.93
5348 1.33
5349 3.77
5350 19.67
5351 16.90
5352 2.61
5353 5.84
5354 0.00
5355 0.00
5356 0.00
5357 0.00
5358 0.00
5359 0.00
5360 0.34
5361 2.14
5362 0.81
5363 0.75
5364 0.83
5365 0.76
5366 0.82
5367 0.98
5368 0.92
5369 0.98
5370 1.33
5371 5.05
5372 0.00
5373 14.29
5374 11.67
5375 16.51
5376 0.00
5377 0.00
5378 0.00
5379 16.78
5380 5.16
5381 10.53
5382 29.39
5383 13.09
5384 0.77
5385 2.37
5386 1.18
5387 1.34
5388 1.36
5389 1.42
5390 1.42
5391 2.10
5392 1.63
5393 2.58
5394 2.20
5395 1.59
5396 2.28
5397 4.84
5398 18.46
5399 5.11
5400 0.00
5401 7.64
5402 0.00
5403 19.46
5404 0.00
5405 13.33
5406 18.27
5407 0.00
5408 0.63
5409 1.33
5410 1.54
5411 1.77
5412 2.07
5413 1.79
5414 1.90
5415 1.91
5416 2.35
5417 2.62
5418 1.33
5419 1.26
5420 1.80
5421 4.48
5422 19.78
5423 10.45
5424 0.00
5425 0.00
5426 13.36
5427 26.87
5428 4.56
5429 0.00
5430 26.02
5431 14.40
5432 0.61
5433 1.57
5434 1.15
5435 1.25
5436 1.26
5437 1.30
5438 1.24
5439 1.88
5440 1.93
5441 1.72
5442 1.80
5443 1.14
5444 1.63
5445 4.89
5446 0.00
5447 3.67
5448 9.50
5449 5.50
5450 18.56
5451 7.98
5452 5.67
5453 0.00
5454 24.45
5455 19.67
5456 0.66
5457 1.10
5458 1.23
5459 1.25
5460 1.32
5461 1.26
5462 1.28
5463 1.69
5464 2.00
5465 1.74
5466 2.00
5467 1.37
5468 1.61
5469 4.79
5470 0.00
5471 0.00
5472 0.00
5473 7.03
5474 0.00
5475 17.18
5476 3.77
5477 12.72
5478 37.50
5479 0.00
5480 0.51
5481 1.08
5482 1.18
5483 1.23
5484 1.15
5485 1.17
5486 1.24
5487 1.99
5488 1.87
5489 1.65
5490 1.45
5491 1.00
5492 1.34
5493 3.34
5494 0.00
5495 0.00
5496 0.00
5497 0.00
5498 40.91
5499 0.00
5500 0.00
5501 0.00
5502 0.00
5503 0.00
5504 0.32
5505 1.23
5506 1.52
5507 1.72
5508 1.73
5509 1.53
5510 1.20
5511 1.34
5512 1.34
5513 1.45
5514 1.09
5515 0.98
5516 1.29
5517 3.63
5518 0.00
5519 0.62
5520 0.00
5521 0.49
5522 0.00
5523 0.00
5524 0.00
5525 0.00
5526 0.00
5527 0.00
5528 0.25
5529 0.67
5530 1.21
5531 0.80
5532 0.85
5533 0.82
5534 0.79
5535 0.82
5536 0.92
5537 0.83
5538 1.38
5539 4.38
5540 0.00
5541 9.65
5542 0.00
5543 9.81
5544 0.00
5545 0.00
5546 0.00
5547 21.49
5548 5.22
5549 0.00
5550 14.54
5551 33.88
5552 0.68
5553 1.31
5554 1.11
5555 1.55
5556 1.34
5557 1.24
5558 1.42
5559 1.50
5560 1.77
5561 1.86
5562 1.33
5563 1.52
5564 1.69
5565 4.46
5566 0.00
5567 0.00
5568 0.00
5569 0.00
5570 16.29
5571 0.00
5572 33.64
5573 7.71
5574 0.00
5575 41.38
5576 0.54
5577 1.62
5578 1.47
5579 1.47
5580 1.52
5581 1.35
5582 1.37
5583 1.53
5584 2.01
5585 1.98
5586 1.70
5587 1.28
5588 1.76
5589 6.55
5590 12.27
5591 0.00
5592 54.14
5593 0.00
5594 14.75
5595 0.00
5596 3.92
5597 0.00
5598 45.57
5599 11.65
5600 0.56
5601 1.39
5602 1.25
5603 1.43
5604 1.31
5605 1.14
5606 1.44
5607 1.35
5608 1.63
5609 1.72
5610 1.68
5611 1.33
5612 2.21
5613 7.04
5614 0.00
5615 20.57
5616 0.00
5617 7.21
5618 23.53
5619 33.33
5620 3.33
5621 0.00
5622 17.14
5623 0.00
5624 0.57
5625 1.56
5626 1.41
5627 1.47
5628 1.47
5629 1.13
5630 1.26
5631 1.39
5632 1.63
5633 2.01
5634 1.35
5635 1.11
5636 1.54
5637 5.01
5638 0.00
5639 0.00
5640 0.00
5641 0.00
5642 9.35
5643 0.00
5644 7.44
5645 9.45
5646 14.06
5647 40.45
5648 0.70
5649 1.16
5650 1.27
5651 1.30
5652 1.24
5653 1.24
5654 1.27
5655 1.80
5656 1.96
5657 1.97
5658 1.82
5659 1.49
5660 1.47
5661 3.88
5662 3.45
5663 0.00
5664 0.00
5665 11.92
5666 0.00
5667 0.00
5668 38.71
5669 0.00
5670 0.00
5671 52.17
5672 0.34
5673 1.71
5674 1.75
5675 1.65
5676 1.55
5677 1.14
5678 1.41
5679 1.79
5680 1.41
5681 1.44
5682 1.24
5683 1.06
5684 1.17
5685 3.17
5686 0.54
5687 6.86
5688 3.60
5689 0.32
5690 0.00
5691 26.47
5692 0.00
5693 0.00
5694 0.74
5695 0.00
5696 0.34
5697 1.14
5698 1.01
5699 1.05
5700 0.84
5701 0.75
5702 0.85
5703 0.99
5704 0.88
5705 1.04
5706 1.40
5707 4.42
5708 0.54
5709 0.00
5710 5.05
5711 0.00
5712 0.00
5713 0.00
5714 0.63
5715 20.81
5716 5.14
5717 28.80
5718 21.56
5719 0.00
5720 0.55
5721 1.34
5722 1.47
5723 1.34
5724 1.32
5725 1.47
5726 1.38
5727 1.57
5728 2.05
5729 2.99
5730 2.28
5731 1.74
5732 1.71
5733 4.93
5734 11.73
5735 0.00
5736 0.00
5737 0.30
5738 27.85
5739 19.89
5740 3.56
5741 0.00
5742 0.00
5743 8.87
5744 0.49
5745 1.93
5746 1.22
5747 1.28
5748 1.39
5749 1.50
5750 1.35
5751 1.54
5752 1.78
5753 2.07
5754 1.53
5755 1.46
5756 2.07
5757 7.00
5758 0.00
5759 0.00
5760 15.79
5761 0.00
5762 14.46
5763 13.58
5764 0.00
5765 5.56
5766 42.35
5767 0.00
5768 0.43
5769 1.24
5770 0.91
5771 1.32
5772 1.23
5773 1.26
5774 1.33
5775 1.57
5776 1.73
5777 1.85
5778 1.68
5779 1.77
5780 2.24
5781 6.60
5782 0.00
5783 3.17
5784 0.00
5785 0.00
5786 14.29
5787 24.32
5788 7.57
5789 0.00
5790 21.82
5791 22.22
5792 0.58
5793 1.22
5794 1.22
5795 1.64
5796 1.25
5797 1.39
5798 1.43
5799 1.67
5800 1.96
5801 1.69
5802 1.62
5803 1.24
5804 1.57
5805 4.41
5806 42.35
5807 0.00
5808 1.52
5809 0.11
5810 0.00
5811 0.00
5812 0.00
5813 21.18
5814 0.00
5815 0.00
5816 0.73
5817 1.89
5818 1.70
5819 1.48
5820 1.19
5821 1.15
5822 1.39
5823 1.77
5824 2.03
5825 1.81
5826 1.78
5827 1.24
5828 1.31
5829 4.28
5830 11.88
5831 0.00
5832 0.00
5833 11.04
5834 0.00
5835 0.00
5836 0.00
5837 0.00
5838 0.00
5839 0.00
5840 0.42
5841 1.46
5842 1.61
5843 1.86
5844 1.32
5845 1.32
5846 1.20
5847 1.21
5848 1.51
5849 1.07
5850 1.17
5851 0.97
5852 1.21
5853 3.84
5854 0.47
5855 13.09
5856 0.00
5857 0.00
5858 36.00
5859 0.00
5860 0.00
5861 0.00
5862 0.00
5863 0.00
5864 0.42
5865 2.11
5866 1.09
5867 0.79
5868 1.09
5869 0.79
5870 0.76
5871 0.86
5872 0.94
5873 0.89
5874 1.39
5875 4.27
5876 0.62
5877 35.64
5878 7.32
5879 0.00
5880 0.00
5881 0.00
5882 0.00
5883 13.04
5884 4.42
5885 43.37
5886 15.00
5887 53.73
5888 0.75
5889 1.48
5890 1.41
5891 1.37
5892 1.55
5893 1.39
5894 1.49
5895 1.63
5896 2.11
5897 2.18
5898 1.61
5899 1.77
5900 2.26
5901 5.95
5902 0.85
5903 7.36
5904 0.00
5905 0.00
5906 13.04
5907 0.00
5908 3.52
5909 28.12
5910 0.00
5911 0.00
5912 0.60
5913 1.72
5914 2.07
5915 1.38
5916 1.30
5917 1.30
5918 1.40
5919 1.58
5920 2.38
5921 1.77
5922 1.34
5923 1.44
5924 1.93
5925 4.90
5926 12.41
5927 0.00
5928 0.00
5929 0.00
5930 0.00
5931 12.50
5932 9.76
5933 0.00
5934 39.56
5935 6.73
5936 0.71
5937 2.18
5938 1.64
5939 1.42
5940 1.31
5941 1.11
5942 1.48
5943 1.49
5944 1.74
5945 1.84
5946 1.31
5947 1.41
5948 1.83
5949 4.36
5950 10.10
5951 0.00
5952 0.00
5953 0.00
5954 12.12
5955 25.53
5956 5.06
5957 0.00
5958 8.53
5959 8.00
5960 0.71
5961 1.14
5962 1.08
5963 1.23
5964 1.41
5965 1.32
5966 1.30
5967 1.53
5968 1.51
5969 2.19
5970 1.62
5971 1.32
5972 1.90
5973 5.35
5974 0.00
5975 2.69
5976 0.00
5977 0.00
5978 7.83
5979 28.80
5980 0.00
5981 46.15
5982 0.00
5983 10.20
5984 0.63
5985 1.15
5986 1.17
5987 1.27
5988 1.21
5989 1.29
5990 1.38
5991 1.67
5992 1.61
5993 1.38
5994 1.63
5995 1.18
5996 1.46
5997 4.64
5998 0.43
5999 0.00
6000 0.00
6001 0.45
6002 0.00
6003 0.00
6004 0.00
6005 0.00
6006 0.00
6007 0.00
6008 0.29
6009 1.22
6010 2.49
6011 1.82
6012 1.77
6013 1.76
6014 1.44
6015 1.40
6016 1.57
6017 1.49
6018 1.47
6019 1.16
6020 1.45
6021 4.03
6022 0.95
6023 0.00
6024 32.73
6025 0.27
6026 0.00
6027 0.00
6028 0.00
6029 0.00
6030 0.00
6031 0.00
6032 0.36
6033 4.11
6034 0.84
6035 0.83
6036 0.95
6037 0.86
6038 0.84
6039 0.83
6040 0.86
6041 0.91
6042 1.63
6043 5.34
6044 0.00
6045 0.00
6046 10.08
6047 0.00
6048 0.00
6049 0.00
6050 13.00
6051 34.29
6052 6.32
6053 7.39
6054 43.90
6055 0.00
6056 0.58
6057 1.65
6058 1.23
6059 1.51
6060 1.40
6061 1.36
6062 1.55
6063 1.68
6064 2.46
6065 2.37
6066 1.75
6067 1.87
6068 2.06
6069 6.02
6070 0.00
6071 2.72
6072 0.00
6073 34.95
6074 0.00
6075 15.00
6076 6.76
6077 25.71
6078 0.00
6079 21.69
6080 0.57
6081 1.46
6082 1.24
6083 1.09
6084 1.28
6085 1.20
6086 1.27
6087 1.64
6088 1.84
6089 1.94
6090 1.40
6091 1.33
6092 2.02
6093 5.86
6094 11.04
6095 0.00
6096 0.00
6097 0.00
6098 0.00
6099 18.75
6100 14.01
6101 7.44
6102 10.54
6103 8.07
6104 0.62
6105 1.43
6106 1.06
6107 1.13
6108 1.28
6109 1.09
6110 1.41
6111 1.99
6112 1.98
6113 2.29
6114 1.63
6115 1.60
6116 2.09
6117 7.21
6118 0.00
6119 2.96
6120 0.00
6121 4.04
6122 13.79
6123 5.53
6124 5.10
6125 0.00
6126 25.17
6127 23.76
6128 0.60
6129 1.10
6130 1.09
6131 1.23
6132 1.10
6133 1.16
6134 1.34
6135 1.39
6136 1.70
6137 2.07
6138 1.67
6139 1.39
6140 1.47
6141 5.03
6142 0.00
6143 0.00
6144 0.00
6145 0.00
6146 0.00
6147 13.95
6148 17.39
6149 5.56
6150 21.49
6151 28.12
6152 0.74
6153 1.17
6154 1.53
6155 1.08
6156 1.48
6157 1.28
6158 1.46
6159 1.86
6160 1.89
6161 1.86
6162 1.41
6163 1.08
6164 1.32
6165 3.87
6166 1.57
6167 0.00
6168 12.18
6169 15.86
6170 0.00
6171 0.00
6172 0.00
6173 0.00
6174 0.00
6175 0.00
6176 0.44
6177 2.21
6178 1.40
6179 1.47
6180 1.52
6181 1.51
6182 1.32
6183 1.66
6184 1.98
6185 1.68
6186 1.31
6187 0.92
6188 1.15
6189 4.87
6190 16.04
6191 0.00
6192 0.00
6193 0.88
6194 0.00
6195 0.00
6196 0.00
6197 50.00
6198 0.00
6199 0.00
6200 0.33
6201 1.31
6202 1.12
6203 0.97
6204 0.98
6205 0.82
6206 0.85
6207 0.90
6208 1.25
6209 1.08
6210 1.79
6211 4.62
6212 0.00
6213 0.00
6214 0.00
6215 0.00
6216 0.00
6217 0.00
6218 40.45
6219 11.92
6220 6.26
6221 20.87
6222 9.42
6223 40.15
6224 0.56
6225 1.57
6226 1.16
6227 1.19
6228 1.16
6229 1.54
6230 1.28
6231 1.77
6232 2.18
6233 2.58
6234 1.89
6235 2.04
6236 1.86
6237 6.05
6238 3.23
6239 0.00
6240 0.00
6241 0.00
6242 16.48
6243 35.29
6244 0.00
6245 5.52
6246 3.28
6247 22.43
6248 0.63
6249 1.52
6250 1.19
6251 1.22
6252 1.32
6253 1.35
6254 1.52
6255 1.66
6256 1.73
6257 1.86
6258 1.73
6259 1.58
6260 1.56
6261 5.13
6262 3.07
6263 0.00
6264 0.00
6265 33.96
6266 13.33
6267 0.00
6268 0.00
6269 5.05
6270 11.32
6271 26.67
6272 0.51
6273 1.04
6274 1.31
6275 1.21
6276 1.25
6277 1.23
6278 1.47
6279 1.59
6280 1.52
6281 1.86
6282 2.03
6283 1.27
6284 1.45
6285 4.53
6286 5.26
6287 6.61
6288 17.43
6289 0.00
6290 10.34
6291 36.73
6292 0.00
6293 7.38
6294 17.53
6295 0.00
6296 0.57
6297 1.37
6298 1.14
6299 1.42
6300 1.33
6301 1.22
6302 1.17
6303 1.73
6304 1.93
6305 1.86
6306 1.57
6307 1.10
6308 1.36
6309 3.24
6310 8.10
6311 23.92
6312 0.00
6313 23.08
6314 0.00
6315 24.83
6316 0.00
6317 0.00
6318 13.28
6319 6.78
6320 0.54
6321 0.97
6322 1.13
6323 1.27
6324 1.15
6325 1.26
6326 1.20
6327 1.63
6328 1.65
6329 1.52
6330 1.73
6331 0.99
6332 1.27
6333 5.16
6334 0.00
6335 0.73
6336 32.73
6337 0.15
6338 0.00
6339 0.00
6340 51.43
6341 0.00
6342 0.00
6343 0.00
6344 0.30
6345 1.87
6346 2.03
6347 1.81
6348 1.68
6349 1.27
6350 1.43
6351 1.33
6352 1.60
6353 1.57
6354 1.24
6355 0.98
6356 1.24
6357 4.45
6358 0.00
6359 0.00
6360 0.00
6361 15.52
6362 0.00
6363 0.00
6364 0.00
6365 0.00
6366 0.00
6367 0.00
6368 0.31
6369 1.98
6370 1.07
6371 0.88
6372 0.83
6373 0.88
6374 0.87
6375 0.85
6376 0.98
6377 0.95
6378 1.52
6379 3.85
6380 0.00
6381 0.00
6382 0.00
6383 2.92
6384 0.00
6385 0.00
6386 0.00
6387 17.02
6388 0.00
6389 12.29
6390 13.95
6391 28.35
6392 0.56
6393 1.23
6394 1.08
6395 1.57
6396 1.05
6397 1.23
6398 1.34
6399 1.63
6400 1.59
6401 2.42
6402 1.60
6403 1.65
6404 1.97
6405 5.28
6406 11.36
6407 3.28
6408 0.00
6409 7.47
6410 14.01
6411 34.29
6412 0.00
6413 5.21
6414 26.87
6415 24.00
6416 0.74
6417 0.95
6418 1.45
6419 1.45
6420 1.33
6421 1.11
6422 1.27
6423 1.57
6424 2.01
6425 1.95
6426 1.61
6427 1.23
6428 1.54
6429 5.30
6430 0.00
6431 2.99
6432 0.00
6433 0.00
6434 10.81
6435 29.27
6436 8.66
6437 0.00
6438 33.96
6439 18.27
6440 0.61
6441 1.41
6442 1.26
6443 1.26
6444 1.22
6445 1.13
6446 1.61
6447 1.37
6448 1.33
6449 2.39
6450 1.67
6451 1.20
6452 1.30
6453 3.66
6454 0.00
6455 3.40
6456 0.00
6457 0.00
6458 0.00
6459 10.88
6460 7.48
6461 30.77
6462 0.00
6463 0.00
6464 0.60
6465 1.34
6466 1.30
6467 1.48
6468 1.43
6469 1.28
6470 1.42
6471 1.55
6472 1.57
6473 1.86
6474 1.59
6475 1.14
6476 1.29
6477 4.50
6478 19.89
6479 4.94
6480 0.00
6481 28.12
6482 5.70
6483 11.58
6484 9.22
6485 11.32
6486 11.29
6487 28.20
6488 0.64
6489 1.02
6490 1.37
6491 1.56
6492 1.44
6493 1.18
6494 1.29
6495 1.66
6496 1.61
6497 1.60
6498 1.39
6499 1.01
6500 1.14
6501 3.58
6502 0.43
6503 0.00
6504 0.00
6505 0.41
6506 0.00
6507 0.00
6508 4.85
6509 0.00
6510 0.00
6511 0.00
6512 0.29
6513 2.28
6514 1.60
6515 1.60
6516 1.55
6517 1.40
6518 1.14
6519 1.18
6520 1.47
6521 1.50
6522 1.06
6523 1.02
6524 1.46
6525 4.63
6526 0.48
6527 11.50
6528 0.00
6529 1.52
6530 0.00
6531 4.11
6532 0.00
6533 0.00
6534 0.41
6535 0.00
6536 0.32
6537 1.32
6538 1.22
6539 0.80
6540 0.80
6541 0.79
6542 0.78
6543 0.74
6544 0.91
6545 0.88
6546 1.55
6547 4.12
6548 18.18
6549 0.00
6550 14.23
6551 0.00
6552 0.00
6553 12.93
6554 0.00
6555 0.00
6556 0.00
6557 0.00
6558 0.00
6559 0.00
6560 0.91
6561 2.43
6562 1.85
6563 1.64
6564 1.55
6565 1.33
6566 1.50
6567 1.42
6568 1.74
6569 1.94
6570 1.53
6571 1.33
6572 1.62
6573 4.46
6574 0.00
6575 0.62
6576 0.00
6577 12.74
6578 0.00
6579 0.00
6580 0.00
6581 0.00
6582 0.00
6583 0.00
6584 0.47
6585 2.07
6586 1.13
6587 1.22
6588 1.04
6589 1.05
6590 0.84
6591 0.83
6592 1.01
6593 0.97
6594 1.55
6595 4.67
6596 1.33
6597 5.26
6598 24.16
6599 0.00
6600 0.00
6601 6.14
6602 0.00
6603 16.44
6604 7.69
6605 50.70
6606 43.37
6607 0.00
6608 1.32
6609 1.85
6610 1.51
6611 1.56
6612 1.39
6613 1.44
6614 1.58
6615 1.48
6616 1.75
6617 2.95
6618 2.29
6619 2.16
6620 2.15
6621 6.59
6622 6.67
6623 0.00
6624 0.00
6625 0.27
6626 0.00
6627 8.42
6628 20.93
6629 0.00
6630 22.83
6631 0.00
6632 1.59
6633 1.49
6634 1.38
6635 1.23
6636 1.70
6637 1.36
6638 1.23
6639 1.69
6640 2.07
6641 2.63
6642 1.80
6643 1.47
6644 1.86
6645 5.40
6646 3.41
6647 10.94
6648 12.98
6649 0.00
6650 0.00
6651 12.37
6652 40.91
6653 0.00
6654 16.14
6655 52.17
6656 1.12
6657 1.18
6658 1.14
6659 1.60
6660 1.31
6661 1.10
6662 1.05
6663 1.17
6664 1.54
6665 1.76
6666 1.35
6667 1.54
6668 2.15
6669 5.87
6670 0.00
6671 0.00
6672 0.00
6673 0.00
6674 0.00
6675 19.25
6676 8.98
6677 0.00
6678 24.57
6679 0.00
6680 1.09
6681 1.42
6682 1.31
6683 1.59
6684 1.34
6685 1.48
6686 1.60
6687 1.57
6688 1.48
6689 1.56
6690 1.93
6691 1.88
6692 2.38
6693 5.77
6694 3.25
6695 0.00
6696 0.00
6697 0.30
6698 0.00
6699 1.23
6700 30.00
6701 31.03
6702 21.18
6703 2.74
6704 1.13
6705 1.45
6706 1.31
6707 1.41
6708 1.19
6709 1.21
6710 1.52
6711 1.65
6712 1.89
6713 1.84
6714 1.65
6715 1.39
6716 1.74
6717 4.98
6718 11.58
6719 0.00
6720 0.00
6721 0.38
6722 50.00
6723 0.00
6724 0.00
6725 0.00
6726 0.00
6727 1.14
6728 0.51
6729 2.10
6730 1.73
6731 1.49
6732 1.43
6733 1.16
6734 1.27
6735 1.29
6736 1.87
6737 1.75
6738 1.46
6739 1.12
6740 1.46
6741 4.12
6742 2.24
6743 6.33
6744 0.00
6745 0.58
6746 11.92
6747 0.00
6748 0.00
6749 0.00
6750 0.00
6751 0.00
6752 0.62
6753 1.63
6754 1.23
6755 0.79
6756 0.88
6757 0.92
6758 0.83
6759 0.86
6760 1.02
6761 1.05
6762 1.57
6763 5.46
6764 0.57
6765 2.44
6766 0.00
6767 0.00
6768 0.00
6769 0.14
6770 0.00
6771 0.00
6772 0.00
6773 21.18
6774 0.00
6775 26.67
6776 1.29
6777 1.55
6778 1.17
6779 1.62
6780 1.70
6781 1.27
6782 1.37
6783 1.51
6784 1.58
6785 2.25
6786 1.92
6787 1.60
6788 2.20
6789 6.09
6790 0.00
6791 0.00
6792 0.00
6793 0.22
6794 0.00
6795 0.00
6796 0.00
6797 0.00
6798 18.09
6799 39.56
6800 1.38
6801 1.71
6802 1.54
6803 1.44
6804 1.41
6805 1.32
6806 1.12
6807 1.53
6808 1.84
6809 2.23
6810 1.64
6811 1.49
6812 2.06
6813 6.90
6814 0.00
6815 0.00
6816 3.43
6817 0.31
6818 0.00
6819 0.38
6820 0.00
6821 0.00
6822 0.00
6823 5.10
6824 1.44
6825 1.71
6826 1.46
6827 1.41
6828 1.30
6829 1.26
6830 1.32
6831 1.33
6832 1.74
6833 1.86
6834 1.45
6835 1.27
6836 1.78
6837 4.46
6838 0.00
6839 0.00
6840 0.00
6841 51.43
6842 0.00
6843 0.00
6844 0.00
6845 0.00
6846 0.00
6847 4.30
6848 1.40
6849 1.28
6850 1.24
6851 1.35
6852 1.30
6853 1.06
6854 1.20
6855 1.46
6856 1.77
6857 1.78
6858 1.84
6859 1.45
6860 2.00
6861 7.59
6862 0.00
6863 0.00
6864 0.00
6865 0.24
6866 0.00
6867 0.00
6868 0.00
6869 30.51
6870 0.00
6871 1.52
6872 1.41
6873 1.39
6874 1.21
6875 1.37
6876 1.28
6877 1.24
6878 1.28
6879 1.57
6880 1.67
6881 1.97
6882 1.30
6883 1.12
6884 1.38
6885 2.99
6886 0.47
6887 0.00
6888 2.92
6889 0.20
6890 0.00
6891 0.00
6892 0.00
6893 0.00
6894 1.45
6895 0.00
6896 0.71
6897 1.77
6898 1.47
6899 1.63
6900 1.41
6901 1.63
6902 1.25
6903 1.40
6904 1.21
6905 1.50
6906 1.21
6907 1.18
6908 1.37
6909 4.79
6910 1.83
6911 0.00
6912 3.29
6913 0.46
6914 0.00
6915 0.00
6916 0.00
6917 0.00
6918 0.00
6919 0.00
6920 0.42
6921 1.32
6922 0.67
6923 0.97
6924 0.78
6925 0.86
6926 0.80
6927 0.89
6928 0.96
6929 0.87
6930 1.55
6931 4.01
6932 0.79
6933 0.00
6934 0.00
6935 0.00
6936 0.00
6937 0.15
6938 0.00
6939 0.00
6940 0.00
6941 0.00
6942 0.00
6943 0.00
6944 1.01
6945 1.44
6946 1.13
6947 1.26
6948 1.44
6949 1.39
6950 1.35
6951 1.76
6952 2.17
6953 2.45
6954 1.99
6955 1.87
6956 2.43
6957 6.28
6958 0.00
6959 0.00
6960 7.58
6961 0.17
6962 0.00
6963 0.00
6964 0.00
6965 0.00
6966 8.28
6967 1.83
6968 0.98
6969 1.61
6970 1.19
6971 1.24
6972 1.57
6973 1.36
6974 1.13
6975 1.32
6976 1.69
6977 1.87
6978 1.71
6979 1.42
6980 2.17
6981 8.40
6982 16.14
6983 15.52
6984 0.00
6985 0.00
6986 57.14
6987 0.00
6988 13.58
6989 0.00
6990 0.00
6991 11.54
6992 0.92
6993 1.13
6994 0.99
6995 1.45
6996 1.48
6997 1.31
6998 1.35
6999 1.66
7000 2.03
7001 2.13
7002 1.53
7003 1.32
7004 1.91
7005 6.93
7006 23.45
7007 0.00
7008 0.00
7009 0.33
7010 0.00
7011 0.00
7012 0.00
7013 0.00
7014 0.00
7015 4.37
7016 1.25
7017 1.42
7018 1.17
7019 1.44
7020 1.27
7021 1.09
7022 1.21
7023 1.67
7024 1.72
7025 1.65
7026 1.58
7027 1.35
7028 1.98
7029 5.08
7030 0.00
7031 0.00
7032 0.00
7033 0.00
7034 0.00
7035 0.00
7036 0.00
7037 31.03
7038 0.00
7039 30.90
7040 0.87
7041 1.70
7042 1.02
7043 1.24
7044 1.34
7045 1.24
7046 1.08
7047 1.18
7048 1.45
7049 1.72
7050 1.54
7051 1.25
7052 1.43
7053 5.01
7054 0.39
7055 9.52
7056 0.00
7057 0.63
7058 0.00
7059 0.00
7060 0.00
7061 0.00
7062 0.00
7063 0.00
7064 0.60
7065 1.45
7066 1.12
7067 1.02
7068 1.27
7069 1.22
7070 1.11
7071 1.09
7072 1.18
7073 1.44
7074 1.20
7075 0.97
7076 1.38
7077 4.14
7078 6.77
7079 0.62
7080 22.36
7081 0.35
7082 0.00
7083 0.12
7084 0.00
7085 0.00
7086 0.00
7087 0.00
7088 0.40
7089 0.80
7090 0.71
7091 0.93
7092 0.84
7093 0.88
7094 0.88
7095 0.82
7096 0.94
7097 0.90
7098 1.68
7099 4.04
7100 12.77
7101 0.00
7102 23.53
7103 0.00
7104 0.00
7105 13.28
7106 0.00
7107 0.00
7108 0.00
7109 0.00
7110 50.00
7111 6.13
7112 0.93
7113 1.24
7114 1.30
7115 1.46
7116 1.60
7117 1.44
7118 1.34
7119 1.19
7120 1.65
7121 2.20
7122 1.93
7123 1.45
7124 2.26
7125 5.78
7126 0.00
7127 0.00
7128 0.00
7129 0.61
7130 4.63
7131 0.00
7132 0.00
7133 0.00
7134 15.72
7135 3.12
7136 0.85
7137 1.17
7138 1.11
7139 1.37
7140 1.38
7141 1.23
7142 1.23
7143 1.36
7144 1.46
7145 1.88
7146 1.40
7147 1.18
7148 1.75
7149 4.30
7150 7.13
7151 0.00
7152 0.00
7153 0.00
7154 0.00
7155 0.00
7156 0.00
7157 0.00
7158 0.00
7159 0.55
7160 1.01
7161 0.99
7162 1.17
7163 1.25
7164 1.23
7165 1.29
7166 1.24
7167 1.78
7168 1.84
7169 2.32
7170 1.47
7171 0.96
7172 1.32
7173 4.08
7174 0.00
7175 0.00
7176 24.66
7177 0.00
7178 0.00
7179 0.00
7180 0.00
7181 0.00
7182 0.38
7183 0.00
7184 0.86
7185 1.03
7186 1.17
7187 1.22
7188 1.30
7189 1.15
7190 1.40
7191 1.48
7192 1.61
7193 1.96
7194 1.59
7195 1.03
7196 1.29
7197 4.99
7198 0.00
7199 0.00
7200 0.00
7201 0.18
7202 0.00
7203 0.00
7204 0.00
7205 0.00
7206 2.28
7207 2.57
7208 1.06
7209 1.50
7210 1.32
7211 1.35
7212 1.34
7213 1.13
7214 1.19
7215 1.27
7216 2.47
7217 1.82
7218 1.37
7219 1.18
7220 1.45
7221 4.81
7222 0.00
7223 0.00
7224 0.00
7225 0.12
7226 0.00
7227 0.00
7228 0.00
7229 0.00
7230 0.52
7231 0.00
7232 0.52
7233 1.19
7234 1.77
7235 1.39
7236 1.24
7237 1.45
7238 1.08
7239 1.39
7240 1.20
7241 1.43
7242 1.42
7243 1.03
7244 1.29
7245 4.12
7246 2.07
7247 21.18
7248 0.00
7249 0.26
7250 0.00
7251 57.14
7252 0.00
7253 0.00
7254 0.00
7255 0.00
7256 0.38
7257 1.49
7258 0.98
7259 0.92
7260 0.93
7261 0.73
7262 0.74
7263 0.90
7264 0.86
7265 0.87
7266 1.57
7267 3.71
7268 0.61
7269 0.00
7270 0.00
7271 0.00
7272 0.00
7273 54.55
7274 0.00
7275 0.00
7276 0.00
7277 0.00
7278 0.00
7279 27.91
7280 0.74
7281 1.31
7282 1.68
7283 1.31
7284 1.18
7285 1.19
7286 1.18
7287 1.59
7288 1.75
7289 1.88
7290 1.74
7291 1.48
7292 1.73
7293 3.66
7294 0.00
7295 0.00
7296 0.00
7297 0.00
7298 0.00
7299 0.00
7300 0.00
7301 0.00
7302 0.00
7303 0.00
7304 0.26
7305 0.36
7306 0.46
7307 0.54
7308 0.65
7309 0.58
7310 0.64
7311 0.57
7312 0.76
7313 0.63
7314 1.23
7315 0.94
7316 1.44
7317 5.16
7318 0.00
7319 0.90
7320 0.00
7321 0.28
7322 0.00
7323 0.00
7324 0.00
7325 0.00
7326 18.46
7327 40.91
7328 1.02
7329 1.29
7330 1.29
7331 1.45
7332 1.31
7333 1.33
7334 1.20
7335 1.60
7336 1.50
7337 2.09
7338 1.73
7339 1.77
7340 2.45
7341 5.55
7342 50.00
7343 0.57
7344 47.68
7345 0.15
7346 0.00
7347 0.00
7348 0.00
7349 0.00
7350 0.00
7351 42.35
7352 1.08
7353 1.73
7354 1.18
7355 1.38
7356 1.51
7357 1.35
7358 1.25
7359 1.31
7360 1.63
7361 1.79
7362 1.79
7363 1.62
7364 1.83
7365 5.32
7366 0.00
7367 0.00
7368 0.00
7369 0.50
7370 0.00
7371 0.00
7372 0.00
7373 0.36
7374 0.00
7375 1.04
7376 0.86
7377 1.30
7378 1.27
7379 1.47
7380 1.23
7381 1.26
7382 1.28
7383 1.29
7384 1.51
7385 1.74
7386 1.52
7387 1.43
7388 1.62
7389 5.02
7390 2.56
7391 0.00
7392 0.00
7393 1.83
7394 0.00
7395 0.00
7396 0.00
7397 0.00
7398 0.00
7399 3.39
7400 0.50
7401 2.00
7402 1.79
7403 1.76
7404 1.66
7405 1.31
7406 1.39
7407 1.35
7408 1.89
7409 1.57
7410 1.35
7411 1.16
7412 1.33
7413 3.95
7414 0.00
7415 0.00
7416 7.79
7417 0.11
7418 0.00
7419 0.00
7420 0.00
7421 0.00
7422 0.00
7423 0.00
7424 0.35
7425 0.84
7426 0.72
7427 0.82
7428 0.87
7429 0.87
7430 0.94
7431 0.87
7432 1.09
7433 0.83
7434 1.52
7435 3.43
7436 0.50
7437 0.00
7438 0.00
7439 50.00
7440 0.00
7441 0.09
7442 0.00
7443 0.00
7444 0.00
7445 0.00
7446 0.00
7447 0.00
7448 1.31
7449 1.55
7450 1.55
7451 1.51
7452 1.45
7453 1.36
7454 1.32
7455 1.75
7456 1.73
7457 2.48
7458 2.32
7459 1.84
7460 2.37
7461 4.77
7462 0.00
7463 0.00
7464 0.00
7465 0.16
7466 0.00
7467 0.00
7468 0.00
7469 0.00
7470 32.43
7471 20.45
7472 0.87
7473 1.44
7474 1.08
7475 1.48
7476 1.43
7477 1.24
7478 1.25
7479 1.39
7480 1.59
7481 2.48
7482 1.56
7483 1.61
7484 2.97
7485 5.94
7486 2.84
7487 9.68
7488 0.00
7489 0.86
7490 0.00
7491 0.23
7492 0.00
7493 0.00
7494 0.00
7495 1.27
7496 0.98
7497 1.28
7498 1.25
7499 1.31
7500 1.60
7501 1.35
7502 1.33
7503 1.60
7504 2.07
7505 1.86
7506 1.60
7507 1.30
7508 1.90
7509 5.37
7510 0.00
7511 0.00
7512 1.17
7513 0.17
7514 0.00
7515 0.00
7516 12.08
7517 0.00
7518 0.00
7519 0.00
7520 0.81
7521 1.51
7522 1.06
7523 1.34
7524 1.21
7525 1.24
7526 1.30
7527 1.50
7528 1.42
7529 1.71
7530 1.57
7531 1.41
7532 1.79
7533 4.84
7534 0.00
7535 3.86
7536 0.00
7537 0.18
7538 0.00
7539 2.88
7540 0.00
7541 0.00
7542 12.59
7543 13.55
7544 0.79
7545 1.44
7546 1.26
7547 1.21
7548 1.45
7549 1.43
7550 1.34
7551 1.57
7552 1.93
7553 1.59
7554 1.49
7555 1.37
7556 1.50
7557 3.41
7558 0.81
7559 0.82
7560 0.00
7561 0.51
7562 0.00
7563 0.00
7564 44.44
7565 0.00
7566 0.00
7567 1.93
7568 0.46
7569 1.03
7570 1.63
7571 1.57
7572 1.56
7573 1.40
7574 1.41
7575 1.54
7576 1.32
7577 1.53
7578 1.22
7579 1.12
7580 1.34
7581 4.12
7582 0.00
7583 24.49
7584 0.00
7585 4.65
7586 1.68
7587 0.00
7588 0.00
7589 0.00
7590 17.06
7591 0.00
7592 0.51
7593 1.38
7594 0.81
7595 1.11
7596 0.80
7597 0.78
7598 0.86
7599 0.85
7600 1.00
7601 0.90
7602 1.62
7603 3.55
7604 0.00
7605 27.27
7606 0.00
7607 0.00
7608 0.00
7609 0.24
7610 0.00
7611 0.00
7612 0.00
7613 0.00
7614 0.00
7615 3.57
7616 0.87
7617 1.80
7618 1.16
7619 1.19
7620 1.45
7621 1.30
7622 1.24
7623 1.61
7624 1.70
7625 2.03
7626 1.68
7627 1.95
7628 2.18
7629 6.52
7630 16.82
7631 0.00
7632 0.00
7633 0.16
7634 0.00
7635 0.00
7636 0.00
7637 2.84
7638 33.64
7639 6.62
7640 0.79
7641 1.35
7642 1.47
7643 1.57
7644 1.25
7645 1.60
7646 1.37
7647 1.45
7648 1.89
7649 1.60
7650 1.94
7651 1.64
7652 2.80
7653 6.95
7654 7.39
7655 0.00
7656 37.11
7657 0.17
7658 0.00
7659 0.00
7660 0.00
7661 0.00
7662 0.00
7663 12.83
7664 0.92
7665 1.40
7666 1.48
7667 1.36
7668 1.48
7669 1.32
7670 1.20
7671 1.46
7672 1.83
7673 1.88
7674 1.79
7675 1.48
7676 2.19
7677 6.77
7678 0.00
7679 11.92
7680 0.00
7681 0.14
7682 0.00
7683 3.23
7684 0.00
7685 0.00
7686 0.00
7687 9.82
7688 0.85
7689 1.48
7690 0.99
7691 1.28
7692 1.44
7693 1.13
7694 1.38
7695 1.42
7696 1.57
7697 1.90
7698 1.32
7699 1.18
7700 1.64
7701 5.06
7702 0.00
7703 0.00
7704 0.00
7705 0.45
7706 0.00
7707 0.00
7708 0.00
7709 0.00
7710 0.00
7711 1.22
7712 0.92
7713 1.34
7714 1.10
7715 1.36
7716 1.34
7717 1.31
7718 1.46
7719 1.50
7720 1.64
7721 1.59
7722 1.36
7723 1.05
7724 1.68
7725 3.49
7726 0.00
7727 0.00
7728 0.00
7729 0.36
7730 0.00
7731 0.00
7732 0.00
7733 0.00
7734 0.00
7735 2.35
7736 0.60
7737 1.97
7738 1.31
7739 1.43
7740 1.78
7741 1.47
7742 1.38
7743 1.57
7744 1.54
7745 1.64
7746 1.21
7747 1.07
7748 1.43
7749 3.34
7750 0.39
7751 0.96
7752 2.00
7753 0.24
7754 0.00
7755 0.00
7756 0.00
7757 9.40
7758 0.00
7759 0.00
7760 0.37
7761 1.49
7762 1.39
7763 1.03
7764 0.91
7765 0.89
7766 0.87
7767 0.92
7768 0.98
7769 0.92
7770 1.53
7771 5.13
7772 0.31
7773 27.27
7774 0.00
7775 0.00
7776 0.00
7777 0.00
7778 0.00
7779 0.00
7780 0.00
7781 0.00
7782 0.00
7783 2.10
7784 0.80
7785 1.24
7786 1.23
7787 1.31
7788 1.22
7789 1.26
7790 1.47
7791 1.40
7792 1.86
7793 2.03
7794 1.78
7795 1.47
7796 2.38
7797 4.72
7798 0.00
7799 0.00
7800 0.00
7801 0.16
7802 0.00
7803 0.00
7804 0.00
7805 0.00
7806 20.34
7807 4.47
7808 0.94
7809 1.29
7810 1.22
7811 1.49
7812 1.43
7813 1.26
7814 1.29
7815 1.38
7816 1.56
7817 1.98
7818 1.37
7819 1.58
7820 1.95
7821 5.97
7822 20.43
7823 2.42
7824 23.68
7825 0.46
7826 0.00
7827 0.00
7828 0.00
7829 0.00
7830 0.00
7831 1.34
7832 0.86
7833 0.98
7834 1.20
7835 1.46
7836 1.34
7837 1.35
7838 1.40
7839 1.28
7840 1.75
7841 1.75
7842 1.59
7843 1.30
7844 1.73
7845 6.44
7846 0.00
7847 6.25
7848 38.50
7849 0.00
7850 0.00
7851 0.00
7852 0.00
7853 0.00
7854 24.00
7855 3.18
7856 0.95
7857 1.40
7858 1.20
7859 1.32
7860 1.28
7861 1.15
7862 1.16
7863 1.47
7864 1.67
7865 1.63
7866 1.98
7867 1.18
7868 1.73
7869 4.58
7870 1.29
7871 18.37
7872 3.32
7873 0.16
7874 8.07
7875 0.00
7876 0.00
7877 0.00
7878 51.43
7879 2.26
7880 0.91
7881 1.30
7882 1.18
7883 1.33
7884 1.28
7885 1.12
7886 1.27
7887 1.77
7888 1.78
7889 1.69
7890 1.66
7891 1.25
7892 1.52
7893 4.01
7894 1.69
7895 1.53
7896 0.00
7897 0.11
7898 26.09
7899 0.00
7900 0.00
7901 0.00
7902 5.47
7903 6.28
7904 0.54
7905 1.19
7906 1.32
7907 1.90
7908 1.25
7909 1.31
7910 1.40
7911 1.51
7912 1.77
7913 1.64
7914 1.48
7915 1.18
7916 1.47
7917 3.88
7918 0.00
7919 0.85
7920 0.00
7921 0.29
7922 0.00
7923 0.00
7924 25.90
7925 0.00
7926 0.00
7927 0.00
7928 0.62
7929 1.22
7930 1.25
7931 1.00
7932 0.94
7933 0.88
7934 0.97
7935 0.92
7936 1.12
7937 1.01
7938 1.65
7939 3.12
7940 42.86
7941 43.37
7942 0.34
7943 0.00
7944 0.00
7945 0.25
7946 0.00
7947 0.00
7948 0.00
7949 0.00
7950 0.00
7951 0.00
7952 0.92
7953 1.46
7954 1.31
7955 1.46
7956 1.52
7957 1.54
7958 1.50
7959 1.67
7960 1.66
7961 2.99
7962 1.71
7963 1.40
7964 2.39
7965 4.88
7966 1.11
7967 0.00
7968 0.00
7969 0.94
7970 0.00
7971 0.00
7972 0.00
7973 12.20
7974 0.00
7975 18.46
7976 0.91
7977 1.22
7978 1.23
7979 1.39
7980 1.62
7981 1.36
7982 1.31
7983 1.62
7984 1.61
7985 2.00
7986 1.67
7987 1.45
7988 1.98
7989 4.83
7990 0.00
7991 0.00
7992 0.00
7993 26.28
7994 0.00
7995 0.00
7996 0.00
7997 0.00
7998 0.00
7999 1.84
8000 0.87
8001 1.10
8002 1.11
8003 1.46
8004 1.21
8005 1.14
8006 1.18
8007 1.48
8008 1.62
8009 1.75
8010 1.74
8011 1.50
8012 1.90
8013 5.41
8014 3.09
8015 0.00
8016 0.00
8017 0.12
8018 0.00
8019 0.00
8020 0.00
8021 0.00
8022 0.80
8023 4.81
8024 0.73
8025 1.03
8026 0.97
8027 1.33
8028 1.28
8029 1.53
8030 1.55
8031 1.54
8032 1.89
8033 1.69
8034 1.18
8035 1.18
8036 1.63
8037 3.39
8038 2.66
8039 4.11
8040 0.00
8041 0.21
8042 0.00
8043 0.00
8044 25.90
8045 0.00
8046 0.00
8047 3.51
8048 0.67
8049 1.24
8050 0.97
8051 1.19
8052 1.34
8053 1.07
8054 1.29
8055 1.60
8056 1.54
8057 1.78
8058 1.29
8059 1.07
8060 1.42
8061 4.72
8062 12.90
8063 6.51
8064 0.00
8065 0.00
8066 20.00
8067 0.46
8068 0.00
8069 0.00
8070 7.44
8071 0.00
8072 0.61
8073 1.36
8074 1.29
8075 1.43
8076 1.24
8077 1.28
8078 1.11
8079 1.40
8080 1.34
8081 1.10
8082 1.37
8083 1.15
8084 1.23
8085 3.26
8086 0.00
8087 0.00
8088 6.22
8089 7.11
8090 14.29
8091 42.86
8092 59.02
8093 0.00
8094 0.00
8095 4.77
8096 0.54
8097 1.51
8098 0.84
8099 0.90
8100 0.98
8101 0.96
8102 0.78
8103 0.91
8104 0.94
8105 0.91
8106 1.41
8107 5.28
8108 13.41
8109 6.42
8110 0.00
8111 3.33
8112 0.00
8113 0.24
8114 0.00
8115 0.00
8116 0.00
8117 32.14
8118 9.70
8119 0.00
8120 0.74
8121 1.05
8122 1.21
8123 1.30
8124 1.37
8125 1.30
8126 1.40
8127 1.52
8128 1.57
8129 1.98
8130 1.99
8131 2.06
8132 2.91
8133 8.62
8134 0.00
8135 36.00
8136 0.00
8137 0.00
8138 0.00
8139 0.00
8140 0.00
8141 0.00
8142 30.51
8143 13.64
8144 0.70
8145 1.55
8146 1.13
8147 1.24
8148 1.38
8149 1.14
8150 1.28
8151 1.54
8152 1.75
8153 2.06
8154 1.52
8155 1.61
8156 2.02
8157 6.62
8158 8.69
8159 0.00
8160 0.00
8161 0.50
8162 0.00
8163 0.60
8164 0.00
8165 0.00
8166 1.40
8167 0.00
8168 0.83
8169 1.47
8170 1.32
8171 1.54
8172 1.48
8173 1.27
8174 1.31
8175 1.53
8176 1.41
8177 1.37
8178 1.67
8179 1.11
8180 1.70
8181 4.35
8182 42.35
8183 48.65
8184 12.72
8185 0.16
8186 37.89
8187 0.00
8188 0.00
8189 0.00
8190 0.43
8191 0.00
8192 0.85
8193 1.65
8194 1.13
8195 1.45
8196 1.25
8197 1.17
8198 1.31
8199 1.44
8200 1.74
8201 1.94
8202 1.43
8203 1.08
8204 1.62
8205 6.65
8206 40.45
8207 28.35
8208 24.83
8209 0.40
8210 0.00
8211 0.00
8212 39.13
8213 0.00
8214 0.00
8215 6.91
8216 0.81
8217 1.41
8218 1.02
8219 1.48
8220 1.54
8221 1.10
8222 1.19
8223 1.70
8224 1.64
8225 2.16
8226 1.24
8227 1.24
8228 1.41
8229 4.57
8230 15.38
8231 10.03
8232 2.37
8233 0.68
8234 52.94
8235 0.00
8236 0.00
8237 7.86
8238 51.43
8239 1.95
8240 0.49
8241 1.79
8242 1.24
8243 2.06
8244 1.68
8245 1.35
8246 1.26
8247 1.64
8248 1.55
8249 1.84
8250 1.31
8251 1.16
8252 1.60
8253 3.14
8254 0.00
8255 0.00
8256 11.04
8257 0.26
8258 0.00
8259 0.00
8260 0.00
8261 0.00
8262 0.00
8263 0.00
8264 0.60
8265 1.18
8266 0.94
8267 1.16
8268 0.87
8269 0.94
8270 0.99
8271 1.03
8272 0.79
8273 0.98
8274 1.60
8275 4.41
8276 0.25
8277 0.00
8278 18.95
8279 0.00
8280 0.00
8281 0.48
8282 0.00
8283 0.00
8284 0.00
8285 0.00
8286 7.20
8287 1.32
8288 0.77
8289 1.42
8290 1.33
8291 1.36
8292 1.28
8293 1.15
8294 1.16
8295 1.76
8296 1.76
8297 1.78
8298 2.00
8299 1.63
8300 1.98
8301 4.82
8302 0.00
8303 6.58
8304 0.00
8305 0.15
8306 0.00
8307 0.00
8308 0.00
8309 0.00
8310 1.41
8311 0.00
8312 1.04
8313 1.30
8314 1.22
8315 1.31
8316 1.38
8317 1.24
8318 1.30
8319 1.46
8320 2.07
8321 1.81
8322 1.44
8323 1.49
8324 1.60
8325 5.79
8326 0.00
8327 0.00
8328 0.00
8329 0.16
8330 0.00
8331 0.00
8332 0.00
8333 0.00
8334 0.00
8335 0.00
8336 0.98
8337 1.47
8338 1.10
8339 1.27
8340 1.30
8341 1.16
8342 1.34
8343 1.23
8344 1.70
8345 1.87
8346 1.58
8347 1.18
8348 1.57
8349 4.74
8350 0.00
8351 22.78
8352 0.00
8353 1.82
8354 0.00
8355 0.00
8356 0.00
8357 0.00
8358 0.00
8359 0.62
8360 1.01
8361 1.25
8362 1.18
8363 1.26
8364 1.33
8365 1.17
8366 1.37
8367 1.36
8368 1.38
8369 1.64
8370 1.44
8371 1.09
8372 1.52
8373 3.39
8374 0.00
8375 0.00
8376 0.00
8377 0.20
8378 0.00
8379 0.00
8380 28.57
8381 0.00
8382 1.37
8383 22.93
8384 0.86
8385 1.19
8386 1.08
8387 1.56
8388 1.39
8389 1.16
8390 1.12
8391 1.45
8392 1.38
8393 1.63
8394 1.27
8395 1.09
8396 1.37
8397 3.21
8398 0.00
8399 0.00
8400 0.00
8401 15.13
8402 0.00
8403 0.00
8404 0.00
8405 0.00
8406 2.33
8407 0.40
8408 0.52
8409 1.19
8410 1.22
8411 1.71
8412 1.37
8413 1.41
8414 1.40
8415 1.17
8416 1.29
8417 1.56
8418 1.05
8419 0.94
8420 1.36
8421 2.94
8422 0.00
8423 2.65
8424 0.00
8425 0.21
8426 0.00
8427 0.00
8428 0.00
8429 0.00
8430 0.00
8431 0.00
8432 0.47
8433 1.27
8434 0.91
8435 0.98
8436 0.87
8437 0.75
8438 0.80
8439 1.05
8440 0.92
8441 0.84
8442 1.51
8443 3.55
8444 0.00
8445 0.52
8446 0.00
8447 0.00
8448 0.00
8449 0.47
8450 0.00
8451 0.00
8452 0.00
8453 0.00
8454 0.00
8455 14.24
8456 1.08
8457 1.40
8458 1.12
8459 1.44
8460 1.28
8461 1.19
8462 1.56
8463 1.22
8464 1.61
8465 1.99
8466 2.01
8467 1.47
8468 1.69
8469 4.78
8470 0.00
8471 0.00
8472 0.00
8473 0.00
8474 0.00
8475 0.00
8476 0.00
8477 0.24
8478 22.93
8479 0.00
8480 1.02
8481 1.31
8482 1.04
8483 1.34
8484 1.31
8485 1.14
8486 1.19
8487 1.35
8488 1.64
8489 2.22
8490 1.89
8491 1.67
8492 1.82
8493 5.43
8494 0.00
8495 1.23
8496 0.00
8497 0.37
8498 0.00
8499 0.00
8500 0.00
8501 0.00
8502 0.00
8503 0.00
8504 0.81
8505 1.25
8506 1.14
8507 1.17
8508 1.17
8509 1.07
8510 1.29
8511 1.22
8512 2.18
8513 2.02
8514 1.68
8515 1.59
8516 1.88
8517 4.05
8518 37.89
8519 17.06
8520 0.00
8521 0.11
8522 0.00
8523 0.00
8524 0.00
8525 0.00
8526 0.00
8527 0.00
8528 0.79
8529 1.27
8530 1.12
8531 1.41
8532 1.30
8533 1.21
8534 1.37
8535 1.49
8536 1.51
8537 2.11
8538 1.69
8539 1.50
8540 1.69
8541 4.69
8542 7.56
8543 0.00
8544 0.00
8545 0.17
8546 0.00
8547 0.00
8548 0.00
8549 7.42
8550 0.00
8551 0.00
8552 0.77
8553 1.10
8554 0.96
8555 1.07
8556 1.34
8557 1.17
8558 1.28
8559 1.64
8560 1.36
8561 1.64
8562 1.64
8563 1.41
8564 1.68
8565 4.79
8566 10.46
8567 7.89
8568 0.00
8569 20.81
8570 0.00
8571 5.82
8572 0.00
8573 0.00
8574 0.00
8575 0.00
8576 0.42
8577 1.87
8578 1.54
8579 1.64
8580 1.73
8581 1.47
8582 1.42
8583 1.34
8584 1.38
8585 1.62
8586 1.49
8587 0.97
8588 1.56
8589 4.40
8590 0.00
8591 2.08
8592 2.77
8593 0.32
8594 0.00
8595 0.00
8596 0.00
8597 0.00
8598 0.00
8599 0.83
8600 0.30
8601 0.71
8602 0.84
8603 0.74
8604 0.82
8605 0.77
8606 0.66
8607 0.77
8608 0.96
8609 1.16
8610 1.61
8611 4.24
8612 0.00
8613 0.00
8614 0.00
8615 0.00
8616 0.00
8617 4.95
8618 0.00
8619 0.00
8620 0.00
8621 0.00
8622 0.00
8623 0.00
8624 0.23
8625 0.67
8626 0.37
8627 0.52
8628 0.49
8629 0.49
8630 0.54
8631 0.51
8632 0.64
8633 0.62
8634 0.77
8635 0.77
8636 1.31
8637 4.97
8638 9.59
8639 0.00
8640 0.00
8641 0.32
8642 0.00
8643 0.00
8644 0.00
8645 0.00
8646 0.00
8647 0.00
8648 0.22
8649 1.49
8650 0.85
8651 0.86
8652 0.68
8653 0.65
8654 0.67
8655 0.70
8656 0.74
8657 0.81
8658 0.89
8659 1.09
8660 1.34
8661 4.44
8662 0.00
8663 21.82
8664 0.00
8665 0.00
8666 0.00
8667 0.00
8668 0.00
8669 0.00
8670 0.00
8671 0.00
8672 0.57
8673 1.26
8674 0.88
8675 1.09
8676 1.19
8677 1.08
8678 1.16
8679 1.34
8680 1.33
8681 1.69
8682 1.48
8683 1.24
8684 1.89
8685 5.22
8686 26.29
8687 4.24
8688 0.00
8689 0.08
8690 0.59
8691 0.00
8692 0.00
8693 0.00
8694 46.15
8695 0.00
8696 0.69
8697 1.50
8698 1.08
8699 1.24
8700 1.26
8701 1.07
8702 1.02
8703 1.10
8704 1.66
8705 1.61
8706 1.43
8707 1.38
8708 1.54
8709 4.30
8710 1.93
8711 0.00
8712 3.62
8713 32.43
8714 25.71
8715 0.00
8716 0.00
8717 37.89
8718 9.42
8719 5.11
8720 0.40
8721 1.25
8722 1.07
8723 1.38
8724 1.51
8725 1.44
8726 1.26
8727 1.26
8728 1.59
8729 1.57
8730 1.72
8731 1.35
8732 1.52
8733 3.91
8734 0.00
8735 0.00
8736 41.86
8737 0.08
8738 0.00
8739 0.00
8740 0.00
8741 0.00
8742 37.50
8743 0.00
8744 0.39
8745 2.45
8746 2.21
8747 1.44
8748 1.43
8749 1.14
8750 1.30
8751 1.50
8752 1.89
8753 1.55
8754 1.93
8755 1.16
8756 1.48
8757 4.48
8758 0.37
8759 3.16
8760 0.00
