1 3
2 1
3 0
4 0
5 0
6 1
7 1
8 43
9 17
10 39
11 57
12 69
13 62
14 76
15 60
16 53
17 72
18 45
19 27
20 0
21 0
22 0
23 1
24 1
25 0
26 0
27 0
28 0
29 0
30 0
31 0
32 67
33 30
34 64
35 94
36 77
37 78
38 93
39 81
40 65
41 72
42 67
43 103
44 114
45 53
46 1
47 0
48 0
49 2
50 0
51 0
52 0
53 0
54 0
55 1
56 92
57 95
58 127
59 163
60 172
61 147
62 194
63 148
64 161
65 156
66 159
67 128
68 133
69 48
70 0
71 0
72 0
73 0
74 1
75 0
76 0
77 0
78 0
79 0
80 94
81 127
82 162
83 166
84 175
85 192
86 181
87 178
88 160
89 151
90 177
91 188
92 164
93 48
94 0
95 0
96 0
97 0
98 0
99 0
100 0
101 0
102 1
103 0
104 67
105 98
106 151
107 165
108 182
109 188
110 176
111 179
112 161
113 184
114 193
115 151
116 159
117 50
118 1
119 0
120 0
121 0
122 0
123 0
124 0
125 0
126 1
127 0
128 83
129 112
130 148
131 148
132 173
133 208
134 191
135 188
136 165
137 187
138 200
139 211
140 180
141 58
142 1
143 0
144 0
145 0
146 0
147 0
148 0
149 0
150 0
151 0
152 46
153 46
154 56
155 88
156 74
157 90
158 87
159 104
160 96
161 68
162 108
163 160
164 168
165 47
166 0
167 0
168 0
169 1
170 0
171 0
172 0
173 1
174 0
175 1
176 24
177 21
178 56
179 83
180 91
181 99
182 101
183 96
184 115
185 94
186 83
187 35
188 1
189 0
190 0
191 1
192 0
193 1
194 0
195 0
196 0
197 0
198 0
199 1
200 91
201 124
202 161
203 171
204 184
205 164
206 206
207 166
208 177
209 187
210 183
211 146
212 102
213 50
214 2
215 0
216 0
217 0
218 1
219 0
220 0
221 0
222 0
223 0
224 94
225 121
226 185
227 194
228 199
229 191
230 213
231 169
232 170
233 161
234 190
235 188
236 130
237 60
238 1
239 0
240 0
241 2
242 0
243 0
244 0
245 0
246 0
247 0
248 92
249 124
250 187
251 174
252 181
253 183
254 183
255 166
256 172
257 181
258 206
259 210
260 167
261 73
262 0
263 0
264 0
265 0
266 0
267 0
268 0
269 0
270 1
271 1
272 102
273 127
274 157
275 178
276 195
277 227
278 181
279 188
280 165
281 196
282 233
283 218
284 215
285 68
286 0
287 1
288 0
289 0
290 0
291 0
292 0
293 1
294 0
295 0
296 118
297 161
298 189
299 213
300 204
301 215
302 193
303 176
304 163
305 192
306 237
307 235
308 204
309 76
310 1
311 0
312 0
313 0
314 0
315 1
316 0
317 0
318 0
319 2
320 52
321 35
322 94
323 106
324 101
325 102
326 123
327 115
328 102
329 107
330 117
331 143
332 187
333 65
334 0
335 0
336 1
337 3
338 0
339 0
340 0
341 0
342 0
343 0
344 41
345 32
346 67
347 98
348 126
349 121
350 125
351 127
352 131
353 112
354 95
355 62
356 0
357 0
358 0
359 2
360 0
361 0
362 0
363 0
364 0
365 0
366 0
367 3
368 117
369 131
370 195
371 200
372 221
373 229
374 245
375 217
376 208
377 186
378 180
379 175
380 158
381 63
382 0
383 1
384 0
385 0
386 0
387 0
388 0
389 0
390 0
391 0
392 104
393 135
394 197
395 199
396 186
397 222
398 203
399 198
400 213
401 195
402 208
403 196
404 173
405 84
406 1
407 0
408 0
409 1
410 0
411 0
412 0
413 0
414 0
415 2
416 133
417 152
418 152
419 197
420 202
421 201
422 192
423 176
424 213
425 192
426 210
427 197
428 201
429 81
430 0
431 0
432 0
433 0
434 0
435 0
436 0
437 0
438 0
439 0
440 106
441 129
442 184
443 198
444 227
445 224
446 200
447 208
448 208
449 201
450 209
451 223
452 158
453 71
454 2
455 0
456 0
457 0
458 0
459 0
460 0
461 0
462 0
463 1
464 124
465 136
466 180
467 175
468 212
469 225
470 182
471 173
472 176
473 181
474 254
475 226
476 157
477 55
478 0
479 0
480 0
481 0
482 0
483 0
484 0
485 0
486 1
487 0
488 87
489 85
490 117
491 99
492 113
493 133
494 158
495 128
496 117
497 113
498 118
499 140
500 182
501 70
502 2
503 0
504 0
505 0
506 0
507 0
508 1
509 0
510 0
511 0
512 44
513 49
514 65
515 107
516 130
517 117
518 131
519 115
520 84
521 108
522 96
523 53
524 0
525 1
526 0
527 1
528 1
529 0
530 0
531 0
532 0
533 0
534 1
535 2
536 116
537 132
538 239
539 182
540 214
541 214
542 190
543 175
544 180
545 217
546 191
547 183
548 145
549 75
550 0
551 0
552 0
553 0
554 0
555 0
556 0
557 0
558 1
559 2
560 109
561 149
562 197
563 223
564 211
565 233
566 197
567 177
568 199
569 196
570 230
571 205
572 140
573 49
574 0
575 0
576 0
577 0
578 1
579 1
580 0
581 0
582 0
583 1
584 111
585 166
586 220
587 201
588 192
589 192
590 230
591 211
592 205
593 198
594 199
595 212
596 188
597 87
598 0
599 0
600 1
601 0
602 1
603 0
604 0
605 0
606 0
607 0
608 46
609 43
610 77
611 88
612 98
613 100
614 126
615 116
616 78
617 66
618 86
619 124
620 124
621 35
622 0
623 0
624 0
625 1
626 0
627 0
628 0
629 0
630 1
631 1
632 122
633 168
634 173
635 200
636 206
637 213
638 172
639 188
640 207
641 224
642 247
643 241
644 135
645 72
646 0
647 1
648 0
649 2
650 0
651 0
652 0
653 0
654 1
655 0
656 61
657 80
658 91
659 145
660 149
661 134
662 152
663 135
664 135
665 128
666 150
667 169
668 170
669 58
670 0
671 1
672 1
673 1
674 1
675 1
676 0
677 0
678 0
679 0
680 46
681 62
682 93
683 169
684 132
685 141
686 145
687 105
688 124
689 114
690 154
691 77
692 1
693 0
694 0
695 1
696 0
697 0
698 0
699 0
700 0
701 0
702 1
703 0
704 110
705 149
706 198
707 168
708 179
709 209
710 205
711 178
712 189
713 168
714 169
715 178
716 192
717 58
718 0
719 0
720 0
721 0
722 0
723 0
724 0
725 0
726 1
727 2
728 111
729 128
730 178
731 166
732 202
733 213
734 195
735 195
736 198
737 191
738 192
739 220
740 144
741 69
742 0
743 0
744 0
745 1
746 1
747 1
748 0
749 0
750 0
751 0
752 112
753 168
754 177
755 226
756 235
757 216
758 183
759 192
760 197
761 185
762 220
763 274
764 166
765 45
766 0
767 0
768 0
769 0
770 0
771 0
772 0
773 0
774 1
775 0
776 111
777 143
778 208
779 210
780 227
781 193
782 185
783 192
784 199
785 169
786 209
787 283
788 225
789 63
790 0
791 0
792 0
793 0
794 1
795 0
796 1
797 0
798 0
799 2
800 119
801 129
802 197
803 195
804 212
805 214
806 162
807 180
808 173
809 208
810 225
811 235
812 164
813 38
814 1
815 0
816 2
817 0
818 0
819 0
820 0
821 1
822 3
823 2
824 82
825 56
826 97
827 84
828 117
829 127
830 157
831 138
832 104
833 121
834 151
835 191
836 143
837 29
838 2
839 0
840 3
841 0
842 0
843 0
844 0
845 0
846 0
847 1
848 45
849 60
850 89
851 98
852 114
853 137
854 124
855 112
856 117
857 97
858 95
859 67
860 0
861 0
862 0
863 1
864 0
865 0
866 0
867 0
868 0
869 0
870 0
871 1
872 121
873 125
874 188
875 233
876 220
877 213
878 181
879 201
880 172
881 230
882 270
883 186
884 169
885 61
886 1
887 0
888 1
889 1
890 6
891 5
892 0
893 0
894 0
895 1
896 115
897 124
898 179
899 193
900 201
901 205
902 205
903 180
904 174
905 213
906 246
907 235
908 152
909 39
910 2
911 0
912 0
913 0
914 0
915 0
916 0
917 0
918 0
919 0
920 103
921 130
922 194
923 225
924 193
925 214
926 175
927 179
928 162
929 167
930 213
931 239
932 161
933 42
934 0
935 0
936 0
937 0
938 0
939 0
940 0
941 0
942 0
943 0
944 116
945 129
946 154
947 220
948 202
949 216
950 197
951 184
952 175
953 178
954 192
955 229
956 178
957 39
958 0
959 0
960 0
961 0
962 0
963 0
964 0
965 0
966 1
967 0
968 113
969 121
970 192
971 203
972 196
973 218
974 180
975 197
976 151
977 174
978 217
979 212
980 176
981 32
982 1
983 0
984 2
985 1
986 0
987 0
988 1
989 0
990 0
991 1
992 73
993 73
994 103
995 120
996 121
997 120
998 136
999 111
1000 121
1001 127
1002 138
1003 203
1004 125
1005 32
1006 0
1007 0
1008 0
1009 0
1010 0
1011 0
1012 0
1013 0
1014 0
1015 1
1016 37
1017 40
1018 74
1019 95
1020 96
1021 115
1022 114
1023 118
1024 77
1025 106
1026 106
1027 57
1028 1
1029 0
1030 0
1031 0
1032 0
1033 0
1034 0
1035 1
1036 0
1037 0
1038 0
1039 0
1040 100
1041 136
1042 186
1043 228
1044 216
1045 204
1046 187
1047 212
1048 195
1049 175
1050 179
1051 181
1052 152
1053 51
1054 0
1055 0
1056 0
1057 0
1058 0
1059 0
1060 0
1061 0
1062 3
1063 0
1064 115
1065 110
1066 175
1067 224
1068 207
1069 214
1070 191
1071 167
1072 180
1073 177
1074 218
1075 236
1076 149
1077 22
1078 2
1079 0
1080 0
1081 0
1082 0
1083 0
1084 0
1085 1
1086 1
1087 0
1088 133
1089 101
1090 175
1091 223
1092 178
1093 200
1094 199
1095 211
1096 169
1097 148
1098 245
1099 236
1100 172
1101 46
1102 0
1103 0
1104 0
1105 0
1106 0
1107 0
1108 0
1109 0
1110 0
1111 1
1112 132
1113 149
1114 190
1115 194
1116 199
1117 209
1118 208
1119 165
1120 165
1121 190
1122 180
1123 234
1124 137
1125 35
1126 0
1127 1
1128 0
1129 0
1130 0
1131 0
1132 0
1133 0
1134 0
1135 2
1136 112
1137 127
1138 184
1139 191
1140 186
1141 194
1142 189
1143 175
1144 174
1145 195
1146 207
1147 238
1148 142
1149 40
1150 1
1151 0
1152 1
1153 1
1154 0
1155 0
1156 0
1157 0
1158 1
1159 0
1160 57
1161 67
1162 117
1163 101
1164 119
1165 137
1166 131
1167 139
1168 108
1169 128
1170 139
1171 167
1172 142
1173 25
1174 0
1175 1
1176 0
1177 2
1178 0
1179 0
1180 0
1181 0
1182 0
1183 0
1184 51
1185 48
1186 72
1187 108
1188 106
1189 118
1190 160
1191 141
1192 129
1193 101
1194 123
1195 60
1196 0
1197 1
1198 0
1199 1
1200 0
1201 0
1202 0
1203 0
1204 0
1205 0
1206 1
1207 1
1208 111
1209 134
1210 212
1211 253
1212 233
1213 238
1214 230
1215 193
1216 167
1217 196
1218 232
1219 202
1220 209
1221 69
1222 0
1223 0
1224 0
1225 0
1226 0
1227 0
1228 0
1229 0
1230 0
1231 1
1232 131
1233 117
1234 171
1235 209
1236 193
1237 190
1238 174
1239 167
1240 224
1241 199
1242 185
1243 178
1244 154
1245 70
1246 1
1247 0
1248 0
1249 0
1250 0
1251 0
1252 0
1253 0
1254 0
1255 0
1256 118
1257 113
1258 187
1259 226
1260 253
1261 237
1262 201
1263 197
1264 200
1265 197
1266 172
1267 208
1268 199
1269 61
1270 0
1271 0
1272 0
1273 0
1274 0
1275 0
1276 0
1277 0
1278 0
1279 1
1280 115
1281 97
1282 189
1283 190
1284 217
1285 220
1286 185
1287 167
1288 177
1289 169
1290 180
1291 209
1292 163
1293 51
1294 1
1295 0
1296 0
1297 0
1298 0
1299 0
1300 0
1301 0
1302 1
1303 0
1304 120
1305 170
1306 224
1307 211
1308 198
1309 223
1310 182
1311 168
1312 158
1313 206
1314 208
1315 225
1316 155
1317 32
1318 2
1319 0
1320 0
1321 1
1322 0
1323 0
1324 0
1325 0
1326 0
1327 0
1328 94
1329 92
1330 111
1331 107
1332 139
1333 148
1334 180
1335 159
1336 109
1337 103
1338 147
1339 231
1340 84
1341 33
1342 0
1343 4
1344 0
1345 2
1346 0
1347 0
1348 0
1349 0
1350 0
1351 0
1352 55
1353 36
1354 89
1355 134
1356 136
1357 143
1358 164
1359 145
1360 131
1361 113
1362 118
1363 53
1364 0
1365 1
1366 1
1367 1
1368 0
1369 0
1370 0
1371 0
1372 0
1373 0
1374 0
1375 2
1376 103
1377 95
1378 197
1379 214
1380 235
1381 207
1382 190
1383 183
1384 188
1385 175
1386 179
1387 174
1388 151
1389 65
1390 1
1391 0
1392 0
1393 1
1394 0
1395 0
1396 0
1397 0
1398 0
1399 0
1400 103
1401 123
1402 177
1403 225
1404 203
1405 203
1406 181
1407 226
1408 205
1409 214
1410 282
1411 221
1412 128
1413 60
1414 0
1415 0
1416 0
1417 1
1418 0
1419 1
1420 0
1421 0
1422 0
1423 1
1424 107
1425 121
1426 167
1427 221
1428 198
1429 223
1430 222
1431 196
1432 176
1433 195
1434 212
1435 205
1436 152
1437 49
1438 2
1439 1
1440 0
1441 2
1442 0
1443 0
1444 0
1445 0
1446 0
1447 2
1448 135
1449 144
1450 167
1451 195
1452 227
1453 225
1454 184
1455 175
1456 165
1457 180
1458 204
1459 268
1460 187
1461 44
1462 1
1463 0
1464 0
1465 0
1466 0
1467 0
1468 0
1469 0
1470 1
1471 0
1472 70
1473 70
1474 91
1475 122
1476 125
1477 144
1478 138
1479 148
1480 103
1481 125
1482 105
1483 195
1484 144
1485 37
1486 2
1487 0
1488 0
1489 1
1490 0
1491 0
1492 1
1493 0
1494 0
1495 0
1496 44
1497 44
1498 72
1499 102
1500 110
1501 106
1502 128
1503 147
1504 91
1505 121
1506 85
1507 62
1508 0
1509 0
1510 0
1511 0
1512 1
1513 1
1514 0
1515 0
1516 0
1517 0
1518 0
1519 2
1520 111
1521 109
1522 201
1523 217
1524 186
1525 263
1526 224
1527 203
1528 201
1529 161
1530 205
1531 210
1532 154
1533 50
1534 0
1535 0
1536 0
1537 0
1538 0
1539 0
1540 0
1541 0
1542 0
1543 0
1544 103
1545 130
1546 202
1547 233
1548 225
1549 233
1550 177
1551 176
1552 200
1553 213
1554 253
1555 313
1556 172
1557 59
1558 1
1559 0
1560 0
1561 1
1562 0
1563 0
1564 0
1565 0
1566 0
1567 0
1568 130
1569 119
1570 191
1571 203
1572 244
1573 231
1574 168
1575 182
1576 173
1577 171
1578 228
1579 247
1580 172
1581 59
1582 1
1583 1
1584 0
1585 0
1586 0
1587 0
1588 0
1589 0
1590 0
1591 3
1592 124
1593 120
1594 180
1595 222
1596 242
1597 238
1598 214
1599 199
1600 168
1601 166
1602 191
1603 242
1604 152
1605 52
1606 0
1607 0
1608 2
1609 0
1610 0
1611 1
1612 0
1613 1
1614 0
1615 1
1616 111
1617 122
1618 196
1619 205
1620 220
1621 244
1622 182
1623 194
1624 216
1625 214
1626 213
1627 229
1628 186
1629 43
1630 0
1631 0
1632 0
1633 1
1634 1
1635 0
1636 1
1637 0
1638 1
1639 1
1640 78
1641 60
1642 89
1643 116
1644 112
1645 114
1646 137
1647 150
1648 116
1649 129
1650 173
1651 201
1652 179
1653 37
1654 1
1655 1
1656 0
1657 2
1658 0
1659 0
1660 0
1661 0
1662 0
1663 2
1664 60
1665 51
1666 56
1667 75
1668 103
1669 101
1670 118
1671 114
1672 90
1673 99
1674 90
1675 50
1676 1
1677 0
1678 2
1679 0
1680 1
1681 2
1682 0
1683 0
1684 0
1685 0
1686 0
1687 1
1688 71
1689 37
1690 66
1691 89
1692 102
1693 109
1694 95
1695 77
1696 83
1697 95
1698 124
1699 142
1700 144
1701 33
1702 0
1703 0
1704 1
1705 1
1706 0
1707 0
1708 0
1709 0
1710 0
1711 0
1712 106
1713 126
1714 189
1715 207
1716 195
1717 196
1718 191
1719 186
1720 161
1721 144
1722 205
1723 223
1724 225
1725 53
1726 0
1727 0
1728 0
1729 0
1730 0
1731 0
1732 0
1733 1
1734 0
1735 1
1736 105
1737 100
1738 185
1739 183
1740 190
1741 214
1742 185
1743 184
1744 203
1745 194
1746 186
1747 212
1748 167
1749 41
1750 0
1751 2
1752 0
1753 0
1754 0
1755 0
1756 0
1757 0
1758 0
1759 2
1760 115
1761 115
1762 177
1763 200
1764 231
1765 198
1766 216
1767 198
1768 197
1769 150
1770 161
1771 210
1772 178
1773 49
1774 4
1775 0
1776 0
1777 1
1778 0
1779 0
1780 0
1781 0
1782 0
1783 3
1784 123
1785 124
1786 203
1787 186
1788 180
1789 199
1790 194
1791 187
1792 162
1793 162
1794 208
1795 234
1796 167
1797 40
1798 1
1799 0
1800 1
1801 2
1802 2
1803 0
1804 0
1805 0
1806 0
1807 1
1808 91
1809 72
1810 129
1811 80
1812 130
1813 139
1814 137
1815 178
1816 125
1817 100
1818 102
1819 166
1820 180
1821 33
1822 1
1823 0
1824 1
1825 2
1826 0
1827 0
1828 0
1829 0
1830 0
1831 0
1832 35
1833 27
1834 59
1835 76
1836 114
1837 110
1838 111
1839 104
1840 96
1841 103
1842 105
1843 43
1844 3
1845 0
1846 0
1847 0
1848 0
1849 0
1850 0
1851 0
1852 0
1853 0
1854 0
1855 1
1856 115
1857 108
1858 166
1859 201
1860 189
1861 178
1862 158
1863 177
1864 169
1865 146
1866 177
1867 186
1868 137
1869 47
1870 0
1871 0
1872 0
1873 0
1874 0
1875 0
1876 0
1877 0
1878 0
1879 1
1880 113
1881 114
1882 208
1883 179
1884 179
1885 188
1886 165
1887 140
1888 167
1889 170
1890 196
1891 213
1892 227
1893 62
1894 0
1895 0
1896 0
1897 1
1898 0
1899 0
1900 0
1901 0
1902 0
1903 3
1904 121
1905 126
1906 166
1907 195
1908 194
1909 214
1910 218
1911 189
1912 159
1913 174
1914 203
1915 248
1916 194
1917 43
1918 0
1919 0
1920 0
1921 0
1922 0
1923 0
1924 0
1925 0
1926 0
1927 0
1928 117
1929 135
1930 164
1931 193
1932 191
1933 217
1934 173
1935 178
1936 166
1937 159
1938 185
1939 204
1940 178
1941 44
1942 0
1943 0
1944 0
1945 1
1946 0
1947 0
1948 0
1949 0
1950 0
1951 1
1952 122
1953 118
1954 172
1955 196
1956 201
1957 187
1958 174
1959 195
1960 160
1961 194
1962 163
1963 237
1964 175
1965 28
1966 2
1967 0
1968 0
1969 0
1970 0
1971 4
1972 0
1973 0
1974 0
1975 1
1976 96
1977 57
1978 84
1979 104
1980 109
1981 130
1982 121
1983 106
1984 108
1985 105
1986 130
1987 175
1988 141
1989 32
1990 0
1991 1
1992 2
1993 2
1994 0
1995 0
1996 0
1997 0
1998 0
1999 0
2000 46
2001 24
2002 75
2003 96
2004 94
2005 129
2006 127
2007 113
2008 94
2009 93
2010 84
2011 41
2012 0
2013 0
2014 0
2015 1
2016 0
2017 2
2018 1
2019 0
2020 0
2021 0
2022 0
2023 0
2024 116
2025 138
2026 160
2027 181
2028 192
2029 172
2030 197
2031 170
2032 206
2033 216
2034 196
2035 196
2036 204
2037 59
2038 0
2039 1
2040 0
2041 1
2042 0
2043 0
2044 0
2045 0
2046 1
2047 1
2048 133
2049 105
2050 177
2051 196
2052 225
2053 227
2054 181
2055 162
2056 160
2057 178
2058 199
2059 247
2060 216
2061 55
2062 1
2063 0
2064 0
2065 1
2066 0
2067 0
2068 0
2069 0
2070 0
2071 1
2072 123
2073 138
2074 176
2075 233
2076 189
2077 210
2078 208
2079 190
2080 180
2081 193
2082 198
2083 245
2084 200
2085 51
2086 0
2087 1
2088 0
2089 1
2090 0
2091 0
2092 0
2093 0
2094 0
2095 1
2096 107
2097 108
2098 154
2099 210
2100 240
2101 260
2102 195
2103 183
2104 165
2105 121
2106 177
2107 208
2108 156
2109 47
2110 1
2111 0
2112 0
2113 0
2114 0
2115 0
2116 0
2117 0
2118 0
2119 3
2120 100
2121 138
2122 190
2123 206
2124 178
2125 179
2126 167
2127 174
2128 161
2129 146
2130 169
2131 178
2132 177
2133 43
2134 1
2135 0
2136 2
2137 0
2138 0
2139 0
2140 0
2141 0
2142 0
2143 1
2144 76
2145 59
2146 118
2147 127
2148 139
2149 132
2150 143
2151 119
2152 149
2153 131
2154 132
2155 186
2156 128
2157 21
2158 0
2159 0
2160 0
2161 3
2162 0
2163 0
2164 0
2165 0
2166 0
2167 2
2168 38
2169 47
2170 113
2171 117
2172 96
2173 133
2174 126
2175 110
2176 114
2177 102
2178 133
2179 41
2180 1
2181 1
2182 0
2183 0
2184 0
2185 2
2186 1
2187 0
2188 0
2189 0
2190 0
2191 2
2192 124
2193 150
2194 183
2195 208
2196 191
2197 162
2198 168
2199 165
2200 190
2201 197
2202 188
2203 188
2204 159
2205 43
2206 0
2207 1
2208 0
2209 0
2210 0
2211 1
2212 0
2213 0
2214 1
2215 1
2216 120
2217 135
2218 167
2219 158
2220 207
2221 174
2222 184
2223 170
2224 168
2225 185
2226 159
2227 209
2228 148
2229 62
2230 0
2231 1
2232 1
2233 1
2234 1
2235 0
2236 1
2237 1
2238 1
2239 1
2240 126
2241 126
2242 186
2243 203
2244 197
2245 206
2246 176
2247 175
2248 173
2249 196
2250 198
2251 235
2252 155
2253 48
2254 0
2255 0
2256 0
2257 1
2258 0
2259 1
2260 2
2261 0
2262 0
2263 0
2264 140
2265 122
2266 195
2267 185
2268 188
2269 188
2270 156
2271 195
2272 171
2273 188
2274 193
2275 263
2276 180
2277 43
2278 1
2279 1
2280 1
2281 0
2282 0
2283 0
2284 0
2285 0
2286 0
2287 0
2288 47
2289 25
2290 55
2291 77
2292 88
2293 104
2294 81
2295 87
2296 80
2297 88
2298 110
2299 146
2300 78
2301 46
2302 1
2303 0
2304 0
2305 1
2306 0
2307 0
2308 0
2309 0
2310 1
2311 0
2312 51
2313 29
2314 79
2315 79
2316 113
2317 91
2318 101
2319 90
2320 72
2321 115
2322 117
2323 193
2324 72
2325 25
2326 1
2327 0
2328 1
2329 1
2330 1
2331 0
2332 0
2333 0
2334 0
2335 0
2336 32
2337 21
2338 61
2339 81
2340 89
2341 85
2342 102
2343 71
2344 95
2345 89
2346 89
2347 58
2348 2
2349 0
2350 1
2351 0
2352 1
2353 0
2354 0
2355 0
2356 0
2357 0
2358 0
2359 1
2360 52
2361 23
2362 54
2363 78
2364 110
2365 132
2366 103
2367 89
2368 95
2369 75
2370 100
2371 111
2372 122
2373 34
2374 1
2375 1
2376 0
2377 1
2378 0
2379 2
2380 1
2381 1
2382 0
2383 0
2384 102
2385 128
2386 157
2387 172
2388 190
2389 203
2390 201
2391 191
2392 175
2393 176
2394 221
2395 241
2396 133
2397 58
2398 1
2399 0
2400 0
2401 0
2402 1
2403 0
2404 2
2405 1
2406 1
2407 0
2408 134
2409 147
2410 157
2411 197
2412 181
2413 195
2414 171
2415 192
2416 215
2417 217
2418 249
2419 260
2420 139
2421 62
2422 0
2423 0
2424 0
2425 2
2426 0
2427 1
2428 1
2429 0
2430 0
2431 1
2432 114
2433 123
2434 181
2435 192
2436 188
2437 219
2438 194
2439 205
2440 182
2441 180
2442 213
2443 283
2444 167
2445 53
2446 3
2447 0
2448 0
2449 0
2450 0
2451 1
2452 1
2453 0
2454 1
2455 0
2456 115
2457 121
2458 166
2459 179
2460 203
2461 206
2462 187
2463 180
2464 212
2465 193
2466 211
2467 225
2468 129
2469 45
2470 0
2471 2
2472 1
2473 1
2474 0
2475 0
2476 0
2477 0
2478 0
2479 0
2480 60
2481 73
2482 111
2483 116
2484 128
2485 115
2486 129
2487 146
2488 117
2489 113
2490 146
2491 193
2492 92
2493 36
2494 0
2495 0
2496 0
2497 1
2498 0
2499 0
2500 0
2501 0
2502 0
2503 0
2504 34
2505 24
2506 100
2507 91
2508 94
2509 122
2510 103
2511 94
2512 93
2513 92
2514 121
2515 57
2516 1
2517 0
2518 0
2519 1
2520 0
2521 0
2522 0
2523 1
2524 2
2525 0
2526 1
2527 1
2528 104
2529 130
2530 194
2531 207
2532 232
2533 175
2534 179
2535 168
2536 178
2537 179
2538 204
2539 224
2540 125
2541 46
2542 0
2543 1
2544 0
2545 0
2546 1
2547 0
2548 1
2549 1
2550 1
2551 0
2552 146
2553 116
2554 176
2555 216
2556 201
2557 187
2558 191
2559 227
2560 177
2561 167
2562 232
2563 257
2564 130
2565 56
2566 1
2567 0
2568 0
2569 2
2570 0
2571 0
2572 0
2573 0
2574 0
2575 0
2576 103
2577 117
2578 186
2579 196
2580 207
2581 198
2582 184
2583 179
2584 171
2585 163
2586 183
2587 231
2588 150
2589 46
2590 1
2591 0
2592 0
2593 1
2594 0
2595 0
2596 0
2597 0
2598 0
2599 0
2600 114
2601 118
2602 185
2603 204
2604 192
2605 171
2606 172
2607 191
2608 158
2609 157
2610 196
2611 254
2612 151
2613 52
2614 1
2615 0
2616 0
2617 1
2618 0
2619 0
2620 0
2621 0
2622 1
2623 0
2624 110
2625 111
2626 176
2627 194
2628 205
2629 216
2630 175
2631 185
2632 189
2633 173
2634 198
2635 259
2636 125
2637 39
2638 0
2639 0
2640 0
2641 1
2642 0
2643 0
2644 0
2645 0
2646 1
2647 2
2648 62
2649 57
2650 92
2651 116
2652 117
2653 130
2654 143
2655 130
2656 130
2657 186
2658 132
2659 190
2660 81
2661 26
2662 1
2663 0
2664 0
2665 1
2666 0
2667 1
2668 0
2669 0
2670 0
2671 0
2672 36
2673 28
2674 74
2675 94
2676 97
2677 116
2678 104
2679 106
2680 119
2681 132
2682 124
2683 44
2684 0
2685 1
2686 1
2687 0
2688 0
2689 0
2690 0
2691 0
2692 0
2693 0
2694 1
2695 1
2696 114
2697 123
2698 162
2699 225
2700 205
2701 200
2702 167
2703 162
2704 195
2705 176
2706 164
2707 176
2708 180
2709 54
2710 0
2711 0
2712 0
2713 1
2714 0
2715 1
2716 0
2717 0
2718 1
2719 0
2720 126
2721 105
2722 151
2723 231
2724 200
2725 202
2726 171
2727 166
2728 182
2729 165
2730 158
2731 165
2732 167
2733 63
2734 0
2735 1
2736 0
2737 1
2738 0
2739 0
2740 0
2741 0
2742 0
2743 1
2744 53
2745 41
2746 55
2747 76
2748 132
2749 108
2750 82
2751 90
2752 90
2753 71
2754 91
2755 139
2756 94
2757 28
2758 0
2759 0
2760 0
2761 0
2762 0
2763 0
2764 0
2765 0
2766 0
2767 0
2768 119
2769 113
2770 171
2771 162
2772 179
2773 193
2774 177
2775 187
2776 202
2777 187
2778 218
2779 254
2780 194
2781 90
2782 0
2783 0
2784 0
2785 0
2786 0
2787 0
2788 0
2789 0
2790 0
2791 2
2792 122
2793 151
2794 187
2795 196
2796 224
2797 204
2798 161
2799 182
2800 207
2801 192
2802 190
2803 283
2804 171
2805 36
2806 0
2807 0
2808 0
2809 1
2810 0
2811 0
2812 0
2813 0
2814 0
2815 0
2816 73
2817 76
2818 94
2819 93
2820 106
2821 99
2822 115
2823 102
2824 107
2825 97
2826 96
2827 161
2828 170
2829 30
2830 0
2831 0
2832 1
2833 0
2834 0
2835 0
2836 0
2837 0
2838 0
2839 0
2840 52
2841 42
2842 99
2843 108
2844 112
2845 123
2846 107
2847 84
2848 86
2849 104
2850 79
2851 41
2852 0
2853 0
2854 0
2855 0
2856 0
2857 0
2858 0
2859 0
2860 0
2861 0
2862 0
2863 0
2864 125
2865 132
2866 137
2867 167
2868 210
2869 185
2870 175
2871 160
2872 170
2873 166
2874 198
2875 196
2876 117
2877 56
2878 0
2879 0
2880 0
2881 0
2882 1
2883 1
2884 1
2885 3
2886 1
2887 1
2888 125
2889 129
2890 189
2891 210
2892 195
2893 186
2894 186
2895 199
2896 174
2897 163
2898 187
2899 208
2900 204
2901 76
2902 1
2903 0
2904 0
2905 0
2906 0
2907 1
2908 2
2909 0
2910 1
2911 2
2912 103
2913 106
2914 162
2915 181
2916 182
2917 171
2918 186
2919 158
2920 182
2921 191
2922 221
2923 218
2924 171
2925 89
2926 2
2927 2
2928 1
2929 0
2930 0
2931 1
2932 2
2933 0
2934 1
2935 3
2936 116
2937 111
2938 145
2939 178
2940 186
2941 183
2942 180
2943 169
2944 171
2945 171
2946 150
2947 201
2948 176
2949 61
2950 1
2951 0
2952 0
2953 0
2954 0
2955 1
2956 2
2957 1
2958 0
2959 2
2960 119
2961 127
2962 181
2963 206
2964 202
2965 218
2966 187
2967 214
2968 165
2969 170
2970 194
2971 230
2972 142
2973 29
2974 4
2975 1
2976 0
2977 2
2978 0
2979 1
2980 0
2981 0
2982 1
2983 2
2984 78
2985 50
2986 66
2987 100
2988 96
2989 119
2990 132
2991 124
2992 100
2993 105
2994 126
2995 170
2996 157
2997 35
2998 0
2999 3
3000 0
3001 1
3002 0
3003 0
3004 0
3005 0
3006 0
3007 0
3008 35
3009 45
3010 69
3011 79
3012 88
3013 105
3014 105
3015 96
3016 96
3017 78
3018 101
3019 34
3020 1
3021 0
3022 0
3023 0
3024 1
3025 0
3026 0
3027 1
3028 2
3029 1
3030 0
3031 0
3032 113
3033 120
3034 183
3035 174
3036 154
3037 187
3038 211
3039 184
3040 173
3041 192
3042 185
3043 180
3044 141
3045 43
3046 0
3047 0
3048 1
3049 0
3050 0
3051 1
3052 2
3053 1
3054 0
3055 2
3056 134
3057 139
3058 184
3059 189
3060 189
3061 212
3062 192
3063 171
3064 209
3065 176
3066 216
3067 216
3068 208
3069 57
3070 0
3071 0
3072 1
3073 0
3074 0
3075 1
3076 1
3077 1
3078 0
3079 3
3080 103
3081 143
3082 174
3083 175
3084 168
3085 169
3086 182
3087 185
3088 182
3089 194
3090 211
3091 236
3092 185
3093 76
3094 0
3095 1
3096 0
3097 0
3098 0
3099 1
3100 1
3101 1
3102 0
3103 1
3104 112
3105 122
3106 182
3107 232
3108 218
3109 194
3110 176
3111 225
3112 186
3113 167
3114 205
3115 233
3116 180
3117 63
3118 1
3119 1
3120 0
3121 3
3122 0
3123 1
3124 3
3125 2
3126 0
3127 0
3128 105
3129 137
3130 184
3131 200
3132 214
3133 188
3134 182
3135 194
3136 198
3137 193
3138 202
3139 192
3140 158
3141 55
3142 2
3143 0
3144 0
3145 1
3146 0
3147 0
3148 0
3149 1
3150 0
3151 2
3152 68
3153 61
3154 122
3155 128
3156 145
3157 136
3158 137
3159 124
3160 136
3161 140
3162 115
3163 192
3164 139
3165 32
3166 0
3167 2
3168 0
3169 1
3170 0
3171 0
3172 0
3173 0
3174 0
3175 1
3176 33
3177 23
3178 63
3179 92
3180 103
3181 116
3182 117
3183 88
3184 92
3185 90
3186 87
3187 39
3188 1
3189 0
3190 0
3191 0
3192 1
3193 1
3194 0
3195 3
3196 2
3197 0
3198 2
3199 2
3200 102
3201 112
3202 190
3203 181
3204 172
3205 183
3206 216
3207 206
3208 170
3209 160
3210 195
3211 178
3212 108
3213 44
3214 2
3215 1
3216 0
3217 0
3218 1
3219 0
3220 1
3221 1
3222 0
3223 0
3224 117
3225 125
3226 159
3227 214
3228 193
3229 188
3230 199
3231 166
3232 147
3233 171
3234 184
3235 183
3236 139
3237 42
3238 0
3239 0
3240 0
3241 1
3242 0
3243 1
3244 1
3245 0
3246 1
3247 1
3248 111
3249 143
3250 193
3251 215
3252 199
3253 213
3254 201
3255 170
3256 190
3257 156
3258 188
3259 204
3260 157
3261 52
3262 1
3263 1
3264 0
3265 0
3266 0
3267 2
3268 1
3269 2
3270 1
3271 2
3272 119
3273 131
3274 173
3275 201
3276 187
3277 192
3278 192
3279 170
3280 186
3281 148
3282 199
3283 215
3284 174
3285 49
3286 0
3287 0
3288 1
3289 1
3290 0
3291 1
3292 1
3293 1
3294 1
3295 1
3296 111
3297 115
3298 203
3299 192
3300 201
3301 185
3302 178
3303 197
3304 188
3305 165
3306 150
3307 212
3308 127
3309 45
3310 1
3311 0
3312 0
3313 1
3314 0
3315 1
3316 0
3317 0
3318 0
3319 0
3320 73
3321 74
3322 87
3323 90
3324 122
3325 122
3326 146
3327 132
3328 98
3329 107
3330 119
3331 164
3332 158
3333 24
3334 2
3335 1
3336 0
3337 3
3338 0
3339 0
3340 0
3341 0
3342 0
3343 0
3344 45
3345 23
3346 68
3347 78
3348 110
3349 88
3350 123
3351 123
3352 112
3353 103
3354 94
3355 60
3356 1
3357 1
3358 0
3359 1
3360 0
3361 0
3362 0
3363 1
3364 2
3365 0
3366 0
3367 0
3368 122
3369 138
3370 150
3371 179
3372 182
3373 168
3374 164
3375 202
3376 173
3377 195
3378 171
3379 208
3380 157
3381 67
3382 0
3383 1
3384 0
3385 0
3386 1
3387 0
3388 1
3389 1
3390 0
3391 0
3392 116
3393 120
3394 177
3395 204
3396 229
3397 220
3398 173
3399 217
3400 164
3401 161
3402 186
3403 201
3404 172
3405 56
3406 1
3407 2
3408 0
3409 0
3410 0
3411 2
3412 1
3413 1
3414 0
3415 2
3416 129
3417 132
3418 169
3419 215
3420 209
3421 204
3422 192
3423 227
3424 216
3425 155
3426 164
3427 215
3428 172
3429 50
3430 1
3431 0
3432 0
3433 0
3434 0
3435 1
3436 2
3437 0
3438 0
3439 0
3440 126
3441 132
3442 167
3443 214
3444 222
3445 203
3446 208
3447 180
3448 194
3449 150
3450 169
3451 241
3452 166
3453 46
3454 1
3455 1
3456 0
3457 0
3458 0
3459 1
3460 1
3461 1
3462 0
3463 3
3464 131
3465 112
3466 199
3467 212
3468 215
3469 209
3470 158
3471 200
3472 168
3473 184
3474 158
3475 214
3476 129
3477 35
3478 2
3479 2
3480 1
3481 1
3482 0
3483 1
3484 0
3485 1
3486 0
3487 1
3488 60
3489 77
3490 100
3491 113
3492 112
3493 143
3494 145
3495 156
3496 129
3497 120
3498 137
3499 165
3500 146
3501 18
3502 0
3503 0
3504 0
3505 3
3506 0
3507 0
3508 0
3509 0
3510 0
3511 0
3512 50
3513 40
3514 77
3515 116
3516 119
3517 121
3518 129
3519 123
3520 101
3521 125
3522 96
3523 51
3524 0
3525 0
3526 0
3527 1
3528 0
3529 0
3530 0
3531 1
3532 2
3533 1
3534 0
3535 0
3536 116
3537 138
3538 184
3539 229
3540 199
3541 223
3542 226
3543 210
3544 186
3545 168
3546 212
3547 201
3548 156
3549 68
3550 0
3551 2
3552 0
3553 0
3554 1
3555 0
3556 1
3557 2
3558 0
3559 0
3560 131
3561 137
3562 195
3563 248
3564 229
3565 225
3566 171
3567 206
3568 205
3569 180
3570 198
3571 191
3572 123
3573 44
3574 0
3575 0
3576 1
3577 0
3578 2
3579 1
3580 1
3581 1
3582 1
3583 0
3584 126
3585 136
3586 210
3587 193
3588 248
3589 247
3590 224
3591 168
3592 165
3593 168
3594 183
3595 280
3596 153
3597 39
3598 0
3599 2
3600 0
3601 1
3602 0
3603 1
3604 0
3605 1
3606 3
3607 0
3608 127
3609 131
3610 164
3611 210
3612 246
3613 254
3614 264
3615 205
3616 171
3617 168
3618 196
3619 268
3620 164
3621 63
3622 2
3623 3
3624 0
3625 1
3626 0
3627 1
3628 1
3629 2
3630 1
3631 0
3632 139
3633 141
3634 164
3635 245
3636 251
3637 224
3638 177
3639 179
3640 197
3641 180
3642 207
3643 214
3644 125
3645 34
3646 0
3647 0
3648 0
3649 0
3650 0
3651 0
3652 0
3653 1
3654 0
3655 0
3656 71
3657 60
3658 116
3659 117
3660 108
3661 118
3662 116
3663 95
3664 114
3665 120
3666 115
3667 177
3668 149
3669 22
3670 0
3671 1
3672 0
3673 1
3674 0
3675 0
3676 1
3677 0
3678 0
3679 0
3680 28
3681 43
3682 74
3683 79
3684 131
3685 125
3686 123
3687 121
3688 115
3689 108
3690 129
3691 41
3692 0
3693 0
3694 1
3695 1
3696 0
3697 0
3698 0
3699 2
3700 1
3701 2
3702 1
3703 2
3704 131
3705 146
3706 205
3707 205
3708 187
3709 206
3710 176
3711 170
3712 177
3713 173
3714 172
3715 139
3716 126
3717 43
3718 2
3719 0
3720 0
3721 0
3722 1
3723 0
3724 1
3725 1
3726 0
3727 3
3728 118
3729 157
3730 201
3731 237
3732 243
3733 218
3734 189
3735 218
3736 182
3737 216
3738 218
3739 234
3740 194
3741 48
3742 3
3743 0
3744 0
3745 0
3746 0
3747 1
3748 1
3749 3
3750 2
3751 0
3752 115
3753 133
3754 181
3755 198
3756 213
3757 235
3758 198
3759 206
3760 197
3761 165
3762 199
3763 249
3764 211
3765 54
3766 0
3767 2
3768 0
3769 0
3770 0
3771 1
3772 0
3773 2
3774 0
3775 0
3776 120
3777 132
3778 164
3779 228
3780 203
3781 238
3782 213
3783 216
3784 169
3785 145
3786 209
3787 235
3788 171
3789 29
3790 0
3791 1
3792 0
3793 0
3794 0
3795 2
3796 0
3797 2
3798 0
3799 1
3800 115
3801 130
3802 187
3803 186
3804 229
3805 208
3806 177
3807 189
3808 203
3809 180
3810 185
3811 212
3812 131
3813 32
3814 1
3815 2
3816 0
3817 2
3818 0
3819 0
3820 1
3821 0
3822 0
3823 1
3824 60
3825 50
3826 83
3827 110
3828 112
3829 116
3830 131
3831 117
3832 111
3833 79
3834 104
3835 189
3836 156
3837 28
3838 1
3839 0
3840 0
3841 1
3842 0
3843 0
3844 0
3845 0
3846 0
3847 1
3848 30
3849 24
3850 69
3851 87
3852 117
3853 128
3854 136
3855 101
3856 90
3857 104
3858 103
3859 74
3860 2
3861 0
3862 0
3863 0
3864 0
3865 0
3866 2
3867 0
3868 0
3869 0
3870 0
3871 0
3872 54
3873 30
3874 51
3875 75
3876 131
3877 127
3878 100
3879 105
3880 87
3881 71
3882 82
3883 118
3884 76
3885 43
3886 0
3887 1
3888 0
3889 0
3890 0
3891 1
3892 1
3893 2
3894 0
3895 0
3896 107
3897 154
3898 193
3899 212
3900 202
3901 220
3902 194
3903 168
3904 189
3905 150
3906 172
3907 212
3908 177
3909 53
3910 1
3911 0
3912 0
3913 0
3914 1
3915 0
3916 1
3917 2
3918 0
3919 0
3920 100
3921 105
3922 198
3923 214
3924 219
3925 206
3926 212
3927 200
3928 219
3929 179
3930 225
3931 228
3932 174
3933 73
3934 2
3935 1
3936 1
3937 1
3938 1
3939 1
3940 1
3941 0
3942 1
3943 1
3944 127
3945 135
3946 187
3947 213
3948 203
3949 232
3950 261
3951 184
3952 151
3953 151
3954 206
3955 274
3956 195
3957 91
3958 0
3959 1
3960 1
3961 1
3962 0
3963 1
3964 2
3965 0
3966 2
3967 0
3968 118
3969 120
3970 192
3971 213
3972 209
3973 199
3974 193
3975 173
3976 209
3977 163
3978 231
3979 245
3980 162
3981 33
3982 1
3983 0
3984 0
3985 1
3986 1
3987 0
3988 0
3989 0
3990 0
3991 0
3992 70
3993 61
3994 91
3995 152
3996 143
3997 151
3998 158
3999 129
4000 130
4001 117
4002 145
4003 212
4004 122
4005 28
4006 0
4007 2
4008 1
4009 1
4010 0
4011 0
4012 0
4013 0
4014 0
4015 1
4016 38
4017 31
4018 85
4019 94
4020 136
4021 143
4022 112
4023 122
4024 89
4025 115
4026 113
4027 44
4028 0
4029 2
4030 0
4031 0
4032 0
4033 1
4034 0
4035 2
4036 1
4037 2
4038 0
4039 0
4040 110
4041 144
4042 214
4043 230
4044 214
4045 253
4046 225
4047 198
4048 206
4049 197
4050 196
4051 161
4052 151
4053 33
4054 0
4055 1
4056 0
4057 1
4058 0
4059 1
4060 1
4061 1
4062 2
4063 1
4064 131
4065 127
4066 179
4067 252
4068 250
4069 237
4070 225
4071 268
4072 206
4073 227
4074 192
4075 193
4076 151
4077 51
4078 2
4079 0
4080 0
4081 0
4082 2
4083 1
4084 1
4085 3
4086 0
4087 0
4088 111
4089 133
4090 197
4091 229
4092 270
4093 215
4094 222
4095 216
4096 219
4097 155
4098 178
4099 216
4100 222
4101 57
4102 0
4103 1
4104 0
4105 0
4106 1
4107 0
4108 2
4109 1
4110 2
4111 0
4112 110
4113 130
4114 179
4115 229
4116 198
4117 226
4118 216
4119 188
4120 176
4121 148
4122 161
4123 168
4124 181
4125 49
4126 0
4127 0
4128 0
4129 0
4130 0
4131 1
4132 3
4133 1
4134 1
4135 0
4136 137
4137 148
4138 198
4139 198
4140 217
4141 231
4142 199
4143 195
4144 191
4145 165
4146 219
4147 254
4148 139
4149 31
4150 1
4151 0
4152 0
4153 1
4154 0
4155 0
4156 0
4157 0
4158 2
4159 0
4160 73
4161 66
4162 91
4163 113
4164 124
4165 164
4166 142
4167 115
4168 112
4169 127
4170 153
4171 189
4172 185
4173 25
4174 3
4175 0
4176 1
4177 3
4178 0
4179 0
4180 0
4181 0
4182 0
4183 0
4184 40
4185 34
4186 61
4187 101
4188 140
4189 134
4190 121
4191 126
4192 110
4193 104
4194 118
4195 50
4196 1
4197 0
4198 0
4199 0
4200 0
4201 1
4202 0
4203 1
4204 2
4205 0
4206 1
4207 2
4208 116
4209 144
4210 198
4211 218
4212 209
4213 201
4214 187
4215 181
4216 212
4217 151
4218 189
4219 180
4220 123
4221 44
4222 0
4223 0
4224 0
4225 1
4226 0
4227 1
4228 1
4229 1
4230 1
4231 0
4232 112
4233 136
4234 166
4235 223
4236 256
4237 219
4238 208
4239 197
4240 186
4241 160
4242 201
4243 194
4244 165
4245 59
4246 0
4247 1
4248 0
4249 1
4250 0
4251 1
4252 2
4253 0
4254 2
4255 0
4256 111
4257 160
4258 163
4259 228
4260 199
4261 232
4262 187
4263 210
4264 170
4265 166
4266 223
4267 233
4268 203
4269 72
4270 0
4271 0
4272 0
4273 0
4274 1
4275 0
4276 1
4277 1
4278 1
4279 0
4280 127
4281 139
4282 212
4283 175
4284 229
4285 217
4286 231
4287 215
4288 206
4289 164
4290 202
4291 197
4292 194
4293 60
4294 1
4295 0
4296 0
4297 0
4298 2
4299 1
4300 2
4301 0
4302 1
4303 2
4304 115
4305 208
4306 235
4307 237
4308 210
4309 227
4310 212
4311 249
4312 220
4313 200
4314 204
4315 220
4316 178
4317 44
4318 1
4319 1
4320 2
4321 0
4322 0
4323 0
4324 0
4325 0
4326 0
4327 0
4328 51
4329 63
4330 78
4331 129
4332 147
4333 135
4334 156
4335 135
4336 106
4337 112
4338 120
4339 195
4340 136
4341 34
4342 1
4343 0
4344 0
4345 2
4346 0
4347 0
4348 0
4349 0
4350 0
4351 0
4352 37
4353 30
4354 76
4355 104
4356 127
4357 122
4358 141
4359 116
4360 108
4361 103
4362 93
4363 39
4364 1
4365 1
4366 0
4367 0
4368 0
4369 0
4370 0
4371 0
4372 1
4373 2
4374 0
4375 2
4376 118
4377 145
4378 198
4379 225
4380 221
4381 207
4382 172
4383 192
4384 171
4385 187
4386 171
4387 166
4388 140
4389 37
4390 0
4391 1
4392 0
4393 0
4394 0
4395 1
4396 1
4397 1
4398 1
4399 1
4400 104
4401 141
4402 201
4403 197
4404 242
4405 223
4406 212
4407 219
4408 185
4409 152
4410 165
4411 239
4412 181
4413 45
4414 0
4415 1
4416 0
4417 0
4418 0
4419 1
4420 2
4421 0
4422 1
4423 1
4424 101
4425 136
4426 200
4427 241
4428 188
4429 243
4430 212
4431 168
4432 192
4433 153
4434 166
4435 247
4436 173
4437 59
4438 0
4439 0
4440 0
4441 1
4442 1
4443 0
4444 1
4445 1
4446 1
4447 0
4448 114
4449 127
4450 175
4451 199
4452 205
4453 263
4454 200
4455 250
4456 195
4457 170
4458 176
4459 222
4460 194
4461 58
4462 2
4463 1
4464 0
4465 1
4466 1
4467 1
4468 1
4469 0
4470 0
4471 0
4472 130
4473 168
4474 191
4475 223
4476 215
4477 233
4478 193
4479 216
4480 215
4481 179
4482 178
4483 227
4484 177
4485 40
4486 0
4487 0
4488 0
4489 0
4490 0
4491 0
4492 0
4493 0
4494 0
4495 0
4496 64
4497 58
4498 87
4499 103
4500 140
4501 129
4502 133
4503 146
4504 103
4505 114
4506 161
4507 233
4508 143
4509 37
4510 0
4511 0
4512 0
4513 2
4514 0
4515 0
4516 0
4517 0
4518 0
4519 0
4520 45
4521 37
4522 75
4523 110
4524 111
4525 133
4526 126
4527 122
4528 99
4529 97
4530 114
4531 51
4532 1
4533 0
4534 0
4535 0
4536 0
4537 0
4538 0
4539 1
4540 1
4541 0
4542 1
4543 2
4544 104
4545 140
4546 174
4547 197
4548 213
4549 217
4550 200
4551 192
4552 184
4553 179
4554 176
4555 195
4556 167
4557 48
4558 0
4559 0
4560 0
4561 1
4562 1
4563 0
4564 1
4565 2
4566 0
4567 0
4568 122
4569 123
4570 185
4571 197
4572 250
4573 219
4574 178
4575 187
4576 185
4577 163
4578 215
4579 240
4580 165
4581 43
4582 2
4583 0
4584 0
4585 0
4586 0
4587 1
4588 1
4589 1
4590 2
4591 1
4592 119
4593 133
4594 180
4595 190
4596 234
4597 239
4598 156
4599 207
4600 155
4601 184
4602 207
4603 217
4604 145
4605 45
4606 2
4607 1
4608 0
4609 2
4610 3
4611 0
4612 3
4613 0
4614 2
4615 0
4616 112
4617 143
4618 199
4619 205
4620 174
4621 198
4622 214
4623 229
4624 171
4625 125
4626 161
4627 237
4628 199
4629 56
4630 0
4631 2
4632 1
4633 0
4634 0
4635 1
4636 0
4637 1
4638 2
4639 0
4640 134
4641 162
4642 194
4643 185
4644 121
4645 156
4646 158
4647 142
4648 134
4649 151
4650 166
4651 174
4652 190
4653 33
4654 1
4655 2
4656 1
4657 2
4658 0
4659 0
4660 1
4661 0
4662 0
4663 0
4664 68
4665 57
4666 82
4667 143
4668 128
4669 192
4670 129
4671 137
4672 151
4673 122
4674 144
4675 174
4676 155
4677 30
4678 2
4679 1
4680 0
4681 0
4682 0
4683 0
4684 1
4685 0
4686 1
4687 0
4688 52
4689 48
4690 77
4691 87
4692 109
4693 137
4694 130
4695 109
4696 91
4697 87
4698 82
4699 44
4700 0
4701 0
4702 0
4703 0
4704 0
4705 0
4706 0
4707 1
4708 2
4709 1
4710 0
4711 0
4712 127
4713 153
4714 220
4715 206
4716 223
4717 239
4718 214
4719 211
4720 196
4721 181
4722 191
4723 195
4724 132
4725 54
4726 0
4727 0
4728 0
4729 0
4730 1
4731 0
4732 0
4733 1
4734 1
4735 0
4736 134
4737 131
4738 190
4739 209
4740 236
4741 214
4742 215
4743 179
4744 177
4745 186
4746 214
4747 206
4748 222
4749 71
4750 0
4751 0
4752 0
4753 0
4754 0
4755 1
4756 1
4757 1
4758 2
4759 2
4760 111
4761 130
4762 199
4763 192
4764 247
4765 237
4766 198
4767 184
4768 203
4769 148
4770 224
4771 241
4772 186
4773 49
4774 0
4775 0
4776 0
4777 1
4778 1
4779 0
4780 2
4781 1
4782 2
4783 0
4784 124
4785 132
4786 213
4787 205
4788 230
4789 209
4790 181
4791 188
4792 166
4793 176
4794 170
4795 233
4796 180
4797 43
4798 0
4799 0
4800 0
4801 2
4802 0
4803 1
4804 2
4805 0
4806 0
4807 0
4808 117
4809 137
4810 191
4811 188
4812 212
4813 237
4814 217
4815 209
4816 196
4817 159
4818 210
4819 204
4820 149
4821 43
4822 0
4823 1
4824 0
4825 3
4826 1
4827 0
4828 0
4829 0
4830 1
4831 0
4832 81
4833 87
4834 98
4835 114
4836 127
4837 119
4838 135
4839 117
4840 112
4841 101
4842 119
4843 227
4844 121
4845 19
4846 0
4847 0
4848 1
4849 1
4850 0
4851 1
4852 0
4853 0
4854 0
4855 0
4856 49
4857 28
4858 73
4859 90
4860 116
4861 113
4862 125
4863 142
4864 109
4865 103
4866 88
4867 59
4868 0
4869 0
4870 0
4871 0
4872 1
4873 0
4874 0
4875 3
4876 2
4877 2
4878 5
4879 0
4880 122
4881 146
4882 207
4883 210
4884 212
4885 204
4886 209
4887 176
4888 180
4889 164
4890 202
4891 194
4892 149
4893 78
4894 0
4895 0
4896 0
4897 0
4898 0
4899 2
4900 0
4901 1
4902 1
4903 1
4904 113
4905 144
4906 189
4907 206
4908 172
4909 238
4910 211
4911 178
4912 162
4913 175
4914 221
4915 186
4916 146
4917 47
4918 0
4919 0
4920 0
4921 0
4922 0
4923 2
4924 1
4925 2
4926 0
4927 1
4928 120
4929 131
4930 201
4931 188
4932 201
4933 199
4934 173
4935 194
4936 178
4937 134
4938 195
4939 237
4940 187
4941 31
4942 0
4943 0
4944 0
4945 0
4946 0
4947 1
4948 1
4949 0
4950 3
4951 0
4952 110
4953 115
4954 199
4955 190
4956 197
4957 216
4958 204
4959 169
4960 169
4961 166
4962 164
4963 218
4964 158
4965 55
4966 0
4967 2
4968 0
4969 1
4970 0
4971 3
4972 0
4973 0
4974 1
4975 0
4976 138
4977 117
4978 172
4979 200
4980 229
4981 202
4982 189
4983 186
4984 184
4985 175
4986 224
4987 225
4988 155
4989 40
4990 0
4991 0
4992 0
4993 0
4994 0
4995 0
4996 0
4997 0
4998 2
4999 0
5000 60
5001 50
5002 64
5003 101
5004 133
5005 142
5006 134
5007 144
5008 130
5009 124
5010 146
5011 186
5012 156
5013 22
5014 2
5015 0
5016 2
5017 1
5018 0
5019 1
5020 0
5021 0
5022 0
5023 0
5024 36
5025 25
5026 82
5027 106
5028 120
5029 132
5030 140
5031 137
5032 99
5033 98
5034 110
5035 43
5036 0
5037 0
5038 0
5039 0
5040 0
5041 0
5042 0
5043 1
5044 2
5045 1
5046 1
5047 0
5048 102
5049 143
5050 204
5051 227
5052 216
5053 212
5054 231
5055 215
5056 223
5057 198
5058 192
5059 186
5060 142
5061 50
5062 1
5063 0
5064 0
5065 0
5066 1
5067 0
5068 1
5069 1
5070 1
5071 0
5072 136
5073 121
5074 155
5075 233
5076 225
5077 205
5078 190
5079 210
5080 193
5081 160
5082 209
5083 215
5084 198
5085 62
5086 0
5087 1
5088 0
5089 1
5090 1
5091 1
5092 1
5093 1
5094 0
5095 0
5096 112
5097 141
5098 191
5099 244
5100 225
5101 213
5102 171
5103 190
5104 184
5105 161
5106 161
5107 235
5108 165
5109 33
5110 0
5111 0
5112 1
5113 1
5114 0
5115 1
5116 2
5117 1
5118 2
5119 0
5120 139
5121 141
5122 197
5123 200
5124 208
5125 177
5126 206
5127 223
5128 197
5129 169
5130 172
5131 197
5132 160
5133 49
5134 0
5135 1
5136 0
5137 0
5138 1
5139 0
5140 1
5141 0
5142 1
5143 2
5144 130
5145 150
5146 195
5147 203
5148 233
5149 241
5150 204
5151 215
5152 176
5153 162
5154 147
5155 217
5156 169
5157 30
5158 2
5159 0
5160 0
5161 1
5162 1
5163 0
5164 1
5165 1
5166 0
5167 0
5168 74
5169 39
5170 97
5171 137
5172 187
5173 156
5174 149
5175 126
5176 132
5177 117
5178 179
5179 207
5180 120
5181 26
5182 1
5183 0
5184 1
5185 1
5186 0
5187 0
5188 0
5189 0
5190 0
5191 0
5192 37
5193 50
5194 79
5195 110
5196 117
5197 132
5198 119
5199 128
5200 125
5201 109
5202 102
5203 51
5204 0
5205 2
5206 0
5207 0
5208 0
5209 0
5210 0
5211 1
5212 1
5213 2
5214 1
5215 0
5216 106
5217 113
5218 178
5219 196
5220 216
5221 222
5222 182
5223 200
5224 193
5225 195
5226 188
5227 188
5228 125
5229 41
5230 1
5231 1
5232 0
5233 2
5234 1
5235 4
5236 1
5237 1
5238 3
5239 1
5240 103
5241 148
5242 157
5243 195
5244 214
5245 202
5246 221
5247 195
5248 158
5249 134
5250 182
5251 159
5252 132
5253 42
5254 0
5255 0
5256 0
5257 0
5258 1
5259 1
5260 1
5261 0
5262 2
5263 3
5264 118
5265 128
5266 162
5267 197
5268 182
5269 224
5270 206
5271 188
5272 183
5273 169
5274 190
5275 230
5276 161
5277 56
5278 1
5279 1
5280 0
5281 0
5282 0
5283 2
5284 2
5285 0
5286 3
5287 1
5288 121
5289 160
5290 214
5291 215
5292 196
5293 201
5294 202
5295 210
5296 195
5297 173
5298 184
5299 193
5300 171
5301 64
5302 1
5303 0
5304 0
5305 1
5306 1
5307 0
5308 1
5309 0
5310 0
5311 1
5312 137
5313 135
5314 212
5315 179
5316 198
5317 215
5318 201
5319 208
5320 185
5321 180
5322 188
5323 198
5324 159
5325 48
5326 1
5327 0
5328 0
5329 1
5330 0
5331 0
5332 1
5333 0
5334 1
5335 1
5336 88
5337 68
5338 102
5339 110
5340 118
5341 161
5342 139
5343 141
5344 137
5345 103
5346 142
5347 158
5348 128
5349 49
5350 3
5351 1
5352 1
5353 2
5354 0
5355 0
5356 0
5357 0
5358 0
5359 0
5360 58
5361 49
5362 116
5363 123
5364 113
5365 138
5366 125
5367 115
5368 133
5369 117
5370 119
5371 44
5372 0
5373 1
5374 2
5375 1
5376 0
5377 0
5378 0
5379 2
5380 1
5381 1
5382 2
5383 1
5384 106
5385 139
5386 204
5387 223
5388 208
5389 213
5390 181
5391 183
5392 216
5393 158
5394 213
5395 172
5396 166
5397 58
5398 1
5399 2
5400 0
5401 1
5402 0
5403 2
5404 0
5405 3
5406 1
5407 0
5408 115
5409 129
5410 205
5411 254
5412 278
5413 285
5414 263
5415 244
5416 223
5417 192
5418 188
5419 158
5420 157
5421 29
5422 1
5423 2
5424 0
5425 0
5426 2
5427 1
5428 1
5429 0
5430 3
5431 1
5432 109
5433 145
5434 204
5435 174
5436 243
5437 236
5438 197
5439 232
5440 193
5441 186
5442 176
5443 169
5444 159
5445 57
5446 0
5447 2
5448 1
5449 1
5450 3
5451 1
5452 1
5453 0
5454 4
5455 1
5456 114
5457 146
5458 192
5459 227
5460 221
5461 215
5462 236
5463 215
5464 177
5465 179
5466 213
5467 229
5468 176
5469 58
5470 0
5471 0
5472 0
5473 1
5474 0
5475 2
5476 1
5477 1
5478 2
5479 0
5480 113
5481 142
5482 183
5483 193
5484 177
5485 196
5486 184
5487 194
5488 194
5489 178
5490 199
5491 220
5492 145
5493 41
5494 0
5495 0
5496 0
5497 0
5498 1
5499 0
5500 0
5501 0
5502 0
5503 0
5504 65
5505 61
5506 80
5507 109
5508 119
5509 147
5510 130
5511 128
5512 136
5513 123
5514 151
5515 193
5516 136
5517 28
5518 0
5519 1
5520 0
5521 3
5522 0
5523 0
5524 0
5525 0
5526 0
5527 0
5528 36
5529 35
5530 70
5531 104
5532 130
5533 115
5534 143
5535 118
5536 103
5537 113
5538 103
5539 49
5540 0
5541 1
5542 0
5543 1
5544 0
5545 0
5546 0
5547 4
5548 1
5549 0
5550 3
5551 4
5552 116
5553 122
5554 182
5555 212
5556 206
5557 183
5558 206
5559 187
5560 158
5561 146
5562 197
5563 202
5564 102
5565 47
5566 0
5567 0
5568 0
5569 0
5570 1
5571 0
5572 1
5573 2
5574 0
5575 2
5576 121
5577 130
5578 187
5579 249
5580 241
5581 224
5582 163
5583 205
5584 198
5585 145
5586 214
5587 184
5588 120
5589 71
5590 2
5591 0
5592 2
5593 0
5594 1
5595 0
5596 1
5597 0
5598 1
5599 1
5600 119
5601 116
5602 167
5603 230
5604 208
5605 217
5606 206
5607 178
5608 147
5609 159
5610 177
5611 169
5612 183
5613 75
5614 0
5615 1
5616 0
5617 1
5618 1
5619 1
5620 1
5621 0
5622 3
5623 0
5624 125
5625 130
5626 206
5627 218
5628 253
5629 203
5630 177
5631 209
5632 152
5633 179
5634 175
5635 196
5636 150
5637 60
5638 0
5639 0
5640 0
5641 0
5642 1
5643 0
5644 3
5645 1
5646 1
5647 1
5648 119
5649 130
5650 208
5651 190
5652 203
5653 255
5654 231
5655 194
5656 167
5657 168
5658 194
5659 268
5660 198
5661 47
5662 2
5663 0
5664 0
5665 1
5666 0
5667 0
5668 1
5669 0
5670 0
5671 1
5672 74
5673 62
5674 93
5675 128
5676 113
5677 139
5678 139
5679 126
5680 130
5681 127
5682 144
5683 217
5684 148
5685 28
5686 2
5687 1
5688 1
5689 3
5690 0
5691 1
5692 0
5693 0
5694 1
5695 0
5696 43
5697 33
5698 76
5699 117
5700 128
5701 124
5702 136
5703 112
5704 105
5705 117
5706 99
5707 54
5708 1
5709 0
5710 1
5711 0
5712 0
5713 0
5714 1
5715 2
5716 1
5717 1
5718 1
5719 0
5720 108
5721 128
5722 168
5723 187
5724 208
5725 214
5726 202
5727 192
5728 178
5729 164
5730 202
5731 186
5732 131
5733 56
5734 1
5735 0
5736 0
5737 1
5738 4
5739 1
5740 1
5741 0
5742 0
5743 1
5744 119
5745 141
5746 173
5747 186
5748 225
5749 220
5750 220
5751 178
5752 194
5753 149
5754 198
5755 226
5756 166
5757 72
5758 0
5759 0
5760 1
5761 0
5762 2
5763 1
5764 0
5765 2
5766 1
5767 0
5768 99
5769 105
5770 173
5771 220
5772 203
5773 228
5774 199
5775 193
5776 164
5777 171
5778 186
5779 211
5780 167
5781 57
5782 0
5783 1
5784 0
5785 0
5786 1
5787 1
5788 2
5789 0
5790 1
5791 1
5792 120
5793 121
5794 188
5795 195
5796 224
5797 211
5798 193
5799 179
5800 178
5801 179
5802 175
5803 207
5804 163
5805 42
5806 1
5807 0
5808 1
5809 1
5810 0
5811 0
5812 0
5813 1
5814 0
5815 0
5816 140
5817 181
5818 271
5819 262
5820 236
5821 211
5822 196
5823 212
5824 170
5825 186
5826 204
5827 234
5828 160
5829 43
5830 1
5831 0
5832 0
5833 1
5834 0
5835 0
5836 0
5837 0
5838 0
5839 0
5840 70
5841 47
5842 98
5843 91
5844 125
5845 135
5846 140
5847 129
5848 107
5849 94
5850 142
5851 160
5852 137
5853 36
5854 1
5855 1
5856 0
5857 0
5858 1
5859 0
5860 0
5861 0
5862 0
5863 0
5864 40
5865 33
5866 78
5867 114
5868 119
5869 137
5870 119
5871 96
5872 93
5873 134
5874 93
5875 55
5876 1
5877 2
5878 1
5879 0
5880 0
5881 0
5882 0
5883 1
5884 1
5885 1
5886 2
5887 1
5888 104
5889 120
5890 186
5891 192
5892 221
5893 221
5894 223
5895 201
5896 173
5897 162
5898 200
5899 154
5900 131
5901 49
5902 1
5903 2
5904 0
5905 0
5906 1
5907 0
5908 1
5909 2
5910 0
5911 0
5912 114
5913 148
5914 227
5915 248
5916 208
5917 227
5918 232
5919 195
5920 176
5921 190
5922 163
5923 201
5924 166
5925 59
5926 1
5927 0
5928 0
5929 0
5930 0
5931 1
5932 2
5933 0
5934 1
5935 1
5936 136
5937 188
5938 344
5939 277
5940 203
5941 223
5942 215
5943 225
5944 213
5945 147
5946 200
5947 211
5948 160
5949 49
5950 2
5951 0
5952 0
5953 0
5954 1
5955 1
5956 1
5957 0
5958 1
5959 1
5960 130
5961 145
5962 216
5963 212
5964 182
5965 230
5966 249
5967 172
5968 167
5969 183
5970 235
5971 206
5972 205
5973 58
5974 0
5975 1
5976 0
5977 0
5978 1
5979 1
5980 0
5981 1
5982 0
5983 1
5984 119
5985 135
5986 216
5987 213
5988 200
5989 233
5990 178
5991 184
5992 203
5993 143
5994 161
5995 228
5996 140
5997 45
5998 1
5999 0
6000 0
6001 1
6002 0
6003 0
6004 0
6005 0
6006 0
6007 0
6008 68
6009 54
6010 88
6011 118
6012 125
6013 131
6014 128
6015 141
6016 109
6017 108
6018 132
6019 177
6020 176
6021 41
6022 2
6023 0
6024 2
6025 2
6026 0
6027 0
6028 0
6029 0
6030 0
6031 0
6032 52
6033 31
6034 65
6035 95
6036 139
6037 124
6038 133
6039 118
6040 98
6041 113
6042 108
6043 54
6044 0
6045 0
6046 1
6047 0
6048 0
6049 0
6050 1
6051 1
6052 1
6053 1
6054 1
6055 0
6056 114
6057 126
6058 167
6059 205
6060 203
6061 209
6062 220
6063 179
6064 195
6065 159
6066 199
6067 171
6068 131
6069 58
6070 0
6071 1
6072 0
6073 1
6074 0
6075 2
6076 2
6077 1
6078 0
6079 3
6080 121
6081 140
6082 204
6083 186
6084 176
6085 221
6086 183
6087 182
6088 176
6089 174
6090 173
6091 170
6092 154
6093 70
6094 1
6095 0
6096 0
6097 0
6098 0
6099 2
6100 1
6101 1
6102 2
6103 1
6104 133
6105 151
6106 170
6107 215
6108 198
6109 184
6110 200
6111 172
6112 166
6113 155
6114 218
6115 209
6116 195
6117 62
6118 0
6119 1
6120 0
6121 1
6122 1
6123 2
6124 2
6125 0
6126 2
6127 2
6128 135
6129 123
6130 208
6131 208
6132 227
6133 194
6134 198
6135 162
6136 157
6137 164
6138 244
6139 275
6140 170
6141 48
6142 0
6143 0
6144 0
6145 0
6146 0
6147 1
6148 2
6149 2
6150 2
6151 1
6152 127
6153 144
6154 196
6155 212
6156 196
6157 216
6158 226
6159 206
6160 187
6161 175
6162 211
6163 238
6164 146
6165 36
6166 2
6167 0
6168 2
6169 1
6170 0
6171 0
6172 0
6173 0
6174 0
6175 0
6176 77
6177 81
6178 88
6179 109
6180 133
6181 137
6182 139
6183 155
6184 120
6185 89
6186 147
6187 220
6188 126
6189 41
6190 2
6191 0
6192 0
6193 1
6194 0
6195 0
6196 0
6197 1
6198 0
6199 0
6200 49
6201 39
6202 53
6203 114
6204 125
6205 133
6206 132
6207 165
6208 138
6209 124
6210 108
6211 64
6212 0
6213 0
6214 0
6215 0
6216 0
6217 0
6218 1
6219 1
6220 2
6221 2
6222 1
6223 3
6224 107
6225 113
6226 188
6227 187
6228 200
6229 201
6230 189
6231 207
6232 189
6233 188
6234 197
6235 184
6236 124
6237 51
6238 1
6239 0
6240 0
6241 0
6242 2
6243 1
6244 0
6245 4
6246 1
6247 2
6248 114
6249 122
6250 201
6251 208
6252 220
6253 187
6254 181
6255 212
6256 135
6257 148
6258 197
6259 243
6260 183
6261 48
6262 1
6263 0
6264 0
6265 1
6266 1
6267 0
6268 0
6269 2
6270 1
6271 1
6272 125
6273 133
6274 184
6275 213
6276 222
6277 207
6278 203
6279 192
6280 154
6281 134
6282 220
6283 237
6284 173
6285 38
6286 2
6287 2
6288 2
6289 0
6290 1
6291 1
6292 0
6293 2
6294 3
6295 0
6296 131
6297 130
6298 195
6299 212
6300 200
6301 207
6302 156
6303 190
6304 177
6305 181
6306 185
6307 206
6308 132
6309 47
6310 3
6311 2
6312 0
6313 1
6314 0
6315 2
6316 0
6317 0
6318 1
6319 1
6320 113
6321 122
6322 178
6323 189
6324 193
6325 213
6326 185
6327 186
6328 202
6329 177
6330 172
6331 243
6332 131
6333 32
6334 0
6335 1
6336 1
6337 2
6338 0
6339 0
6340 1
6341 0
6342 0
6343 0
6344 65
6345 80
6346 95
6347 122
6348 128
6349 139
6350 142
6351 125
6352 122
6353 125
6354 136
6355 187
6356 154
6357 32
6358 0
6359 0
6360 0
6361 1
6362 0
6363 0
6364 0
6365 0
6366 0
6367 0
6368 52
6369 37
6370 89
6371 77
6372 107
6373 122
6374 120
6375 111
6376 100
6377 108
6378 104
6379 59
6380 0
6381 0
6382 0
6383 1
6384 0
6385 0
6386 0
6387 2
6388 0
6389 3
6390 3
6391 1
6392 131
6393 114
6394 177
6395 186
6396 180
6397 207
6398 195
6399 207
6400 184
6401 177
6402 170
6403 179
6404 129
6405 47
6406 1
6407 1
6408 0
6409 1
6410 1
6411 1
6412 0
6413 1
6414 1
6415 2
6416 113
6417 143
6418 185
6419 210
6420 218
6421 207
6422 210
6423 214
6424 200
6425 180
6426 180
6427 239
6428 169
6429 57
6430 0
6431 1
6432 0
6433 0
6434 1
6435 1
6436 2
6437 0
6438 1
6439 1
6440 135
6441 135
6442 181
6443 194
6444 242
6445 197
6446 181
6447 202
6448 178
6449 176
6450 183
6451 253
6452 152
6453 33
6454 0
6455 3
6456 0
6457 0
6458 0
6459 1
6460 3
6461 1
6462 0
6463 0
6464 111
6465 143
6466 187
6467 196
6468 215
6469 256
6470 185
6471 203
6472 152
6473 157
6474 207
6475 245
6476 137
6477 43
6478 2
6479 2
6480 0
6481 1
6482 1
6483 1
6484 3
6485 2
6486 1
6487 3
6488 135
6489 148
6490 193
6491 195
6492 221
6493 220
6494 214
6495 181
6496 185
6497 171
6498 158
6499 235
6500 123
6501 35
6502 1
6503 0
6504 0
6505 2
6506 0
6507 0
6508 1
6509 0
6510 0
6511 0
6512 70
6513 51
6514 83
6515 105
6516 114
6517 94
6518 96
6519 71
6520 79
6521 74
6522 84
6523 132
6524 174
6525 35
6526 1
6527 1
6528 0
6529 1
6530 0
6531 1
6532 0
6533 0
6534 1
6535 0
6536 39
6537 26
6538 77
6539 109
6540 121
6541 123
6542 122
6543 129
6544 106
6545 88
6546 112
6547 65
6548 1
6549 0
6550 1
6551 0
6552 0
6553 2
6554 0
6555 0
6556 0
6557 0
6558 0
6559 0
6560 49
6561 46
6562 90
6563 114
6564 115
6565 104
6566 85
6567 96
6568 73
6569 72
6570 92
6571 115
6572 130
6573 63
6574 0
6575 1
6576 0
6577 2
6578 0
6579 0
6580 0
6581 0
6582 0
6583 0
6584 44
6585 35
6586 78
6587 112
6588 113
6589 124
6590 142
6591 108
6592 121
6593 138
6594 112
6595 74
6596 3
6597 2
6598 1
6599 0
6600 0
6601 1
6602 0
6603 1
6604 2
6605 1
6606 1
6607 0
6608 95
6609 126
6610 180
6611 195
6612 199
6613 199
6614 219
6615 226
6616 193
6617 159
6618 226
6619 202
6620 163
6621 59
6622 1
6623 0
6624 0
6625 1
6626 0
6627 4
6628 1
6629 0
6630 3
6631 0
6632 113
6633 134
6634 200
6635 198
6636 221
6637 216
6638 232
6639 185
6640 220
6641 251
6642 228
6643 206
6644 198
6645 72
6646 2
6647 3
6648 3
6649 0
6650 0
6651 2
6652 1
6653 0
6654 1
6655 1
6656 115
6657 165
6658 187
6659 229
6660 226
6661 184
6662 194
6663 173
6664 214
6665 184
6666 198
6667 261
6668 252
6669 82
6670 0
6671 0
6672 0
6673 0
6674 0
6675 1
6676 1
6677 0
6678 2
6679 0
6680 109
6681 154
6682 195
6683 218
6684 261
6685 250
6686 235
6687 220
6688 207
6689 190
6690 222
6691 262
6692 286
6693 90
6694 1
6695 0
6696 0
6697 2
6698 0
6699 5
6700 1
6701 1
6702 1
6703 2
6704 158
6705 159
6706 235
6707 210
6708 201
6709 218
6710 215
6711 217
6712 192
6713 218
6714 195
6715 257
6716 221
6717 76
6718 1
6719 0
6720 0
6721 2
6722 1
6723 0
6724 0
6725 0
6726 0
6727 1
6728 67
6729 80
6730 115
6731 136
6732 141
6733 122
6734 129
6735 160
6736 134
6737 127
6738 128
6739 195
6740 195
6741 37
6742 3
6743 1
6744 0
6745 1
6746 1
6747 0
6748 0
6749 0
6750 0
6751 0
6752 60
6753 44
6754 102
6755 118
6756 121
6757 119
6758 125
6759 105
6760 100
6761 111
6762 103
6763 69
6764 1
6765 1
6766 0
6767 0
6768 0
6769 1
6770 0
6771 0
6772 0
6773 1
6774 0
6775 1
6776 118
6777 154
6778 214
6779 229
6780 243
6781 236
6782 213
6783 227
6784 200
6785 221
6786 264
6787 251
6788 171
6789 61
6790 0
6791 0
6792 0
6793 2
6794 0
6795 0
6796 0
6797 0
6798 1
6799 1
6800 122
6801 169
6802 197
6803 263
6804 233
6805 244
6806 212
6807 217
6808 173
6809 209
6810 246
6811 234
6812 195
6813 87
6814 0
6815 0
6816 1
6817 2
6818 0
6819 2
6820 0
6821 0
6822 0
6823 4
6824 115
6825 164
6826 192
6827 235
6828 208
6829 230
6830 222
6831 231
6832 180
6833 196
6834 214
6835 257
6836 170
6837 62
6838 0
6839 0
6840 0
6841 1
6842 0
6843 0
6844 0
6845 0
6846 0
6847 1
6848 135
6849 151
6850 247
6851 227
6852 229
6853 219
6854 202
6855 167
6856 182
6857 176
6858 243
6859 278
6860 230
6861 104
6862 0
6863 0
6864 0
6865 2
6866 0
6867 0
6868 0
6869 1
6870 0
6871 2
6872 149
6873 157
6874 216
6875 214
6876 214
6877 234
6878 189
6879 222
6880 200
6881 226
6882 256
6883 310
6884 141
6885 34
6886 1
6887 0
6888 1
6889 3
6890 0
6891 0
6892 0
6893 0
6894 1
6895 0
6896 85
6897 75
6898 114
6899 152
6900 117
6901 148
6902 175
6903 160
6904 131
6905 115
6906 154
6907 193
6908 195
6909 25
6910 1
6911 0
6912 1
6913 4
6914 0
6915 0
6916 0
6917 0
6918 0
6919 0
6920 50
6921 48
6922 74
6923 97
6924 114
6925 113
6926 133
6927 121
6928 121
6929 121
6930 97
6931 49
6932 1
6933 0
6934 0
6935 0
6936 0
6937 1
6938 0
6939 0
6940 0
6941 0
6942 0
6943 0
6944 127
6945 146
6946 214
6947 188
6948 199
6949 245
6950 216
6951 211
6952 203
6953 194
6954 232
6955 235
6956 175
6957 45
6958 0
6959 0
6960 1
6961 1
6962 0
6963 0
6964 0
6965 0
6966 1
6967 1
6968 117
6969 124
6970 221
6971 199
6972 226
6973 204
6974 212
6975 209
6976 170
6977 184
6978 175
6979 261
6980 223
6981 94
6982 2
6983 1
6984 0
6985 0
6986 1
6987 0
6988 1
6989 0
6990 0
6991 2
6992 145
6993 136
6994 203
6995 204
6996 209
6997 237
6998 184
6999 225
7000 221
7001 178
7002 216
7003 271
7004 211
7005 67
7006 2
7007 0
7008 0
7009 1
7010 0
7011 0
7012 0
7013 0
7014 0
7015 1
7016 127
7017 144
7018 191
7019 226
7020 228
7021 200
7022 200
7023 227
7024 202
7025 196
7026 223
7027 221
7028 229
7029 79
7030 0
7031 0
7032 0
7033 0
7034 0
7035 0
7036 0
7037 1
7038 0
7039 2
7040 120
7041 135
7042 181
7043 229
7044 223
7045 230
7046 199
7047 213
7048 164
7049 190
7050 174
7051 287
7052 196
7053 68
7054 1
7055 1
7056 0
7057 2
7058 0
7059 0
7060 0
7061 0
7062 0
7063 0
7064 73
7065 64
7066 97
7067 133
7068 134
7069 138
7070 177
7071 141
7072 140
7073 115
7074 130
7075 191
7076 176
7077 17
7078 1
7079 1
7080 1
7081 2
7082 0
7083 1
7084 0
7085 0
7086 0
7087 0
7088 41
7089 25
7090 96
7091 125
7092 121
7093 130
7094 126
7095 142
7096 109
7097 122
7098 110
7099 62
7100 2
7101 0
7102 1
7103 0
7104 0
7105 1
7106 0
7107 0
7108 0
7109 0
7110 1
7111 5
7112 114
7113 155
7114 203
7115 231
7116 236
7117 235
7118 235
7119 193
7120 165
7121 157
7122 162
7123 198
7124 157
7125 66
7126 0
7127 0
7128 0
7129 1
7130 1
7131 0
7132 0
7133 0
7134 1
7135 2
7136 137
7137 106
7138 185
7139 221
7140 237
7141 223
7142 204
7143 196
7144 145
7145 196
7146 278
7147 264
7148 197
7149 44
7150 1
7151 0
7152 0
7153 0
7154 0
7155 0
7156 0
7157 0
7158 0
7159 3
7160 139
7161 146
7162 163
7163 203
7164 209
7165 206
7166 200
7167 177
7168 180
7169 186
7170 215
7171 245
7172 154
7173 48
7174 0
7175 0
7176 1
7177 0
7178 0
7179 0
7180 0
7181 0
7182 2
7183 0
7184 118
7185 135
7186 184
7187 222
7188 230
7189 222
7190 225
7191 214
7192 185
7193 172
7194 198
7195 230
7196 174
7197 51
7198 0
7199 0
7200 0
7201 1
7202 0
7203 0
7204 0
7205 0
7206 4
7207 2
7208 132
7209 173
7210 197
7211 237
7212 205
7213 225
7214 181
7215 193
7216 196
7217 224
7218 171
7219 247
7220 171
7221 56
7222 0
7223 0
7224 0
7225 1
7226 0
7227 0
7228 0
7229 0
7230 1
7231 0
7232 82
7233 77
7234 85
7235 88
7236 96
7237 116
7238 122
7239 117
7240 112
7241 115
7242 133
7243 182
7244 150
7245 40
7246 1
7247 1
7248 0
7249 2
7250 0
7251 1
7252 0
7253 0
7254 0
7255 0
7256 37
7257 26
7258 66
7259 82
7260 107
7261 124
7262 120
7263 110
7264 92
7265 115
7266 102
7267 51
7268 1
7269 0
7270 0
7271 0
7272 0
7273 1
7274 0
7275 0
7276 0
7277 0
7278 0
7279 2
7280 101
7281 124
7282 178
7283 223
7284 214
7285 198
7286 221
7287 234
7288 182
7289 178
7290 192
7291 212
7292 212
7293 85
7294 0
7295 0
7296 0
7297 0
7298 0
7299 0
7300 0
7301 0
7302 0
7303 0
7304 81
7305 53
7306 65
7307 76
7308 70
7309 117
7310 88
7311 65
7312 70
7313 93
7314 91
7315 112
7316 105
7317 37
7318 0
7319 1
7320 0
7321 1
7322 0
7323 0
7324 0
7325 0
7326 1
7327 1
7328 110
7329 150
7330 170
7331 218
7332 232
7333 211
7334 191
7335 195
7336 195
7337 192
7338 223
7339 258
7340 218
7341 58
7342 1
7343 1
7344 2
7345 1
7346 0
7347 0
7348 0
7349 0
7350 0
7351 1
7352 117
7353 151
7354 184
7355 208
7356 183
7357 215
7358 217
7359 199
7360 189
7361 176
7362 193
7363 248
7364 204
7365 59
7366 0
7367 0
7368 0
7369 2
7370 0
7371 0
7372 0
7373 1
7374 0
7375 4
7376 134
7377 169
7378 209
7379 197
7380 209
7381 241
7382 221
7383 199
7384 157
7385 219
7386 210
7387 275
7388 189
7389 64
7390 1
7391 0
7392 0
7393 1
7394 0
7395 0
7396 0
7397 0
7398 0
7399 2
7400 57
7401 60
7402 94
7403 95
7404 109
7405 108
7406 107
7407 113
7408 116
7409 95
7410 113
7411 169
7412 178
7413 52
7414 0
7415 0
7416 1
7417 1
7418 0
7419 0
7420 0
7421 0
7422 0
7423 0
7424 49
7425 48
7426 68
7427 87
7428 98
7429 121
7430 130
7431 113
7432 99
7433 103
7434 130
7435 44
7436 1
7437 0
7438 0
7439 1
7440 0
7441 1
7442 0
7443 0
7444 0
7445 0
7446 0
7447 0
7448 143
7449 133
7450 195
7451 231
7452 241
7453 228
7454 179
7455 192
7456 190
7457 210
7458 202
7459 219
7460 170
7461 50
7462 0
7463 0
7464 0
7465 1
7466 0
7467 0
7468 0
7469 0
7470 1
7471 5
7472 116
7473 125
7474 195
7475 218
7476 216
7477 234
7478 204
7479 193
7480 193
7481 215
7482 228
7483 251
7484 247
7485 82
7486 1
7487 3
7488 0
7489 1
7490 0
7491 1
7492 0
7493 0
7494 0
7495 1
7496 115
7497 158
7498 200
7499 226
7500 232
7501 258
7502 212
7503 183
7504 200
7505 207
7506 243
7507 210
7508 180
7509 57
7510 0
7511 0
7512 1
7513 1
7514 0
7515 0
7516 1
7517 0
7518 0
7519 0
7520 117
7521 127
7522 213
7523 241
7524 191
7525 224
7526 203
7527 204
7528 186
7529 198
7530 224
7531 220
7532 239
7533 61
7534 0
7535 1
7536 0
7537 1
7538 0
7539 1
7540 0
7541 0
7542 1
7543 4
7544 134
7545 126
7546 208
7547 215
7548 246
7549 234
7550 199
7551 229
7552 226
7553 197
7554 205
7555 260
7556 209
7557 54
7558 1
7559 1
7560 0
7561 1
7562 0
7563 0
7564 1
7565 0
7566 0
7567 1
7568 68
7569 88
7570 85
7571 105
7572 127
7573 120
7574 132
7575 122
7576 132
7577 113
7578 101
7579 175
7580 169
7581 66
7582 0
7583 1
7584 0
7585 3
7586 2
7587 0
7588 0
7589 0
7590 1
7591 0
7592 46
7593 43
7594 78
7595 109
7596 143
7597 101
7598 129
7599 114
7600 113
7601 94
7602 117
7603 51
7604 0
7605 2
7606 0
7607 0
7608 0
7609 1
7610 0
7611 0
7612 0
7613 0
7614 0
7615 3
7616 141
7617 123
7618 217
7619 241
7620 210
7621 193
7622 237
7623 178
7624 193
7625 204
7626 237
7627 225
7628 186
7629 57
7630 1
7631 0
7632 0
7633 1
7634 0
7635 0
7636 0
7637 1
7638 1
7639 2
7640 130
7641 147
7642 198
7643 260
7644 232
7645 243
7646 232
7647 198
7648 175
7649 176
7650 217
7651 286
7652 247
7653 84
7654 1
7655 0
7656 1
7657 1
7658 0
7659 0
7660 0
7661 0
7662 0
7663 3
7664 112
7665 163
7666 199
7667 281
7668 226
7669 225
7670 205
7671 178
7672 176
7673 174
7674 199
7675 229
7676 257
7677 115
7678 0
7679 1
7680 0
7681 1
7682 0
7683 2
7684 0
7685 0
7686 0
7687 3
7688 138
7689 115
7690 183
7691 221
7692 224
7693 202
7694 207
7695 201
7696 185
7697 195
7698 206
7699 225
7700 181
7701 62
7702 0
7703 0
7704 0
7705 1
7706 0
7707 0
7708 0
7709 0
7710 0
7711 5
7712 138
7713 142
7714 208
7715 229
7716 205
7717 212
7718 208
7719 201
7720 209
7721 208
7722 222
7723 196
7724 165
7725 70
7726 0
7727 0
7728 0
7729 1
7730 0
7731 0
7732 0
7733 0
7734 0
7735 3
7736 87
7737 85
7738 117
7739 148
7740 128
7741 162
7742 152
7743 136
7744 117
7745 128
7746 155
7747 189
7748 169
7749 49
7750 1
7751 1
7752 2
7753 4
7754 0
7755 0
7756 0
7757 1
7758 0
7759 0
7760 46
7761 36
7762 100
7763 103
7764 125
7765 119
7766 146
7767 111
7768 97
7769 130
7770 109
7771 59
7772 1
7773 1
7774 0
7775 0
7776 0
7777 0
7778 0
7779 0
7780 0
7781 0
7782 0
7783 1
7784 133
7785 142
7786 218
7787 221
7788 187
7789 227
7790 199
7791 213
7792 192
7793 172
7794 211
7795 196
7796 191
7797 77
7798 0
7799 0
7800 0
7801 1
7802 0
7803 0
7804 0
7805 0
7806 1
7807 7
7808 121
7809 123
7810 213
7811 243
7812 224
7813 219
7814 238
7815 206
7816 167
7817 186
7818 215
7819 270
7820 210
7821 64
7822 5
7823 4
7824 1
7825 1
7826 0
7827 0
7828 0
7829 0
7830 0
7831 2
7832 121
7833 134
7834 237
7835 222
7836 197
7837 249
7838 192
7839 179
7840 156
7841 191
7842 221
7843 212
7844 171
7845 99
7846 0
7847 1
7848 2
7849 0
7850 0
7851 0
7852 0
7853 0
7854 1
7855 1
7856 133
7857 169
7858 205
7859 219
7860 196
7861 214
7862 203
7863 187
7864 187
7865 177
7866 209
7867 224
7868 220
7869 67
7870 2
7871 1
7872 2
7873 1
7874 2
7875 0
7876 0
7877 0
7878 1
7879 3
7880 156
7881 167
7882 226
7883 231
7884 228
7885 193
7886 192
7887 209
7888 222
7889 190
7890 226
7891 274
7892 181
7893 57
7894 6
7895 3
7896 0
7897 1
7898 1
7899 0
7900 0
7901 0
7902 2
7903 2
7904 101
7905 95
7906 81
7907 131
7908 112
7909 155
7910 138
7911 150
7912 147
7913 110
7914 138
7915 188
7916 165
7917 57
7918 0
7919 1
7920 0
7921 3
7922 0
7923 0
7924 1
7925 0
7926 0
7927 0
7928 55
7929 53
7930 76
7931 130
7932 122
7933 131
7934 146
7935 125
7936 130
7937 125
7938 108
7939 54
7940 1
7941 2
7942 1
7943 0
7944 0
7945 2
7946 0
7947 0
7948 0
7949 0
7950 0
7951 0
7952 112
7953 133
7954 229
7955 195
7956 257
7957 245
7958 221
7959 225
7960 203
7961 231
7962 214
7963 200
7964 243
7965 65
7966 3
7967 0
7968 0
7969 1
7970 0
7971 0
7972 0
7973 1
7974 0
7975 1
7976 121
7977 125
7978 205
7979 250
7980 232
7981 250
7982 221
7983 229
7984 193
7985 174
7986 248
7987 262
7988 203
7989 50
7990 0
7991 0
7992 0
7993 1
7994 0
7995 0
7996 0
7997 0
7998 0
7999 2
8000 125
8001 128
8002 197
8003 206
8004 204
8005 240
8006 216
8007 196
8008 181
8009 187
8010 217
8011 269
8012 231
8013 63
8014 1
8015 0
8016 0
8017 1
8018 0
8019 0
8020 0
8021 0
8022 2
8023 1
8024 111
8025 127
8026 185
8027 216
8028 222
8029 231
8030 273
8031 200
8032 199
8033 182
8034 189
8035 225
8036 207
8037 47
8038 1
8039 1
8040 0
8041 1
8042 0
8043 0
8044 1
8045 0
8046 0
8047 1
8048 121
8049 147
8050 187
8051 193
8052 194
8053 208
8054 188
8055 217
8056 201
8057 199
8058 198
8059 229
8060 176
8061 50
8062 1
8063 1
8064 0
8065 0
8066 1
8067 2
8068 0
8069 0
8070 1
8071 0
8072 90
8073 72
8074 122
8075 144
8076 172
8077 129
8078 155
8079 138
8080 128
8081 105
8082 111
8083 191
8084 191
8085 26
8086 0
8087 0
8088 1
8089 1
8090 2
8091 1
8092 1
8093 0
8094 0
8095 1
8096 71
8097 32
8098 81
8099 117
8100 139
8101 119
8102 144
8103 124
8104 113
8105 125
8106 114
8107 62
8108 2
8109 3
8110 0
8111 2
8112 0
8113 1
8114 0
8115 0
8116 0
8117 1
8118 1
8119 0
8120 105
8121 124
8122 225
8123 229
8124 216
8125 210
8126 223
8127 200
8128 210
8129 198
8130 193
8131 212
8132 210
8133 83
8134 0
8135 1
8136 0
8137 0
8138 0
8139 0
8140 0
8141 0
8142 1
8143 1
8144 117
8145 146
8146 217
8147 264
8148 197
8149 226
8150 213
8151 189
8152 218
8153 197
8154 199
8155 253
8156 250
8157 76
8158 2
8159 0
8160 0
8161 1
8162 0
8163 2
8164 0
8165 0
8166 2
8167 0
8168 116
8169 161
8170 200
8171 241
8172 233
8173 225
8174 232
8175 224
8176 200
8177 161
8178 211
8179 212
8180 223
8181 50
8182 1
8183 2
8184 2
8185 1
8186 1
8187 0
8188 0
8189 0
8190 1
8191 0
8192 114
8193 128
8194 216
8195 254
8196 237
8197 202
8198 221
8199 196
8200 197
8201 213
8202 205
8203 228
8204 180
8205 59
8206 1
8207 1
8208 1
8209 1
8210 0
8211 0
8212 1
8213 0
8214 0
8215 2
8216 116
8217 168
8218 179
8219 201
8220 234
8221 204
8222 209
8223 199
8224 208
8225 236
8226 212
8227 236
8228 189
8229 58
8230 3
8231 1
8232 1
8233 2
8234 1
8235 0
8236 0
8237 1
8238 1
8239 2
8240 95
8241 72
8242 99
8243 114
8244 138
8245 141
8246 138
8247 126
8248 172
8249 127
8250 140
8251 177
8252 191
8253 53
8254 0
8255 0
8256 1
8257 3
8258 0
8259 0
8260 0
8261 0
8262 0
8263 0
8264 50
8265 55
8266 93
8267 119
8268 149
8269 128
8270 159
8271 127
8272 121
8273 128
8274 102
8275 61
8276 1
8277 0
8278 1
8279 0
8280 0
8281 1
8282 0
8283 0
8284 0
8285 0
8286 1
8287 3
8288 117
8289 149
8290 231
8291 256
8292 212
8293 222
8294 239
8295 233
8296 246
8297 219
8298 235
8299 198
8300 186
8301 66
8302 0
8303 3
8304 0
8305 1
8306 0
8307 0
8308 0
8309 0
8310 2
8311 0
8312 115
8313 117
8314 189
8315 247
8316 226
8317 235
8318 244
8319 227
8320 194
8321 188
8322 214
8323 232
8324 207
8325 72
8326 0
8327 0
8328 0
8329 1
8330 0
8331 0
8332 0
8333 0
8334 0
8335 0
8336 133
8337 142
8338 228
8339 205
8340 229
8341 219
8342 191
8343 219
8344 183
8345 204
8346 169
8347 250
8348 185
8349 68
8350 0
8351 1
8352 0
8353 1
8354 0
8355 0
8356 0
8357 0
8358 0
8359 2
8360 119
8361 133
8362 206
8363 228
8364 199
8365 207
8366 204
8367 195
8368 190
8369 170
8370 169
8371 212
8372 185
8373 47
8374 0
8375 0
8376 0
8377 1
8378 0
8379 0
8380 1
8381 0
8382 3
8383 1
8384 151
8385 137
8386 221
8387 220
8388 222
8389 208
8390 205
8391 184
8392 194
8393 190
8394 196
8395 235
8396 168
8397 57
8398 0
8399 0
8400 0
8401 1
8402 0
8403 0
8404 0
8405 0
8406 1
8407 2
8408 97
8409 71
8410 94
8411 113
8412 105
8413 128
8414 118
8415 140
8416 125
8417 105
8418 120
8419 178
8420 140
8421 32
8422 0
8423 3
8424 0
8425 3
8426 0
8427 0
8428 0
8429 0
8430 0
8431 0
8432 46
8433 47
8434 81
8435 92
8436 114
8437 114
8438 119
8439 101
8440 124
8441 103
8442 99
8443 56
8444 0
8445 1
8446 0
8447 0
8448 0
8449 1
8450 0
8451 0
8452 0
8453 0
8454 0
8455 4
8456 148
8457 141
8458 220
8459 252
8460 228
8461 225
8462 226
8463 238
8464 201
8465 189
8466 203
8467 205
8468 169
8469 64
8470 0
8471 0
8472 0
8473 0
8474 0
8475 0
8476 0
8477 1
8478 1
8479 0
8480 133
8481 168
8482 186
8483 243
8484 252
8485 216
8486 217
8487 232
8488 216
8489 218
8490 234
8491 254
8492 224
8493 70
8494 0
8495 1
8496 0
8497 1
8498 0
8499 0
8500 0
8501 0
8502 0
8503 0
8504 137
8505 149
8506 217
8507 214
8508 223
8509 228
8510 196
8511 202
8512 209
8513 205
8514 211
8515 255
8516 221
8517 55
8518 1
8519 1
8520 0
8521 1
8522 0
8523 0
8524 0
8525 0
8526 0
8527 0
8528 127
8529 141
8530 186
8531 216
8532 243
8533 233
8534 229
8535 208
8536 206
8537 197
8538 186
8539 247
8540 194
8541 70
8542 2
8543 0
8544 0
8545 1
8546 0
8547 0
8548 0
8549 1
8550 0
8551 0
8552 120
8553 165
8554 217
8555 200
8556 195
8557 211
8558 202
8559 216
8560 198
8561 156
8562 170
8563 188
8564 177
8565 63
8566 3
8567 1
8568 0
8569 1
8570 0
8571 1
8572 0
8573 0
8574 0
8575 0
8576 61
8577 29
8578 66
8579 82
8580 86
8581 114
8582 91
8583 87
8584 85
8585 76
8586 97
8587 93
8588 104
8589 46
8590 0
8591 3
8592 2
8593 2
8594 0
8595 0
8596 0
8597 0
8598 0
8599 1
8600 29
8601 27
8602 34
8603 71
8604 60
8605 67
8606 72
8607 57
8608 42
8609 49
8610 45
8611 25
8612 0
8613 0
8614 0
8615 0
8616 0
8617 3
8618 0
8619 0
8620 0
8621 0
8622 0
8623 0
8624 94
8625 35
8626 59
8627 83
8628 98
8629 94
8630 106
8631 73
8632 92
8633 80
8634 82
8635 132
8636 109
8637 43
8638 2
8639 0
8640 0
8641 2
8642 0
8643 0
8644 0
8645 0
8646 0
8647 0
8648 67
8649 26
8650 68
8651 105
8652 101
8653 126
8654 100
8655 95
8656 97
8657 76
8658 101
8659 123
8660 136
8661 47
8662 0
8663 1
8664 0
8665 0
8666 0
8667 0
8668 0
8669 0
8670 0
8671 0
8672 71
8673 78
8674 110
8675 144
8676 122
8677 155
8678 163
8679 150
8680 126
8681 104
8682 112
8683 132
8684 166
8685 81
8686 12
8687 7
8688 0
8689 2
8690 1
8691 0
8692 0
8693 0
8694 1
8695 0
8696 85
8697 94
8698 147
8699 161
8700 182
8701 207
8702 181
8703 160
8704 156
8705 131
8706 123
8707 167
8708 123
8709 51
8710 1
8711 0
8712 1
8713 3
8714 1
8715 0
8716 0
8717 1
8718 1
8719 2
8720 57
8721 79
8722 125
8723 148
8724 188
8725 212
8726 187
8727 184
8728 130
8729 121
8730 126
8731 142
8732 178
8733 70
8734 0
8735 0
8736 1
8737 1
8738 0
8739 0
8740 0
8741 0
8742 1
8743 0
8744 50
8745 33
8746 57
8747 61
8748 87
8749 73
8750 100
8751 98
8752 106
8753 98
8754 78
8755 117
8756 101
8757 51
8758 1
8759 3
8760 0
