1 4
2 1
3 1
4 0
5 0
6 1
7 9
8 55
9 61
10 49
11 34
12 27
13 24
14 24
15 27
16 28
17 9
18 14
19 6
20 0
21 2
22 4
23 1
24 1
25 0
26 0
27 0
28 0
29 1
30 0
31 3
32 25
33 7
34 18
35 54
36 41
37 49
38 63
39 57
40 47
41 13
42 19
43 30
44 42
45 5
46 5
47 1
48 0
49 1
50 0
51 0
52 0
53 1
54 0
55 5
56 64
57 88
58 80
59 156
60 108
61 133
62 140
63 121
64 111
65 85
66 105
67 65
68 72
69 6
70 1
71 2
72 0
73 1
74 1
75 0
76 0
77 0
78 1
79 5
80 63
81 87
82 103
83 154
84 130
85 131
86 154
87 157
88 136
89 104
90 96
91 82
92 81
93 13
94 1
95 1
96 0
97 2
98 0
99 1
100 0
101 0
102 0
103 6
104 60
105 85
106 80
107 146
108 157
109 128
110 136
111 123
112 128
113 123
114 102
115 85
116 80
117 18
118 4
119 4
120 0
121 0
122 0
123 1
124 1
125 0
126 0
127 5
128 59
129 80
130 74
131 148
132 139
133 157
134 142
135 179
136 145
137 109
138 98
139 98
140 89
141 21
142 6
143 2
144 1
145 0
146 2
147 1
148 0
149 0
150 0
151 3
152 34
153 20
154 36
155 48
156 55
157 49
158 64
159 52
160 51
161 35
162 47
163 46
164 53
165 16
166 4
167 2
168 2
169 4
170 0
171 0
172 0
173 1
174 1
175 6
176 59
177 46
178 47
179 48
180 38
181 22
182 28
183 41
184 27
185 25
186 18
187 4
188 2
189 3
190 2
191 2
192 0
193 2
194 1
195 0
196 1
197 1
198 1
199 8
200 69
201 128
202 85
203 172
204 158
205 151
206 153
207 138
208 147
209 116
210 105
211 108
212 99
213 17
214 2
215 2
216 0
217 1
218 0
219 0
220 0
221 0
222 2
223 4
224 64
225 93
226 95
227 165
228 148
229 147
230 139
231 158
232 130
233 118
234 145
235 142
236 101
237 36
238 1
239 1
240 0
241 1
242 0
243 0
244 0
245 2
246 0
247 6
248 76
249 97
250 81
251 199
252 179
253 172
254 159
255 175
256 154
257 113
258 132
259 179
260 139
261 49
262 3
263 3
264 1
265 1
266 1
267 0
268 0
269 0
270 2
271 7
272 72
273 83
274 108
275 169
276 152
277 192
278 179
279 190
280 161
281 124
282 135
283 122
284 123
285 32
286 3
287 5
288 0
289 0
290 1
291 1
292 1
293 2
294 1
295 7
296 82
297 96
298 93
299 192
300 163
301 153
302 124
303 143
304 192
305 99
306 137
307 125
308 158
309 21
310 4
311 6
312 2
313 3
314 0
315 0
316 0
317 1
318 0
319 0
320 55
321 36
322 72
323 64
324 62
325 86
326 66
327 70
328 64
329 70
330 52
331 76
332 52
333 17
334 7
335 4
336 1
337 3
338 1
339 1
340 0
341 1
342 0
343 5
344 74
345 79
346 48
347 26
348 30
349 26
350 39
351 24
352 29
353 25
354 31
355 18
356 3
357 5
358 4
359 2
360 1
361 2
362 0
363 0
364 0
365 1
366 0
367 4
368 77
369 108
370 99
371 179
372 148
373 178
374 187
375 199
376 175
377 98
378 127
379 124
380 113
381 32
382 3
383 4
384 0
385 2
386 1
387 0
388 0
389 0
390 1
391 5
392 68
393 106
394 103
395 193
396 161
397 163
398 176
399 184
400 161
401 102
402 121
403 124
404 120
405 53
406 3
407 6
408 0
409 2
410 1
411 0
412 2
413 0
414 0
415 4
416 72
417 99
418 92
419 222
420 170
421 192
422 196
423 184
424 204
425 110
426 106
427 153
428 127
429 38
430 3
431 3
432 0
433 2
434 1
435 0
436 0
437 0
438 0
439 6
440 84
441 107
442 110
443 204
444 152
445 171
446 157
447 182
448 173
449 100
450 99
451 101
452 101
453 30
454 4
455 2
456 0
457 0
458 3
459 1
460 0
461 1
462 1
463 10
464 71
465 99
466 77
467 194
468 178
469 182
470 173
471 164
472 170
473 81
474 131
475 128
476 99
477 44
478 4
479 5
480 1
481 3
482 1
483 0
484 2
485 0
486 0
487 2
488 54
489 69
490 72
491 72
492 93
493 87
494 63
495 65
496 70
497 74
498 65
499 82
500 62
501 24
502 5
503 4
504 2
505 4
506 1
507 0
508 1
509 0
510 0
511 5
512 90
513 92
514 57
515 36
516 36
517 51
518 37
519 42
520 43
521 32
522 29
523 18
524 4
525 1
526 3
527 1
528 0
529 1
530 1
531 0
532 0
533 0
534 0
535 6
536 74
537 97
538 107
539 171
540 172
541 186
542 174
543 159
544 160
545 100
546 115
547 93
548 67
549 38
550 2
551 5
552 1
553 2
554 1
555 0
556 0
557 1
558 0
559 8
560 60
561 87
562 98
563 196
564 171
565 174
566 201
567 183
568 140
569 87
570 83
571 121
572 104
573 18
574 4
575 5
576 1
577 1
578 0
579 0
580 1
581 1
582 1
583 7
584 80
585 96
586 91
587 189
588 148
589 160
590 157
591 143
592 149
593 89
594 75
595 83
596 84
597 16
598 4
599 7
600 0
601 0
602 0
603 0
604 1
605 1
606 1
607 5
608 38
609 31
610 19
611 86
612 47
613 67
614 51
615 36
616 52
617 22
618 18
619 21
620 42
621 12
622 3
623 2
624 1
625 3
626 2
627 0
628 0
629 0
630 1
631 4
632 87
633 87
634 82
635 176
636 162
637 154
638 164
639 171
640 193
641 135
642 144
643 121
644 129
645 38
646 3
647 7
648 0
649 2
650 0
651 1
652 0
653 0
654 1
655 1
656 36
657 34
658 36
659 66
660 66
661 53
662 65
663 46
664 55
665 64
666 63
667 72
668 48
669 17
670 5
671 3
672 2
673 4
674 0
675 0
676 1
677 0
678 0
679 3
680 47
681 58
682 48
683 32
684 31
685 24
686 28
687 30
688 21
689 25
690 25
691 12
692 1
693 2
694 3
695 2
696 0
697 2
698 0
699 0
700 1
701 1
702 2
703 2
704 76
705 89
706 87
707 182
708 163
709 147
710 150
711 139
712 124
713 102
714 123
715 158
716 108
717 10
718 2
719 0
720 0
721 1
722 0
723 2
724 0
725 1
726 0
727 4
728 75
729 89
730 81
731 182
732 137
733 180
734 199
735 138
736 168
737 103
738 94
739 118
740 138
741 37
742 3
743 2
744 2
745 1
746 2
747 0
748 1
749 1
750 1
751 5
752 72
753 81
754 84
755 176
756 162
757 176
758 185
759 160
760 149
761 93
762 116
763 148
764 154
765 53
766 3
767 2
768 0
769 1
770 0
771 0
772 1
773 0
774 1
775 4
776 80
777 92
778 88
779 162
780 142
781 129
782 125
783 173
784 131
785 84
786 83
787 122
788 128
789 43
790 3
791 1
792 1
793 0
794 1
795 0
796 1
797 1
798 1
799 4
800 63
801 84
802 86
803 187
804 123
805 159
806 119
807 175
808 136
809 76
810 81
811 85
812 53
813 6
814 1
815 3
816 0
817 2
818 0
819 0
820 0
821 0
822 1
823 2
824 46
825 45
826 37
827 60
828 54
829 59
830 62
831 58
832 73
833 75
834 77
835 92
836 57
837 5
838 2
839 2
840 1
841 4
842 0
843 0
844 0
845 1
846 1
847 6
848 48
849 72
850 39
851 36
852 23
853 12
854 20
855 19
856 16
857 23
858 20
859 7
860 3
861 0
862 1
863 0
864 0
865 0
866 0
867 0
868 0
869 0
870 0
871 3
872 85
873 79
874 88
875 182
876 177
877 166
878 144
879 161
880 136
881 91
882 122
883 143
884 119
885 36
886 0
887 2
888 0
889 0
890 0
891 0
892 0
893 0
894 0
895 2
896 79
897 79
898 110
899 185
900 154
901 145
902 173
903 139
904 160
905 67
906 106
907 152
908 126
909 24
910 4
911 0
912 0
913 0
914 0
915 0
916 0
917 0
918 0
919 2
920 74
921 86
922 79
923 152
924 123
925 161
926 162
927 149
928 146
929 81
930 83
931 136
932 134
933 32
934 3
935 0
936 0
937 0
938 0
939 0
940 0
941 0
942 0
943 1
944 80
945 72
946 77
947 185
948 157
949 150
950 155
951 135
952 138
953 66
954 103
955 157
956 150
957 48
958 2
959 1
960 0
961 0
962 0
963 0
964 0
965 0
966 0
967 6
968 80
969 91
970 83
971 175
972 139
973 159
974 126
975 141
976 116
977 86
978 114
979 101
980 69
981 22
982 1
983 3
984 0
985 0
986 0
987 0
988 0
989 0
990 0
991 0
992 67
993 57
994 69
995 73
996 67
997 61
998 70
999 68
1000 58
1001 66
1002 59
1003 64
1004 55
1005 15
1006 0
1007 0
1008 0
1009 0
1010 0
1011 0
1012 0
1013 1
1014 0
1015 3
1016 46
1017 55
1018 56
1019 40
1020 19
1021 27
1022 21
1023 17
1024 23
1025 16
1026 16
1027 15
1028 1
1029 1
1030 1
1031 0
1032 0
1033 0
1034 0
1035 0
1036 0
1037 0
1038 0
1039 1
1040 79
1041 95
1042 78
1043 182
1044 146
1045 181
1046 163
1047 156
1048 129
1049 91
1050 111
1051 122
1052 139
1053 50
1054 1
1055 1
1056 0
1057 0
1058 0
1059 0
1060 0
1061 0
1062 0
1063 1
1064 70
1065 98
1066 90
1067 165
1068 142
1069 137
1070 160
1071 149
1072 160
1073 123
1074 72
1075 84
1076 101
1077 38
1078 1
1079 0
1080 0
1081 0
1082 0
1083 0
1084 0
1085 0
1086 0
1087 4
1088 56
1089 89
1090 82
1091 166
1092 155
1093 148
1094 185
1095 170
1096 134
1097 114
1098 108
1099 152
1100 144
1101 53
1102 5
1103 0
1104 0
1105 0
1106 0
1107 0
1108 0
1109 0
1110 0
1111 3
1112 76
1113 79
1114 70
1115 177
1116 143
1117 150
1118 173
1119 137
1120 126
1121 58
1122 74
1123 69
1124 80
1125 15
1126 2
1127 1
1128 0
1129 0
1130 0
1131 0
1132 0
1133 0
1134 0
1135 4
1136 64
1137 80
1138 81
1139 191
1140 176
1141 164
1142 150
1143 133
1144 132
1145 87
1146 82
1147 99
1148 85
1149 12
1150 2
1151 0
1152 0
1153 0
1154 0
1155 0
1156 0
1157 0
1158 0
1159 1
1160 57
1161 48
1162 61
1163 75
1164 57
1165 55
1166 54
1167 58
1168 67
1169 54
1170 62
1171 79
1172 71
1173 11
1174 0
1175 0
1176 0
1177 0
1178 0
1179 0
1180 0
1181 1
1182 0
1183 2
1184 54
1185 86
1186 53
1187 24
1188 26
1189 26
1190 27
1191 15
1192 20
1193 15
1194 17
1195 7
1196 1
1197 1
1198 0
1199 0
1200 0
1201 0
1202 0
1203 0
1204 0
1205 0
1206 0
1207 2
1208 81
1209 83
1210 107
1211 154
1212 190
1213 168
1214 150
1215 202
1216 137
1217 104
1218 124
1219 137
1220 125
1221 35
1222 1
1223 0
1224 0
1225 0
1226 0
1227 0
1228 0
1229 0
1230 0
1231 3
1232 78
1233 87
1234 93
1235 173
1236 160
1237 169
1238 154
1239 153
1240 130
1241 45
1242 70
1243 117
1244 91
1245 22
1246 1
1247 1
1248 0
1249 0
1250 0
1251 0
1252 0
1253 0
1254 0
1255 3
1256 73
1257 82
1258 102
1259 168
1260 173
1261 181
1262 191
1263 137
1264 135
1265 106
1266 98
1267 85
1268 81
1269 63
1270 0
1271 1
1272 0
1273 0
1274 0
1275 0
1276 0
1277 0
1278 0
1279 5
1280 67
1281 100
1282 94
1283 187
1284 179
1285 170
1286 148
1287 185
1288 153
1289 73
1290 88
1291 141
1292 144
1293 63
1294 1
1295 0
1296 0
1297 0
1298 0
1299 0
1300 0
1301 0
1302 0
1303 5
1304 73
1305 85
1306 97
1307 189
1308 170
1309 172
1310 158
1311 169
1312 156
1313 84
1314 75
1315 80
1316 92
1317 14
1318 1
1319 0
1320 0
1321 0
1322 0
1323 0
1324 0
1325 0
1326 0
1327 1
1328 72
1329 58
1330 64
1331 69
1332 92
1333 58
1334 95
1335 102
1336 77
1337 61
1338 72
1339 69
1340 65
1341 14
1342 0
1343 1
1344 0
1345 0
1346 0
1347 0
1348 0
1349 1
1350 0
1351 3
1352 48
1353 73
1354 79
1355 39
1356 30
1357 17
1358 16
1359 25
1360 21
1361 16
1362 13
1363 8
1364 4
1365 1
1366 2
1367 0
1368 0
1369 0
1370 0
1371 0
1372 0
1373 0
1374 7
1375 16
1376 89
1377 85
1378 70
1379 202
1380 153
1381 179
1382 201
1383 168
1384 159
1385 114
1386 106
1387 104
1388 97
1389 15
1390 1
1391 0
1392 0
1393 0
1394 0
1395 0
1396 0
1397 0
1398 0
1399 3
1400 69
1401 84
1402 99
1403 181
1404 132
1405 128
1406 146
1407 139
1408 131
1409 74
1410 119
1411 168
1412 166
1413 42
1414 0
1415 5
1416 0
1417 0
1418 0
1419 0
1420 0
1421 0
1422 0
1423 7
1424 75
1425 79
1426 94
1427 171
1428 181
1429 156
1430 144
1431 188
1432 156
1433 99
1434 113
1435 137
1436 127
1437 13
1438 4
1439 3
1440 0
1441 0
1442 0
1443 0
1444 0
1445 0
1446 0
1447 5
1448 76
1449 96
1450 83
1451 194
1452 167
1453 140
1454 134
1455 135
1456 151
1457 91
1458 120
1459 129
1460 103
1461 23
1462 3
1463 5
1464 0
1465 0
1466 0
1467 0
1468 0
1469 0
1470 0
1471 3
1472 65
1473 72
1474 69
1475 65
1476 76
1477 82
1478 80
1479 63
1480 67
1481 53
1482 71
1483 83
1484 58
1485 13
1486 0
1487 0
1488 0
1489 0
1490 0
1491 0
1492 0
1493 0
1494 0
1495 4
1496 55
1497 67
1498 58
1499 26
1500 29
1501 13
1502 21
1503 17
1504 21
1505 20
1506 29
1507 13
1508 3
1509 2
1510 3
1511 2
1512 0
1513 0
1514 0
1515 0
1516 0
1517 0
1518 0
1519 9
1520 73
1521 103
1522 94
1523 180
1524 173
1525 171
1526 165
1527 163
1528 156
1529 122
1530 123
1531 163
1532 155
1533 17
1534 1
1535 2
1536 0
1537 0
1538 0
1539 0
1540 0
1541 0
1542 0
1543 7
1544 80
1545 78
1546 96
1547 201
1548 179
1549 200
1550 180
1551 198
1552 213
1553 127
1554 136
1555 195
1556 193
1557 63
1558 11
1559 3
1560 0
1561 0
1562 0
1563 0
1564 0
1565 0
1566 0
1567 8
1568 81
1569 116
1570 124
1571 208
1572 173
1573 212
1574 165
1575 175
1576 137
1577 88
1578 117
1579 124
1580 83
1581 14
1582 3
1583 2
1584 0
1585 0
1586 0
1587 0
1588 0
1589 0
1590 0
1591 8
1592 77
1593 91
1594 85
1595 207
1596 152
1597 165
1598 171
1599 144
1600 153
1601 106
1602 130
1603 195
1604 158
1605 33
1606 2
1607 2
1608 0
1609 0
1610 0
1611 0
1612 0
1613 0
1614 0
1615 6
1616 75
1617 100
1618 78
1619 164
1620 172
1621 165
1622 176
1623 174
1624 149
1625 89
1626 82
1627 132
1628 127
1629 30
1630 2
1631 8
1632 2
1633 0
1634 0
1635 0
1636 0
1637 0
1638 0
1639 3
1640 45
1641 55
1642 57
1643 71
1644 86
1645 76
1646 84
1647 87
1648 61
1649 76
1650 67
1651 83
1652 56
1653 12
1654 0
1655 2
1656 0
1657 0
1658 0
1659 0
1660 0
1661 1
1662 0
1663 6
1664 52
1665 70
1666 52
1667 33
1668 43
1669 33
1670 26
1671 23
1672 24
1673 24
1674 19
1675 12
1676 6
1677 4
1678 0
1679 0
1680 0
1681 0
1682 0
1683 0
1684 0
1685 0
1686 0
1687 5
1688 53
1689 21
1690 14
1691 90
1692 45
1693 37
1694 31
1695 45
1696 31
1697 31
1698 24
1699 37
1700 75
1701 10
1702 0
1703 3
1704 0
1705 0
1706 0
1707 0
1708 0
1709 0
1710 0
1711 5
1712 77
1713 83
1714 73
1715 198
1716 169
1717 180
1718 198
1719 198
1720 203
1721 120
1722 150
1723 179
1724 176
1725 64
1726 5
1727 4
1728 1
1729 0
1730 0
1731 0
1732 0
1733 0
1734 1
1735 10
1736 71
1737 94
1738 96
1739 221
1740 157
1741 183
1742 176
1743 157
1744 137
1745 139
1746 121
1747 151
1748 98
1749 34
1750 2
1751 1
1752 0
1753 0
1754 0
1755 0
1756 0
1757 0
1758 0
1759 7
1760 90
1761 80
1762 72
1763 208
1764 174
1765 194
1766 155
1767 190
1768 131
1769 96
1770 69
1771 124
1772 114
1773 18
1774 0
1775 2
1776 0
1777 0
1778 0
1779 0
1780 0
1781 0
1782 0
1783 9
1784 76
1785 105
1786 83
1787 193
1788 166
1789 156
1790 185
1791 167
1792 134
1793 65
1794 69
1795 106
1796 89
1797 11
1798 0
1799 2
1800 0
1801 0
1802 0
1803 0
1804 0
1805 0
1806 0
1807 2
1808 86
1809 106
1810 85
1811 117
1812 95
1813 76
1814 93
1815 86
1816 82
1817 68
1818 78
1819 84
1820 58
1821 22
1822 6
1823 1
1824 0
1825 0
1826 0
1827 0
1828 0
1829 0
1830 0
1831 6
1832 73
1833 81
1834 74
1835 36
1836 17
1837 39
1838 26
1839 35
1840 26
1841 23
1842 35
1843 16
1844 6
1845 6
1846 7
1847 2
1848 0
1849 0
1850 0
1851 0
1852 0
1853 0
1854 0
1855 5
1856 88
1857 75
1858 98
1859 203
1860 169
1861 151
1862 156
1863 158
1864 154
1865 101
1866 103
1867 149
1868 103
1869 18
1870 1
1871 3
1872 0
1873 0
1874 0
1875 0
1876 0
1877 0
1878 0
1879 7
1880 65
1881 98
1882 95
1883 204
1884 156
1885 193
1886 171
1887 171
1888 137
1889 86
1890 137
1891 151
1892 132
1893 23
1894 1
1895 5
1896 0
1897 0
1898 0
1899 0
1900 0
1901 0
1902 0
1903 5
1904 66
1905 89
1906 100
1907 195
1908 144
1909 158
1910 146
1911 153
1912 145
1913 99
1914 95
1915 171
1916 141
1917 25
1918 3
1919 1
1920 0
1921 0
1922 0
1923 0
1924 0
1925 0
1926 0
1927 8
1928 86
1929 85
1930 100
1931 195
1932 157
1933 170
1934 189
1935 148
1936 129
1937 67
1938 69
1939 113
1940 103
1941 20
1942 4
1943 5
1944 0
1945 0
1946 0
1947 0
1948 0
1949 0
1950 0
1951 12
1952 62
1953 100
1954 102
1955 217
1956 185
1957 170
1958 148
1959 167
1960 153
1961 69
1962 66
1963 98
1964 96
1965 11
1966 4
1967 2
1968 0
1969 0
1970 0
1971 0
1972 0
1973 0
1974 0
1975 4
1976 64
1977 128
1978 85
1979 81
1980 84
1981 77
1982 86
1983 75
1984 78
1985 68
1986 83
1987 88
1988 75
1989 12
1990 2
1991 5
1992 0
1993 0
1994 0
1995 0
1996 0
1997 1
1998 0
1999 4
2000 61
2001 66
2002 75
2003 52
2004 22
2005 32
2006 30
2007 22
2008 19
2009 20
2010 11
2011 14
2012 2
2013 4
2014 4
2015 0
2016 0
2017 0
2018 0
2019 0
2020 0
2021 0
2022 0
2023 5
2024 73
2025 73
2026 89
2027 196
2028 186
2029 218
2030 196
2031 216
2032 187
2033 168
2034 151
2035 162
2036 144
2037 39
2038 7
2039 0
2040 0
2041 0
2042 0
2043 0
2044 0
2045 0
2046 0
2047 6
2048 69
2049 88
2050 76
2051 200
2052 191
2053 187
2054 167
2055 174
2056 178
2057 116
2058 132
2059 169
2060 151
2061 59
2062 3
2063 2
2064 0
2065 0
2066 0
2067 0
2068 0
2069 0
2070 0
2071 5
2072 74
2073 73
2074 97
2075 223
2076 159
2077 149
2078 167
2079 154
2080 151
2081 79
2082 77
2083 143
2084 126
2085 37
2086 5
2087 4
2088 0
2089 0
2090 0
2091 0
2092 0
2093 0
2094 0
2095 5
2096 69
2097 69
2098 72
2099 208
2100 182
2101 184
2102 153
2103 179
2104 169
2105 88
2106 73
2107 101
2108 160
2109 37
2110 9
2111 3
2112 0
2113 0
2114 0
2115 0
2116 0
2117 0
2118 0
2119 6
2120 64
2121 88
2122 78
2123 206
2124 155
2125 184
2126 138
2127 155
2128 161
2129 77
2130 59
2131 69
2132 97
2133 21
2134 2
2135 0
2136 0
2137 0
2138 0
2139 0
2140 0
2141 0
2142 0
2143 6
2144 69
2145 88
2146 79
2147 112
2148 106
2149 70
2150 105
2151 95
2152 80
2153 88
2154 72
2155 114
2156 69
2157 11
2158 0
2159 0
2160 0
2161 0
2162 0
2163 0
2164 0
2165 0
2166 0
2167 3
2168 58
2169 93
2170 43
2171 16
2172 21
2173 31
2174 35
2175 18
2176 30
2177 16
2178 31
2179 13
2180 2
2181 1
2182 1
2183 0
2184 0
2185 0
2186 0
2187 0
2188 0
2189 0
2190 0
2191 5
2192 81
2193 86
2194 112
2195 190
2196 172
2197 188
2198 163
2199 208
2200 178
2201 160
2202 121
2203 178
2204 124
2205 18
2206 2
2207 1
2208 0
2209 0
2210 0
2211 0
2212 0
2213 0
2214 0
2215 6
2216 79
2217 78
2218 84
2219 212
2220 174
2221 146
2222 160
2223 191
2224 175
2225 101
2226 119
2227 163
2228 88
2229 26
2230 1
2231 2
2232 0
2233 0
2234 0
2235 0
2236 0
2237 0
2238 0
2239 5
2240 79
2241 92
2242 97
2243 210
2244 164
2245 161
2246 174
2247 178
2248 151
2249 126
2250 132
2251 104
2252 84
2253 33
2254 3
2255 3
2256 0
2257 0
2258 0
2259 0
2260 0
2261 0
2262 0
2263 7
2264 78
2265 96
2266 108
2267 202
2268 157
2269 163
2270 201
2271 170
2272 160
2273 104
2274 113
2275 189
2276 152
2277 40
2278 3
2279 1
2280 0
2281 0
2282 0
2283 0
2284 0
2285 0
2286 0
2287 0
2288 37
2289 32
2290 23
2291 67
2292 60
2293 55
2294 41
2295 66
2296 45
2297 14
2298 17
2299 30
2300 59
2301 13
2302 2
2303 2
2304 0
2305 0
2306 0
2307 0
2308 0
2309 0
2310 0
2311 3
2312 74
2313 43
2314 34
2315 58
2316 55
2317 63
2318 60
2319 57
2320 57
2321 39
2322 46
2323 48
2324 49
2325 29
2326 0
2327 2
2328 0
2329 0
2330 0
2331 0
2332 0
2333 0
2334 0
2335 4
2336 56
2337 66
2338 66
2339 34
2340 27
2341 24
2342 26
2343 17
2344 30
2345 21
2346 9
2347 9
2348 4
2349 0
2350 0
2351 0
2352 0
2353 0
2354 0
2355 0
2356 0
2357 0
2358 0
2359 4
2360 31
2361 13
2362 19
2363 81
2364 38
2365 30
2366 31
2367 58
2368 29
2369 22
2370 14
2371 20
2372 50
2373 9
2374 0
2375 1
2376 0
2377 0
2378 0
2379 0
2380 0
2381 0
2382 0
2383 6
2384 73
2385 95
2386 89
2387 181
2388 148
2389 155
2390 160
2391 179
2392 168
2393 120
2394 119
2395 191
2396 198
2397 73
2398 1
2399 2
2400 0
2401 0
2402 0
2403 0
2404 0
2405 0
2406 0
2407 2
2408 79
2409 100
2410 102
2411 190
2412 182
2413 163
2414 152
2415 143
2416 183
2417 150
2418 123
2419 180
2420 192
2421 65
2422 3
2423 1
2424 0
2425 0
2426 0
2427 0
2428 0
2429 0
2430 0
2431 4
2432 82
2433 95
2434 104
2435 188
2436 164
2437 159
2438 143
2439 171
2440 154
2441 112
2442 116
2443 164
2444 193
2445 71
2446 2
2447 4
2448 0
2449 0
2450 0
2451 0
2452 0
2453 0
2454 0
2455 9
2456 81
2457 99
2458 93
2459 170
2460 171
2461 137
2462 178
2463 207
2464 177
2465 185
2466 163
2467 190
2468 86
2469 23
2470 1
2471 6
2472 0
2473 0
2474 0
2475 0
2476 0
2477 0
2478 0
2479 2
2480 64
2481 72
2482 69
2483 80
2484 68
2485 70
2486 61
2487 68
2488 61
2489 64
2490 76
2491 98
2492 76
2493 16
2494 0
2495 3
2496 0
2497 0
2498 0
2499 0
2500 0
2501 0
2502 0
2503 4
2504 38
2505 84
2506 79
2507 30
2508 38
2509 17
2510 29
2511 26
2512 16
2513 22
2514 15
2515 12
2516 2
2517 3
2518 3
2519 5
2520 0
2521 0
2522 0
2523 0
2524 0
2525 0
2526 0
2527 8
2528 71
2529 96
2530 122
2531 211
2532 195
2533 170
2534 162
2535 164
2536 175
2537 122
2538 130
2539 164
2540 126
2541 31
2542 2
2543 3
2544 0
2545 0
2546 0
2547 0
2548 0
2549 0
2550 0
2551 5
2552 83
2553 86
2554 114
2555 209
2556 166
2557 203
2558 197
2559 179
2560 149
2561 82
2562 121
2563 168
2564 159
2565 49
2566 2
2567 4
2568 0
2569 0
2570 0
2571 0
2572 0
2573 0
2574 0
2575 5
2576 72
2577 81
2578 75
2579 189
2580 149
2581 162
2582 162
2583 153
2584 164
2585 61
2586 102
2587 121
2588 103
2589 38
2590 4
2591 0
2592 0
2593 0
2594 0
2595 0
2596 0
2597 0
2598 0
2599 3
2600 77
2601 78
2602 101
2603 192
2604 167
2605 165
2606 190
2607 179
2608 149
2609 104
2610 72
2611 102
2612 176
2613 71
2614 4
2615 2
2616 0
2617 0
2618 0
2619 0
2620 0
2621 0
2622 0
2623 9
2624 76
2625 76
2626 68
2627 195
2628 163
2629 152
2630 144
2631 173
2632 132
2633 76
2634 92
2635 120
2636 105
2637 4
2638 1
2639 1
2640 0
2641 0
2642 0
2643 0
2644 0
2645 0
2646 0
2647 1
2648 57
2649 84
2650 52
2651 64
2652 60
2653 62
2654 66
2655 78
2656 67
2657 72
2658 63
2659 84
2660 67
2661 8
2662 2
2663 0
2664 0
2665 0
2666 0
2667 0
2668 0
2669 0
2670 0
2671 5
2672 54
2673 100
2674 96
2675 46
2676 24
2677 23
2678 27
2679 39
2680 27
2681 30
2682 4
2683 12
2684 2
2685 4
2686 2
2687 2
2688 0
2689 0
2690 0
2691 0
2692 0
2693 0
2694 0
2695 5
2696 81
2697 68
2698 80
2699 190
2700 148
2701 132
2702 160
2703 174
2704 171
2705 119
2706 96
2707 174
2708 135
2709 30
2710 0
2711 2
2712 0
2713 0
2714 0
2715 0
2716 0
2717 0
2718 0
2719 6
2720 66
2721 82
2722 74
2723 183
2724 137
2725 145
2726 152
2727 162
2728 138
2729 74
2730 50
2731 60
2732 109
2733 14
2734 2
2735 0
2736 0
2737 0
2738 0
2739 0
2740 0
2741 0
2742 0
2743 1
2744 33
2745 24
2746 26
2747 83
2748 50
2749 61
2750 44
2751 70
2752 41
2753 37
2754 17
2755 28
2756 65
2757 10
2758 1
2759 2
2760 0
2761 0
2762 0
2763 0
2764 0
2765 0
2766 0
2767 4
2768 67
2769 77
2770 80
2771 196
2772 158
2773 142
2774 156
2775 153
2776 150
2777 128
2778 124
2779 143
2780 194
2781 66
2782 1
2783 3
2784 0
2785 0
2786 0
2787 0
2788 0
2789 0
2790 0
2791 5
2792 69
2793 83
2794 93
2795 198
2796 170
2797 148
2798 210
2799 182
2800 172
2801 96
2802 104
2803 153
2804 123
2805 36
2806 3
2807 1
2808 0
2809 0
2810 0
2811 0
2812 0
2813 0
2814 0
2815 2
2816 55
2817 72
2818 79
2819 91
2820 83
2821 76
2822 93
2823 89
2824 56
2825 73
2826 60
2827 82
2828 63
2829 16
2830 1
2831 0
2832 0
2833 0
2834 0
2835 0
2836 0
2837 0
2838 0
2839 4
2840 52
2841 85
2842 70
2843 38
2844 20
2845 32
2846 17
2847 28
2848 25
2849 22
2850 22
2851 7
2852 2
2853 0
2854 1
2855 3
2856 0
2857 0
2858 0
2859 0
2860 0
2861 0
2862 0
2863 5
2864 68
2865 84
2866 124
2867 222
2868 185
2869 156
2870 176
2871 198
2872 154
2873 144
2874 145
2875 194
2876 101
2877 43
2878 2
2879 0
2880 0
2881 0
2882 0
2883 0
2884 0
2885 0
2886 0
2887 5
2888 83
2889 80
2890 86
2891 167
2892 145
2893 182
2894 159
2895 174
2896 155
2897 102
2898 122
2899 155
2900 182
2901 64
2902 1
2903 2
2904 0
2905 0
2906 0
2907 0
2908 0
2909 0
2910 0
2911 3
2912 73
2913 85
2914 92
2915 175
2916 176
2917 179
2918 185
2919 209
2920 212
2921 119
2922 115
2923 162
2924 165
2925 63
2926 2
2927 4
2928 0
2929 0
2930 0
2931 0
2932 0
2933 0
2934 0
2935 5
2936 80
2937 79
2938 82
2939 172
2940 143
2941 191
2942 171
2943 185
2944 168
2945 87
2946 110
2947 124
2948 174
2949 61
2950 3
2951 4
2952 0
2953 0
2954 0
2955 0
2956 0
2957 0
2958 0
2959 6
2960 74
2961 75
2962 82
2963 210
2964 187
2965 166
2966 191
2967 201
2968 151
2969 68
2970 93
2971 124
2972 103
2973 13
2974 0
2975 0
2976 0
2977 0
2978 0
2979 0
2980 0
2981 0
2982 0
2983 6
2984 109
2985 96
2986 99
2987 100
2988 98
2989 70
2990 82
2991 68
2992 84
2993 74
2994 84
2995 65
2996 58
2997 13
2998 3
2999 0
3000 0
3001 0
3002 0
3003 0
3004 0
3005 0
3006 0
3007 10
3008 73
3009 76
3010 77
3011 37
3012 17
3013 23
3014 25
3015 22
3016 31
3017 18
3018 18
3019 20
3020 4
3021 4
3022 4
3023 1
3024 0
3025 0
3026 0
3027 0
3028 0
3029 0
3030 0
3031 4
3032 74
3033 89
3034 113
3035 187
3036 148
3037 192
3038 171
3039 147
3040 153
3041 109
3042 120
3043 137
3044 116
3045 53
3046 2
3047 0
3048 0
3049 0
3050 0
3051 0
3052 0
3053 0
3054 0
3055 7
3056 65
3057 107
3058 95
3059 213
3060 203
3061 189
3062 204
3063 186
3064 149
3065 85
3066 103
3067 182
3068 195
3069 71
3070 1
3071 4
3072 0
3073 0
3074 0
3075 0
3076 0
3077 0
3078 0
3079 5
3080 79
3081 94
3082 92
3083 226
3084 163
3085 183
3086 223
3087 163
3088 181
3089 79
3090 119
3091 104
3092 117
3093 61
3094 3
3095 0
3096 0
3097 0
3098 0
3099 0
3100 0
3101 0
3102 0
3103 3
3104 77
3105 84
3106 67
3107 196
3108 178
3109 193
3110 174
3111 166
3112 144
3113 87
3114 96
3115 176
3116 121
3117 47
3118 5
3119 2
3120 0
3121 0
3122 0
3123 0
3124 0
3125 0
3126 0
3127 5
3128 75
3129 95
3130 109
3131 194
3132 169
3133 152
3134 194
3135 175
3136 155
3137 86
3138 109
3139 142
3140 70
3141 17
3142 0
3143 0
3144 0
3145 0
3146 0
3147 0
3148 0
3149 0
3150 0
3151 3
3152 86
3153 81
3154 68
3155 61
3156 73
3157 64
3158 67
3159 84
3160 64
3161 64
3162 75
3163 78
3164 80
3165 11
3166 0
3167 4
3168 0
3169 0
3170 0
3171 0
3172 0
3173 0
3174 0
3175 7
3176 64
3177 115
3178 77
3179 28
3180 21
3181 21
3182 25
3183 22
3184 16
3185 22
3186 12
3187 8
3188 1
3189 1
3190 0
3191 1
3192 0
3193 0
3194 0
3195 0
3196 0
3197 0
3198 0
3199 7
3200 78
3201 97
3202 117
3203 205
3204 174
3205 162
3206 161
3207 190
3208 183
3209 139
3210 130
3211 110
3212 93
3213 7
3214 1
3215 4
3216 0
3217 0
3218 0
3219 0
3220 0
3221 0
3222 0
3223 6
3224 66
3225 69
3226 76
3227 193
3228 153
3229 150
3230 154
3231 167
3232 176
3233 77
3234 155
3235 129
3236 104
3237 43
3238 4
3239 1
3240 0
3241 0
3242 0
3243 0
3244 0
3245 0
3246 0
3247 5
3248 69
3249 97
3250 115
3251 188
3252 146
3253 183
3254 170
3255 166
3256 128
3257 147
3258 121
3259 163
3260 152
3261 34
3262 3
3263 2
3264 0
3265 0
3266 0
3267 0
3268 0
3269 0
3270 0
3271 5
3272 78
3273 70
3274 71
3275 227
3276 167
3277 195
3278 198
3279 185
3280 153
3281 72
3282 94
3283 156
3284 176
3285 62
3286 1
3287 3
3288 0
3289 0
3290 0
3291 0
3292 0
3293 0
3294 0
3295 10
3296 71
3297 91
3298 89
3299 222
3300 155
3301 179
3302 190
3303 173
3304 125
3305 106
3306 60
3307 83
3308 72
3309 5
3310 1
3311 0
3312 0
3313 0
3314 0
3315 0
3316 0
3317 0
3318 0
3319 7
3320 79
3321 85
3322 61
3323 73
3324 87
3325 63
3326 85
3327 67
3328 67
3329 56
3330 69
3331 75
3332 58
3333 13
3334 4
3335 2
3336 0
3337 0
3338 0
3339 0
3340 0
3341 0
3342 0
3343 14
3344 62
3345 79
3346 83
3347 40
3348 34
3349 28
3350 16
3351 27
3352 35
3353 12
3354 16
3355 12
3356 2
3357 4
3358 1
3359 2
3360 0
3361 0
3362 0
3363 0
3364 0
3365 0
3366 0
3367 3
3368 74
3369 86
3370 101
3371 180
3372 150
3373 157
3374 158
3375 169
3376 182
3377 127
3378 145
3379 141
3380 123
3381 43
3382 1
3383 0
3384 0
3385 0
3386 0
3387 0
3388 0
3389 0
3390 0
3391 8
3392 76
3393 72
3394 108
3395 220
3396 183
3397 158
3398 176
3399 159
3400 193
3401 140
3402 111
3403 175
3404 139
3405 39
3406 3
3407 0
3408 0
3409 0
3410 0
3411 0
3412 0
3413 0
3414 0
3415 5
3416 65
3417 84
3418 107
3419 174
3420 175
3421 178
3422 184
3423 162
3424 179
3425 111
3426 125
3427 155
3428 141
3429 48
3430 1
3431 1
3432 0
3433 0
3434 0
3435 0
3436 0
3437 0
3438 0
3439 9
3440 78
3441 102
3442 98
3443 203
3444 181
3445 130
3446 181
3447 141
3448 131
3449 76
3450 97
3451 109
3452 144
3453 74
3454 4
3455 0
3456 0
3457 0
3458 0
3459 0
3460 0
3461 0
3462 0
3463 5
3464 72
3465 87
3466 96
3467 192
3468 126
3469 157
3470 143
3471 146
3472 145
3473 88
3474 102
3475 89
3476 74
3477 18
3478 4
3479 3
3480 0
3481 0
3482 0
3483 0
3484 0
3485 0
3486 0
3487 4
3488 74
3489 76
3490 81
3491 76
3492 77
3493 60
3494 80
3495 92
3496 70
3497 69
3498 75
3499 88
3500 54
3501 25
3502 4
3503 0
3504 0
3505 0
3506 0
3507 0
3508 0
3509 0
3510 0
3511 4
3512 68
3513 94
3514 105
3515 42
3516 12
3517 23
3518 24
3519 30
3520 29
3521 21
3522 22
3523 14
3524 3
3525 0
3526 0
3527 2
3528 0
3529 0
3530 0
3531 0
3532 0
3533 0
3534 0
3535 5
3536 79
3537 87
3538 116
3539 194
3540 184
3541 155
3542 170
3543 170
3544 164
3545 163
3546 131
3547 149
3548 185
3549 60
3550 0
3551 0
3552 0
3553 0
3554 0
3555 0
3556 0
3557 0
3558 0
3559 6
3560 84
3561 90
3562 76
3563 181
3564 167
3565 160
3566 179
3567 159
3568 159
3569 104
3570 116
3571 137
3572 129
3573 64
3574 2
3575 0
3576 0
3577 0
3578 0
3579 0
3580 0
3581 0
3582 0
3583 10
3584 87
3585 108
3586 109
3587 201
3588 160
3589 176
3590 150
3591 164
3592 178
3593 121
3594 118
3595 174
3596 168
3597 37
3598 1
3599 2
3600 0
3601 0
3602 0
3603 0
3604 0
3605 0
3606 0
3607 5
3608 82
3609 78
3610 94
3611 197
3612 177
3613 185
3614 157
3615 192
3616 166
3617 80
3618 125
3619 162
3620 142
3621 26
3622 2
3623 3
3624 0
3625 0
3626 0
3627 0
3628 0
3629 0
3630 0
3631 6
3632 82
3633 101
3634 98
3635 202
3636 217
3637 173
3638 165
3639 188
3640 152
3641 95
3642 106
3643 114
3644 114
3645 10
3646 1
3647 2
3648 0
3649 0
3650 0
3651 0
3652 0
3653 0
3654 0
3655 6
3656 88
3657 100
3658 78
3659 71
3660 61
3661 65
3662 93
3663 80
3664 68
3665 57
3666 83
3667 86
3668 69
3669 13
3670 0
3671 1
3672 0
3673 0
3674 0
3675 0
3676 0
3677 0
3678 0
3679 4
3680 62
3681 65
3682 80
3683 71
3684 19
3685 32
3686 22
3687 28
3688 19
3689 19
3690 21
3691 7
3692 2
3693 3
3694 2
3695 1
3696 0
3697 0
3698 0
3699 0
3700 0
3701 0
3702 0
3703 5
3704 80
3705 101
3706 92
3707 207
3708 165
3709 152
3710 195
3711 123
3712 175
3713 120
3714 111
3715 143
3716 81
3717 24
3718 1
3719 1
3720 0
3721 0
3722 0
3723 0
3724 0
3725 0
3726 0
3727 6
3728 69
3729 85
3730 87
3731 171
3732 195
3733 186
3734 151
3735 164
3736 164
3737 104
3738 107
3739 172
3740 117
3741 53
3742 1
3743 1
3744 0
3745 0
3746 0
3747 0
3748 0
3749 0
3750 0
3751 3
3752 79
3753 89
3754 84
3755 207
3756 164
3757 142
3758 150
3759 178
3760 169
3761 85
3762 98
3763 112
3764 96
3765 14
3766 1
3767 1
3768 0
3769 0
3770 0
3771 0
3772 0
3773 0
3774 0
3775 3
3776 64
3777 76
3778 75
3779 179
3780 170
3781 156
3782 189
3783 141
3784 141
3785 71
3786 128
3787 196
3788 131
3789 34
3790 1
3791 2
3792 0
3793 0
3794 0
3795 0
3796 0
3797 0
3798 0
3799 4
3800 61
3801 122
3802 83
3803 188
3804 172
3805 149
3806 178
3807 186
3808 154
3809 86
3810 86
3811 75
3812 115
3813 13
3814 0
3815 0
3816 0
3817 0
3818 0
3819 0
3820 0
3821 0
3822 0
3823 2
3824 70
3825 63
3826 79
3827 87
3828 83
3829 69
3830 93
3831 66
3832 59
3833 65
3834 53
3835 92
3836 44
3837 10
3838 1
3839 5
3840 0
3841 0
3842 0
3843 0
3844 0
3845 0
3846 0
3847 4
3848 63
3849 78
3850 63
3851 41
3852 19
3853 26
3854 26
3855 23
3856 19
3857 28
3858 28
3859 12
3860 0
3861 2
3862 1
3863 1
3864 0
3865 0
3866 0
3867 0
3868 0
3869 0
3870 0
3871 5
3872 38
3873 20
3874 19
3875 115
3876 78
3877 42
3878 50
3879 55
3880 52
3881 20
3882 12
3883 27
3884 62
3885 6
3886 2
3887 0
3888 0
3889 0
3890 0
3891 0
3892 0
3893 0
3894 0
3895 4
3896 81
3897 90
3898 122
3899 186
3900 166
3901 167
3902 186
3903 176
3904 168
3905 106
3906 113
3907 180
3908 200
3909 66
3910 0
3911 0
3912 0
3913 0
3914 0
3915 0
3916 0
3917 0
3918 0
3919 6
3920 72
3921 100
3922 92
3923 233
3924 177
3925 156
3926 188
3927 193
3928 155
3929 125
3930 112
3931 134
3932 157
3933 39
3934 2
3935 1
3936 0
3937 0
3938 0
3939 0
3940 0
3941 0
3942 0
3943 7
3944 73
3945 86
3946 87
3947 178
3948 157
3949 109
3950 170
3951 161
3952 136
3953 81
3954 99
3955 145
3956 116
3957 42
3958 2
3959 2
3960 0
3961 0
3962 0
3963 0
3964 0
3965 0
3966 0
3967 4
3968 75
3969 88
3970 75
3971 190
3972 184
3973 200
3974 162
3975 197
3976 159
3977 73
3978 82
3979 118
3980 106
3981 38
3982 2
3983 4
3984 0
3985 0
3986 0
3987 0
3988 0
3989 0
3990 0
3991 1
3992 74
3993 66
3994 44
3995 65
3996 61
3997 48
3998 66
3999 69
4000 70
4001 55
4002 69
4003 80
4004 56
4005 14
4006 2
4007 3
4008 0
4009 0
4010 0
4011 0
4012 0
4013 0
4014 0
4015 4
4016 64
4017 76
4018 87
4019 71
4020 28
4021 25
4022 29
4023 22
4024 28
4025 29
4026 14
4027 4
4028 2
4029 1
4030 3
4031 0
4032 0
4033 0
4034 0
4035 0
4036 0
4037 0
4038 0
4039 6
4040 72
4041 97
4042 83
4043 188
4044 181
4045 161
4046 176
4047 210
4048 211
4049 146
4050 120
4051 169
4052 115
4053 19
4054 1
4055 3
4056 0
4057 0
4058 0
4059 0
4060 0
4061 0
4062 0
4063 3
4064 68
4065 66
4066 85
4067 194
4068 162
4069 145
4070 152
4071 170
4072 140
4073 130
4074 121
4075 147
4076 147
4077 58
4078 2
4079 6
4080 0
4081 0
4082 0
4083 0
4084 0
4085 0
4086 0
4087 10
4088 75
4089 75
4090 112
4091 181
4092 188
4093 201
4094 175
4095 159
4096 129
4097 82
4098 118
4099 130
4100 124
4101 52
4102 0
4103 1
4104 0
4105 0
4106 0
4107 0
4108 0
4109 0
4110 0
4111 8
4112 65
4113 69
4114 62
4115 159
4116 180
4117 133
4118 136
4119 171
4120 173
4121 78
4122 79
4123 79
4124 94
4125 20
4126 4
4127 0
4128 0
4129 0
4130 0
4131 0
4132 0
4133 0
4134 0
4135 8
4136 62
4137 75
4138 96
4139 221
4140 158
4141 147
4142 198
4143 155
4144 117
4145 87
4146 112
4147 104
4148 94
4149 30
4150 5
4151 0
4152 0
4153 0
4154 0
4155 0
4156 0
4157 0
4158 0
4159 3
4160 81
4161 110
4162 109
4163 86
4164 80
4165 80
4166 95
4167 88
4168 80
4169 57
4170 72
4171 91
4172 60
4173 12
4174 0
4175 1
4176 0
4177 0
4178 0
4179 0
4180 0
4181 0
4182 0
4183 2
4184 61
4185 98
4186 90
4187 80
4188 27
4189 25
4190 31
4191 25
4192 21
4193 21
4194 11
4195 6
4196 0
4197 2
4198 0
4199 0
4200 0
4201 0
4202 0
4203 0
4204 0
4205 0
4206 0
4207 3
4208 57
4209 91
4210 57
4211 174
4212 172
4213 173
4214 157
4215 182
4216 143
4217 130
4218 116
4219 171
4220 118
4221 29
4222 0
4223 0
4224 0
4225 0
4226 0
4227 0
4228 0
4229 0
4230 0
4231 2
4232 68
4233 76
4234 94
4235 176
4236 161
4237 160
4238 178
4239 189
4240 158
4241 107
4242 128
4243 186
4244 167
4245 41
4246 1
4247 1
4248 0
4249 0
4250 0
4251 0
4252 0
4253 0
4254 0
4255 6
4256 69
4257 106
4258 100
4259 165
4260 144
4261 145
4262 146
4263 171
4264 138
4265 91
4266 114
4267 139
4268 99
4269 42
4270 1
4271 1
4272 0
4273 0
4274 0
4275 0
4276 0
4277 0
4278 0
4279 5
4280 68
4281 75
4282 76
4283 191
4284 150
4285 158
4286 136
4287 141
4288 138
4289 89
4290 73
4291 98
4292 104
4293 34
4294 0
4295 5
4296 0
4297 0
4298 0
4299 0
4300 0
4301 0
4302 0
4303 3
4304 64
4305 89
4306 76
4307 181
4308 156
4309 159
4310 163
4311 166
4312 166
4313 124
4314 101
4315 118
4316 108
4317 11
4318 3
4319 0
4320 0
4321 0
4322 0
4323 0
4324 0
4325 0
4326 0
4327 3
4328 75
4329 68
4330 75
4331 77
4332 70
4333 51
4334 76
4335 59
4336 64
4337 69
4338 62
4339 88
4340 60
4341 6
4342 1
4343 2
4344 0
4345 0
4346 0
4347 0
4348 0
4349 0
4350 0
4351 1
4352 57
4353 103
4354 82
4355 53
4356 35
4357 34
4358 35
4359 24
4360 40
4361 15
4362 17
4363 11
4364 2
4365 2
4366 1
4367 2
4368 0
4369 0
4370 0
4371 0
4372 0
4373 0
4374 0
4375 2
4376 64
4377 90
4378 76
4379 195
4380 167
4381 169
4382 166
4383 176
4384 163
4385 109
4386 141
4387 125
4388 121
4389 31
4390 1
4391 1
4392 0
4393 0
4394 0
4395 0
4396 0
4397 0
4398 0
4399 4
4400 77
4401 78
4402 98
4403 154
4404 156
4405 155
4406 185
4407 176
4408 146
4409 145
4410 111
4411 114
4412 82
4413 12
4414 3
4415 3
4416 0
4417 0
4418 0
4419 0
4420 0
4421 0
4422 0
4423 6
4424 70
4425 76
4426 92
4427 212
4428 163
4429 125
4430 167
4431 147
4432 155
4433 147
4434 135
4435 161
4436 103
4437 17
4438 1
4439 3
4440 0
4441 0
4442 0
4443 0
4444 0
4445 0
4446 0
4447 6
4448 62
4449 85
4450 89
4451 220
4452 175
4453 186
4454 171
4455 150
4456 148
4457 81
4458 110
4459 157
4460 173
4461 30
4462 2
4463 3
4464 0
4465 0
4466 0
4467 0
4468 0
4469 0
4470 0
4471 7
4472 64
4473 97
4474 94
4475 220
4476 149
4477 158
4478 162
4479 172
4480 183
4481 90
4482 112
4483 125
4484 113
4485 15
4486 0
4487 0
4488 0
4489 0
4490 0
4491 0
4492 0
4493 0
4494 0
4495 2
4496 81
4497 88
4498 82
4499 61
4500 66
4501 66
4502 64
4503 78
4504 60
4505 75
4506 75
4507 108
4508 52
4509 6
4510 0
4511 0
4512 0
4513 0
4514 0
4515 0
4516 0
4517 0
4518 0
4519 2
4520 61
4521 58
4522 88
4523 50
4524 32
4525 30
4526 25
4527 19
4528 23
4529 27
4530 25
4531 8
4532 4
4533 4
4534 2
4535 0
4536 0
4537 0
4538 0
4539 0
4540 0
4541 0
4542 0
4543 3
4544 63
4545 98
4546 88
4547 188
4548 183
4549 148
4550 160
4551 168
4552 152
4553 102
4554 108
4555 131
4556 181
4557 65
4558 2
4559 1
4560 0
4561 0
4562 0
4563 0
4564 0
4565 0
4566 0
4567 5
4568 65
4569 102
4570 85
4571 146
4572 155
4573 168
4574 183
4575 173
4576 144
4577 116
4578 142
4579 164
4580 119
4581 48
4582 2
4583 3
4584 0
4585 0
4586 0
4587 0
4588 0
4589 0
4590 0
4591 3
4592 50
4593 63
4594 64
4595 152
4596 149
4597 145
4598 137
4599 126
4600 150
4601 115
4602 130
4603 130
4604 110
4605 34
4606 2
4607 1
4608 0
4609 0
4610 0
4611 0
4612 0
4613 0
4614 0
4615 8
4616 59
4617 64
4618 89
4619 184
4620 171
4621 180
4622 190
4623 157
4624 125
4625 88
4626 56
4627 64
4628 80
4629 49
4630 3
4631 2
4632 0
4633 0
4634 0
4635 0
4636 0
4637 0
4638 0
4639 2
4640 67
4641 103
4642 96
4643 215
4644 185
4645 138
4646 188
4647 169
4648 140
4649 137
4650 80
4651 115
4652 114
4653 11
4654 0
4655 1
4656 0
4657 0
4658 0
4659 0
4660 0
4661 0
4662 0
4663 2
4664 118
4665 89
4666 84
4667 71
4668 81
4669 70
4670 90
4671 51
4672 56
4673 66
4674 69
4675 102
4676 68
4677 9
4678 0
4679 1
4680 0
4681 0
4682 0
4683 0
4684 0
4685 0
4686 0
4687 2
4688 68
4689 96
4690 72
4691 45
4692 23
4693 17
4694 18
4695 27
4696 23
4697 18
4698 18
4699 8
4700 0
4701 1
4702 0
4703 1
4704 0
4705 0
4706 0
4707 0
4708 0
4709 0
4710 0
4711 2
4712 68
4713 75
4714 95
4715 220
4716 164
4717 146
4718 177
4719 176
4720 175
4721 142
4722 122
4723 143
4724 109
4725 28
4726 1
4727 0
4728 0
4729 0
4730 0
4731 0
4732 0
4733 0
4734 0
4735 6
4736 65
4737 67
4738 92
4739 218
4740 138
4741 159
4742 144
4743 182
4744 144
4745 108
4746 129
4747 171
4748 166
4749 52
4750 0
4751 3
4752 0
4753 0
4754 0
4755 0
4756 0
4757 0
4758 0
4759 6
4760 61
4761 74
4762 101
4763 189
4764 173
4765 158
4766 169
4767 184
4768 137
4769 83
4770 117
4771 119
4772 120
4773 22
4774 0
4775 2
4776 0
4777 0
4778 0
4779 0
4780 0
4781 0
4782 0
4783 5
4784 60
4785 86
4786 64
4787 156
4788 140
4789 159
4790 129
4791 148
4792 103
4793 79
4794 102
4795 130
4796 122
4797 25
4798 4
4799 2
4800 0
4801 0
4802 0
4803 0
4804 0
4805 0
4806 0
4807 5
4808 62
4809 93
4810 84
4811 199
4812 162
4813 158
4814 183
4815 149
4816 150
4817 93
4818 105
4819 128
4820 111
4821 11
4822 2
4823 4
4824 0
4825 0
4826 0
4827 0
4828 0
4829 0
4830 0
4831 2
4832 81
4833 108
4834 62
4835 57
4836 80
4837 83
4838 56
4839 75
4840 74
4841 53
4842 74
4843 77
4844 66
4845 11
4846 0
4847 2
4848 0
4849 0
4850 0
4851 0
4852 0
4853 0
4854 0
4855 1
4856 60
4857 69
4858 102
4859 46
4860 34
4861 23
4862 23
4863 38
4864 18
4865 21
4866 13
4867 10
4868 1
4869 2
4870 0
4871 1
4872 0
4873 0
4874 0
4875 0
4876 0
4877 0
4878 0
4879 6
4880 60
4881 81
4882 98
4883 180
4884 158
4885 134
4886 170
4887 172
4888 158
4889 58
4890 109
4891 152
4892 128
4893 57
4894 1
4895 1
4896 0
4897 0
4898 0
4899 0
4900 0
4901 0
4902 0
4903 4
4904 66
4905 92
4906 93
4907 164
4908 147
4909 163
4910 181
4911 143
4912 93
4913 109
4914 145
4915 134
4916 103
4917 44
4918 0
4919 1
4920 0
4921 0
4922 0
4923 0
4924 0
4925 0
4926 0
4927 6
4928 58
4929 53
4930 60
4931 172
4932 139
4933 139
4934 147
4935 131
4936 119
4937 102
4938 147
4939 118
4940 95
4941 22
4942 3
4943 0
4944 0
4945 0
4946 0
4947 0
4948 0
4949 0
4950 0
4951 8
4952 66
4953 55
4954 61
4955 187
4956 112
4957 184
4958 155
4959 125
4960 108
4961 65
4962 64
4963 84
4964 77
4965 27
4966 4
4967 3
4968 0
4969 0
4970 0
4971 0
4972 0
4973 0
4974 0
4975 9
4976 51
4977 82
4978 74
4979 170
4980 142
4981 132
4982 165
4983 139
4984 150
4985 74
4986 120
4987 120
4988 96
4989 5
4990 2
4991 0
4992 0
4993 0
4994 0
4995 0
4996 0
4997 0
4998 0
4999 4
5000 72
5001 109
5002 77
5003 72
5004 66
5005 57
5006 77
5007 85
5008 50
5009 72
5010 73
5011 74
5012 57
5013 10
5014 2
5015 3
5016 0
5017 0
5018 0
5019 0
5020 0
5021 0
5022 0
5023 3
5024 56
5025 74
5026 64
5027 49
5028 27
5029 16
5030 22
5031 23
5032 31
5033 27
5034 24
5035 7
5036 3
5037 3
5038 1
5039 0
5040 0
5041 0
5042 0
5043 0
5044 0
5045 0
5046 0
5047 7
5048 61
5049 88
5050 88
5051 170
5052 156
5053 170
5054 166
5055 200
5056 199
5057 116
5058 91
5059 125
5060 143
5061 36
5062 0
5063 2
5064 0
5065 0
5066 0
5067 0
5068 0
5069 0
5070 0
5071 6
5072 65
5073 72
5074 86
5075 164
5076 175
5077 185
5078 149
5079 145
5080 137
5081 101
5082 65
5083 120
5084 72
5085 16
5086 2
5087 0
5088 0
5089 0
5090 0
5091 0
5092 0
5093 0
5094 0
5095 4
5096 60
5097 71
5098 50
5099 154
5100 120
5101 153
5102 143
5103 156
5104 153
5105 82
5106 93
5107 122
5108 109
5109 57
5110 1
5111 3
5112 0
5113 0
5114 0
5115 0
5116 0
5117 0
5118 0
5119 7
5120 60
5121 70
5122 62
5123 177
5124 129
5125 150
5126 165
5127 178
5128 189
5129 110
5130 106
5131 121
5132 119
5133 35
5134 2
5135 2
5136 0
5137 0
5138 0
5139 0
5140 0
5141 0
5142 0
5143 4
5144 72
5145 73
5146 86
5147 174
5148 134
5149 128
5150 134
5151 147
5152 133
5153 97
5154 101
5155 109
5156 104
5157 12
5158 1
5159 3
5160 0
5161 0
5162 0
5163 0
5164 0
5165 0
5166 0
5167 3
5168 83
5169 87
5170 55
5171 76
5172 78
5173 68
5174 73
5175 70
5176 60
5177 41
5178 65
5179 75
5180 70
5181 8
5182 4
5183 0
5184 0
5185 0
5186 0
5187 0
5188 0
5189 0
5190 0
5191 1
5192 55
5193 60
5194 56
5195 40
5196 22
5197 20
5198 14
5199 31
5200 24
5201 20
5202 19
5203 17
5204 5
5205 1
5206 0
5207 1
5208 0
5209 0
5210 0
5211 0
5212 0
5213 0
5214 0
5215 6
5216 67
5217 89
5218 85
5219 147
5220 158
5221 142
5222 166
5223 161
5224 154
5225 107
5226 112
5227 116
5228 72
5229 27
5230 1
5231 1
5232 0
5233 0
5234 0
5235 0
5236 0
5237 0
5238 0
5239 8
5240 65
5241 57
5242 92
5243 177
5244 170
5245 151
5246 188
5247 138
5248 101
5249 81
5250 126
5251 143
5252 84
5253 27
5254 1
5255 1
5256 0
5257 0
5258 0
5259 0
5260 0
5261 0
5262 0
5263 6
5264 60
5265 44
5266 79
5267 160
5268 167
5269 158
5270 146
5271 168
5272 138
5273 87
5274 106
5275 94
5276 118
5277 29
5278 0
5279 2
5280 0
5281 0
5282 0
5283 0
5284 0
5285 0
5286 0
5287 7
5288 68
5289 78
5290 81
5291 179
5292 159
5293 153
5294 156
5295 165
5296 133
5297 83
5298 82
5299 73
5300 92
5301 20
5302 4
5303 4
5304 0
5305 0
5306 0
5307 0
5308 0
5309 0
5310 0
5311 7
5312 58
5313 73
5314 66
5315 202
5316 133
5317 163
5318 145
5319 190
5320 165
5321 75
5322 94
5323 69
5324 81
5325 30
5326 3
5327 2
5328 0
5329 0
5330 0
5331 0
5332 0
5333 0
5334 0
5335 3
5336 89
5337 104
5338 58
5339 63
5340 81
5341 81
5342 77
5343 58
5344 53
5345 84
5346 63
5347 99
5348 50
5349 9
5350 2
5351 1
5352 0
5353 0
5354 0
5355 0
5356 0
5357 0
5358 0
5359 2
5360 70
5361 87
5362 87
5363 35
5364 16
5365 19
5366 22
5367 19
5368 25
5369 21
5370 17
5371 12
5372 3
5373 4
5374 3
5375 0
5376 0
5377 0
5378 0
5379 0
5380 0
5381 0
5382 0
5383 4
5384 73
5385 89
5386 106
5387 183
5388 120
5389 163
5390 135
5391 130
5392 132
5393 122
5394 132
5395 131
5396 132
5397 34
5398 1
5399 2
5400 0
5401 0
5402 0
5403 0
5404 0
5405 0
5406 0
5407 7
5408 76
5409 85
5410 77
5411 164
5412 145
5413 201
5414 175
5415 184
5416 141
5417 104
5418 96
5419 113
5420 110
5421 46
5422 1
5423 2
5424 0
5425 0
5426 0
5427 0
5428 0
5429 0
5430 0
5431 5
5432 64
5433 88
5434 99
5435 184
5436 178
5437 194
5438 162
5439 187
5440 177
5441 112
5442 129
5443 138
5444 87
5445 18
5446 6
5447 2
5448 0
5449 0
5450 0
5451 0
5452 0
5453 0
5454 0
5455 5
5456 66
5457 88
5458 90
5459 215
5460 156
5461 171
5462 151
5463 183
5464 183
5465 103
5466 104
5467 108
5468 94
5469 45
5470 4
5471 1
5472 0
5473 0
5474 0
5475 0
5476 0
5477 0
5478 0
5479 7
5480 71
5481 70
5482 80
5483 202
5484 174
5485 164
5486 135
5487 172
5488 144
5489 88
5490 91
5491 109
5492 73
5493 13
5494 0
5495 2
5496 0
5497 0
5498 0
5499 0
5500 0
5501 0
5502 0
5503 4
5504 88
5505 109
5506 69
5507 70
5508 79
5509 76
5510 85
5511 69
5512 67
5513 62
5514 54
5515 115
5516 59
5517 10
5518 2
5519 0
5520 0
5521 0
5522 0
5523 0
5524 0
5525 0
5526 0
5527 4
5528 33
5529 98
5530 89
5531 38
5532 22
5533 20
5534 25
5535 21
5536 11
5537 21
5538 17
5539 8
5540 0
5541 2
5542 4
5543 2
5544 0
5545 0
5546 0
5547 0
5548 0
5549 0
5550 0
5551 7
5552 80
5553 81
5554 94
5555 188
5556 143
5557 149
5558 160
5559 167
5560 157
5561 155
5562 128
5563 131
5564 70
5565 16
5566 4
5567 1
5568 0
5569 0
5570 0
5571 0
5572 0
5573 0
5574 0
5575 7
5576 62
5577 84
5578 88
5579 194
5580 161
5581 171
5582 178
5583 180
5584 159
5585 104
5586 118
5587 104
5588 147
5589 40
5590 0
5591 2
5592 0
5593 0
5594 0
5595 0
5596 0
5597 0
5598 0
5599 6
5600 63
5601 69
5602 85
5603 167
5604 144
5605 157
5606 133
5607 143
5608 168
5609 79
5610 94
5611 138
5612 124
5613 42
5614 3
5615 2
5616 0
5617 0
5618 0
5619 0
5620 0
5621 0
5622 0
5623 4
5624 71
5625 61
5626 65
5627 172
5628 154
5629 159
5630 198
5631 131
5632 153
5633 60
5634 88
5635 82
5636 98
5637 20
5638 2
5639 2
5640 0
5641 0
5642 0
5643 0
5644 0
5645 0
5646 0
5647 6
5648 70
5649 79
5650 83
5651 196
5652 175
5653 172
5654 176
5655 142
5656 154
5657 108
5658 129
5659 117
5660 104
5661 14
5662 2
5663 1
5664 0
5665 0
5666 0
5667 0
5668 0
5669 0
5670 0
5671 4
5672 82
5673 121
5674 79
5675 80
5676 86
5677 46
5678 67
5679 74
5680 85
5681 69
5682 72
5683 81
5684 71
5685 12
5686 0
5687 1
5688 0
5689 0
5690 0
5691 0
5692 0
5693 0
5694 0
5695 5
5696 46
5697 89
5698 101
5699 49
5700 31
5701 23
5702 32
5703 22
5704 31
5705 21
5706 32
5707 10
5708 0
5709 3
5710 2
5711 1
5712 0
5713 0
5714 0
5715 0
5716 0
5717 0
5718 0
5719 4
5720 69
5721 91
5722 109
5723 199
5724 205
5725 138
5726 174
5727 170
5728 173
5729 109
5730 125
5731 131
5732 104
5733 31
5734 1
5735 3
5736 0
5737 0
5738 0
5739 0
5740 0
5741 0
5742 0
5743 4
5744 58
5745 68
5746 91
5747 198
5748 142
5749 136
5750 188
5751 152
5752 149
5753 91
5754 113
5755 161
5756 134
5757 40
5758 2
5759 3
5760 0
5761 0
5762 0
5763 0
5764 0
5765 0
5766 0
5767 7
5768 68
5769 66
5770 75
5771 166
5772 184
5773 155
5774 179
5775 226
5776 199
5777 108
5778 115
5779 125
5780 97
5781 35
5782 4
5783 1
5784 0
5785 0
5786 0
5787 0
5788 0
5789 0
5790 0
5791 5
5792 68
5793 95
5794 72
5795 197
5796 183
5797 159
5798 213
5799 145
5800 134
5801 96
5802 140
5803 119
5804 145
5805 37
5806 1
5807 1
5808 0
5809 0
5810 0
5811 0
5812 0
5813 0
5814 0
5815 7
5816 78
5817 64
5818 71
5819 192
5820 157
5821 134
5822 148
5823 178
5824 167
5825 93
5826 114
5827 98
5828 76
5829 22
5830 5
5831 2
5832 0
5833 0
5834 0
5835 0
5836 0
5837 0
5838 0
5839 4
5840 80
5841 67
5842 63
5843 69
5844 63
5845 64
5846 74
5847 63
5848 52
5849 59
5850 73
5851 80
5852 79
5853 11
5854 2
5855 0
5856 0
5857 0
5858 0
5859 0
5860 0
5861 0
5862 0
5863 4
5864 57
5865 76
5866 74
5867 40
5868 21
5869 29
5870 19
5871 24
5872 19
5873 15
5874 21
5875 11
5876 0
5877 2
5878 3
5879 1
5880 0
5881 0
5882 0
5883 0
5884 0
5885 0
5886 0
5887 5
5888 69
5889 87
5890 94
5891 169
5892 154
5893 172
5894 161
5895 158
5896 172
5897 107
5898 121
5899 129
5900 146
5901 34
5902 2
5903 1
5904 0
5905 0
5906 0
5907 0
5908 0
5909 0
5910 0
5911 3
5912 67
5913 77
5914 107
5915 198
5916 159
5917 192
5918 222
5919 156
5920 151
5921 143
5922 112
5923 188
5924 142
5925 39
5926 2
5927 3
5928 0
5929 0
5930 0
5931 0
5932 0
5933 0
5934 0
5935 10
5936 64
5937 72
5938 77
5939 199
5940 132
5941 168
5942 141
5943 148
5944 125
5945 80
5946 77
5947 90
5948 107
5949 22
5950 1
5951 1
5952 0
5953 0
5954 0
5955 0
5956 0
5957 0
5958 0
5959 9
5960 76
5961 89
5962 93
5963 226
5964 157
5965 200
5966 200
5967 162
5968 139
5969 136
5970 141
5971 119
5972 133
5973 29
5974 2
5975 0
5976 0
5977 0
5978 0
5979 0
5980 0
5981 0
5982 0
5983 8
5984 76
5985 88
5986 88
5987 183
5988 205
5989 136
5990 153
5991 162
5992 176
5993 111
5994 112
5995 118
5996 61
5997 38
5998 0
5999 4
6000 0
6001 0
6002 0
6003 0
6004 0
6005 0
6006 0
6007 3
6008 84
6009 93
6010 62
6011 74
6012 91
6013 84
6014 82
6015 60
6016 62
6017 70
6018 50
6019 82
6020 56
6021 17
6022 1
6023 2
6024 0
6025 0
6026 0
6027 0
6028 0
6029 0
6030 0
6031 3
6032 73
6033 109
6034 98
6035 67
6036 30
6037 16
6038 27
6039 27
6040 24
6041 19
6042 23
6043 10
6044 1
6045 2
6046 2
6047 2
6048 0
6049 0
6050 0
6051 0
6052 0
6053 0
6054 0
6055 4
6056 70
6057 94
6058 95
6059 207
6060 200
6061 136
6062 179
6063 176
6064 137
6065 93
6066 121
6067 149
6068 117
6069 33
6070 1
6071 1
6072 0
6073 0
6074 0
6075 0
6076 0
6077 0
6078 0
6079 4
6080 71
6081 97
6082 80
6083 208
6084 151
6085 189
6086 135
6087 169
6088 150
6089 117
6090 117
6091 117
6092 126
6093 52
6094 0
6095 0
6096 0
6097 0
6098 0
6099 0
6100 0
6101 0
6102 0
6103 3
6104 64
6105 76
6106 71
6107 175
6108 152
6109 154
6110 164
6111 164
6112 127
6113 82
6114 104
6115 98
6116 141
6117 24
6118 3
6119 2
6120 0
6121 0
6122 0
6123 0
6124 0
6125 0
6126 0
6127 5
6128 59
6129 65
6130 59
6131 181
6132 157
6133 140
6134 132
6135 140
6136 128
6137 71
6138 64
6139 66
6140 110
6141 21
6142 3
6143 4
6144 0
6145 0
6146 0
6147 0
6148 0
6149 0
6150 0
6151 7
6152 66
6153 89
6154 78
6155 185
6156 192
6157 165
6158 162
6159 152
6160 175
6161 89
6162 82
6163 82
6164 94
6165 19
6166 1
6167 3
6168 0
6169 0
6170 0
6171 0
6172 0
6173 0
6174 0
6175 5
6176 90
6177 98
6178 58
6179 58
6180 61
6181 60
6182 74
6183 73
6184 65
6185 53
6186 58
6187 76
6188 63
6189 13
6190 1
6191 0
6192 0
6193 0
6194 0
6195 0
6196 0
6197 0
6198 0
6199 3
6200 66
6201 62
6202 87
6203 48
6204 29
6205 35
6206 27
6207 24
6208 30
6209 28
6210 23
6211 10
6212 2
6213 2
6214 1
6215 2
6216 0
6217 0
6218 0
6219 0
6220 0
6221 0
6222 0
6223 4
6224 72
6225 83
6226 101
6227 209
6228 185
6229 167
6230 164
6231 164
6232 147
6233 123
6234 95
6235 116
6236 134
6237 37
6238 3
6239 1
6240 0
6241 0
6242 0
6243 0
6244 0
6245 0
6246 0
6247 3
6248 72
6249 78
6250 84
6251 184
6252 169
6253 148
6254 146
6255 142
6256 132
6257 77
6258 85
6259 116
6260 144
6261 35
6262 2
6263 0
6264 0
6265 0
6266 0
6267 0
6268 0
6269 0
6270 0
6271 5
6272 60
6273 91
6274 61
6275 183
6276 209
6277 183
6278 186
6279 168
6280 139
6281 73
6282 105
6283 120
6284 119
6285 41
6286 3
6287 0
6288 0
6289 0
6290 0
6291 0
6292 0
6293 0
6294 0
6295 5
6296 66
6297 52
6298 82
6299 194
6300 187
6301 157
6302 169
6303 168
6304 135
6305 83
6306 56
6307 103
6308 136
6309 25
6310 2
6311 1
6312 0
6313 0
6314 0
6315 0
6316 0
6317 0
6318 0
6319 6
6320 72
6321 92
6322 69
6323 183
6324 160
6325 151
6326 178
6327 175
6328 149
6329 76
6330 110
6331 130
6332 69
6333 31
6334 1
6335 3
6336 0
6337 0
6338 0
6339 0
6340 0
6341 0
6342 0
6343 2
6344 60
6345 76
6346 57
6347 75
6348 82
6349 75
6350 86
6351 83
6352 68
6353 80
6354 56
6355 93
6356 58
6357 14
6358 0
6359 1
6360 0
6361 0
6362 0
6363 0
6364 0
6365 0
6366 0
6367 9
6368 68
6369 96
6370 66
6371 61
6372 25
6373 24
6374 16
6375 35
6376 26
6377 21
6378 14
6379 18
6380 1
6381 3
6382 1
6383 3
6384 0
6385 0
6386 0
6387 0
6388 0
6389 0
6390 0
6391 4
6392 67
6393 95
6394 92
6395 163
6396 168
6397 141
6398 146
6399 148
6400 186
6401 106
6402 113
6403 113
6404 102
6405 29
6406 1
6407 3
6408 0
6409 0
6410 0
6411 0
6412 0
6413 0
6414 0
6415 6
6416 67
6417 92
6418 106
6419 196
6420 151
6421 173
6422 195
6423 177
6424 168
6425 94
6426 127
6427 173
6428 164
6429 69
6430 5
6431 3
6432 0
6433 0
6434 0
6435 0
6436 0
6437 0
6438 0
6439 3
6440 74
6441 87
6442 78
6443 182
6444 145
6445 169
6446 167
6447 142
6448 123
6449 97
6450 103
6451 144
6452 114
6453 30
6454 0
6455 5
6456 0
6457 0
6458 0
6459 0
6460 0
6461 0
6462 0
6463 6
6464 73
6465 77
6466 73
6467 150
6468 151
6469 138
6470 143
6471 148
6472 133
6473 72
6474 68
6475 82
6476 82
6477 23
6478 5
6479 3
6480 0
6481 0
6482 0
6483 0
6484 0
6485 0
6486 0
6487 3
6488 73
6489 95
6490 81
6491 183
6492 130
6493 139
6494 115
6495 148
6496 134
6497 79
6498 93
6499 82
6500 74
6501 17
6502 2
6503 3
6504 0
6505 0
6506 0
6507 0
6508 0
6509 0
6510 0
6511 3
6512 83
6513 89
6514 64
6515 64
6516 68
6517 62
6518 49
6519 38
6520 34
6521 33
6522 46
6523 72
6524 52
6525 16
6526 10
6527 8
6528 0
6529 0
6530 0
6531 0
6532 0
6533 0
6534 0
6535 7
6536 69
6537 75
6538 107
6539 62
6540 23
6541 25
6542 24
6543 19
6544 25
6545 29
6546 21
6547 10
6548 3
6549 1
6550 3
6551 2
6552 0
6553 8
6554 2
6555 1
6556 3
6557 0
6558 7
6559 2
6560 72
6561 69
6562 61
6563 53
6564 68
6565 69
6566 64
6567 44
6568 53
6569 29
6570 60
6571 72
6572 48
6573 19
6574 8
6575 12
6576 14
6577 22
6578 13
6579 0
6580 5
6581 5
6582 1
6583 2
6584 72
6585 102
6586 57
6587 66
6588 37
6589 44
6590 29
6591 35
6592 19
6593 48
6594 41
6595 24
6596 6
6597 1
6598 1
6599 2
6600 2
6601 6
6602 2
6603 4
6604 2
6605 1
6606 6
6607 13
6608 163
6609 231
6610 141
6611 198
6612 166
6613 177
6614 161
6615 169
6616 166
6617 248
6618 264
6619 214
6620 179
6621 34
6622 4
6623 1
6624 4
6625 3
6626 3
6627 0
6628 3
6629 0
6630 9
6631 24
6632 173
6633 195
6634 205
6635 215
6636 223
6637 178
6638 204
6639 187
6640 213
6641 220
6642 265
6643 315
6644 240
6645 72
6646 0
6647 1
6648 8
6649 3
6650 0
6651 0
6652 1
6653 3
6654 3
6655 14
6656 155
6657 205
6658 187
6659 188
6660 173
6661 176
6662 176
6663 251
6664 201
6665 198
6666 227
6667 193
6668 155
6669 51
6670 6
6671 4
6672 6
6673 3
6674 0
6675 0
6676 0
6677 2
6678 2
6679 19
6680 180
6681 237
6682 170
6683 204
6684 173
6685 206
6686 197
6687 188
6688 153
6689 270
6690 219
6691 331
6692 152
6693 43
6694 4
6695 2
6696 8
6697 7
6698 3
6699 1
6700 3
6701 2
6702 5
6703 19
6704 164
6705 213
6706 212
6707 212
6708 211
6709 205
6710 159
6711 210
6712 215
6713 175
6714 343
6715 286
6716 158
6717 39
6718 7
6719 9
6720 12
6721 11
6722 1
6723 4
6724 3
6725 2
6726 2
6727 5
6728 83
6729 67
6730 90
6731 80
6732 82
6733 68
6734 82
6735 85
6736 82
6737 93
6738 102
6739 100
6740 67
6741 17
6742 23
6743 10
6744 16
6745 14
6746 6
6747 5
6748 3
6749 4
6750 6
6751 5
6752 71
6753 74
6754 72
6755 43
6756 21
6757 21
6758 37
6759 34
6760 26
6761 32
6762 34
6763 18
6764 1
6765 0
6766 3
6767 0
6768 6
6769 6
6770 0
6771 1
6772 5
6773 4
6774 5
6775 13
6776 171
6777 236
6778 214
6779 220
6780 179
6781 157
6782 177
6783 163
6784 171
6785 230
6786 266
6787 243
6788 249
6789 62
6790 4
6791 2
6792 4
6793 5
6794 0
6795 0
6796 1
6797 3
6798 9
6799 18
6800 185
6801 197
6802 189
6803 195
6804 164
6805 188
6806 193
6807 165
6808 143
6809 214
6810 260
6811 243
6812 138
6813 37
6814 2
6815 2
6816 7
6817 3
6818 2
6819 3
6820 3
6821 2
6822 4
6823 21
6824 146
6825 201
6826 193
6827 201
6828 160
6829 178
6830 167
6831 202
6832 143
6833 203
6834 280
6835 237
6836 170
6837 54
6838 7
6839 2
6840 10
6841 9
6842 0
6843 1
6844 2
6845 0
6846 2
6847 21
6848 171
6849 191
6850 180
6851 199
6852 167
6853 159
6854 165
6855 187
6856 174
6857 201
6858 226
6859 203
6860 136
6861 62
6862 2
6863 3
6864 10
6865 10
6866 1
6867 3
6868 0
6869 1
6870 3
6871 18
6872 170
6873 189
6874 203
6875 234
6876 176
6877 205
6878 190
6879 212
6880 195
6881 221
6882 277
6883 206
6884 133
6885 43
6886 8
6887 7
6888 13
6889 14
6890 4
6891 1
6892 9
6893 8
6894 2
6895 6
6896 86
6897 109
6898 87
6899 86
6900 78
6901 78
6902 96
6903 75
6904 94
6905 66
6906 95
6907 101
6908 54
6909 15
6910 11
6911 9
6912 13
6913 11
6914 6
6915 8
6916 10
6917 3
6918 17
6919 3
6920 73
6921 98
6922 91
6923 46
6924 26
6925 25
6926 33
6927 24
6928 27
6929 35
6930 28
6931 15
6932 0
6933 1
6934 1
6935 0
6936 4
6937 5
6938 0
6939 2
6940 1
6941 1
6942 3
6943 26
6944 163
6945 273
6946 200
6947 220
6948 214
6949 183
6950 194
6951 186
6952 216
6953 250
6954 299
6955 260
6956 225
6957 70
6958 1
6959 4
6960 5
6961 3
6962 0
6963 0
6964 5
6965 1
6966 7
6967 25
6968 155
6969 156
6970 174
6971 204
6972 178
6973 227
6974 176
6975 173
6976 132
6977 216
6978 262
6979 286
6980 177
6981 71
6982 6
6983 11
6984 7
6985 3
6986 1
6987 2
6988 3
6989 0
6990 5
6991 27
6992 147
6993 186
6994 189
6995 191
6996 189
6997 183
6998 198
6999 200
7000 158
7001 245
7002 292
7003 290
7004 237
7005 84
7006 3
7007 4
7008 8
7009 8
7010 0
7011 5
7012 1
7013 0
7014 2
7015 20
7016 150
7017 212
7018 186
7019 201
7020 179
7021 166
7022 149
7023 160
7024 218
7025 208
7026 296
7027 231
7028 194
7029 39
7030 11
7031 5
7032 4
7033 2
7034 2
7035 5
7036 4
7037 0
7038 3
7039 14
7040 153
7041 183
7042 153
7043 183
7044 171
7045 168
7046 153
7047 156
7048 129
7049 167
7050 260
7051 275
7052 123
7053 44
7054 6
7055 4
7056 17
7057 9
7058 6
7059 2
7060 5
7061 1
7062 1
7063 2
7064 81
7065 71
7066 77
7067 95
7068 77
7069 94
7070 91
7071 97
7072 59
7073 69
7074 64
7075 131
7076 85
7077 20
7078 6
7079 8
7080 13
7081 23
7082 3
7083 0
7084 1
7085 2
7086 6
7087 4
7088 66
7089 103
7090 103
7091 36
7092 27
7093 26
7094 47
7095 21
7096 31
7097 27
7098 37
7099 12
7100 11
7101 12
7102 3
7103 4
7104 4
7105 0
7106 3
7107 5
7108 1
7109 0
7110 0
7111 19
7112 130
7113 211
7114 210
7115 183
7116 117
7117 190
7118 187
7119 181
7120 161
7121 158
7122 213
7123 222
7124 143
7125 43
7126 4
7127 2
7128 6
7129 5
7130 1
7131 1
7132 2
7133 2
7134 2
7135 14
7136 135
7137 171
7138 157
7139 172
7140 146
7141 170
7142 165
7143 192
7144 176
7145 237
7146 244
7147 259
7148 210
7149 87
7150 7
7151 6
7152 2
7153 1
7154 0
7155 2
7156 1
7157 0
7158 7
7159 31
7160 171
7161 189
7162 174
7163 175
7164 198
7165 173
7166 161
7167 150
7168 170
7169 182
7170 227
7171 257
7172 132
7173 31
7174 4
7175 4
7176 5
7177 3
7178 3
7179 2
7180 1
7181 2
7182 5
7183 28
7184 167
7185 185
7186 187
7187 181
7188 171
7189 181
7190 192
7191 200
7192 169
7193 194
7194 233
7195 226
7196 166
7197 66
7198 12
7199 4
7200 5
7201 4
7202 2
7203 2
7204 2
7205 3
7206 6
7207 24
7208 148
7209 193
7210 202
7211 214
7212 154
7213 176
7214 163
7215 192
7216 139
7217 210
7218 183
7219 180
7220 79
7221 31
7222 4
7223 8
7224 5
7225 11
7226 4
7227 4
7228 11
7229 3
7230 2
7231 5
7232 48
7233 76
7234 79
7235 75
7236 76
7237 67
7238 101
7239 71
7240 57
7241 49
7242 84
7243 132
7244 60
7245 22
7246 6
7247 5
7248 17
7249 22
7250 4
7251 4
7252 5
7253 2
7254 10
7255 17
7256 72
7257 91
7258 70
7259 30
7260 40
7261 23
7262 33
7263 34
7264 33
7265 33
7266 30
7267 21
7268 11
7269 4
7270 7
7271 7
7272 6
7273 5
7274 3
7275 1
7276 2
7277 5
7278 0
7279 23
7280 128
7281 184
7282 159
7283 195
7284 161
7285 162
7286 150
7287 172
7288 182
7289 202
7290 276
7291 225
7292 159
7293 49
7294 11
7295 19
7296 11
7297 18
7298 5
7299 3
7300 7
7301 6
7302 16
7303 3
7304 145
7305 87
7306 49
7307 81
7308 54
7309 38
7310 27
7311 49
7312 25
7313 58
7314 53
7315 82
7316 49
7317 10
7318 5
7319 5
7320 8
7321 9
7322 2
7323 2
7324 0
7325 2
7326 3
7327 16
7328 143
7329 167
7330 159
7331 195
7332 195
7333 158
7334 146
7335 157
7336 147
7337 204
7338 225
7339 268
7340 211
7341 65
7342 3
7343 2
7344 6
7345 5
7346 0
7347 2
7348 0
7349 0
7350 8
7351 38
7352 155
7353 174
7354 171
7355 187
7356 184
7357 176
7358 170
7359 193
7360 154
7361 203
7362 203
7363 204
7364 135
7365 22
7366 2
7367 7
7368 7
7369 7
7370 1
7371 2
7372 4
7373 4
7374 5
7375 32
7376 180
7377 177
7378 157
7379 215
7380 169
7381 190
7382 199
7383 204
7384 162
7385 194
7386 242
7387 216
7388 162
7389 30
7390 9
7391 6
7392 11
7393 9
7394 4
7395 7
7396 1
7397 9
7398 7
7399 9
7400 51
7401 52
7402 55
7403 65
7404 61
7405 73
7406 75
7407 57
7408 62
7409 54
7410 74
7411 102
7412 89
7413 13
7414 17
7415 13
7416 21
7417 19
7418 8
7419 8
7420 4
7421 6
7422 11
7423 6
7424 36
7425 86
7426 71
7427 45
7428 43
7429 46
7430 35
7431 33
7432 36
7433 25
7434 26
7435 7
7436 3
7437 6
7438 2
7439 2
7440 5
7441 7
7442 1
7443 1
7444 0
7445 6
7446 9
7447 21
7448 142
7449 149
7450 145
7451 191
7452 186
7453 185
7454 173
7455 186
7456 175
7457 178
7458 175
7459 242
7460 149
7461 55
7462 8
7463 2
7464 3
7465 4
7466 2
7467 0
7468 0
7469 1
7470 4
7471 27
7472 109
7473 122
7474 103
7475 211
7476 210
7477 193
7478 213
7479 224
7480 194
7481 161
7482 216
7483 227
7484 174
7485 78
7486 5
7487 4
7488 2
7489 4
7490 3
7491 2
7492 1
7493 2
7494 7
7495 33
7496 83
7497 80
7498 121
7499 188
7500 178
7501 170
7502 183
7503 180
7504 134
7505 158
7506 222
7507 228
7508 197
7509 70
7510 6
7511 3
7512 5
7513 6
7514 4
7515 1
7516 0
7517 1
7518 0
7519 19
7520 88
7521 88
7522 118
7523 185
7524 178
7525 216
7526 218
7527 185
7528 154
7529 123
7530 159
7531 203
7532 130
7533 44
7534 8
7535 5
7536 1
7537 6
7538 4
7539 1
7540 2
7541 2
7542 4
7543 20
7544 79
7545 106
7546 101
7547 209
7548 177
7549 221
7550 166
7551 142
7552 153
7553 102
7554 125
7555 188
7556 130
7557 39
7558 3
7559 3
7560 0
7561 7
7562 1
7563 0
7564 1
7565 2
7566 0
7567 8
7568 76
7569 61
7570 37
7571 69
7572 65
7573 68
7574 80
7575 78
7576 54
7577 64
7578 71
7579 84
7580 58
7581 19
7582 0
7583 1
7584 0
7585 4
7586 1
7587 0
7588 1
7589 0
7590 0
7591 2
7592 36
7593 57
7594 81
7595 33
7596 27
7597 31
7598 25
7599 21
7600 30
7601 24
7602 21
7603 18
7604 2
7605 1
7606 1
7607 2
7608 0
7609 2
7610 1
7611 1
7612 0
7613 2
7614 2
7615 7
7616 92
7617 118
7618 107
7619 239
7620 207
7621 205
7622 196
7623 183
7624 152
7625 136
7626 174
7627 176
7628 192
7629 38
7630 3
7631 4
7632 0
7633 2
7634 2
7635 0
7636 1
7637 0
7638 1
7639 7
7640 73
7641 78
7642 94
7643 186
7644 169
7645 146
7646 183
7647 162
7648 145
7649 101
7650 96
7651 147
7652 173
7653 60
7654 13
7655 6
7656 1
7657 1
7658 1
7659 0
7660 0
7661 2
7662 0
7663 12
7664 69
7665 94
7666 96
7667 240
7668 171
7669 213
7670 225
7671 231
7672 194
7673 92
7674 117
7675 167
7676 193
7677 48
7678 10
7679 2
7680 0
7681 2
7682 1
7683 0
7684 0
7685 0
7686 0
7687 7
7688 73
7689 77
7690 77
7691 200
7692 209
7693 161
7694 202
7695 190
7696 133
7697 94
7698 99
7699 113
7700 118
7701 47
7702 4
7703 6
7704 1
7705 1
7706 3
7707 0
7708 0
7709 2
7710 0
7711 7
7712 90
7713 72
7714 81
7715 180
7716 190
7717 146
7718 157
7719 158
7720 194
7721 83
7722 89
7723 104
7724 97
7725 18
7726 4
7727 4
7728 1
7729 3
7730 1
7731 0
7732 1
7733 0
7734 0
7735 7
7736 60
7737 57
7738 53
7739 68
7740 75
7741 105
7742 88
7743 80
7744 65
7745 53
7746 54
7747 103
7748 49
7749 14
7750 0
7751 3
7752 2
7753 3
7754 0
7755 0
7756 1
7757 1
7758 1
7759 5
7760 71
7761 100
7762 61
7763 21
7764 17
7765 25
7766 28
7767 17
7768 20
7769 39
7770 24
7771 13
7772 0
7773 5
7774 2
7775 3
7776 0
7777 2
7778 2
7779 0
7780 0
7781 3
7782 0
7783 10
7784 73
7785 78
7786 107
7787 194
7788 178
7789 200
7790 147
7791 177
7792 182
7793 119
7794 112
7795 171
7796 193
7797 79
7798 2
7799 1
7800 0
7801 1
7802 1
7803 0
7804 0
7805 0
7806 0
7807 6
7808 91
7809 92
7810 111
7811 195
7812 195
7813 195
7814 212
7815 239
7816 226
7817 119
7818 133
7819 136
7820 144
7821 72
7822 3
7823 3
7824 2
7825 2
7826 2
7827 0
7828 0
7829 2
7830 2
7831 7
7832 78
7833 86
7834 80
7835 198
7836 203
7837 181
7838 182
7839 159
7840 159
7841 107
7842 89
7843 206
7844 174
7845 84
7846 18
7847 5
7848 0
7849 2
7850 2
7851 0
7852 0
7853 0
7854 1
7855 10
7856 77
7857 101
7858 84
7859 205
7860 187
7861 172
7862 187
7863 198
7864 164
7865 121
7866 132
7867 152
7868 132
7869 46
7870 8
7871 3
7872 2
7873 1
7874 3
7875 0
7876 0
7877 2
7878 0
7879 6
7880 85
7881 95
7882 111
7883 205
7884 196
7885 162
7886 168
7887 147
7888 164
7889 74
7890 75
7891 104
7892 125
7893 17
7894 3
7895 5
7896 1
7897 3
7898 0
7899 0
7900 1
7901 1
7902 0
7903 3
7904 82
7905 59
7906 71
7907 94
7908 72
7909 89
7910 84
7911 82
7912 62
7913 65
7914 68
7915 106
7916 98
7917 14
7918 4
7919 3
7920 4
7921 2
7922 1
7923 0
7924 0
7925 0
7926 0
7927 7
7928 60
7929 111
7930 93
7931 40
7932 36
7933 22
7934 27
7935 31
7936 26
7937 29
7938 25
7939 10
7940 1
7941 0
7942 0
7943 2
7944 2
7945 1
7946 2
7947 0
7948 0
7949 2
7950 0
7951 6
7952 83
7953 119
7954 114
7955 192
7956 147
7957 190
7958 206
7959 177
7960 168
7961 130
7962 125
7963 144
7964 147
7965 50
7966 2
7967 5
7968 0
7969 3
7970 1
7971 0
7972 0
7973 0
7974 1
7975 7
7976 90
7977 94
7978 101
7979 231
7980 217
7981 214
7982 204
7983 203
7984 159
7985 96
7986 134
7987 130
7988 141
7989 61
7990 2
7991 5
7992 0
7993 1
7994 2
7995 0
7996 1
7997 2
7998 0
7999 7
8000 80
8001 92
8002 86
8003 201
8004 185
8005 185
8006 177
8007 162
8008 137
8009 97
8010 96
8011 159
8012 133
8013 43
8014 1
8015 2
8016 0
8017 0
8018 3
8019 0
8020 0
8021 1
8022 0
8023 12
8024 108
8025 112
8026 115
8027 201
8028 184
8029 185
8030 174
8031 199
8032 164
8033 63
8034 89
8035 117
8036 98
8037 17
8038 3
8039 3
8040 1
8041 2
8042 1
8043 0
8044 0
8045 0
8046 0
8047 5
8048 94
8049 107
8050 108
8051 231
8052 167
8053 168
8054 168
8055 190
8056 185
8057 94
8058 83
8059 81
8060 92
8061 16
8062 6
8063 4
8064 0
8065 3
8066 1
8067 0
8068 0
8069 0
8070 0
8071 3
8072 60
8073 66
8074 64
8075 80
8076 98
8077 85
8078 114
8079 81
8080 87
8081 98
8082 73
8083 89
8084 86
8085 16
8086 1
8087 3
8088 0
8089 3
8090 0
8091 0
8092 0
8093 0
8094 1
8095 5
8096 68
8097 117
8098 61
8099 44
8100 18
8101 23
8102 27
8103 25
8104 19
8105 27
8106 25
8107 10
8108 1
8109 2
8110 1
8111 2
8112 0
8113 3
8114 0
8115 0
8116 0
8117 0
8118 0
8119 3
8120 80
8121 97
8122 94
8123 225
8124 188
8125 181
8126 206
8127 201
8128 204
8129 138
8130 132
8131 155
8132 140
8133 33
8134 2
8135 2
8136 0
8137 1
8138 1
8139 0
8140 0
8141 0
8142 0
8143 10
8144 78
8145 96
8146 86
8147 209
8148 213
8149 187
8150 198
8151 194
8152 167
8153 119
8154 113
8155 132
8156 129
8157 19
8158 19
8159 9
8160 1
8161 2
8162 0
8163 0
8164 0
8165 2
8166 0
8167 5
8168 85
8169 101
8170 89
8171 218
8172 204
8173 155
8174 153
8175 182
8176 163
8177 99
8178 109
8179 146
8180 154
8181 42
8182 7
8183 0
8184 0
8185 2
8186 1
8187 0
8188 0
8189 0
8190 0
8191 10
8192 82
8193 106
8194 118
8195 229
8196 250
8197 220
8198 175
8199 191
8200 179
8201 107
8202 97
8203 127
8204 113
8205 24
8206 4
8207 9
8208 2
8209 2
8210 1
8211 0
8212 1
8213 2
8214 1
8215 4
8216 82
8217 108
8218 108
8219 225
8220 199
8221 175
8222 169
8223 161
8224 178
8225 96
8226 93
8227 108
8228 89
8229 9
8230 4
8231 6
8232 1
8233 2
8234 0
8235 1
8236 0
8237 0
8238 0
8239 2
8240 76
8241 60
8242 55
8243 76
8244 84
8245 81
8246 83
8247 100
8248 74
8249 83
8250 79
8251 107
8252 73
8253 6
8254 6
8255 5
8256 3
8257 2
8258 1
8259 0
8260 1
8261 1
8262 2
8263 2
8264 66
8265 106
8266 88
8267 38
8268 29
8269 25
8270 26
8271 28
8272 20
8273 18
8274 16
8275 14
8276 3
8277 4
8278 2
8279 2
8280 0
8281 1
8282 0
8283 0
8284 0
8285 3
8286 1
8287 7
8288 93
8289 92
8290 145
8291 213
8292 237
8293 175
8294 154
8295 193
8296 150
8297 160
8298 153
8299 155
8300 154
8301 42
8302 4
8303 2
8304 0
8305 2
8306 0
8307 0
8308 0
8309 0
8310 0
8311 4
8312 79
8313 109
8314 96
8315 174
8316 179
8317 156
8318 162
8319 167
8320 160
8321 110
8322 137
8323 171
8324 170
8325 48
8326 5
8327 4
8328 0
8329 1
8330 1
8331 1
8332 0
8333 3
8334 0
8335 7
8336 92
8337 67
8338 63
8339 205
8340 160
8341 180
8342 178
8343 157
8344 157
8345 82
8346 130
8347 121
8348 131
8349 40
8350 2
8351 3
8352 0
8353 1
8354 0
8355 0
8356 1
8357 0
8358 2
8359 7
8360 82
8361 83
8362 78
8363 211
8364 221
8365 178
8366 189
8367 193
8368 183
8369 87
8370 99
8371 120
8372 151
8373 40
8374 8
8375 7
8376 1
8377 1
8378 0
8379 0
8380 0
8381 2
8382 0
8383 6
8384 75
8385 106
8386 97
8387 172
8388 211
8389 182
8390 160
8391 188
8392 149
8393 79
8394 83
8395 113
8396 96
8397 15
8398 7
8399 5
8400 1
8401 1
8402 1
8403 0
8404 0
8405 0
8406 0
8407 5
8408 76
8409 68
8410 73
8411 73
8412 82
8413 64
8414 85
8415 65
8416 66
8417 70
8418 69
8419 92
8420 89
8421 14
8422 5
8423 7
8424 1
8425 2
8426 3
8427 0
8428 1
8429 0
8430 1
8431 16
8432 68
8433 58
8434 58
8435 44
8436 37
8437 22
8438 29
8439 28
8440 38
8441 16
8442 19
8443 14
8444 3
8445 3
8446 2
8447 1
8448 3
8449 2
8450 0
8451 0
8452 1
8453 1
8454 0
8455 6
8456 81
8457 78
8458 117
8459 185
8460 199
8461 192
8462 189
8463 207
8464 240
8465 122
8466 132
8467 179
8468 124
8469 38
8470 4
8471 2
8472 0
8473 1
8474 2
8475 2
8476 0
8477 0
8478 3
8479 7
8480 90
8481 122
8482 117
8483 207
8484 185
8485 215
8486 176
8487 169
8488 144
8489 132
8490 144
8491 223
8492 210
8493 84
8494 4
8495 4
8496 0
8497 0
8498 2
8499 1
8500 1
8501 1
8502 0
8503 6
8504 80
8505 94
8506 117
8507 195
8508 229
8509 191
8510 199
8511 218
8512 184
8513 83
8514 122
8515 153
8516 164
8517 51
8518 2
8519 4
8520 1
8521 2
8522 1
8523 0
8524 0
8525 1
8526 0
8527 9
8528 83
8529 118
8530 77
8531 226
8532 201
8533 179
8534 174
8535 213
8536 197
8537 146
8538 158
8539 133
8540 150
8541 55
8542 10
8543 5
8544 0
8545 0
8546 0
8547 1
8548 1
8549 0
8550 0
8551 10
8552 85
8553 108
8554 85
8555 181
8556 161
8557 180
8558 174
8559 202
8560 186
8561 121
8562 127
8563 140
8564 98
8565 18
8566 6
8567 4
8568 1
8569 2
8570 2
8571 0
8572 0
8573 0
8574 0
8575 2
8576 50
8577 58
8578 54
8579 56
8580 72
8581 73
8582 61
8583 56
8584 60
8585 57
8586 51
8587 43
8588 52
8589 22
8590 2
8591 1
8592 0
8593 1
8594 2
8595 0
8596 0
8597 0
8598 0
8599 0
8600 10
8601 9
8602 12
8603 13
8604 30
8605 26
8606 11
8607 7
8608 10
8609 9
8610 8
8611 4
8612 4
8613 2
8614 0
8615 0
8616 0
8617 1
8618 0
8619 0
8620 0
8621 1
8622 0
8623 1
8624 21
8625 21
8626 29
8627 73
8628 60
8629 53
8630 48
8631 42
8632 42
8633 23
8634 8
8635 20
8636 36
8637 7
8638 2
8639 3
8640 0
8641 3
8642 0
8643 1
8644 0
8645 0
8646 0
8647 3
8648 28
8649 14
8650 23
8651 77
8652 73
8653 63
8654 62
8655 48
8656 66
8657 21
8658 15
8659 31
8660 46
8661 5
8662 1
8663 2
8664 0
8665 3
8666 0
8667 0
8668 0
8669 0
8670 1
8671 4
8672 38
8673 62
8674 70
8675 131
8676 121
8677 104
8678 112
8679 118
8680 103
8681 61
8682 60
8683 60
8684 49
8685 8
8686 3
8687 4
8688 0
8689 2
8690 0
8691 1
8692 0
8693 0
8694 0
8695 3
8696 56
8697 67
8698 60
8699 113
8700 110
8701 97
8702 93
8703 118
8704 83
8705 98
8706 75
8707 91
8708 61
8709 11
8710 2
8711 7
8712 0
8713 2
8714 0
8715 0
8716 0
8717 0
8718 0
8719 3
8720 35
8721 49
8722 62
8723 131
8724 113
8725 130
8726 112
8727 112
8728 100
8729 82
8730 58
8731 81
8732 59
8733 6
8734 4
8735 5
8736 4
8737 6
8738 0
8739 3
8740 1
8741 0
8742 0
8743 5
8744 41
8745 24
8746 34
8747 28
8748 39
8749 35
8750 51
8751 57
8752 55
8753 39
8754 39
8755 62
8756 54
8757 22
8758 9
8759 6
8760 1
