1 0.90
2 10.14
3 0.95
4 0.00
5 0.00
6 0.11
7 2.93
8 2.34
9 8.63
10 3.39
11 1.47
12 1.89
13 0.67
14 0.81
15 0.81
16 0.86
17 1.11
18 1.47
19 1.43
20 0.00
21 6.92
22 0.76
23 10.56
24 5.06
25 0.00
26 0.00
27 0.00
28 0.00
29 0.09
30 0.00
31 0.32
32 0.29
33 1.45
34 1.10
35 0.64
36 0.92
37 1.07
38 2.05
39 1.52
40 2.15
41 1.05
42 1.46
43 2.36
44 3.25
45 20.91
46 1.55
47 2.27
48 0.00
49 2.69
50 0.00
51 0.00
52 0.00
53 16.98
54 0.00
55 3.54
56 1.98
57 3.77
58 4.71
59 2.46
60 1.84
61 2.37
62 2.52
63 2.80
64 4.89
65 4.00
66 6.30
67 3.21
68 6.83
69 3.58
70 0.71
71 3.36
72 0.00
73 3.21
74 0.83
75 0.00
76 0.00
77 0.00
78 19.46
79 0.68
80 2.21
81 2.47
82 3.06
83 2.47
84 2.18
85 1.96
86 2.31
87 3.50
88 3.19
89 4.03
90 4.81
91 5.99
92 6.94
93 3.03
94 1.11
95 14.75
96 0.00
97 2.05
98 0.00
99 1.02
100 0.00
101 0.00
102 0.00
103 10.75
104 1.43
105 4.14
106 2.77
107 1.86
108 2.25
109 2.78
110 1.89
111 2.35
112 3.42
113 4.43
114 3.45
115 3.86
116 5.62
117 4.66
118 3.21
119 5.85
120 0.00
121 0.00
122 0.00
123 2.63
124 16.00
125 0.00
126 0.00
127 1.03
128 1.51
129 2.51
130 2.49
131 2.08
132 2.95
133 2.87
134 2.25
135 3.59
136 3.67
137 4.53
138 3.75
139 4.55
140 5.00
141 5.19
142 1.55
143 2.93
144 11.18
145 0.00
146 6.67
147 37.89
148 0.00
149 0.00
150 0.00
151 1.35
152 0.78
153 2.39
154 1.61
155 3.29
156 1.72
157 1.38
158 2.31
159 1.43
160 2.89
161 3.05
162 1.70
163 2.04
164 2.38
165 7.43
166 1.15
167 1.99
168 2.37
169 0.25
170 0.00
171 0.00
172 0.00
173 0.37
174 0.13
175 0.63
176 2.24
177 9.88
178 1.69
179 1.36
180 1.03
181 0.72
182 1.14
183 0.89
184 1.14
185 0.85
186 1.33
187 6.29
188 0.39
189 15.17
190 5.12
191 1.04
192 0.00
193 0.24
194 48.65
195 0.00
196 9.21
197 11.80
198 49.32
199 0.69
200 2.45
201 2.60
202 1.91
203 2.04
204 2.40
205 2.35
206 2.42
207 2.51
208 4.02
209 5.10
210 4.86
211 4.40
212 8.20
213 10.12
214 5.79
215 3.98
216 0.00
217 3.04
218 0.00
219 0.00
220 0.00
221 0.00
222 1.39
223 2.73
224 2.07
225 2.34
226 1.98
227 1.68
228 2.08
229 2.00
230 2.10
231 2.55
232 3.09
233 4.29
234 7.33
235 4.29
236 5.57
237 16.59
238 15.00
239 11.21
240 0.00
241 3.41
242 0.00
243 0.00
244 0.00
245 12.83
246 0.00
247 0.47
248 1.83
249 2.07
250 2.53
251 2.40
252 2.87
253 2.22
254 2.49
255 2.96
256 3.54
257 3.56
258 6.10
259 8.24
260 6.99
261 10.81
262 16.27
263 2.86
264 4.27
265 3.29
266 5.45
267 0.00
268 0.00
269 0.00
270 25.09
271 2.39
272 1.40
273 1.70
274 2.65
275 1.92
276 2.35
277 2.77
278 2.89
279 2.80
280 3.94
281 4.72
282 4.63
283 4.01
284 5.87
285 11.58
286 2.10
287 2.50
288 0.00
289 0.00
290 3.88
291 6.25
292 5.21
293 20.81
294 47.37
295 2.05
296 1.86
297 1.57
298 2.79
299 1.97
300 2.07
301 1.92
302 1.91
303 2.79
304 3.67
305 3.49
306 5.76
307 4.29
308 5.01
309 5.31
310 0.95
311 1.65
312 8.46
313 0.20
314 0.00
315 0.00
316 0.00
317 0.67
318 0.00
319 0.00
320 1.06
321 5.67
322 2.31
323 1.66
324 1.79
325 2.96
326 3.04
327 2.15
328 1.99
329 2.34
330 2.31
331 1.93
332 2.40
333 2.98
334 2.22
335 1.29
336 51.43
337 0.36
338 0.75
339 1.27
340 0.00
341 0.08
342 0.00
343 0.74
344 1.04
345 3.91
346 1.71
347 0.99
348 1.19
349 0.80
350 1.05
351 0.89
352 1.40
353 1.29
354 1.59
355 4.20
356 0.59
357 2.04
358 2.30
359 2.50
360 1.17
361 0.23
362 0.00
363 0.00
364 0.00
365 14.69
366 0.00
367 0.39
368 2.53
369 2.27
370 1.86
371 2.02
372 2.75
373 2.45
374 2.71
375 4.04
376 5.00
377 3.59
378 5.28
379 7.25
380 6.41
381 21.80
382 2.92
383 2.53
384 0.00
385 0.23
386 3.70
387 0.00
388 0.00
389 0.00
390 19.05
391 0.47
392 2.06
393 2.21
394 2.91
395 2.23
396 2.29
397 2.57
398 2.31
399 3.25
400 4.18
401 3.18
402 4.81
403 5.04
404 8.64
405 16.76
406 2.52
407 1.49
408 0.00
409 0.16
410 2.34
411 0.00
412 8.86
413 0.00
414 0.00
415 3.86
416 1.82
417 2.40
418 3.23
419 2.14
420 3.00
421 2.69
422 3.34
423 3.44
424 3.58
425 4.41
426 4.99
427 4.61
428 5.70
429 9.49
430 6.31
431 4.12
432 0.00
433 6.81
434 5.46
435 0.00
436 0.00
437 0.00
438 0.00
439 0.45
440 1.85
441 2.91
442 3.52
443 2.18
444 2.45
445 2.37
446 2.76
447 2.98
448 4.37
449 3.59
450 3.73
451 3.96
452 5.87
453 5.20
454 2.42
455 1.29
456 0.00
457 0.00
458 4.97
459 6.41
460 0.00
461 19.57
462 21.69
463 1.35
464 1.37
465 1.62
466 2.15
467 2.01
468 2.34
469 2.41
470 2.86
471 2.23
472 3.53
473 3.52
474 5.06
475 4.48
476 4.22
477 6.97
478 1.50
479 2.13
480 3.50
481 0.24
482 13.19
483 0.00
484 1.53
485 0.00
486 0.00
487 10.42
488 1.08
489 4.27
490 2.24
491 3.11
492 3.61
493 2.28
494 1.13
495 2.27
496 3.23
497 5.30
498 1.51
499 2.20
500 3.99
501 3.08
502 3.34
503 1.15
504 2.33
505 0.27
506 0.59
507 0.00
508 0.21
509 0.00
510 0.00
511 1.05
512 1.38
513 4.96
514 1.04
515 1.18
516 1.44
517 1.70
518 1.64
519 1.27
520 1.77
521 2.19
522 1.50
523 3.89
524 1.01
525 9.38
526 1.95
527 0.64
528 0.00
529 0.13
530 2.48
531 0.00
532 0.00
533 0.00
534 0.00
535 0.48
536 1.22
537 3.42
538 2.33
539 2.04
540 2.66
541 2.67
542 3.54
543 2.96
544 4.22
545 4.78
546 4.98
547 4.26
548 4.85
549 13.09
550 4.98
551 3.02
552 1.94
553 0.23
554 2.02
555 0.00
556 0.00
557 50.00
558 0.00
559 0.25
560 1.48
561 1.75
562 2.25
563 1.67
564 3.04
565 2.67
566 2.96
567 3.39
568 3.42
569 3.36
570 4.27
571 4.69
572 8.00
573 18.80
574 26.92
575 4.55
576 8.14
577 3.59
578 0.00
579 0.00
580 6.49
581 11.76
582 18.75
583 4.76
584 1.77
585 2.56
586 1.61
587 1.59
588 2.24
589 2.69
590 2.25
591 2.69
592 3.59
593 3.22
594 2.84
595 2.82
596 3.80
597 5.21
598 0.90
599 4.99
600 0.00
601 0.00
602 0.00
603 0.00
604 3.34
605 0.31
606 0.21
607 11.17
608 0.41
609 0.46
610 0.67
611 0.77
612 1.36
613 1.31
614 0.85
615 2.07
616 2.85
617 1.78
618 3.99
619 1.17
620 2.74
621 3.20
622 1.37
623 1.80
624 10.14
625 0.32
626 8.40
627 0.00
628 0.00
629 0.00
630 8.96
631 2.14
632 1.47
633 4.65
634 1.62
635 1.89
636 1.93
637 2.07
638 2.62
639 3.18
640 4.56
641 4.71
642 6.71
643 5.80
644 6.44
645 6.48
646 0.96
647 3.05
648 0.00
649 0.25
650 0.00
651 6.21
652 0.00
653 0.00
654 0.14
655 5.33
656 0.82
657 1.48
658 1.37
659 2.08
660 2.04
661 1.73
662 1.69
663 1.63
664 2.48
665 1.88
666 1.95
667 1.88
668 2.13
669 4.21
670 1.50
671 0.91
672 3.41
673 0.29
674 0.00
675 0.00
676 3.64
677 0.00
678 0.00
679 1.35
680 0.91
681 4.58
682 3.30
683 0.97
684 0.96
685 0.72
686 0.63
687 0.98
688 0.83
689 1.24
690 2.98
691 2.30
692 1.98
693 2.95
694 0.82
695 1.21
696 0.00
697 0.24
698 0.00
699 0.00
700 2.33
701 18.37
702 24.83
703 0.20
704 1.00
705 2.19
706 1.86
707 2.01
708 2.42
709 2.39
710 3.05
711 3.00
712 2.96
713 4.95
714 5.26
715 7.93
716 7.07
717 13.29
718 4.51
719 0.00
720 0.00
721 4.21
722 0.00
723 0.76
724 0.00
725 34.62
726 0.00
727 9.72
728 1.45
729 2.32
730 1.78
731 1.57
732 2.22
733 2.33
734 2.24
735 2.62
736 4.52
737 3.25
738 3.12
739 4.64
740 8.72
741 26.35
742 1.45
743 3.67
744 25.44
745 3.13
746 5.08
747 0.00
748 6.32
749 19.89
750 15.38
751 1.06
752 0.97
753 1.81
754 2.32
755 1.53
756 2.22
757 3.52
758 2.79
759 2.57
760 4.04
761 3.23
762 5.79
763 6.20
764 8.44
765 14.35
766 1.84
767 3.29
768 0.00
769 3.61
770 0.00
771 0.00
772 6.24
773 0.00
774 18.09
775 5.89
776 1.13
777 1.96
778 2.00
779 1.58
780 2.40
781 1.81
782 2.41
783 2.28
784 2.91
785 3.66
786 3.85
787 3.37
788 5.78
789 11.76
790 1.24
791 7.59
792 3.42
793 0.00
794 25.00
795 0.00
796 7.03
797 11.01
798 19.78
799 3.50
800 1.04
801 2.93
802 1.80
803 1.92
804 2.31
805 2.67
806 2.46
807 2.99
808 3.55
809 2.98
810 7.17
811 3.41
812 2.59
813 1.21
814 0.78
815 12.72
816 0.00
817 0.28
818 0.00
819 0.00
820 0.00
821 0.00
822 0.20
823 0.35
824 0.68
825 1.71
826 2.60
827 2.52
828 2.21
829 2.08
830 3.31
831 1.92
832 2.89
833 1.84
834 2.75
835 2.23
836 2.38
837 0.80
838 13.82
839 2.89
840 1.93
841 0.92
842 0.00
843 0.00
844 0.00
845 1.00
846 0.75
847 0.30
848 1.03
849 5.86
850 1.61
851 1.13
852 0.71
853 0.53
854 0.72
855 1.32
856 0.72
857 2.27
858 4.79
859 5.31
860 0.62
861 0.00
862 7.86
863 0.00
864 0.00
865 0.00
866 0.00
867 0.00
868 0.00
869 0.00
870 0.00
871 1.67
872 1.52
873 1.44
874 2.55
875 1.75
876 2.58
877 2.73
878 2.49
879 3.20
880 3.52
881 3.65
882 5.66
883 6.36
884 8.95
885 27.39
886 0.00
887 1.24
888 0.00
889 0.00
890 0.00
891 0.00
892 0.00
893 0.00
894 0.00
895 2.07
896 1.29
897 2.71
898 1.96
899 1.77
900 2.16
901 2.62
902 2.58
903 2.71
904 4.00
905 2.46
906 5.15
907 7.04
908 7.47
909 25.06
910 1.41
911 0.00
912 0.00
913 0.00
914 0.00
915 0.00
916 0.00
917 0.00
918 0.00
919 11.32
920 0.96
921 1.91
922 1.28
923 1.68
924 2.01
925 2.35
926 2.76
927 2.98
928 3.63
929 3.78
930 3.85
931 6.06
932 6.66
933 29.27
934 0.89
935 0.00
936 0.00
937 0.00
938 0.00
939 0.00
940 0.00
941 0.00
942 0.00
943 8.61
944 1.48
945 2.18
946 1.95
947 1.76
948 2.79
949 2.16
950 2.65
951 2.65
952 2.79
953 2.42
954 3.85
955 6.85
956 7.74
957 21.02
958 0.69
959 2.00
960 0.00
961 0.00
962 0.00
963 0.00
964 0.00
965 0.00
966 0.00
967 10.29
968 1.22
969 2.23
970 1.83
971 1.89
972 1.87
973 2.92
974 1.86
975 2.49
976 4.08
977 4.17
978 3.69
979 3.41
980 3.55
981 6.26
982 1.25
983 4.55
984 0.00
985 0.00
986 0.00
987 0.00
988 0.00
989 0.00
990 0.00
991 0.00
992 0.81
993 2.25
994 1.96
995 1.84
996 2.40
997 1.88
998 1.91
999 2.31
1000 3.01
1001 2.81
1002 1.82
1003 1.58
1004 2.23
1005 5.75
1006 0.00
1007 0.00
1008 0.00
1009 0.00
1010 0.00
1011 0.00
1012 0.00
1013 1.00
1014 0.00
1015 0.60
1016 0.77
1017 3.45
1018 1.58
1019 1.54
1020 0.71
1021 0.84
1022 0.69
1023 0.56
1024 0.85
1025 1.06
1026 2.73
1027 4.70
1028 1.16
1029 0.42
1030 0.55
1031 0.00
1032 0.00
1033 0.00
1034 0.00
1035 0.00
1036 0.00
1037 0.00
1038 0.00
1039 0.87
1040 1.45
1041 1.94
1042 2.27
1043 1.76
1044 2.53
1045 3.19
1046 2.46
1047 2.83
1048 4.16
1049 3.65
1050 5.39
1051 5.69
1052 9.25
1053 22.72
1054 0.51
1055 5.93
1056 0.00
1057 0.00
1058 0.00
1059 0.00
1060 0.00
1061 0.00
1062 0.00
1063 7.29
1064 1.08
1065 2.16
1066 2.40
1067 1.36
1068 2.57
1069 2.23
1070 2.69
1071 3.44
1072 4.56
1073 4.46
1074 3.26
1075 3.71
1076 3.90
1077 5.41
1078 0.90
1079 0.00
1080 0.00
1081 0.00
1082 0.00
1083 0.00
1084 0.00
1085 0.00
1086 0.00
1087 1.68
1088 1.44
1089 1.84
1090 2.07
1091 1.64
1092 2.54
1093 2.70
1094 2.89
1095 3.09
1096 3.81
1097 4.36
1098 4.94
1099 5.59
1100 8.42
1101 17.18
1102 1.52
1103 0.00
1104 0.00
1105 0.00
1106 0.00
1107 0.00
1108 0.00
1109 0.00
1110 0.00
1111 1.19
1112 1.90
1113 1.46
1114 2.53
1115 1.56
1116 2.88
1117 2.44
1118 3.27
1119 2.66
1120 2.59
1121 3.24
1122 2.47
1123 2.23
1124 3.87
1125 17.62
1126 0.79
1127 5.74
1128 0.00
1129 0.00
1130 0.00
1131 0.00
1132 0.00
1133 0.00
1134 0.00
1135 2.51
1136 1.32
1137 2.15
1138 1.79
1139 1.66
1140 2.59
1141 2.24
1142 2.23
1143 2.38
1144 3.84
1145 2.67
1146 3.79
1147 3.04
1148 2.72
1149 7.12
1150 1.50
1151 0.00
1152 0.00
1153 0.00
1154 0.00
1155 0.00
1156 0.00
1157 0.00
1158 0.00
1159 6.78
1160 0.55
1161 1.98
1162 1.20
1163 2.03
1164 2.12
1165 1.92
1166 1.44
1167 2.61
1168 2.30
1169 2.74
1170 2.73
1171 1.92
1172 2.43
1173 5.20
1174 0.00
1175 0.00
1176 0.00
1177 0.00
1178 0.00
1179 0.00
1180 0.00
1181 56.25
1182 0.00
1183 0.53
1184 0.69
1185 4.72
1186 1.84
1187 0.71
1188 1.22
1189 1.16
1190 0.72
1191 0.63
1192 1.29
1193 0.77
1194 1.88
1195 2.13
1196 54.55
1197 49.32
1198 0.00
1199 0.00
1200 0.00
1201 0.00
1202 0.00
1203 0.00
1204 0.00
1205 0.00
1206 0.00
1207 2.46
1208 2.06
1209 2.84
1210 2.38
1211 1.72
1212 3.13
1213 2.56
1214 2.73
1215 3.00
1216 3.88
1217 4.17
1218 4.53
1219 5.74
1220 9.39
1221 27.40
1222 48.65
1223 0.00
1224 0.00
1225 0.00
1226 0.00
1227 0.00
1228 0.00
1229 0.00
1230 0.00
1231 1.24
1232 1.78
1233 2.53
1234 2.50
1235 1.72
1236 2.28
1237 2.51
1238 3.54
1239 2.26
1240 3.04
1241 3.05
1242 2.73
1243 4.10
1244 6.08
1245 10.75
1246 0.80
1247 1.91
1248 0.00
1249 0.00
1250 0.00
1251 0.00
1252 0.00
1253 0.00
1254 0.00
1255 3.19
1256 1.55
1257 2.49
1258 2.04
1259 1.53
1260 2.76
1261 2.48
1262 3.07
1263 2.55
1264 3.58
1265 4.66
1266 3.28
1267 3.64
1268 6.34
1269 8.26
1270 0.00
1271 18.09
1272 0.00
1273 0.00
1274 0.00
1275 0.00
1276 0.00
1277 0.00
1278 0.00
1279 2.04
1280 1.27
1281 3.21
1282 2.23
1283 1.73
1284 2.30
1285 2.54
1286 2.85
1287 2.90
1288 3.03
1289 3.01
1290 4.63
1291 6.15
1292 7.55
1293 11.13
1294 0.73
1295 0.00
1296 0.00
1297 0.00
1298 0.00
1299 0.00
1300 0.00
1301 0.00
1302 0.00
1303 2.32
1304 1.69
1305 1.76
1306 1.88
1307 1.87
1308 2.38
1309 2.98
1310 2.73
1311 2.73
1312 4.08
1313 2.92
1314 3.51
1315 2.87
1316 2.91
1317 4.52
1318 0.85
1319 0.00
1320 0.00
1321 0.00
1322 0.00
1323 0.00
1324 0.00
1325 0.00
1326 0.00
1327 0.63
1328 0.83
1329 1.42
1330 1.40
1331 1.84
1332 1.98
1333 2.51
1334 2.97
1335 3.43
1336 2.22
1337 2.83
1338 2.10
1339 2.82
1340 2.66
1341 2.01
1342 0.00
1343 1.08
1344 0.00
1345 0.00
1346 0.00
1347 0.00
1348 0.00
1349 1.00
1350 0.00
1351 0.41
1352 0.65
1353 3.65
1354 2.23
1355 1.33
1356 0.59
1357 0.90
1358 0.83
1359 0.76
1360 0.92
1361 1.65
1362 2.55
1363 6.88
1364 7.04
1365 1.52
1366 6.80
1367 0.00
1368 0.00
1369 0.00
1370 0.00
1371 0.00
1372 0.00
1373 0.00
1374 18.05
1375 1.50
1376 1.56
1377 1.56
1378 2.67
1379 1.60
1380 2.23
1381 2.99
1382 2.32
1383 3.47
1384 4.86
1385 3.53
1386 3.22
1387 5.17
1388 6.05
1389 4.97
1390 1.44
1391 0.00
1392 0.00
1393 0.00
1394 0.00
1395 0.00
1396 0.00
1397 0.00
1398 0.00
1399 0.30
1400 1.78
1401 3.04
1402 1.76
1403 1.48
1404 1.99
1405 2.08
1406 2.61
1407 2.43
1408 4.32
1409 3.19
1410 3.61
1411 6.53
1412 6.71
1413 22.01
1414 0.00
1415 2.97
1416 0.00
1417 0.00
1418 0.00
1419 0.00
1420 0.00
1421 0.00
1422 0.00
1423 0.64
1424 1.66
1425 2.12
1426 2.32
1427 1.64
1428 2.75
1429 1.90
1430 2.30
1431 3.38
1432 4.20
1433 3.16
1434 3.66
1435 5.49
1436 3.80
1437 4.51
1438 5.81
1439 3.63
1440 0.00
1441 0.00
1442 0.00
1443 0.00
1444 0.00
1445 0.00
1446 0.00
1447 0.33
1448 2.66
1449 1.50
1450 2.37
1451 1.76
1452 2.27
1453 1.95
1454 2.00
1455 2.60
1456 3.66
1457 3.62
1458 4.85
1459 4.46
1460 4.14
1461 4.18
1462 2.47
1463 3.92
1464 0.00
1465 0.00
1466 0.00
1467 0.00
1468 0.00
1469 0.00
1470 0.00
1471 12.16
1472 0.70
1473 2.12
1474 1.53
1475 1.62
1476 1.41
1477 2.05
1478 1.88
1479 1.71
1480 1.57
1481 1.66
1482 1.79
1483 2.24
1484 1.53
1485 4.20
1486 0.00
1487 0.00
1488 0.00
1489 0.00
1490 0.00
1491 0.00
1492 0.00
1493 0.00
1494 0.00
1495 0.62
1496 0.81
1497 2.08
1498 1.61
1499 1.13
1500 0.93
1501 0.79
1502 0.61
1503 0.63
1504 0.95
1505 0.93
1506 1.95
1507 1.54
1508 3.30
1509 0.86
1510 1.92
1511 11.06
1512 0.00
1513 0.00
1514 0.00
1515 0.00
1516 0.00
1517 0.00
1518 0.00
1519 0.49
1520 2.70
1521 2.46
1522 2.58
1523 1.83
1524 2.81
1525 2.27
1526 2.50
1527 2.95
1528 3.85
1529 4.44
1530 5.80
1531 5.69
1532 9.98
1533 3.16
1534 33.96
1535 27.59
1536 0.00
1537 0.00
1538 0.00
1539 0.00
1540 0.00
1541 0.00
1542 0.00
1543 0.64
1544 1.57
1545 2.08
1546 1.59
1547 1.84
1548 2.85
1549 2.47
1550 2.88
1551 3.55
1552 4.94
1553 5.19
1554 4.97
1555 7.05
1556 11.11
1557 20.40
1558 4.50
1559 10.48
1560 0.00
1561 0.00
1562 0.00
1563 0.00
1564 0.00
1565 0.00
1566 0.00
1567 0.48
1568 2.07
1569 3.50
1570 2.68
1571 1.89
1572 2.47
1573 2.54
1574 2.60
1575 2.87
1576 3.25
1577 3.39
1578 3.94
1579 3.98
1580 3.45
1581 6.67
1582 0.82
1583 4.46
1584 0.00
1585 0.00
1586 0.00
1587 0.00
1588 0.00
1589 0.00
1590 0.00
1591 2.33
1592 1.37
1593 1.92
1594 2.01
1595 1.79
1596 2.55
1597 2.33
1598 2.24
1599 2.83
1600 4.50
1601 3.69
1602 5.49
1603 5.05
1604 4.98
1605 7.10
1606 1.00
1607 2.46
1608 0.00
1609 0.00
1610 0.00
1611 0.00
1612 0.00
1613 0.00
1614 0.00
1615 1.33
1616 1.81
1617 1.94
1618 2.61
1619 1.73
1620 1.92
1621 2.62
1622 2.84
1623 2.94
1624 3.11
1625 3.40
1626 3.18
1627 4.52
1628 4.88
1629 4.45
1630 7.48
1631 13.90
1632 45.86
1633 0.00
1634 0.00
1635 0.00
1636 0.00
1637 0.00
1638 0.00
1639 2.41
1640 0.50
1641 3.33
1642 1.77
1643 2.38
1644 2.92
1645 5.44
1646 2.62
1647 2.16
1648 2.46
1649 3.37
1650 2.72
1651 1.63
1652 1.67
1653 2.70
1654 0.00
1655 2.04
1656 0.00
1657 0.00
1658 0.00
1659 0.00
1660 0.00
1661 1.31
1662 0.00
1663 0.43
1664 1.33
1665 5.39
1666 2.05
1667 1.37
1668 0.88
1669 0.91
1670 1.19
1671 0.84
1672 0.89
1673 1.65
1674 2.34
1675 2.83
1676 0.72
1677 0.74
1678 0.00
1679 0.00
1680 0.00
1681 0.00
1682 0.00
1683 0.00
1684 0.00
1685 0.00
1686 0.00
1687 2.06
1688 0.34
1689 0.20
1690 0.40
1691 0.43
1692 0.96
1693 0.65
1694 1.16
1695 1.19
1696 2.08
1697 1.28
1698 1.51
1699 1.78
1700 2.24
1701 2.22
1702 0.00
1703 4.05
1704 0.00
1705 0.00
1706 0.00
1707 0.00
1708 0.00
1709 0.00
1710 0.00
1711 6.39
1712 1.27
1713 1.96
1714 1.98
1715 1.70
1716 2.63
1717 2.80
1718 3.26
1719 3.53
1720 6.33
1721 3.82
1722 5.46
1723 6.15
1724 9.15
1725 6.70
1726 29.65
1727 3.97
1728 56.25
1729 0.00
1730 0.00
1731 0.00
1732 0.00
1733 0.00
1734 41.38
1735 0.55
1736 2.19
1737 3.05
1738 3.34
1739 1.84
1740 2.06
1741 2.80
1742 2.33
1743 2.95
1744 4.49
1745 4.61
1746 5.84
1747 3.82
1748 3.64
1749 4.91
1750 0.92
1751 1.30
1752 0.00
1753 0.00
1754 0.00
1755 0.00
1756 0.00
1757 0.00
1758 0.00
1759 0.54
1760 2.68
1761 2.12
1762 1.92
1763 1.82
1764 2.22
1765 3.17
1766 2.38
1767 3.20
1768 3.13
1769 2.96
1770 2.81
1771 2.84
1772 4.30
1773 4.22
1774 0.00
1775 8.06
1776 0.00
1777 0.00
1778 0.00
1779 0.00
1780 0.00
1781 0.00
1782 0.00
1783 0.39
1784 1.87
1785 1.89
1786 2.74
1787 1.79
1788 2.07
1789 2.63
1790 2.76
1791 3.09
1792 3.59
1793 3.07
1794 2.85
1795 3.09
1796 2.83
1797 2.19
1798 0.00
1799 2.38
1800 0.00
1801 0.00
1802 0.00
1803 0.00
1804 0.00
1805 0.00
1806 0.00
1807 4.19
1808 0.86
1809 2.56
1810 3.17
1811 1.96
1812 2.06
1813 2.31
1814 2.96
1815 2.86
1816 3.25
1817 3.14
1818 1.81
1819 2.50
1820 2.76
1821 5.68
1822 1.14
1823 3.33
1824 0.00
1825 0.00
1826 0.00
1827 0.00
1828 0.00
1829 0.00
1830 0.00
1831 1.86
1832 1.34
1833 4.48
1834 1.90
1835 0.72
1836 1.09
1837 1.37
1838 0.88
1839 1.16
1840 1.09
1841 6.78
1842 2.11
1843 6.45
1844 10.91
1845 32.14
1846 4.58
1847 2.94
1848 0.00
1849 0.00
1850 0.00
1851 0.00
1852 0.00
1853 0.00
1854 0.00
1855 0.25
1856 1.68
1857 1.98
1858 3.30
1859 1.62
1860 2.41
1861 2.14
1862 2.79
1863 2.64
1864 3.81
1865 3.87
1866 5.62
1867 6.17
1868 5.56
1869 4.52
1870 0.61
1871 2.97
1872 0.00
1873 0.00
1874 0.00
1875 0.00
1876 0.00
1877 0.00
1878 0.00
1879 0.36
1880 1.57
1881 1.68
1882 3.21
1883 1.61
1884 2.22
1885 3.01
1886 2.99
1887 3.24
1888 3.12
1889 4.35
1890 5.58
1891 5.37
1892 4.98
1893 10.89
1894 50.00
1895 18.40
1896 0.00
1897 0.00
1898 0.00
1899 0.00
1900 0.00
1901 0.00
1902 0.00
1903 0.66
1904 1.39
1905 3.37
1906 2.42
1907 1.95
1908 2.32
1909 2.04
1910 2.03
1911 3.21
1912 3.87
1913 3.47
1914 4.82
1915 5.34
1916 6.04
1917 5.24
1918 1.45
1919 10.14
1920 0.00
1921 0.00
1922 0.00
1923 0.00
1924 0.00
1925 0.00
1926 0.00
1927 0.74
1928 1.87
1929 1.55
1930 2.48
1931 1.63
1932 2.49
1933 2.89
1934 2.55
1935 2.82
1936 3.22
1937 2.22
1938 2.82
1939 3.40
1940 3.74
1941 6.82
1942 1.40
1943 3.68
1944 0.00
1945 0.00
1946 0.00
1947 0.00
1948 0.00
1949 0.00
1950 0.00
1951 1.49
1952 1.52
1953 2.32
1954 2.05
1955 1.88
1956 2.30
1957 2.56
1958 2.48
1959 3.02
1960 3.36
1961 2.64
1962 2.63
1963 2.94
1964 3.49
1965 5.79
1966 1.27
1967 3.40
1968 0.00
1969 0.00
1970 0.00
1971 0.00
1972 0.00
1973 0.00
1974 0.00
1975 0.42
1976 0.70
1977 3.54
1978 2.97
1979 2.02
1980 2.28
1981 1.83
1982 2.80
1983 2.28
1984 2.57
1985 4.26
1986 2.08
1987 2.06
1988 2.39
1989 1.80
1990 1.14
1991 9.35
1992 0.00
1993 0.00
1994 0.00
1995 0.00
1996 0.00
1997 7.91
1998 0.00
1999 0.53
2000 1.12
2001 2.34
2002 2.80
2003 1.45
2004 1.14
2005 1.02
2006 1.05
2007 0.88
2008 0.79
2009 1.95
2010 1.75
2011 4.77
2012 3.72
2013 1.34
2014 8.57
2015 0.00
2016 0.00
2017 0.00
2018 0.00
2019 0.00
2020 0.00
2021 0.00
2022 0.00
2023 0.25
2024 1.08
2025 2.43
2026 2.67
2027 1.95
2028 2.42
2029 3.13
2030 3.32
2031 3.43
2032 5.71
2033 6.34
2034 5.99
2035 7.07
2036 7.97
2037 15.29
2038 2.44
2039 0.00
2040 0.00
2041 0.00
2042 0.00
2043 0.00
2044 0.00
2045 0.00
2046 0.00
2047 1.73
2048 0.97
2049 2.20
2050 2.68
2051 2.32
2052 2.65
2053 2.65
2054 3.15
2055 3.36
2056 5.01
2057 4.59
2058 5.36
2059 5.31
2060 6.95
2061 14.40
2062 10.06
2063 17.18
2064 0.00
2065 0.00
2066 0.00
2067 0.00
2068 0.00
2069 0.00
2070 0.00
2071 1.15
2072 1.12
2073 2.70
2074 1.90
2075 2.37
2076 2.74
2077 2.44
2078 2.19
2079 3.62
2080 4.63
2081 3.27
2082 3.91
2083 4.87
2084 3.87
2085 8.02
2086 1.94
2087 13.95
2088 0.00
2089 0.00
2090 0.00
2091 0.00
2092 0.00
2093 0.00
2094 0.00
2095 4.25
2096 1.06
2097 1.75
2098 2.11
2099 2.25
2100 2.82
2101 2.85
2102 2.68
2103 3.41
2104 4.64
2105 2.63
2106 3.69
2107 3.41
2108 5.49
2109 8.54
2110 4.97
2111 2.35
2112 0.00
2113 0.00
2114 0.00
2115 0.00
2116 0.00
2117 0.00
2118 0.00
2119 0.49
2120 1.62
2121 1.40
2122 1.83
2123 2.49
2124 2.76
2125 2.49
2126 2.34
2127 3.37
2128 4.35
2129 2.67
2130 2.67
2131 2.61
2132 3.52
2133 5.89
2134 0.69
2135 0.00
2136 0.00
2137 0.00
2138 0.00
2139 0.00
2140 0.00
2141 0.00
2142 0.00
2143 6.01
2144 1.32
2145 3.48
2146 3.49
2147 3.21
2148 2.01
2149 2.52
2150 2.74
2151 2.62
2152 2.98
2153 2.57
2154 2.88
2155 2.05
2156 1.90
2157 3.07
2158 0.00
2159 0.00
2160 0.00
2161 0.00
2162 0.00
2163 0.00
2164 0.00
2165 0.00
2166 0.00
2167 0.92
2168 1.10
2169 2.48
2170 1.60
2171 0.98
2172 0.96
2173 0.99
2174 1.07
2175 0.65
2176 1.14
2177 1.63
2178 4.43
2179 3.49
2180 0.32
2181 2.02
2182 48.65
2183 0.00
2184 0.00
2185 0.00
2186 0.00
2187 0.00
2188 0.00
2189 0.00
2190 0.00
2191 1.76
2192 1.34
2193 2.49
2194 2.59
2195 2.07
2196 2.74
2197 2.72
2198 2.68
2199 3.44
2200 5.61
2201 4.99
2202 6.58
2203 6.47
2204 7.01
2205 7.33
2206 8.16
2207 3.58
2208 0.00
2209 0.00
2210 0.00
2211 0.00
2212 0.00
2213 0.00
2214 0.00
2215 2.91
2216 1.49
2217 1.62
2218 1.72
2219 2.16
2220 2.77
2221 2.58
2222 2.65
2223 3.14
2224 4.40
2225 3.82
2226 4.54
2227 5.28
2228 3.71
2229 4.22
2230 9.30
2231 8.90
2232 0.00
2233 0.00
2234 0.00
2235 0.00
2236 0.00
2237 0.00
2238 0.00
2239 4.02
2240 1.50
2241 2.39
2242 2.48
2243 2.71
2244 2.52
2245 2.48
2246 2.57
2247 3.04
2248 4.10
2249 4.50
2250 4.04
2251 3.12
2252 3.37
2253 9.55
2254 2.05
2255 2.86
2256 0.00
2257 0.00
2258 0.00
2259 0.00
2260 0.00
2261 0.00
2262 0.00
2263 2.53
2264 1.74
2265 2.82
2266 2.23
2267 2.51
2268 2.59
2269 2.30
2270 3.42
2271 3.43
2272 4.10
2273 3.75
2274 4.09
2275 7.07
2276 4.85
2277 8.16
2278 1.36
2279 29.75
2280 0.00
2281 0.00
2282 0.00
2283 0.00
2284 0.00
2285 0.00
2286 0.00
2287 0.00
2288 0.29
2289 1.09
2290 1.07
2291 0.81
2292 1.03
2293 1.50
2294 0.90
2295 1.06
2296 2.63
2297 1.40
2298 1.59
2299 1.97
2300 2.57
2301 11.07
2302 0.68
2303 4.12
2304 0.00
2305 0.00
2306 0.00
2307 0.00
2308 0.00
2309 0.00
2310 0.00
2311 2.06
2312 0.93
2313 1.71
2314 0.96
2315 3.87
2316 1.06
2317 1.80
2318 1.31
2319 2.63
2320 1.85
2321 2.13
2322 2.29
2323 1.94
2324 2.14
2325 3.49
2326 0.00
2327 11.90
2328 0.00
2329 0.00
2330 0.00
2331 0.00
2332 0.00
2333 0.00
2334 0.00
2335 2.04
2336 1.83
2337 6.29
2338 1.84
2339 1.17
2340 1.11
2341 0.67
2342 0.77
2343 0.66
2344 1.33
2345 0.88
2346 1.72
2347 1.45
2348 1.12
2349 0.00
2350 0.00
2351 0.00
2352 0.00
2353 0.00
2354 0.00
2355 0.00
2356 0.00
2357 0.00
2358 0.00
2359 0.54
2360 0.24
2361 0.24
2362 0.30
2363 0.47
2364 0.54
2365 0.83
2366 0.82
2367 1.44
2368 1.25
2369 1.05
2370 2.05
2371 1.17
2372 2.65
2373 19.88
2374 0.00
2375 30.51
2376 0.00
2377 0.00
2378 0.00
2379 0.00
2380 0.00
2381 0.00
2382 0.00
2383 0.75
2384 1.83
2385 2.10
2386 3.28
2387 2.02
2388 2.28
2389 2.31
2390 2.09
2391 3.34
2392 5.04
2393 4.49
2394 5.53
2395 6.47
2396 8.39
2397 19.81
2398 3.96
2399 15.09
2400 0.00
2401 0.00
2402 0.00
2403 0.00
2404 0.00
2405 0.00
2406 0.00
2407 2.60
2408 1.56
2409 1.91
2410 3.47
2411 2.14
2412 2.23
2413 2.40
2414 2.40
2415 2.52
2416 5.76
2417 4.00
2418 3.96
2419 6.04
2420 8.39
2421 16.23
2422 1.72
2423 21.18
2424 0.00
2425 0.00
2426 0.00
2427 0.00
2428 0.00
2429 0.00
2430 0.00
2431 1.58
2432 1.55
2433 2.26
2434 2.08
2435 2.37
2436 2.82
2437 2.21
2438 2.24
2439 2.71
2440 3.69
2441 4.03
2442 5.57
2443 5.38
2444 8.30
2445 13.18
2446 3.34
2447 3.19
2448 0.00
2449 0.00
2450 0.00
2451 0.00
2452 0.00
2453 0.00
2454 0.00
2455 4.12
2456 1.56
2457 2.25
2458 1.74
2459 1.96
2460 2.56
2461 1.93
2462 2.96
2463 3.30
2464 5.82
2465 5.41
2466 5.52
2467 6.04
2468 2.76
2469 3.30
2470 48.00
2471 6.20
2472 0.00
2473 0.00
2474 0.00
2475 0.00
2476 0.00
2477 0.00
2478 0.00
2479 0.94
2480 1.75
2481 2.33
2482 2.88
2483 1.60
2484 2.31
2485 2.36
2486 2.09
2487 3.14
2488 2.21
2489 2.48
2490 3.25
2491 1.78
2492 2.17
2493 4.02
2494 0.00
2495 1.77
2496 0.00
2497 0.00
2498 0.00
2499 0.00
2500 0.00
2501 0.00
2502 0.00
2503 0.39
2504 1.42
2505 5.45
2506 2.02
2507 1.75
2508 0.82
2509 0.80
2510 1.03
2511 0.70
2512 1.00
2513 0.83
2514 1.62
2515 2.72
2516 3.37
2517 2.02
2518 0.98
2519 11.41
2520 0.00
2521 0.00
2522 0.00
2523 0.00
2524 0.00
2525 0.00
2526 0.00
2527 4.27
2528 1.66
2529 4.89
2530 4.10
2531 2.31
2532 3.07
2533 2.27
2534 2.55
2535 3.20
2536 5.21
2537 5.99
2538 6.65
2539 6.44
2540 6.90
2541 11.48
2542 2.13
2543 38.99
2544 0.00
2545 0.00
2546 0.00
2547 0.00
2548 0.00
2549 0.00
2550 0.00
2551 0.58
2552 1.75
2553 3.53
2554 2.55
2555 2.43
2556 2.43
2557 3.38
2558 3.16
2559 3.52
2560 4.53
2561 2.82
2562 4.55
2563 5.42
2564 6.71
2565 15.54
2566 14.43
2567 5.18
2568 0.00
2569 0.00
2570 0.00
2571 0.00
2572 0.00
2573 0.00
2574 0.00
2575 0.34
2576 1.63
2577 1.87
2578 2.76
2579 2.42
2580 1.92
2581 2.47
2582 2.83
2583 2.53
2584 3.65
2585 2.61
2586 3.25
2587 3.70
2588 3.02
2589 23.44
2590 1.07
2591 0.00
2592 0.00
2593 0.00
2594 0.00
2595 0.00
2596 0.00
2597 0.00
2598 0.00
2599 2.15
2600 1.40
2601 1.69
2602 3.00
2603 1.96
2604 2.41
2605 2.41
2606 3.10
2607 3.12
2608 3.65
2609 4.07
2610 2.64
2611 4.46
2612 8.99
2613 8.79
2614 2.02
2615 1.66
2616 0.00
2617 0.00
2618 0.00
2619 0.00
2620 0.00
2621 0.00
2622 0.00
2623 0.86
2624 1.40
2625 2.15
2626 2.04
2627 2.20
2628 2.15
2629 1.99
2630 2.06
2631 3.19
2632 3.75
2633 2.90
2634 3.28
2635 3.72
2636 2.33
2637 1.27
2638 0.77
2639 4.66
2640 0.00
2641 0.00
2642 0.00
2643 0.00
2644 0.00
2645 0.00
2646 0.00
2647 3.30
2648 1.18
2649 1.55
2650 1.47
2651 1.58
2652 1.55
2653 3.02
2654 2.11
2655 1.88
2656 2.98
2657 3.90
2658 2.97
2659 1.79
2660 2.04
2661 1.55
2662 0.58
2663 0.00
2664 0.00
2665 0.00
2666 0.00
2667 0.00
2668 0.00
2669 0.00
2670 0.00
2671 1.45
2672 2.28
2673 5.82
2674 1.66
2675 0.84
2676 0.85
2677 0.90
2678 1.27
2679 1.69
2680 1.72
2681 1.86
2682 1.87
2683 3.94
2684 0.58
2685 2.09
2686 1.49
2687 2.48
2688 0.00
2689 0.00
2690 0.00
2691 0.00
2692 0.00
2693 0.00
2694 0.00
2695 0.45
2696 1.34
2697 2.39
2698 1.81
2699 2.39
2700 2.01
2701 1.72
2702 2.27
2703 2.80
2704 4.56
2705 5.88
2706 4.49
2707 7.33
2708 9.45
2709 13.00
2710 0.00
2711 3.80
2712 0.00
2713 0.00
2714 0.00
2715 0.00
2716 0.00
2717 0.00
2718 0.00
2719 1.08
2720 0.87
2721 1.82
2722 2.26
2723 1.93
2724 1.90
2725 2.02
2726 2.24
2727 2.81
2728 3.65
2729 2.24
2730 2.73
2731 2.97
2732 3.53
2733 2.79
2734 1.77
2735 0.00
2736 0.00
2737 0.00
2738 0.00
2739 0.00
2740 0.00
2741 0.00
2742 0.00
2743 28.12
2744 0.28
2745 0.50
2746 0.47
2747 0.76
2748 0.86
2749 0.95
2750 0.94
2751 1.74
2752 1.73
2753 1.91
2754 2.51
2755 1.29
2756 1.89
2757 2.42
2758 59.02
2759 3.65
2760 0.00
2761 0.00
2762 0.00
2763 0.00
2764 0.00
2765 0.00
2766 0.00
2767 0.41
2768 1.18
2769 2.09
2770 2.81
2771 2.08
2772 2.22
2773 2.03
2774 2.56
2775 3.52
2776 3.91
2777 5.45
2778 6.29
2779 3.73
2780 6.35
2781 11.67
2782 2.41
2783 2.45
2784 0.00
2785 0.00
2786 0.00
2787 0.00
2788 0.00
2789 0.00
2790 0.00
2791 0.54
2792 1.62
2793 2.00
2794 3.24
2795 2.19
2796 2.79
2797 2.00
2798 2.85
2799 3.04
2800 4.14
2801 3.96
2802 4.98
2803 5.10
2804 3.72
2805 6.48
2806 1.33
2807 1.60
2808 0.00
2809 0.00
2810 0.00
2811 0.00
2812 0.00
2813 0.00
2814 0.00
2815 2.03
2816 0.95
2817 6.29
2818 2.26
2819 1.99
2820 1.97
2821 1.42
2822 2.96
2823 1.85
2824 2.38
2825 1.83
2826 1.84
2827 2.38
2828 2.13
2829 3.28
2830 0.67
2831 0.00
2832 0.00
2833 0.00
2834 0.00
2835 0.00
2836 0.00
2837 0.00
2838 0.00
2839 2.41
2840 0.97
2841 2.06
2842 1.99
2843 1.27
2844 0.84
2845 0.83
2846 0.71
2847 0.78
2848 0.81
2849 2.10
2850 2.59
2851 4.99
2852 10.67
2853 0.00
2854 1.21
2855 3.57
2856 0.00
2857 0.00
2858 0.00
2859 0.00
2860 0.00
2861 0.00
2862 0.00
2863 0.50
2864 1.52
2865 3.10
2866 3.25
2867 2.30
2868 2.10
2869 2.19
2870 2.74
2871 3.14
2872 3.72
2873 5.14
2874 8.08
2875 7.64
2876 5.37
2877 16.20
2878 6.72
2879 0.00
2880 0.00
2881 0.00
2882 0.00
2883 0.00
2884 0.00
2885 0.00
2886 0.00
2887 0.49
2888 1.37
2889 2.58
2890 2.07
2891 1.91
2892 2.47
2893 2.69
2894 2.46
2895 2.98
2896 4.05
2897 3.36
2898 6.36
2899 7.98
2900 11.20
2901 11.03
2902 1.40
2903 6.71
2904 0.00
2905 0.00
2906 0.00
2907 0.00
2908 0.00
2909 0.00
2910 0.00
2911 1.56
2912 1.45
2913 3.76
2914 2.88
2915 1.96
2916 2.09
2917 2.67
2918 3.19
2919 3.46
2920 4.57
2921 3.61
2922 4.77
2923 5.56
2924 5.94
2925 21.19
2926 6.63
2927 6.56
2928 0.00
2929 0.00
2930 0.00
2931 0.00
2932 0.00
2933 0.00
2934 0.00
2935 4.96
2936 1.13
2937 1.93
2938 1.69
2939 1.96
2940 2.52
2941 2.66
2942 2.59
2943 3.20
2944 4.90
2945 4.20
2946 3.80
2947 5.49
2948 7.00
2949 14.73
2950 2.91
2951 3.73
2952 0.00
2953 0.00
2954 0.00
2955 0.00
2956 0.00
2957 0.00
2958 0.00
2959 2.06
2960 1.21
2961 3.19
2962 2.19
2963 2.50
2964 2.60
2965 2.87
2966 2.87
2967 3.65
2968 3.79
2969 3.00
2970 3.89
2971 4.90
2972 2.50
2973 1.86
2974 0.00
2975 0.00
2976 0.00
2977 0.00
2978 0.00
2979 0.00
2980 0.00
2981 0.00
2982 0.00
2983 6.95
2984 2.47
2985 3.57
2986 2.33
2987 2.94
2988 2.26
2989 2.05
2990 2.91
2991 2.59
2992 1.96
2993 3.54
2994 2.27
2995 1.64
2996 2.15
2997 3.94
2998 0.99
2999 0.00
3000 0.00
3001 0.00
3002 0.00
3003 0.00
3004 0.00
3005 0.00
3006 0.00
3007 12.86
3008 0.99
3009 2.78
3010 1.38
3011 0.91
3012 1.36
3013 0.86
3014 1.01
3015 1.03
3016 1.67
3017 1.67
3018 2.25
3019 6.40
3020 4.50
3021 3.98
3022 1.92
3023 1.18
3024 0.00
3025 0.00
3026 0.00
3027 0.00
3028 0.00
3029 0.00
3030 0.00
3031 3.48
3032 1.51
3033 2.11
3034 3.08
3035 2.13
3036 2.38
3037 3.08
3038 2.62
3039 2.93
3040 4.54
3041 5.14
3042 3.42
3043 5.90
3044 7.25
3045 20.05
3046 1.89
3047 0.00
3048 0.00
3049 0.00
3050 0.00
3051 0.00
3052 0.00
3053 0.00
3054 0.00
3055 0.69
3056 1.57
3057 2.15
3058 3.10
3059 2.56
3060 2.38
3061 3.15
3062 3.25
3063 3.39
3064 3.57
3065 2.91
3066 4.77
3067 7.20
3068 13.38
3069 11.41
3070 0.53
3071 9.95
3072 0.00
3073 0.00
3074 0.00
3075 0.00
3076 0.00
3077 0.00
3078 0.00
3079 0.51
3080 2.02
3081 1.85
3082 2.93
3083 2.54
3084 2.39
3085 2.69
3086 3.48
3087 2.46
3088 4.33
3089 3.27
3090 4.60
3091 4.45
3092 4.45
3093 6.18
3094 2.17
3095 0.00
3096 0.00
3097 0.00
3098 0.00
3099 0.00
3100 0.00
3101 0.00
3102 0.00
3103 0.68
3104 1.41
3105 2.42
3106 2.63
3107 2.36
3108 2.60
3109 2.89
3110 2.77
3111 2.95
3112 3.81
3113 3.21
3114 5.13
3115 4.59
3116 4.46
3117 15.05
3118 1.17
3119 16.67
3120 0.00
3121 0.00
3122 0.00
3123 0.00
3124 0.00
3125 0.00
3126 0.00
3127 0.52
3128 3.41
3129 2.38
3130 2.45
3131 2.23
3132 2.69
3133 2.35
3134 2.78
3135 2.89
3136 4.08
3137 2.86
3138 4.92
3139 5.33
3140 2.95
3141 1.86
3142 0.00
3143 0.00
3144 0.00
3145 0.00
3146 0.00
3147 0.00
3148 0.00
3149 0.00
3150 0.00
3151 1.21
3152 0.99
3153 2.07
3154 1.88
3155 1.90
3156 2.69
3157 2.08
3158 2.47
3159 2.24
3160 2.81
3161 4.49
3162 1.87
3163 2.33
3164 1.75
3165 2.96
3166 0.00
3167 4.20
3168 0.00
3169 0.00
3170 0.00
3171 0.00
3172 0.00
3173 0.00
3174 0.00
3175 1.06
3176 1.80
3177 2.02
3178 1.72
3179 1.08
3180 0.76
3181 0.98
3182 1.08
3183 0.60
3184 1.18
3185 1.00
3186 2.02
3187 0.82
3188 2.53
3189 0.49
3190 0.00
3191 34.62
3192 0.00
3193 0.00
3194 0.00
3195 0.00
3196 0.00
3197 0.00
3198 0.00
3199 3.28
3200 2.18
3201 4.47
3202 3.43
3203 2.34
3204 2.58
3205 1.94
3206 3.05
3207 3.95
3208 4.93
3209 5.72
3210 4.12
3211 3.94
3212 2.21
3213 5.63
3214 11.39
3215 6.14
3216 0.00
3217 0.00
3218 0.00
3219 0.00
3220 0.00
3221 0.00
3222 0.00
3223 1.76
3224 1.55
3225 1.67
3226 1.68
3227 1.76
3228 2.04
3229 2.39
3230 2.22
3231 3.17
3232 5.29
3233 4.18
3234 6.91
3235 4.42
3236 5.86
3237 13.89
3238 6.54
3239 5.82
3240 0.00
3241 0.00
3242 0.00
3243 0.00
3244 0.00
3245 0.00
3246 0.00
3247 0.98
3248 1.80
3249 4.80
3250 2.21
3251 1.79
3252 1.83
3253 2.43
3254 2.70
3255 2.75
3256 4.39
3257 5.78
3258 4.64
3259 5.19
3260 5.49
3261 7.48
3262 1.37
3263 1.92
3264 0.00
3265 0.00
3266 0.00
3267 0.00
3268 0.00
3269 0.00
3270 0.00
3271 6.22
3272 1.88
3273 1.94
3274 2.33
3275 2.50
3276 2.27
3277 2.61
3278 3.17
3279 4.29
3280 4.91
3281 2.83
3282 4.27
3283 5.35
3284 6.81
3285 13.94
3286 1.99
3287 7.01
3288 0.00
3289 0.00
3290 0.00
3291 0.00
3292 0.00
3293 0.00
3294 0.00
3295 0.81
3296 2.11
3297 3.42
3298 2.84
3299 2.52
3300 2.54
3301 2.62
3302 3.29
3303 2.82
3304 3.68
3305 3.41
3306 2.96
3307 3.26
3308 2.60
3309 1.64
3310 0.57
3311 0.00
3312 0.00
3313 0.00
3314 0.00
3315 0.00
3316 0.00
3317 0.00
3318 0.00
3319 10.56
3320 2.73
3321 1.72
3322 2.15
3323 1.66
3324 2.07
3325 3.08
3326 1.95
3327 1.84
3328 2.46
3329 2.49
3330 2.13
3331 1.35
3332 1.88
3333 4.03
3334 2.29
3335 5.38
3336 0.00
3337 0.00
3338 0.00
3339 0.00
3340 0.00
3341 0.00
3342 0.00
3343 15.56
3344 1.28
3345 4.49
3346 3.00
3347 1.92
3348 1.67
3349 0.64
3350 1.36
3351 0.73
3352 0.97
3353 1.54
3354 2.17
3355 2.05
3356 5.29
3357 1.19
3358 4.18
3359 11.32
3360 0.00
3361 0.00
3362 0.00
3363 0.00
3364 0.00
3365 0.00
3366 0.00
3367 0.28
3368 2.37
3369 2.24
3370 3.21
3371 2.22
3372 2.30
3373 2.40
3374 2.22
3375 3.01
3376 4.77
3377 5.03
3378 5.40
3379 5.05
3380 6.33
3381 20.48
3382 1.10
3383 0.00
3384 0.00
3385 0.00
3386 0.00
3387 0.00
3388 0.00
3389 0.00
3390 0.00
3391 11.19
3392 1.48
3393 2.99
3394 2.58
3395 2.15
3396 3.02
3397 2.25
3398 2.83
3399 2.74
3400 5.68
3401 4.51
3402 4.70
3403 6.60
3404 6.83
3405 12.19
3406 2.30
3407 0.00
3408 0.00
3409 0.00
3410 0.00
3411 0.00
3412 0.00
3413 0.00
3414 0.00
3415 0.31
3416 1.82
3417 2.10
3418 3.62
3419 1.85
3420 2.77
3421 2.89
3422 2.65
3423 3.44
3424 4.33
3425 5.37
3426 5.20
3427 4.95
3428 3.42
3429 8.34
3430 0.72
3431 48.65
3432 0.00
3433 0.00
3434 0.00
3435 0.00
3436 0.00
3437 0.00
3438 0.00
3439 2.44
3440 1.68
3441 3.28
3442 3.85
3443 2.35
3444 2.33
3445 2.32
3446 2.46
3447 2.49
3448 3.34
3449 3.46
3450 7.07
3451 6.04
3452 6.05
3453 17.95
3454 0.99
3455 0.00
3456 0.00
3457 0.00
3458 0.00
3459 0.00
3460 0.00
3461 0.00
3462 0.00
3463 0.46
3464 1.66
3465 2.46
3466 3.23
3467 2.55
3468 2.38
3469 2.71
3470 1.80
3471 2.88
3472 4.05
3473 3.58
3474 4.64
3475 3.42
3476 2.87
3477 5.89
3478 2.37
3479 1.91
3480 0.00
3481 0.00
3482 0.00
3483 0.00
3484 0.00
3485 0.00
3486 0.00
3487 1.55
3488 2.10
3489 3.79
3490 3.42
3491 1.20
3492 1.73
3493 2.02
3494 1.87
3495 1.77
3496 2.50
3497 2.17
3498 1.80
3499 1.85
3500 1.98
3501 5.35
3502 1.24
3503 0.00
3504 0.00
3505 0.00
3506 0.00
3507 0.00
3508 0.00
3509 0.00
3510 0.00
3511 0.62
3512 1.63
3513 2.91
3514 2.41
3515 1.01
3516 0.69
3517 0.86
3518 0.84
3519 1.20
3520 1.07
3521 1.10
3522 1.88
3523 4.93
3524 0.47
3525 0.00
3526 0.00
3527 25.71
3528 0.00
3529 0.00
3530 0.00
3531 0.00
3532 0.00
3533 0.00
3534 0.00
3535 0.49
3536 2.20
3537 1.90
3538 3.33
3539 2.18
3540 2.51
3541 2.56
3542 2.41
3543 2.73
3544 5.44
3545 5.24
3546 5.04
3547 6.77
3548 10.56
3549 18.55
3550 0.00
3551 0.00
3552 0.00
3553 0.00
3554 0.00
3555 0.00
3556 0.00
3557 0.00
3558 0.00
3559 2.75
3560 1.95
3561 1.83
3562 1.71
3563 2.43
3564 2.31
3565 2.24
3566 2.75
3567 3.09
3568 5.06
3569 3.81
3570 6.37
3571 5.27
3572 8.77
3573 15.10
3574 1.65
3575 0.00
3576 0.00
3577 0.00
3578 0.00
3579 0.00
3580 0.00
3581 0.00
3582 0.00
3583 1.20
3584 1.94
3585 3.18
3586 3.67
3587 2.01
3588 2.05
3589 2.48
3590 2.89
3591 3.20
3592 5.52
3593 4.17
3594 5.00
3595 5.04
3596 6.01
3597 7.40
3598 2.26
3599 1.83
3600 0.00
3601 0.00
3602 0.00
3603 0.00
3604 0.00
3605 0.00
3606 0.00
3607 0.62
3608 2.34
3609 3.36
3610 1.95
3611 2.36
3612 2.35
3613 2.34
3614 2.60
3615 3.31
3616 3.83
3617 4.09
3618 5.82
3619 6.18
3620 4.71
3621 6.70
3622 0.75
3623 4.77
3624 0.00
3625 0.00
3626 0.00
3627 0.00
3628 0.00
3629 0.00
3630 0.00
3631 1.12
3632 2.02
3633 3.30
3634 2.21
3635 2.30
3636 2.51
3637 2.46
3638 3.04
3639 2.97
3640 3.24
3641 3.83
3642 3.53
3643 3.60
3644 2.37
3645 2.51
3646 1.01
3647 5.23
3648 0.00
3649 0.00
3650 0.00
3651 0.00
3652 0.00
3653 0.00
3654 0.00
3655 1.97
3656 1.47
3657 2.99
3658 2.37
3659 1.65
3660 2.52
3661 2.35
3662 2.88
3663 1.78
3664 1.63
3665 2.70
3666 1.99
3667 1.78
3668 2.03
3669 3.21
3670 0.00
3671 8.26
3672 0.00
3673 0.00
3674 0.00
3675 0.00
3676 0.00
3677 0.00
3678 0.00
3679 0.27
3680 1.12
3681 2.31
3682 3.95
3683 2.24
3684 0.88
3685 0.81
3686 0.95
3687 0.77
3688 1.14
3689 1.20
3690 2.47
3691 3.00
3692 15.86
3693 0.52
3694 3.78
3695 3.09
3696 0.00
3697 0.00
3698 0.00
3699 0.00
3700 0.00
3701 0.00
3702 0.00
3703 3.09
3704 1.46
3705 2.53
3706 3.32
3707 2.39
3708 2.45
3709 2.32
3710 2.67
3711 2.22
3712 5.38
3713 4.45
3714 6.81
3715 7.24
3716 4.10
3717 14.10
3718 0.74
3719 1.71
3720 0.00
3721 0.00
3722 0.00
3723 0.00
3724 0.00
3725 0.00
3726 0.00
3727 0.54
3728 1.56
3729 3.69
3730 2.46
3731 2.21
3732 2.96
3733 2.63
3734 2.44
3735 2.67
3736 3.70
3737 3.97
3738 5.51
3739 6.34
3740 8.42
3741 17.70
3742 0.77
3743 1.73
3744 0.00
3745 0.00
3746 0.00
3747 0.00
3748 0.00
3749 0.00
3750 0.00
3751 0.57
3752 1.13
3753 3.78
3754 2.47
3755 2.39
3756 2.37
3757 2.50
3758 2.86
3759 2.85
3760 4.85
3761 2.94
3762 3.70
3763 4.31
3764 3.04
3765 3.03
3766 0.69
3767 3.86
3768 0.00
3769 0.00
3770 0.00
3771 0.00
3772 0.00
3773 0.00
3774 0.00
3775 0.28
3776 1.40
3777 1.88
3778 3.95
3779 2.32
3780 2.18
3781 2.41
3782 2.99
3783 2.42
3784 4.30
3785 2.78
3786 4.64
3787 6.99
3788 4.67
3789 14.04
3790 4.99
3791 6.74
3792 0.00
3793 0.00
3794 0.00
3795 0.00
3796 0.00
3797 0.00
3798 0.00
3799 1.31
3800 3.49
3801 2.35
3802 2.53
3803 1.92
3804 2.57
3805 2.39
3806 2.93
3807 3.13
3808 3.97
3809 3.55
3810 3.23
3811 2.93
3812 2.83
3813 2.01
3814 0.00
3815 0.00
3816 0.00
3817 0.00
3818 0.00
3819 0.00
3820 0.00
3821 0.00
3822 0.00
3823 0.97
3824 1.77
3825 2.97
3826 3.29
3827 3.03
3828 2.27
3829 2.25
3830 2.14
3831 2.55
3832 3.67
3833 3.73
3834 1.42
3835 2.00
3836 1.82
3837 2.44
3838 1.78
3839 7.88
3840 0.00
3841 0.00
3842 0.00
3843 0.00
3844 0.00
3845 0.00
3846 0.00
3847 0.37
3848 2.50
3849 4.72
3850 2.41
3851 2.06
3852 0.86
3853 0.89
3854 1.58
3855 0.61
3856 0.69
3857 1.58
3858 2.09
3859 1.58
3860 0.00
3861 1.40
3862 2.01
3863 1.78
3864 0.00
3865 0.00
3866 0.00
3867 0.00
3868 0.00
3869 0.00
3870 0.00
3871 0.77
3872 0.29
3873 0.32
3874 0.88
3875 0.57
3876 1.57
3877 0.91
3878 1.47
3879 1.89
3880 1.89
3881 1.10
3882 1.70
3883 2.03
3884 2.39
3885 6.70
3886 1.14
3887 0.00
3888 0.00
3889 0.00
3890 0.00
3891 0.00
3892 0.00
3893 0.00
3894 0.00
3895 0.37
3896 2.38
3897 2.84
3898 3.01
3899 2.14
3900 2.94
3901 2.67
3902 2.89
3903 3.41
3904 5.49
3905 4.01
3906 6.51
3907 6.73
3908 10.88
3909 25.00
3910 0.00
3911 0.00
3912 0.00
3913 0.00
3914 0.00
3915 0.00
3916 0.00
3917 0.00
3918 0.00
3919 0.89
3920 1.64
3921 4.63
3922 2.66
3923 2.45
3924 2.70
3925 2.67
3926 2.52
3927 3.10
3928 3.68
3929 4.40
3930 3.91
3931 5.75
3932 6.90
3933 9.73
3934 1.49
3935 49.32
3936 0.00
3937 0.00
3938 0.00
3939 0.00
3940 0.00
3941 0.00
3942 0.00
3943 3.29
3944 1.50
3945 2.98
3946 2.30
3947 2.17
3948 1.75
3949 2.09
3950 2.40
3951 2.67
3952 3.60
3953 3.22
3954 6.48
3955 5.54
3956 5.40
3957 5.67
3958 1.62
3959 3.70
3960 0.00
3961 0.00
3962 0.00
3963 0.00
3964 0.00
3965 0.00
3966 0.00
3967 1.20
3968 1.72
3969 1.97
3970 4.08
3971 2.35
3972 2.70
3973 2.90
3974 3.01
3975 3.35
3976 3.93
3977 3.02
3978 3.86
3979 3.98
3980 3.10
3981 4.93
3982 1.22
3983 3.56
3984 0.00
3985 0.00
3986 0.00
3987 0.00
3988 0.00
3989 0.00
3990 0.00
3991 4.12
3992 1.37
3993 2.42
3994 2.55
3995 2.53
3996 2.02
3997 1.86
3998 1.81
3999 2.24
4000 3.90
4001 2.13
4002 1.85
4003 1.79
4004 1.60
4005 3.53
4006 1.45
4007 4.09
4008 0.00
4009 0.00
4010 0.00
4011 0.00
4012 0.00
4013 0.00
4014 0.00
4015 0.29
4016 1.99
4017 9.62
4018 2.92
4019 1.37
4020 1.34
4021 0.92
4022 0.65
4023 0.84
4024 1.22
4025 1.43
4026 1.81
4027 9.66
4028 2.38
4029 3.01
4030 0.96
4031 0.00
4032 0.00
4033 0.00
4034 0.00
4035 0.00
4036 0.00
4037 0.00
4038 0.00
4039 1.35
4040 1.61
4041 4.73
4042 2.41
4043 2.59
4044 2.70
4045 2.78
4046 4.22
4047 4.04
4048 5.26
4049 7.42
4050 5.67
4051 6.29
4052 6.33
4053 6.71
4054 0.74
4055 5.56
4056 0.00
4057 0.00
4058 0.00
4059 0.00
4060 0.00
4061 0.00
4062 0.00
4063 0.31
4064 1.89
4065 3.06
4066 2.72
4067 2.61
4068 2.20
4069 2.02
4070 2.27
4071 2.69
4072 4.79
4073 4.14
4074 6.27
4075 6.93
4076 11.03
4077 12.09
4078 13.31
4079 3.97
4080 0.00
4081 0.00
4082 0.00
4083 0.00
4084 0.00
4085 0.00
4086 0.00
4087 2.03
4088 2.48
4089 3.84
4090 3.22
4091 2.25
4092 2.48
4093 2.88
4094 2.98
4095 2.41
4096 3.96
4097 2.57
4098 5.15
4099 3.91
4100 4.82
4101 16.61
4102 0.00
4103 6.50
4104 0.00
4105 0.00
4106 0.00
4107 0.00
4108 0.00
4109 0.00
4110 0.00
4111 1.55
4112 1.01
4113 3.67
4114 2.39
4115 2.37
4116 2.33
4117 1.98
4118 2.05
4119 3.77
4120 3.14
4121 5.71
4122 3.51
4123 3.05
4124 2.97
4125 8.35
4126 1.30
4127 0.00
4128 0.00
4129 0.00
4130 0.00
4131 0.00
4132 0.00
4133 0.00
4134 0.00
4135 0.57
4136 1.53
4137 2.40
4138 3.70
4139 2.49
4140 2.99
4141 2.09
4142 2.40
4143 2.44
4144 3.96
4145 3.59
4146 4.58
4147 3.96
4148 3.37
4149 6.96
4150 1.61
4151 0.00
4152 0.00
4153 0.00
4154 0.00
4155 0.00
4156 0.00
4157 0.00
4158 0.00
4159 0.57
4160 1.59
4161 4.20
4162 4.94
4163 1.62
4164 2.18
4165 2.52
4166 4.16
4167 2.74
4168 2.27
4169 3.87
4170 2.97
4171 2.20
4172 1.92
4173 2.24
4174 0.00
4175 5.37
4176 0.00
4177 0.00
4178 0.00
4179 0.00
4180 0.00
4181 0.00
4182 0.00
4183 0.36
4184 2.99
4185 3.48
4186 2.69
4187 1.75
4188 0.97
4189 0.95
4190 0.99
4191 0.80
4192 0.78
4193 0.88
4194 1.57
4195 1.03
4196 0.00
4197 0.86
4198 0.00
4199 0.00
4200 0.00
4201 0.00
4202 0.00
4203 0.00
4204 0.00
4205 0.00
4206 0.00
4207 0.49
4208 1.99
4209 1.86
4210 2.89
4211 2.50
4212 2.75
4213 2.37
4214 2.36
4215 3.83
4216 3.33
4217 5.10
4218 6.11
4219 5.82
4220 8.05
4221 14.63
4222 0.00
4223 0.00
4224 0.00
4225 0.00
4226 0.00
4227 0.00
4228 0.00
4229 0.00
4230 0.00
4231 0.18
4232 2.06
4233 1.96
4234 3.21
4235 2.43
4236 3.15
4237 2.41
4238 3.09
4239 3.58
4240 3.92
4241 5.64
4242 6.52
4243 6.47
4244 7.45
4245 9.70
4246 0.95
4247 7.78
4248 0.00
4249 0.00
4250 0.00
4251 0.00
4252 0.00
4253 0.00
4254 0.00
4255 2.50
4256 1.89
4257 5.63
4258 2.63
4259 1.82
4260 2.23
4261 2.08
4262 2.07
4263 3.10
4264 4.18
4265 4.39
4266 5.83
4267 5.94
4268 4.17
4269 9.07
4270 4.27
4271 1.16
4272 0.00
4273 0.00
4274 0.00
4275 0.00
4276 0.00
4277 0.00
4278 0.00
4279 1.91
4280 2.01
4281 1.49
4282 2.68
4283 2.38
4284 2.31
4285 2.50
4286 2.32
4287 2.85
4288 4.24
4289 2.62
4290 3.75
4291 3.41
4292 4.56
4293 6.60
4294 0.00
4295 4.03
4296 0.00
4297 0.00
4298 0.00
4299 0.00
4300 0.00
4301 0.00
4302 0.00
4303 0.32
4304 2.00
4305 3.20
4306 3.10
4307 2.28
4308 2.48
4309 2.43
4310 2.57
4311 2.81
4312 4.41
4313 4.18
4314 4.53
4315 3.49
4316 2.66
4317 4.87
4318 1.05
4319 0.00
4320 0.00
4321 0.00
4322 0.00
4323 0.00
4324 0.00
4325 0.00
4326 0.00
4327 2.17
4328 3.16
4329 3.65
4330 2.65
4331 2.06
4332 1.99
4333 1.52
4334 1.70
4335 2.55
4336 3.60
4337 2.47
4338 2.10
4339 1.49
4340 1.68
4341 5.58
4342 0.53
4343 5.34
4344 0.00
4345 0.00
4346 0.00
4347 0.00
4348 0.00
4349 0.00
4350 0.00
4351 0.69
4352 1.85
4353 3.09
4354 2.59
4355 2.17
4356 1.46
4357 1.07
4358 0.87
4359 0.89
4360 1.12
4361 1.10
4362 2.04
4363 7.91
4364 5.54
4365 4.49
4366 3.38
4367 12.10
4368 0.00
4369 0.00
4370 0.00
4371 0.00
4372 0.00
4373 0.00
4374 0.00
4375 1.55
4376 2.02
4377 2.69
4378 3.97
4379 2.25
4380 2.38
4381 2.46
4382 2.55
4383 3.36
4384 4.89
4385 3.68
4386 6.70
4387 5.17
4388 7.31
4389 21.36
4390 3.04
4391 2.85
4392 0.00
4393 0.00
4394 0.00
4395 0.00
4396 0.00
4397 0.00
4398 0.00
4399 0.39
4400 2.21
4401 2.00
4402 3.76
4403 2.25
4404 2.43
4405 2.74
4406 2.60
4407 3.07
4408 4.62
4409 5.14
4410 5.96
4411 5.09
4412 3.93
4413 2.91
4414 5.74
4415 3.91
4416 0.00
4417 0.00
4418 0.00
4419 0.00
4420 0.00
4421 0.00
4422 0.00
4423 6.08
4424 2.17
4425 2.42
4426 3.21
4427 2.63
4428 2.51
4429 1.85
4430 2.15
4431 2.92
4432 5.40
4433 7.54
4434 6.28
4435 6.53
4436 3.96
4437 7.49
4438 0.77
4439 3.23
4440 0.00
4441 0.00
4442 0.00
4443 0.00
4444 0.00
4445 0.00
4446 0.00
4447 3.80
4448 1.91
4449 2.62
4450 1.79
4451 2.65
4452 2.67
4453 2.75
4454 2.26
4455 2.75
4456 3.29
4457 3.32
4458 4.99
4459 6.89
4460 6.72
4461 13.39
4462 1.20
4463 6.72
4464 0.00
4465 0.00
4466 0.00
4467 0.00
4468 0.00
4469 0.00
4470 0.00
4471 0.40
4472 1.80
4473 4.09
4474 2.36
4475 2.85
4476 2.75
4477 2.51
4478 2.80
4479 3.38
4480 6.06
4481 4.15
4482 4.28
4483 4.17
4484 3.24
4485 3.33
4486 0.00
4487 0.00
4488 0.00
4489 0.00
4490 0.00
4491 0.00
4492 0.00
4493 0.00
4494 0.00
4495 0.32
4496 1.80
4497 2.20
4498 5.03
4499 3.58
4500 1.90
4501 3.28
4502 3.12
4503 2.69
4504 2.40
4505 2.95
4506 2.41
4507 2.02
4508 1.37
4509 12.11
4510 0.00
4511 0.00
4512 0.00
4513 0.00
4514 0.00
4515 0.00
4516 0.00
4517 0.00
4518 0.00
4519 0.98
4520 1.70
4521 1.53
4522 3.63
4523 2.26
4524 1.51
4525 0.80
4526 0.74
4527 0.82
4528 0.76
4529 1.11
4530 2.03
4531 2.46
4532 9.84
4533 2.65
4534 0.55
4535 0.00
4536 0.00
4537 0.00
4538 0.00
4539 0.00
4540 0.00
4541 0.00
4542 0.00
4543 0.36
4544 1.45
4545 2.31
4546 2.80
4547 2.54
4548 2.41
4549 3.13
4550 2.73
4551 3.13
4552 4.01
4553 4.28
4554 6.39
4555 5.56
4556 11.07
4557 23.42
4558 6.32
4559 4.84
4560 0.00
4561 0.00
4562 0.00
4563 0.00
4564 0.00
4565 0.00
4566 0.00
4567 0.43
4568 1.95
4569 2.91
4570 2.38
4571 2.37
4572 2.37
4573 2.73
4574 2.84
4575 2.88
4576 3.82
4577 5.64
4578 5.32
4579 5.23
4580 5.86
4581 15.21
4582 10.56
4583 2.02
4584 0.00
4585 0.00
4586 0.00
4587 0.00
4588 0.00
4589 0.00
4590 0.00
4591 0.29
4592 1.17
4593 1.65
4594 3.32
4595 1.69
4596 2.51
4597 2.19
4598 2.31
4599 2.54
4600 4.64
4601 4.50
4602 5.77
4603 5.10
4604 6.92
4605 18.92
4606 8.86
4607 4.61
4608 0.00
4609 0.00
4610 0.00
4611 0.00
4612 0.00
4613 0.00
4614 0.00
4615 1.16
4616 1.64
4617 3.18
4618 2.75
4619 2.29
4620 3.09
4621 3.11
4622 2.84
4623 2.82
4624 3.18
4625 3.54
4626 3.72
4627 2.16
4628 3.95
4629 11.30
4630 4.46
4631 12.50
4632 0.00
4633 0.00
4634 0.00
4635 0.00
4636 0.00
4637 0.00
4638 0.00
4639 1.60
4640 3.08
4641 3.82
4642 3.33
4643 2.31
4644 2.69
4645 2.40
4646 2.86
4647 2.68
4648 4.49
4649 4.18
4650 4.47
4651 4.79
4652 3.22
4653 2.27
4654 0.00
4655 1.27
4656 0.00
4657 0.00
4658 0.00
4659 0.00
4660 0.00
4661 0.00
4662 0.00
4663 5.91
4664 3.11
4665 1.89
4666 2.22
4667 1.70
4668 2.41
4669 2.15
4670 1.73
4671 2.75
4672 2.26
4673 2.64
4674 2.31
4675 2.00
4676 2.64
4677 1.56
4678 0.00
4679 9.28
4680 0.00
4681 0.00
4682 0.00
4683 0.00
4684 0.00
4685 0.00
4686 0.00
4687 0.82
4688 2.02
4689 2.11
4690 1.72
4691 1.59
4692 0.66
4693 0.72
4694 0.97
4695 0.83
4696 1.30
4697 1.43
4698 1.87
4699 2.17
4700 0.00
4701 5.45
4702 0.00
4703 8.31
4704 0.00
4705 0.00
4706 0.00
4707 0.00
4708 0.00
4709 0.00
4710 0.00
4711 1.07
4712 1.57
4713 1.88
4714 2.09
4715 3.07
4716 2.26
4717 2.68
4718 2.75
4719 4.04
4720 5.29
4721 6.57
4722 6.10
4723 5.78
4724 5.57
4725 31.63
4726 0.69
4727 0.00
4728 0.00
4729 0.00
4730 0.00
4731 0.00
4732 0.00
4733 0.00
4734 0.00
4735 0.53
4736 1.62
4737 2.56
4738 3.66
4739 2.98
4740 2.25
4741 2.39
4742 2.17
4743 3.47
4744 6.81
4745 3.92
4746 5.79
4747 5.99
4748 6.51
4749 14.77
4750 0.00
4751 2.03
4752 0.00
4753 0.00
4754 0.00
4755 0.00
4756 0.00
4757 0.00
4758 0.00
4759 4.78
4760 1.56
4761 2.29
4762 3.58
4763 2.56
4764 2.46
4765 2.36
4766 3.00
4767 3.08
4768 4.03
4769 3.17
4770 5.31
4771 3.91
4772 4.31
4773 4.16
4774 0.00
4775 2.80
4776 0.00
4777 0.00
4778 0.00
4779 0.00
4780 0.00
4781 0.00
4782 0.00
4783 15.09
4784 1.22
4785 2.63
4786 1.55
4787 2.00
4788 2.48
4789 2.01
4790 2.25
4791 3.62
4792 3.12
4793 2.84
4794 4.67
4795 5.07
4796 4.48
4797 6.50
4798 2.41
4799 3.00
4800 0.00
4801 0.00
4802 0.00
4803 0.00
4804 0.00
4805 0.00
4806 0.00
4807 0.77
4808 1.59
4809 2.94
4810 2.40
4811 2.93
4812 2.20
4813 2.50
4814 3.08
4815 2.78
4816 4.23
4817 4.66
4818 4.66
4819 4.24
4820 3.00
4821 5.94
4822 3.41
4823 5.60
4824 0.00
4825 0.00
4826 0.00
4827 0.00
4828 0.00
4829 0.00
4830 0.00
4831 0.89
4832 2.27
4833 2.45
4834 4.59
4835 1.98
4836 3.53
4837 1.95
4838 2.98
4839 2.12
4840 2.46
4841 2.78
4842 1.77
4843 1.81
4844 1.94
4845 3.18
4846 0.00
4847 2.77
4848 0.00
4849 0.00
4850 0.00
4851 0.00
4852 0.00
4853 0.00
4854 0.00
4855 1.08
4856 1.63
4857 3.66
4858 4.13
4859 1.35
4860 1.41
4861 0.94
4862 1.13
4863 0.80
4864 1.39
4865 1.96
4866 3.16
4867 1.88
4868 17.73
4869 5.72
4870 0.00
4871 12.63
4872 0.00
4873 0.00
4874 0.00
4875 0.00
4876 0.00
4877 0.00
4878 0.00
4879 4.60
4880 1.69
4881 3.03
4882 3.52
4883 2.45
4884 2.65
4885 2.52
4886 2.91
4887 3.64
4888 3.97
4889 2.84
4890 8.38
4891 6.75
4892 12.70
4893 19.29
4894 27.91
4895 1.78
4896 0.00
4897 0.00
4898 0.00
4899 0.00
4900 0.00
4901 0.00
4902 0.00
4903 0.26
4904 1.53
4905 3.38
4906 1.87
4907 2.03
4908 2.39
4909 2.50
4910 3.15
4911 2.84
4912 4.41
4913 5.07
4914 5.83
4915 4.44
4916 5.13
4917 9.19
4918 0.00
4919 6.20
4920 0.00
4921 0.00
4922 0.00
4923 0.00
4924 0.00
4925 0.00
4926 0.00
4927 0.60
4928 1.58
4929 1.11
4930 2.90
4931 2.50
4932 2.35
4933 2.36
4934 2.50
4935 2.67
4936 3.14
4937 4.86
4938 4.83
4939 4.62
4940 4.23
4941 5.94
4942 1.46
4943 0.00
4944 0.00
4945 0.00
4946 0.00
4947 0.00
4948 0.00
4949 0.00
4950 0.00
4951 1.39
4952 1.32
4953 1.70
4954 2.66
4955 2.22
4956 2.65
4957 2.82
4958 2.68
4959 2.60
4960 3.54
4961 2.55
4962 3.48
4963 3.65
4964 4.38
4965 14.74
4966 3.82
4967 2.87
4968 0.00
4969 0.00
4970 0.00
4971 0.00
4972 0.00
4973 0.00
4974 0.00
4975 2.01
4976 1.29
4977 2.21
4978 1.84
4979 2.11
4980 2.56
4981 2.47
4982 2.53
4983 3.28
4984 4.74
4985 4.31
4986 5.42
4987 4.19
4988 2.50
4989 3.98
4990 1.17
4991 0.00
4992 0.00
4993 0.00
4994 0.00
4995 0.00
4996 0.00
4997 0.00
4998 0.00
4999 15.11
5000 0.99
5001 3.99
5002 1.94
5003 1.92
5004 2.10
5005 1.43
5006 1.87
5007 2.51
5008 1.72
5009 3.14
5010 2.39
5011 1.42
5012 2.62
5013 4.17
5014 1.18
5015 4.01
5016 0.00
5017 0.00
5018 0.00
5019 0.00
5020 0.00
5021 0.00
5022 0.00
5023 0.13
5024 0.83
5025 3.66
5026 2.08
5027 1.56
5028 0.77
5029 0.65
5030 1.72
5031 1.22
5032 0.90
5033 1.29
5034 1.92
5035 1.27
5036 18.18
5037 1.00
5038 2.14
5039 0.00
5040 0.00
5041 0.00
5042 0.00
5043 0.00
5044 0.00
5045 0.00
5046 0.00
5047 0.83
5048 1.80
5049 2.43
5050 2.48
5051 2.10
5052 2.35
5053 2.61
5054 3.32
5055 3.90
5056 5.99
5057 5.40
5058 4.38
5059 4.82
5060 10.82
5061 17.83
5062 0.00
5063 1.91
5064 0.00
5065 0.00
5066 0.00
5067 0.00
5068 0.00
5069 0.00
5070 0.00
5071 9.19
5072 0.90
5073 2.37
5074 2.25
5075 1.98
5076 3.00
5077 2.87
5078 3.39
5079 2.62
5080 4.38
5081 3.59
5082 2.53
5083 4.41
5084 3.43
5085 5.37
5086 5.96
5087 0.00
5088 0.00
5089 0.00
5090 0.00
5091 0.00
5092 0.00
5093 0.00
5094 0.00
5095 1.27
5096 0.81
5097 1.76
5098 2.38
5099 1.80
5100 2.17
5101 3.06
5102 3.14
5103 2.93
5104 3.73
5105 2.97
5106 4.07
5107 5.20
5108 6.91
5109 6.67
5110 7.27
5111 7.27
5112 0.00
5113 0.00
5114 0.00
5115 0.00
5116 0.00
5117 0.00
5118 0.00
5119 2.73
5120 0.87
5121 1.66
5122 1.95
5123 1.84
5124 2.50
5125 2.30
5126 2.85
5127 3.76
5128 5.82
5129 4.16
5130 4.78
5131 5.16
5132 4.03
5133 3.72
5134 3.00
5135 7.88
5136 0.00
5137 0.00
5138 0.00
5139 0.00
5140 0.00
5141 0.00
5142 0.00
5143 0.70
5144 0.99
5145 1.75
5146 3.21
5147 2.48
5148 2.08
5149 1.57
5150 2.51
5151 2.61
5152 4.56
5153 3.71
5154 3.99
5155 4.95
5156 4.06
5157 2.53
5158 6.00
5159 3.88
5160 0.00
5161 0.00
5162 0.00
5163 0.00
5164 0.00
5165 0.00
5166 0.00
5167 0.90
5168 0.86
5169 3.15
5170 2.32
5171 2.12
5172 1.69
5173 2.37
5174 2.17
5175 1.91
5176 2.40
5177 2.59
5178 2.01
5179 2.10
5180 2.17
5181 8.96
5182 0.75
5183 0.00
5184 0.00
5185 0.00
5186 0.00
5187 0.00
5188 0.00
5189 0.00
5190 0.00
5191 0.81
5192 0.86
5193 3.04
5194 1.78
5195 1.07
5196 1.35
5197 0.62
5198 1.19
5199 1.07
5200 0.76
5201 1.25
5202 2.24
5203 5.99
5204 0.67
5205 0.45
5206 0.00
5207 5.56
5208 0.00
5209 0.00
5210 0.00
5211 0.00
5212 0.00
5213 0.00
5214 0.00
5215 0.49
5216 1.21
5217 3.14
5218 2.88
5219 1.69
5220 2.14
5221 2.10
5222 3.32
5223 3.51
5224 5.11
5225 4.10
5226 4.86
5227 6.93
5228 4.59
5229 18.36
5230 1.19
5231 6.26
5232 0.00
5233 0.00
5234 0.00
5235 0.00
5236 0.00
5237 0.00
5238 0.00
5239 2.43
5240 1.01
5241 1.20
5242 3.56
5243 2.41
5244 2.64
5245 2.69
5246 2.68
5247 2.65
5248 3.21
5249 5.62
5250 4.92
5251 4.92
5252 4.28
5253 12.32
5254 4.65
5255 2.73
5256 0.00
5257 0.00
5258 0.00
5259 0.00
5260 0.00
5261 0.00
5262 0.00
5263 1.83
5264 0.91
5265 1.68
5266 2.68
5267 1.64
5268 2.83
5269 2.39
5270 2.97
5271 3.13
5272 4.53
5273 3.39
5274 4.34
5275 3.69
5276 4.25
5277 4.30
5278 0.00
5279 10.18
5280 0.00
5281 0.00
5282 0.00
5283 0.00
5284 0.00
5285 0.00
5286 0.00
5287 0.53
5288 1.45
5289 1.92
5290 2.14
5291 2.54
5292 2.66
5293 2.57
5294 2.97
5295 3.58
5296 4.49
5297 3.02
5298 3.35
5299 2.65
5300 4.47
5301 11.27
5302 2.74
5303 2.88
5304 0.00
5305 0.00
5306 0.00
5307 0.00
5308 0.00
5309 0.00
5310 0.00
5311 0.61
5312 1.22
5313 1.89
5314 1.65
5315 2.19
5316 2.24
5317 2.44
5318 2.83
5319 3.75
5320 5.61
5321 2.94
5322 4.33
5323 3.38
5324 2.94
5325 12.30
5326 1.33
5327 2.01
5328 0.00
5329 0.00
5330 0.00
5331 0.00
5332 0.00
5333 0.00
5334 0.00
5335 0.99
5336 0.96
5337 3.33
5338 1.44
5339 2.28
5340 2.11
5341 2.74
5342 2.26
5343 2.90
5344 1.84
5345 2.82
5346 2.12
5347 1.55
5348 1.45
5349 7.31
5350 1.14
5351 1.03
5352 0.00
5353 0.00
5354 0.00
5355 0.00
5356 0.00
5357 0.00
5358 0.00
5359 0.78
5360 1.14
5361 3.97
5362 2.08
5363 0.79
5364 0.59
5365 0.87
5366 0.67
5367 0.87
5368 0.58
5369 1.06
5370 1.50
5371 3.91
5372 2.00
5373 10.65
5374 4.27
5375 0.00
5376 0.00
5377 0.00
5378 0.00
5379 0.00
5380 0.00
5381 0.00
5382 0.00
5383 0.65
5384 1.58
5385 2.09
5386 4.13
5387 2.20
5388 2.26
5389 2.28
5390 2.54
5391 2.83
5392 2.96
5393 4.64
5394 5.90
5395 5.69
5396 8.82
5397 14.31
5398 43.37
5399 18.75
5400 0.00
5401 0.00
5402 0.00
5403 0.00
5404 0.00
5405 0.00
5406 0.00
5407 11.17
5408 1.19
5409 2.07
5410 2.33
5411 2.14
5412 2.52
5413 3.39
5414 3.05
5415 3.41
5416 4.04
5417 5.96
5418 5.86
5419 3.74
5420 6.17
5421 8.31
5422 2.73
5423 29.27
5424 0.00
5425 0.00
5426 0.00
5427 0.00
5428 0.00
5429 0.00
5430 0.00
5431 0.97
5432 1.25
5433 2.14
5434 2.71
5435 2.26
5436 3.14
5437 2.83
5438 3.02
5439 3.85
5440 4.67
5441 4.24
5442 6.46
5443 5.51
5444 3.55
5445 9.29
5446 1.95
5447 2.51
5448 0.00
5449 0.00
5450 0.00
5451 0.00
5452 0.00
5453 0.00
5454 0.00
5455 2.12
5456 1.39
5457 2.16
5458 2.48
5459 2.39
5460 2.42
5461 2.34
5462 2.91
5463 3.83
5464 4.61
5465 4.10
5466 6.20
5467 2.88
5468 3.64
5469 6.49
5470 1.41
5471 13.24
5472 0.00
5473 0.00
5474 0.00
5475 0.00
5476 0.00
5477 0.00
5478 0.00
5479 1.05
5480 0.95
5481 2.21
5482 2.69
5483 1.89
5484 2.57
5485 2.32
5486 2.71
5487 3.18
5488 4.48
5489 3.07
5490 3.05
5491 4.59
5492 3.01
5493 1.45
5494 0.00
5495 2.23
5496 0.00
5497 0.00
5498 0.00
5499 0.00
5500 0.00
5501 0.00
5502 0.00
5503 3.68
5504 0.70
5505 3.41
5506 2.76
5507 2.99
5508 2.12
5509 2.11
5510 2.92
5511 2.62
5512 3.42
5513 2.86
5514 2.36
5515 1.82
5516 2.00
5517 3.01
5518 1.10
5519 0.00
5520 0.00
5521 0.00
5522 0.00
5523 0.00
5524 0.00
5525 0.00
5526 0.00
5527 1.42
5528 0.57
5529 2.57
5530 1.96
5531 1.17
5532 0.93
5533 0.77
5534 0.90
5535 0.67
5536 0.60
5537 1.16
5538 1.71
5539 1.43
5540 0.00
5541 2.02
5542 1.59
5543 6.35
5544 0.00
5545 0.00
5546 0.00
5547 0.00
5548 0.00
5549 0.00
5550 0.00
5551 2.42
5552 1.50
5553 1.65
5554 3.59
5555 2.19
5556 2.26
5557 2.98
5558 2.67
5559 3.47
5560 5.11
5561 7.59
5562 5.55
5563 5.91
5564 6.13
5565 2.42
5566 2.54
5567 11.11
5568 0.00
5569 0.00
5570 0.00
5571 0.00
5572 0.00
5573 0.00
5574 0.00
5575 1.46
5576 1.07
5577 1.72
5578 3.10
5579 2.02
5580 2.24
5581 3.25
5582 2.94
5583 3.47
5584 4.36
5585 3.99
5586 4.74
5587 4.24
5588 6.91
5589 13.89
5590 0.00
5591 5.84
5592 0.00
5593 0.00
5594 0.00
5595 0.00
5596 0.00
5597 0.00
5598 0.00
5599 0.66
5600 0.81
5601 1.70
5602 2.03
5603 2.36
5604 1.98
5605 2.56
5606 2.67
5607 3.48
5608 3.82
5609 3.01
5610 4.49
5611 4.21
5612 4.14
5613 11.70
5614 2.43
5615 3.36
5616 0.00
5617 0.00
5618 0.00
5619 0.00
5620 0.00
5621 0.00
5622 0.00
5623 0.34
5624 0.70
5625 1.45
5626 2.49
5627 2.27
5628 2.98
5629 2.66
5630 3.05
5631 3.23
5632 3.61
5633 3.36
5634 3.80
5635 2.77
5636 3.14
5637 4.64
5638 1.63
5639 3.83
5640 0.00
5641 0.00
5642 0.00
5643 0.00
5644 0.00
5645 0.00
5646 0.00
5647 0.89
5648 0.96
5649 2.18
5650 2.33
5651 2.23
5652 2.79
5653 2.44
5654 2.68
5655 3.08
5656 3.73
5657 4.34
5658 4.60
5659 3.75
5660 3.73
5661 7.37
5662 0.90
5663 1.76
5664 0.00
5665 0.00
5666 0.00
5667 0.00
5668 0.00
5669 0.00
5670 0.00
5671 0.91
5672 0.81
5673 2.53
5674 2.34
5675 1.86
5676 2.53
5677 1.52
5678 1.96
5679 2.35
5680 3.73
5681 4.07
5682 1.71
5683 2.62
5684 2.25
5685 1.79
5686 0.00
5687 31.30
5688 0.00
5689 0.00
5690 0.00
5691 0.00
5692 0.00
5693 0.00
5694 0.00
5695 1.81
5696 0.82
5697 2.89
5698 2.54
5699 1.23
5700 1.07
5701 1.02
5702 0.88
5703 0.94
5704 1.05
5705 1.46
5706 2.23
5707 3.85
5708 0.00
5709 0.97
5710 4.91
5711 20.69
5712 0.00
5713 0.00
5714 0.00
5715 0.00
5716 0.00
5717 0.00
5718 0.00
5719 1.60
5720 0.87
5721 2.02
5722 3.32
5723 4.11
5724 3.43
5725 2.28
5726 3.78
5727 4.77
5728 5.23
5729 4.24
5730 6.13
5731 5.66
5732 6.48
5733 15.98
5734 0.96
5735 4.80
5736 0.00
5737 0.00
5738 0.00
5739 0.00
5740 0.00
5741 0.00
5742 0.00
5743 0.22
5744 0.79
5745 2.97
5746 2.92
5747 2.71
5748 2.22
5749 2.45
5750 3.31
5751 3.53
5752 4.13
5753 3.90
5754 5.03
5755 7.80
5756 5.14
5757 16.93
5758 1.26
5759 4.67
5760 0.00
5761 0.00
5762 0.00
5763 0.00
5764 0.00
5765 0.00
5766 0.00
5767 0.34
5768 1.02
5769 1.71
5770 2.26
5771 2.86
5772 3.19
5773 2.66
5774 3.12
5775 5.01
5776 5.19
5777 4.41
5778 3.52
5779 4.63
5780 4.00
5781 14.10
5782 0.91
5783 19.35
5784 0.00
5785 0.00
5786 0.00
5787 0.00
5788 0.00
5789 0.00
5790 0.00
5791 0.25
5792 0.95
5793 3.25
5794 2.58
5795 2.50
5796 2.56
5797 2.42
5798 3.25
5799 2.94
5800 3.58
5801 3.41
5802 5.19
5803 4.63
5804 5.29
5805 8.95
5806 0.65
5807 43.37
5808 0.00
5809 0.00
5810 0.00
5811 0.00
5812 0.00
5813 0.00
5814 0.00
5815 0.36
5816 0.79
5817 2.91
5818 1.71
5819 2.38
5820 2.61
5821 2.28
5822 2.79
5823 4.41
5824 4.22
5825 3.81
5826 4.74
5827 4.60
5828 2.79
5829 4.66
5830 5.70
5831 1.27
5832 0.00
5833 0.00
5834 0.00
5835 0.00
5836 0.00
5837 0.00
5838 0.00
5839 2.10
5840 0.78
5841 2.12
5842 2.24
5843 2.09
5844 2.08
5845 2.77
5846 2.30
5847 2.04
5848 2.32
5849 3.22
5850 2.69
5851 2.09
5852 2.13
5853 2.83
5854 0.58
5855 0.00
5856 0.00
5857 0.00
5858 0.00
5859 0.00
5860 0.00
5861 0.00
5862 0.00
5863 1.09
5864 1.19
5865 2.05
5866 2.91
5867 0.93
5868 0.84
5869 0.67
5870 1.00
5871 0.68
5872 0.94
5873 1.48
5874 2.23
5875 2.20
5876 0.00
5877 19.30
5878 6.70
5879 7.68
5880 0.00
5881 0.00
5882 0.00
5883 0.00
5884 0.00
5885 0.00
5886 0.00
5887 0.42
5888 1.22
5889 2.04
5890 2.62
5891 2.73
5892 2.90
5893 3.20
5894 3.36
5895 3.42
5896 5.49
5897 5.15
5898 5.26
5899 6.86
5900 9.70
5901 6.36
5902 4.19
5903 6.06
5904 0.00
5905 0.00
5906 0.00
5907 0.00
5908 0.00
5909 0.00
5910 0.00
5911 0.41
5912 1.20
5913 2.54
5914 3.28
5915 2.31
5916 2.52
5917 3.18
5918 3.25
5919 2.84
5920 4.12
5921 6.04
5922 5.67
5923 6.43
5924 8.66
5925 9.54
5926 43.64
5927 4.11
5928 0.00
5929 0.00
5930 0.00
5931 0.00
5932 0.00
5933 0.00
5934 0.00
5935 8.25
5936 1.11
5937 1.49
5938 2.73
5939 1.99
5940 2.63
5941 2.61
5942 2.27
5943 3.21
5944 3.58
5945 2.65
5946 2.80
5947 3.62
5948 4.47
5949 4.98
5950 11.32
5951 12.46
5952 0.00
5953 0.00
5954 0.00
5955 0.00
5956 0.00
5957 0.00
5958 0.00
5959 0.76
5960 1.86
5961 2.65
5962 2.19
5963 2.76
5964 2.32
5965 3.58
5966 2.84
5967 2.64
5968 4.54
5969 5.06
5970 5.54
5971 3.52
5972 3.97
5973 18.29
5974 1.08
5975 0.00
5976 0.00
5977 0.00
5978 0.00
5979 0.00
5980 0.00
5981 0.00
5982 0.00
5983 10.84
5984 1.40
5985 2.70
5986 3.95
5987 2.34
5988 2.93
5989 2.14
5990 2.80
5991 3.41
5992 4.70
5993 6.50
5994 5.46
5995 4.06
5996 2.67
5997 4.32
5998 0.00
5999 17.25
6000 0.00
6001 0.00
6002 0.00
6003 0.00
6004 0.00
6005 0.00
6006 0.00
6007 2.64
6008 1.49
6009 3.34
6010 1.98
6011 1.76
6012 2.28
6013 3.08
6014 2.04
6015 1.81
6016 3.68
6017 2.20
6018 1.97
6019 1.68
6020 1.98
6021 2.68
6022 1.04
6023 14.97
6024 0.00
6025 0.00
6026 0.00
6027 0.00
6028 0.00
6029 0.00
6030 0.00
6031 0.30
6032 1.69
6033 2.51
6034 1.90
6035 2.60
6036 1.02
6037 0.76
6038 0.80
6039 1.04
6040 1.01
6041 1.00
6042 1.48
6043 1.68
6044 0.39
6045 0.87
6046 3.73
6047 4.89
6048 0.00
6049 0.00
6050 0.00
6051 0.00
6052 0.00
6053 0.00
6054 0.00
6055 0.37
6056 1.29
6057 2.79
6058 5.00
6059 2.83
6060 2.81
6061 2.06
6062 2.75
6063 3.24
6064 4.95
6065 4.12
6066 6.50
6067 6.78
6068 5.94
6069 7.84
6070 42.35
6071 5.06
6072 0.00
6073 0.00
6074 0.00
6075 0.00
6076 0.00
6077 0.00
6078 0.00
6079 0.40
6080 2.07
6081 4.39
6082 1.59
6083 2.42
6084 2.55
6085 2.89
6086 2.73
6087 3.46
6088 5.59
6089 5.31
6090 5.65
6091 3.91
6092 8.19
6093 10.20
6094 0.00
6095 0.00
6096 0.00
6097 0.00
6098 0.00
6099 0.00
6100 0.00
6101 0.00
6102 0.00
6103 0.21
6104 1.08
6105 1.96
6106 2.86
6107 2.08
6108 2.77
6109 2.50
6110 2.71
6111 3.99
6112 4.64
6113 3.73
6114 6.53
6115 3.46
6116 5.09
6117 4.09
6118 9.05
6119 2.44
6120 0.00
6121 0.00
6122 0.00
6123 0.00
6124 0.00
6125 0.00
6126 0.00
6127 0.25
6128 1.26
6129 1.86
6130 2.64
6131 2.37
6132 2.56
6133 2.40
6134 2.31
6135 2.73
6136 5.05
6137 2.61
6138 3.08
6139 2.87
6140 3.77
6141 3.88
6142 2.44
6143 3.56
6144 0.00
6145 0.00
6146 0.00
6147 0.00
6148 0.00
6149 0.00
6150 0.00
6151 3.33
6152 1.21
6153 3.55
6154 2.22
6155 2.56
6156 3.54
6157 2.37
6158 2.65
6159 3.96
6160 4.76
6161 5.04
6162 3.79
6163 3.34
6164 3.55
6165 3.27
6166 0.62
6167 5.45
6168 0.00
6169 0.00
6170 0.00
6171 0.00
6172 0.00
6173 0.00
6174 0.00
6175 4.39
6176 0.97
6177 3.40
6178 1.91
6179 1.77
6180 1.66
6181 2.81
6182 3.01
6183 3.25
6184 2.50
6185 3.44
6186 2.49
6187 1.88
6188 2.38
6189 2.15
6190 0.70
6191 0.00
6192 0.00
6193 0.00
6194 0.00
6195 0.00
6196 0.00
6197 0.00
6198 0.00
6199 0.36
6200 1.16
6201 1.65
6202 3.94
6203 1.81
6204 1.27
6205 1.14
6206 1.02
6207 1.14
6208 1.52
6209 1.83
6210 2.91
6211 7.31
6212 1.91
6213 7.08
6214 1.27
6215 3.84
6216 0.00
6217 0.00
6218 0.00
6219 0.00
6220 0.00
6221 0.00
6222 0.00
6223 1.55
6224 1.41
6225 2.89
6226 4.02
6227 2.17
6228 3.27
6229 2.69
6230 3.06
6231 3.80
6232 4.89
6233 6.07
6234 4.61
6235 5.11
6236 7.78
6237 14.14
6238 7.64
6239 3.45
6240 0.00
6241 0.00
6242 0.00
6243 0.00
6244 0.00
6245 0.00
6246 0.00
6247 0.88
6248 1.44
6249 2.81
6250 3.31
6251 2.09
6252 3.37
6253 2.69
6254 2.60
6255 2.62
6256 4.21
6257 2.88
6258 3.96
6259 4.58
6260 6.75
6261 10.52
6262 1.07
6263 0.00
6264 0.00
6265 0.00
6266 0.00
6267 0.00
6268 0.00
6269 0.00
6270 0.00
6271 3.30
6272 1.46
6273 3.64
6274 2.02
6275 3.08
6276 2.88
6277 2.68
6278 3.68
6279 2.83
6280 3.73
6281 3.38
6282 4.94
6283 4.51
6284 5.45
6285 9.70
6286 1.18
6287 0.00
6288 0.00
6289 0.00
6290 0.00
6291 0.00
6292 0.00
6293 0.00
6294 0.00
6295 4.47
6296 0.87
6297 2.80
6298 3.51
6299 2.22
6300 2.76
6301 2.57
6302 2.95
6303 3.65
6304 4.10
6305 3.64
6306 2.74
6307 4.39
6308 5.64
6309 9.31
6310 0.57
6311 1.81
6312 0.00
6313 0.00
6314 0.00
6315 0.00
6316 0.00
6317 0.00
6318 0.00
6319 7.07
6320 1.66
6321 1.78
6322 1.91
6323 2.21
6324 2.37
6325 2.88
6326 3.01
6327 3.76
6328 4.45
6329 3.15
6330 5.23
6331 4.29
6332 3.59
6333 7.77
6334 1.19
6335 2.82
6336 0.00
6337 0.00
6338 0.00
6339 0.00
6340 0.00
6341 0.00
6342 0.00
6343 1.26
6344 0.99
6345 3.21
6346 2.47
6347 2.13
6348 2.01
6349 2.54
6350 3.23
6351 3.66
6352 1.83
6353 2.67
6354 1.93
6355 2.53
6356 2.14
6357 3.82
6358 0.00
6359 1.66
6360 0.00
6361 0.00
6362 0.00
6363 0.00
6364 0.00
6365 0.00
6366 0.00
6367 0.71
6368 2.17
6369 2.73
6370 2.60
6371 1.31
6372 1.11
6373 0.66
6374 0.94
6375 1.34
6376 0.88
6377 1.31
6378 1.78
6379 4.74
6380 14.81
6381 1.79
6382 3.78
6383 19.18
6384 0.00
6385 0.00
6386 0.00
6387 0.00
6388 0.00
6389 0.00
6390 0.00
6391 0.34
6392 1.45
6393 3.00
6394 2.91
6395 2.05
6396 2.61
6397 2.23
6398 2.49
6399 2.83
6400 4.80
6401 3.69
6402 4.58
6403 5.15
6404 6.96
6405 13.44
6406 5.50
6407 14.77
6408 0.00
6409 0.00
6410 0.00
6411 0.00
6412 0.00
6413 0.00
6414 0.00
6415 0.63
6416 1.74
6417 3.45
6418 2.53
6419 2.38
6420 2.39
6421 2.74
6422 3.43
6423 3.50
6424 4.00
6425 5.78
6426 4.90
6427 6.79
6428 8.27
6429 14.53
6430 1.83
6431 3.17
6432 0.00
6433 0.00
6434 0.00
6435 0.00
6436 0.00
6437 0.00
6438 0.00
6439 0.13
6440 1.44
6441 3.29
6442 3.08
6443 1.83
6444 2.07
6445 2.89
6446 3.32
6447 2.88
6448 3.27
6449 3.97
6450 4.61
6451 4.89
6452 4.82
6453 5.03
6454 0.00
6455 5.11
6456 0.00
6457 0.00
6458 0.00
6459 0.00
6460 0.00
6461 0.00
6462 0.00
6463 0.34
6464 1.29
6465 2.38
6466 1.97
6467 1.92
6468 2.43
6469 2.44
6470 2.18
6471 2.84
6472 3.77
6473 3.70
6474 2.83
6475 3.80
6476 3.13
6477 5.85
6478 1.56
6479 5.64
6480 0.00
6481 0.00
6482 0.00
6483 0.00
6484 0.00
6485 0.00
6486 0.00
6487 0.24
6488 1.04
6489 3.38
6490 2.91
6491 2.18
6492 2.20
6493 2.82
6494 1.60
6495 2.99
6496 4.07
6497 3.20
6498 5.52
6499 2.92
6500 2.80
6501 3.25
6502 1.30
6503 6.35
6504 0.00
6505 0.00
6506 0.00
6507 0.00
6508 0.00
6509 0.00
6510 0.00
6511 1.15
6512 1.59
6513 3.79
6514 2.54
6515 2.96
6516 2.36
6517 2.22
6518 1.71
6519 2.00
6520 1.51
6521 3.51
6522 1.98
6523 1.87
6524 2.98
6525 8.61
6526 5.16
6527 4.77
6528 0.00
6529 0.00
6530 0.00
6531 0.00
6532 0.00
6533 0.00
6534 0.00
6535 2.12
6536 1.40
6537 3.03
6538 3.75
6539 1.62
6540 0.94
6541 0.68
6542 0.92
6543 0.75
6544 1.58
6545 1.42
6546 3.01
6547 3.56
6548 1.40
6549 1.90
6550 1.05
6551 4.40
6552 0.00
6553 0.53
6554 21.95
6555 0.34
6556 1.99
6557 0.00
6558 12.44
6559 36.73
6560 1.07
6561 2.62
6562 3.50
6563 2.26
6564 3.79
6565 1.67
6566 2.08
6567 2.08
6568 2.87
6569 1.82
6570 2.43
6571 2.88
6572 2.60
6573 9.40
6574 3.52
6575 2.84
6576 4.06
6577 0.79
6578 1.87
6579 0.00
6580 4.02
6581 3.65
6582 25.53
6583 600.00
6584 1.36
6585 4.11
6586 1.52
6587 2.78
6588 1.70
6589 1.32
6590 0.80
6591 1.04
6592 1.28
6593 4.48
6594 4.21
6595 15.98
6596 27.73
6597 57.14
6598 1.44
6599 1.41
6600 1.02
6601 1.08
6602 9.64
6603 1.54
6604 26.37
6605 1.59
6606 16.55
6607 22.61
6608 3.10
6609 4.70
6610 3.85
6611 2.35
6612 2.38
6613 2.67
6614 2.62
6615 2.72
6616 4.41
6617 7.18
6618 11.44
6619 8.06
6620 9.20
6621 17.71
6622 20.34
6623 53.73
6624 2.84
6625 0.44
6626 16.29
6627 0.00
6628 14.63
6629 0.00
6630 7.61
6631 33.35
6632 2.21
6633 3.97
6634 5.00
6635 2.79
6636 3.24
6637 2.72
6638 3.05
6639 4.14
6640 5.47
6641 5.42
6642 12.31
6643 11.63
6644 11.92
6645 19.57
6646 0.00
6647 46.75
6648 2.90
6649 0.41
6650 0.00
6651 0.00
6652 1.21
6653 4.70
6654 32.63
6655 30.67
6656 3.68
6657 4.66
6658 3.24
6659 2.19
6660 2.37
6661 2.55
6662 2.77
6663 4.34
6664 4.83
6665 5.22
6666 8.11
6667 7.26
6668 11.29
6669 21.90
6670 10.87
6671 42.60
6672 6.08
6673 0.54
6674 0.00
6675 0.00
6676 0.00
6677 4.95
6678 5.50
6679 35.15
6680 2.85
6681 6.08
6682 3.19
6683 2.61
6684 3.11
6685 3.03
6686 2.34
6687 3.26
6688 4.58
6689 7.42
6690 7.13
6691 9.61
6692 6.02
6693 12.90
6694 9.43
6695 1.67
6696 2.57
6697 1.03
6698 1.62
6699 0.95
6700 9.69
6701 1.78
6702 7.80
6703 51.93
6704 3.40
6705 4.80
6706 4.26
6707 3.17
6708 2.48
6709 2.65
6710 2.85
6711 3.95
6712 4.49
6713 5.52
6714 13.31
6715 8.83
6716 6.12
6717 9.94
6718 2.85
6719 8.21
6720 3.76
6721 1.03
6722 18.85
6723 0.70
6724 2.22
6725 30.13
6726 48.65
6727 10.07
6728 1.25
6729 1.94
6730 1.71
6731 3.12
6732 2.56
6733 2.41
6734 2.62
6735 2.21
6736 2.73
6737 2.29
6738 2.10
6739 1.52
6740 2.09
6741 4.98
6742 45.90
6743 8.09
6744 5.75
6745 2.01
6746 2.98
6747 1.39
6748 6.04
6749 1.09
6750 1.51
6751 12.15
6752 1.77
6753 1.07
6754 2.33
6755 1.54
6756 0.86
6757 1.33
6758 1.23
6759 1.27
6760 2.20
6761 1.13
6762 2.27
6763 8.61
6764 41.86
6765 0.00
6766 1.60
6767 0.00
6768 1.82
6769 0.67
6770 0.00
6771 0.38
6772 2.17
6773 4.19
6774 15.67
6775 1.30
6776 3.66
6777 3.79
6778 5.40
6779 3.09
6780 2.33
6781 1.87
6782 2.61
6783 3.29
6784 4.34
6785 6.47
6786 7.73
6787 7.54
6788 13.01
6789 10.43
6790 18.49
6791 56.69
6792 2.13
6793 0.60
6794 0.00
6795 0.00
6796 8.47
6797 7.01
6798 6.57
6799 10.51
6800 3.33
6801 3.28
6802 5.91
6803 1.67
6804 2.43
6805 2.41
6806 2.74
6807 3.13
6808 4.90
6809 6.05
6810 7.92
6811 9.39
6812 7.53
6813 26.91
6814 12.41
6815 4.12
6816 3.20
6817 0.89
6818 9.92
6819 1.04
6820 4.61
6821 8.17
6822 5.91
6823 23.31
6824 2.25
6825 3.58
6826 4.94
6827 2.07
6828 2.83
6829 2.40
6830 2.57
6831 3.32
6832 3.09
6833 5.54
6834 8.18
6835 7.72
6836 7.28
6837 11.65
6838 10.43
6839 2.37
6840 2.62
6841 0.70
6842 0.00
6843 41.86
6844 12.22
6845 0.00
6846 9.78
6847 2.28
6848 2.81
6849 4.81
6850 3.74
6851 2.05
6852 2.87
6853 2.16
6854 2.34
6855 3.78
6856 4.12
6857 6.52
6858 8.35
6859 6.42
6860 7.49
6861 16.23
6862 42.11
6863 4.39
6864 2.83
6865 1.24
6866 11.29
6867 0.56
6868 0.00
6869 34.95
6870 3.41
6871 1.84
6872 2.79
6873 6.68
6874 5.18
6875 2.72
6876 2.84
6877 2.91
6878 4.28
6879 3.49
6880 4.85
6881 8.25
6882 7.13
6883 7.05
6884 5.16
6885 12.70
6886 8.85
6887 14.46
6888 5.12
6889 0.89
6890 2.19
6891 26.47
6892 3.23
6893 5.43
6894 3.04
6895 10.87
6896 1.53
6897 2.57
6898 2.29
6899 2.51
6900 2.72
6901 2.96
6902 2.91
6903 4.12
6904 2.98
6905 3.17
6906 2.64
6907 2.59
6908 2.13
6909 3.25
6910 32.30
6911 9.35
6912 3.11
6913 1.16
6914 1.52
6915 4.01
6916 8.51
6917 1.71
6918 9.94
6919 0.33
6920 1.95
6921 3.20
6922 1.89
6923 0.76
6924 0.90
6925 1.39
6926 1.02
6927 0.95
6928 0.74
6929 3.48
6930 4.82
6931 3.90
6932 0.00
6933 49.32
6934 22.36
6935 0.00
6936 2.09
6937 1.91
6938 0.00
6939 45.57
6940 14.81
6941 18.75
6942 29.11
6943 16.19
6944 2.87
6945 4.94
6946 5.34
6947 3.05
6948 2.80
6949 2.85
6950 2.98
6951 3.57
6952 5.37
6953 9.20
6954 8.30
6955 8.46
6956 11.86
6957 19.39
6958 48.65
6959 3.23
6960 7.16
6961 4.35
6962 0.00
6963 0.00
6964 8.58
6965 5.90
6966 8.15
6967 2.68
6968 2.34
6969 3.77
6970 3.73
6971 2.47
6972 3.03
6973 2.88
6974 2.84
6975 3.51
6976 3.12
6977 5.74
6978 9.67
6979 11.88
6980 14.11
6981 18.67
6982 14.22
6983 17.64
6984 2.68
6985 0.96
6986 3.19
6987 10.70
6988 17.50
6989 0.00
6990 13.15
6991 2.66
6992 2.61
6993 4.69
6994 3.52
6995 2.31
6996 2.76
6997 2.89
6998 3.19
6999 2.86
7000 4.47
7001 6.34
7002 8.64
7003 8.79
7004 10.53
7005 13.18
7006 5.64
7007 11.56
7008 5.23
7009 2.52
7010 0.00
7011 2.01
7012 10.84
7013 0.00
7014 4.92
7015 2.21
7016 2.75
7017 2.78
7018 5.20
7019 2.33
7020 2.37
7021 2.49
7022 2.65
7023 3.47
7024 4.46
7025 6.72
7026 7.59
7027 8.96
7028 7.56
7029 16.86
7030 6.04
7031 3.68
7032 5.58
7033 2.14
7034 4.53
7035 3.49
7036 19.10
7037 0.00
7038 18.06
7039 11.21
7040 2.99
7041 3.75
7042 4.31
7043 1.85
7044 2.17
7045 2.00
7046 2.29
7047 2.40
7048 3.18
7049 4.65
7050 8.50
7051 8.21
7052 4.40
7053 7.22
7054 28.76
7055 18.27
7056 4.82
7057 2.85
7058 1.09
7059 17.96
7060 1.68
7061 44.44
7062 27.91
7063 98.63
7064 1.42
7065 2.68
7066 3.99
7067 1.97
7068 2.02
7069 2.15
7070 2.21
7071 2.62
7072 2.78
7073 2.40
7074 2.01
7075 1.89
7076 2.11
7077 1.45
7078 3.46
7079 7.24
7080 2.61
7081 0.83
7082 0.27
7083 0.00
7084 27.69
7085 11.13
7086 4.25
7087 0.21
7088 2.31
7089 2.17
7090 2.12
7091 1.54
7092 0.92
7093 0.99
7094 0.89
7095 1.64
7096 1.14
7097 1.18
7098 2.77
7099 5.52
7100 7.42
7101 4.78
7102 2.61
7103 4.48
7104 24.41
7105 0.00
7106 2.55
7107 1.99
7108 14.81
7109 0.00
7110 0.00
7111 2.17
7112 3.07
7113 5.08
7114 4.45
7115 1.91
7116 2.35
7117 2.63
7118 2.65
7119 3.29
7120 4.55
7121 5.72
7122 8.49
7123 10.19
7124 8.89
7125 7.94
7126 11.48
7127 6.16
7128 3.94
7129 0.48
7130 0.52
7131 33.64
7132 24.66
7133 24.16
7134 40.45
7135 6.06
7136 2.73
7137 3.06
7138 4.70
7139 1.66
7140 2.32
7141 2.15
7142 2.35
7143 3.14
7144 4.73
7145 8.46
7146 8.15
7147 7.66
7148 11.40
7149 25.41
7150 3.03
7151 12.88
7152 1.82
7153 0.55
7154 0.00
7155 3.35
7156 15.38
7157 0.00
7158 7.10
7159 2.84
7160 3.84
7161 4.62
7162 3.63
7163 2.24
7164 2.73
7165 2.35
7166 2.60
7167 2.79
7168 3.86
7169 6.50
7170 6.89
7171 8.57
7172 6.23
7173 4.78
7174 4.57
7175 2.05
7176 4.71
7177 0.83
7178 2.59
7179 2.05
7180 52.94
7181 31.03
7182 2.82
7183 14.46
7184 4.56
7185 3.71
7186 2.98
7187 1.79
7188 2.07
7189 3.63
7190 2.88
7191 3.43
7192 4.37
7193 5.91
7194 6.16
7195 6.77
7196 8.49
7197 12.16
7198 3.17
7199 5.46
7200 3.57
7201 0.53
7202 4.87
7203 4.14
7204 0.52
7205 18.82
7206 14.85
7207 1.22
7208 2.55
7209 5.25
7210 3.00
7211 2.07
7212 2.13
7213 2.81
7214 2.49
7215 2.99
7216 3.49
7217 6.71
7218 6.89
7219 5.88
7220 3.30
7221 4.49
7222 0.81
7223 5.74
7224 1.58
7225 0.69
7226 0.98
7227 16.71
7228 3.54
7229 29.51
7230 27.38
7231 0.35
7232 1.42
7233 3.12
7234 3.25
7235 2.95
7236 2.96
7237 3.36
7238 2.50
7239 2.68
7240 3.64
7241 3.17
7242 3.06
7243 1.99
7244 2.90
7245 8.12
7246 4.74
7247 1.85
7248 3.31
7249 0.58
7250 0.55
7251 0.77
7252 1.95
7253 2.17
7254 1.13
7255 0.87
7256 1.44
7257 2.01
7258 1.24
7259 0.95
7260 1.17
7261 1.20
7262 0.95
7263 1.15
7264 1.20
7265 2.34
7266 2.04
7267 3.66
7268 2.57
7269 3.49
7270 6.41
7271 2.48
7272 1.73
7273 0.74
7274 0.51
7275 18.85
7276 0.76
7277 9.94
7278 0.00
7279 1.82
7280 3.15
7281 3.91
7282 2.89
7283 2.17
7284 2.03
7285 1.69
7286 2.29
7287 3.48
7288 2.84
7289 7.57
7290 9.51
7291 8.75
7292 9.00
7293 11.24
7294 1.05
7295 2.17
7296 1.95
7297 0.44
7298 0.77
7299 0.83
7300 3.20
7301 3.80
7302 1.30
7303 0.44
7304 0.66
7305 0.87
7306 1.96
7307 0.48
7308 0.74
7309 1.03
7310 1.20
7311 1.21
7312 2.65
7313 1.14
7314 2.70
7315 5.10
7316 2.68
7317 1.98
7318 24.10
7319 4.25
7320 4.33
7321 1.39
7322 5.45
7323 23.68
7324 0.00
7325 52.17
7326 6.87
7327 1.56
7328 3.06
7329 4.29
7330 3.69
7331 1.70
7332 2.79
7333 2.19
7334 2.45
7335 2.82
7336 3.55
7337 5.60
7338 6.73
7339 7.77
7340 8.33
7341 11.10
7342 3.64
7343 31.44
7344 6.84
7345 0.98
7346 0.00
7347 21.18
7348 0.00
7349 0.00
7350 32.25
7351 1.88
7352 1.74
7353 3.65
7354 3.96
7355 1.86
7356 2.92
7357 2.76
7358 2.66
7359 3.12
7360 3.87
7361 6.64
7362 6.88
7363 6.87
7364 7.85
7365 2.44
7366 8.64
7367 3.20
7368 3.43
7369 0.64
7370 40.00
7371 1.60
7372 1.92
7373 16.51
7374 29.13
7375 2.17
7376 2.97
7377 2.54
7378 4.42
7379 2.03
7380 2.29
7381 2.47
7382 2.56
7383 3.47
7384 3.60
7385 5.49
7386 8.85
7387 6.61
7388 7.91
7389 7.82
7390 1.31
7391 10.02
7392 4.42
7393 0.84
7394 1.01
7395 9.63
7396 58.06
7397 15.27
7398 46.41
7399 7.52
7400 1.00
7401 1.42
7402 3.80
7403 3.19
7404 3.00
7405 3.60
7406 1.63
7407 5.23
7408 2.94
7409 2.09
7410 1.85
7411 1.77
7412 2.32
7413 1.99
7414 3.02
7415 3.17
7416 3.44
7417 0.62
7418 1.40
7419 3.69
7420 2.24
7421 6.45
7422 20.91
7423 0.43
7424 1.51
7425 2.17
7426 2.37
7427 2.01
7428 1.35
7429 1.26
7430 0.77
7431 1.31
7432 0.91
7433 1.77
7434 1.56
7435 1.17
7436 1.88
7437 1.07
7438 14.06
7439 11.80
7440 2.61
7441 6.42
7442 37.50
7443 35.29
7444 0.00
7445 18.45
7446 15.22
7447 2.01
7448 1.95
7449 2.18
7450 2.86
7451 2.28
7452 3.15
7453 2.49
7454 2.51
7455 3.48
7456 4.00
7457 5.73
7458 6.77
7459 8.73
7460 10.64
7461 19.19
7462 2.33
7463 17.56
7464 1.51
7465 0.70
7466 15.00
7467 0.00
7468 0.00
7469 44.44
7470 25.22
7471 1.68
7472 1.77
7473 1.71
7474 3.17
7475 2.26
7476 2.95
7477 3.51
7478 2.88
7479 3.74
7480 4.97
7481 4.75
7482 5.92
7483 8.29
7484 8.88
7485 9.30
7486 3.43
7487 29.88
7488 4.08
7489 2.38
7490 24.83
7491 22.50
7492 17.14
7493 14.40
7494 23.36
7495 2.35
7496 1.06
7497 2.00
7498 3.09
7499 1.93
7500 2.61
7501 1.87
7502 2.86
7503 2.95
7504 3.09
7505 5.37
7506 5.91
7507 9.35
7508 7.30
7509 11.02
7510 2.27
7511 13.40
7512 1.78
7513 12.86
7514 1.16
7515 2.84
7516 0.00
7517 37.11
7518 0.00
7519 1.50
7520 1.29
7521 2.57
7522 2.70
7523 2.28
7524 2.87
7525 3.18
7526 3.18
7527 3.04
7528 4.23
7529 3.38
7530 4.79
7531 5.64
7532 4.85
7533 5.13
7534 6.00
7535 2.09
7536 3.17
7537 0.44
7538 0.86
7539 21.05
7540 1.46
7541 2.28
7542 14.06
7543 1.23
7544 1.67
7545 2.57
7546 2.17
7547 2.47
7548 2.23
7549 2.54
7550 2.32
7551 2.36
7552 2.45
7553 3.52
7554 6.53
7555 7.91
7556 5.41
7557 4.58
7558 1.09
7559 1.35
7560 0.00
7561 0.22
7562 0.51
7563 0.00
7564 1.12
7565 11.86
7566 0.00
7567 4.86
7568 1.09
7569 1.32
7570 0.94
7571 1.92
7572 2.77
7573 1.48
7574 2.01
7575 3.21
7576 3.60
7577 2.75
7578 1.80
7579 2.16
7580 2.44
7581 2.30
7582 0.00
7583 1.21
7584 0.00
7585 0.11
7586 5.45
7587 0.00
7588 0.28
7589 0.00
7590 0.00
7591 0.37
7592 1.79
7593 4.97
7594 1.64
7595 1.09
7596 0.83
7597 0.87
7598 0.82
7599 0.84
7600 0.77
7601 1.15
7602 3.23
7603 2.22
7604 44.44
7605 51.43
7606 56.25
7607 17.18
7608 0.00
7609 0.12
7610 1.45
7611 4.52
7612 0.00
7613 15.06
7614 39.34
7615 0.55
7616 2.40
7617 2.47
7618 2.25
7619 2.21
7620 2.82
7621 2.87
7622 3.36
7623 3.19
7624 4.13
7625 4.34
7626 7.04
7627 7.13
7628 10.91
7629 25.15
7630 2.91
7631 4.28
7632 0.00
7633 2.78
7634 6.69
7635 0.00
7636 2.37
7637 0.00
7638 7.68
7639 0.55
7640 1.55
7641 1.55
7642 2.09
7643 2.56
7644 2.35
7645 2.62
7646 2.80
7647 2.35
7648 3.28
7649 2.70
7650 5.29
7651 4.11
7652 8.58
7653 13.98
7654 5.79
7655 2.60
7656 34.62
7657 3.34
7658 2.75
7659 0.00
7660 0.00
7661 13.31
7662 0.00
7663 0.58
7664 1.48
7665 2.58
7666 2.25
7667 2.58
7668 2.83
7669 2.79
7670 4.16
7671 4.33
7672 3.68
7673 2.79
7674 4.97
7675 4.52
7676 6.71
7677 8.68
7678 3.19
7679 2.17
7680 0.00
7681 1.84
7682 2.22
7683 0.00
7684 0.00
7685 0.00
7686 0.00
7687 0.57
7688 0.86
7689 1.84
7690 1.63
7691 2.59
7692 2.55
7693 2.63
7694 2.97
7695 3.51
7696 3.31
7697 2.84
7698 3.88
7699 3.22
7700 6.66
7701 10.33
7702 5.10
7703 6.84
7704 7.96
7705 6.17
7706 6.09
7707 0.00
7708 0.00
7709 19.20
7710 0.00
7711 9.82
7712 1.29
7713 2.09
7714 1.66
7715 1.94
7716 2.05
7717 2.13
7718 2.80
7719 2.68
7720 3.62
7721 3.59
7722 3.63
7723 3.56
7724 3.44
7725 3.76
7726 3.15
7727 2.02
7728 1.83
7729 0.24
7730 0.94
7731 0.00
7732 0.34
7733 0.00
7734 0.00
7735 0.49
7736 0.66
7737 1.23
7738 1.35
7739 1.69
7740 1.58
7741 3.00
7742 1.87
7743 1.82
7744 2.07
7745 1.53
7746 2.03
7747 1.64
7748 1.89
7749 4.60
7750 0.00
7751 2.10
7752 2.31
7753 0.38
7754 0.00
7755 0.00
7756 29.27
7757 8.53
7758 14.63
7759 1.48
7760 0.98
7761 2.77
7762 1.02
7763 0.71
7764 0.73
7765 0.63
7766 0.76
7767 0.94
7768 0.82
7769 1.08
7770 3.08
7771 2.79
7772 0.00
7773 13.17
7774 3.74
7775 2.40
7776 0.00
7777 3.86
7778 4.97
7779 0.00
7780 0.00
7781 2.73
7782 0.00
7783 0.44
7784 1.17
7785 3.04
7786 1.78
7787 2.37
7788 3.36
7789 2.79
7790 2.56
7791 3.53
7792 4.21
7793 3.95
7794 5.57
7795 8.61
7796 11.54
7797 20.75
7798 4.45
7799 1.22
7800 0.00
7801 3.60
7802 28.80
7803 0.00
7804 0.00
7805 0.00
7806 0.00
7807 0.52
7808 1.70
7809 1.97
7810 2.59
7811 1.98
7812 2.24
7813 3.20
7814 3.06
7815 4.46
7816 5.00
7817 3.12
7818 3.86
7819 4.95
7820 7.58
7821 21.14
7822 2.88
7823 1.72
7824 46.45
7825 6.77
7826 40.00
7827 0.00
7828 0.00
7829 14.23
7830 0.47
7831 0.58
7832 1.24
7833 2.44
7834 1.83
7835 2.38
7836 2.60
7837 2.34
7838 2.61
7839 2.82
7840 3.42
7841 3.05
7842 3.72
7843 6.35
7844 7.47
7845 11.66
7846 6.38
7847 3.50
7848 0.00
7849 0.22
7850 5.73
7851 0.00
7852 0.00
7853 0.00
7854 51.43
7855 1.33
7856 1.09
7857 2.19
7858 1.83
7859 2.57
7860 2.31
7861 2.15
7862 2.67
7863 3.39
7864 4.29
7865 4.45
7866 4.63
7867 4.90
7868 5.75
7869 9.04
7870 3.20
7871 3.83
7872 3.81
7873 7.30
7874 6.89
7875 0.00
7876 0.00
7877 15.75
7878 0.00
7879 0.61
7880 1.88
7881 2.52
7882 2.16
7883 2.29
7884 2.93
7885 2.05
7886 2.51
7887 2.59
7888 3.62
7889 2.53
7890 3.14
7891 3.27
7892 4.27
7893 3.48
7894 2.67
7895 1.31
7896 1.58
7897 0.17
7898 0.00
7899 0.00
7900 5.16
7901 0.66
7902 0.00
7903 10.18
7904 0.84
7905 1.80
7906 2.44
7907 2.13
7908 2.59
7909 1.64
7910 2.69
7911 1.71
7912 1.96
7913 2.02
7914 1.93
7915 2.01
7916 2.29
7917 4.90
7918 2.38
7919 6.49
7920 7.58
7921 0.42
7922 0.41
7923 0.00
7924 0.00
7925 0.00
7926 0.00
7927 0.43
7928 1.14
7929 5.22
7930 2.51
7931 1.85
7932 0.72
7933 0.65
7934 0.67
7935 1.11
7936 0.85
7937 1.20
7938 1.34
7939 2.00
7940 0.25
7941 0.00
7942 0.00
7943 3.63
7944 4.01
7945 3.13
7946 3.59
7947 0.00
7948 0.00
7949 12.04
7950 0.00
7951 2.68
7952 1.47
7953 2.68
7954 2.19
7955 2.28
7956 2.73
7957 2.43
7958 3.04
7959 3.05
7960 3.27
7961 4.33
7962 5.67
7963 6.82
7964 6.73
7965 18.94
7966 4.33
7967 5.09
7968 0.00
7969 8.57
7970 3.20
7971 0.00
7972 0.00
7973 0.00
7974 25.90
7975 0.56
7976 1.76
7977 3.48
7978 1.89
7979 2.61
7980 3.13
7981 2.74
7982 3.64
7983 3.03
7984 4.27
7985 3.20
7986 4.11
7987 3.61
7988 8.45
7989 10.88
7990 6.74
7991 4.00
7992 0.00
7993 3.44
7994 4.93
7995 0.00
7996 9.63
7997 16.00
7998 0.00
7999 0.50
8000 1.55
8001 1.54
8002 1.99
8003 2.33
8004 2.11
8005 3.18
8006 2.89
8007 3.16
8008 3.62
8009 2.72
8010 3.17
8011 4.15
8012 4.90
8013 12.79
8014 1.71
8015 1.75
8016 0.00
8017 0.00
8018 4.96
8019 0.00
8020 0.00
8021 55.38
8022 0.00
8023 2.41
8024 1.99
8025 2.39
8026 2.21
8027 2.42
8028 2.69
8029 2.01
8030 2.62
8031 3.00
8032 3.10
8033 2.56
8034 3.00
8035 4.15
8036 2.81
8037 3.28
8038 0.82
8039 2.92
8040 4.16
8041 0.20
8042 3.44
8043 0.00
8044 0.00
8045 0.00
8046 0.00
8047 5.71
8048 1.75
8049 3.34
8050 2.14
8051 2.31
8052 2.48
8053 2.38
8054 2.20
8055 3.56
8056 3.24
8057 3.41
8058 2.10
8059 2.61
8060 3.00
8061 7.58
8062 3.06
8063 2.50
8064 0.00
8065 0.06
8066 4.88
8067 0.00
8068 0.00
8069 0.00
8070 0.00
8071 3.85
8072 2.52
8073 1.85
8074 3.06
8075 2.41
8076 2.58
8077 3.52
8078 2.23
8079 2.34
8080 2.46
8081 2.51
8082 2.28
8083 2.80
8084 2.62
8085 3.55
8086 2.54
8087 1.89
8088 0.00
8089 0.06
8090 0.00
8091 0.00
8092 0.00
8093 0.00
8094 0.12
8095 1.75
8096 1.57
8097 4.67
8098 2.69
8099 0.94
8100 0.62
8101 0.71
8102 0.67
8103 0.92
8104 1.04
8105 0.87
8106 3.01
8107 1.17
8108 7.53
8109 1.27
8110 0.74
8111 6.33
8112 0.00
8113 0.07
8114 0.00
8115 0.00
8116 0.00
8117 0.00
8118 0.00
8119 0.15
8120 2.17
8121 2.09
8122 2.79
8123 2.40
8124 2.59
8125 2.66
8126 3.64
8127 3.45
8128 5.69
8129 5.23
8130 3.75
8131 5.54
8132 7.11
8133 7.42
8134 1.48
8135 1.35
8136 0.00
8137 3.70
8138 39.13
8139 0.00
8140 0.00
8141 0.00
8142 0.00
8143 1.32
8144 1.66
8145 1.61
8146 2.11
8147 2.96
8148 2.86
8149 3.00
8150 3.30
8151 3.90
8152 3.68
8153 4.14
8154 3.03
8155 4.89
8156 3.54
8157 6.92
8158 6.92
8159 8.57
8160 14.52
8161 6.38
8162 0.00
8163 0.00
8164 0.00
8165 11.71
8166 0.00
8167 7.21
8168 1.51
8169 1.56
8170 2.12
8171 2.46
8172 2.82
8173 2.24
8174 3.05
8175 3.25
8176 4.48
8177 3.52
8178 4.11
8179 5.01
8180 4.63
8181 12.46
8182 1.57
8183 0.00
8184 0.00
8185 5.45
8186 9.25
8187 0.00
8188 0.00
8189 0.00
8190 0.00
8191 0.50
8192 2.22
8193 3.07
8194 2.08
8195 2.63
8196 3.72
8197 3.26
8198 2.30
8199 3.42
8200 3.89
8201 3.50
8202 4.41
8203 3.46
8204 3.52
8205 11.52
8206 2.74
8207 3.26
8208 14.43
8209 0.81
8210 13.28
8211 0.00
8212 9.63
8213 6.64
8214 5.11
8215 6.46
8216 1.63
8217 2.64
8218 3.01
8219 2.58
8220 2.72
8221 2.37
8222 2.95
8223 4.20
8224 4.19
8225 3.38
8226 4.18
8227 3.15
8228 2.73
8229 2.13
8230 2.04
8231 1.87
8232 27.07
8233 0.21
8234 0.00
8235 3.59
8236 0.00
8237 0.00
8238 0.00
8239 1.40
8240 1.48
8241 1.61
8242 2.05
8243 2.78
8244 3.57
8245 3.22
8246 2.50
8247 2.54
8248 2.61
8249 2.70
8250 2.60
8251 2.13
8252 1.66
8253 1.30
8254 2.11
8255 1.92
8256 3.62
8257 0.12
8258 0.63
8259 0.00
8260 7.32
8261 1.48
8262 0.30
8263 0.14
8264 1.07
8265 3.53
8266 2.75
8267 1.37
8268 0.99
8269 0.74
8270 0.65
8271 0.70
8272 0.91
8273 1.30
8274 2.26
8275 2.54
8276 1.26
8277 1.33
8278 9.81
8279 1.31
8280 0.00
8281 0.40
8282 0.00
8283 0.00
8284 0.00
8285 13.30
8286 0.67
8287 2.43
8288 1.10
8289 3.17
8290 2.79
8291 2.93
8292 3.37
8293 2.73
8294 2.18
8295 3.50
8296 3.75
8297 4.37
8298 4.59
8299 5.12
8300 7.00
8301 19.10
8302 1.38
8303 14.12
8304 0.00
8305 0.24
8306 0.00
8307 0.00
8308 0.00
8309 0.00
8310 0.00
8311 0.66
8312 1.32
8313 1.90
8314 2.92
8315 2.06
8316 2.99
8317 1.82
8318 2.17
8319 3.13
8320 4.06
8321 3.71
8322 4.16
8323 4.66
8324 7.66
8325 7.20
8326 8.53
8327 3.34
8328 0.00
8329 3.79
8330 11.54
8331 8.35
8332 0.00
8333 13.97
8334 0.00
8335 1.50
8336 1.33
8337 1.31
8338 1.60
8339 2.03
8340 2.16
8341 2.20
8342 2.63
8343 2.50
8344 4.31
8345 2.67
8346 3.32
8347 4.74
8348 6.53
8349 9.47
8350 0.67
8351 7.89
8352 0.00
8353 3.77
8354 0.00
8355 0.00
8356 5.33
8357 0.00
8358 5.92
8359 0.52
8360 1.37
8361 1.94
8362 2.33
8363 2.97
8364 2.91
8365 2.35
8366 2.72
8367 3.26
8368 4.84
8369 2.70
8370 3.50
8371 4.36
8372 5.65
8373 16.10
8374 2.79
8375 9.39
8376 4.43
8377 0.08
8378 0.00
8379 0.00
8380 0.00
8381 21.18
8382 0.00
8383 0.62
8384 1.91
8385 2.66
8386 2.28
8387 2.04
8388 2.94
8389 2.68
8390 2.34
8391 3.60
8392 3.37
8393 2.82
8394 4.06
8395 3.07
8396 2.62
8397 2.67
8398 2.68
8399 3.08
8400 1.26
8401 1.86
8402 3.56
8403 0.00
8404 0.00
8405 0.00
8406 0.00
8407 2.74
8408 0.94
8409 2.36
8410 2.59
8411 1.87
8412 3.14
8413 2.49
8414 3.30
8415 2.17
8416 1.77
8417 2.31
8418 2.40
8419 2.20
8420 2.59
8421 2.64
8422 2.06
8423 4.10
8424 33.33
8425 32.73
8426 0.57
8427 0.00
8428 0.75
8429 0.00
8430 59.02
8431 12.69
8432 1.23
8433 2.40
8434 1.42
8435 1.12
8436 1.15
8437 0.75
8438 1.00
8439 0.92
8440 0.79
8441 1.20
8442 3.60
8443 2.98
8444 0.86
8445 5.53
8446 0.61
8447 1.73
8448 2.27
8449 1.55
8450 0.00
8451 0.00
8452 14.46
8453 7.78
8454 0.00
8455 0.83
8456 1.30
8457 3.06
8458 2.59
8459 3.24
8460 2.43
8461 2.11
8462 2.85
8463 3.67
8464 5.81
8465 3.69
8466 6.05
8467 8.56
8468 6.09
8469 14.82
8470 2.02
8471 5.70
8472 0.00
8473 3.54
8474 14.01
8475 0.65
8476 0.00
8477 0.00
8478 2.34
8479 0.40
8480 2.67
8481 2.93
8482 2.41
8483 2.64
8484 2.29
8485 2.87
8486 2.27
8487 3.39
8488 2.54
8489 5.56
8490 5.11
8491 8.47
8492 11.31
8493 16.30
8494 4.77
8495 4.27
8496 0.00
8497 0.00
8498 4.76
8499 20.22
8500 10.62
8501 20.11
8502 0.00
8503 0.43
8504 2.17
8505 2.46
8506 2.34
8507 2.61
8508 2.78
8509 2.88
8510 2.99
8511 3.91
8512 3.83
8513 2.89
8514 5.31
8515 5.36
8516 6.66
8517 6.29
8518 1.83
8519 3.13
8520 53.73
8521 0.37
8522 7.83
8523 0.00
8524 0.00
8525 24.49
8526 0.00
8527 0.49
8528 2.95
8529 2.42
8530 2.19
8531 2.79
8532 2.83
8533 2.60
8534 2.48
8535 3.44
8536 4.18
8537 4.87
8538 5.84
8539 4.58
8540 5.43
8541 13.29
8542 1.29
8543 16.44
8544 0.00
8545 0.00
8546 0.00
8547 3.91
8548 9.52
8549 0.00
8550 0.00
8551 3.72
8552 1.55
8553 3.62
8554 2.17
8555 2.55
8556 2.53
8557 3.08
8558 3.22
8559 3.59
8560 4.69
8561 6.14
8562 5.76
8563 5.39
8564 6.22
8565 5.06
8566 3.36
8567 5.04
8568 5.83
8569 47.68
8570 3.26
8571 0.00
8572 0.00
8573 0.00
8574 0.00
8575 3.36
8576 0.92
8577 4.43
8578 3.47
8579 2.60
8580 3.30
8581 2.03
8582 2.21
8583 4.24
8584 3.56
8585 2.67
8586 2.75
8587 3.74
8588 2.83
8589 3.88
8590 0.76
8591 1.15
8592 0.00
8593 0.13
8594 0.41
8595 0.00
8596 0.00
8597 0.00
8598 0.00
8599 0.00
8600 0.48
8601 2.54
8602 1.47
8603 1.41
8604 0.81
8605 0.62
8606 0.44
8607 0.90
8608 0.60
8609 1.70
8610 5.54
8611 27.91
8612 2.98
8613 1.51
8614 0.00
8615 0.00
8616 0.00
8617 0.15
8618 0.00
8619 0.00
8620 0.00
8621 0.11
8622 0.00
8623 0.11
8624 0.23
8625 0.59
8626 0.66
8627 0.92
8628 0.77
8629 0.90
8630 0.84
8631 1.47
8632 1.60
8633 1.57
8634 1.47
8635 2.30
8636 2.02
8637 2.09
8638 5.19
8639 1.27
8640 0.00
8641 0.10
8642 0.00
8643 0.23
8644 0.00
8645 0.00
8646 0.00
8647 0.29
8648 0.28
8649 0.68
8650 0.56
8651 1.15
8652 1.09
8653 1.22
8654 1.18
8655 1.25
8656 2.68
8657 0.99
8658 1.12
8659 2.24
8660 2.40
8661 3.39
8662 9.07
8663 42.86
8664 0.00
8665 0.18
8666 0.00
8667 0.00
8668 0.00
8669 0.00
8670 13.28
8671 2.59
8672 1.22
8673 1.46
8674 3.48
8675 1.86
8676 2.40
8677 1.71
8678 2.27
8679 2.90
8680 3.52
8681 2.28
8682 4.15
8683 3.47
8684 4.23
8685 7.10
8686 1.13
8687 3.33
8688 0.00
8689 0.14
8690 0.00
8691 3.01
8692 0.00
8693 0.00
8694 0.00
8695 12.41
8696 1.41
8697 2.10
8698 1.93
8699 2.80
8700 2.38
8701 1.93
8702 2.14
8703 2.87
8704 3.08
8705 3.73
8706 3.98
8707 4.14
8708 4.29
8709 3.68
8710 0.80
8711 2.61
8712 0.00
8713 0.09
8714 0.00
8715 0.00
8716 0.00
8717 0.00
8718 0.00
8719 0.83
8720 1.07
8721 2.25
8722 2.14
8723 1.94
8724 2.26
8725 2.51
8726 2.34
8727 2.58
8728 4.89
8729 3.46
8730 3.26
8731 3.47
8732 3.65
8733 5.67
8734 2.12
8735 1.23
8736 4.86
8737 0.76
8738 0.00
8739 5.41
8740 6.73
8741 0.00
8742 0.00
8743 0.40
8744 0.67
8745 1.23
8746 2.42
8747 1.37
8748 1.38
8749 1.58
8750 1.82
8751 2.28
8752 1.97
8753 2.70
8754 1.54
8755 2.33
8756 2.25
8757 4.87
8758 6.17
8759 2.06
8760 1.59
