1 0.25
2 7.00
3 10.90
4 3.54
5 0.56
6 37.11
7 35.29
8 0.10
9 0.42
10 0.41
11 0.88
12 0.62
13 0.65
14 0.70
15 0.91
16 0.97
17 0.72
18 1.22
19 0.42
20 0.91
21 1.18
22 0.66
23 1.89
24 6.81
25 0.15
26 12.72
27 0.00
28 0.00
29 0.22
30 0.31
31 0.08
32 0.17
33 0.51
34 0.49
35 0.58
36 0.64
37 0.48
38 0.54
39 0.71
40 0.69
41 1.15
42 1.24
43 2.62
44 8.41
45 6.25
46 1.36
47 1.16
48 21.82
49 0.12
50 13.95
51 0.67
52 2.27
53 36.92
54 0.69
55 0.00
56 0.28
57 1.28
58 1.71
59 1.77
60 1.84
61 2.21
62 1.00
63 1.45
64 1.44
65 1.81
66 1.75
67 2.56
68 1.27
69 0.87
70 3.28
71 4.72
72 14.81
73 0.09
74 1.87
75 0.00
76 0.00
77 0.00
78 0.30
79 0.22
80 0.29
81 0.86
82 1.30
83 1.61
84 1.18
85 1.08
86 1.52
87 1.33
88 1.43
89 1.97
90 1.75
91 3.32
92 1.01
93 1.41
94 2.28
95 10.31
96 8.65
97 0.13
98 24.83
99 0.00
100 27.07
101 0.00
102 0.10
103 0.11
104 0.28
105 0.97
106 1.96
107 1.50
108 1.21
109 0.97
110 1.38
111 1.34
112 1.53
113 1.97
114 2.47
115 2.41
116 1.42
117 0.70
118 2.28
119 7.96
120 39.56
121 0.10
122 13.17
123 0.00
124 18.85
125 29.39
126 33.03
127 0.22
128 0.27
129 1.03
130 1.25
131 1.23
132 1.64
133 1.43
134 1.55
135 1.02
136 1.59
137 1.95
138 1.97
139 2.56
140 1.52
141 1.08
142 1.22
143 7.35
144 10.71
145 0.12
146 20.45
147 0.00
148 0.00
149 1.05
150 1.77
151 56.25
152 0.20
153 1.42
154 1.54
155 1.37
156 1.30
157 1.87
158 0.97
159 1.08
160 0.80
161 0.80
162 0.83
163 1.09
164 1.17
165 2.89
166 1.40
167 1.89
168 5.94
169 0.09
170 24.87
171 0.00
172 33.64
173 1.59
174 31.58
175 19.35
176 0.13
177 1.49
178 0.49
179 0.85
180 0.60
181 0.56
182 0.71
183 0.80
184 0.65
185 0.79
186 0.77
187 1.23
188 1.35
189 2.29
190 3.12
191 1.50
192 8.13
193 0.12
194 0.00
195 11.32
196 0.00
197 4.52
198 54.55
199 0.19
200 0.31
201 0.70
202 1.26
203 1.64
204 1.35
205 1.27
206 1.46
207 1.40
208 1.53
209 1.69
210 1.84
211 3.75
212 1.54
213 1.96
214 13.36
215 1.36
216 5.20
217 0.13
218 49.32
219 0.00
220 0.00
221 6.25
222 3.49
223 0.20
224 0.29
225 1.04
226 1.22
227 1.75
228 1.25
229 1.81
230 1.28
231 1.45
232 1.62
233 1.95
234 2.13
235 2.56
236 1.59
237 1.69
238 17.13
239 13.33
240 16.33
241 0.08
242 37.50
243 0.00
244 31.03
245 23.53
246 0.38
247 0.68
248 0.34
249 1.11
250 1.08
251 1.24
252 1.24
253 0.95
254 1.11
255 1.39
256 1.69
257 2.16
258 3.10
259 2.70
260 1.33
261 0.73
262 11.11
263 10.53
264 14.17
265 0.11
266 21.69
267 24.00
268 34.51
269 0.00
270 0.77
271 0.26
272 0.31
273 0.72
274 1.18
275 1.42
276 1.07
277 1.22
278 1.14
279 1.30
280 1.54
281 1.50
282 2.25
283 2.50
284 0.87
285 3.62
286 2.94
287 2.31
288 7.80
289 0.11
290 0.00
291 15.06
292 15.86
293 2.91
294 0.00
295 0.35
296 0.30
297 0.84
298 0.99
299 1.28
300 1.42
301 1.11
302 1.36
303 1.40
304 1.42
305 2.13
306 2.11
307 2.42
308 1.00
309 1.20
310 39.42
311 2.86
312 25.06
313 0.14
314 20.42
315 0.00
316 22.22
317 0.00
318 5.61
319 5.61
320 0.23
321 2.14
322 2.51
323 1.84
324 1.63
325 1.85
326 1.44
327 1.62
328 0.82
329 1.76
330 2.45
331 1.01
332 1.04
333 1.64
334 1.23
335 4.49
336 10.78
337 0.08
338 1.51
339 0.00
340 0.00
341 0.16
342 9.23
343 52.17
344 0.14
345 1.98
346 1.75
347 1.30
348 0.73
349 0.75
350 0.76
351 0.59
352 0.57
353 0.70
354 2.30
355 1.16
356 1.94
357 1.31
358 0.78
359 2.32
360 3.63
361 0.14
362 0.00
363 0.00
364 4.71
365 30.38
366 13.09
367 0.15
368 0.37
369 1.06
370 1.06
371 0.97
372 1.86
373 1.55
374 1.36
375 1.41
376 2.03
377 1.88
378 2.01
379 2.57
380 1.57
381 2.32
382 1.43
383 2.13
384 24.00
385 0.16
386 11.25
387 0.28
388 0.00
389 32.14
390 7.38
391 0.16
392 0.34
393 0.93
394 1.07
395 1.47
396 1.23
397 1.21
398 1.50
399 1.67
400 2.26
401 1.78
402 2.59
403 2.39
404 1.28
405 26.60
406 0.84
407 6.12
408 4.17
409 0.27
410 0.32
411 0.00
412 0.00
413 11.65
414 6.81
415 0.34
416 0.31
417 0.99
418 1.48
419 1.05
420 1.08
421 1.07
422 1.10
423 1.47
424 2.23
425 1.99
426 2.79
427 2.62
428 1.38
429 1.23
430 1.26
431 3.11
432 53.73
433 0.30
434 5.29
435 0.00
436 0.35
437 52.17
438 13.79
439 0.29
440 0.32
441 0.86
442 1.07
443 1.12
444 1.12
445 1.18
446 0.97
447 1.41
448 2.04
449 1.76
450 2.62
451 3.39
452 1.94
453 1.76
454 2.24
455 1.42
456 17.73
457 0.26
458 0.34
459 28.57
460 16.14
461 3.95
462 0.00
463 0.21
464 0.35
465 0.95
466 0.95
467 1.06
468 1.39
469 1.28
470 1.46
471 1.48
472 1.93
473 2.06
474 1.92
475 3.17
476 1.69
477 2.54
478 9.52
479 17.63
480 14.56
481 0.11
482 0.00
483 0.00
484 33.80
485 0.00
486 11.60
487 0.00
488 0.26
489 1.21
490 1.36
491 0.99
492 1.13
493 0.97
494 1.04
495 0.87
496 0.95
497 0.84
498 1.02
499 1.75
500 1.95
501 11.38
502 9.96
503 5.18
504 20.00
505 0.07
506 21.05
507 18.37
508 0.00
509 3.39
510 10.13
511 8.80
512 0.14
513 19.65
514 1.72
515 0.80
516 0.83
517 0.76
518 0.60
519 0.74
520 0.70
521 1.54
522 1.99
523 0.88
524 0.78
525 1.11
526 0.70
527 10.00
528 32.73
529 0.23
530 30.00
531 0.00
532 0.71
533 45.00
534 28.18
535 2.35
536 0.36
537 0.96
538 1.15
539 1.58
540 1.52
541 1.85
542 1.36
543 1.84
544 1.70
545 2.27
546 2.56
547 3.29
548 2.78
549 9.09
550 4.10
551 4.85
552 1.86
553 0.22
554 6.81
555 0.00
556 15.45
557 0.53
558 7.86
559 17.98
560 0.37
561 1.21
562 1.04
563 1.59
564 1.36
565 1.45
566 1.95
567 1.95
568 1.97
569 2.34
570 2.51
571 3.82
572 2.29
573 2.81
574 10.68
575 7.93
576 3.06
577 0.22
578 0.00
579 59.02
580 0.00
581 6.84
582 1.14
583 10.70
584 0.44
585 0.98
586 1.19
587 1.60
588 1.27
589 1.29
590 1.39
591 1.48
592 1.86
593 2.37
594 2.62
595 4.41
596 2.34
597 6.76
598 6.98
599 14.63
600 5.02
601 0.09
602 12.90
603 0.00
604 4.79
605 0.00
606 48.98
607 0.00
608 0.19
609 0.60
610 0.54
611 0.48
612 0.52
613 0.50
614 0.52
615 0.60
616 0.85
617 1.27
618 1.43
619 2.53
620 1.73
621 3.34
622 2.79
623 17.36
624 0.00
625 0.05
626 15.29
627 0.00
628 0.00
629 18.51
630 52.94
631 0.17
632 0.31
633 0.97
634 1.19
635 1.41
636 1.31
637 1.53
638 1.27
639 1.30
640 1.56
641 2.06
642 2.80
643 3.27
644 2.45
645 4.36
646 1.75
647 41.38
648 0.00
649 0.27
650 0.00
651 0.00
652 5.73
653 0.00
654 0.00
655 14.01
656 0.28
657 0.99
658 1.08
659 1.40
660 1.53
661 3.26
662 1.14
663 1.75
664 1.60
665 1.53
666 2.73
667 2.01
668 0.93
669 1.74
670 1.08
671 14.09
672 32.73
673 0.10
674 37.89
675 10.39
676 4.60
677 0.72
678 26.97
679 0.00
680 0.13
681 0.44
682 0.58
683 1.09
684 0.85
685 0.73
686 0.72
687 0.89
688 0.77
689 1.14
690 1.74
691 5.03
692 3.76
693 5.04
694 1.04
695 1.90
696 26.97
697 0.21
698 0.00
699 17.39
700 21.18
701 1.13
702 59.02
703 0.70
704 0.37
705 0.85
706 1.11
707 1.11
708 1.33
709 1.26
710 1.53
711 1.65
712 1.53
713 2.01
714 2.27
715 4.19
716 2.00
717 38.40
718 0.82
719 21.82
720 26.37
721 0.34
722 1.49
723 40.00
724 0.00
725 31.12
726 1.26
727 0.47
728 0.41
729 1.11
730 1.09
731 1.41
732 1.35
733 1.47
734 1.40
735 1.58
736 1.78
737 2.04
738 2.83
739 4.76
740 3.35
741 6.03
742 11.25
743 10.44
744 4.13
745 0.29
746 15.06
747 25.35
748 0.00
749 0.67
750 1.85
751 0.30
752 0.34
753 0.95
754 1.04
755 1.09
756 1.18
757 1.38
758 1.55
759 1.43
760 1.47
761 2.46
762 2.41
763 3.82
764 2.07
765 2.61
766 5.35
767 4.58
768 45.57
769 0.17
770 9.02
771 0.00
772 0.00
773 12.81
774 0.00
775 0.42
776 0.35
777 0.90
778 0.94
779 0.95
780 1.31
781 1.40
782 1.54
783 1.63
784 1.88
785 1.90
786 2.66
787 4.06
788 1.95
789 6.99
790 23.18
791 2.40
792 48.65
793 0.16
794 0.72
795 0.00
796 0.00
797 10.39
798 10.53
799 4.87
800 0.34
801 0.81
802 1.05
803 1.26
804 1.22
805 1.23
806 1.08
807 1.59
808 1.79
809 1.91
810 2.62
811 4.67
812 3.19
813 1.23
814 3.78
815 13.24
816 3.99
817 0.25
818 0.00
819 0.00
820 57.14
821 0.00
822 41.38
823 0.66
824 0.41
825 1.14
826 1.64
827 1.40
828 1.78
829 1.77
830 1.36
831 1.65
832 1.34
833 1.59
834 1.38
835 0.90
836 0.72
837 6.26
838 1.08
839 6.23
840 5.43
841 0.10
842 0.21
843 2.22
844 1.03
845 1.00
846 4.02
847 0.68
848 0.13
849 1.19
850 1.35
851 0.84
852 0.75
853 0.82
854 0.88
855 0.79
856 1.77
857 0.91
858 1.20
859 0.72
860 0.59
861 3.19
862 0.67
863 1.82
864 0.00
865 0.18
866 21.82
867 0.00
868 9.55
869 30.42
870 0.71
871 0.94
872 0.33
873 0.95
874 0.99
875 1.13
876 1.27
877 1.42
878 1.38
879 1.43
880 1.65
881 2.02
882 2.18
883 3.30
884 1.23
885 13.43
886 8.16
887 0.00
888 4.76
889 0.18
890 9.05
891 9.06
892 46.75
893 4.98
894 1.25
895 1.08
896 0.33
897 0.81
898 0.97
899 1.31
900 1.33
901 1.51
902 1.33
903 1.49
904 1.60
905 2.01
906 2.45
907 3.22
908 1.25
909 23.11
910 0.70
911 0.00
912 8.88
913 0.15
914 3.90
915 35.47
916 0.00
917 4.54
918 0.00
919 2.56
920 0.35
921 1.00
922 0.98
923 1.07
924 1.21
925 1.61
926 1.32
927 1.53
928 1.48
929 1.58
930 1.92
931 3.16
932 1.46
933 9.92
934 18.87
935 12.30
936 9.52
937 0.22
938 0.00
939 0.00
940 2.08
941 26.87
942 44.44
943 25.44
944 0.35
945 0.89
946 1.15
947 1.17
948 1.32
949 1.31
950 1.31
951 1.80
952 1.36
953 1.88
954 2.18
955 3.70
956 1.00
957 12.04
958 0.96
959 7.46
960 21.39
961 0.15
962 12.72
963 0.00
964 0.00
965 8.78
966 4.92
967 23.68
968 0.30
969 0.91
970 1.15
971 1.22
972 1.32
973 1.32
974 1.38
975 1.74
976 2.07
977 1.98
978 3.16
979 4.03
980 1.34
981 9.71
982 3.36
983 11.76
984 3.53
985 0.08
986 51.43
987 0.00
988 0.00
989 31.30
990 33.44
991 9.41
992 0.27
993 1.12
994 1.67
995 1.83
996 1.66
997 2.96
998 1.55
999 1.86
1000 1.09
1001 1.52
1002 1.59
1003 1.41
1004 2.07
1005 1.20
1006 3.14
1007 6.12
1008 9.29
1009 0.05
1010 0.00
1011 0.00
1012 0.00
1013 1.00
1014 0.00
1015 0.00
1016 0.15
1017 2.95
1018 1.64
1019 1.00
1020 0.88
1021 2.33
1022 1.03
1023 1.60
1024 2.09
1025 2.19
1026 3.14
1027 1.57
1028 1.63
1029 2.01
1030 13.53
1031 8.57
1032 51.43
1033 0.17
1034 8.20
1035 0.00
1036 20.69
1037 1.09
1038 0.00
1039 23.38
1040 0.36
1041 1.00
1042 0.80
1043 1.31
1044 1.81
1045 1.86
1046 1.64
1047 2.02
1048 2.14
1049 2.19
1050 2.00
1051 3.73
1052 2.03
1053 9.18
1054 7.62
1055 4.24
1056 19.15
1057 0.18
1058 0.00
1059 0.00
1060 0.00
1061 19.42
1062 12.29
1063 4.05
1064 0.34
1065 1.02
1066 1.18
1067 1.34
1068 1.43
1069 1.37
1070 1.45
1071 1.81
1072 1.60
1073 1.88
1074 2.25
1075 2.56
1076 1.67
1077 1.57
1078 10.23
1079 3.76
1080 23.08
1081 0.38
1082 18.14
1083 0.00
1084 0.00
1085 19.27
1086 0.00
1087 8.15
1088 0.37
1089 0.93
1090 1.08
1091 1.23
1092 1.28
1093 1.13
1094 1.30
1095 1.70
1096 1.60
1097 2.44
1098 2.06
1099 3.36
1100 1.25
1101 4.07
1102 17.02
1103 1.88
1104 0.00
1105 0.23
1106 19.51
1107 21.95
1108 1.75
1109 42.02
1110 0.00
1111 17.18
1112 0.35
1113 0.96
1114 1.21
1115 1.11
1116 1.16
1117 1.38
1118 1.29
1119 1.81
1120 1.95
1121 2.31
1122 2.91
1123 5.09
1124 1.11
1125 1.43
1126 2.91
1127 5.80
1128 14.75
1129 0.23
1130 20.99
1131 0.00
1132 0.00
1133 0.00
1134 20.81
1135 5.98
1136 0.35
1137 1.22
1138 0.92
1139 1.06
1140 1.52
1141 1.29
1142 1.39
1143 1.83
1144 1.84
1145 2.09
1146 2.31
1147 2.98
1148 1.31
1149 6.24
1150 6.26
1151 3.52
1152 16.22
1153 0.35
1154 12.57
1155 3.45
1156 1.65
1157 27.98
1158 0.00
1159 4.24
1160 0.28
1161 1.06
1162 1.45
1163 1.23
1164 1.66
1165 1.88
1166 1.12
1167 1.03
1168 0.73
1169 1.17
1170 1.15
1171 1.18
1172 0.87
1173 0.81
1174 2.22
1175 2.46
1176 0.00
1177 0.18
1178 0.34
1179 0.00
1180 8.61
1181 1.32
1182 0.00
1183 0.00
1184 0.16
1185 0.85
1186 1.43
1187 0.90
1188 0.98
1189 0.98
1190 0.78
1191 0.67
1192 0.56
1193 0.82
1194 2.55
1195 1.50
1196 2.00
1197 1.32
1198 0.92
1199 4.55
1200 1.13
1201 0.23
1202 26.28
1203 0.00
1204 30.77
1205 41.38
1206 0.00
1207 5.10
1208 0.33
1209 0.85
1210 1.10
1211 1.40
1212 1.30
1213 1.42
1214 1.62
1215 1.65
1216 1.96
1217 1.90
1218 2.00
1219 3.76
1220 1.11
1221 54.55
1222 3.18
1223 11.33
1224 3.31
1225 0.07
1226 0.00
1227 0.00
1228 0.00
1229 15.00
1230 2.99
1231 19.83
1232 0.31
1233 0.92
1234 1.07
1235 1.31
1236 1.43
1237 1.31
1238 1.38
1239 1.82
1240 1.47
1241 2.03
1242 2.18
1243 3.77
1244 3.08
1245 0.81
1246 29.27
1247 14.34
1248 13.57
1249 0.17
1250 23.68
1251 0.00
1252 46.15
1253 41.86
1254 1.14
1255 10.17
1256 0.31
1257 1.00
1258 0.99
1259 1.16
1260 1.25
1261 1.25
1262 1.21
1263 1.41
1264 1.16
1265 1.36
1266 1.79
1267 3.05
1268 1.26
1269 1.35
1270 17.14
1271 32.63
1272 0.00
1273 0.11
1274 0.00
1275 0.00
1276 1.06
1277 0.00
1278 0.00
1279 33.80
1280 0.27
1281 0.82
1282 0.96
1283 1.23
1284 1.37
1285 1.47
1286 1.49
1287 1.33
1288 1.51
1289 1.78
1290 2.08
1291 3.07
1292 1.36
1293 15.66
1294 0.94
1295 13.02
1296 7.23
1297 0.08
1298 0.00
1299 0.00
1300 52.17
1301 34.84
1302 0.00
1303 0.00
1304 0.32
1305 0.84
1306 1.07
1307 1.07
1308 1.33
1309 1.13
1310 1.23
1311 1.63
1312 1.87
1313 2.26
1314 2.37
1315 2.90
1316 1.75
1317 5.86
1318 4.23
1319 2.92
1320 3.23
1321 0.29
1322 0.00
1323 0.00
1324 25.71
1325 51.43
1326 0.00
1327 26.09
1328 0.22
1329 0.97
1330 1.07
1331 1.35
1332 1.14
1333 1.04
1334 0.83
1335 1.38
1336 1.10
1337 1.06
1338 1.34
1339 1.13
1340 1.96
1341 1.35
1342 17.92
1343 2.56
1344 32.00
1345 0.16
1346 0.00
1347 0.00
1348 0.00
1349 2.16
1350 0.37
1351 3.84
1352 0.12
1353 1.05
1354 1.05
1355 0.37
1356 0.58
1357 0.78
1358 0.87
1359 0.72
1360 0.76
1361 0.54
1362 1.33
1363 0.79
1364 2.14
1365 1.18
1366 1.21
1367 2.85
1368 23.53
1369 0.12
1370 18.37
1371 0.00
1372 0.00
1373 52.17
1374 44.44
1375 15.58
1376 0.25
1377 1.06
1378 0.92
1379 1.03
1380 1.29
1381 1.29
1382 1.20
1383 1.38
1384 1.67
1385 2.00
1386 1.93
1387 2.83
1388 3.65
1389 23.42
1390 5.89
1391 6.70
1392 1.27
1393 2.29
1394 2.91
1395 7.41
1396 23.68
1397 40.91
1398 54.55
1399 5.01
1400 0.30
1401 0.87
1402 0.90
1403 1.08
1404 1.40
1405 1.04
1406 1.32
1407 1.29
1408 1.26
1409 1.85
1410 1.84
1411 3.04
1412 2.08
1413 3.50
1414 21.92
1415 0.00
1416 26.87
1417 0.08
1418 12.59
1419 0.78
1420 0.00
1421 27.69
1422 0.00
1423 17.25
1424 0.29
1425 0.91
1426 1.02
1427 1.22
1428 1.28
1429 1.12
1430 1.21
1431 1.24
1432 1.50
1433 1.62
1434 2.15
1435 3.76
1436 0.86
1437 7.25
1438 19.42
1439 4.32
1440 51.43
1441 0.12
1442 45.00
1443 21.69
1444 0.00
1445 22.64
1446 0.00
1447 23.23
1448 0.31
1449 0.98
1450 1.24
1451 1.09
1452 1.22
1453 1.43
1454 1.48
1455 1.44
1456 1.65
1457 1.93
1458 2.06
1459 2.84
1460 1.43
1461 10.39
1462 14.45
1463 2.74
1464 3.12
1465 0.16
1466 20.69
1467 31.30
1468 8.40
1469 0.00
1470 0.00
1471 52.94
1472 0.23
1473 0.88
1474 0.84
1475 1.18
1476 1.76
1477 1.18
1478 0.84
1479 0.95
1480 0.62
1481 1.26
1482 1.31
1483 1.85
1484 1.41
1485 1.58
1486 1.32
1487 12.30
1488 4.89
1489 0.37
1490 0.00
1491 3.30
1492 0.00
1493 1.94
1494 50.70
1495 0.25
1496 0.10
1497 1.82
1498 1.61
1499 0.63
1500 0.62
1501 0.56
1502 0.59
1503 0.55
1504 0.85
1505 0.79
1506 0.80
1507 1.38
1508 1.75
1509 0.96
1510 1.18
1511 3.01
1512 0.00
1513 0.04
1514 0.00
1515 0.00
1516 0.00
1517 49.32
1518 5.72
1519 0.00
1520 0.33
1521 0.87
1522 0.94
1523 1.09
1524 1.54
1525 1.35
1526 1.33
1527 1.24
1528 1.68
1529 1.66
1530 1.89
1531 3.86
1532 1.94
1533 13.53
1534 21.75
1535 3.21
1536 58.06
1537 0.07
1538 0.00
1539 0.00
1540 21.30
1541 6.76
1542 0.00
1543 21.05
1544 0.27
1545 0.84
1546 1.01
1547 1.20
1548 1.15
1549 1.31
1550 1.21
1551 1.50
1552 1.32
1553 1.50
1554 1.93
1555 2.96
1556 2.15
1557 4.00
1558 6.34
1559 21.49
1560 18.37
1561 0.04
1562 0.00
1563 2.40
1564 4.62
1565 18.46
1566 36.73
1567 2.01
1568 0.31
1569 0.83
1570 0.95
1571 1.03
1572 1.22
1573 0.97
1574 0.99
1575 1.54
1576 1.14
1577 1.45
1578 2.14
1579 2.67
1580 1.02
1581 1.16
1582 9.00
1583 0.00
1584 0.00
1585 0.07
1586 5.14
1587 0.00
1588 3.30
1589 31.03
1590 26.28
1591 0.00
1592 0.31
1593 0.83
1594 0.88
1595 1.31
1596 1.17
1597 1.20
1598 1.03
1599 1.53
1600 1.47
1601 1.67
1602 2.18
1603 3.60
1604 0.82
1605 16.51
1606 1.18
1607 15.37
1608 23.84
1609 0.08
1610 15.52
1611 34.95
1612 2.11
1613 0.00
1614 0.00
1615 0.00
1616 0.32
1617 0.85
1618 0.89
1619 1.00
1620 1.11
1621 1.42
1622 1.34
1623 1.36
1624 1.78
1625 2.25
1626 3.33
1627 2.87
1628 1.28
1629 5.72
1630 12.24
1631 4.04
1632 3.33
1633 0.15
1634 6.98
1635 0.00
1636 17.14
1637 8.13
1638 0.00
1639 0.00
1640 0.26
1641 2.90
1642 1.66
1643 1.71
1644 1.69
1645 1.03
1646 0.69
1647 1.06
1648 0.59
1649 1.26
1650 1.07
1651 1.49
1652 0.90
1653 0.88
1654 0.93
1655 22.50
1656 0.00
1657 0.14
1658 16.74
1659 8.45
1660 0.00
1661 1.30
1662 3.21
1663 0.74
1664 0.14
1665 2.25
1666 2.68
1667 0.99
1668 0.55
1669 0.51
1670 0.56
1671 0.45
1672 0.54
1673 0.55
1674 0.89
1675 2.11
1676 0.55
1677 0.53
1678 1.21
1679 2.29
1680 0.00
1681 0.12
1682 0.00
1683 0.00
1684 9.40
1685 21.08
1686 42.86
1687 0.00
1688 0.17
1689 0.35
1690 0.51
1691 0.53
1692 0.61
1693 0.62
1694 0.59
1695 0.70
1696 0.78
1697 0.98
1698 1.31
1699 3.53
1700 1.09
1701 1.05
1702 1.49
1703 19.89
1704 0.00
1705 0.06
1706 11.80
1707 0.00
1708 0.00
1709 0.00
1710 40.00
1711 17.97
1712 0.27
1713 0.84
1714 1.01
1715 1.57
1716 1.29
1717 1.37
1718 1.12
1719 1.34
1720 1.33
1721 2.06
1722 2.08
1723 2.66
1724 1.28
1725 20.48
1726 1.70
1727 0.00
1728 27.48
1729 0.08
1730 0.00
1731 8.51
1732 0.00
1733 14.49
1734 10.18
1735 12.13
1736 0.33
1737 0.89
1738 0.99
1739 1.19
1740 1.20
1741 1.13
1742 1.29
1743 1.64
1744 2.16
1745 2.48
1746 2.73
1747 3.56
1748 1.85
1749 3.25
1750 9.42
1751 8.25
1752 5.33
1753 0.06
1754 6.22
1755 1.29
1756 13.28
1757 34.62
1758 0.00
1759 0.89
1760 0.30
1761 0.84
1762 1.16
1763 1.21
1764 1.06
1765 1.19
1766 1.14
1767 1.57
1768 1.44
1769 1.69
1770 1.97
1771 2.96
1772 1.41
1773 1.43
1774 0.00
1775 15.06
1776 0.00
1777 0.08
1778 16.51
1779 41.86
1780 7.04
1781 0.00
1782 0.00
1783 5.69
1784 0.32
1785 0.79
1786 1.29
1787 1.24
1788 1.31
1789 1.15
1790 1.54
1791 1.57
1792 1.70
1793 2.23
1794 2.43
1795 3.77
1796 1.63
1797 3.10
1798 1.94
1799 11.07
1800 40.45
1801 0.06
1802 4.95
1803 14.40
1804 0.00
1805 0.00
1806 20.07
1807 0.00
1808 0.29
1809 0.97
1810 1.27
1811 0.93
1812 1.19
1813 1.28
1814 0.89
1815 0.94
1816 0.81
1817 1.15
1818 1.25
1819 1.30
1820 1.23
1821 1.58
1822 1.49
1823 1.17
1824 19.93
1825 0.10
1826 33.49
1827 0.00
1828 0.00
1829 1.00
1830 19.25
1831 0.00
1832 0.17
1833 0.88
1834 0.42
1835 0.57
1836 0.49
1837 0.54
1838 0.58
1839 0.48
1840 0.60
1841 0.61
1842 1.40
1843 0.96
1844 1.87
1845 0.62
1846 3.85
1847 11.31
1848 5.77
1849 0.10
1850 9.47
1851 0.00
1852 0.00
1853 0.00
1854 16.94
1855 10.75
1856 0.27
1857 1.17
1858 0.87
1859 1.28
1860 1.27
1861 1.09
1862 1.24
1863 1.39
1864 1.48
1865 1.56
1866 2.09
1867 3.03
1868 1.67
1869 3.75
1870 4.60
1871 7.25
1872 23.84
1873 0.04
1874 3.68
1875 30.25
1876 0.00
1877 0.00
1878 0.00
1879 19.96
1880 0.29
1881 0.94
1882 0.97
1883 1.01
1884 1.06
1885 1.02
1886 1.16
1887 1.30
1888 1.44
1889 1.82
1890 2.44
1891 3.61
1892 1.83
1893 0.64
1894 0.70
1895 0.00
1896 22.36
1897 0.08
1898 0.00
1899 0.00
1900 14.97
1901 46.75
1902 0.00
1903 0.00
1904 0.27
1905 1.06
1906 0.84
1907 1.36
1908 1.32
1909 1.10
1910 1.12
1911 1.37
1912 1.42
1913 1.74
1914 2.68
1915 3.33
1916 1.41
1917 2.45
1918 34.29
1919 17.14
1920 0.00
1921 0.06
1922 0.00
1923 0.60
1924 3.61
1925 14.17
1926 0.00
1927 0.00
1928 0.29
1929 0.86
1930 0.91
1931 1.15
1932 1.14
1933 1.22
1934 1.01
1935 1.12
1936 1.20
1937 1.89
1938 1.92
1939 3.36
1940 1.52
1941 1.88
1942 1.81
1943 7.99
1944 0.00
1945 0.04
1946 9.81
1947 0.00
1948 5.10
1949 0.00
1950 0.00
1951 0.00
1952 0.35
1953 0.91
1954 0.86
1955 1.14
1956 1.24
1957 1.37
1958 1.05
1959 1.50
1960 1.53
1961 1.86
1962 2.06
1963 4.39
1964 1.17
1965 0.00
1966 0.48
1967 0.00
1968 12.54
1969 0.06
1970 0.00
1971 11.43
1972 0.00
1973 0.00
1974 0.00
1975 0.00
1976 0.24
1977 0.75
1978 0.97
1979 1.32
1980 1.16
1981 1.14
1982 0.96
1983 1.35
1984 0.79
1985 2.01
1986 1.27
1987 1.57
1988 0.89
1989 0.81
1990 3.93
1991 0.84
1992 0.00
1993 0.08
1994 0.00
1995 11.32
1996 0.00
1997 1.00
1998 0.00
1999 0.00
2000 0.13
2001 0.26
2002 0.42
2003 0.53
2004 0.47
2005 0.65
2006 0.53
2007 0.47
2008 0.66
2009 0.85
2010 0.97
2011 1.45
2012 2.43
2013 1.15
2014 1.18
2015 5.78
2016 29.03
2017 0.04
2018 0.00
2019 30.77
2020 0.48
2021 0.00
2022 0.44
2023 0.00
2024 0.32
2025 0.93
2026 0.99
2027 1.08
2028 1.60
2029 1.33
2030 1.41
2031 1.69
2032 1.32
2033 2.08
2034 2.27
2035 3.78
2036 2.09
2037 0.00
2038 14.17
2039 1.81
2040 58.06
2041 0.06
2042 0.00
2043 0.00
2044 29.03
2045 0.00
2046 0.00
2047 0.00
2048 0.32
2049 0.95
2050 0.97
2051 1.05
2052 1.22
2053 1.44
2054 1.32
2055 1.40
2056 1.65
2057 1.89
2058 2.24
2059 2.90
2060 1.48
2061 3.23
2062 0.00
2063 2.76
2064 20.45
2065 0.08
2066 0.00
2067 22.36
2068 13.14
2069 26.09
2070 0.00
2071 0.00
2072 0.33
2073 0.91
2074 0.96
2075 1.53
2076 1.59
2077 1.35
2078 1.59
2079 1.55
2080 1.69
2081 2.18
2082 2.33
2083 2.98
2084 0.62
2085 2.45
2086 42.27
2087 50.35
2088 20.28
2089 0.06
2090 0.00
2091 32.43
2092 0.87
2093 0.00
2094 0.00
2095 0.00
2096 0.35
2097 0.92
2098 0.78
2099 1.22
2100 1.31
2101 1.10
2102 1.27
2103 1.63
2104 1.73
2105 1.69
2106 2.03
2107 3.18
2108 1.15
2109 0.25
2110 23.38
2111 0.00
2112 10.19
2113 0.11
2114 0.00
2115 0.00
2116 0.00
2117 18.32
2118 45.00
2119 4.07
2120 0.35
2121 1.05
2122 1.15
2123 1.14
2124 1.40
2125 1.49
2126 1.63
2127 1.67
2128 2.14
2129 1.85
2130 2.22
2131 3.53
2132 0.71
2133 0.00
2134 40.91
2135 13.31
2136 33.33
2137 0.15
2138 0.00
2139 0.00
2140 0.00
2141 0.00
2142 18.65
2143 0.00
2144 0.24
2145 1.41
2146 0.83
2147 1.55
2148 1.11
2149 1.18
2150 1.19
2151 0.96
2152 0.71
2153 0.94
2154 1.19
2155 1.05
2156 1.29
2157 0.58
2158 0.77
2159 3.31
2160 7.46
2161 0.12
2162 0.00
2163 13.85
2164 11.21
2165 1.00
2166 52.94
2167 0.00
2168 0.26
2169 0.51
2170 0.53
2171 0.69
2172 0.59
2173 0.55
2174 0.47
2175 0.67
2176 0.64
2177 0.70
2178 1.17
2179 0.85
2180 2.84
2181 1.19
2182 19.25
2183 1.05
2184 11.36
2185 0.04
2186 16.07
2187 16.13
2188 0.00
2189 19.57
2190 0.00
2191 45.00
2192 0.37
2193 0.86
2194 1.08
2195 1.15
2196 1.33
2197 1.62
2198 1.28
2199 1.58
2200 1.47
2201 1.88
2202 2.17
2203 4.13
2204 2.31
2205 54.55
2206 0.34
2207 0.00
2208 13.02
2209 0.07
2210 0.00
2211 16.07
2212 0.41
2213 0.00
2214 0.00
2215 2.00
2216 0.30
2217 0.87
2218 0.99
2219 1.18
2220 1.28
2221 1.27
2222 1.49
2223 1.65
2224 1.73
2225 1.72
2226 2.06
2227 4.41
2228 2.30
2229 2.15
2230 9.08
2231 0.00
2232 24.49
2233 0.04
2234 17.43
2235 0.00
2236 8.72
2237 26.28
2238 0.00
2239 8.02
2240 0.35
2241 0.98
2242 0.95
2243 1.20
2244 1.30
2245 1.24
2246 1.02
2247 1.63
2248 1.51
2249 2.36
2250 2.47
2251 4.33
2252 1.17
2253 7.17
2254 1.72
2255 0.00
2256 25.09
2257 0.11
2258 27.07
2259 0.00
2260 1.79
2261 24.83
2262 0.00
2263 45.57
2264 0.35
2265 1.03
2266 1.15
2267 1.65
2268 1.18
2269 1.63
2270 1.44
2271 1.53
2272 2.41
2273 2.13
2274 2.41
2275 4.17
2276 0.60
2277 0.00
2278 0.42
2279 10.62
2280 19.83
2281 0.12
2282 14.63
2283 0.00
2284 18.65
2285 0.00
2286 59.02
2287 0.00
2288 0.19
2289 1.14
2290 0.75
2291 1.31
2292 1.02
2293 0.92
2294 1.14
2295 1.06
2296 1.48
2297 2.07
2298 2.31
2299 4.08
2300 2.54
2301 4.86
2302 0.00
2303 1.92
2304 0.00
2305 0.04
2306 15.72
2307 0.00
2308 0.00
2309 0.00
2310 13.19
2311 0.00
2312 0.23
2313 2.07
2314 1.27
2315 0.68
2316 1.42
2317 2.37
2318 0.78
2319 0.74
2320 0.64
2321 0.68
2322 1.49
2323 1.56
2324 1.44
2325 0.00
2326 0.58
2327 0.00
2328 14.17
2329 0.04
2330 0.31
2331 15.79
2332 0.00
2333 1.00
2334 0.00
2335 0.00
2336 0.11
2337 0.30
2338 0.31
2339 0.38
2340 0.67
2341 0.55
2342 0.53
2343 0.69
2344 0.55
2345 1.37
2346 0.78
2347 5.58
2348 0.76
2349 1.03
2350 0.00
2351 0.00
2352 15.32
2353 0.04
2354 11.08
2355 0.00
2356 11.32
2357 0.00
2358 0.00
2359 0.98
2360 0.18
2361 0.53
2362 0.78
2363 0.58
2364 0.54
2365 0.85
2366 0.68
2367 0.49
2368 0.89
2369 1.07
2370 2.01
2371 3.47
2372 2.05
2373 0.55
2374 0.71
2375 1.50
2376 13.14
2377 0.12
2378 0.00
2379 0.00
2380 0.00
2381 45.57
2382 0.00
2383 0.00
2384 0.28
2385 0.98
2386 1.44
2387 1.54
2388 1.57
2389 1.62
2390 1.70
2391 1.62
2392 1.89
2393 1.85
2394 1.94
2395 3.44
2396 0.77
2397 7.23
2398 0.84
2399 0.52
2400 30.00
2401 0.35
2402 0.00
2403 0.00
2404 0.00
2405 42.73
2406 0.00
2407 0.00
2408 0.24
2409 0.76
2410 1.28
2411 1.21
2412 1.42
2413 1.35
2414 1.36
2415 1.36
2416 1.43
2417 2.34
2418 2.12
2419 3.44
2420 2.96
2421 30.51
2422 16.90
2423 0.00
2424 0.00
2425 0.08
2426 0.00
2427 0.94
2428 19.05
2429 46.15
2430 29.51
2431 0.00
2432 0.30
2433 0.90
2434 1.12
2435 1.39
2436 1.33
2437 1.38
2438 1.30
2439 1.45
2440 2.01
2441 1.74
2442 2.21
2443 3.01
2444 0.94
2445 4.00
2446 0.00
2447 0.00
2448 19.67
2449 0.08
2450 0.00
2451 0.00
2452 33.80
2453 0.00
2454 0.00
2455 0.00
2456 0.34
2457 1.03
2458 1.20
2459 1.28
2460 1.51
2461 1.93
2462 1.38
2463 1.64
2464 1.68
2465 1.95
2466 1.81
2467 2.82
2468 0.90
2469 1.38
2470 26.47
2471 21.56
2472 0.00
2473 0.12
2474 0.00
2475 29.75
2476 0.00
2477 0.00
2478 0.00
2479 0.00
2480 0.22
2481 0.97
2482 0.96
2483 1.29
2484 1.74
2485 1.40
2486 0.73
2487 1.06
2488 0.82
2489 1.37
2490 0.94
2491 2.21
2492 1.20
2493 1.44
2494 0.84
2495 22.50
2496 0.00
2497 0.04
2498 0.00
2499 0.00
2500 0.00
2501 1.00
2502 0.00
2503 0.00
2504 0.11
2505 0.15
2506 0.55
2507 0.41
2508 0.74
2509 0.72
2510 0.50
2511 0.55
2512 0.71
2513 0.79
2514 0.95
2515 2.36
2516 0.62
2517 0.00
2518 0.00
2519 28.02
2520 2.53
2521 0.08
2522 0.00
2523 0.00
2524 0.00
2525 45.38
2526 0.00
2527 0.00
2528 0.30
2529 0.72
2530 0.83
2531 1.33
2532 1.23
2533 1.19
2534 1.23
2535 1.84
2536 1.49
2537 1.80
2538 1.82
2539 3.58
2540 1.98
2541 6.49
2542 0.00
2543 0.75
2544 0.00
2545 0.12
2546 0.00
2547 24.00
2548 9.63
2549 0.00
2550 0.00
2551 14.17
2552 0.34
2553 0.73
2554 0.96
2555 1.15
2556 1.49
2557 1.31
2558 1.24
2559 1.31
2560 1.29
2561 1.71
2562 1.80
2563 3.07
2564 1.66
2565 3.38
2566 0.00
2567 15.06
2568 0.00
2569 0.53
2570 0.13
2571 0.00
2572 9.08
2573 0.00
2574 0.00
2575 43.90
2576 0.34
2577 0.72
2578 0.84
2579 1.04
2580 1.00
2581 0.96
2582 1.29
2583 1.29
2584 1.65
2585 1.72
2586 2.03
2587 3.22
2588 1.52
2589 6.24
2590 5.77
2591 8.64
2592 27.69
2593 0.00
2594 24.66
2595 0.84
2596 10.88
2597 0.00
2598 31.86
2599 0.26
2600 0.33
2601 1.03
2602 1.09
2603 1.02
2604 1.29
2605 1.16
2606 1.01
2607 1.53
2608 1.49
2609 1.90
2610 1.94
2611 2.86
2612 1.09
2613 4.99
2614 0.00
2615 0.00
2616 0.00
2617 0.59
2618 45.00
2619 17.31
2620 9.94
2621 31.58
2622 0.00
2623 0.00
2624 0.32
2625 0.83
2626 0.87
2627 1.09
2628 1.09
2629 1.14
2630 1.39
2631 1.60
2632 1.30
2633 1.73
2634 1.97
2635 2.92
2636 1.69
2637 11.86
2638 0.00
2639 0.00
2640 26.09
2641 0.35
2642 26.47
2643 0.00
2644 0.00
2645 0.00
2646 0.00
2647 50.70
2648 0.23
2649 0.57
2650 1.44
2651 0.97
2652 1.52
2653 1.28
2654 0.73
2655 0.57
2656 0.79
2657 1.07
2658 1.13
2659 1.77
2660 0.81
2661 1.49
2662 1.30
2663 5.02
2664 0.00
2665 0.00
2666 30.25
2667 14.63
2668 0.00
2669 28.57
2670 0.00
2671 0.00
2672 0.12
2673 4.03
2674 0.95
2675 0.73
2676 0.55
2677 0.55
2678 0.54
2679 0.64
2680 0.45
2681 0.81
2682 1.34
2683 4.79
2684 1.92
2685 0.41
2686 11.58
2687 0.00
2688 0.00
2689 18.56
2690 0.00
2691 0.00
2692 0.00
2693 21.66
2694 46.75
2695 0.00
2696 0.32
2697 0.68
2698 0.95
2699 1.07
2700 1.21
2701 1.18
2702 1.20
2703 1.37
2704 1.38
2705 1.56
2706 1.87
2707 3.74
2708 1.52
2709 0.71
2710 3.23
2711 52.17
2712 0.00
2713 13.85
2714 0.00
2715 0.00
2716 21.39
2717 25.35
2718 0.00
2719 16.07
2720 0.29
2721 0.61
2722 0.93
2723 0.99
2724 1.05
2725 0.93
2726 0.97
2727 1.25
2728 1.29
2729 1.72
2730 1.98
2731 3.46
2732 1.38
2733 3.41
2734 5.82
2735 19.05
2736 8.94
2737 52.94
2738 0.00
2739 0.00
2740 0.00
2741 0.00
2742 0.53
2743 4.18
2744 0.22
2745 0.44
2746 0.56
2747 0.58
2748 0.66
2749 0.68
2750 0.53
2751 0.54
2752 1.00
2753 1.11
2754 1.54
2755 2.24
2756 0.96
2757 0.00
2758 0.00
2759 0.78
2760 18.18
2761 15.65
2762 0.00
2763 0.00
2764 0.87
2765 20.60
2766 0.00
2767 0.00
2768 0.37
2769 0.81
2770 0.99
2771 0.85
2772 1.16
2773 1.16
2774 0.91
2775 1.22
2776 1.54
2777 1.70
2778 2.22
2779 2.59
2780 1.13
2781 4.92
2782 12.37
2783 0.00
2784 14.94
2785 0.00
2786 0.00
2787 0.00
2788 0.38
2789 0.00
2790 0.00
2791 0.00
2792 0.30
2793 0.83
2794 0.95
2795 1.27
2796 1.40
2797 1.27
2798 1.05
2799 1.95
2800 1.59
2801 1.68
2802 2.27
2803 3.66
2804 0.80
2805 9.49
2806 2.60
2807 6.29
2808 56.25
2809 0.04
2810 0.29
2811 24.49
2812 1.06
2813 6.86
2814 49.32
2815 0.00
2816 0.30
2817 0.64
2818 0.83
2819 1.33
2820 1.19
2821 1.08
2822 0.50
2823 0.90
2824 0.84
2825 1.20
2826 1.37
2827 1.33
2828 1.12
2829 0.00
2830 1.56
2831 6.11
2832 6.19
2833 49.32
2834 0.00
2835 0.00
2836 7.75
2837 1.00
2838 45.57
2839 52.17
2840 0.11
2841 0.68
2842 1.01
2843 0.95
2844 0.69
2845 0.69
2846 0.80
2847 0.63
2848 0.56
2849 0.73
2850 1.15
2851 1.45
2852 1.32
2853 0.48
2854 1.03
2855 0.00
2856 0.00
2857 0.00
2858 8.13
2859 14.94
2860 0.00
2861 8.89
2862 17.18
2863 30.51
2864 0.28
2865 0.91
2866 0.99
2867 1.08
2868 1.44
2869 1.15
2870 1.48
2871 1.45
2872 1.63
2873 1.84
2874 1.93
2875 2.80
2876 1.94
2877 7.05
2878 13.95
2879 54.55
2880 4.95
2881 0.58
2882 0.26
2883 0.00
2884 0.00
2885 0.00
2886 34.95
2887 38.30
2888 0.32
2889 0.76
2890 0.95
2891 1.12
2892 1.43
2893 1.25
2894 1.19
2895 1.35
2896 1.23
2897 1.65
2898 1.91
2899 3.02
2900 2.55
2901 0.98
2902 0.00
2903 0.00
2904 31.58
2905 0.15
2906 21.82
2907 0.00
2908 5.90
2909 0.00
2910 5.08
2911 0.00
2912 0.33
2913 0.85
2914 0.70
2915 0.89
2916 1.03
2917 0.96
2918 1.12
2919 1.19
2920 1.73
2921 1.63
2922 1.97
2923 2.83
2924 1.18
2925 6.73
2926 8.09
2927 0.00
2928 33.96
2929 0.25
2930 0.00
2931 0.00
2932 0.00
2933 0.00
2934 40.91
2935 0.00
2936 0.34
2937 1.04
2938 0.89
2939 0.98
2940 0.96
2941 1.01
2942 0.97
2943 1.15
2944 1.37
2945 1.47
2946 2.11
2947 3.75
2948 1.82
2949 3.25
2950 15.45
2951 0.00
2952 33.03
2953 0.51
2954 0.00
2955 0.00
2956 0.00
2957 17.48
2958 25.00
2959 0.25
2960 0.28
2961 0.61
2962 0.84
2963 1.15
2964 1.08
2965 1.41
2966 1.23
2967 1.60
2968 1.60
2969 1.96
2970 2.19
2971 3.09
2972 1.60
2973 2.03
2974 13.24
2975 55.38
2976 4.39
2977 0.33
2978 0.00
2979 1.91
2980 0.00
2981 0.00
2982 0.00
2983 0.40
2984 0.33
2985 1.36
2986 1.19
2987 0.96
2988 1.28
2989 2.17
2990 1.30
2991 1.07
2992 0.77
2993 1.05
2994 1.40
2995 1.28
2996 0.76
2997 3.97
2998 0.54
2999 5.51
3000 11.36
3001 0.86
3002 18.95
3003 0.00
3004 0.00
3005 1.00
3006 0.00
3007 0.00
3008 0.14
3009 0.45
3010 1.76
3011 0.63
3012 1.04
3013 0.91
3014 0.65
3015 0.73
3016 0.80
3017 1.13
3018 1.42
3019 1.43
3020 0.86
3021 0.57
3022 1.41
3023 37.89
3024 0.00
3025 0.23
3026 16.36
3027 0.00
3028 0.00
3029 0.89
3030 0.00
3031 0.17
3032 0.31
3033 0.92
3034 0.88
3035 0.92
3036 1.40
3037 1.38
3038 1.27
3039 1.53
3040 1.58
3041 1.96
3042 1.95
3043 2.86
3044 1.41
3045 4.67
3046 0.95
3047 0.00
3048 20.34
3049 0.22
3050 0.00
3051 0.00
3052 0.00
3053 0.00
3054 0.00
3055 0.28
3056 0.31
3057 0.91
3058 0.93
3059 1.04
3060 1.37
3061 1.16
3062 1.19
3063 1.29
3064 1.40
3065 1.83
3066 1.73
3067 2.96
3068 2.81
3069 1.01
3070 13.38
3071 6.90
3072 0.00
3073 0.15
3074 0.00
3075 0.00
3076 0.00
3077 0.00
3078 0.00
3079 3.84
3080 0.32
3081 0.78
3082 1.05
3083 1.07
3084 1.16
3085 1.07
3086 1.19
3087 1.46
3088 1.24
3089 1.66
3090 1.96
3091 3.20
3092 1.93
3093 0.00
3094 2.29
3095 56.25
3096 0.00
3097 0.00
3098 30.25
3099 0.83
3100 3.46
3101 45.00
3102 38.92
3103 0.00
3104 0.31
3105 0.89
3106 0.89
3107 1.22
3108 1.10
3109 1.01
3110 1.08
3111 1.20
3112 1.38
3113 1.72
3114 2.52
3115 3.82
3116 1.31
3117 7.90
3118 6.08
3119 7.58
3120 9.57
3121 0.19
3122 13.04
3123 0.00
3124 1.12
3125 23.84
3126 0.00
3127 0.00
3128 0.33
3129 0.91
3130 0.70
3131 1.06
3132 0.99
3133 1.00
3134 1.13
3135 1.24
3136 1.54
3137 1.73
3138 2.16
3139 2.94
3140 2.20
3141 8.11
3142 1.03
3143 0.00
3144 22.50
3145 0.00
3146 47.37
3147 6.24
3148 0.00
3149 0.00
3150 0.00
3151 0.00
3152 0.33
3153 0.66
3154 0.85
3155 1.12
3156 1.12
3157 1.36
3158 0.65
3159 0.82
3160 0.70
3161 0.71
3162 0.90
3163 1.30
3164 0.80
3165 0.84
3166 1.04
3167 3.56
3168 28.35
3169 0.45
3170 0.00
3171 21.36
3172 0.29
3173 1.00
3174 0.00
3175 5.99
3176 0.36
3177 0.52
3178 0.62
3179 0.58
3180 0.60
3181 0.69
3182 0.82
3183 0.90
3184 0.72
3185 2.02
3186 1.28
3187 8.59
3188 0.88
3189 1.32
3190 1.00
3191 2.21
3192 0.00
3193 20.00
3194 0.00
3195 1.62
3196 0.00
3197 51.43
3198 0.00
3199 0.10
3200 0.33
3201 0.76
3202 0.95
3203 1.18
3204 1.16
3205 1.31
3206 1.05
3207 1.46
3208 1.78
3209 1.78
3210 2.11
3211 2.65
3212 1.32
3213 15.52
3214 0.00
3215 25.62
3216 2.93
3217 16.36
3218 19.05
3219 0.00
3220 0.00
3221 18.37
3222 0.00
3223 1.64
3224 0.37
3225 0.81
3226 0.85
3227 0.98
3228 1.18
3229 1.17
3230 1.03
3231 1.36
3232 1.37
3233 1.78
3234 1.82
3235 2.43
3236 0.80
3237 0.00
3238 0.00
3239 56.25
3240 0.00
3241 0.29
3242 0.00
3243 0.00
3244 3.88
3245 0.92
3246 0.00
3247 1.84
3248 0.33
3249 0.88
3250 0.97
3251 0.94
3252 1.03
3253 1.10
3254 1.02
3255 1.48
3256 1.36
3257 1.63
3258 1.88
3259 2.64
3260 1.81
3261 39.34
3262 0.00
3263 3.97
3264 2.23
3265 0.00
3266 43.37
3267 8.93
3268 6.72
3269 23.08
3270 0.00
3271 3.25
3272 0.35
3273 1.00
3274 0.84
3275 1.23
3276 1.15
3277 1.28
3278 1.15
3279 1.29
3280 1.48
3281 1.65
3282 2.10
3283 2.54
3284 1.59
3285 2.07
3286 1.19
3287 4.60
3288 42.35
3289 0.00
3290 23.23
3291 0.00
3292 0.00
3293 0.00
3294 0.00
3295 0.00
3296 0.37
3297 1.15
3298 0.92
3299 1.12
3300 1.40
3301 1.48
3302 1.11
3303 1.62
3304 1.75
3305 2.02
3306 2.53
3307 2.60
3308 1.98
3309 1.15
3310 0.71
3311 2.56
3312 1.10
3313 0.30
3314 15.70
3315 2.26
3316 45.57
3317 13.14
3318 0.00
3319 0.00
3320 0.32
3321 1.10
3322 1.03
3323 1.26
3324 1.33
3325 1.39
3326 1.08
3327 1.52
3328 0.88
3329 1.57
3330 1.39
3331 1.14
3332 2.12
3333 2.00
3334 1.72
3335 2.21
3336 0.00
3337 14.40
3338 14.94
3339 0.00
3340 0.00
3341 1.91
3342 0.00
3343 0.00
3344 0.17
3345 48.24
3346 1.84
3347 0.71
3348 0.64
3349 0.57
3350 0.60
3351 0.72
3352 0.97
3353 1.22
3354 1.85
3355 1.63
3356 0.92
3357 0.00
3358 1.55
3359 0.87
3360 0.00
3361 0.19
3362 38.30
3363 0.00
3364 25.53
3365 59.02
3366 10.30
3367 0.58
3368 0.37
3369 0.81
3370 1.02
3371 0.97
3372 1.29
3373 1.42
3374 1.06
3375 1.52
3376 1.51
3377 1.43
3378 1.90
3379 3.57
3380 2.35
3381 14.63
3382 1.60
3383 56.69
3384 0.00
3385 0.00
3386 0.00
3387 0.00
3388 0.00
3389 10.08
3390 31.58
3391 46.15
3392 0.36
3393 0.79
3394 0.83
3395 0.99
3396 1.05
3397 1.33
3398 1.16
3399 1.45
3400 1.55
3401 1.65
3402 1.84
3403 2.50
3404 1.79
3405 1.25
3406 0.61
3407 2.99
3408 29.03
3409 45.57
3410 0.00
3411 9.05
3412 2.99
3413 58.06
3414 0.00
3415 0.00
3416 0.36
3417 0.89
3418 0.85
3419 1.15
3420 1.12
3421 1.16
3422 1.17
3423 1.27
3424 1.89
3425 1.48
3426 1.94
3427 3.56
3428 2.80
3429 6.23
3430 3.86
3431 2.05
3432 0.00
3433 6.06
3434 35.29
3435 0.00
3436 43.90
3437 0.00
3438 22.09
3439 0.00
3440 0.33
3441 1.01
3442 0.98
3443 1.02
3444 1.01
3445 1.26
3446 1.04
3447 1.26
3448 1.43
3449 1.67
3450 2.23
3451 3.36
3452 1.37
3453 2.18
3454 0.75
3455 10.43
3456 0.00
3457 0.41
3458 26.28
3459 0.00
3460 26.67
3461 0.00
3462 0.00
3463 0.00
3464 0.35
3465 0.82
3466 0.91
3467 0.99
3468 1.11
3469 1.33
3470 1.15
3471 1.47
3472 1.80
3473 2.07
3474 2.27
3475 2.79
3476 1.98
3477 1.23
3478 0.89
3479 2.18
3480 0.00
3481 0.59
3482 0.00
3483 0.00
3484 20.99
3485 0.00
3486 0.00
3487 0.00
3488 0.33
3489 1.27
3490 1.08
3491 1.13
3492 1.42
3493 1.36
3494 0.81
3495 1.44
3496 0.73
3497 1.20
3498 1.22
3499 1.57
3500 1.01
3501 0.96
3502 1.07
3503 1.40
3504 1.46
3505 0.60
3506 0.00
3507 18.56
3508 0.00
3509 1.00
3510 0.00
3511 2.33
3512 0.14
3513 0.90
3514 0.55
3515 0.58
3516 0.65
3517 0.55
3518 0.53
3519 0.55
3520 0.67
3521 1.44
3522 1.70
3523 1.17
3524 0.55
3525 1.93
3526 0.00
3527 5.13
3528 0.00
3529 0.00
3530 0.00
3531 0.00
3532 0.00
3533 0.00
3534 0.00
3535 0.00
3536 0.35
3537 0.85
3538 1.11
3539 1.26
3540 1.40
3541 1.47
3542 1.32
3543 1.52
3544 1.43
3545 1.98
3546 1.86
3547 3.15
3548 2.91
3549 1.50
3550 0.89
3551 4.98
3552 0.00
3553 0.44
3554 0.00
3555 0.00
3556 0.42
3557 36.73
3558 0.00
3559 51.43
3560 0.36
3561 0.76
3562 0.87
3563 1.15
3564 1.13
3565 1.06
3566 1.17
3567 1.58
3568 1.37
3569 1.69
3570 2.17
3571 2.50
3572 1.34
3573 1.48
3574 1.42
3575 11.74
3576 25.62
3577 0.86
3578 0.00
3579 0.00
3580 2.18
3581 28.80
3582 0.00
3583 0.00
3584 0.42
3585 0.77
3586 0.91
3587 1.04
3588 1.19
3589 1.07
3590 1.15
3591 1.29
3592 1.22
3593 1.63
3594 2.21
3595 2.57
3596 1.19
3597 1.24
3598 8.10
3599 4.74
3600 51.43
3601 0.38
3602 0.00
3603 0.00
3604 0.00
3605 37.11
3606 3.10
3607 0.40
3608 0.35
3609 0.85
3610 0.84
3611 1.20
3612 1.05
3613 1.14
3614 1.06
3615 1.27
3616 1.28
3617 1.74
3618 2.74
3619 3.14
3620 2.17
3621 4.88
3622 2.36
3623 4.14
3624 0.00
3625 2.18
3626 0.00
3627 0.00
3628 0.00
3629 0.00
3630 0.00
3631 0.00
3632 0.43
3633 0.68
3634 0.96
3635 0.98
3636 1.10
3637 1.06
3638 1.17
3639 1.17
3640 1.68
3641 1.43
3642 1.87
3643 3.33
3644 1.32
3645 1.38
3646 1.29
3647 2.20
3648 8.47
3649 0.46
3650 0.00
3651 0.00
3652 0.00
3653 0.00
3654 0.00
3655 3.39
3656 0.34
3657 1.42
3658 1.11
3659 1.08
3660 1.56
3661 1.29
3662 0.84
3663 1.69
3664 1.29
3665 1.61
3666 1.32
3667 1.51
3668 1.47
3669 4.95
3670 1.16
3671 3.54
3672 7.66
3673 10.54
3674 17.91
3675 0.00
3676 0.00
3677 1.00
3678 20.93
3679 0.50
3680 0.13
3681 1.63
3682 1.14
3683 0.57
3684 0.68
3685 0.58
3686 0.56
3687 0.66
3688 0.62
3689 1.64
3690 1.04
3691 2.08
3692 0.78
3693 0.67
3694 0.90
3695 7.48
3696 21.09
3697 0.89
3698 7.52
3699 0.00
3700 3.94
3701 2.93
3702 0.00
3703 0.14
3704 0.34
3705 0.94
3706 0.81
3707 1.21
3708 1.15
3709 1.22
3710 1.38
3711 1.41
3712 1.81
3713 1.93
3714 2.32
3715 2.82
3716 2.28
3717 2.61
3718 1.97
3719 4.54
3720 0.00
3721 2.89
3722 0.00
3723 0.20
3724 0.95
3725 0.00
3726 0.00
3727 42.35
3728 0.37
3729 0.87
3730 0.85
3731 1.24
3732 1.22
3733 1.18
3734 1.09
3735 1.20
3736 1.55
3737 1.61
3738 1.92
3739 3.77
3740 2.08
3741 1.56
3742 2.51
3743 2.30
3744 0.00
3745 1.62
3746 0.58
3747 0.00
3748 0.44
3749 0.00
3750 23.68
3751 50.70
3752 0.35
3753 0.74
3754 0.80
3755 1.24
3756 1.20
3757 0.98
3758 1.13
3759 1.24
3760 1.47
3761 1.62
3762 2.19
3763 3.14
3764 1.17
3765 4.21
3766 1.16
3767 5.39
3768 0.00
3769 54.55
3770 0.00
3771 1.77
3772 0.00
3773 0.71
3774 0.14
3775 5.05
3776 0.31
3777 0.87
3778 0.85
3779 1.24
3780 1.12
3781 1.13
3782 1.12
3783 1.27
3784 1.35
3785 1.58
3786 2.06
3787 2.57
3788 1.89
3789 1.47
3790 2.35
3791 4.61
3792 24.66
3793 1.77
3794 42.35
3795 0.00
3796 4.27
3797 39.56
3798 5.55
3799 0.20
3800 0.33
3801 0.92
3802 0.93
3803 1.23
3804 1.77
3805 1.64
3806 1.60
3807 1.79
3808 1.70
3809 2.35
3810 2.36
3811 3.33
3812 1.54
3813 1.74
3814 1.34
3815 9.02
3816 13.38
3817 23.84
3818 50.70
3819 21.30
3820 0.30
3821 0.00
3822 0.00
3823 5.66
3824 0.30
3825 2.59
3826 2.26
3827 1.60
3828 1.78
3829 1.17
3830 0.68
3831 0.84
3832 0.81
3833 1.09
3834 1.84
3835 1.54
3836 1.68
3837 2.27
3838 17.50
3839 3.02
3840 9.23
3841 0.40
3842 50.70
3843 23.61
3844 7.13
3845 7.16
3846 0.00
3847 0.31
3848 0.15
3849 5.83
3850 1.35
3851 0.56
3852 0.66
3853 0.69
3854 0.65
3855 0.74
3856 0.55
3857 0.75
3858 0.90
3859 0.89
3860 0.86
3861 0.62
3862 0.83
3863 5.85
3864 0.00
3865 0.34
3866 0.26
3867 0.00
3868 49.32
3869 0.00
3870 6.66
3871 35.64
3872 0.19
3873 0.55
3874 0.48
3875 0.59
3876 0.61
3877 0.67
3878 0.62
3879 0.61
3880 1.12
3881 1.26
3882 1.36
3883 3.16
3884 1.79
3885 0.94
3886 52.94
3887 2.94
3888 0.00
3889 4.57
3890 10.71
3891 0.00
3892 9.60
3893 25.17
3894 29.51
3895 11.73
3896 0.36
3897 0.85
3898 1.25
3899 1.61
3900 1.50
3901 1.39
3902 1.46
3903 1.77
3904 1.89
3905 1.74
3906 1.98
3907 3.37
3908 1.47
3909 2.02
3910 6.67
3911 4.63
3912 0.00
3913 3.75
3914 29.75
3915 3.97
3916 18.18
3917 0.00
3918 0.00
3919 18.37
3920 0.36
3921 1.03
3922 1.02
3923 1.15
3924 1.18
3925 1.05
3926 1.42
3927 1.34
3928 1.58
3929 1.93
3930 2.03
3931 3.72
3932 1.46
3933 1.97
3934 1.31
3935 2.30
3936 0.00
3937 1.05
3938 59.02
3939 0.00
3940 22.09
3941 8.90
3942 0.00
3943 25.00
3944 0.32
3945 1.00
3946 0.94
3947 1.25
3948 1.07
3949 1.19
3950 1.09
3951 1.22
3952 1.52
3953 1.96
3954 1.91
3955 3.37
3956 1.88
3957 1.44
3958 0.70
3959 12.78
3960 0.00
3961 0.71
3962 0.99
3963 5.77
3964 27.27
3965 0.00
3966 16.29
3967 3.12
3968 0.35
3969 0.71
3970 0.96
3971 1.19
3972 1.33
3973 1.14
3974 1.22
3975 1.40
3976 1.99
3977 2.01
3978 2.12
3979 4.10
3980 2.63
3981 1.14
3982 0.45
3983 1.88
3984 14.40
3985 0.32
3986 19.89
3987 0.00
3988 0.00
3989 37.89
3990 0.00
3991 0.21
3992 0.32
3993 0.95
3994 1.23
3995 1.14
3996 1.35
3997 2.32
3998 1.09
3999 1.06
4000 0.89
4001 1.43
4002 1.57
4003 1.51
4004 0.95
4005 0.86
4006 1.15
4007 2.04
4008 1.84
4009 1.74
4010 0.15
4011 7.48
4012 0.00
4013 21.18
4014 0.00
4015 0.00
4016 0.11
4017 0.23
4018 0.53
4019 0.55
4020 0.54
4021 0.47
4022 0.55
4023 0.59
4024 0.73
4025 1.27
4026 0.74
4027 0.59
4028 0.47
4029 0.37
4030 0.00
4031 0.00
4032 0.00
4033 0.70
4034 0.00
4035 0.00
4036 0.00
4037 0.00
4038 30.00
4039 2.85
4040 0.40
4041 1.42
4042 1.02
4043 1.02
4044 1.38
4045 1.22
4046 1.45
4047 1.35
4048 1.69
4049 2.19
4050 1.98
4051 4.13
4052 3.85
4053 1.86
4054 0.00
4055 3.62
4056 0.00
4057 0.13
4058 0.00
4059 0.00
4060 27.69
4061 0.00
4062 0.00
4063 0.00
4064 0.32
4065 0.88
4066 1.12
4067 1.20
4068 1.22
4069 1.33
4070 1.24
4071 1.71
4072 1.61
4073 1.97
4074 1.77
4075 3.65
4076 2.16
4077 1.53
4078 1.08
4079 1.44
4080 0.00
4081 0.18
4082 0.00
4083 0.00
4084 22.93
4085 28.35
4086 0.00
4087 34.62
4088 0.34
4089 0.91
4090 1.09
4091 1.02
4092 1.33
4093 1.47
4094 1.59
4095 1.47
4096 1.74
4097 2.15
4098 2.51
4099 3.62
4100 2.06
4101 1.85
4102 9.85
4103 2.76
4104 0.00
4105 4.22
4106 0.00
4107 0.00
4108 0.00
4109 22.09
4110 0.00
4111 30.25
4112 0.32
4113 1.21
4114 0.82
4115 1.10
4116 1.31
4117 1.05
4118 1.07
4119 1.17
4120 1.62
4121 2.23
4122 2.71
4123 3.18
4124 2.36
4125 4.98
4126 0.50
4127 12.54
4128 0.00
4129 0.62
4130 43.90
4131 0.00
4132 0.00
4133 36.00
4134 1.51
4135 0.00
4136 0.31
4137 0.79
4138 0.98
4139 1.16
4140 1.34
4141 1.32
4142 1.47
4143 1.62
4144 1.71
4145 1.71
4146 2.38
4147 4.16
4148 1.85
4149 1.65
4150 10.59
4151 2.99
4152 0.00
4153 0.57
4154 0.00
4155 1.32
4156 1.24
4157 14.81
4158 48.00
4159 0.00
4160 0.29
4161 1.24
4162 1.16
4163 1.07
4164 1.43
4165 2.22
4166 1.07
4167 0.92
4168 0.73
4169 1.37
4170 1.45
4171 1.27
4172 1.74
4173 18.93
4174 0.00
4175 3.45
4176 9.14
4177 0.15
4178 48.65
4179 0.00
4180 21.56
4181 0.00
4182 0.00
4183 0.00
4184 0.10
4185 0.96
4186 0.28
4187 1.00
4188 0.64
4189 0.50
4190 0.51
4191 0.54
4192 0.83
4193 1.16
4194 1.86
4195 0.73
4196 0.97
4197 0.66
4198 0.54
4199 0.00
4200 0.00
4201 0.45
4202 36.36
4203 0.00
4204 1.26
4205 0.00
4206 52.94
4207 4.53
4208 0.33
4209 1.01
4210 0.93
4211 1.36
4212 1.50
4213 1.38
4214 1.53
4215 1.83
4216 1.62
4217 1.65
4218 1.95
4219 3.91
4220 1.86
4221 2.62
4222 2.81
4223 5.98
4224 0.00
4225 0.00
4226 0.00
4227 0.00
4228 0.00
4229 0.00
4230 0.00
4231 0.00
4232 0.35
4233 1.21
4234 0.95
4235 1.28
4236 1.15
4237 1.18
4238 1.22
4239 1.46
4240 1.50
4241 1.89
4242 1.97
4243 3.00
4244 3.26
4245 2.11
4246 1.50
4247 2.12
4248 0.00
4249 4.40
4250 0.00
4251 0.00
4252 15.72
4253 0.00
4254 0.00
4255 2.89
4256 0.34
4257 1.02
4258 0.86
4259 1.17
4260 1.18
4261 1.22
4262 1.17
4263 1.32
4264 1.64
4265 1.97
4266 2.35
4267 3.51
4268 1.36
4269 10.23
4270 2.98
4271 1.49
4272 0.00
4273 30.51
4274 0.72
4275 15.45
4276 3.29
4277 0.00
4278 31.30
4279 28.57
4280 0.38
4281 0.94
4282 0.92
4283 1.20
4284 1.06
4285 1.11
4286 1.15
4287 1.48
4288 1.64
4289 2.12
4290 2.45
4291 4.15
4292 2.94
4293 3.74
4294 2.06
4295 3.03
4296 0.00
4297 0.00
4298 0.00
4299 53.73
4300 2.60
4301 0.00
4302 0.00
4303 0.00
4304 0.35
4305 0.94
4306 0.94
4307 1.28
4308 1.46
4309 1.52
4310 1.30
4311 1.52
4312 1.59
4313 1.87
4314 2.05
4315 3.44
4316 1.39
4317 1.60
4318 18.09
4319 7.09
4320 18.37
4321 4.42
4322 0.00
4323 0.33
4324 8.98
4325 0.76
4326 0.00
4327 0.00
4328 0.29
4329 0.95
4330 0.93
4331 1.71
4332 1.39
4333 1.26
4334 1.25
4335 1.27
4336 1.51
4337 1.53
4338 1.07
4339 1.51
4340 1.18
4341 0.75
4342 0.38
4343 12.90
4344 6.52
4345 0.52
4346 0.00
4347 52.17
4348 8.76
4349 0.00
4350 0.00
4351 0.00
4352 0.10
4353 3.01
4354 0.88
4355 0.72
4356 0.73
4357 0.56
4358 0.52
4359 0.55
4360 0.95
4361 1.04
4362 5.77
4363 0.97
4364 0.00
4365 1.59
4366 1.11
4367 2.30
4368 2.89
4369 0.12
4370 0.49
4371 3.49
4372 0.00
4373 5.85
4374 0.00
4375 0.00
4376 0.31
4377 0.88
4378 0.85
4379 1.19
4380 1.41
4381 1.03
4382 1.42
4383 1.37
4384 1.62
4385 2.03
4386 2.12
4387 2.67
4388 2.79
4389 2.28
4390 10.59
4391 6.89
4392 0.00
4393 0.00
4394 0.00
4395 0.00
4396 0.00
4397 0.00
4398 0.00
4399 4.57
4400 0.32
4401 0.86
4402 1.14
4403 1.08
4404 1.22
4405 1.28
4406 1.20
4407 1.40
4408 1.67
4409 1.96
4410 2.14
4411 3.61
4412 2.37
4413 1.40
4414 1.26
4415 8.23
4416 14.83
4417 0.00
4418 0.00
4419 0.00
4420 24.32
4421 0.00
4422 12.33
4423 16.29
4424 0.35
4425 0.86
4426 1.01
4427 1.12
4428 1.34
4429 1.27
4430 1.36
4431 1.27
4432 1.59
4433 1.80
4434 2.08
4435 3.17
4436 1.60
4437 0.96
4438 12.04
4439 9.72
4440 0.00
4441 2.97
4442 0.00
4443 0.00
4444 12.29
4445 26.47
4446 51.43
4447 11.01
4448 0.33
4449 0.79
4450 0.93
4451 1.32
4452 1.24
4453 1.08
4454 1.13
4455 1.21
4456 1.57
4457 1.87
4458 2.55
4459 3.03
4460 1.35
4461 1.49
4462 2.37
4463 6.46
4464 2.72
4465 51.43
4466 0.00
4467 24.66
4468 0.00
4469 32.43
4470 11.80
4471 11.18
4472 0.28
4473 0.82
4474 1.17
4475 1.17
4476 1.52
4477 1.36
4478 1.19
4479 1.50
4480 1.73
4481 2.07
4482 2.25
4483 2.66
4484 1.57
4485 1.41
4486 0.99
4487 3.11
4488 0.00
4489 1.13
4490 0.00
4491 0.00
4492 0.00
4493 0.00
4494 0.00
4495 0.00
4496 0.37
4497 1.34
4498 0.98
4499 1.52
4500 1.28
4501 1.63
4502 1.02
4503 0.78
4504 1.20
4505 1.15
4506 1.28
4507 1.34
4508 1.08
4509 2.16
4510 1.16
4511 1.23
4512 3.80
4513 0.11
4514 0.00
4515 0.00
4516 48.00
4517 9.42
4518 0.00
4519 11.29
4520 0.12
4521 0.29
4522 0.51
4523 0.64
4524 0.52
4525 0.58
4526 0.56
4527 0.65
4528 0.83
4529 0.72
4530 1.89
4531 1.42
4532 0.80
4533 1.61
4534 1.07
4535 3.09
4536 0.00
4537 0.00
4538 16.51
4539 25.90
4540 0.00
4541 14.57
4542 0.00
4543 0.00
4544 0.31
4545 0.96
4546 1.11
4547 1.17
4548 1.30
4549 1.67
4550 1.35
4551 1.59
4552 1.71
4553 2.31
4554 2.07
4555 3.31
4556 2.45
4557 3.57
4558 2.97
4559 2.47
4560 1.05
4561 25.00
4562 0.00
4563 18.46
4564 23.38
4565 0.00
4566 0.00
4567 25.65
4568 0.38
4569 1.01
4570 1.02
4571 1.16
4572 1.43
4573 1.16
4574 1.42
4575 1.71
4576 1.70
4577 2.20
4578 2.17
4579 3.52
4580 1.70
4581 2.73
4582 1.00
4583 4.46
4584 27.27
4585 0.00
4586 8.09
4587 0.00
4588 6.63
4589 0.00
4590 0.00
4591 1.16
4592 0.37
4593 0.80
4594 1.16
4595 1.06
4596 1.29
4597 1.18
4598 1.43
4599 1.34
4600 1.72
4601 1.73
4602 2.17
4603 2.68
4604 2.31
4605 1.85
4606 0.00
4607 3.17
4608 0.00
4609 0.00
4610 0.00
4611 0.00
4612 8.45
4613 3.22
4614 0.00
4615 3.10
4616 0.34
4617 0.83
4618 0.99
4619 1.14
4620 1.02
4621 1.12
4622 1.23
4623 1.49
4624 2.29
4625 2.13
4626 3.05
4627 3.07
4628 1.46
4629 1.29
4630 0.00
4631 1.20
4632 34.95
4633 1.15
4634 0.00
4635 23.68
4636 0.00
4637 0.00
4638 0.00
4639 0.00
4640 0.30
4641 1.05
4642 1.24
4643 1.24
4644 1.07
4645 1.14
4646 1.05
4647 1.37
4648 1.52
4649 2.26
4650 2.45
4651 2.51
4652 2.20
4653 0.57
4654 2.24
4655 23.68
4656 18.32
4657 0.70
4658 21.43
4659 13.00
4660 0.00
4661 0.00
4662 0.00
4663 5.42
4664 0.29
4665 1.16
4666 0.95
4667 1.14
4668 1.63
4669 1.27
4670 0.87
4671 1.37
4672 1.10
4673 0.90
4674 1.32
4675 1.33
4676 0.76
4677 2.02
4678 0.71
4679 0.55
4680 33.44
4681 0.45
4682 0.00
4683 24.83
4684 0.00
4685 0.00
4686 0.00
4687 0.37
4688 0.35
4689 0.42
4690 0.49
4691 0.62
4692 0.79
4693 0.73
4694 0.63
4695 0.47
4696 0.84
4697 0.90
4698 1.10
4699 1.86
4700 0.88
4701 1.39
4702 2.09
4703 4.99
4704 0.00
4705 0.00
4706 13.04
4707 0.00
4708 0.00
4709 0.00
4710 0.00
4711 0.00
4712 0.34
4713 0.82
4714 0.99
4715 1.19
4716 1.25
4717 1.28
4718 1.29
4719 1.40
4720 1.76
4721 1.58
4722 2.38
4723 3.24
4724 2.47
4725 23.28
4726 2.36
4727 9.38
4728 48.00
4729 0.00
4730 0.00
4731 0.00
4732 0.00
4733 7.00
4734 0.00
4735 0.00
4736 0.35
4737 0.94
4738 0.88
4739 1.24
4740 1.38
4741 1.21
4742 1.06
4743 1.55
4744 1.63
4745 1.86
4746 1.90
4747 3.24
4748 1.94
4749 2.10
4750 1.71
4751 5.73
4752 40.00
4753 0.00
4754 0.00
4755 0.00
4756 0.00
4757 56.25
4758 0.00
4759 40.91
4760 0.36
4761 0.88
4762 0.96
4763 1.24
4764 1.11
4765 1.18
4766 1.12
4767 1.27
4768 1.46
4769 1.70
4770 2.38
4771 2.66
4772 1.94
4773 1.31
4774 53.47
4775 11.25
4776 18.23
4777 16.14
4778 9.65
4779 0.00
4780 0.00
4781 0.00
4782 0.00
4783 2.72
4784 0.35
4785 0.85
4786 0.98
4787 1.14
4788 1.63
4789 1.44
4790 1.26
4791 1.37
4792 1.81
4793 1.99
4794 2.45
4795 2.95
4796 2.51
4797 2.50
4798 0.85
4799 30.51
4800 0.00
4801 14.40
4802 0.00
4803 0.00
4804 16.14
4805 27.48
4806 13.79
4807 0.00
4808 0.39
4809 0.81
4810 1.04
4811 1.14
4812 1.21
4813 1.11
4814 1.44
4815 1.62
4816 1.74
4817 2.13
4818 2.11
4819 2.78
4820 2.21
4821 1.88
4822 0.88
4823 1.24
4824 0.00
4825 0.28
4826 0.00
4827 0.00
4828 0.00
4829 0.00
4830 15.96
4831 0.00
4832 0.34
4833 1.41
4834 1.09
4835 1.12
4836 1.16
4837 0.94
4838 0.70
4839 1.19
4840 1.02
4841 1.68
4842 1.77
4843 1.62
4844 1.10
4845 7.23
4846 0.00
4847 4.19
4848 4.12
4849 0.53
4850 0.00
4851 0.00
4852 0.00
4853 0.00
4854 0.36
4855 0.00
4856 0.11
4857 0.67
4858 0.64
4859 0.98
4860 0.55
4861 0.62
4862 0.56
4863 0.65
4864 0.79
4865 1.00
4866 1.69
4867 1.57
4868 3.40
4869 9.77
4870 1.59
4871 48.23
4872 0.00
4873 3.35
4874 8.24
4875 0.00
4876 0.00
4877 20.11
4878 8.93
4879 8.63
4880 0.33
4881 0.87
4882 1.05
4883 1.31
4884 1.24
4885 1.12
4886 1.24
4887 1.39
4888 1.70
4889 1.84
4890 1.98
4891 3.13
4892 2.17
4893 4.72
4894 0.00
4895 3.15
4896 48.00
4897 0.41
4898 0.00
4899 0.00
4900 11.69
4901 33.64
4902 0.00
4903 0.00
4904 0.33
4905 0.85
4906 0.94
4907 1.26
4908 1.45
4909 1.12
4910 1.31
4911 1.40
4912 1.57
4913 1.97
4914 1.98
4915 3.00
4916 1.52
4917 1.15
4918 20.07
4919 2.95
4920 0.00
4921 0.00
4922 0.00
4923 0.00
4924 11.65
4925 0.00
4926 0.00
4927 13.02
4928 0.36
4929 1.06
4930 0.92
4931 1.13
4932 1.27
4933 1.09
4934 1.28
4935 1.37
4936 1.79
4937 1.98
4938 2.56
4939 3.00
4940 1.28
4941 1.97
4942 1.03
4943 2.79
4944 9.97
4945 19.71
4946 10.53
4947 0.86
4948 15.06
4949 24.00
4950 0.00
4951 1.00
4952 0.37
4953 1.08
4954 1.02
4955 1.19
4956 1.12
4957 1.06
4958 1.52
4959 1.43
4960 1.70
4961 1.98
4962 2.12
4963 3.21
4964 2.00
4965 2.10
4966 1.89
4967 1.73
4968 2.35
4969 50.70
4970 0.00
4971 0.00
4972 0.00
4973 22.09
4974 0.00
4975 2.14
4976 0.33
4977 1.11
4978 1.15
4979 1.12
4980 1.25
4981 1.28
4982 1.30
4983 1.82
4984 1.74
4985 1.63
4986 2.05
4987 2.61
4988 1.62
4989 1.98
4990 1.23
4991 1.33
4992 11.30
4993 0.11
4994 40.91
4995 52.94
4996 0.00
4997 0.00
4998 0.00
4999 0.00
5000 0.36
5001 0.83
5002 1.12
5003 1.18
5004 1.15
5005 1.61
5006 0.84
5007 1.03
5008 1.69
5009 1.17
5010 1.52
5011 1.80
5012 1.11
5013 3.79
5014 1.67
5015 3.72
5016 4.51
5017 30.77
5018 0.00
5019 0.00
5020 0.00
5021 0.00
5022 0.00
5023 20.69
5024 0.13
5025 0.67
5026 0.49
5027 0.67
5028 0.71
5029 0.67
5030 0.63
5031 0.61
5032 0.76
5033 0.64
5034 1.06
5035 1.10
5036 1.74
5037 4.15
5038 2.06
5039 1.80
5040 0.00
5041 0.00
5042 0.00
5043 0.00
5044 0.00
5045 21.24
5046 0.00
5047 0.00
5048 0.38
5049 0.81
5050 0.92
5051 1.39
5052 1.40
5053 1.13
5054 1.60
5055 1.57
5056 1.54
5057 2.01
5058 2.38
5059 3.55
5060 2.36
5061 0.95
5062 17.20
5063 0.00
5064 13.69
5065 0.00
5066 48.00
5067 0.72
5068 0.00
5069 0.00
5070 0.00
5071 0.48
5072 0.34
5073 0.96
5074 0.89
5075 1.30
5076 1.33
5077 1.19
5078 1.27
5079 1.35
5080 1.38
5081 1.85
5082 2.08
5083 2.62
5084 2.22
5085 3.03
5086 16.18
5087 32.43
5088 31.86
5089 13.19
5090 0.00
5091 11.50
5092 9.97
5093 39.78
5094 16.90
5095 0.48
5096 0.40
5097 1.06
5098 0.74
5099 1.11
5100 1.07
5101 1.00
5102 1.17
5103 1.36
5104 1.80
5105 1.76
5106 2.34
5107 2.87
5108 1.56
5109 5.03
5110 5.79
5111 3.64
5112 0.00
5113 0.00
5114 0.00
5115 8.16
5116 6.81
5117 26.67
5118 18.00
5119 0.00
5120 0.39
5121 0.97
5122 0.98
5123 1.10
5124 1.35
5125 1.11
5126 1.09
5127 1.57
5128 1.74
5129 1.96
5130 2.18
5131 3.11
5132 2.54
5133 3.42
5134 20.81
5135 1.11
5136 0.00
5137 0.00
5138 0.00
5139 7.71
5140 12.54
5141 18.85
5142 42.86
5143 14.09
5144 0.38
5145 1.12
5146 0.85
5147 1.44
5148 1.29
5149 1.25
5150 1.23
5151 1.74
5152 1.85
5153 2.34
5154 2.21
5155 2.59
5156 2.86
5157 1.66
5158 1.98
5159 1.76
5160 19.46
5161 0.33
5162 10.07
5163 0.00
5164 10.75
5165 0.00
5166 0.00
5167 45.00
5168 0.40
5169 0.84
5170 1.05
5171 0.95
5172 1.44
5173 1.18
5174 0.58
5175 1.06
5176 1.13
5177 1.37
5178 1.30
5179 1.39
5180 1.06
5181 1.72
5182 1.52
5183 0.00
5184 48.00
5185 0.19
5186 6.78
5187 0.00
5188 0.00
5189 0.00
5190 0.38
5191 7.63
5192 0.11
5193 0.59
5194 0.27
5195 0.59
5196 0.73
5197 0.50
5198 0.61
5199 0.56
5200 0.70
5201 0.80
5202 0.95
5203 1.72
5204 1.04
5205 2.05
5206 1.85
5207 2.38
5208 0.00
5209 0.00
5210 12.24
5211 0.00
5212 0.00
5213 7.96
5214 15.62
5215 0.00
5216 0.43
5217 0.95
5218 1.01
5219 1.15
5220 1.46
5221 1.62
5222 1.40
5223 1.71
5224 1.65
5225 1.63
5226 2.02
5227 2.93
5228 1.48
5229 6.93
5230 0.75
5231 3.93
5232 0.00
5233 0.00
5234 0.00
5235 0.00
5236 15.52
5237 33.96
5238 0.00
5239 0.00
5240 0.37
5241 1.04
5242 0.91
5243 1.21
5244 1.49
5245 1.22
5246 1.15
5247 1.84
5248 1.51
5249 2.34
5250 2.62
5251 3.26
5252 2.75
5253 7.23
5254 9.60
5255 5.15
5256 18.37
5257 1.45
5258 0.00
5259 0.00
5260 16.44
5261 0.00
5262 26.87
5263 8.60
5264 0.36
5265 0.99
5266 0.93
5267 1.28
5268 1.23
5269 1.10
5270 1.31
5271 1.50
5272 1.85
5273 2.12
5274 2.44
5275 4.07
5276 1.93
5277 2.62
5278 2.26
5279 1.79
5280 7.84
5281 0.00
5282 0.00
5283 0.00
5284 0.00
5285 0.60
5286 26.87
5287 0.00
5288 0.35
5289 0.92
5290 1.08
5291 1.18
5292 1.55
5293 1.26
5294 1.14
5295 1.66
5296 1.83
5297 1.90
5298 2.27
5299 3.25
5300 1.08
5301 1.25
5302 46.15
5303 0.00
5304 0.00
5305 0.05
5306 32.73
5307 0.00
5308 12.50
5309 0.00
5310 0.00
5311 0.00
5312 0.41
5313 1.09
5314 1.03
5315 1.55
5316 1.55
5317 1.48
5318 1.35
5319 1.91
5320 1.99
5321 2.20
5322 2.67
5323 4.43
5324 1.57
5325 1.52
5326 2.13
5327 2.18
5328 7.11
5329 0.36
5330 0.00
5331 0.00
5332 0.00
5333 0.00
5334 22.50
5335 4.60
5336 0.29
5337 1.64
5338 1.03
5339 1.33
5340 1.41
5341 1.18
5342 0.78
5343 1.14
5344 0.85
5345 1.14
5346 1.29
5347 1.77
5348 1.53
5349 8.75
5350 19.89
5351 1.88
5352 11.53
5353 0.67
5354 0.56
5355 0.00
5356 0.00
5357 59.02
5358 10.43
5359 3.73
5360 0.13
5361 0.32
5362 0.72
5363 0.48
5364 0.60
5365 0.50
5366 0.53
5367 0.60
5368 0.67
5369 0.89
5370 2.71
5371 1.09
5372 1.01
5373 0.71
5374 13.53
5375 4.29
5376 18.27
5377 0.00
5378 0.00
5379 0.00
5380 0.00
5381 22.64
5382 17.06
5383 0.00
5384 0.35
5385 1.21
5386 1.20
5387 1.52
5388 1.20
5389 1.40
5390 1.34
5391 1.40
5392 1.73
5393 1.68
5394 2.10
5395 3.15
5396 2.09
5397 19.08
5398 1.32
5399 4.56
5400 15.19
5401 5.60
5402 0.00
5403 0.00
5404 13.85
5405 37.70
5406 0.00
5407 1.68
5408 0.45
5409 1.07
5410 0.95
5411 1.19
5412 1.30
5413 1.19
5414 1.19
5415 1.91
5416 1.93
5417 2.12
5418 2.32
5419 3.28
5420 2.20
5421 7.13
5422 1.27
5423 3.60
5424 0.00
5425 11.02
5426 0.00
5427 0.00
5428 0.00
5429 43.90
5430 3.27
5431 0.00
5432 0.44
5433 1.01
5434 0.83
5435 1.13
5436 1.15
5437 1.23
5438 1.18
5439 1.50
5440 1.71
5441 1.98
5442 2.15
5443 2.59
5444 3.04
5445 3.48
5446 2.29
5447 16.59
5448 13.98
5449 0.00
5450 0.00
5451 0.00
5452 0.00
5453 13.69
5454 6.12
5455 10.18
5456 0.49
5457 0.96
5458 0.97
5459 1.03
5460 1.30
5461 1.16
5462 0.97
5463 1.20
5464 1.53
5465 1.89
5466 2.02
5467 2.51
5468 1.40
5469 2.79
5470 0.00
5471 4.02
5472 11.16
5473 1.76
5474 0.00
5475 0.00
5476 0.00
5477 0.00
5478 0.00
5479 0.41
5480 0.35
5481 0.80
5482 0.91
5483 1.15
5484 1.08
5485 1.13
5486 1.16
5487 1.39
5488 1.76
5489 2.17
5490 2.51
5491 3.22
5492 1.72
5493 1.48
5494 1.60
5495 12.97
5496 6.83
5497 2.55
5498 32.73
5499 0.00
5500 0.00
5501 6.86
5502 9.52
5503 0.12
5504 0.37
5505 1.15
5506 0.87
5507 0.85
5508 1.57
5509 1.46
5510 0.62
5511 0.86
5512 1.01
5513 1.97
5514 1.62
5515 1.48
5516 1.21
5517 18.91
5518 3.07
5519 1.08
5520 57.14
5521 0.30
5522 0.00
5523 0.00
5524 43.37
5525 0.00
5526 0.37
5527 0.23
5528 0.13
5529 0.81
5530 0.48
5531 0.69
5532 0.60
5533 0.91
5534 0.71
5535 0.74
5536 0.73
5537 0.71
5538 0.90
5539 1.43
5540 0.97
5541 0.00
5542 4.05
5543 4.48
5544 0.00
5545 0.00
5546 0.00
5547 0.00
5548 0.00
5549 21.95
5550 6.35
5551 3.63
5552 0.41
5553 1.10
5554 1.37
5555 1.18
5556 1.21
5557 1.19
5558 1.38
5559 1.50
5560 1.40
5561 1.75
5562 2.04
5563 3.60
5564 1.67
5565 10.95
5566 1.34
5567 6.58
5568 57.14
5569 0.00
5570 7.73
5571 0.00
5572 13.79
5573 52.94
5574 11.84
5575 3.32
5576 0.38
5577 0.92
5578 0.85
5579 1.26
5580 1.52
5581 1.15
5582 1.12
5583 1.43
5584 1.49
5585 1.79
5586 2.13
5587 3.28
5588 3.62
5589 2.11
5590 2.07
5591 3.79
5592 0.00
5593 0.00
5594 12.37
5595 0.00
5596 11.25
5597 17.91
5598 4.23
5599 0.41
5600 0.34
5601 1.37
5602 1.01
5603 1.30
5604 1.30
5605 1.21
5606 1.14
5607 1.44
5608 1.72
5609 1.98
5610 2.09
5611 2.33
5612 1.93
5613 8.84
5614 1.04
5615 14.63
5616 33.64
5617 0.00
5618 0.00
5619 49.32
5620 12.65
5621 0.00
5622 19.05
5623 0.69
5624 0.39
5625 0.95
5626 0.91
5627 1.19
5628 1.38
5629 1.05
5630 1.15
5631 1.60
5632 1.65
5633 1.84
5634 1.92
5635 2.81
5636 2.12
5637 6.29
5638 1.48
5639 1.04
5640 0.00
5641 0.14
5642 0.00
5643 0.00
5644 0.00
5645 15.43
5646 0.51
5647 0.00
5648 0.40
5649 0.98
5650 0.78
5651 1.35
5652 1.56
5653 1.42
5654 1.27
5655 1.72
5656 1.89
5657 1.92
5658 2.61
5659 3.36
5660 2.10
5661 0.90
5662 26.57
5663 7.88
5664 11.52
5665 1.05
5666 3.18
5667 0.00
5668 0.00
5669 0.00
5670 11.04
5671 27.91
5672 0.28
5673 1.29
5674 0.80
5675 1.03
5676 1.06
5677 1.40
5678 0.76
5679 0.93
5680 1.14
5681 1.61
5682 1.43
5683 2.17
5684 0.91
5685 4.02
5686 1.20
5687 1.00
5688 0.00
5689 0.20
5690 0.00
5691 0.00
5692 0.00
5693 0.00
5694 0.71
5695 0.00
5696 0.12
5697 2.08
5698 0.37
5699 0.66
5700 0.52
5701 0.43
5702 0.47
5703 0.58
5704 0.70
5705 0.94
5706 1.06
5707 5.64
5708 2.10
5709 1.91
5710 1.47
5711 5.41
5712 3.54
5713 0.10
5714 0.00
5715 0.00
5716 0.00
5717 36.36
5718 46.75
5719 8.02
5720 0.35
5721 0.84
5722 0.98
5723 1.10
5724 1.28
5725 1.25
5726 1.25
5727 1.75
5728 2.08
5729 2.06
5730 2.16
5731 3.56
5732 2.27
5733 8.84
5734 0.71
5735 2.31
5736 54.55
5737 0.00
5738 0.00
5739 0.82
5740 13.90
5741 37.89
5742 41.86
5743 0.84
5744 0.40
5745 0.78
5746 0.86
5747 1.00
5748 1.43
5749 1.09
5750 0.99
5751 1.35
5752 1.47
5753 1.58
5754 2.08
5755 3.45
5756 1.64
5757 6.67
5758 0.80
5759 2.95
5760 6.87
5761 0.13
5762 0.00
5763 25.00
5764 0.00
5765 8.72
5766 0.00
5767 0.44
5768 0.38
5769 0.88
5770 0.73
5771 1.21
5772 1.05
5773 1.17
5774 1.14
5775 1.48
5776 1.62
5777 1.93
5778 2.41
5779 2.85
5780 1.26
5781 1.25
5782 1.65
5783 3.85
5784 2.58
5785 0.36
5786 0.00
5787 40.00
5788 12.00
5789 0.00
5790 4.40
5791 0.00
5792 0.35
5793 0.96
5794 0.89
5795 0.96
5796 1.15
5797 1.37
5798 1.06
5799 1.68
5800 1.85
5801 1.94
5802 2.19
5803 3.05
5804 1.58
5805 1.77
5806 1.47
5807 5.18
5808 17.35
5809 0.13
5810 0.00
5811 0.00
5812 0.00
5813 0.00
5814 53.73
5815 0.00
5816 0.34
5817 1.08
5818 0.75
5819 1.24
5820 1.17
5821 1.37
5822 1.13
5823 2.02
5824 1.91
5825 2.48
5826 2.37
5827 2.93
5828 1.71
5829 2.27
5830 1.31
5831 4.99
5832 29.75
5833 39.13
5834 0.00
5835 0.00
5836 0.00
5837 23.23
5838 0.00
5839 21.56
5840 0.36
5841 0.82
5842 0.87
5843 0.95
5844 1.88
5845 1.29
5846 0.67
5847 0.91
5848 0.97
5849 1.24
5850 1.45
5851 1.31
5852 1.44
5853 9.89
5854 0.80
5855 1.43
5856 35.29
5857 1.94
5858 1.09
5859 0.00
5860 0.00
5861 0.00
5862 49.32
5863 0.39
5864 0.18
5865 3.51
5866 1.52
5867 0.75
5868 0.54
5869 0.53
5870 0.48
5871 0.44
5872 0.70
5873 1.50
5874 2.47
5875 1.26
5876 0.63
5877 1.22
5878 13.00
5879 2.31
5880 0.00
5881 0.15
5882 0.00
5883 0.00
5884 0.00
5885 0.62
5886 55.38
5887 0.00
5888 0.43
5889 0.76
5890 1.03
5891 1.52
5892 1.47
5893 1.35
5894 1.40
5895 1.40
5896 1.64
5897 1.49
5898 1.74
5899 3.81
5900 2.04
5901 3.15
5902 1.20
5903 8.21
5904 0.00
5905 0.00
5906 11.76
5907 0.00
5908 20.04
5909 51.43
5910 52.94
5911 3.15
5912 0.37
5913 0.83
5914 0.83
5915 1.08
5916 1.31
5917 1.33
5918 1.18
5919 1.71
5920 1.69
5921 1.77
5922 2.09
5923 2.87
5924 1.44
5925 2.54
5926 15.05
5927 14.06
5928 0.00
5929 3.34
5930 6.84
5931 0.00
5932 14.94
5933 14.40
5934 0.00
5935 5.67
5936 0.42
5937 0.91
5938 0.82
5939 1.11
5940 1.18
5941 1.05
5942 1.24
5943 1.18
5944 1.48
5945 1.74
5946 1.91
5947 2.95
5948 3.89
5949 10.50
5950 57.14
5951 3.86
5952 11.92
5953 0.00
5954 0.00
5955 0.00
5956 0.00
5957 32.58
5958 26.16
5959 9.14
5960 0.37
5961 0.73
5962 0.80
5963 1.22
5964 1.36
5965 1.13
5966 1.01
5967 1.47
5968 1.77
5969 1.78
5970 1.79
5971 2.61
5972 3.06
5973 5.23
5974 1.46
5975 2.34
5976 2.41
5977 0.38
5978 0.00
5979 0.00
5980 11.92
5981 0.00
5982 37.11
5983 13.48
5984 0.40
5985 0.93
5986 0.98
5987 1.18
5988 1.19
5989 1.40
5990 1.33
5991 1.64
5992 1.88
5993 1.83
5994 2.03
5995 2.60
5996 2.41
5997 1.41
5998 3.19
5999 2.30
6000 0.00
6001 0.28
6002 0.00
6003 0.00
6004 0.00
6005 0.00
6006 0.00
6007 28.35
6008 0.26
6009 1.56
6010 1.19
6011 1.04
6012 1.26
6013 1.23
6014 0.90
6015 1.23
6016 0.84
6017 1.99
6018 1.43
6019 1.59
6020 0.94
6021 13.11
6022 2.21
6023 2.91
6024 4.01
6025 0.34
6026 58.06
6027 0.00
6028 0.00
6029 0.00
6030 14.54
6031 0.37
6032 0.17
6033 1.80
6034 0.68
6035 0.54
6036 0.51
6037 0.52
6038 0.50
6039 0.80
6040 0.67
6041 0.66
6042 2.21
6043 2.09
6044 1.77
6045 2.02
6046 6.76
6047 18.56
6048 2.95
6049 0.00
6050 0.00
6051 37.50
6052 22.36
6053 1.39
6054 25.53
6055 5.16
6056 0.42
6057 0.76
6058 0.98
6059 1.05
6060 0.93
6061 1.43
6062 1.18
6063 1.31
6064 1.66
6065 1.73
6066 1.73
6067 3.04
6068 1.57
6069 1.50
6070 1.49
6071 6.09
6072 11.88
6073 0.24
6074 15.54
6075 0.00
6076 10.03
6077 31.58
6078 28.35
6079 3.00
6080 0.46
6081 0.75
6082 1.04
6083 1.20
6084 1.20
6085 1.21
6086 1.08
6087 1.35
6088 1.31
6089 1.46
6090 1.85
6091 3.07
6092 2.56
6093 5.78
6094 1.01
6095 2.96
6096 0.00
6097 0.00
6098 13.04
6099 0.00
6100 0.00
6101 30.38
6102 4.79
6103 1.16
6104 0.39
6105 1.01
6106 0.94
6107 1.00
6108 1.23
6109 1.01
6110 1.23
6111 1.40
6112 1.30
6113 1.97
6114 2.04
6115 3.14
6116 1.72
6117 11.00
6118 1.37
6119 1.86
6120 0.00
6121 0.08
6122 0.00
6123 0.00
6124 0.00
6125 20.93
6126 40.91
6127 0.55
6128 0.37
6129 0.78
6130 1.01
6131 1.35
6132 1.32
6133 1.13
6134 1.24
6135 1.49
6136 1.40
6137 1.83
6138 1.92
6139 2.76
6140 1.85
6141 3.28
6142 1.65
6143 5.72
6144 0.00
6145 1.85
6146 0.00
6147 0.00
6148 0.00
6149 24.49
6150 1.86
6151 0.00
6152 0.37
6153 0.98
6154 0.94
6155 0.95
6156 1.29
6157 1.20
6158 1.35
6159 1.48
6160 1.99
6161 1.74
6162 1.90
6163 2.63
6164 1.73
6165 2.26
6166 2.86
6167 1.07
6168 13.85
6169 0.00
6170 37.89
6171 52.55
6172 0.00
6173 11.73
6174 0.00
6175 0.00
6176 0.40
6177 0.74
6178 1.25
6179 1.19
6180 1.37
6181 1.33
6182 0.62
6183 0.91
6184 0.82
6185 2.02
6186 1.35
6187 1.59
6188 1.33
6189 1.29
6190 20.02
6191 5.74
6192 49.32
6193 8.46
6194 0.00
6195 34.62
6196 0.00
6197 0.00
6198 12.63
6199 20.00
6200 0.32
6201 0.49
6202 0.44
6203 0.49
6204 0.47
6205 0.50
6206 0.73
6207 0.59
6208 0.56
6209 0.67
6210 1.36
6211 1.21
6212 1.66
6213 1.00
6214 1.28
6215 7.99
6216 0.00
6217 0.00
6218 9.97
6219 0.00
6220 24.83
6221 27.69
6222 17.56
6223 15.79
6224 0.44
6225 0.96
6226 1.06
6227 1.61
6228 1.71
6229 1.51
6230 1.89
6231 1.48
6232 1.84
6233 2.09
6234 1.94
6235 2.73
6236 1.95
6237 6.03
6238 20.85
6239 5.49
6240 9.25
6241 1.90
6242 0.00
6243 0.70
6244 0.00
6245 21.30
6246 0.00
6247 9.29
6248 0.37
6249 1.02
6250 1.11
6251 1.04
6252 1.53
6253 1.53
6254 1.42
6255 1.56
6256 1.74
6257 1.86
6258 1.77
6259 2.36
6260 2.96
6261 2.94
6262 3.48
6263 2.27
6264 0.00
6265 15.32
6266 0.00
6267 0.00
6268 0.00
6269 33.64
6270 3.03
6271 7.16
6272 0.38
6273 0.86
6274 0.84
6275 1.16
6276 1.14
6277 1.22
6278 1.21
6279 1.70
6280 1.95
6281 1.77
6282 1.89
6283 3.01
6284 2.42
6285 5.68
6286 1.55
6287 10.88
6288 0.00
6289 0.00
6290 0.00
6291 0.00
6292 0.00
6293 36.36
6294 10.06
6295 0.12
6296 0.38
6297 1.12
6298 1.02
6299 1.32
6300 1.05
6301 1.28
6302 1.38
6303 1.20
6304 1.74
6305 2.05
6306 1.79
6307 2.62
6308 0.94
6309 2.44
6310 1.01
6311 5.47
6312 47.37
6313 0.13
6314 0.00
6315 0.00
6316 0.00
6317 10.47
6318 0.00
6319 1.44
6320 0.39
6321 1.03
6322 1.12
6323 1.12
6324 1.19
6325 1.35
6326 1.34
6327 1.73
6328 2.24
6329 2.25
6330 1.96
6331 3.55
6332 1.50
6333 1.23
6334 4.28
6335 7.24
6336 12.90
6337 0.04
6338 0.00
6339 6.64
6340 0.00
6341 0.00
6342 0.00
6343 0.00
6344 0.34
6345 0.92
6346 0.91
6347 1.22
6348 1.11
6349 1.53
6350 0.70
6351 0.91
6352 0.74
6353 1.16
6354 1.67
6355 1.61
6356 2.02
6357 3.14
6358 12.27
6359 7.59
6360 19.32
6361 0.16
6362 0.00
6363 0.00
6364 0.00
6365 0.00
6366 0.36
6367 19.05
6368 0.17
6369 0.58
6370 0.72
6371 0.68
6372 0.51
6373 0.60
6374 0.67
6375 0.65
6376 0.59
6377 0.61
6378 1.69
6379 2.00
6380 1.14
6381 0.69
6382 3.23
6383 10.91
6384 26.28
6385 0.04
6386 0.00
6387 0.00
6388 0.00
6389 0.00
6390 34.95
6391 16.67
6392 0.38
6393 1.07
6394 0.96
6395 1.21
6396 1.39
6397 1.49
6398 1.29
6399 1.56
6400 1.44
6401 1.73
6402 1.92
6403 3.77
6404 2.45
6405 5.79
6406 1.04
6407 2.14
6408 0.00
6409 0.11
6410 0.00
6411 0.00
6412 0.00
6413 0.00
6414 0.00
6415 11.65
6416 0.39
6417 0.87
6418 0.99
6419 0.95
6420 1.04
6421 0.99
6422 1.22
6423 1.47
6424 1.35
6425 1.80
6426 2.36
6427 2.67
6428 2.48
6429 1.51
6430 0.88
6431 0.00
6432 0.00
6433 0.10
6434 0.00
6435 0.00
6436 55.38
6437 0.00
6438 0.00
6439 8.58
6440 0.39
6441 0.91
6442 0.96
6443 1.20
6444 1.13
6445 1.09
6446 1.02
6447 1.59
6448 1.54
6449 1.64
6450 2.14
6451 2.76
6452 1.20
6453 2.32
6454 8.63
6455 8.52
6456 0.00
6457 0.06
6458 0.00
6459 0.00
6460 23.08
6461 0.00
6462 0.00
6463 0.00
6464 0.41
6465 1.07
6466 1.18
6467 1.34
6468 1.39
6469 1.09
6470 1.25
6471 1.59
6472 1.85
6473 2.06
6474 2.09
6475 3.58
6476 2.61
6477 2.81
6478 12.31
6479 5.44
6480 0.00
6481 0.04
6482 0.00
6483 48.65
6484 0.00
6485 0.00
6486 9.66
6487 0.00
6488 0.35
6489 1.05
6490 1.16
6491 1.27
6492 1.12
6493 1.06
6494 1.14
6495 1.67
6496 1.70
6497 1.94
6498 1.98
6499 3.14
6500 1.97
6501 2.45
6502 1.26
6503 9.14
6504 7.58
6505 0.12
6506 43.90
6507 0.00
6508 0.00
6509 3.94
6510 0.00
6511 0.00
6512 0.26
6513 1.36
6514 1.21
6515 1.55
6516 2.10
6517 1.53
6518 1.49
6519 1.15
6520 0.75
6521 1.28
6522 2.22
6523 2.01
6524 1.42
6525 4.16
6526 9.35
6527 27.17
6528 19.89
6529 0.12
6530 0.00
6531 0.00
6532 0.00
6533 0.00
6534 52.55
6535 17.52
6536 0.28
6537 2.43
6538 0.40
6539 0.55
6540 0.60
6541 0.71
6542 0.59
6543 0.57
6544 0.89
6545 1.97
6546 1.98
6547 1.64
6548 1.93
6549 0.93
6550 2.24
6551 3.28
6552 0.00
6553 0.00
6554 0.00
6555 0.00
6556 0.00
6557 0.00
6558 0.00
6559 0.00
6560 0.00
6561 0.00
6562 0.00
6563 0.00
6564 0.00
6565 0.00
6566 0.00
6567 0.00
6568 0.00
6569 0.00
6570 0.00
6571 0.00
6572 0.00
6573 0.00
6574 0.00
6575 0.00
6576 0.00
6577 0.00
6578 0.00
6579 0.00
6580 0.00
6581 0.00
6582 0.00
6583 0.00
6584 0.00
6585 0.00
6586 0.00
6587 0.00
6588 0.00
6589 0.00
6590 0.00
6591 0.00
6592 0.00
6593 0.00
6594 0.00
6595 0.00
6596 0.00
6597 0.00
6598 0.00
6599 0.00
6600 0.00
6601 0.00
6602 0.00
6603 0.00
6604 0.00
6605 0.00
6606 0.00
6607 0.00
6608 0.00
6609 0.00
6610 0.00
6611 0.00
6612 0.00
6613 0.00
6614 0.00
6615 0.00
6616 0.00
6617 0.00
6618 0.00
6619 0.00
6620 0.00
6621 0.00
6622 0.00
6623 0.00
6624 0.00
6625 0.00
6626 0.00
6627 0.00
6628 0.00
6629 0.00
6630 0.00
6631 0.00
6632 0.00
6633 0.00
6634 0.00
6635 0.00
6636 0.00
6637 0.00
6638 0.00
6639 0.00
6640 0.00
6641 0.00
6642 0.00
6643 0.00
6644 0.00
6645 0.00
6646 0.00
6647 0.00
6648 0.00
6649 0.00
6650 0.00
6651 0.00
6652 0.00
6653 0.00
6654 0.00
6655 0.00
6656 0.00
6657 0.00
6658 0.00
6659 0.00
6660 0.00
6661 0.00
6662 0.00
6663 0.00
6664 0.00
6665 0.00
6666 0.00
6667 0.00
6668 0.00
6669 0.00
6670 0.00
6671 0.00
6672 0.00
6673 0.00
6674 0.00
6675 0.00
6676 0.00
6677 0.00
6678 0.00
6679 0.00
6680 0.00
6681 0.00
6682 0.00
6683 0.00
6684 0.00
6685 0.00
6686 0.00
6687 0.00
6688 0.00
6689 0.00
6690 0.00
6691 0.00
6692 0.00
6693 0.00
6694 0.00
6695 0.00
6696 0.00
6697 0.00
6698 0.00
6699 0.00
6700 0.00
6701 0.00
6702 0.00
6703 0.00
6704 0.00
6705 0.00
6706 0.00
6707 0.00
6708 0.00
6709 0.00
6710 0.00
6711 0.00
6712 0.00
6713 0.00
6714 0.00
6715 0.00
6716 0.00
6717 0.00
6718 0.00
6719 0.00
6720 0.00
6721 0.00
6722 0.00
6723 0.00
6724 0.00
6725 0.00
6726 0.00
6727 0.00
6728 0.00
6729 0.00
6730 0.00
6731 0.00
6732 0.00
6733 0.00
6734 0.00
6735 0.00
6736 0.00
6737 0.00
6738 0.00
6739 0.00
6740 0.00
6741 0.00
6742 0.00
6743 0.00
6744 0.00
6745 0.00
6746 0.00
6747 0.00
6748 0.00
6749 0.00
6750 0.00
6751 0.00
6752 0.00
6753 0.00
6754 0.00
6755 0.00
6756 0.00
6757 0.00
6758 0.00
6759 0.00
6760 0.00
6761 0.00
6762 0.00
6763 0.00
6764 0.00
6765 0.00
6766 0.00
6767 0.00
6768 0.00
6769 0.00
6770 0.00
6771 0.00
6772 0.00
6773 0.00
6774 0.00
6775 0.00
6776 0.00
6777 0.00
6778 0.00
6779 0.00
6780 0.00
6781 0.00
6782 0.00
6783 0.00
6784 0.00
6785 0.00
6786 0.00
6787 0.00
6788 0.00
6789 0.00
6790 0.00
6791 0.00
6792 0.00
6793 0.00
6794 0.00
6795 0.00
6796 0.00
6797 0.00
6798 0.00
6799 0.00
6800 0.00
6801 0.00
6802 0.00
6803 0.00
6804 0.00
6805 0.00
6806 0.00
6807 0.00
6808 0.00
6809 0.00
6810 0.00
6811 0.00
6812 0.00
6813 0.00
6814 0.00
6815 0.00
6816 0.00
6817 0.00
6818 0.00
6819 0.00
6820 0.00
6821 0.00
6822 0.00
6823 0.00
6824 0.00
6825 0.00
6826 0.00
6827 0.00
6828 0.00
6829 0.00
6830 0.00
6831 0.00
6832 0.00
6833 0.00
6834 0.00
6835 0.00
6836 0.00
6837 0.00
6838 0.00
6839 0.00
6840 0.00
6841 0.00
6842 0.00
6843 0.00
6844 0.00
6845 0.00
6846 0.00
6847 0.00
6848 0.00
6849 0.00
6850 0.00
6851 0.00
6852 0.00
6853 0.00
6854 0.00
6855 0.00
6856 0.00
6857 0.00
6858 0.00
6859 0.00
6860 0.00
6861 0.00
6862 0.00
6863 0.00
6864 0.00
6865 0.00
6866 0.00
6867 0.00
6868 0.00
6869 0.00
6870 0.00
6871 0.00
6872 0.00
6873 0.75
6874 0.40
6875 0.51
6876 0.73
6877 0.56
6878 0.46
6879 1.03
6880 0.84
6881 1.21
6882 1.40
6883 1.47
6884 0.33
6885 0.00
6886 55.38
6887 0.00
6888 0.00
6889 0.46
6890 0.00
6891 0.00
6892 0.00
6893 0.00
6894 0.00
6895 0.00
6896 0.35
6897 0.66
6898 0.58
6899 0.74
6900 0.97
6901 0.86
6902 0.62
6903 0.85
6904 0.57
6905 2.62
6906 1.56
6907 1.24
6908 0.34
6909 0.00
6910 0.00
6911 0.00
6912 0.00
6913 0.00
6914 30.13
6915 0.00
6916 0.00
6917 0.00
6918 0.00
6919 8.39
6920 0.14
6921 0.45
6922 0.44
6923 0.56
6924 0.58
6925 0.52
6926 0.58
6927 0.49
6928 0.67
6929 0.62
6930 1.00
6931 1.65
6932 0.00
6933 0.00
6934 0.00
6935 0.00
6936 0.00
6937 0.10
6938 0.00
6939 19.25
6940 3.80
6941 0.00
6942 0.00
6943 0.00
6944 0.33
6945 0.58
6946 0.82
6947 0.80
6948 0.80
6949 0.92
6950 1.29
6951 1.08
6952 1.24
6953 1.18
6954 1.47
6955 3.04
6956 0.79
6957 0.93
6958 18.27
6959 0.55
6960 16.59
6961 0.17
6962 22.36
6963 0.00
6964 2.09
6965 0.00
6966 0.00
6967 0.00
6968 0.59
6969 0.67
6970 0.77
6971 0.90
6972 0.97
6973 1.20
6974 1.09
6975 1.47
6976 1.62
6977 1.57
6978 1.70
6979 3.28
6980 0.85
6981 1.21
6982 9.17
6983 5.75
6984 9.22
6985 14.63
6986 17.73
6987 39.56
6988 20.04
6989 34.95
6990 23.74
6991 0.00
6992 0.58
6993 0.88
6994 1.24
6995 1.02
6996 0.97
6997 1.30
6998 1.23
6999 1.34
7000 1.52
7001 1.69
7002 1.89
7003 2.86
7004 0.77
7005 0.88
7006 2.26
7007 17.48
7008 16.18
7009 0.13
7010 0.38
7011 50.70
7012 0.00
7013 0.40
7014 29.83
7015 14.81
7016 0.52
7017 0.89
7018 1.17
7019 1.23
7020 1.29
7021 1.14
7022 1.45
7023 1.65
7024 1.36
7025 1.77
7026 2.07
7027 2.24
7028 1.46
7029 2.10
7030 4.79
7031 1.32
7032 7.11
7033 0.22
7034 10.98
7035 0.64
7036 47.37
7037 0.11
7038 0.34
7039 1.07
7040 0.62
7041 0.98
7042 1.04
7043 1.35
7044 1.31
7045 1.38
7046 1.29
7047 1.99
7048 2.16
7049 1.76
7050 2.06
7051 1.90
7052 1.55
7053 1.39
7054 12.72
7055 4.42
7056 15.19
7057 0.23
7058 38.71
7059 46.15
7060 30.64
7061 7.64
7062 3.48
7063 0.00
7064 0.43
7065 1.39
7066 0.92
7067 1.27
7068 1.43
7069 1.85
7070 1.08
7071 0.61
7072 0.53
7073 1.37
7074 1.02
7075 1.11
7076 0.85
7077 0.49
7078 4.73
7079 2.08
7080 4.05
7081 0.23
7082 0.00
7083 0.14
7084 10.09
7085 8.14
7086 0.28
7087 0.33
7088 0.26
7089 0.84
7090 0.82
7091 0.47
7092 0.46
7093 0.43
7094 0.56
7095 0.69
7096 0.77
7097 0.75
7098 1.17
7099 0.58
7100 0.80
7101 1.58
7102 1.50
7103 7.39
7104 3.07
7105 0.19
7106 0.43
7107 0.41
7108 11.01
7109 32.43
7110 1.01
7111 0.59
7112 0.52
7113 0.75
7114 0.68
7115 0.88
7116 1.07
7117 1.18
7118 1.10
7119 1.64
7120 1.34
7121 1.40
7122 1.81
7123 2.08
7124 2.79
7125 14.55
7126 1.66
7127 9.25
7128 6.59
7129 0.27
7130 0.26
7131 0.00
7132 17.78
7133 0.27
7134 15.21
7135 0.36
7136 0.51
7137 0.70
7138 0.78
7139 0.83
7140 1.06
7141 0.98
7142 0.98
7143 1.03
7144 1.28
7145 1.46
7146 2.01
7147 3.85
7148 1.43
7149 10.79
7150 1.88
7151 2.02
7152 14.43
7153 0.15
7154 0.59
7155 24.49
7156 0.70
7157 10.25
7158 38.71
7159 0.43
7160 0.50
7161 1.00
7162 0.78
7163 1.10
7164 0.99
7165 0.95
7166 1.00
7167 1.43
7168 1.38
7169 1.75
7170 2.58
7171 2.88
7172 1.49
7173 0.89
7174 3.09
7175 2.63
7176 8.89
7177 0.26
7178 0.47
7179 0.39
7180 23.95
7181 0.00
7182 4.01
7183 0.29
7184 0.49
7185 0.84
7186 1.01
7187 0.92
7188 1.33
7189 1.22
7190 1.08
7191 1.42
7192 1.14
7193 1.52
7194 2.18
7195 2.46
7196 1.08
7197 9.94
7198 6.09
7199 8.11
7200 2.96
7201 0.26
7202 0.00
7203 33.96
7204 6.41
7205 3.88
7206 0.00
7207 1.10
7208 0.44
7209 0.74
7210 0.92
7211 1.00
7212 1.24
7213 1.15
7214 1.08
7215 1.54
7216 1.39
7217 1.50
7218 2.35
7219 2.64
7220 1.46
7221 3.84
7222 1.19
7223 2.48
7224 4.79
7225 0.25
7226 15.79
7227 50.00
7228 0.00
7229 3.44
7230 8.99
7231 1.05
7232 0.38
7233 0.90
7234 0.98
7235 1.10
7236 0.97
7237 1.28
7238 1.04
7239 1.78
7240 0.78
7241 1.56
7242 1.24
7243 1.41
7244 1.08
7245 1.42
7246 15.02
7247 3.06
7248 5.59
7249 0.10
7250 0.47
7251 9.56
7252 25.17
7253 10.21
7254 0.26
7255 0.28
7256 0.12
7257 0.29
7258 2.26
7259 2.58
7260 0.46
7261 0.57
7262 0.57
7263 0.56
7264 0.78
7265 1.14
7266 1.46
7267 2.51
7268 2.90
7269 0.64
7270 2.29
7271 13.00
7272 16.88
7273 0.07
7274 0.42
7275 0.14
7276 45.00
7277 3.29
7278 1.04
7279 0.48
7280 0.29
7281 0.92
7282 1.14
7283 1.04
7284 1.33
7285 1.24
7286 1.41
7287 1.54
7288 1.41
7289 1.65
7290 1.68
7291 2.59
7292 2.83
7293 1.37
7294 0.54
7295 1.63
7296 14.50
7297 0.08
7298 0.20
7299 16.22
7300 24.52
7301 5.18
7302 56.25
7303 0.18
7304 0.18
7305 0.23
7306 0.31
7307 0.36
7308 0.34
7309 0.52
7310 0.58
7311 0.67
7312 0.75
7313 0.91
7314 1.40
7315 2.01
7316 1.22
7317 14.14
7318 12.97
7319 14.00
7320 0.00
7321 0.23
7322 0.00
7323 22.78
7324 0.00
7325 18.85
7326 0.29
7327 0.34
7328 0.42
7329 0.75
7330 0.83
7331 1.12
7332 1.17
7333 0.98
7334 1.17
7335 1.33
7336 1.37
7337 1.81
7338 1.69
7339 2.69
7340 0.98
7341 3.41
7342 1.87
7343 12.24
7344 4.48
7345 0.22
7346 0.56
7347 20.93
7348 12.72
7349 1.35
7350 0.17
7351 3.92
7352 0.46
7353 0.84
7354 0.79
7355 1.04
7356 1.11
7357 0.78
7358 1.13
7359 1.42
7360 1.37
7361 1.63
7362 2.05
7363 2.09
7364 1.46
7365 3.21
7366 1.46
7367 0.77
7368 2.37
7369 0.15
7370 0.00
7371 43.37
7372 7.87
7373 6.04
7374 0.00
7375 7.87
7376 0.44
7377 0.79
7378 0.87
7379 0.91
7380 1.11
7381 1.18
7382 1.01
7383 1.26
7384 1.27
7385 1.69
7386 2.16
7387 2.31
7388 1.00
7389 1.77
7390 4.12
7391 9.36
7392 6.28
7393 0.22
7394 1.27
7395 0.00
7396 0.00
7397 4.09
7398 20.40
7399 12.61
7400 0.36
7401 1.00
7402 1.05
7403 1.32
7404 1.46
7405 1.79
7406 0.79
7407 1.27
7408 1.37
7409 1.15
7410 1.12
7411 0.98
7412 1.53
7413 8.52
7414 1.43
7415 2.87
7416 19.53
7417 0.09
7418 49.54
7419 19.51
7420 1.77
7421 9.45
7422 0.28
7423 0.39
7424 0.11
7425 0.27
7426 0.70
7427 0.78
7428 0.97
7429 0.44
7430 0.41
7431 0.59
7432 0.73
7433 0.97
7434 0.91
7435 0.63
7436 1.41
7437 2.33
7438 1.47
7439 1.03
7440 36.99
7441 0.13
7442 0.22
7443 0.36
7444 0.00
7445 5.01
7446 0.28
7447 2.25
7448 0.46
7449 0.91
7450 0.83
7451 1.19
7452 1.32
7453 1.27
7454 1.40
7455 1.69
7456 1.41
7457 1.74
7458 2.05
7459 2.80
7460 2.08
7461 0.83
7462 2.50
7463 1.95
7464 20.21
7465 0.23
7466 19.08
7467 2.12
7468 2.22
7469 0.26
7470 0.28
7471 7.69
7472 0.52
7473 0.93
7474 0.98
7475 0.99
7476 1.04
7477 1.00
7478 1.10
7479 1.31
7480 1.32
7481 1.89
7482 1.98
7483 2.23
7484 1.69
7485 1.06
7486 2.44
7487 2.51
7488 21.01
7489 0.25
7490 24.16
7491 28.12
7492 33.03
7493 0.21
7494 0.20
7495 1.70
7496 0.42
7497 0.72
7498 0.73
7499 1.11
7500 1.18
7501 1.07
7502 1.24
7503 1.24
7504 1.48
7505 1.78
7506 1.74
7507 2.48
7508 4.05
7509 11.81
7510 1.90
7511 2.70
7512 24.03
7513 0.31
7514 0.41
7515 24.32
7516 0.00
7517 0.00
7518 0.71
7519 0.35
7520 0.48
7521 0.86
7522 0.93
7523 1.05
7524 1.41
7525 1.12
7526 1.20
7527 1.50
7528 1.39
7529 1.48
7530 2.09
7531 2.71
7532 0.72
7533 1.31
7534 1.75
7535 1.05
7536 11.54
7537 0.17
7538 5.35
7539 45.57
7540 0.00
7541 3.98
7542 0.13
7543 0.71
7544 0.36
7545 0.96
7546 0.77
7547 0.96
7548 1.00
7549 1.36
7550 1.21
7551 1.19
7552 1.74
7553 1.80
7554 2.02
7555 2.38
7556 0.77
7557 5.03
7558 2.90
7559 1.46
7560 5.39
7561 0.17
7562 12.00
7563 7.55
7564 4.53
7565 0.48
7566 9.65
7567 1.10
7568 0.34
7569 0.97
7570 0.92
7571 1.24
7572 2.05
7573 1.87
7574 1.23
7575 1.22
7576 0.84
7577 0.92
7578 0.94
7579 1.53
7580 1.02
7581 1.71
7582 3.28
7583 2.26
7584 5.66
7585 0.15
7586 15.13
7587 21.62
7588 7.89
7589 1.96
7590 0.33
7591 0.81
7592 0.23
7593 1.07
7594 0.50
7595 0.65
7596 0.79
7597 0.83
7598 0.87
7599 0.59
7600 0.77
7601 0.74
7602 1.13
7603 1.08
7604 0.91
7605 2.94
7606 2.64
7607 8.49
7608 21.22
7609 0.15
7610 0.43
7611 0.00
7612 18.00
7613 34.45
7614 0.37
7615 6.46
7616 0.44
7617 0.87
7618 0.78
7619 1.05
7620 1.32
7621 1.19
7622 1.25
7623 1.71
7624 1.55
7625 1.36
7626 1.61
7627 2.46
7628 1.61
7629 0.68
7630 0.69
7631 7.33
7632 5.47
7633 0.22
7634 5.76
7635 0.00
7636 1.00
7637 10.38
7638 0.40
7639 0.35
7640 0.45
7641 0.87
7642 0.92
7643 1.08
7644 1.30
7645 1.41
7646 1.15
7647 1.49
7648 1.37
7649 1.62
7650 2.09
7651 1.89
7652 1.92
7653 1.39
7654 1.68
7655 5.02
7656 5.67
7657 0.27
7658 0.65
7659 6.79
7660 14.34
7661 0.00
7662 0.39
7663 1.09
7664 0.41
7665 0.96
7666 0.88
7667 1.10
7668 1.18
7669 1.06
7670 1.17
7671 1.37
7672 1.26
7673 1.48
7674 2.01
7675 3.21
7676 0.90
7677 1.18
7678 36.00
7679 6.33
7680 1.15
7681 0.22
7682 0.43
7683 0.00
7684 9.32
7685 0.53
7686 0.13
7687 10.00
7688 0.39
7689 0.97
7690 0.99
7691 1.00
7692 1.05
7693 1.21
7694 1.16
7695 1.43
7696 1.43
7697 1.70
7698 2.05
7699 2.22
7700 1.09
7701 1.16
7702 8.69
7703 3.97
7704 2.50
7705 0.31
7706 17.78
7707 0.00
7708 5.50
7709 0.45
7710 53.73
7711 0.50
7712 0.42
7713 0.80
7714 0.90
7715 1.16
7716 1.30
7717 1.23
7718 1.39
7719 1.63
7720 1.83
7721 1.66
7722 2.12
7723 2.79
7724 0.95
7725 0.95
7726 1.93
7727 4.56
7728 57.14
7729 0.14
7730 0.00
7731 0.00
7732 6.88
7733 9.77
7734 0.32
7735 0.44
7736 0.33
7737 1.15
7738 0.89
7739 0.99
7740 1.42
7741 1.61
7742 1.02
7743 0.82
7744 0.74
7745 0.90
7746 0.73
7747 1.64
7748 0.70
7749 0.75
7750 2.24
7751 5.68
7752 2.93
7753 0.12
7754 22.57
7755 0.00
7756 6.38
7757 1.00
7758 0.37
7759 0.20
7760 0.15
7761 0.37
7762 0.44
7763 0.58
7764 0.40
7765 0.48
7766 0.44
7767 0.53
7768 0.69
7769 0.91
7770 0.68
7771 1.38
7772 0.76
7773 0.76
7774 1.27
7775 5.39
7776 19.67
7777 0.17
7778 0.00
7779 0.00
7780 10.86
7781 0.32
7782 0.82
7783 0.92
7784 0.32
7785 0.98
7786 0.89
7787 1.08
7788 1.22
7789 1.17
7790 1.29
7791 1.47
7792 1.37
7793 1.37
7794 1.50
7795 2.32
7796 3.89
7797 0.85
7798 28.27
7799 1.43
7800 6.28
7801 0.27
7802 0.58
7803 2.26
7804 12.23
7805 0.32
7806 0.13
7807 22.04
7808 0.38
7809 0.80
7810 0.95
7811 1.03
7812 1.41
7813 1.07
7814 1.19
7815 1.36
7816 1.26
7817 1.41
7818 1.63
7819 2.44
7820 0.90
7821 1.29
7822 2.27
7823 8.96
7824 2.21
7825 0.26
7826 0.66
7827 3.45
7828 2.58
7829 1.00
7830 0.14
7831 0.26
7832 0.41
7833 0.91
7834 0.89
7835 0.97
7836 1.00
7837 1.05
7838 0.99
7839 1.41
7840 1.41
7841 1.42
7842 1.81
7843 2.40
7844 0.92
7845 1.19
7846 1.60
7847 11.29
7848 2.16
7849 0.31
7850 0.00
7851 0.00
7852 0.81
7853 26.21
7854 0.60
7855 4.65
7856 0.38
7857 0.76
7858 1.02
7859 1.00
7860 1.39
7861 1.04
7862 1.21
7863 1.45
7864 1.31
7865 1.42
7866 2.25
7867 3.08
7868 1.13
7869 1.64
7870 2.11
7871 3.94
7872 5.78
7873 0.35
7874 1.88
7875 1.14
7876 2.76
7877 9.11
7878 0.24
7879 0.43
7880 0.48
7881 0.81
7882 1.05
7883 1.11
7884 1.09
7885 1.23
7886 1.07
7887 1.26
7888 1.17
7889 1.52
7890 1.74
7891 2.58
7892 1.74
7893 2.00
7894 1.95
7895 3.70
7896 4.75
7897 0.19
7898 4.21
7899 18.09
7900 0.00
7901 28.35
7902 1.61
7903 6.57
7904 0.31
7905 1.04
7906 0.86
7907 1.32
7908 1.58
7909 1.00
7910 0.72
7911 0.91
7912 0.62
7913 1.47
7914 0.97
7915 1.04
7916 0.79
7917 0.85
7918 0.64
7919 3.38
7920 21.47
7921 0.09
7922 0.00
7923 26.67
7924 0.00
7925 1.82
7926 0.20
7927 0.19
7928 0.15
7929 0.63
7930 0.52
7931 0.51
7932 0.48
7933 0.57
7934 0.49
7935 0.60
7936 0.52
7937 0.60
7938 1.09
7939 0.44
7940 2.24
7941 1.63
7942 3.15
7943 2.29
7944 23.15
7945 0.23
7946 18.09
7947 0.00
7948 14.17
7949 7.62
7950 1.55
7951 0.80
7952 0.35
7953 0.91
7954 0.93
7955 1.00
7956 1.04
7957 1.17
7958 0.91
7959 1.43
7960 1.49
7961 1.49
7962 1.80
7963 2.31
7964 3.72
7965 9.50
7966 5.52
7967 3.39
7968 0.00
7969 0.22
7970 0.42
7971 0.27
7972 5.52
7973 1.12
7974 48.65
7975 0.58
7976 0.40
7977 0.69
7978 1.14
7979 1.15
7980 1.40
7981 1.06
7982 1.17
7983 1.46
7984 1.10
7985 1.26
7986 1.68
7987 2.45
7988 8.32
7989 2.53
7990 1.47
7991 2.48
7992 3.96
7993 0.20
7994 0.39
7995 0.00
7996 10.56
7997 11.60
7998 4.05
7999 0.35
8000 0.40
8001 1.02
8002 0.98
8003 1.15
8004 1.18
8005 1.00
8006 1.08
8007 1.71
8008 1.34
8009 1.86
8010 2.68
8011 1.98
8012 1.39
8013 10.15
8014 12.46
8015 8.21
8016 2.57
8017 0.27
8018 0.20
8019 0.26
8020 3.54
8021 0.00
8022 19.63
8023 15.92
8024 0.35
8025 0.87
8026 1.19
8027 1.17
8028 1.14
8029 1.52
8030 1.25
8031 1.43
8032 1.27
8033 1.71
8034 1.99
8035 2.49
8036 2.04
8037 8.89
8038 8.58
8039 2.52
8040 14.94
8041 0.30
8042 27.48
8043 17.82
8044 16.59
8045 0.95
8046 1.36
8047 1.27
8048 0.35
8049 1.22
8050 0.87
8051 1.20
8052 1.32
8053 1.04
8054 1.20
8055 1.31
8056 1.36
8057 1.54
8058 2.16
8059 2.51
8060 1.05
8061 1.37
8062 2.42
8063 1.31
8064 16.07
8065 0.23
8066 23.84
8067 0.00
8068 38.92
8069 43.37
8070 0.00
8071 10.39
8072 0.31
8073 0.61
8074 1.16
8075 1.23
8076 1.36
8077 0.96
8078 0.73
8079 0.74
8080 0.81
8081 1.22
8082 1.23
8083 1.64
8084 0.84
8085 0.43
8086 0.95
8087 1.23
8088 35.64
8089 0.16
8090 0.00
8091 14.94
8092 0.00
8093 1.00
8094 0.13
8095 0.53
8096 0.09
8097 0.55
8098 0.53
8099 0.73
8100 0.51
8101 0.44
8102 0.56
8103 0.53
8104 0.72
8105 0.70
8106 1.08
8107 0.92
8108 0.92
8109 1.02
8110 0.94
8111 2.65
8112 0.00
8113 0.10
8114 7.63
8115 0.00
8116 0.00
8117 2.96
8118 0.58
8119 0.79
8120 0.31
8121 1.02
8122 1.14
8123 1.26
8124 1.20
8125 1.56
8126 1.29
8127 1.44
8128 1.41
8129 1.35
8130 1.58
8131 2.94
8132 1.85
8133 1.45
8134 0.62
8135 8.42
8136 12.20
8137 0.14
8138 27.91
8139 24.16
8140 0.43
8141 2.95
8142 21.56
8143 0.56
8144 0.38
8145 0.84
8146 1.10
8147 1.14
8148 1.13
8149 1.33
8150 1.16
8151 1.24
8152 1.33
8153 1.58
8154 1.90
8155 3.22
8156 1.68
8157 0.50
8158 3.23
8159 8.50
8160 3.34
8161 0.20
8162 15.06
8163 23.38
8164 19.89
8165 7.13
8166 1.60
8167 0.35
8168 0.37
8169 0.71
8170 0.98
8171 1.10
8172 1.13
8173 1.05
8174 1.08
8175 1.44
8176 1.32
8177 1.89
8178 2.07
8179 2.28
8180 0.89
8181 1.95
8182 3.02
8183 2.08
8184 4.12
8185 0.24
8186 28.69
8187 25.00
8188 6.37
8189 9.88
8190 0.21
8191 1.23
8192 0.44
8193 1.07
8194 0.73
8195 0.97
8196 1.12
8197 1.07
8198 1.36
8199 1.36
8200 1.57
8201 1.79
8202 2.05
8203 2.24
8204 1.42
8205 3.59
8206 1.63
8207 4.54
8208 6.44
8209 0.42
8210 0.17
8211 0.36
8212 0.00
8213 7.31
8214 38.71
8215 0.22
8216 0.35
8217 0.76
8218 1.06
8219 1.20
8220 1.42
8221 1.39
8222 1.43
8223 1.77
8224 1.21
8225 1.41
8226 1.78
8227 2.40
8228 1.31
8229 0.33
8230 3.15
8231 2.54
8232 1.77
8233 0.20
8234 25.90
8235 23.33
8236 0.87
8237 4.65
8238 0.66
8239 1.73
8240 0.36
8241 1.45
8242 1.42
8243 1.62
8244 1.37
8245 1.49
8246 0.94
8247 1.08
8248 0.72
8249 0.93
8250 1.06
8251 1.02
8252 2.23
8253 0.90
8254 20.15
8255 6.51
8256 8.29
8257 0.13
8258 10.88
8259 0.00
8260 0.00
8261 1.46
8262 0.00
8263 0.09
8264 0.10
8265 1.60
8266 0.49
8267 0.66
8268 0.58
8269 0.63
8270 0.66
8271 0.53
8272 1.26
8273 0.65
8274 0.88
8275 1.16
8276 1.08
8277 0.64
8278 1.87
8279 1.61
8280 11.65
8281 0.16
8282 0.00
8283 0.14
8284 40.00
8285 47.37
8286 0.25
8287 0.29
8288 0.46
8289 0.72
8290 0.86
8291 1.08
8292 1.17
8293 1.35
8294 1.24
8295 1.36
8296 1.45
8297 1.72
8298 1.56
8299 3.03
8300 1.77
8301 0.56
8302 20.93
8303 13.78
8304 22.00
8305 0.22
8306 9.96
8307 21.05
8308 31.03
8309 43.37
8310 4.62
8311 0.56
8312 0.32
8313 0.78
8314 0.93
8315 1.06
8316 1.16
8317 1.22
8318 1.13
8319 1.43
8320 1.41
8321 1.78
8322 1.61
8323 2.88
8324 1.01
8325 0.86
8326 6.90
8327 6.33
8328 3.88
8329 0.21
8330 50.00
8331 18.65
8332 11.21
8333 1.15
8334 0.19
8335 1.74
8336 0.36
8337 0.79
8338 1.12
8339 1.11
8340 0.95
8341 1.03
8342 1.06
8343 1.36
8344 1.57
8345 1.90
8346 2.17
8347 2.18
8348 1.93
8349 7.43
8350 1.97
8351 1.50
8352 2.77
8353 0.20
8354 0.20
8355 0.00
8356 15.00
8357 0.00
8358 0.00
8359 0.27
8360 0.37
8361 1.00
8362 0.90
8363 1.20
8364 1.06
8365 1.28
8366 1.25
8367 1.71
8368 1.29
8369 2.06
8370 1.97
8371 2.16
8372 0.82
8373 8.24
8374 6.06
8375 4.93
8376 4.14
8377 0.25
8378 13.95
8379 27.91
8380 0.84
8381 5.43
8382 2.73
8383 3.04
8384 0.38
8385 1.07
8386 0.99
8387 1.01
8388 1.68
8389 1.48
8390 1.56
8391 1.67
8392 1.55
8393 1.50
8394 1.89
8395 1.97
8396 1.66
8397 1.94
8398 1.41
8399 6.50
8400 9.28
8401 0.40
8402 0.51
8403 55.81
8404 23.84
8405 11.29
8406 7.07
8407 13.14
8408 0.31
8409 1.33
8410 1.25
8411 1.30
8412 1.41
8413 1.50
8414 0.86
8415 0.95
8416 0.63
8417 1.15
8418 0.84
8419 1.34
8420 1.11
8421 1.51
8422 1.91
8423 1.38
8424 6.12
8425 0.23
8426 0.00
8427 24.32
8428 29.03
8429 1.00
8430 0.00
8431 0.23
8432 0.11
8433 0.41
8434 0.73
8435 0.89
8436 0.42
8437 0.63
8438 0.88
8439 0.59
8440 0.51
8441 0.63
8442 0.68
8443 5.81
8444 3.03
8445 1.20
8446 2.39
8447 1.56
8448 29.75
8449 0.17
8450 0.39
8451 48.00
8452 0.00
8453 6.20
8454 2.36
8455 0.35
8456 0.39
8457 0.92
8458 1.04
8459 1.16
8460 1.44
8461 1.12
8462 1.22
8463 1.61
8464 1.49
8465 1.83
8466 1.91
8467 1.90
8468 3.09
8469 7.82
8470 16.13
8471 2.61
8472 28.12
8473 0.24
8474 0.29
8475 15.03
8476 1.24
8477 38.20
8478 2.34
8479 0.33
8480 0.37
8481 0.95
8482 1.23
8483 1.19
8484 1.38
8485 1.41
8486 1.35
8487 1.39
8488 1.82
8489 1.63
8490 2.20
8491 2.54
8492 3.01
8493 0.83
8494 14.25
8495 9.08
8496 33.13
8497 0.16
8498 0.30
8499 0.00
8500 27.48
8501 0.00
8502 2.55
8503 0.10
8504 0.30
8505 0.81
8506 1.30
8507 1.43
8508 1.37
8509 1.15
8510 1.31
8511 1.53
8512 1.73
8513 2.21
8514 2.01
8515 2.84
8516 1.03
8517 1.81
8518 4.37
8519 6.60
8520 6.19
8521 0.15
8522 0.54
8523 0.00
8524 42.35
8525 5.65
8526 43.73
8527 0.31
8528 0.31
8529 1.19
8530 1.23
8531 1.18
8532 1.40
8533 1.37
8534 1.27
8535 1.34
8536 1.51
8537 1.86
8538 1.85
8539 1.86
8540 1.01
8541 54.55
8542 11.39
8543 3.65
8544 32.73
8545 0.11
8546 21.95
8547 0.95
8548 13.98
8549 9.08
8550 0.37
8551 0.16
8552 0.33
8553 1.05
8554 1.35
8555 1.24
8556 1.25
8557 1.45
8558 1.47
8559 1.60
8560 0.99
8561 0.97
8562 1.38
8563 1.83
8564 1.60
8565 0.92
8566 1.76
8567 4.04
8568 9.54
8569 0.13
8570 0.00
8571 26.67
8572 0.00
8573 4.63
8574 49.32
8575 0.00
8576 0.29
8577 3.69
8578 1.01
8579 1.34
8580 1.80
8581 2.04
8582 0.77
8583 0.91
8584 1.05
8585 1.23
8586 0.93
8587 0.97
8588 0.74
8589 1.14
8590 2.61
8591 0.85
8592 4.78
8593 0.08
8594 0.00
8595 0.36
8596 0.00
8597 1.95
8598 6.11
8599 0.00
8600 0.14
8601 6.74
8602 0.36
8603 3.95
8604 0.36
8605 0.75
8606 0.55
8607 0.54
8608 1.01
8609 1.46
8610 0.66
8611 1.18
8612 0.66
8613 4.13
8614 2.93
8615 22.93
8616 3.23
8617 0.12
8618 16.82
8619 15.79
8620 17.39
8621 14.69
8622 0.21
8623 0.11
8624 0.15
8625 0.37
8626 0.42
8627 0.59
8628 0.37
8629 0.47
8630 0.48
8631 0.71
8632 0.90
8633 1.33
8634 1.77
8635 2.49
8636 0.97
8637 5.13
8638 1.58
8639 20.45
8640 39.85
8641 0.13
8642 14.94
8643 23.68
8644 0.00
8645 28.88
8646 0.37
8647 0.54
8648 0.17
8649 0.36
8650 0.48
8651 0.74
8652 0.64
8653 0.59
8654 0.65
8655 0.61
8656 0.79
8657 0.91
8658 1.38
8659 2.13
8660 0.85
8661 19.70
8662 5.63
8663 2.49
8664 0.00
8665 0.13
8666 14.57
8667 0.00
8668 14.59
8669 54.55
8670 0.40
8671 0.17
8672 0.24
8673 1.20
8674 1.30
8675 1.43
8676 0.81
8677 0.86
8678 0.96
8679 0.87
8680 1.28
8681 1.46
8682 1.85
8683 2.93
8684 0.86
8685 1.67
8686 22.93
8687 7.02
8688 24.96
8689 0.07
8690 16.07
8691 0.00
8692 21.69
8693 50.00
8694 0.00
8695 0.10
8696 0.22
8697 1.95
8698 1.39
8699 1.57
8700 1.04
8701 1.09
8702 1.18
8703 1.35
8704 1.53
8705 2.04
8706 2.04
8707 2.98
8708 0.97
8709 19.62
8710 1.55
8711 2.49
8712 19.94
8713 0.08
8714 50.70
8715 0.00
8716 0.00
8717 11.54
8718 3.64
8719 0.19
8720 0.21
8721 1.86
8722 1.24
8723 1.23
8724 1.27
8725 1.30
8726 1.07
8727 1.08
8728 1.22
8729 1.55
8730 1.72
8731 2.28
8732 0.64
8733 1.78
8734 1.75
8735 13.01
8736 52.94
8737 0.10
8738 0.00
8739 47.06
8740 26.09
8741 10.13
8742 7.84
8743 0.45
8744 0.20
8745 1.29
8746 2.00
8747 1.39
8748 1.44
8749 0.97
8750 1.32
8751 1.31
8752 0.91
8753 0.93
8754 1.43
8755 1.44
8756 0.62
8757 0.53
8758 0.44
8759 1.24
8760 2.17
