1 41
2 7
3 3
4 4
5 6
6 1
7 1
8 26
9 4
10 5
11 16
12 9
13 23
14 17
15 23
16 31
17 24
18 9
19 7
20 3
21 9
22 2
23 5
24 2
25 9
26 1
27 0
28 0
29 2
30 3
31 1
32 176
33 35
34 59
35 67
36 77
37 68
38 75
39 85
40 68
41 88
42 147
43 51
44 11
45 4
46 3
47 2
48 1
49 6
50 1
51 1
52 3
53 2
54 2
55 0
56 176
57 111
58 109
59 129
60 129
61 114
62 152
63 99
64 103
65 127
66 146
67 82
68 17
69 8
70 7
71 8
72 1
73 8
74 2
75 0
76 0
77 0
78 3
79 6
80 179
81 140
82 135
83 119
84 141
85 182
86 125
87 129
88 151
89 143
90 155
91 74
92 21
93 7
94 10
95 5
96 1
97 10
98 2
99 0
100 1
101 0
102 1
103 2
104 177
105 155
106 157
107 132
108 126
109 149
110 94
111 135
112 125
113 152
114 153
115 102
116 23
117 4
118 6
119 5
120 1
121 6
122 3
123 0
124 2
125 2
126 2
127 2
128 161
129 129
130 130
131 152
132 115
133 168
134 148
135 135
136 147
137 147
138 213
139 97
140 21
141 7
142 8
143 3
144 1
145 10
146 1
147 0
148 0
149 1
150 5
151 1
152 68
153 43
154 65
155 47
156 50
157 55
158 38
159 44
160 68
161 31
162 40
163 38
164 25
165 8
166 3
167 5
168 1
169 9
170 4
171 0
172 1
173 2
174 1
175 1
176 25
177 7
178 9
179 25
180 31
181 40
182 26
183 29
184 31
185 16
186 19
187 15
188 10
189 4
190 7
191 5
192 3
193 9
194 0
195 1
196 0
197 1
198 1
199 5
200 217
201 157
202 150
203 154
204 159
205 137
206 147
207 124
208 137
209 162
210 203
211 90
212 9
213 2
214 4
215 4
216 3
217 9
218 1
219 0
220 0
221 1
222 2
223 5
224 211
225 170
226 190
227 164
228 185
229 165
230 170
231 168
232 160
233 166
234 210
235 102
236 19
237 3
238 5
239 1
240 2
241 5
242 1
243 0
244 2
245 2
246 5
247 8
248 207
249 166
250 193
251 171
252 161
253 203
254 158
255 133
256 154
257 167
258 200
259 125
260 28
261 2
262 7
263 7
264 2
265 6
266 1
267 1
268 3
269 0
270 3
271 7
272 214
273 157
274 175
275 166
276 166
277 195
278 170
279 160
280 159
281 159
282 196
283 102
284 25
285 5
286 7
287 5
288 5
289 6
290 0
291 1
292 1
293 1
294 0
295 4
296 216
297 181
298 183
299 170
300 169
301 199
302 180
303 166
304 150
305 192
306 235
307 129
308 21
309 2
310 3
311 6
312 3
313 8
314 3
315 0
316 2
317 0
318 2
319 1
320 82
321 33
322 59
323 62
324 98
325 73
326 60
327 66
328 85
329 56
330 62
331 54
332 19
333 5
334 6
335 9
336 5
337 6
338 4
339 0
340 0
341 3
342 2
343 1
344 29
345 21
346 35
347 48
348 48
349 73
350 93
351 75
352 46
353 20
354 25
355 19
356 4
357 10
358 5
359 5
360 2
361 6
362 0
363 0
364 1
365 4
366 2
367 3
368 234
369 303
370 218
371 210
372 178
373 217
374 179
375 188
376 250
377 177
378 226
379 108
380 19
381 6
382 4
383 5
384 1
385 8
386 1
387 2
388 0
389 1
390 1
391 3
392 255
393 247
394 254
395 201
396 227
397 193
398 169
399 181
400 250
401 205
402 211
403 129
404 26
405 3
406 2
407 5
408 4
409 8
410 2
411 0
412 0
413 3
414 3
415 5
416 230
417 283
418 289
419 251
420 219
421 216
422 209
423 186
424 281
425 194
426 260
427 154
428 26
429 6
430 6
431 5
432 1
433 10
434 1
435 0
436 1
437 1
438 3
439 6
440 253
441 261
442 264
443 246
444 220
445 190
446 211
447 221
448 237
449 218
450 269
451 142
452 23
453 13
454 7
455 4
456 2
457 6
458 2
459 1
460 1
461 6
462 0
463 2
464 259
465 240
466 283
467 258
468 250
469 284
470 257
471 254
472 256
473 236
474 295
475 158
476 26
477 7
478 16
479 6
480 11
481 9
482 0
483 0
484 2
485 0
486 3
487 0
488 87
489 77
490 108
491 121
492 110
493 84
494 65
495 61
496 34
497 50
498 52
499 64
500 21
501 4
502 7
503 12
504 1
505 5
506 1
507 2
508 0
509 4
510 2
511 1
512 37
513 20
514 29
515 44
516 43
517 52
518 37
519 61
520 29
521 30
522 23
523 17
524 7
525 4
526 4
527 3
528 2
529 5
530 1
531 0
532 2
533 2
534 4
535 4
536 271
537 212
538 252
539 259
540 228
541 272
542 245
543 243
544 218
545 187
546 247
547 136
548 26
549 4
550 7
551 1
552 1
553 3
554 1
555 0
556 1
557 4
558 1
559 11
560 277
561 271
562 286
563 266
564 252
565 273
566 277
567 282
568 284
569 229
570 288
571 176
572 15
573 3
574 2
575 4
576 2
577 5
578 0
579 1
580 0
581 1
582 2
583 10
584 333
585 273
586 292
587 319
588 276
589 262
590 248
591 244
592 219
593 219
594 223
595 153
596 31
597 3
598 2
599 2
600 3
601 5
602 1
603 0
604 3
605 0
606 2
607 0
608 239
609 112
610 173
611 267
612 198
613 198
614 151
615 160
616 194
617 174
618 134
619 80
620 17
621 8
622 6
623 5
624 0
625 3
626 2
627 0
628 0
629 2
630 1
631 1
632 253
633 179
634 195
635 182
636 180
637 203
638 177
639 147
640 180
641 201
642 223
643 132
644 28
645 6
646 3
647 3
648 0
649 6
650 0
651 0
652 1
653 0
654 0
655 2
656 93
657 40
658 63
659 82
660 101
661 106
662 59
663 53
664 77
665 55
666 63
667 62
668 24
669 11
670 8
671 2
672 1
673 6
674 1
675 2
676 1
677 3
678 2
679 0
680 29
681 8
682 19
683 24
684 52
685 37
686 31
687 40
688 29
689 21
690 36
691 20
692 8
693 5
694 2
695 6
696 2
697 5
698 0
699 1
700 1
701 4
702 1
703 7
704 283
705 224
706 269
707 265
708 225
709 228
710 273
711 238
712 188
713 166
714 217
715 112
716 22
717 4
718 2
719 3
720 2
721 5
722 1
723 1
724 0
725 3
726 2
727 5
728 318
729 240
730 289
731 272
732 246
733 248
734 251
735 266
736 249
737 211
738 241
739 167
740 24
741 13
742 5
743 3
744 3
745 5
746 1
747 1
748 0
749 2
750 1
751 7
752 260
753 226
754 328
755 256
756 226
757 253
758 237
759 221
760 203
761 211
762 289
763 146
764 32
765 11
766 2
767 4
768 1
769 5
770 1
771 0
772 0
773 3
774 0
775 5
776 278
777 239
778 271
779 249
780 197
781 228
782 222
783 213
784 190
785 247
786 276
787 110
788 31
789 8
790 3
791 5
792 1
793 6
794 2
795 0
796 0
797 2
798 1
799 2
800 285
801 231
802 289
803 247
804 217
805 234
806 221
807 183
808 170
809 192
810 245
811 159
812 26
813 8
814 5
815 3
816 4
817 6
818 0
819 0
820 1
821 0
822 2
823 6
824 131
825 54
826 110
827 121
828 135
829 64
830 96
831 71
832 63
833 42
834 60
835 44
836 15
837 4
838 6
839 6
840 7
841 5
842 2
843 1
844 2
845 2
846 1
847 6
848 27
849 8
850 12
851 15
852 25
853 27
854 37
855 45
856 44
857 23
858 12
859 10
860 7
861 7
862 3
863 2
864 0
865 6
866 1
867 0
868 1
869 3
870 1
871 2
872 272
873 169
874 295
875 231
876 233
877 200
878 202
879 199
880 197
881 161
882 210
883 157
884 17
885 2
886 3
887 0
888 1
889 4
890 1
891 4
892 1
893 2
894 2
895 2
896 271
897 219
898 258
899 233
900 223
901 215
902 197
903 200
904 191
905 222
906 262
907 122
908 17
909 4
910 2
911 0
912 2
913 4
914 1
915 2
916 0
917 1
918 0
919 2
920 281
921 203
922 292
923 283
924 245
925 258
926 256
927 238
928 202
929 178
930 276
931 130
932 25
933 5
934 5
935 4
936 1
937 5
938 0
939 0
940 2
941 3
942 2
943 4
944 280
945 245
946 255
947 243
948 213
949 237
950 213
951 255
952 201
953 202
954 213
955 126
956 19
957 1
958 2
959 3
960 3
961 4
962 2
963 0
964 0
965 2
966 2
967 1
968 258
969 225
970 293
971 228
972 232
973 244
974 224
975 208
976 207
977 244
978 292
979 136
980 17
981 9
982 9
983 6
984 3
985 5
986 1
987 0
988 0
989 1
990 3
991 2
992 120
993 99
994 105
995 107
996 111
997 101
998 74
999 78
1000 107
1001 60
1002 84
1003 58
1004 35
1005 7
1006 2
1007 5
1008 4
1009 4
1010 0
1011 0
1012 0
1013 2
1014 0
1015 0
1016 36
1017 21
1018 27
1019 30
1020 57
1021 41
1022 53
1023 38
1024 34
1025 39
1026 47
1027 25
1028 12
1029 6
1030 8
1031 5
1032 2
1033 3
1034 1
1035 0
1036 3
1037 4
1038 0
1039 5
1040 291
1041 204
1042 228
1043 192
1044 214
1045 209
1046 188
1047 225
1048 229
1049 222
1050 290
1051 112
1052 16
1053 5
1054 4
1055 5
1056 1
1057 3
1058 0
1059 0
1060 0
1061 3
1062 2
1063 15
1064 272
1065 224
1066 317
1067 277
1068 245
1069 281
1070 272
1071 239
1072 262
1073 240
1074 288
1075 157
1076 15
1077 3
1078 3
1079 3
1080 1
1081 5
1082 2
1083 0
1084 0
1085 6
1086 0
1087 5
1088 339
1089 266
1090 286
1091 271
1092 266
1093 272
1094 237
1095 229
1096 218
1097 235
1098 279
1099 187
1100 8
1101 1
1102 7
1103 4
1104 0
1105 3
1106 2
1107 1
1108 2
1109 3
1110 0
1111 5
1112 309
1113 256
1114 290
1115 219
1116 237
1117 258
1118 212
1119 214
1120 210
1121 254
1122 227
1123 147
1124 19
1125 4
1126 4
1127 2
1128 1
1129 5
1130 2
1131 0
1132 0
1133 0
1134 1
1135 4
1136 289
1137 246
1138 310
1139 243
1140 272
1141 254
1142 267
1143 224
1144 205
1145 203
1146 265
1147 157
1148 17
1149 4
1150 2
1151 4
1152 1
1153 5
1154 3
1155 1
1156 1
1157 3
1158 0
1159 3
1160 105
1161 104
1162 108
1163 148
1164 141
1165 117
1166 70
1167 68
1168 74
1169 67
1170 94
1171 52
1172 12
1173 6
1174 6
1175 3
1176 0
1177 9
1178 3
1179 0
1180 1
1181 3
1182 0
1183 0
1184 37
1185 25
1186 24
1187 46
1188 44
1189 49
1190 65
1191 65
1192 32
1193 25
1194 41
1195 18
1196 8
1197 4
1198 3
1199 3
1200 1
1201 3
1202 1
1203 0
1204 1
1205 1
1206 0
1207 4
1208 279
1209 263
1210 321
1211 282
1212 216
1213 205
1214 231
1215 226
1216 234
1217 218
1218 308
1219 161
1220 19
1221 1
1222 2
1223 4
1224 2
1225 3
1226 0
1227 0
1228 0
1229 2
1230 2
1231 2
1232 269
1233 191
1234 283
1235 258
1236 257
1237 250
1238 232
1239 185
1240 217
1241 218
1242 254
1243 127
1244 19
1245 6
1246 2
1247 2
1248 3
1249 4
1250 1
1251 0
1252 1
1253 1
1254 1
1255 1
1256 284
1257 236
1258 267
1259 261
1260 227
1261 279
1262 237
1263 231
1264 173
1265 203
1266 256
1267 130
1268 9
1269 4
1270 2
1271 3
1272 0
1273 1
1274 0
1275 0
1276 1
1277 0
1278 0
1279 2
1280 245
1281 229
1282 308
1283 261
1284 258
1285 223
1286 224
1287 217
1288 171
1289 209
1290 244
1291 124
1292 17
1293 6
1294 2
1295 4
1296 2
1297 2
1298 0
1299 0
1300 1
1301 3
1302 0
1303 0
1304 276
1305 257
1306 291
1307 242
1308 217
1309 232
1310 252
1311 207
1312 226
1313 200
1314 242
1315 147
1316 23
1317 5
1318 6
1319 6
1320 3
1321 7
1322 0
1323 0
1324 1
1325 1
1326 0
1327 1
1328 87
1329 46
1330 93
1331 106
1332 112
1333 93
1334 95
1335 59
1336 90
1337 59
1338 114
1339 40
1340 20
1341 12
1342 7
1343 7
1344 2
1345 5
1346 0
1347 0
1348 0
1349 5
1350 2
1351 1
1352 26
1353 6
1354 8
1355 26
1356 17
1357 27
1358 44
1359 32
1360 35
1361 73
1362 15
1363 8
1364 9
1365 3
1366 4
1367 1
1368 1
1369 3
1370 1
1371 0
1372 0
1373 1
1374 1
1375 2
1376 259
1377 185
1378 292
1379 254
1380 239
1381 235
1382 202
1383 207
1384 207
1385 235
1386 291
1387 153
1388 22
1389 7
1390 4
1391 5
1392 1
1393 2
1394 1
1395 3
1396 2
1397 4
1398 1
1399 3
1400 281
1401 217
1402 329
1403 273
1404 222
1405 251
1406 253
1407 198
1408 175
1409 228
1410 339
1411 117
1412 19
1413 8
1414 4
1415 0
1416 2
1417 2
1418 1
1419 1
1420 0
1421 3
1422 0
1423 4
1424 296
1425 187
1426 263
1427 263
1428 229
1429 259
1430 244
1431 205
1432 215
1433 242
1434 263
1435 216
1436 17
1437 4
1438 5
1439 7
1440 1
1441 3
1442 1
1443 1
1444 0
1445 1
1446 0
1447 2
1448 285
1449 264
1450 305
1451 290
1452 244
1453 240
1454 254
1455 211
1456 197
1457 227
1458 239
1459 159
1460 15
1461 2
1462 7
1463 2
1464 3
1465 4
1466 1
1467 1
1468 4
1469 0
1470 0
1471 1
1472 93
1473 44
1474 84
1475 92
1476 123
1477 101
1478 117
1479 55
1480 65
1481 46
1482 54
1483 66
1484 20
1485 6
1486 5
1487 8
1488 4
1489 9
1490 0
1491 1
1492 0
1493 4
1494 1
1495 2
1496 21
1497 3
1498 14
1499 27
1500 46
1501 47
1502 76
1503 50
1504 32
1505 56
1506 23
1507 14
1508 8
1509 7
1510 5
1511 4
1512 0
1513 2
1514 0
1515 0
1516 0
1517 1
1518 1
1519 0
1520 312
1521 241
1522 290
1523 214
1524 242
1525 265
1526 241
1527 210
1528 229
1529 229
1530 314
1531 129
1532 9
1533 2
1534 2
1535 5
1536 1
1537 4
1538 0
1539 0
1540 1
1541 2
1542 0
1543 2
1544 255
1545 236
1546 315
1547 268
1548 268
1549 285
1550 258
1551 244
1552 217
1553 258
1554 396
1555 129
1556 11
1557 4
1558 6
1559 2
1560 1
1561 2
1562 0
1563 2
1564 1
1565 1
1566 1
1567 2
1568 286
1569 238
1570 323
1571 303
1572 240
1573 247
1574 257
1575 175
1576 185
1577 204
1578 249
1579 142
1580 19
1581 4
1582 1
1583 0
1584 0
1585 3
1586 1
1587 0
1588 3
1589 3
1590 1
1591 0
1592 281
1593 262
1594 313
1595 287
1596 246
1597 300
1598 261
1599 264
1600 225
1601 216
1602 305
1603 177
1604 23
1605 1
1606 6
1607 4
1608 1
1609 3
1610 2
1611 2
1612 2
1613 0
1614 0
1615 0
1616 286
1617 238
1618 310
1619 260
1620 243
1621 272
1622 243
1623 206
1624 207
1625 260
1626 317
1627 187
1628 24
1629 3
1630 2
1631 4
1632 3
1633 9
1634 2
1635 0
1636 1
1637 3
1638 0
1639 0
1640 95
1641 54
1642 84
1643 106
1644 124
1645 58
1646 84
1647 63
1648 72
1649 44
1650 93
1651 57
1652 20
1653 5
1654 8
1655 2
1656 0
1657 7
1658 1
1659 2
1660 0
1661 4
1662 1
1663 4
1664 34
1665 19
1666 27
1667 48
1668 99
1669 48
1670 72
1671 45
1672 39
1673 60
1674 40
1675 26
1676 8
1677 8
1678 3
1679 2
1680 0
1681 7
1682 0
1683 0
1684 1
1685 4
1686 1
1687 0
1688 251
1689 160
1690 192
1691 181
1692 137
1693 155
1694 194
1695 168
1696 184
1697 156
1698 215
1699 80
1700 17
1701 4
1702 5
1703 2
1704 0
1705 3
1706 1
1707 0
1708 0
1709 0
1710 1
1711 3
1712 242
1713 230
1714 278
1715 255
1716 201
1717 213
1718 203
1719 187
1720 200
1721 202
1722 259
1723 171
1724 16
1725 4
1726 5
1727 0
1728 1
1729 4
1730 0
1731 2
1732 0
1733 6
1734 2
1735 5
1736 311
1737 210
1738 315
1739 260
1740 240
1741 312
1742 289
1743 243
1744 276
1745 271
1746 311
1747 167
1748 18
1749 6
1750 1
1751 4
1752 1
1753 3
1754 2
1755 2
1756 2
1757 1
1758 0
1759 2
1760 280
1761 257
1762 299
1763 256
1764 253
1765 307
1766 273
1767 279
1768 225
1769 243
1770 283
1771 181
1772 10
1773 4
1774 0
1775 1
1776 0
1777 4
1778 2
1779 1
1780 2
1781 0
1782 0
1783 1
1784 293
1785 275
1786 269
1787 258
1788 264
1789 270
1790 247
1791 237
1792 209
1793 207
1794 278
1795 169
1796 29
1797 5
1798 5
1799 3
1800 2
1801 3
1802 2
1803 1
1804 0
1805 0
1806 3
1807 0
1808 111
1809 53
1810 94
1811 150
1812 104
1813 94
1814 67
1815 73
1816 45
1817 45
1818 87
1819 75
1820 19
1821 6
1822 4
1823 1
1824 3
1825 6
1826 2
1827 0
1828 0
1829 2
1830 1
1831 0
1832 28
1833 2
1834 11
1835 17
1836 24
1837 35
1838 55
1839 52
1840 25
1841 22
1842 33
1843 20
1844 4
1845 6
1846 5
1847 3
1848 1
1849 5
1850 1
1851 0
1852 0
1853 0
1854 2
1855 1
1856 261
1857 232
1858 260
1859 254
1860 211
1861 254
1862 232
1863 204
1864 200
1865 225
1866 280
1867 153
1868 13
1869 1
1870 4
1871 2
1872 1
1873 2
1874 1
1875 1
1876 0
1877 0
1878 0
1879 3
1880 261
1881 271
1882 325
1883 260
1884 237
1885 228
1886 230
1887 237
1888 196
1889 228
1890 269
1891 148
1892 7
1893 4
1894 2
1895 0
1896 1
1897 4
1898 0
1899 0
1900 2
1901 1
1902 0
1903 0
1904 297
1905 242
1906 276
1907 302
1908 244
1909 254
1910 257
1911 205
1912 214
1913 233
1914 294
1915 165
1916 15
1917 6
1918 1
1919 2
1920 0
1921 2
1922 0
1923 1
1924 1
1925 1
1926 0
1927 0
1928 281
1929 231
1930 305
1931 245
1932 183
1933 244
1934 254
1935 220
1936 185
1937 189
1938 234
1939 150
1940 21
1941 2
1942 4
1943 3
1944 0
1945 2
1946 1
1947 0
1948 1
1949 0
1950 0
1951 0
1952 292
1953 264
1954 309
1955 253
1956 223
1957 252
1958 269
1959 230
1960 209
1961 221
1962 253
1963 165
1964 21
1965 0
1966 1
1967 0
1968 1
1969 3
1970 0
1971 1
1972 0
1973 0
1974 0
1975 0
1976 90
1977 47
1978 74
1979 90
1980 90
1981 104
1982 63
1983 57
1984 41
1985 26
1986 77
1987 54
1988 14
1989 7
1990 6
1991 1
1992 0
1993 4
1994 0
1995 1
1996 0
1997 2
1998 0
1999 0
2000 28
2001 8
2002 10
2003 70
2004 58
2005 28
2006 44
2007 84
2008 30
2009 15
2010 14
2011 15
2012 9
2013 5
2014 3
2015 6
2016 2
2017 2
2018 0
2019 1
2020 1
2021 0
2022 1
2023 0
2024 301
2025 234
2026 294
2027 336
2028 223
2029 276
2030 277
2031 222
2032 202
2033 242
2034 214
2035 171
2036 10
2037 0
2038 2
2039 3
2040 1
2041 3
2042 0
2043 0
2044 1
2045 0
2046 0
2047 0
2048 280
2049 257
2050 270
2051 247
2052 273
2053 285
2054 258
2055 263
2056 247
2057 235
2058 341
2059 145
2060 15
2061 3
2062 0
2063 4
2064 1
2065 4
2066 0
2067 1
2068 1
2069 1
2070 0
2071 0
2072 318
2073 247
2074 337
2075 301
2076 289
2077 299
2078 312
2079 265
2080 258
2081 224
2082 241
2083 153
2084 6
2085 1
2086 6
2087 4
2088 2
2089 3
2090 0
2091 1
2092 1
2093 0
2094 0
2095 0
2096 299
2097 226
2098 339
2099 289
2100 244
2101 283
2102 291
2103 246
2104 213
2105 224
2106 255
2107 145
2108 12
2109 1
2110 1
2111 0
2112 3
2113 6
2114 0
2115 0
2116 0
2117 2
2118 1
2119 4
2120 332
2121 270
2122 297
2123 316
2124 283
2125 244
2126 261
2127 228
2128 267
2129 256
2130 305
2131 173
2132 16
2133 0
2134 3
2135 2
2136 1
2137 4
2138 0
2139 0
2140 0
2141 0
2142 1
2143 0
2144 99
2145 39
2146 68
2147 101
2148 99
2149 76
2150 75
2151 57
2152 76
2153 39
2154 56
2155 34
2156 19
2157 4
2158 1
2159 4
2160 3
2161 3
2162 0
2163 1
2164 1
2165 2
2166 1
2167 0
2168 117
2169 30
2170 33
2171 45
2172 60
2173 47
2174 62
2175 34
2176 11
2177 17
2178 21
2179 10
2180 4
2181 3
2182 1
2183 1
2184 1
2185 1
2186 1
2187 4
2188 0
2189 1
2190 0
2191 1
2192 311
2193 268
2194 323
2195 284
2196 252
2197 258
2198 249
2199 233
2200 203
2201 220
2202 312
2203 158
2204 11
2205 1
2206 1
2207 0
2208 2
2209 2
2210 0
2211 1
2212 2
2213 0
2214 0
2215 2
2216 247
2217 223
2218 292
2219 291
2220 227
2221 261
2222 289
2223 229
2224 240
2225 251
2226 323
2227 152
2228 10
2229 7
2230 2
2231 0
2232 1
2233 1
2234 2
2235 0
2236 1
2237 2
2238 0
2239 1
2240 289
2241 258
2242 299
2243 263
2244 253
2245 250
2246 228
2247 209
2248 210
2249 207
2250 266
2251 192
2252 12
2253 4
2254 2
2255 0
2256 2
2257 1
2258 2
2259 0
2260 2
2261 1
2262 0
2263 1
2264 302
2265 281
2266 279
2267 312
2268 263
2269 246
2270 253
2271 249
2272 217
2273 259
2274 288
2275 198
2276 13
2277 0
2278 1
2279 1
2280 2
2281 3
2282 1
2283 0
2284 1
2285 0
2286 1
2287 0
2288 223
2289 79
2290 97
2291 101
2292 144
2293 156
2294 112
2295 112
2296 89
2297 118
2298 117
2299 54
2300 12
2301 2
2302 0
2303 2
2304 0
2305 1
2306 1
2307 0
2308 0
2309 0
2310 1
2311 0
2312 64
2313 35
2314 56
2315 56
2316 77
2317 37
2318 32
2319 38
2320 38
2321 27
2322 41
2323 52
2324 7
2325 0
2326 1
2327 0
2328 1
2329 1
2330 1
2331 1
2332 0
2333 2
2334 0
2335 0
2336 22
2337 2
2338 4
2339 11
2340 14
2341 16
2342 19
2343 23
2344 15
2345 13
2346 12
2347 7
2348 5
2349 3
2350 0
2351 0
2352 1
2353 1
2354 1
2355 0
2356 1
2357 0
2358 0
2359 2
2360 223
2361 92
2362 92
2363 112
2364 118
2365 104
2366 133
2367 139
2368 110
2369 91
2370 136
2371 91
2372 7
2373 4
2374 1
2375 1
2376 1
2377 3
2378 0
2379 0
2380 0
2381 2
2382 0
2383 0
2384 217
2385 197
2386 208
2387 190
2388 182
2389 211
2390 225
2391 197
2392 181
2393 195
2394 243
2395 134
2396 12
2397 5
2398 3
2399 1
2400 1
2401 4
2402 0
2403 0
2404 0
2405 4
2406 0
2407 0
2408 202
2409 224
2410 257
2411 214
2412 186
2413 235
2414 193
2415 200
2416 182
2417 171
2418 204
2419 116
2420 12
2421 2
2422 1
2423 0
2424 0
2425 2
2426 0
2427 1
2428 2
2429 1
2430 2
2431 0
2432 232
2433 223
2434 257
2435 227
2436 193
2437 245
2438 239
2439 207
2440 218
2441 209
2442 219
2443 152
2444 11
2445 2
2446 0
2447 0
2448 2
2449 2
2450 0
2451 0
2452 2
2453 0
2454 0
2455 0
2456 297
2457 204
2458 252
2459 225
2460 238
2461 290
2462 246
2463 260
2464 210
2465 224
2466 265
2467 166
2468 13
2469 2
2470 3
2471 1
2472 0
2473 3
2474 0
2475 1
2476 0
2477 0
2478 0
2479 0
2480 80
2481 28
2482 79
2483 87
2484 75
2485 53
2486 45
2487 52
2488 63
2489 31
2490 59
2491 27
2492 24
2493 3
2494 1
2495 1
2496 0
2497 1
2498 0
2499 0
2500 0
2501 2
2502 0
2503 0
2504 18
2505 6
2506 10
2507 20
2508 23
2509 25
2510 31
2511 26
2512 32
2513 9
2514 23
2515 5
2516 2
2517 0
2518 0
2519 2
2520 2
2521 2
2522 0
2523 0
2524 0
2525 3
2526 0
2527 0
2528 236
2529 205
2530 265
2531 248
2532 232
2533 231
2534 243
2535 239
2536 169
2537 218
2538 291
2539 111
2540 21
2541 8
2542 0
2543 1
2544 0
2545 3
2546 0
2547 1
2548 1
2549 0
2550 0
2551 3
2552 246
2553 202
2554 283
2555 273
2556 254
2557 249
2558 242
2559 240
2560 190
2561 214
2562 314
2563 109
2564 13
2565 5
2566 0
2567 2
2568 0
2569 1
2570 1
2571 0
2572 2
2573 0
2574 0
2575 1
2576 258
2577 227
2578 295
2579 236
2580 238
2581 249
2582 278
2583 223
2584 193
2585 235
2586 247
2587 141
2588 14
2589 2
2590 2
2591 2
2592 1
2593 0
2594 1
2595 1
2596 1
2597 0
2598 1
2599 1
2600 267
2601 214
2602 297
2603 240
2604 200
2605 280
2606 239
2607 215
2608 205
2609 220
2610 261
2611 145
2612 14
2613 2
2614 0
2615 0
2616 0
2617 4
2618 1
2619 1
2620 1
2621 2
2622 0
2623 0
2624 245
2625 244
2626 324
2627 263
2628 253
2629 244
2630 228
2631 245
2632 165
2633 190
2634 256
2635 148
2636 16
2637 4
2638 0
2639 0
2640 1
2641 1
2642 1
2643 0
2644 0
2645 0
2646 0
2647 1
2648 82
2649 40
2650 78
2651 101
2652 104
2653 112
2654 104
2655 59
2656 71
2657 50
2658 99
2659 74
2660 10
2661 4
2662 5
2663 2
2664 0
2665 0
2666 1
2667 1
2668 0
2669 1
2670 0
2671 0
2672 19
2673 3
2674 11
2675 15
2676 20
2677 27
2678 29
2679 33
2680 32
2681 44
2682 20
2683 8
2684 4
2685 2
2686 2
2687 0
2688 0
2689 1
2690 0
2691 0
2692 0
2693 5
2694 1
2695 0
2696 253
2697 189
2698 279
2699 246
2700 216
2701 266
2702 225
2703 204
2704 207
2705 160
2706 263
2707 103
2708 11
2709 4
2710 2
2711 1
2712 0
2713 1
2714 0
2715 0
2716 3
2717 1
2718 0
2719 2
2720 263
2721 184
2722 265
2723 258
2724 204
2725 190
2726 239
2727 187
2728 178
2729 217
2730 315
2731 109
2732 15
2733 2
2734 1
2735 2
2736 2
2737 1
2738 0
2739 0
2740 0
2741 0
2742 9
2743 1
2744 340
2745 183
2746 141
2747 132
2748 134
2749 162
2750 164
2751 104
2752 73
2753 77
2754 108
2755 78
2756 11
2757 0
2758 0
2759 2
2760 2
2761 1
2762 0
2763 0
2764 1
2765 4
2766 0
2767 0
2768 272
2769 243
2770 287
2771 271
2772 248
2773 245
2774 245
2775 207
2776 208
2777 244
2778 257
2779 167
2780 10
2781 1
2782 1
2783 0
2784 1
2785 0
2786 0
2787 0
2788 1
2789 0
2790 0
2791 0
2792 247
2793 254
2794 294
2795 256
2796 237
2797 265
2798 228
2799 235
2800 192
2801 198
2802 264
2803 144
2804 17
2805 5
2806 4
2807 1
2808 1
2809 1
2810 2
2811 1
2812 1
2813 1
2814 2
2815 0
2816 99
2817 66
2818 94
2819 107
2820 159
2821 119
2822 95
2823 55
2824 69
2825 34
2826 52
2827 60
2828 15
2829 0
2830 2
2831 1
2832 1
2833 2
2834 0
2835 0
2836 2
2837 1
2838 1
2839 1
2840 19
2841 4
2842 11
2843 33
2844 40
2845 44
2846 53
2847 53
2848 28
2849 38
2850 8
2851 7
2852 4
2853 1
2854 2
2855 0
2856 0
2857 0
2858 1
2859 1
2860 0
2861 4
2862 2
2863 1
2864 243
2865 225
2866 263
2867 246
2868 232
2869 211
2870 229
2871 224
2872 194
2873 203
2874 285
2875 120
2876 12
2877 3
2878 1
2879 1
2880 2
2881 1
2882 1
2883 0
2884 0
2885 0
2886 2
2887 1
2888 230
2889 207
2890 304
2891 262
2892 242
2893 257
2894 243
2895 211
2896 233
2897 223
2898 332
2899 112
2900 9
2901 3
2902 0
2903 0
2904 2
2905 1
2906 1
2907 0
2908 1
2909 0
2910 4
2911 0
2912 281
2913 218
2914 304
2915 246
2916 214
2917 233
2918 252
2919 195
2920 199
2921 209
2922 245
2923 149
2924 19
2925 3
2926 1
2927 0
2928 1
2929 2
2930 0
2931 0
2932 0
2933 0
2934 1
2935 0
2936 295
2937 238
2938 284
2939 242
2940 218
2941 230
2942 241
2943 198
2944 196
2945 222
2946 266
2947 146
2948 19
2949 2
2950 1
2951 0
2952 1
2953 1
2954 0
2955 0
2956 0
2957 1
2958 1
2959 1
2960 240
2961 230
2962 287
2963 285
2964 260
2965 243
2966 282
2967 203
2968 205
2969 209
2970 274
2971 165
2972 16
2973 2
2974 1
2975 1
2976 2
2977 2
2978 0
2979 1
2980 0
2981 0
2982 0
2983 1
2984 115
2985 98
2986 110
2987 124
2988 117
2989 95
2990 77
2991 53
2992 65
2993 49
2994 68
2995 49
2996 16
2997 4
2998 2
2999 7
3000 1
3001 2
3002 1
3003 0
3004 0
3005 1
3006 0
3007 0
3008 22
3009 5
3010 16
3011 23
3012 34
3013 41
3014 39
3015 38
3016 31
3017 30
3018 21
3019 15
3020 4
3021 3
3022 5
3023 1
3024 0
3025 1
3026 1
3027 0
3028 0
3029 4
3030 0
3031 1
3032 275
3033 251
3034 302
3035 231
3036 207
3037 230
3038 232
3039 214
3040 197
3041 213
3042 275
3043 117
3044 11
3045 2
3046 1
3047 0
3048 1
3049 2
3050 0
3051 0
3052 0
3053 0
3054 0
3055 3
3056 271
3057 245
3058 309
3059 278
3060 218
3061 256
3062 268
3063 212
3064 196
3065 232
3066 275
3067 151
3068 12
3069 1
3070 1
3071 1
3072 0
3073 1
3074 0
3075 0
3076 0
3077 0
3078 0
3079 1
3080 279
3081 232
3082 348
3083 284
3084 235
3085 257
3086 294
3087 235
3088 216
3089 199
3090 302
3091 165
3092 15
3093 0
3094 1
3095 1
3096 0
3097 0
3098 3
3099 1
3100 1
3101 1
3102 2
3103 0
3104 286
3105 256
3106 333
3107 301
3108 263
3109 250
3110 257
3111 223
3112 196
3113 210
3114 305
3115 177
3116 14
3117 7
3118 2
3119 2
3120 1
3121 1
3122 3
3123 0
3124 2
3125 1
3126 0
3127 0
3128 312
3129 266
3130 277
3131 211
3132 220
3133 223
3134 253
3135 189
3136 180
3137 214
3138 296
3139 116
3140 17
3141 5
3142 1
3143 0
3144 1
3145 0
3146 1
3147 1
3148 0
3149 0
3150 0
3151 0
3152 105
3153 67
3154 83
3155 124
3156 129
3157 115
3158 76
3159 51
3160 80
3161 47
3162 48
3163 56
3164 12
3165 1
3166 4
3167 6
3168 1
3169 3
3170 0
3171 2
3172 1
3173 1
3174 0
3175 1
3176 116
3177 49
3178 66
3179 40
3180 22
3181 24
3182 18
3183 26
3184 61
3185 24
3186 34
3187 15
3188 6
3189 1
3190 1
3191 1
3192 0
3193 1
3194 0
3195 2
3196 0
3197 2
3198 0
3199 1
3200 218
3201 220
3202 255
3203 220
3204 197
3205 247
3206 231
3207 199
3208 166
3209 225
3210 301
3211 109
3212 10
3213 1
3214 0
3215 2
3216 2
3217 1
3218 3
3219 0
3220 0
3221 1
3222 0
3223 1
3224 289
3225 231
3226 296
3227 231
3228 220
3229 242
3230 250
3231 205
3232 210
3233 225
3234 300
3235 99
3236 19
3237 0
3238 0
3239 1
3240 0
3241 2
3242 0
3243 0
3244 1
3245 1
3246 0
3247 1
3248 277
3249 226
3250 287
3251 244
3252 227
3253 254
3254 241
3255 254
3256 205
3257 251
3258 310
3259 150
3260 22
3261 2
3262 0
3263 4
3264 2
3265 0
3266 1
3267 1
3268 1
3269 1
3270 0
3271 3
3272 298
3273 271
3274 326
3275 275
3276 261
3277 290
3278 260
3279 230
3280 240
3281 225
3282 281
3283 184
3284 21
3285 7
3286 2
3287 4
3288 2
3289 0
3290 1
3291 0
3292 0
3293 0
3294 0
3295 0
3296 282
3297 261
3298 315
3299 318
3300 271
3301 263
3302 282
3303 293
3304 213
3305 246
3306 318
3307 232
3308 32
3309 6
3310 5
3311 4
3312 1
3313 2
3314 3
3315 2
3316 1
3317 1
3318 0
3319 0
3320 121
3321 62
3322 105
3323 122
3324 117
3325 113
3326 96
3327 74
3328 102
3329 61
3330 99
3331 68
3332 25
3333 12
3334 4
3335 3
3336 0
3337 1
3338 1
3339 0
3340 0
3341 2
3342 0
3343 0
3344 25
3345 8
3346 17
3347 34
3348 27
3349 54
3350 58
3351 83
3352 36
3353 29
3354 22
3355 13
3356 5
3357 0
3358 5
3359 2
3360 0
3361 1
3362 1
3363 0
3364 1
3365 1
3366 3
3367 1
3368 290
3369 240
3370 301
3371 241
3372 247
3373 254
3374 273
3375 239
3376 219
3377 226
3378 301
3379 145
3380 17
3381 3
3382 2
3383 2
3384 0
3385 0
3386 0
3387 0
3388 0
3389 1
3390 1
3391 1
3392 285
3393 256
3394 305
3395 305
3396 254
3397 215
3398 243
3399 223
3400 241
3401 213
3402 321
3403 120
3404 21
3405 9
3406 1
3407 3
3408 2
3409 1
3410 0
3411 1
3412 1
3413 1
3414 0
3415 0
3416 275
3417 268
3418 300
3419 259
3420 296
3421 303
3422 269
3423 245
3424 218
3425 218
3426 288
3427 159
3428 21
3429 5
3430 3
3431 8
3432 0
3433 2
3434 1
3435 0
3436 1
3437 0
3438 2
3439 0
3440 288
3441 245
3442 271
3443 274
3444 239
3445 265
3446 258
3447 222
3448 222
3449 219
3450 259
3451 151
3452 34
3453 12
3454 2
3455 4
3456 0
3457 1
3458 1
3459 0
3460 1
3461 0
3462 0
3463 0
3464 295
3465 204
3466 302
3467 242
3468 225
3469 225
3470 239
3471 212
3472 220
3473 201
3474 308
3475 160
3476 31
3477 15
3478 1
3479 1
3480 0
3481 3
3482 0
3483 0
3484 2
3485 0
3486 0
3487 0
3488 89
3489 66
3490 87
3491 116
3492 152
3493 129
3494 97
3495 74
3496 67
3497 72
3498 73
3499 70
3500 21
3501 5
3502 3
3503 3
3504 1
3505 4
3506 0
3507 1
3508 0
3509 1
3510 0
3511 1
3512 16
3513 10
3514 35
3515 51
3516 55
3517 46
3518 65
3519 39
3520 22
3521 11
3522 15
3523 8
3524 13
3525 4
3526 0
3527 3
3528 0
3529 0
3530 0
3531 0
3532 0
3533 0
3534 0
3535 0
3536 211
3537 224
3538 273
3539 230
3540 262
3541 262
3542 216
3543 217
3544 215
3545 192
3546 310
3547 131
3548 15
3549 9
3550 2
3551 2
3552 0
3553 3
3554 0
3555 0
3556 2
3557 2
3558 0
3559 1
3560 301
3561 251
3562 304
3563 285
3564 252
3565 276
3566 248
3567 247
3568 226
3569 224
3570 329
3571 144
3572 18
3573 8
3574 3
3575 4
3576 2
3577 1
3578 0
3579 0
3580 2
3581 1
3582 0
3583 0
3584 305
3585 247
3586 329
3587 338
3588 271
3589 268
3590 268
3591 238
3592 205
3593 243
3594 269
3595 136
3596 29
3597 7
3598 3
3599 2
3600 1
3601 2
3602 0
3603 0
3604 0
3605 2
3606 2
3607 2
3608 261
3609 274
3610 287
3611 281
3612 260
3613 242
3614 264
3615 190
3616 216
3617 229
3618 306
3619 190
3620 40
3621 7
3622 4
3623 4
3624 0
3625 1
3626 0
3627 0
3628 0
3629 0
3630 0
3631 0
3632 305
3633 246
3634 309
3635 292
3636 264
3637 280
3638 251
3639 253
3640 252
3641 241
3642 286
3643 159
3644 34
3645 14
3646 2
3647 2
3648 5
3649 1
3650 0
3651 0
3652 0
3653 0
3654 0
3655 2
3656 118
3657 72
3658 141
3659 140
3660 163
3661 140
3662 112
3663 83
3664 85
3665 47
3666 78
3667 85
3668 24
3669 9
3670 4
3671 3
3672 2
3673 2
3674 1
3675 0
3676 0
3677 1
3678 1
3679 2
3680 22
3681 12
3682 17
3683 26
3684 36
3685 47
3686 56
3687 47
3688 45
3689 21
3690 19
3691 7
3692 5
3693 3
3694 3
3695 4
3696 3
3697 2
3698 1
3699 0
3700 1
3701 2
3702 0
3703 1
3704 278
3705 222
3706 272
3707 291
3708 261
3709 282
3710 228
3711 201
3712 206
3713 214
3714 321
3715 144
3716 11
3717 11
3718 4
3719 3
3720 0
3721 1
3722 0
3723 1
3724 2
3725 0
3726 0
3727 1
3728 305
3729 227
3730 297
3731 249
3732 266
3733 291
3734 270
3735 236
3736 233
3737 259
3738 312
3739 153
3740 31
3741 8
3742 8
3743 6
3744 0
3745 2
3746 1
3747 0
3748 2
3749 0
3750 1
3751 1
3752 288
3753 251
3754 264
3755 286
3756 280
3757 293
3758 284
3759 238
3760 235
3761 245
3762 300
3763 178
3764 24
3765 3
3766 4
3767 3
3768 0
3769 1
3770 0
3771 1
3772 0
3773 1
3774 1
3775 1
3776 284
3777 205
3778 300
3779 269
3780 260
3781 281
3782 249
3783 213
3784 243
3785 241
3786 255
3787 152
3788 21
3789 14
3790 3
3791 3
3792 3
3793 2
3794 1
3795 0
3796 1
3797 1
3798 2
3799 1
3800 256
3801 225
3802 351
3803 332
3804 285
3805 301
3806 355
3807 294
3808 269
3809 257
3810 323
3811 184
3812 33
3813 11
3814 5
3815 4
3816 2
3817 1
3818 1
3819 1
3820 1
3821 0
3822 0
3823 1
3824 80
3825 56
3826 85
3827 126
3828 142
3829 103
3830 87
3831 67
3832 68
3833 43
3834 76
3835 75
3836 35
3837 14
3838 3
3839 2
3840 5
3841 1
3842 1
3843 2
3844 2
3845 1
3846 0
3847 2
3848 20
3849 9
3850 6
3851 24
3852 32
3853 45
3854 33
3855 49
3856 29
3857 58
3858 43
3859 11
3860 9
3861 7
3862 6
3863 4
3864 0
3865 1
3866 1
3867 0
3868 1
3869 0
3870 2
3871 1
3872 226
3873 75
3874 100
3875 145
3876 132
3877 174
3878 157
3879 166
3880 127
3881 138
3882 164
3883 82
3884 12
3885 7
3886 1
3887 2
3888 0
3889 1
3890 1
3891 0
3892 1
3893 2
3894 1
3895 1
3896 245
3897 240
3898 314
3899 307
3900 245
3901 267
3902 244
3903 281
3904 238
3905 261
3906 322
3907 154
3908 13
3909 9
3910 2
3911 5
3912 0
3913 2
3914 2
3915 1
3916 1
3917 0
3918 0
3919 2
3920 261
3921 297
3922 310
3923 298
3924 320
3925 299
3926 306
3927 271
3928 264
3929 283
3930 312
3931 147
3932 31
3933 14
3934 4
3935 4
3936 0
3937 3
3938 1
3939 0
3940 1
3941 3
3942 0
3943 1
3944 265
3945 290
3946 338
3947 248
3948 265
3949 273
3950 264
3951 237
3952 237
3953 242
3954 273
3955 136
3956 25
3957 10
3958 4
3959 4
3960 0
3961 1
3962 1
3963 2
3964 1
3965 0
3966 3
3967 2
3968 294
3969 254
3970 286
3971 241
3972 290
3973 276
3974 281
3975 249
3976 250
3977 233
3978 287
3979 184
3980 35
3981 15
3982 1
3983 4
3984 1
3985 4
3986 1
3987 0
3988 0
3989 1
3990 0
3991 1
3992 107
3993 80
3994 110
3995 147
3996 146
3997 129
3998 76
3999 75
4000 70
4001 45
4002 54
4003 61
4004 29
4005 6
4006 3
4007 5
4008 1
4009 6
4010 2
4011 1
4012 0
4013 2
4014 0
4015 0
4016 20
4017 2
4018 9
4019 22
4020 28
4021 35
4022 37
4023 49
4024 38
4025 13
4026 15
4027 8
4028 4
4029 3
4030 0
4031 0
4032 0
4033 2
4034 0
4035 0
4036 0
4037 0
4038 2
4039 1
4040 283
4041 275
4042 310
4043 306
4044 253
4045 280
4046 258
4047 216
4048 216
4049 230
4050 265
4051 137
4052 27
4053 13
4054 0
4055 5
4056 0
4057 1
4058 0
4059 0
4060 1
4061 0
4062 0
4063 0
4064 292
4065 248
4066 297
4067 268
4068 281
4069 262
4070 239
4071 245
4072 216
4073 219
4074 257
4075 113
4076 30
4077 11
4078 2
4079 1
4080 0
4081 1
4082 0
4083 0
4084 1
4085 1
4086 0
4087 1
4088 292
4089 279
4090 295
4091 300
4092 316
4093 294
4094 285
4095 252
4096 257
4097 243
4098 311
4099 190
4100 26
4101 14
4102 2
4103 9
4104 0
4105 2
4106 0
4107 0
4108 0
4109 1
4110 0
4111 1
4112 281
4113 255
4114 285
4115 288
4116 269
4117 237
4118 243
4119 215
4120 210
4121 256
4122 238
4123 133
4124 26
4125 18
4126 1
4127 5
4128 0
4129 1
4130 1
4131 0
4132 0
4133 1
4134 1
4135 0
4136 269
4137 256
4138 290
4139 258
4140 265
4141 248
4142 275
4143 248
4144 200
4145 183
4146 296
4147 151
4148 48
4149 15
4150 2
4151 2
4152 0
4153 2
4154 0
4155 2
4156 1
4157 1
4158 1
4159 0
4160 114
4161 80
4162 93
4163 113
4164 117
4165 103
4166 87
4167 55
4168 75
4169 72
4170 70
4171 67
4172 24
4173 6
4174 0
4175 4
4176 3
4177 3
4178 1
4179 0
4180 1
4181 0
4182 0
4183 0
4184 17
4185 5
4186 7
4187 9
4188 28
4189 47
4190 56
4191 32
4192 23
4193 21
4194 13
4195 7
4196 3
4197 6
4198 1
4199 0
4200 0
4201 2
4202 1
4203 0
4204 1
4205 0
4206 1
4207 2
4208 221
4209 212
4210 227
4211 216
4212 236
4213 215
4214 234
4215 204
4216 257
4217 188
4218 307
4219 129
4220 33
4221 11
4222 1
4223 4
4224 0
4225 0
4226 0
4227 0
4228 0
4229 0
4230 0
4231 0
4232 286
4233 213
4234 337
4235 287
4236 249
4237 261
4238 281
4239 230
4240 212
4241 232
4242 266
4243 151
4244 52
4245 20
4246 2
4247 2
4248 0
4249 2
4250 0
4251 0
4252 2
4253 0
4254 0
4255 3
4256 286
4257 266
4258 322
4259 270
4260 314
4261 268
4262 292
4263 259
4264 226
4265 243
4266 300
4267 170
4268 31
4269 9
4270 4
4271 4
4272 0
4273 1
4274 1
4275 1
4276 3
4277 0
4278 2
4279 1
4280 293
4281 263
4282 317
4283 273
4284 271
4285 258
4286 236
4287 240
4288 222
4289 220
4290 275
4291 175
4292 47
4293 21
4294 7
4295 6
4296 0
4297 0
4298 0
4299 1
4300 1
4301 0
4302 0
4303 0
4304 275
4305 237
4306 314
4307 280
4308 242
4309 252
4310 236
4311 240
4312 228
4313 213
4314 308
4315 159
4316 23
4317 14
4318 1
4319 3
4320 1
4321 3
4322 0
4323 2
4324 2
4325 2
4326 0
4327 0
4328 119
4329 51
4330 78
4331 102
4332 119
4333 93
4334 78
4335 52
4336 57
4337 36
4338 45
4339 47
4340 17
4341 6
4342 1
4343 1
4344 3
4345 1
4346 0
4347 1
4348 1
4349 0
4350 0
4351 0
4352 20
4353 2
4354 19
4355 43
4356 30
4357 35
4358 44
4359 54
4360 20
4361 17
4362 16
4363 18
4364 0
4365 6
4366 3
4367 2
4368 1
4369 1
4370 1
4371 3
4372 0
4373 1
4374 0
4375 0
4376 271
4377 253
4378 322
4379 296
4380 256
4381 274
4382 263
4383 239
4384 187
4385 223
4386 258
4387 117
4388 19
4389 4
4390 1
4391 5
4392 0
4393 0
4394 0
4395 0
4396 0
4397 0
4398 0
4399 1
4400 288
4401 235
4402 305
4403 300
4404 219
4405 293
4406 264
4407 215
4408 206
4409 203
4410 223
4411 141
4412 36
4413 11
4414 2
4415 3
4416 3
4417 0
4418 0
4419 0
4420 1
4421 0
4422 1
4423 2
4424 283
4425 244
4426 230
4427 243
4428 205
4429 273
4430 242
4431 234
4432 182
4433 212
4434 248
4435 124
4436 27
4437 13
4438 1
4439 5
4440 0
4441 2
4442 0
4443 0
4444 1
4445 2
4446 1
4447 2
4448 264
4449 211
4450 316
4451 308
4452 276
4453 235
4454 267
4455 244
4456 248
4457 223
4458 243
4459 181
4460 25
4461 13
4462 4
4463 1
4464 2
4465 1
4466 0
4467 1
4468 0
4469 1
4470 1
4471 1
4472 237
4473 256
4474 244
4475 280
4476 287
4477 273
4478 254
4479 232
4480 212
4481 201
4482 267
4483 132
4484 26
4485 9
4486 1
4487 3
4488 0
4489 1
4490 0
4491 0
4492 0
4493 0
4494 0
4495 0
4496 100
4497 70
4498 101
4499 122
4500 115
4501 91
4502 72
4503 66
4504 64
4505 41
4506 52
4507 62
4508 22
4509 12
4510 2
4511 3
4512 1
4513 1
4514 0
4515 0
4516 1
4517 1
4518 0
4519 1
4520 12
4521 5
4522 16
4523 18
4524 40
4525 45
4526 63
4527 50
4528 20
4529 54
4530 16
4531 6
4532 8
4533 7
4534 2
4535 6
4536 0
4537 0
4538 1
4539 2
4540 0
4541 1
4542 0
4543 0
4544 190
4545 211
4546 258
4547 224
4548 197
4549 227
4550 257
4551 203
4552 193
4553 182
4554 213
4555 140
4556 25
4557 19
4558 4
4559 2
4560 1
4561 1
4562 0
4563 1
4564 1
4565 0
4566 0
4567 3
4568 285
4569 223
4570 319
4571 259
4572 282
4573 254
4574 255
4575 249
4576 258
4577 209
4578 307
4579 176
4580 27
4581 18
4582 3
4583 5
4584 1
4585 0
4586 1
4587 0
4588 1
4589 0
4590 0
4591 4
4592 297
4593 238
4594 280
4595 283
4596 275
4597 237
4598 250
4599 203
4600 218
4601 208
4602 247
4603 156
4604 27
4605 16
4606 0
4607 3
4608 0
4609 0
4610 0
4611 0
4612 1
4613 1
4614 0
4615 2
4616 284
4617 225
4618 275
4619 253
4620 248
4621 246
4622 253
4623 247
4624 209
4625 197
4626 266
4627 174
4628 26
4629 16
4630 0
4631 1
4632 1
4633 3
4634 0
4635 1
4636 0
4637 0
4638 0
4639 0
4640 276
4641 243
4642 283
4643 266
4644 254
4645 242
4646 240
4647 231
4648 212
4649 241
4650 277
4651 127
4652 41
4653 5
4654 4
4655 2
4656 2
4657 1
4658 1
4659 2
4660 0
4661 0
4662 0
4663 1
4664 93
4665 75
4666 89
4667 117
4668 174
4669 99
4670 141
4671 65
4672 58
4673 77
4674 93
4675 75
4676 19
4677 16
4678 3
4679 1
4680 3
4681 4
4682 0
4683 1
4684 0
4685 0
4686 0
4687 2
4688 111
4689 18
4690 48
4691 49
4692 29
4693 46
4694 28
4695 39
4696 30
4697 15
4698 13
4699 12
4700 4
4701 4
4702 5
4703 5
4704 0
4705 0
4706 1
4707 0
4708 0
4709 0
4710 0
4711 0
4712 291
4713 277
4714 305
4715 261
4716 229
4717 238
4718 271
4719 230
4720 191
4721 227
4722 280
4723 135
4724 23
4725 3
4726 3
4727 4
4728 1
4729 0
4730 0
4731 0
4732 0
4733 1
4734 0
4735 0
4736 268
4737 231
4738 310
4739 252
4740 227
4741 261
4742 236
4743 205
4744 206
4745 240
4746 291
4747 153
4748 25
4749 16
4750 3
4751 3
4752 1
4753 0
4754 0
4755 0
4756 0
4757 1
4758 0
4759 1
4760 275
4761 228
4762 293
4763 307
4764 233
4765 259
4766 276
4767 200
4768 211
4769 211
4770 240
4771 169
4772 33
4773 13
4774 3
4775 1
4776 2
4777 1
4778 1
4779 0
4780 0
4781 0
4782 0
4783 1
4784 264
4785 254
4786 323
4787 314
4788 295
4789 283
4790 277
4791 241
4792 203
4793 232
4794 226
4795 123
4796 25
4797 8
4798 4
4799 2
4800 0
4801 1
4802 0
4803 0
4804 1
4805 1
4806 1
4807 0
4808 280
4809 219
4810 322
4811 296
4812 234
4813 264
4814 246
4815 265
4816 246
4817 227
4818 262
4819 155
4820 39
4821 13
4822 3
4823 3
4824 0
4825 2
4826 0
4827 0
4828 0
4829 0
4830 2
4831 0
4832 111
4833 58
4834 94
4835 144
4836 127
4837 118
4838 128
4839 54
4840 58
4841 65
4842 70
4843 85
4844 23
4845 4
4846 0
4847 6
4848 4
4849 5
4850 0
4851 0
4852 0
4853 0
4854 2
4855 0
4856 14
4857 13
4858 18
4859 22
4860 38
4861 55
4862 61
4863 47
4864 33
4865 25
4866 25
4867 11
4868 16
4869 7
4870 7
4871 11
4872 0
4873 2
4874 1
4875 0
4876 0
4877 1
4878 1
4879 2
4880 199
4881 253
4882 247
4883 239
4884 232
4885 198
4886 204
4887 211
4888 218
4889 240
4890 305
4891 138
4892 21
4893 4
4894 0
4895 2
4896 1
4897 1
4898 0
4899 0
4900 1
4901 1
4902 0
4903 0
4904 256
4905 257
4906 323
4907 298
4908 251
4909 256
4910 252
4911 250
4912 250
4913 236
4914 345
4915 142
4916 14
4917 9
4918 3
4919 4
4920 0
4921 0
4922 0
4923 0
4924 1
4925 0
4926 0
4927 2
4928 295
4929 262
4930 336
4931 313
4932 218
4933 308
4934 274
4935 243
4936 219
4937 236
4938 281
4939 166
4940 14
4941 9
4942 4
4943 4
4944 2
4945 3
4946 1
4947 1
4948 1
4949 1
4950 0
4951 2
4952 263
4953 267
4954 361
4955 304
4956 281
4957 298
4958 266
4959 221
4960 239
4961 276
4962 274
4963 166
4964 31
4965 16
4966 2
4967 3
4968 1
4969 1
4970 0
4971 0
4972 0
4973 3
4974 0
4975 1
4976 238
4977 240
4978 294
4979 277
4980 273
4981 262
4982 255
4983 228
4984 226
4985 234
4986 259
4987 153
4988 29
4989 13
4990 5
4991 1
4992 3
4993 1
4994 1
4995 1
4996 0
4997 0
4998 0
4999 0
5000 111
5001 61
5002 89
5003 151
5004 169
5005 141
5006 113
5007 83
5008 74
5009 47
5010 91
5011 108
5012 30
5013 14
5014 7
5015 3
5016 6
5017 3
5018 0
5019 0
5020 0
5021 0
5022 0
5023 2
5024 15
5025 8
5026 38
5027 97
5028 79
5029 69
5030 77
5031 42
5032 53
5033 56
5034 18
5035 6
5036 7
5037 4
5038 4
5039 5
5040 0
5041 0
5042 0
5043 0
5044 0
5045 2
5046 0
5047 0
5048 254
5049 283
5050 329
5051 295
5052 281
5053 289
5054 251
5055 253
5056 202
5057 256
5058 324
5059 125
5060 20
5061 3
5062 4
5063 0
5064 1
5065 0
5066 1
5067 1
5068 0
5069 0
5070 0
5071 3
5072 245
5073 224
5074 312
5075 283
5076 271
5077 266
5078 279
5079 236
5080 231
5081 209
5082 339
5083 137
5084 19
5085 14
5086 2
5087 1
5088 2
5089 1
5090 0
5091 1
5092 1
5093 2
5094 1
5095 3
5096 273
5097 271
5098 276
5099 302
5100 213
5101 277
5102 271
5103 228
5104 242
5105 212
5106 270
5107 170
5108 27
5109 7
5110 1
5111 3
5112 0
5113 0
5114 0
5115 1
5116 1
5117 1
5118 1
5119 0
5120 278
5121 291
5122 342
5123 288
5124 314
5125 305
5126 256
5127 241
5128 253
5129 225
5130 275
5131 160
5132 37
5133 13
5134 3
5135 2
5136 0
5137 0
5138 0
5139 1
5140 1
5141 2
5142 1
5143 2
5144 276
5145 301
5146 368
5147 245
5148 280
5149 291
5150 302
5151 282
5152 253
5153 258
5154 274
5155 150
5156 35
5157 12
5158 4
5159 7
5160 1
5161 1
5162 2
5163 0
5164 1
5165 0
5166 0
5167 1
5168 101
5169 91
5170 95
5171 105
5172 111
5173 126
5174 98
5175 43
5176 65
5177 47
5178 68
5179 65
5180 23
5181 4
5182 5
5183 0
5184 1
5185 2
5186 1
5187 0
5188 0
5189 0
5190 2
5191 1
5192 17
5193 3
5194 7
5195 11
5196 47
5197 45
5198 38
5199 41
5200 32
5201 48
5202 19
5203 9
5204 9
5205 3
5206 3
5207 6
5208 0
5209 0
5210 1
5211 0
5212 0
5213 2
5214 2
5215 0
5216 215
5217 246
5218 245
5219 270
5220 272
5221 232
5222 251
5223 207
5224 220
5225 224
5226 309
5227 119
5228 24
5229 9
5230 1
5231 4
5232 0
5233 0
5234 0
5235 0
5236 1
5237 2
5238 0
5239 0
5240 266
5241 291
5242 374
5243 272
5244 306
5245 305
5246 322
5247 255
5248 257
5249 265
5250 304
5251 200
5252 23
5253 17
5254 9
5255 7
5256 1
5257 1
5258 0
5259 0
5260 1
5261 0
5262 1
5263 4
5264 254
5265 254
5266 364
5267 269
5268 285
5269 277
5270 287
5271 250
5272 225
5273 238
5274 291
5275 194
5276 24
5277 9
5278 6
5279 3
5280 1
5281 0
5282 0
5283 0
5284 0
5285 2
5286 1
5287 0
5288 282
5289 257
5290 365
5291 301
5292 278
5293 302
5294 258
5295 266
5296 246
5297 210
5298 303
5299 167
5300 19
5301 14
5302 1
5303 0
5304 0
5305 1
5306 1
5307 0
5308 1
5309 0
5310 0
5311 0
5312 282
5313 255
5314 364
5315 310
5316 280
5317 294
5318 316
5319 248
5320 237
5321 217
5322 242
5323 170
5324 45
5325 13
5326 4
5327 6
5328 4
5329 1
5330 0
5331 0
5332 0
5333 0
5334 2
5335 1
5336 104
5337 77
5338 82
5339 138
5340 170
5341 132
5342 108
5343 47
5344 57
5345 53
5346 86
5347 64
5348 34
5349 5
5350 3
5351 4
5352 3
5353 3
5354 1
5355 0
5356 0
5357 1
5358 1
5359 1
5360 14
5361 12
5362 10
5363 24
5364 42
5365 56
5366 51
5367 40
5368 42
5369 29
5370 10
5371 7
5372 6
5373 4
5374 2
5375 3
5376 1
5377 0
5378 0
5379 0
5380 0
5381 3
5382 2
5383 0
5384 257
5385 265
5386 355
5387 316
5388 302
5389 291
5390 297
5391 249
5392 260
5393 231
5394 267
5395 132
5396 25
5397 6
5398 1
5399 4
5400 1
5401 1
5402 0
5403 0
5404 1
5405 2
5406 0
5407 1
5408 277
5409 257
5410 320
5411 300
5412 249
5413 255
5414 307
5415 245
5416 271
5417 238
5418 289
5419 185
5420 31
5421 11
5422 2
5423 5
5424 0
5425 3
5426 0
5427 0
5428 0
5429 1
5430 1
5431 0
5432 265
5433 230
5434 324
5435 316
5436 252
5437 247
5438 246
5439 233
5440 256
5441 245
5442 325
5443 163
5444 31
5445 13
5446 3
5447 4
5448 2
5449 0
5450 0
5451 0
5452 0
5453 2
5454 2
5455 4
5456 278
5457 289
5458 319
5459 307
5460 281
5461 304
5462 282
5463 257
5464 251
5465 253
5466 275
5467 143
5468 29
5469 10
5470 0
5471 5
5472 5
5473 2
5474 0
5475 0
5476 0
5477 0
5478 0
5479 4
5480 243
5481 241
5482 310
5483 268
5484 241
5485 260
5486 240
5487 202
5488 201
5489 197
5490 226
5491 131
5492 39
5493 10
5494 6
5495 4
5496 1
5497 2
5498 1
5499 0
5500 0
5501 1
5502 2
5503 1
5504 92
5505 49
5506 95
5507 109
5508 121
5509 121
5510 133
5511 47
5512 56
5513 61
5514 68
5515 88
5516 28
5517 13
5518 5
5519 3
5520 1
5521 3
5522 0
5523 0
5524 1
5525 0
5526 2
5527 2
5528 10
5529 9
5530 72
5531 79
5532 50
5533 54
5534 68
5535 48
5536 57
5537 55
5538 22
5539 9
5540 12
5541 0
5542 5
5543 5
5544 0
5545 0
5546 0
5547 0
5548 0
5549 1
5550 1
5551 1
5552 192
5553 232
5554 282
5555 230
5556 221
5557 225
5558 216
5559 176
5560 202
5561 219
5562 234
5563 135
5564 25
5565 9
5566 7
5567 5
5568 1
5569 0
5570 1
5571 0
5572 1
5573 1
5574 1
5575 4
5576 239
5577 238
5578 319
5579 299
5580 241
5581 261
5582 253
5583 233
5584 208
5585 247
5586 302
5587 149
5588 35
5589 22
5590 4
5591 2
5592 0
5593 0
5594 1
5595 0
5596 1
5597 1
5598 1
5599 3
5600 255
5601 241
5602 342
5603 288
5604 281
5605 254
5606 299
5607 231
5608 218
5609 243
5610 278
5611 149
5612 33
5613 8
5614 7
5615 3
5616 1
5617 0
5618 0
5619 1
5620 2
5621 0
5622 1
5623 3
5624 264
5625 209
5626 292
5627 281
5628 256
5629 283
5630 233
5631 225
5632 258
5633 200
5634 285
5635 144
5636 24
5637 7
5638 11
5639 1
5640 0
5641 1
5642 0
5643 0
5644 0
5645 3
5646 1
5647 0
5648 247
5649 258
5650 321
5651 305
5652 258
5653 267
5654 269
5655 232
5656 254
5657 234
5658 269
5659 147
5660 42
5661 10
5662 2
5663 5
5664 2
5665 3
5666 1
5667 0
5668 0
5669 0
5670 1
5671 2
5672 87
5673 63
5674 120
5675 109
5676 133
5677 111
5678 117
5679 61
5680 59
5681 57
5682 70
5683 66
5684 20
5685 7
5686 2
5687 2
5688 0
5689 3
5690 0
5691 0
5692 0
5693 0
5694 4
5695 0
5696 14
5697 4
5698 12
5699 37
5700 30
5701 50
5702 53
5703 43
5704 30
5705 24
5706 27
5707 10
5708 7
5709 8
5710 4
5711 2
5712 2
5713 1
5714 0
5715 0
5716 0
5717 2
5718 2
5719 4
5720 263
5721 224
5722 272
5723 262
5724 239
5725 242
5726 262
5727 224
5728 232
5729 239
5730 287
5731 135
5732 41
5733 14
5734 2
5735 1
5736 1
5737 0
5738 0
5739 1
5740 1
5741 2
5742 1
5743 4
5744 260
5745 236
5746 268
5747 243
5748 261
5749 308
5750 242
5751 234
5752 228
5753 237
5754 273
5755 137
5756 24
5757 12
5758 3
5759 4
5760 1
5761 1
5762 0
5763 1
5764 0
5765 1
5766 0
5767 2
5768 266
5769 202
5770 286
5771 270
5772 252
5773 282
5774 233
5775 228
5776 172
5777 229
5778 263
5779 176
5780 28
5781 12
5782 3
5783 5
5784 2
5785 2
5786 0
5787 1
5788 1
5789 0
5790 2
5791 0
5792 256
5793 223
5794 256
5795 266
5796 233
5797 269
5798 269
5799 238
5800 221
5801 216
5802 261
5803 154
5804 25
5805 4
5806 3
5807 5
5808 2
5809 1
5810 0
5811 0
5812 0
5813 0
5814 1
5815 0
5816 270
5817 238
5818 328
5819 279
5820 240
5821 247
5822 252
5823 249
5824 229
5825 242
5826 248
5827 151
5828 35
5829 11
5830 6
5831 5
5832 1
5833 1
5834 0
5835 0
5836 0
5837 2
5838 0
5839 1
5840 104
5841 48
5842 90
5843 97
5844 101
5845 139
5846 101
5847 67
5848 92
5849 54
5850 66
5851 77
5852 34
5853 5
5854 1
5855 4
5856 1
5857 5
5858 1
5859 0
5860 0
5861 0
5862 1
5863 2
5864 19
5865 5
5866 8
5867 22
5868 31
5869 58
5870 62
5871 32
5872 21
5873 18
5874 14
5875 11
5876 5
5877 6
5878 2
5879 5
5880 0
5881 1
5882 0
5883 0
5884 0
5885 2
5886 1
5887 0
5888 215
5889 217
5890 266
5891 250
5892 229
5893 226
5894 250
5895 211
5896 210
5897 205
5898 308
5899 94
5900 22
5901 2
5902 2
5903 3
5904 0
5905 0
5906 1
5907 0
5908 3
5909 1
5910 1
5911 2
5912 271
5913 208
5914 297
5915 258
5916 229
5917 290
5918 269
5919 265
5920 249
5921 260
5922 292
5923 153
5924 17
5925 8
5926 4
5927 2
5928 0
5929 1
5930 1
5931 0
5932 1
5933 3
5934 0
5935 1
5936 290
5937 225
5938 350
5939 266
5940 256
5941 245
5942 296
5943 239
5944 179
5945 201
5946 225
5947 136
5948 39
5949 14
5950 1
5951 5
5952 1
5953 0
5954 0
5955 0
5956 0
5957 2
5958 5
5959 1
5960 268
5961 213
5962 282
5963 270
5964 244
5965 281
5966 236
5967 230
5968 233
5969 240
5970 258
5971 135
5972 48
5973 21
5974 4
5975 7
5976 4
5977 1
5978 0
5979 0
5980 1
5981 0
5982 3
5983 1
5984 253
5985 216
5986 282
5987 266
5988 220
5989 274
5990 214
5991 219
5992 212
5993 223
5994 266
5995 154
5996 39
5997 12
5998 4
5999 6
6000 0
6001 2
6002 0
6003 0
6004 0
6005 0
6006 0
6007 1
6008 83
6009 74
6010 88
6011 85
6012 125
6013 98
6014 88
6015 75
6016 83
6017 55
6018 102
6019 81
6020 35
6021 5
6022 7
6023 6
6024 1
6025 4
6026 1
6027 0
6028 0
6029 0
6030 3
6031 2
6032 18
6033 5
6034 11
6035 29
6036 55
6037 44
6038 56
6039 43
6040 42
6041 35
6042 12
6043 26
6044 13
6045 11
6046 10
6047 3
6048 1
6049 0
6050 0
6051 1
6052 1
6053 5
6054 1
6055 1
6056 275
6057 227
6058 278
6059 247
6060 223
6061 231
6062 231
6063 231
6064 202
6065 210
6066 326
6067 114
6068 25
6069 6
6070 2
6071 6
6072 1
6073 1
6074 3
6075 0
6076 1
6077 2
6078 2
6079 1
6080 288
6081 229
6082 287
6083 243
6084 242
6085 248
6086 270
6087 234
6088 202
6089 246
6090 324
6091 119
6092 41
6093 10
6094 3
6095 4
6096 0
6097 0
6098 1
6099 0
6100 0
6101 2
6102 2
6103 3
6104 270
6105 247
6106 302
6107 267
6108 300
6109 279
6110 248
6111 224
6112 242
6113 243
6114 271
6115 164
6116 30
6117 15
6118 5
6119 1
6120 0
6121 1
6122 0
6123 0
6124 0
6125 1
6126 2
6127 4
6128 248
6129 224
6130 281
6131 308
6132 260
6133 261
6134 230
6135 239
6136 192
6137 215
6138 233
6139 166
6140 30
6141 16
6142 2
6143 4
6144 0
6145 1
6146 0
6147 0
6148 0
6149 2
6150 1
6151 0
6152 246
6153 214
6154 312
6155 264
6156 255
6157 300
6158 259
6159 213
6160 233
6161 219
6162 246
6163 158
6164 33
6165 16
6166 8
6167 1
6168 2
6169 0
6170 2
6171 2
6172 0
6173 1
6174 0
6175 0
6176 114
6177 79
6178 114
6179 113
6180 108
6181 125
6182 97
6183 60
6184 75
6185 60
6186 40
6187 84
6188 26
6189 14
6190 5
6191 6
6192 1
6193 5
6194 0
6195 1
6196 0
6197 0
6198 1
6199 1
6200 22
6201 30
6202 39
6203 51
6204 45
6205 52
6206 42
6207 41
6208 54
6209 45
6210 16
6211 18
6212 7
6213 4
6214 2
6215 2
6216 0
6217 0
6218 1
6219 0
6220 1
6221 1
6222 4
6223 2
6224 211
6225 198
6226 254
6227 217
6228 217
6229 253
6230 221
6231 223
6232 186
6233 191
6234 278
6235 134
6236 27
6237 6
6238 3
6239 5
6240 1
6241 1
6242 0
6243 1
6244 0
6245 1
6246 0
6247 2
6248 262
6249 211
6250 284
6251 266
6252 254
6253 270
6254 259
6255 214
6256 187
6257 205
6258 284
6259 114
6260 25
6261 9
6262 6
6263 3
6264 0
6265 1
6266 0
6267 0
6268 0
6269 2
6270 3
6271 5
6272 258
6273 216
6274 290
6275 233
6276 218
6277 315
6278 248
6279 251
6280 212
6281 211
6282 249
6283 144
6284 40
6285 18
6286 3
6287 4
6288 0
6289 0
6290 0
6291 0
6292 0
6293 1
6294 1
6295 1
6296 253
6297 203
6298 297
6299 272
6300 235
6301 315
6302 271
6303 232
6304 237
6305 220
6306 267
6307 145
6308 19
6309 9
6310 3
6311 3
6312 1
6313 1
6314 0
6315 0
6316 0
6317 1
6318 0
6319 1
6320 275
6321 240
6322 298
6323 252
6324 243
6325 282
6326 265
6327 249
6328 197
6329 239
6330 293
6331 152
6332 42
6333 12
6334 6
6335 5
6336 4
6337 1
6338 0
6339 1
6340 0
6341 0
6342 0
6343 0
6344 95
6345 66
6346 83
6347 74
6348 112
6349 83
6350 78
6351 63
6352 70
6353 57
6354 66
6355 84
6356 39
6357 14
6358 4
6359 6
6360 3
6361 4
6362 0
6363 0
6364 0
6365 0
6366 2
6367 1
6368 15
6369 12
6370 14
6371 35
6372 65
6373 52
6374 44
6375 35
6376 65
6377 52
6378 23
6379 20
6380 7
6381 6
6382 7
6383 3
6384 1
6385 1
6386 0
6387 0
6388 0
6389 0
6390 2
6391 2
6392 290
6393 257
6394 312
6395 267
6396 288
6397 257
6398 275
6399 220
6400 237
6401 211
6402 297
6403 120
6404 43
6405 8
6406 4
6407 2
6408 0
6409 3
6410 0
6411 0
6412 0
6413 0
6414 0
6415 3
6416 248
6417 229
6418 299
6419 282
6420 259
6421 273
6422 278
6423 241
6424 209
6425 290
6426 264
6427 145
6428 36
6429 14
6430 1
6431 0
6432 0
6433 2
6434 0
6435 0
6436 1
6437 0
6438 0
6439 5
6440 250
6441 245
6442 310
6443 280
6444 298
6445 310
6446 283
6447 263
6448 234
6449 252
6450 346
6451 127
6452 38
6453 19
6454 1
6455 4
6456 0
6457 2
6458 0
6459 0
6460 1
6461 0
6462 0
6463 0
6464 280
6465 230
6466 345
6467 291
6468 320
6469 313
6470 289
6471 234
6472 269
6473 274
6474 307
6475 149
6476 47
6477 16
6478 8
6479 8
6480 0
6481 1
6482 0
6483 1
6484 0
6485 0
6486 2
6487 0
6488 269
6489 238
6490 274
6491 264
6492 295
6493 299
6494 243
6495 209
6496 224
6497 229
6498 280
6499 204
6500 41
6501 11
6502 7
6503 4
6504 4
6505 3
6506 1
6507 0
6508 0
6509 1
6510 0
6511 0
6512 58
6513 41
6514 68
6515 81
6516 99
6517 62
6518 46
6519 30
6520 69
6521 40
6522 26
6523 64
6524 35
6525 9
6526 2
6527 4
6528 1
6529 3
6530 0
6531 0
6532 0
6533 0
6534 2
6535 2
6536 14
6537 3
6538 9
6539 36
6540 35
6541 29
6542 41
6543 48
6544 28
6545 21
6546 15
6547 11
6548 4
6549 7
6550 8
6551 8
6552 0
6553 0
6554 0
6555 0
6556 0
6557 0
6558 0
6559 0
6560 0
6561 0
6562 0
6563 0
6564 0
6565 0
6566 0
6567 0
6568 0
6569 0
6570 0
6571 0
6572 0
6573 0
6574 0
6575 0
6576 0
6577 0
6578 0
6579 0
6580 0
6581 0
6582 0
6583 0
6584 0
6585 0
6586 0
6587 0
6588 0
6589 0
6590 0
6591 0
6592 0
6593 0
6594 0
6595 0
6596 0
6597 0
6598 0
6599 0
6600 0
6601 0
6602 0
6603 0
6604 0
6605 0
6606 0
6607 0
6608 0
6609 0
6610 0
6611 0
6612 0
6613 0
6614 0
6615 0
6616 0
6617 0
6618 0
6619 0
6620 0
6621 0
6622 0
6623 0
6624 0
6625 0
6626 0
6627 0
6628 0
6629 0
6630 0
6631 0
6632 0
6633 0
6634 0
6635 0
6636 0
6637 0
6638 0
6639 0
6640 0
6641 0
6642 0
6643 0
6644 0
6645 0
6646 0
6647 0
6648 0
6649 0
6650 0
6651 0
6652 0
6653 0
6654 0
6655 0
6656 0
6657 0
6658 0
6659 0
6660 0
6661 0
6662 0
6663 0
6664 0
6665 0
6666 0
6667 0
6668 0
6669 0
6670 0
6671 0
6672 0
6673 0
6674 0
6675 0
6676 0
6677 0
6678 0
6679 0
6680 0
6681 0
6682 0
6683 0
6684 0
6685 0
6686 0
6687 0
6688 0
6689 0
6690 0
6691 0
6692 0
6693 0
6694 0
6695 0
6696 0
6697 0
6698 0
6699 0
6700 0
6701 0
6702 0
6703 0
6704 0
6705 0
6706 0
6707 0
6708 0
6709 0
6710 0
6711 0
6712 0
6713 0
6714 0
6715 0
6716 0
6717 0
6718 0
6719 0
6720 0
6721 0
6722 0
6723 0
6724 0
6725 0
6726 0
6727 0
6728 0
6729 0
6730 0
6731 0
6732 0
6733 0
6734 0
6735 0
6736 0
6737 0
6738 0
6739 0
6740 0
6741 0
6742 0
6743 0
6744 0
6745 0
6746 0
6747 0
6748 0
6749 0
6750 0
6751 0
6752 0
6753 0
6754 0
6755 0
6756 0
6757 0
6758 0
6759 0
6760 0
6761 0
6762 0
6763 0
6764 0
6765 0
6766 0
6767 0
6768 0
6769 0
6770 0
6771 0
6772 0
6773 0
6774 0
6775 0
6776 0
6777 0
6778 0
6779 0
6780 0
6781 0
6782 0
6783 0
6784 0
6785 0
6786 0
6787 0
6788 0
6789 0
6790 0
6791 0
6792 0
6793 0
6794 0
6795 0
6796 0
6797 0
6798 0
6799 0
6800 0
6801 0
6802 0
6803 0
6804 0
6805 0
6806 0
6807 0
6808 0
6809 0
6810 0
6811 0
6812 0
6813 0
6814 0
6815 0
6816 0
6817 0
6818 0
6819 0
6820 0
6821 0
6822 0
6823 0
6824 0
6825 0
6826 0
6827 0
6828 0
6829 0
6830 0
6831 0
6832 0
6833 0
6834 0
6835 0
6836 0
6837 0
6838 0
6839 0
6840 0
6841 0
6842 0
6843 0
6844 0
6845 0
6846 0
6847 0
6848 0
6849 0
6850 0
6851 0
6852 0
6853 0
6854 0
6855 0
6856 0
6857 0
6858 0
6859 0
6860 0
6861 0
6862 0
6863 0
6864 0
6865 0
6866 0
6867 0
6868 0
6869 0
6870 0
6871 0
6872 0
6873 3
6874 15
6875 15
6876 40
6877 39
6878 41
6879 44
6880 28
6881 25
6882 54
6883 44
6884 2
6885 0
6886 1
6887 0
6888 0
6889 2
6890 0
6891 0
6892 0
6893 0
6894 0
6895 0
6896 10
6897 16
6898 25
6899 27
6900 31
6901 38
6902 51
6903 15
6904 46
6905 17
6906 18
6907 15
6908 4
6909 0
6910 0
6911 0
6912 0
6913 0
6914 2
6915 0
6916 0
6917 0
6918 0
6919 1
6920 5
6921 10
6922 19
6923 23
6924 31
6925 62
6926 49
6927 29
6928 41
6929 68
6930 18
6931 7
6932 0
6933 0
6934 0
6935 0
6936 0
6937 1
6938 0
6939 1
6940 1
6941 0
6942 0
6943 0
6944 24
6945 53
6946 90
6947 85
6948 74
6949 104
6950 87
6951 104
6952 103
6953 107
6954 150
6955 67
6956 3
6957 2
6958 1
6959 1
6960 1
6961 1
6962 1
6963 0
6964 1
6965 0
6966 0
6967 0
6968 99
6969 107
6970 137
6971 161
6972 153
6973 177
6974 168
6975 156
6976 142
6977 142
6978 219
6979 94
6980 10
6981 3
6982 9
6983 2
6984 2
6985 1
6986 2
6987 1
6988 5
6989 1
6990 3
6991 0
6992 144
6993 161
6994 216
6995 245
6996 188
6997 251
6998 241
6999 201
7000 175
7001 178
7002 227
7003 150
7004 23
7005 7
7006 6
7007 2
7008 2
7009 1
7010 2
7011 1
7012 0
7013 1
7014 3
7015 3
7016 159
7017 176
7018 205
7019 250
7020 198
7021 228
7022 232
7023 207
7024 179
7025 172
7026 264
7027 168
7028 21
7029 10
7030 15
7031 11
7032 4
7033 11
7034 2
7035 2
7036 1
7037 2
7038 5
7039 7
7040 187
7041 172
7042 272
7043 216
7044 208
7045 223
7046 219
7047 198
7048 200
7049 188
7050 251
7051 137
7052 14
7053 12
7054 6
7055 14
7056 6
7057 10
7058 2
7059 1
7060 4
7061 3
7062 3
7063 0
7064 59
7065 58
7066 107
7067 93
7068 122
7069 90
7070 76
7071 76
7072 80
7073 56
7074 49
7075 79
7076 28
7077 6
7078 10
7079 12
7080 12
7081 13
7082 0
7083 1
7084 3
7085 3
7086 3
7087 6
7088 25
7089 15
7090 14
7091 67
7092 28
7093 51
7094 39
7095 34
7096 22
7097 22
7098 22
7099 11
7100 3
7101 6
7102 7
7103 4
7104 3
7105 5
7106 2
7107 3
7108 1
7109 1
7110 3
7111 11
7112 191
7113 196
7114 242
7115 237
7116 180
7117 209
7118 202
7119 172
7120 153
7121 199
7122 236
7123 168
7124 6
7125 8
7126 7
7127 11
7128 3
7129 6
7130 1
7131 0
7132 2
7133 2
7134 3
7135 4
7136 196
7137 187
7138 303
7139 251
7140 238
7141 240
7142 236
7143 197
7144 183
7145 222
7146 266
7147 146
7148 17
7149 5
7150 8
7151 7
7152 4
7153 11
7154 4
7155 2
7156 1
7157 3
7158 2
7159 8
7160 239
7161 219
7162 314
7163 287
7164 252
7165 282
7166 240
7167 248
7168 200
7169 206
7170 223
7171 149
7172 31
7173 6
7174 5
7175 7
7176 4
7177 11
7178 2
7179 1
7180 3
7181 0
7182 1
7183 11
7184 223
7185 209
7186 317
7187 281
7188 248
7189 258
7190 249
7191 228
7192 249
7193 199
7194 239
7195 142
7196 12
7197 10
7198 5
7199 4
7200 3
7201 13
7202 0
7203 2
7204 1
7205 1
7206 0
7207 20
7208 244
7209 220
7210 287
7211 263
7212 230
7213 260
7214 229
7215 242
7216 243
7217 212
7218 313
7219 137
7220 26
7221 8
7222 10
7223 8
7224 5
7225 13
7226 1
7227 1
7228 0
7229 1
7230 2
7231 10
7232 86
7233 66
7234 107
7235 98
7236 138
7237 75
7238 44
7239 46
7240 44
7241 42
7242 57
7243 37
7244 38
7245 14
7246 4
7247 12
7248 4
7249 9
7250 7
7251 3
7252 1
7253 2
7254 5
7255 5
7256 14
7257 3
7258 10
7259 11
7260 28
7261 45
7262 65
7263 43
7264 38
7265 25
7266 14
7267 9
7268 5
7269 7
7270 5
7271 8
7272 3
7273 5
7274 2
7275 1
7276 1
7277 1
7278 4
7279 10
7280 174
7281 199
7282 204
7283 210
7284 186
7285 199
7286 173
7287 163
7288 174
7289 182
7290 210
7291 89
7292 13
7293 9
7294 4
7295 5
7296 3
7297 13
7298 1
7299 2
7300 6
7301 1
7302 1
7303 5
7304 204
7305 96
7306 99
7307 114
7308 100
7309 101
7310 101
7311 91
7312 77
7313 81
7314 82
7315 65
7316 8
7317 7
7318 3
7319 5
7320 0
7321 13
7322 0
7323 1
7324 0
7325 3
7326 3
7327 5
7328 225
7329 222
7330 275
7331 203
7332 233
7333 231
7334 220
7335 211
7336 218
7337 194
7338 217
7339 113
7340 15
7341 11
7342 6
7343 4
7344 2
7345 7
7346 3
7347 1
7348 2
7349 3
7350 1
7351 15
7352 275
7353 232
7354 283
7355 255
7356 222
7357 266
7358 195
7359 176
7360 247
7361 210
7362 240
7363 123
7364 25
7365 10
7366 10
7367 3
7368 2
7369 11
7370 0
7371 1
7372 2
7373 2
7374 0
7375 3
7376 273
7377 250
7378 289
7379 265
7380 238
7381 254
7382 245
7383 222
7384 191
7385 207
7386 236
7387 156
7388 12
7389 8
7390 7
7391 10
7392 5
7393 12
7394 2
7395 0
7396 0
7397 1
7398 2
7399 7
7400 112
7401 80
7402 135
7403 133
7404 146
7405 113
7406 71
7407 69
7408 40
7409 47
7410 45
7411 56
7412 13
7413 7
7414 12
7415 7
7416 3
7417 9
7418 3
7419 2
7420 2
7421 2
7422 5
7423 2
7424 21
7425 8
7426 13
7427 28
7428 27
7429 38
7430 110
7431 23
7432 19
7433 35
7434 26
7435 17
7436 9
7437 10
7438 12
7439 4
7440 3
7441 7
7442 1
7443 2
7444 0
7445 1
7446 3
7447 7
7448 248
7449 207
7450 308
7451 265
7452 270
7453 241
7454 256
7455 255
7456 219
7457 214
7458 290
7459 185
7460 24
7461 6
7462 6
7463 7
7464 6
7465 12
7466 3
7467 2
7468 3
7469 2
7470 3
7471 14
7472 268
7473 218
7474 256
7475 293
7476 256
7477 260
7478 220
7479 210
7480 221
7481 226
7482 239
7483 143
7484 23
7485 10
7486 10
7487 3
7488 6
7489 15
7490 1
7491 1
7492 2
7493 2
7494 3
7495 12
7496 255
7497 196
7498 327
7499 246
7500 283
7501 249
7502 210
7503 198
7504 190
7505 201
7506 198
7507 168
7508 12
7509 4
7510 11
7511 8
7512 6
7513 13
7514 4
7515 3
7516 0
7517 0
7518 6
7519 9
7520 282
7521 247
7522 274
7523 259
7524 249
7525 249
7526 261
7527 223
7528 235
7529 197
7530 265
7531 170
7532 15
7533 11
7534 4
7535 5
7536 9
7537 13
7538 1
7539 1
7540 0
7541 2
7542 1
7543 12
7544 246
7545 236
7546 303
7547 272
7548 256
7549 272
7550 250
7551 221
7552 202
7553 245
7554 234
7555 179
7556 29
7557 5
7558 5
7559 7
7560 6
7561 11
7562 2
7563 1
7564 1
7565 2
7566 1
7567 10
7568 108
7569 73
7570 107
7571 117
7572 126
7573 102
7574 84
7575 59
7576 59
7577 56
7578 79
7579 86
7580 21
7581 12
7582 12
7583 14
7584 5
7585 15
7586 1
7587 2
7588 2
7589 2
7590 9
7591 13
7592 37
7593 57
7594 36
7595 43
7596 51
7597 43
7598 72
7599 48
7600 34
7601 53
7602 48
7603 36
7604 10
7605 8
7606 7
7607 5
7608 3
7609 9
7610 4
7611 0
7612 2
7613 2
7614 4
7615 7
7616 254
7617 252
7618 259
7619 262
7620 232
7621 240
7622 267
7623 232
7624 234
7625 209
7626 278
7627 160
7628 12
7629 4
7630 1
7631 10
7632 6
7633 9
7634 3
7635 0
7636 2
7637 3
7638 6
7639 6
7640 277
7641 250
7642 271
7643 244
7644 243
7645 245
7646 285
7647 254
7648 200
7649 208
7650 266
7651 181
7652 20
7653 7
7654 5
7655 13
7656 7
7657 15
7658 3
7659 1
7660 3
7661 0
7662 3
7663 12
7664 287
7665 212
7666 318
7667 239
7668 292
7669 304
7670 251
7671 251
7672 216
7673 202
7674 257
7675 210
7676 26
7677 9
7678 3
7679 6
7680 1
7681 10
7682 2
7683 0
7684 4
7685 2
7686 1
7687 6
7688 262
7689 232
7690 287
7691 247
7692 201
7693 235
7694 250
7695 200
7696 176
7697 218
7698 237
7699 158
7700 22
7701 9
7702 6
7703 8
7704 2
7705 12
7706 4
7707 0
7708 6
7709 1
7710 1
7711 9
7712 319
7713 197
7714 254
7715 256
7716 224
7717 239
7718 253
7719 237
7720 194
7721 225
7722 258
7723 159
7724 21
7725 4
7726 4
7727 8
7728 1
7729 10
7730 0
7731 0
7732 2
7733 2
7734 1
7735 5
7736 90
7737 73
7738 107
7739 118
7740 98
7741 85
7742 41
7743 47
7744 84
7745 33
7746 42
7747 79
7748 27
7749 7
7750 6
7751 14
7752 4
7753 12
7754 2
7755 0
7756 1
7757 1
7758 2
7759 3
7760 23
7761 8
7762 10
7763 16
7764 28
7765 56
7766 76
7767 54
7768 35
7769 35
7770 29
7771 20
7772 10
7773 9
7774 8
7775 3
7776 1
7777 7
7778 0
7779 0
7780 2
7781 4
7782 3
7783 10
7784 252
7785 187
7786 270
7787 296
7788 209
7789 210
7790 223
7791 199
7792 228
7793 223
7794 297
7795 110
7796 14
7797 6
7798 3
7799 3
7800 4
7801 11
7802 3
7803 3
7804 3
7805 2
7806 1
7807 6
7808 271
7809 207
7810 290
7811 278
7812 220
7813 238
7814 258
7815 223
7816 193
7817 200
7818 256
7819 134
7820 21
7821 6
7822 7
7823 5
7824 4
7825 14
7826 3
7827 4
7828 6
7829 3
7830 3
7831 7
7832 269
7833 224
7834 284
7835 282
7836 257
7837 302
7838 229
7839 248
7840 217
7841 223
7842 251
7843 127
7844 25
7845 5
7846 5
7847 3
7848 2
7849 10
7850 0
7851 0
7852 4
7853 3
7854 3
7855 9
7856 257
7857 186
7858 321
7859 249
7860 323
7861 242
7862 267
7863 246
7864 220
7865 246
7866 290
7867 242
7868 20
7869 9
7870 12
7871 7
7872 5
7873 8
7874 2
7875 1
7876 4
7877 2
7878 2
7879 17
7880 259
7881 254
7882 264
7883 236
7884 249
7885 271
7886 218
7887 211
7888 258
7889 196
7890 279
7891 175
7892 26
7893 11
7894 11
7895 14
7896 5
7897 13
7898 6
7899 2
7900 0
7901 1
7902 5
7903 3
7904 96
7905 52
7906 82
7907 89
7908 103
7909 104
7910 67
7911 54
7912 89
7913 45
7914 35
7915 63
7916 14
7917 3
7918 4
7919 11
7920 3
7921 10
7922 0
7923 1
7924 0
7925 4
7926 2
7927 2
7928 21
7929 27
7930 20
7931 34
7932 38
7933 64
7934 61
7935 53
7936 47
7937 62
7938 41
7939 14
7940 11
7941 7
7942 9
7943 10
7944 2
7945 11
7946 1
7947 0
7948 2
7949 2
7950 5
7951 15
7952 239
7953 223
7954 268
7955 245
7956 239
7957 232
7958 207
7959 199
7960 192
7961 274
7962 252
7963 136
7964 18
7965 7
7966 18
7967 9
7968 0
7969 5
7970 2
7971 2
7972 2
7973 4
7974 1
7975 10
7976 262
7977 208
7978 251
7979 243
7980 241
7981 254
7982 246
7983 203
7984 198
7985 223
7986 294
7987 151
7988 9
7989 12
7990 6
7991 6
7992 3
7993 6
7994 2
7995 0
7996 1
7997 3
7998 4
7999 14
8000 309
8001 188
8002 287
8003 228
8004 278
8005 249
8006 237
8007 220
8008 187
8009 209
8010 309
8011 164
8012 18
8013 4
8014 5
8015 4
8016 4
8017 6
8018 1
8019 2
8020 4
8021 0
8022 5
8023 15
8024 269
8025 235
8026 263
8027 242
8028 201
8029 249
8030 260
8031 235
8032 195
8033 228
8034 273
8035 168
8036 12
8037 7
8038 8
8039 11
8040 2
8041 10
8042 1
8043 1
8044 4
8045 3
8046 2
8047 13
8048 282
8049 251
8050 268
8051 236
8052 230
8053 215
8054 216
8055 166
8056 182
8057 203
8058 333
8059 157
8060 18
8061 6
8062 9
8063 4
8064 5
8065 11
8066 5
8067 0
8068 2
8069 1
8070 0
8071 5
8072 94
8073 46
8074 81
8075 114
8076 153
8077 103
8078 102
8079 78
8080 80
8081 39
8082 78
8083 78
8084 27
8085 4
8086 8
8087 5
8088 3
8089 17
8090 0
8091 2
8092 0
8093 1
8094 1
8095 3
8096 19
8097 11
8098 15
8099 17
8100 40
8101 47
8102 48
8103 41
8104 23
8105 48
8106 46
8107 18
8108 6
8109 3
8110 3
8111 2
8112 0
8113 6
8114 1
8115 0
8116 0
8117 3
8118 3
8119 7
8120 242
8121 189
8122 242
8123 221
8124 197
8125 194
8126 207
8127 163
8128 210
8129 200
8130 293
8131 133
8132 18
8133 6
8134 4
8135 3
8136 4
8137 9
8138 1
8139 1
8140 2
8141 3
8142 2
8143 15
8144 249
8145 235
8146 275
8147 271
8148 220
8149 235
8150 217
8151 207
8152 208
8153 195
8154 269
8155 152
8156 16
8157 2
8158 14
8159 3
8160 3
8161 7
8162 1
8163 1
8164 1
8165 1
8166 5
8167 15
8168 257
8169 207
8170 244
8171 235
8172 205
8173 250
8174 226
8175 197
8176 204
8177 161
8178 238
8179 162
8180 18
8181 5
8182 9
8183 12
8184 5
8185 11
8186 2
8187 2
8188 1
8189 2
8190 4
8191 10
8192 264
8193 244
8194 264
8195 235
8196 241
8197 257
8198 212
8199 220
8200 189
8201 207
8202 232
8203 193
8204 21
8205 8
8206 4
8207 3
8208 3
8209 8
8210 1
8211 1
8212 0
8213 3
8214 1
8215 5
8216 284
8217 219
8218 233
8219 238
8220 214
8221 237
8222 220
8223 237
8224 215
8225 218
8226 243
8227 161
8228 22
8229 2
8230 4
8231 5
8232 3
8233 7
8234 2
8235 3
8236 1
8237 1
8238 2
8239 5
8240 98
8241 59
8242 73
8243 120
8244 125
8245 97
8246 79
8247 54
8248 78
8249 44
8250 47
8251 59
8252 17
8253 4
8254 3
8255 12
8256 4
8257 8
8258 1
8259 0
8260 0
8261 3
8262 0
8263 3
8264 15
8265 2
8266 8
8267 25
8268 23
8269 33
8270 41
8271 30
8272 18
8273 37
8274 18
8275 12
8276 8
8277 6
8278 10
8279 3
8280 1
8281 7
8282 0
8283 1
8284 1
8285 1
8286 3
8287 8
8288 294
8289 181
8290 256
8291 234
8292 215
8293 226
8294 211
8295 166
8296 260
8297 194
8298 279
8299 138
8300 9
8301 5
8302 4
8303 5
8304 3
8305 7
8306 2
8307 1
8308 1
8309 3
8310 4
8311 13
8312 241
8313 228
8314 260
8315 204
8316 230
8317 239
8318 221
8319 225
8320 180
8321 204
8322 229
8323 149
8324 16
8325 7
8326 4
8327 6
8328 2
8329 6
8330 1
8331 1
8332 1
8333 4
8334 2
8335 9
8336 255
8337 223
8338 229
8339 247
8340 214
8341 237
8342 214
8343 181
8344 225
8345 220
8346 224
8347 123
8348 19
8349 3
8350 8
8351 4
8352 3
8353 6
8354 1
8355 0
8356 1
8357 0
8358 0
8359 4
8360 266
8361 225
8362 250
8363 239
8364 215
8365 255
8366 244
8367 212
8368 231
8369 193
8370 221
8371 161
8372 19
8373 5
8374 3
8375 13
8376 4
8377 10
8378 1
8379 1
8380 3
8381 1
8382 2
8383 9
8384 254
8385 233
8386 267
8387 267
8388 208
8389 256
8390 232
8391 228
8392 196
8393 212
8394 244
8395 122
8396 28
8397 11
8398 6
8399 8
8400 11
8401 9
8402 3
8403 2
8404 1
8405 4
8406 7
8407 20
8408 103
8409 50
8410 75
8411 85
8412 110
8413 91
8414 51
8415 55
8416 85
8417 52
8418 68
8419 61
8420 36
8421 2
8422 4
8423 6
8424 12
8425 22
8426 0
8427 1
8428 2
8429 2
8430 0
8431 2
8432 27
8433 5
8434 12
8435 16
8436 22
8437 31
8438 32
8439 33
8440 12
8441 15
8442 19
8443 9
8444 10
8445 9
8446 5
8447 3
8448 1
8449 6
8450 2
8451 1
8452 0
8453 2
8454 2
8455 7
8456 281
8457 215
8458 250
8459 253
8460 227
8461 256
8462 205
8463 209
8464 204
8465 184
8466 202
8467 128
8468 19
8469 5
8470 8
8471 4
8472 1
8473 7
8474 2
8475 2
8476 2
8477 4
8478 4
8479 10
8480 263
8481 196
8482 208
8483 226
8484 220
8485 230
8486 252
8487 221
8488 197
8489 196
8490 250
8491 124
8492 13
8493 3
8494 5
8495 10
8496 3
8497 7
8498 1
8499 0
8500 2
8501 0
8502 3
8503 1
8504 229
8505 194
8506 219
8507 265
8508 259
8509 260
8510 197
8511 176
8512 191
8513 179
8514 190
8515 126
8516 24
8517 12
8518 7
8519 10
8520 6
8521 9
8522 3
8523 0
8524 1
8525 9
8526 3
8527 2
8528 216
8529 188
8530 226
8531 206
8532 240
8533 233
8534 192
8535 169
8536 171
8537 190
8538 202
8539 95
8540 29
8541 1
8542 6
8543 13
8544 1
8545 9
8546 3
8547 3
8548 2
8549 3
8550 3
8551 1
8552 179
8553 168
8554 179
8555 165
8556 199
8557 192
8558 170
8559 156
8560 225
8561 268
8562 186
8563 95
8564 26
8565 5
8566 6
8567 4
8568 3
8569 11
8570 0
8571 2
8572 0
8573 1
8574 1
8575 0
8576 70
8577 22
8578 57
8579 51
8580 52
8581 45
8582 33
8583 33
8584 55
8585 54
8586 61
8587 34
8588 19
8589 3
8590 4
8591 1
8592 5
8593 5
8594 0
8595 1
8596 0
8597 2
8598 1
8599 0
8600 17
8601 1
8602 6
8603 9
8604 15
8605 15
8606 13
8607 9
8608 6
8609 8
8610 7
8611 8
8612 5
8613 6
8614 8
8615 5
8616 5
8617 8
8618 1
8619 1
8620 1
8621 1
8622 2
8623 1
8624 156
8625 43
8626 48
8627 85
8628 80
8629 58
8630 51
8631 56
8632 57
8633 50
8634 62
8635 44
8636 13
8637 4
8638 4
8639 3
8640 3
8641 8
8642 2
8643 1
8644 0
8645 3
8646 3
8647 2
8648 154
8649 47
8650 58
8651 99
8652 90
8653 93
8654 76
8655 80
8656 83
8657 70
8658 115
8659 76
8660 13
8661 4
8662 2
8663 4
8664 0
8665 10
8666 1
8667 0
8668 3
8669 1
8670 2
8671 4
8672 141
8673 102
8674 116
8675 126
8676 149
8677 135
8678 107
8679 118
8680 134
8681 109
8682 131
8683 88
8684 26
8685 3
8686 1
8687 1
8688 4
8689 4
8690 2
8691 0
8692 1
8693 2
8694 0
8695 3
8696 150
8697 100
8698 105
8699 126
8700 123
8701 120
8702 129
8703 139
8704 95
8705 118
8706 134
8707 103
8708 25
8709 2
8710 5
8711 7
8712 2
8713 4
8714 3
8715 0
8716 0
8717 2
8718 1
8719 4
8720 153
8721 118
8722 119
8723 115
8724 97
8725 125
8726 114
8727 139
8728 115
8729 108
8730 148
8731 90
8732 17
8733 1
8734 4
8735 3
8736 1
8737 5
8738 0
8739 2
8740 1
8741 2
8742 1
8743 1
8744 62
8745 30
8746 40
8747 44
8748 69
8749 56
8750 34
8751 19
8752 40
8753 36
8754 50
8755 55
8756 25
8757 8
8758 2
8759 9
8760 6
