1 0.52
2 5.21
3 7.91
4 0.32
5 1.05
6 0.00
7 42.35
8 1.05
9 0.69
10 1.22
11 1.51
12 0.87
13 1.01
14 1.47
15 1.12
16 0.62
17 1.92
18 2.04
19 4.64
20 0.72
21 0.71
22 1.89
23 1.34
24 4.66
25 0.48
26 1.52
27 28.92
28 0.00
29 0.00
30 24.00
31 1.88
32 0.42
33 0.69
34 0.38
35 1.14
36 1.01
37 1.29
38 0.97
39 0.82
40 1.23
41 1.09
42 1.49
43 1.01
44 1.53
45 7.81
46 9.00
47 0.83
48 3.51
49 0.46
50 0.00
51 18.27
52 25.26
53 15.38
54 23.23
55 3.47
56 1.55
57 2.74
58 0.78
59 3.21
60 1.66
61 1.58
62 1.82
63 1.90
64 2.85
65 3.20
66 2.86
67 1.38
68 1.86
69 10.80
70 48.00
71 1.29
72 2.19
73 0.78
74 0.00
75 0.76
76 22.64
77 2.87
78 14.75
79 2.01
80 1.94
81 2.82
82 0.86
83 1.94
84 2.44
85 1.31
86 1.80
87 2.67
88 2.26
89 2.51
90 2.34
91 1.65
92 2.43
93 8.15
94 0.71
95 0.96
96 12.37
97 0.71
98 9.63
99 23.23
100 15.25
101 18.75
102 4.27
103 14.12
104 1.13
105 2.56
106 0.79
107 3.10
108 1.99
109 1.61
110 1.70
111 2.17
112 1.81
113 2.17
114 1.98
115 1.36
116 1.96
117 2.08
118 0.00
119 0.50
120 3.55
121 0.28
122 0.90
123 0.81
124 0.00
125 43.90
126 0.00
127 4.06
128 1.15
129 2.65
130 0.69
131 1.99
132 2.16
133 2.43
134 2.00
135 2.39
136 3.04
137 2.73
138 2.05
139 1.25
140 2.05
141 6.05
142 1.01
143 1.71
144 6.52
145 0.47
146 0.57
147 0.86
148 0.00
149 37.11
150 48.65
151 21.11
152 0.28
153 1.31
154 1.36
155 2.11
156 1.65
157 1.55
158 1.62
159 1.82
160 2.23
161 2.59
162 1.65
163 1.67
164 1.73
165 3.45
166 1.10
167 1.04
168 3.58
169 0.47
170 2.13
171 32.88
172 1.34
173 0.92
174 0.00
175 56.25
176 0.44
177 0.92
178 0.76
179 0.73
180 1.13
181 1.21
182 1.26
183 0.88
184 1.01
185 2.63
186 2.43
187 3.41
188 22.88
189 4.08
190 9.33
191 0.50
192 13.21
193 0.37
194 0.00
195 0.00
196 7.81
197 43.11
198 1.84
199 6.78
200 1.46
201 2.71
202 0.93
203 2.16
204 2.03
205 1.40
206 1.73
207 1.76
208 2.50
209 2.54
210 2.42
211 1.69
212 2.51
213 4.28
214 0.00
215 4.67
216 11.43
217 0.27
218 0.68
219 55.38
220 31.30
221 2.62
222 18.27
223 1.04
224 1.56
225 1.69
226 0.82
227 1.62
228 1.51
229 1.76
230 1.47
231 1.63
232 2.70
233 2.46
234 2.31
235 1.67
236 2.27
237 2.24
238 0.00
239 1.23
240 19.67
241 0.65
242 1.96
243 2.84
244 0.00
245 3.06
246 2.17
247 5.73
248 1.93
249 2.03
250 0.82
251 1.88
252 2.03
253 1.74
254 1.89
255 2.07
256 2.52
257 2.54
258 2.30
259 1.51
260 2.09
261 3.91
262 25.90
263 1.28
264 3.96
265 1.64
266 0.91
267 0.00
268 31.58
269 28.88
270 23.68
271 3.56
272 1.28
273 2.16
274 0.88
275 1.98
276 1.68
277 1.66
278 1.75
279 1.66
280 2.02
281 1.95
282 2.26
283 1.42
284 1.82
285 2.94
286 1.37
287 2.79
288 8.35
289 0.15
290 0.00
291 0.00
292 33.96
293 2.75
294 4.17
295 5.74
296 1.49
297 2.72
298 0.86
299 2.19
300 1.60
301 1.86
302 1.52
303 1.89
304 2.51
305 2.41
306 2.08
307 1.34
308 1.96
309 3.33
310 5.76
311 1.36
312 11.31
313 0.50
314 1.70
315 0.56
316 0.00
317 11.08
318 0.00
319 0.00
320 0.34
321 1.95
322 2.92
323 1.72
324 1.66
325 2.75
326 1.90
327 2.36
328 2.67
329 2.02
330 1.98
331 1.93
332 1.65
333 3.33
334 1.94
335 1.09
336 5.37
337 0.40
338 0.24
339 6.21
340 0.00
341 0.97
342 10.63
343 0.91
344 0.48
345 2.23
346 0.95
347 0.88
348 1.79
349 0.91
350 1.18
351 1.02
352 1.58
353 1.33
354 1.51
355 3.03
356 6.04
357 4.40
358 5.93
359 1.24
360 0.00
361 0.33
362 0.00
363 0.00
364 10.12
365 19.22
366 0.81
367 2.51
368 1.31
369 2.45
370 1.00
371 1.95
372 2.39
373 1.74
374 1.75
375 2.00
376 2.35
377 2.42
378 3.50
379 1.75
380 2.32
381 7.27
382 5.03
383 1.10
384 4.17
385 0.48
386 0.00
387 0.00
388 0.00
389 1.40
390 0.00
391 18.47
392 1.72
393 3.16
394 0.88
395 2.01
396 1.77
397 1.67
398 1.40
399 1.85
400 2.13
401 2.90
402 2.60
403 1.57
404 2.04
405 7.11
406 0.56
407 1.75
408 21.43
409 1.86
410 0.45
411 3.25
412 10.45
413 16.67
414 18.18
415 1.15
416 1.94
417 2.54
418 0.92
419 1.84
420 1.65
421 1.49
422 2.58
423 1.88
424 3.00
425 2.50
426 2.97
427 1.83
428 2.22
429 5.45
430 6.31
431 1.89
432 51.19
433 0.67
434 4.87
435 0.65
436 0.23
437 20.00
438 10.23
439 3.51
440 2.63
441 2.69
442 0.96
443 1.77
444 1.70
445 1.34
446 1.60
447 1.96
448 2.78
449 2.66
450 2.78
451 1.38
452 2.24
453 8.65
454 1.82
455 1.31
456 5.20
457 0.26
458 0.00
459 0.00
460 9.18
461 1.35
462 1.12
463 5.15
464 1.57
465 2.67
466 0.88
467 2.28
468 2.20
469 1.68
470 1.84
471 1.68
472 2.73
473 1.96
474 2.30
475 1.79
476 2.04
477 2.99
478 0.00
479 1.27
480 45.00
481 0.32
482 0.65
483 0.59
484 0.00
485 0.00
486 0.00
487 3.06
488 0.36
489 1.80
490 1.44
491 2.02
492 1.50
493 1.64
494 1.68
495 1.89
496 3.14
497 2.31
498 2.26
499 2.30
500 1.90
501 2.03
502 3.87
503 1.19
504 4.30
505 0.31
506 0.17
507 1.25
508 0.93
509 0.60
510 1.30
511 25.99
512 0.63
513 0.92
514 0.87
515 0.76
516 1.66
517 1.35
518 1.35
519 0.83
520 0.83
521 2.30
522 2.14
523 2.88
524 0.43
525 37.43
526 14.15
527 2.06
528 7.27
529 4.86
530 0.00
531 3.06
532 16.36
533 15.91
534 50.00
535 2.91
536 1.57
537 2.01
538 1.03
539 1.78
540 2.16
541 1.71
542 1.57
543 2.13
544 2.42
545 3.09
546 2.98
547 2.22
548 2.50
549 9.88
550 37.50
551 0.60
552 0.00
553 0.72
554 12.16
555 2.98
556 29.27
557 0.00
558 2.70
559 2.34
560 1.20
561 2.34
562 0.86
563 2.35
564 1.98
565 2.09
566 1.91
567 2.41
568 2.69
569 2.92
570 2.80
571 1.77
572 2.13
573 5.14
574 2.05
575 1.22
576 5.87
577 0.32
578 16.71
579 0.00
580 43.90
581 16.14
582 1.00
583 4.50
584 1.04
585 2.81
586 1.05
587 1.77
588 2.12
589 2.46
590 1.91
591 2.48
592 2.37
593 2.22
594 2.46
595 1.88
596 2.21
597 3.08
598 0.94
599 0.67
600 1.43
601 0.39
602 5.79
603 26.67
604 0.83
605 0.50
606 0.00
607 9.13
608 0.34
609 0.43
610 0.28
611 0.84
612 0.69
613 0.96
614 0.89
615 0.97
616 1.14
617 1.58
618 1.51
619 1.46
620 2.09
621 4.77
622 0.99
623 0.73
624 45.57
625 0.25
626 48.65
627 7.10
628 4.33
629 12.20
630 2.67
631 2.48
632 0.99
633 3.33
634 0.94
635 2.04
636 1.48
637 1.56
638 1.88
639 1.54
640 2.51
641 2.68
642 3.39
643 1.52
644 2.16
645 2.04
646 3.38
647 0.79
648 6.11
649 0.34
650 17.09
651 1.54
652 47.37
653 0.00
654 46.15
655 2.94
656 0.32
657 2.10
658 2.26
659 2.43
660 1.63
661 1.94
662 2.21
663 2.89
664 2.19
665 2.60
666 1.99
667 2.35
668 1.87
669 2.57
670 3.95
671 0.96
672 15.47
673 0.42
674 0.00
675 0.63
676 2.35
677 21.62
678 0.59
679 7.56
680 0.36
681 3.97
682 1.15
683 1.56
684 2.75
685 0.66
686 1.32
687 0.72
688 1.34
689 2.26
690 2.19
691 8.49
692 0.76
693 0.00
694 6.58
695 1.62
696 8.07
697 0.57
698 52.94
699 0.00
700 7.73
701 29.75
702 21.11
703 4.35
704 1.39
705 2.64
706 0.99
707 2.20
708 2.48
709 2.14
710 1.89
711 3.02
712 2.70
713 2.02
714 3.37
715 2.37
716 3.44
717 7.90
718 0.00
719 0.63
720 55.38
721 0.32
722 0.00
723 27.69
724 15.25
725 2.83
726 26.18
727 2.09
728 1.23
729 1.97
730 0.89
731 2.40
732 1.99
733 2.02
734 2.19
735 2.29
736 2.25
737 2.43
738 2.87
739 2.10
740 3.18
741 7.01
742 6.49
743 1.13
744 3.51
745 0.39
746 0.00
747 1.03
748 27.27
749 17.65
750 1.43
751 15.40
752 1.23
753 3.19
754 0.92
755 1.92
756 2.25
757 1.96
758 2.05
759 2.71
760 2.24
761 2.45
762 2.68
763 1.78
764 2.00
765 8.55
766 29.59
767 3.34
768 1.48
769 0.69
770 0.00
771 41.86
772 25.71
773 21.24
774 2.42
775 6.45
776 1.09
777 2.03
778 0.86
779 2.02
780 2.17
781 1.75
782 1.87
783 2.23
784 2.29
785 2.83
786 2.67
787 1.75
788 2.24
789 3.16
790 1.41
791 0.86
792 2.94
793 0.23
794 0.00
795 2.37
796 3.38
797 8.55
798 11.01
799 4.45
800 1.03
801 1.39
802 0.92
803 2.27
804 1.93
805 1.80
806 1.59
807 2.05
808 2.10
809 2.17
810 2.34
811 1.60
812 2.21
813 5.03
814 14.63
815 1.20
816 3.25
817 0.61
818 0.81
819 0.00
820 0.48
821 3.59
822 0.00
823 6.21
824 0.29
825 1.47
826 2.00
827 1.92
828 1.93
829 2.98
830 1.53
831 2.06
832 1.84
833 1.77
834 1.74
835 1.92
836 1.74
837 7.14
838 1.57
839 1.37
840 2.38
841 0.27
842 0.00
843 3.12
844 15.19
845 2.73
846 1.91
847 23.08
848 0.60
849 2.64
850 1.18
851 1.75
852 0.89
853 1.86
854 1.42
855 1.48
856 1.20
857 1.42
858 2.86
859 2.86
860 31.58
861 1.25
862 13.61
863 1.22
864 0.00
865 13.48
866 0.00
867 0.00
868 7.66
869 19.78
870 0.00
871 15.61
872 1.69
873 2.69
874 0.80
875 1.90
876 1.71
877 1.96
878 1.86
879 1.73
880 2.42
881 2.42
882 1.79
883 1.58
884 2.73
885 7.09
886 3.51
887 1.28
888 7.29
889 0.60
890 0.00
891 24.83
892 27.69
893 22.50
894 2.07
895 1.08
896 1.04
897 1.56
898 0.76
899 1.94
900 1.74
901 2.02
902 1.77
903 2.05
904 2.34
905 2.45
906 2.51
907 1.78
908 2.02
909 2.90
910 8.18
911 0.59
912 9.57
913 0.74
914 17.39
915 0.00
916 12.37
917 17.25
918 4.06
919 7.98
920 1.10
921 2.66
922 0.82
923 1.69
924 1.70
925 1.79
926 1.54
927 2.26
928 2.02
929 2.40
930 2.64
931 1.59
932 1.93
933 6.11
934 16.14
935 1.21
936 1.15
937 1.02
938 0.00
939 0.79
940 16.59
941 18.95
942 3.81
943 6.47
944 1.78
945 2.01
946 0.73
947 1.32
948 1.93
949 2.08
950 2.01
951 1.76
952 2.21
953 2.15
954 2.67
955 1.73
956 2.33
957 3.43
958 4.63
959 0.77
960 16.19
961 0.63
962 10.96
963 56.25
964 9.25
965 3.87
966 7.89
967 3.59
968 1.97
969 2.00
970 0.84
971 2.06
972 1.63
973 1.67
974 1.90
975 1.74
976 1.85
977 1.63
978 2.38
979 1.42
980 1.86
981 1.83
982 15.67
983 0.87
984 3.03
985 0.37
986 0.23
987 1.22
988 0.00
989 0.38
990 0.80
991 3.29
992 0.27
993 1.33
994 1.39
995 1.78
996 1.63
997 1.96
998 2.25
999 1.83
1000 1.77
1001 1.82
1002 2.43
1003 2.36
1004 1.55
1005 2.35
1006 5.58
1007 0.75
1008 2.52
1009 0.32
1010 0.48
1011 57.14
1012 0.50
1013 1.26
1014 0.00
1015 0.00
1016 0.48
1017 3.65
1018 3.02
1019 0.78
1020 2.35
1021 1.17
1022 0.70
1023 2.15
1024 2.34
1025 3.46
1026 2.08
1027 5.67
1028 0.75
1029 21.05
1030 0.00
1031 0.60
1032 0.00
1033 0.38
1034 1.06
1035 0.00
1036 7.53
1037 4.00
1038 7.24
1039 2.69
1040 0.93
1041 2.82
1042 0.87
1043 1.99
1044 1.73
1045 1.49
1046 2.03
1047 1.91
1048 2.12
1049 1.98
1050 3.55
1051 1.65
1052 2.01
1053 2.71
1054 0.00
1055 2.16
1056 7.67
1057 0.96
1058 1.80
1059 41.38
1060 4.10
1061 11.00
1062 2.47
1063 1.83
1064 0.84
1065 1.86
1066 0.75
1067 1.63
1068 2.29
1069 1.76
1070 2.20
1071 1.98
1072 1.96
1073 2.56
1074 2.72
1075 1.67
1076 1.83
1077 1.45
1078 11.11
1079 1.14
1080 23.38
1081 0.72
1082 31.58
1083 3.02
1084 11.63
1085 4.99
1086 16.38
1087 5.30
1088 1.16
1089 2.85
1090 0.80
1091 1.86
1092 1.56
1093 1.90
1094 1.70
1095 2.16
1096 2.31
1097 1.85
1098 1.93
1099 1.86
1100 1.74
1101 3.90
1102 13.95
1103 3.18
1104 38.30
1105 0.50
1106 0.00
1107 10.84
1108 1.54
1109 0.66
1110 4.01
1111 5.17
1112 1.71
1113 2.03
1114 0.66
1115 1.75
1116 1.95
1117 1.70
1118 2.07
1119 2.06
1120 2.67
1121 2.73
1122 2.24
1123 1.35
1124 2.02
1125 2.31
1126 6.23
1127 0.73
1128 3.14
1129 0.43
1130 0.82
1131 0.00
1132 0.00
1133 0.59
1134 0.00
1135 9.27
1136 1.03
1137 2.81
1138 0.74
1139 2.13
1140 1.64
1141 1.77
1142 2.01
1143 2.05
1144 2.30
1145 2.01
1146 2.46
1147 1.37
1148 1.49
1149 2.27
1150 1.68
1151 1.29
1152 21.72
1153 0.53
1154 2.34
1155 0.57
1156 0.58
1157 9.25
1158 0.00
1159 4.26
1160 0.24
1161 1.10
1162 1.80
1163 2.61
1164 1.81
1165 2.01
1166 2.28
1167 2.18
1168 1.98
1169 1.96
1170 2.60
1171 1.94
1172 1.93
1173 1.38
1174 4.23
1175 1.08
1176 1.54
1177 0.69
1178 0.75
1179 1.69
1180 3.70
1181 0.53
1182 4.57
1183 0.15
1184 0.70
1185 5.09
1186 1.49
1187 1.18
1188 1.22
1189 2.63
1190 1.34
1191 0.75
1192 2.19
1193 2.82
1194 1.85
1195 9.41
1196 1.40
1197 3.34
1198 4.11
1199 3.42
1200 1.80
1201 0.26
1202 13.69
1203 1.00
1204 0.00
1205 0.00
1206 0.00
1207 1.61
1208 1.12
1209 1.96
1210 0.74
1211 1.75
1212 1.63
1213 2.07
1214 1.61
1215 2.22
1216 1.93
1217 2.35
1218 2.71
1219 1.38
1220 2.39
1221 6.51
1222 0.71
1223 1.05
1224 4.98
1225 0.18
1226 0.54
1227 0.00
1228 38.30
1229 0.00
1230 40.91
1231 12.14
1232 1.49
1233 2.11
1234 0.80
1235 1.74
1236 1.44
1237 1.89
1238 1.78
1239 1.57
1240 2.45
1241 2.10
1242 1.93
1243 1.34
1244 1.55
1245 5.59
1246 7.48
1247 2.10
1248 23.76
1249 1.34
1250 0.00
1251 0.00
1252 0.00
1253 0.32
1254 10.06
1255 9.63
1256 1.07
1257 2.21
1258 0.74
1259 1.98
1260 1.85
1261 1.93
1262 2.01
1263 2.45
1264 2.21
1265 2.32
1266 2.31
1267 1.46
1268 1.99
1269 3.15
1270 3.14
1271 1.69
1272 24.41
1273 1.15
1274 25.81
1275 12.63
1276 16.82
1277 0.68
1278 5.44
1279 9.31
1280 1.01
1281 1.81
1282 0.65
1283 1.93
1284 1.82
1285 1.65
1286 2.15
1287 1.98
1288 2.29
1289 2.07
1290 1.99
1291 1.48
1292 2.00
1293 5.89
1294 11.87
1295 1.16
1296 3.80
1297 0.39
1298 0.00
1299 0.00
1300 10.37
1301 1.18
1302 0.00
1303 2.72
1304 0.90
1305 2.89
1306 0.69
1307 1.65
1308 1.75
1309 2.02
1310 2.02
1311 2.14
1312 2.41
1313 2.56
1314 2.10
1315 1.57
1316 2.64
1317 4.55
1318 0.78
1319 1.90
1320 1.25
1321 0.58
1322 8.09
1323 2.60
1324 0.00
1325 0.48
1326 2.41
1327 3.94
1328 0.24
1329 3.74
1330 2.59
1331 2.08
1332 4.20
1333 2.50
1334 2.72
1335 2.67
1336 2.21
1337 2.25
1338 3.13
1339 2.54
1340 1.87
1341 2.33
1342 24.20
1343 1.17
1344 5.47
1345 0.58
1346 0.25
1347 0.00
1348 4.90
1349 0.46
1350 1.30
1351 1.98
1352 1.24
1353 0.98
1354 2.86
1355 2.06
1356 3.34
1357 1.63
1358 2.19
1359 2.20
1360 1.21
1361 2.05
1362 3.86
1363 3.00
1364 45.57
1365 40.22
1366 5.58
1367 1.61
1368 34.29
1369 2.04
1370 0.00
1371 0.00
1372 0.00
1373 7.50
1374 27.69
1375 2.62
1376 1.27
1377 3.30
1378 0.76
1379 1.82
1380 1.81
1381 1.73
1382 1.74
1383 2.52
1384 2.05
1385 2.33
1386 2.84
1387 1.50
1388 2.47
1389 2.54
1390 52.17
1391 2.61
1392 2.13
1393 1.09
1394 0.71
1395 0.00
1396 2.14
1397 1.07
1398 33.33
1399 5.00
1400 1.33
1401 2.13
1402 0.63
1403 1.20
1404 1.71
1405 1.72
1406 1.85
1407 2.16
1408 1.99
1409 3.24
1410 2.46
1411 1.35
1412 2.09
1413 6.65
1414 30.25
1415 0.74
1416 2.06
1417 0.25
1418 5.64
1419 0.00
1420 0.00
1421 4.00
1422 2.71
1423 17.52
1424 1.09
1425 2.69
1426 0.67
1427 1.61
1428 1.76
1429 1.54
1430 1.54
1431 2.03
1432 1.91
1433 1.95
1434 2.08
1435 1.27
1436 2.12
1437 3.72
1438 10.75
1439 1.31
1440 27.69
1441 0.79
1442 0.00
1443 11.21
1444 4.60
1445 1.55
1446 0.00
1447 1.54
1448 1.13
1449 2.63
1450 0.72
1451 2.07
1452 1.37
1453 2.02
1454 1.79
1455 1.79
1456 2.08
1457 1.80
1458 1.99
1459 1.21
1460 1.99
1461 1.52
1462 1.42
1463 1.26
1464 1.64
1465 0.67
1466 1.82
1467 1.29
1468 0.70
1469 0.00
1470 1.36
1471 0.63
1472 0.23
1473 1.41
1474 2.22
1475 1.75
1476 1.57
1477 2.35
1478 2.22
1479 2.36
1480 1.79
1481 1.93
1482 1.77
1483 1.82
1484 1.66
1485 9.79
1486 0.86
1487 1.32
1488 6.02
1489 0.41
1490 1.34
1491 0.00
1492 1.33
1493 8.87
1494 1.40
1495 0.44
1496 1.44
1497 2.15
1498 3.54
1499 1.71
1500 1.07
1501 1.91
1502 1.47
1503 1.48
1504 2.38
1505 4.17
1506 3.01
1507 4.67
1508 2.14
1509 2.94
1510 14.08
1511 0.98
1512 43.37
1513 0.43
1514 0.00
1515 38.30
1516 11.87
1517 0.89
1518 15.06
1519 4.43
1520 0.83
1521 2.34
1522 0.69
1523 1.96
1524 1.77
1525 1.93
1526 1.82
1527 1.87
1528 2.25
1529 2.01
1530 2.32
1531 1.37
1532 1.85
1533 2.84
1534 0.00
1535 0.98
1536 7.67
1537 2.63
1538 13.85
1539 45.00
1540 0.00
1541 29.75
1542 29.15
1543 11.55
1544 1.10
1545 2.16
1546 0.60
1547 1.95
1548 1.77
1549 2.01
1550 1.67
1551 1.86
1552 2.03
1553 2.87
1554 2.04
1555 1.54
1556 1.78
1557 7.93
1558 12.97
1559 1.67
1560 20.22
1561 0.35
1562 0.00
1563 0.00
1564 0.00
1565 26.73
1566 8.28
1567 3.56
1568 0.88
1569 3.25
1570 0.68
1571 1.96
1572 1.78
1573 1.72
1574 1.75
1575 2.07
1576 2.22
1577 2.05
1578 2.06
1579 1.44
1580 2.16
1581 4.84
1582 6.98
1583 1.66
1584 50.00
1585 0.00
1586 0.72
1587 0.00
1588 16.29
1589 1.46
1590 2.45
1591 13.53
1592 1.15
1593 2.58
1594 0.68
1595 1.71
1596 1.90
1597 1.75
1598 1.78
1599 1.99
1600 1.90
1601 2.51
1602 2.00
1603 1.24
1604 1.98
1605 4.71
1606 9.61
1607 1.42
1608 2.71
1609 0.71
1610 0.49
1611 1.69
1612 16.71
1613 36.36
1614 5.34
1615 4.08
1616 0.96
1617 2.47
1618 0.97
1619 1.16
1620 1.71
1621 1.78
1622 1.65
1623 2.15
1624 2.11
1625 2.19
1626 2.28
1627 1.54
1628 2.23
1629 4.60
1630 4.56
1631 1.99
1632 6.32
1633 0.46
1634 0.35
1635 7.36
1636 1.11
1637 45.00
1638 26.39
1639 8.48
1640 0.28
1641 1.42
1642 2.48
1643 1.29
1644 1.69
1645 2.56
1646 1.88
1647 2.36
1648 2.13
1649 1.84
1650 1.75
1651 1.80
1652 1.32
1653 2.00
1654 3.03
1655 0.58
1656 0.00
1657 0.15
1658 0.00
1659 0.00
1660 0.00
1661 1.17
1662 4.23
1663 2.49
1664 0.76
1665 1.97
1666 2.67
1667 1.11
1668 1.01
1669 1.21
1670 0.93
1671 0.80
1672 1.22
1673 2.51
1674 2.55
1675 2.45
1676 1.40
1677 3.74
1678 59.02
1679 2.34
1680 3.66
1681 0.19
1682 0.51
1683 1.41
1684 0.40
1685 24.00
1686 0.00
1687 3.02
1688 0.23
1689 0.35
1690 0.24
1691 0.65
1692 0.93
1693 0.92
1694 0.73
1695 1.08
1696 0.97
1697 1.44
1698 1.26
1699 1.18
1700 1.40
1701 5.75
1702 10.18
1703 0.94
1704 16.25
1705 1.42
1706 11.47
1707 5.47
1708 14.04
1709 13.19
1710 8.73
1711 0.50
1712 1.09
1713 2.32
1714 0.68
1715 1.67
1716 1.80
1717 1.81
1718 1.75
1719 2.00
1720 2.07
1721 2.18
1722 2.50
1723 1.50
1724 1.89
1725 10.46
1726 0.00
1727 2.95
1728 4.13
1729 1.00
1730 0.00
1731 0.00
1732 13.26
1733 2.73
1734 0.00
1735 12.81
1736 1.11
1737 1.97
1738 0.76
1739 1.78
1740 1.76
1741 1.88
1742 1.18
1743 2.17
1744 1.88
1745 2.29
1746 2.28
1747 1.29
1748 1.95
1749 4.75
1750 1.45
1751 2.08
1752 15.69
1753 0.13
1754 18.41
1755 0.14
1756 0.00
1757 2.76
1758 0.00
1759 5.55
1760 1.24
1761 2.32
1762 0.70
1763 1.21
1764 1.55
1765 2.00
1766 1.76
1767 2.10
1768 2.09
1769 2.48
1770 1.98
1771 1.24
1772 1.75
1773 5.19
1774 0.90
1775 1.18
1776 1.59
1777 0.11
1778 31.58
1779 0.58
1780 0.00
1781 0.00
1782 14.75
1783 6.38
1784 1.03
1785 3.35
1786 0.69
1787 1.43
1788 1.74
1789 1.79
1790 1.44
1791 2.05
1792 2.02
1793 2.20
1794 2.36
1795 1.31
1796 1.72
1797 2.92
1798 1.21
1799 2.28
1800 4.33
1801 0.09
1802 2.44
1803 1.06
1804 1.32
1805 1.20
1806 0.00
1807 13.87
1808 0.24
1809 0.90
1810 1.02
1811 0.99
1812 2.40
1813 1.78
1814 1.83
1815 1.83
1816 1.55
1817 3.40
1818 2.75
1819 1.94
1820 1.85
1821 2.21
1822 0.00
1823 0.58
1824 0.00
1825 0.11
1826 0.00
1827 0.00
1828 1.46
1829 0.45
1830 0.00
1831 0.00
1832 0.88
1833 0.95
1834 2.23
1835 0.88
1836 1.36
1837 1.30
1838 1.06
1839 0.60
1840 0.85
1841 2.17
1842 4.75
1843 4.52
1844 7.12
1845 14.69
1846 1.15
1847 1.07
1848 3.69
1849 0.15
1850 0.00
1851 42.11
1852 9.07
1853 53.73
1854 29.27
1855 1.71
1856 1.11
1857 2.57
1858 0.64
1859 1.33
1860 1.36
1861 1.49
1862 1.50
1863 1.68
1864 1.94
1865 2.34
1866 2.74
1867 1.36
1868 2.00
1869 5.46
1870 26.47
1871 1.70
1872 48.00
1873 0.20
1874 0.00
1875 3.37
1876 0.00
1877 12.11
1878 53.73
1879 4.07
1880 1.17
1881 2.76
1882 0.63
1883 2.09
1884 1.33
1885 1.81
1886 1.65
1887 1.68
1888 2.29
1889 1.84
1890 2.19
1891 1.23
1892 2.35
1893 6.70
1894 22.22
1895 0.98
1896 8.66
1897 0.14
1898 0.85
1899 0.00
1900 0.73
1901 13.92
1902 1.19
1903 5.80
1904 1.29
1905 2.16
1906 0.62
1907 1.48
1908 1.68
1909 1.96
1910 1.62
1911 1.92
1912 2.21
1913 2.06
1914 2.64
1915 1.28
1916 1.95
1917 3.57
1918 5.95
1919 7.79
1920 10.64
1921 0.22
1922 7.00
1923 0.00
1924 0.00
1925 13.61
1926 3.39
1927 16.53
1928 1.27
1929 1.87
1930 0.63
1931 1.62
1932 1.50
1933 1.49
1934 1.69
1935 2.12
1936 1.99
1937 2.71
1938 1.91
1939 1.24
1940 1.98
1941 2.20
1942 3.88
1943 1.22
1944 2.58
1945 0.12
1946 0.92
1947 0.00
1948 12.66
1949 4.90
1950 4.79
1951 3.99
1952 1.08
1953 2.85
1954 0.71
1955 1.55
1956 1.86
1957 1.82
1958 1.83
1959 2.51
1960 2.14
1961 2.40
1962 2.79
1963 1.52
1964 1.88
1965 4.57
1966 2.31
1967 0.75
1968 2.79
1969 0.20
1970 1.63
1971 13.51
1972 1.60
1973 0.00
1974 40.91
1975 25.17
1976 0.23
1977 0.83
1978 1.38
1979 1.43
1980 1.49
1981 1.13
1982 1.81
1983 1.36
1984 1.38
1985 2.49
1986 2.03
1987 2.02
1988 1.82
1989 1.04
1990 0.35
1991 0.50
1992 1.58
1993 0.15
1994 2.21
1995 6.78
1996 0.85
1997 0.56
1998 6.08
1999 0.65
2000 0.48
2001 0.73
2002 1.30
2003 0.59
2004 0.91
2005 5.23
2006 1.63
2007 1.23
2008 1.35
2009 1.50
2010 1.79
2011 6.54
2012 1.52
2013 0.00
2014 2.92
2015 1.03
2016 0.00
2017 0.11
2018 0.00
2019 0.00
2020 2.96
2021 1.67
2022 8.82
2023 0.71
2024 0.90
2025 2.29
2026 0.67
2027 1.98
2028 1.53
2029 1.57
2030 2.07
2031 2.07
2032 2.05
2033 2.19
2034 2.82
2035 1.32
2036 2.43
2037 3.82
2038 11.21
2039 1.10
2040 0.00
2041 0.19
2042 0.00
2043 0.00
2044 1.47
2045 27.80
2046 40.45
2047 8.85
2048 1.09
2049 3.29
2050 0.72
2051 1.97
2052 1.95
2053 1.55
2054 1.49
2055 1.74
2056 1.70
2057 2.73
2058 2.10
2059 1.27
2060 1.86
2061 5.39
2062 46.15
2063 1.09
2064 3.34
2065 0.13
2066 8.31
2067 0.00
2068 35.29
2069 37.11
2070 3.48
2071 5.66
2072 0.89
2073 1.71
2074 0.68
2075 1.70
2076 1.89
2077 1.49
2078 1.54
2079 2.34
2080 2.12
2081 2.46
2082 2.05
2083 1.35
2084 1.99
2085 2.18
2086 0.97
2087 1.71
2088 7.69
2089 0.15
2090 0.00
2091 41.38
2092 0.00
2093 4.12
2094 0.00
2095 3.72
2096 1.15
2097 2.07
2098 0.59
2099 1.81
2100 1.47
2101 1.83
2102 1.55
2103 1.77
2104 2.43
2105 2.42
2106 1.84
2107 1.37
2108 1.56
2109 4.24
2110 0.00
2111 1.35
2112 5.71
2113 0.15
2114 13.24
2115 1.36
2116 13.79
2117 4.15
2118 0.00
2119 3.76
2120 1.11
2121 3.11
2122 0.73
2123 2.07
2124 1.72
2125 1.81
2126 1.77
2127 1.63
2128 1.96
2129 2.64
2130 1.87
2131 1.52
2132 1.92
2133 3.07
2134 20.91
2135 1.01
2136 4.58
2137 0.33
2138 3.35
2139 0.45
2140 1.32
2141 0.00
2142 1.22
2143 5.90
2144 0.27
2145 1.41
2146 1.10
2147 2.12
2148 1.54
2149 2.49
2150 2.51
2151 2.14
2152 2.55
2153 1.74
2154 2.37
2155 1.60
2156 1.08
2157 5.19
2158 0.00
2159 0.50
2160 27.13
2161 0.21
2162 2.64
2163 25.00
2164 6.22
2165 2.39
2166 0.89
2167 1.10
2168 0.40
2169 0.27
2170 0.46
2171 1.45
2172 2.01
2173 0.88
2174 1.48
2175 1.00
2176 1.48
2177 3.83
2178 1.94
2179 12.50
2180 1.62
2181 2.60
2182 0.65
2183 2.58
2184 3.52
2185 0.16
2186 0.00
2187 0.00
2188 1.94
2189 3.72
2190 25.35
2191 15.86
2192 1.44
2193 2.47
2194 0.66
2195 1.91
2196 1.44
2197 1.73
2198 2.02
2199 2.16
2200 1.76
2201 2.50
2202 1.97
2203 1.26
2204 1.91
2205 6.86
2206 0.00
2207 1.68
2208 0.00
2209 0.14
2210 0.00
2211 0.00
2212 16.36
2213 32.43
2214 12.00
2215 31.21
2216 1.19
2217 2.61
2218 0.59
2219 1.51
2220 1.74
2221 1.75
2222 1.96
2223 1.60
2224 2.14
2225 2.36
2226 1.81
2227 1.34
2228 1.91
2229 5.38
2230 28.57
2231 1.65
2232 11.86
2233 0.16
2234 0.00
2235 0.00
2236 0.00
2237 7.64
2238 27.69
2239 3.34
2240 1.01
2241 2.62
2242 0.71
2243 1.95
2244 1.39
2245 1.95
2246 1.63
2247 1.89
2248 2.54
2249 1.94
2250 2.20
2251 1.29
2252 2.17
2253 5.01
2254 0.44
2255 1.38
2256 0.00
2257 0.20
2258 0.00
2259 0.00
2260 0.00
2261 37.74
2262 8.70
2263 4.94
2264 1.02
2265 2.00
2266 0.82
2267 1.88
2268 1.58
2269 1.89
2270 1.61
2271 1.57
2272 2.42
2273 2.27
2274 1.80
2275 1.49
2276 1.70
2277 2.14
2278 0.00
2279 0.54
2280 1.48
2281 0.15
2282 0.00
2283 2.47
2284 10.86
2285 0.85
2286 3.54
2287 0.00
2288 0.30
2289 0.68
2290 0.29
2291 0.67
2292 0.88
2293 1.36
2294 0.90
2295 0.78
2296 1.01
2297 1.16
2298 1.88
2299 0.96
2300 1.58
2301 2.71
2302 1.58
2303 1.09
2304 4.73
2305 0.52
2306 39.02
2307 4.00
2308 9.19
2309 11.66
2310 0.24
2311 20.69
2312 0.19
2313 0.62
2314 1.12
2315 1.08
2316 1.52
2317 0.98
2318 0.99
2319 1.26
2320 1.76
2321 1.71
2322 2.54
2323 2.29
2324 1.87
2325 1.75
2326 1.07
2327 0.70
2328 10.85
2329 0.16
2330 1.00
2331 1.15
2332 41.38
2333 1.55
2334 0.00
2335 0.68
2336 1.76
2337 0.64
2338 1.22
2339 2.13
2340 1.35
2341 0.67
2342 0.95
2343 0.75
2344 0.52
2345 1.02
2346 1.64
2347 4.91
2348 0.00
2349 0.00
2350 9.50
2351 1.16
2352 0.00
2353 0.11
2354 0.22
2355 0.00
2356 0.00
2357 0.00
2358 22.93
2359 4.89
2360 0.27
2361 0.26
2362 0.24
2363 0.73
2364 0.58
2365 0.79
2366 0.62
2367 0.55
2368 0.90
2369 0.97
2370 1.97
2371 1.05
2372 1.68
2373 6.12
2374 3.01
2375 4.08
2376 23.17
2377 0.31
2378 17.45
2379 19.15
2380 25.20
2381 3.53
2382 1.23
2383 1.05
2384 0.90
2385 2.21
2386 0.71
2387 1.92
2388 1.81
2389 1.69
2390 1.61
2391 2.10
2392 2.02
2393 2.37
2394 1.88
2395 1.53
2396 2.01
2397 6.11
2398 15.15
2399 1.47
2400 41.86
2401 0.13
2402 0.00
2403 0.00
2404 53.73
2405 3.21
2406 1.13
2407 23.72
2408 0.99
2409 3.00
2410 0.70
2411 1.66
2412 1.66
2413 1.45
2414 1.63
2415 1.70
2416 1.71
2417 2.10
2418 1.80
2419 1.47
2420 2.02
2421 4.97
2422 0.00
2423 3.43
2424 6.77
2425 0.14
2426 0.00
2427 3.48
2428 0.00
2429 24.08
2430 2.32
2431 4.50
2432 1.04
2433 2.02
2434 0.71
2435 1.83
2436 1.79
2437 1.92
2438 1.61
2439 1.67
2440 1.85
2441 2.78
2442 1.85
2443 1.35
2444 1.97
2445 5.37
2446 47.37
2447 2.35
2448 0.00
2449 0.12
2450 44.26
2451 18.65
2452 33.33
2453 1.79
2454 46.75
2455 9.02
2456 0.98
2457 2.18
2458 0.68
2459 2.12
2460 1.71
2461 1.95
2462 2.19
2463 1.74
2464 2.54
2465 1.91
2466 2.09
2467 1.65
2468 1.91
2469 5.69
2470 8.75
2471 1.15
2472 44.17
2473 0.14
2474 2.91
2475 0.25
2476 37.50
2477 0.00
2478 16.67
2479 23.15
2480 0.23
2481 2.48
2482 1.39
2483 2.42
2484 1.87
2485 1.84
2486 2.41
2487 1.79
2488 2.38
2489 2.77
2490 2.36
2491 1.71
2492 1.44
2493 7.48
2494 0.00
2495 1.71
2496 6.01
2497 0.20
2498 0.59
2499 0.00
2500 2.43
2501 0.97
2502 47.37
2503 3.24
2504 0.37
2505 0.50
2506 1.35
2507 1.34
2508 1.60
2509 0.99
2510 1.15
2511 1.27
2512 1.90
2513 2.84
2514 1.62
2515 3.21
2516 0.00
2517 0.92
2518 14.17
2519 3.15
2520 43.37
2521 0.06
2522 0.00
2523 17.56
2524 0.00
2525 2.25
2526 11.69
2527 5.63
2528 1.03
2529 3.27
2530 0.75
2531 1.87
2532 1.67
2533 1.88
2534 1.53
2535 1.52
2536 2.34
2537 2.35
2538 2.63
2539 1.63
2540 2.21
2541 6.61
2542 44.44
2543 0.89
2544 0.00
2545 0.08
2546 35.29
2547 0.00
2548 24.00
2549 1.35
2550 0.00
2551 4.51
2552 0.94
2553 1.91
2554 0.67
2555 2.26
2556 1.80
2557 1.95
2558 1.87
2559 1.93
2560 2.42
2561 2.30
2562 2.34
2563 1.45
2564 1.93
2565 1.92
2566 50.70
2567 1.29
2568 0.00
2569 0.10
2570 0.00
2571 57.14
2572 14.63
2573 7.37
2574 47.06
2575 1.28
2576 0.95
2577 2.56
2578 0.69
2579 2.14
2580 1.75
2581 1.58
2582 2.15
2583 2.39
2584 2.52
2585 2.59
2586 2.01
2587 1.48
2588 1.44
2589 4.57
2590 46.75
2591 1.98
2592 1.74
2593 0.21
2594 0.00
2595 16.07
2596 1.15
2597 3.73
2598 0.00
2599 0.28
2600 1.06
2601 3.25
2602 0.90
2603 2.01
2604 1.70
2605 1.92
2606 1.66
2607 1.83
2608 2.10
2609 2.33
2610 2.33
2611 1.32
2612 1.81
2613 8.18
2614 2.80
2615 5.84
2616 22.78
2617 0.16
2618 1.85
2619 0.39
2620 6.68
2621 4.04
2622 30.51
2623 4.10
2624 0.87
2625 2.06
2626 0.62
2627 1.43
2628 2.00
2629 1.57
2630 2.09
2631 1.77
2632 2.07
2633 2.47
2634 1.98
2635 1.66
2636 1.59
2637 5.79
2638 0.41
2639 0.83
2640 0.00
2641 0.14
2642 0.38
2643 0.21
2644 0.00
2645 42.35
2646 9.08
2647 25.62
2648 0.22
2649 1.36
2650 0.99
2651 1.53
2652 2.51
2653 1.75
2654 2.44
2655 1.50
2656 2.03
2657 2.62
2658 2.50
2659 2.09
2660 1.84
2661 6.08
2662 1.79
2663 0.89
2664 5.39
2665 0.32
2666 0.42
2667 0.00
2668 0.59
2669 0.41
2670 1.53
2671 2.88
2672 2.37
2673 1.28
2674 1.19
2675 1.18
2676 1.16
2677 1.61
2678 1.09
2679 0.65
2680 1.09
2681 1.41
2682 0.88
2683 9.34
2684 1.92
2685 0.00
2686 38.30
2687 1.17
2688 6.90
2689 0.12
2690 4.10
2691 8.32
2692 51.43
2693 17.50
2694 5.23
2695 2.36
2696 1.02
2697 2.67
2698 0.73
2699 2.21
2700 2.11
2701 1.72
2702 1.84
2703 1.93
2704 2.02
2705 2.15
2706 2.03
2707 1.53
2708 2.13
2709 2.20
2710 1.21
2711 1.15
2712 6.52
2713 0.16
2714 34.45
2715 24.66
2716 27.48
2717 1.50
2718 2.77
2719 2.21
2720 0.85
2721 2.39
2722 0.71
2723 1.60
2724 1.70
2725 1.79
2726 1.96
2727 2.21
2728 1.91
2729 2.45
2730 2.80
2731 1.33
2732 2.20
2733 3.53
2734 6.56
2735 1.32
2736 4.71
2737 0.18
2738 4.66
2739 1.45
2740 6.57
2741 2.09
2742 36.00
2743 13.58
2744 0.25
2745 0.35
2746 0.27
2747 0.38
2748 0.71
2749 0.90
2750 0.68
2751 0.63
2752 0.76
2753 1.01
2754 0.91
2755 0.98
2756 1.77
2757 4.07
2758 54.96
2759 1.06
2760 13.33
2761 0.13
2762 0.00
2763 0.00
2764 0.00
2765 9.16
2766 10.91
2767 32.14
2768 1.09
2769 2.12
2770 0.89
2771 2.23
2772 1.54
2773 1.79
2774 1.84
2775 1.77
2776 2.49
2777 2.48
2778 1.69
2779 1.32
2780 2.36
2781 5.80
2782 4.78
2783 0.83
2784 7.53
2785 0.12
2786 0.00
2787 13.14
2788 12.54
2789 6.90
2790 0.00
2791 15.42
2792 0.96
2793 2.65
2794 0.99
2795 1.98
2796 2.13
2797 1.94
2798 1.80
2799 2.20
2800 2.13
2801 2.19
2802 2.73
2803 1.70
2804 1.83
2805 1.56
2806 15.19
2807 0.89
2808 46.75
2809 0.17
2810 0.00
2811 0.25
2812 0.00
2813 0.00
2814 0.00
2815 34.29
2816 0.33
2817 1.93
2818 1.34
2819 0.90
2820 2.40
2821 1.99
2822 2.26
2823 1.43
2824 2.07
2825 2.13
2826 1.97
2827 2.16
2828 1.72
2829 3.27
2830 1.71
2831 1.14
2832 1.54
2833 0.16
2834 9.40
2835 0.00
2836 0.53
2837 3.26
2838 0.60
2839 59.02
2840 0.61
2841 0.54
2842 1.59
2843 0.54
2844 0.82
2845 1.66
2846 1.09
2847 0.90
2848 2.14
2849 1.17
2850 1.99
2851 10.04
2852 19.94
2853 2.50
2854 0.00
2855 1.15
2856 3.77
2857 0.11
2858 10.62
2859 8.41
2860 16.31
2861 24.16
2862 4.53
2863 5.21
2864 1.12
2865 1.60
2866 0.73
2867 1.66
2868 1.77
2869 2.07
2870 1.74
2871 1.63
2872 2.39
2873 2.64
2874 2.37
2875 1.50
2876 2.09
2877 4.60
2878 0.40
2879 1.25
2880 0.00
2881 0.17
2882 0.00
2883 11.69
2884 27.69
2885 16.19
2886 1.74
2887 4.15
2888 1.30
2889 3.38
2890 0.79
2891 1.79
2892 2.03
2893 1.49
2894 1.74
2895 1.80
2896 2.08
2897 2.20
2898 2.57
2899 1.78
2900 2.18
2901 5.57
2902 34.95
2903 0.84
2904 3.42
2905 0.14
2906 0.00
2907 0.00
2908 2.17
2909 17.62
2910 5.26
2911 7.12
2912 1.16
2913 2.59
2914 0.82
2915 1.52
2916 1.79
2917 1.92
2918 1.97
2919 2.20
2920 2.32
2921 2.60
2922 2.01
2923 1.39
2924 2.01
2925 5.76
2926 17.06
2927 1.69
2928 4.45
2929 0.20
2930 2.31
2931 0.00
2932 0.00
2933 3.60
2934 34.95
2935 2.74
2936 1.69
2937 2.50
2938 0.79
2939 2.41
2940 2.22
2941 1.84
2942 2.14
2943 1.89
2944 2.11
2945 1.94
2946 2.03
2947 1.63
2948 1.71
2949 3.25
2950 18.46
2951 1.81
2952 5.89
2953 0.12
2954 2.46
2955 40.45
2956 48.00
2957 0.00
2958 0.00
2959 4.32
2960 1.79
2961 2.37
2962 0.82
2963 2.15
2964 1.62
2965 1.79
2966 1.72
2967 2.26
2968 2.56
2969 2.13
2970 1.85
2971 1.51
2972 1.67
2973 8.06
2974 4.63
2975 1.39
2976 5.79
2977 0.25
2978 0.87
2979 2.34
2980 4.38
2981 0.42
2982 3.15
2983 3.34
2984 0.30
2985 1.76
2986 1.97
2987 2.00
2988 1.65
2989 1.30
2990 1.81
2991 3.22
2992 2.36
2993 2.74
2994 2.50
2995 1.44
2996 1.71
2997 5.34
2998 1.08
2999 0.99
3000 2.69
3001 0.15
3002 0.00
3003 14.83
3004 0.29
3005 1.72
3006 2.47
3007 19.62
3008 0.44
3009 5.07
3010 2.15
3011 0.95
3012 0.95
3013 0.87
3014 1.18
3015 0.82
3016 1.36
3017 2.67
3018 3.87
3019 6.62
3020 4.76
3021 6.23
3022 0.00
3023 0.68
3024 52.94
3025 0.08
3026 0.00
3027 0.00
3028 18.15
3029 1.55
3030 59.02
3031 5.08
3032 1.39
3033 2.39
3034 1.00
3035 2.16
3036 2.03
3037 1.92
3038 1.73
3039 1.43
3040 1.80
3041 3.00
3042 2.60
3043 1.52
3044 2.56
3045 5.99
3046 0.00
3047 1.41
3048 45.00
3049 0.12
3050 0.69
3051 0.00
3052 37.11
3053 2.92
3054 0.00
3055 17.85
3056 1.51
3057 3.07
3058 0.70
3059 1.95
3060 2.56
3061 1.92
3062 1.79
3063 1.50
3064 1.84
3065 1.96
3066 2.02
3067 1.54
3068 1.95
3069 4.95
3070 0.00
3071 1.36
3072 1.79
3073 0.07
3074 1.19
3075 0.00
3076 44.44
3077 8.53
3078 54.55
3079 4.91
3080 1.61
3081 2.32
3082 0.96
3083 1.94
3084 1.42
3085 1.20
3086 1.90
3087 1.79
3088 1.99
3089 1.90
3090 1.77
3091 1.60
3092 2.20
3093 5.05
3094 24.96
3095 1.08
3096 6.88
3097 0.11
3098 0.00
3099 0.00
3100 46.15
3101 16.29
3102 24.66
3103 11.98
3104 2.07
3105 3.52
3106 0.74
3107 2.00
3108 2.26
3109 1.68
3110 2.22
3111 1.90
3112 2.00
3113 2.55
3114 2.20
3115 1.62
3116 1.83
3117 2.40
3118 7.47
3119 1.68
3120 9.33
3121 0.09
3122 0.00
3123 0.00
3124 26.28
3125 6.59
3126 0.00
3127 4.27
3128 1.25
3129 1.94
3130 0.89
3131 2.10
3132 1.89
3133 1.90
3134 2.28
3135 2.17
3136 2.16
3137 2.02
3138 2.26
3139 1.40
3140 1.97
3141 5.05
3142 4.38
3143 1.31
3144 3.61
3145 0.18
3146 0.59
3147 0.21
3148 0.00
3149 4.08
3150 9.16
3151 10.82
3152 0.22
3153 2.71
3154 3.93
3155 1.88
3156 1.51
3157 2.02
3158 2.16
3159 2.46
3160 1.85
3161 2.33
3162 2.09
3163 1.42
3164 1.66
3165 2.44
3166 0.00
3167 0.67
3168 3.76
3169 0.14
3170 19.20
3171 0.52
3172 1.55
3173 0.36
3174 0.00
3175 0.00
3176 0.28
3177 0.52
3178 1.59
3179 1.29
3180 0.94
3181 0.67
3182 1.27
3183 1.43
3184 1.51
3185 1.95
3186 1.24
3187 8.59
3188 4.92
3189 4.62
3190 0.00
3191 0.98
3192 24.16
3193 0.11
3194 0.00
3195 0.00
3196 0.00
3197 44.44
3198 0.00
3199 5.45
3200 1.34
3201 4.07
3202 0.79
3203 2.25
3204 1.97
3205 2.31
3206 1.57
3207 1.90
3208 2.46
3209 1.94
3210 1.93
3211 1.23
3212 1.49
3213 4.05
3214 0.00
3215 1.08
3216 1.54
3217 0.18
3218 0.00
3219 0.00
3220 20.45
3221 55.38
3222 0.00
3223 4.23
3224 1.45
3225 2.49
3226 0.85
3227 1.83
3228 2.35
3229 2.08
3230 1.69
3231 1.89
3232 2.30
3233 2.48
3234 2.09
3235 1.55
3236 1.89
3237 3.60
3238 54.00
3239 1.06
3240 42.35
3241 0.13
3242 0.00
3243 14.88
3244 4.62
3245 0.00
3246 1.84
3247 53.73
3248 1.37
3249 2.93
3250 0.98
3251 1.89
3252 1.96
3253 1.92
3254 1.82
3255 1.61
3256 2.01
3257 2.31
3258 1.84
3259 1.49
3260 1.77
3261 4.93
3262 31.58
3263 4.14
3264 1.70
3265 0.32
3266 55.38
3267 19.35
3268 23.53
3269 10.50
3270 23.63
3271 6.66
3272 1.70
3273 3.12
3274 0.76
3275 1.95
3276 1.75
3277 1.95
3278 2.24
3279 2.00
3280 2.22
3281 2.54
3282 2.24
3283 1.48
3284 2.38
3285 5.39
3286 1.52
3287 0.97
3288 48.98
3289 0.76
3290 0.00
3291 2.03
3292 33.33
3293 3.05
3294 0.00
3295 1.86
3296 1.67
3297 1.54
3298 0.76
3299 2.06
3300 1.77
3301 1.67
3302 1.57
3303 1.89
3304 2.56
3305 2.46
3306 2.25
3307 1.57
3308 2.30
3309 2.58
3310 2.58
3311 0.55
3312 18.24
3313 0.47
3314 0.00
3315 0.00
3316 1.66
3317 13.79
3318 1.41
3319 1.92
3320 0.29
3321 1.90
3322 2.13
3323 2.96
3324 1.74
3325 1.98
3326 2.18
3327 2.25
3328 2.34
3329 2.02
3330 1.69
3331 1.75
3332 1.74
3333 2.82
3334 0.96
3335 1.69
3336 3.47
3337 0.33
3338 0.00
3339 0.00
3340 0.73
3341 15.06
3342 0.41
3343 1.85
3344 0.54
3345 1.35
3346 1.20
3347 0.63
3348 0.83
3349 0.99
3350 0.46
3351 0.82
3352 0.84
3353 1.44
3354 1.44
3355 1.66
3356 1.21
3357 7.24
3358 2.11
3359 0.79
3360 0.00
3361 0.44
3362 1.29
3363 0.00
3364 0.74
3365 0.00
3366 2.05
3367 4.13
3368 1.64
3369 2.81
3370 0.93
3371 1.87
3372 1.95
3373 2.33
3374 1.88
3375 2.10
3376 2.64
3377 3.23
3378 2.35
3379 1.33
3380 2.05
3381 5.16
3382 8.35
3383 0.81
3384 0.00
3385 0.24
3386 0.00
3387 0.00
3388 18.00
3389 0.00
3390 39.56
3391 26.01
3392 1.06
3393 2.23
3394 0.74
3395 2.30
3396 1.84
3397 1.98
3398 1.72
3399 2.21
3400 2.11
3401 2.57
3402 2.04
3403 1.55
3404 2.05
3405 4.47
3406 3.18
3407 1.84
3408 3.87
3409 0.00
3410 0.00
3411 22.50
3412 6.74
3413 11.29
3414 0.00
3415 7.63
3416 1.87
3417 2.77
3418 0.77
3419 1.62
3420 1.43
3421 1.72
3422 1.61
3423 2.32
3424 2.33
3425 2.16
3426 1.84
3427 1.32
3428 1.53
3429 7.06
3430 10.59
3431 1.65
3432 3.42
3433 0.46
3434 51.43
3435 0.00
3436 0.00
3437 23.61
3438 0.00
3439 18.92
3440 1.39
3441 2.59
3442 0.96
3443 2.58
3444 2.22
3445 1.83
3446 1.79
3447 1.94
3448 2.74
3449 2.34
3450 2.45
3451 1.55
3452 1.60
3453 6.87
3454 0.00
3455 3.29
3456 4.72
3457 0.99
3458 12.53
3459 0.86
3460 13.73
3461 5.97
3462 0.46
3463 0.95
3464 1.42
3465 2.49
3466 1.01
3467 1.98
3468 1.54
3469 1.88
3470 1.70
3471 2.56
3472 1.99
3473 2.27
3474 2.14
3475 1.63
3476 2.16
3477 3.79
3478 0.54
3479 1.00
3480 6.05
3481 0.84
3482 0.64
3483 0.00
3484 0.69
3485 31.86
3486 0.00
3487 9.12
3488 0.27
3489 1.58
3490 2.22
3491 1.34
3492 1.66
3493 1.96
3494 2.10
3495 2.69
3496 1.37
3497 1.53
3498 1.88
3499 1.57
3500 2.37
3501 2.43
3502 2.21
3503 2.07
3504 5.76
3505 0.69
3506 0.45
3507 0.75
3508 2.09
3509 0.96
3510 1.17
3511 0.00
3512 0.53
3513 0.77
3514 2.02
3515 1.06
3516 1.09
3517 1.19
3518 0.82
3519 0.80
3520 1.20
3521 2.21
3522 3.70
3523 2.90
3524 2.11
3525 10.37
3526 1.38
3527 1.37
3528 1.90
3529 0.29
3530 0.00
3531 0.20
3532 6.25
3533 13.33
3534 4.15
3535 2.72
3536 1.35
3537 5.11
3538 0.84
3539 1.71
3540 2.41
3541 1.63
3542 1.88
3543 1.88
3544 2.21
3545 2.68
3546 2.29
3547 1.57
3548 2.05
3549 7.50
3550 0.00
3551 2.20
3552 2.93
3553 4.89
3554 0.87
3555 44.72
3556 28.35
3557 1.22
3558 1.36
3559 2.30
3560 1.63
3561 2.80
3562 0.90
3563 2.06
3564 1.59
3565 1.85
3566 1.88
3567 1.41
3568 1.97
3569 2.34
3570 2.80
3571 1.65
3572 2.03
3573 2.87
3574 0.00
3575 1.89
3576 11.25
3577 11.73
3578 0.00
3579 0.00
3580 0.00
3581 2.97
3582 0.00
3583 3.72
3584 1.61
3585 2.56
3586 0.80
3587 1.76
3588 2.40
3589 1.80
3590 1.76
3591 1.99
3592 2.16
3593 2.42
3594 2.16
3595 1.62
3596 2.26
3597 3.38
3598 0.00
3599 1.98
3600 0.00
3601 1.75
3602 5.23
3603 35.64
3604 29.27
3605 1.84
3606 2.12
3607 12.95
3608 2.45
3609 2.29
3610 1.11
3611 1.74
3612 1.79
3613 1.87
3614 1.63
3615 1.62
3616 2.12
3617 2.44
3618 2.44
3619 1.61
3620 2.10
3621 1.78
3622 0.00
3623 3.94
3624 1.96
3625 0.45
3626 7.62
3627 18.27
3628 16.54
3629 0.00
3630 20.57
3631 0.48
3632 1.70
3633 2.98
3634 0.98
3635 1.76
3636 1.77
3637 1.95
3638 2.07
3639 2.37
3640 1.81
3641 1.67
3642 2.41
3643 1.75
3644 1.48
3645 7.86
3646 0.00
3647 1.38
3648 1.65
3649 0.78
3650 9.41
3651 0.56
3652 1.77
3653 1.07
3654 3.48
3655 40.00
3656 0.22
3657 1.95
3658 1.45
3659 1.27
3660 1.84
3661 1.86
3662 1.79
3663 2.55
3664 1.60
3665 2.23
3666 1.69
3667 1.79
3668 1.93
3669 1.91
3670 0.81
3671 1.44
3672 5.59
3673 0.21
3674 1.36
3675 0.77
3676 1.59
3677 2.04
3678 2.39
3679 1.43
3680 1.06
3681 2.61
3682 1.03
3683 1.16
3684 1.18
3685 1.57
3686 1.31
3687 1.14
3688 1.44
3689 1.81
3690 2.68
3691 1.09
3692 3.85
3693 2.58
3694 12.75
3695 1.09
3696 0.00
3697 0.21
3698 31.86
3699 0.00
3700 7.52
3701 0.00
3702 1.73
3703 16.07
3704 2.08
3705 2.33
3706 0.99
3707 2.25
3708 2.59
3709 1.66
3710 1.44
3711 1.85
3712 1.95
3713 2.72
3714 5.25
3715 1.92
3716 2.48
3717 5.05
3718 5.20
3719 1.43
3720 0.00
3721 0.31
3722 0.00
3723 0.00
3724 18.80
3725 0.00
3726 26.28
3727 3.34
3728 1.84
3729 2.89
3730 1.02
3731 2.11
3732 1.86
3733 1.82
3734 1.95
3735 1.76
3736 1.77
3737 2.51
3738 2.38
3739 1.87
3740 2.35
3741 3.97
3742 35.12
3743 1.34
3744 3.01
3745 0.41
3746 0.00
3747 0.00
3748 16.22
3749 12.39
3750 3.08
3751 6.26
3752 1.74
3753 2.10
3754 0.95
3755 2.22
3756 1.58
3757 1.52
3758 1.99
3759 2.16
3760 2.19
3761 2.27
3762 2.19
3763 1.59
3764 1.99
3765 6.17
3766 0.86
3767 1.39
3768 0.00
3769 0.45
3770 28.72
3771 0.00
3772 18.27
3773 27.38
3774 2.98
3775 4.76
3776 1.72
3777 2.25
3778 1.41
3779 2.17
3780 1.96
3781 2.15
3782 1.53
3783 1.97
3784 2.28
3785 2.89
3786 2.22
3787 1.42
3788 1.92
3789 5.03
3790 53.73
3791 0.99
3792 45.57
3793 0.36
3794 1.15
3795 0.00
3796 11.80
3797 5.19
3798 19.30
3799 4.76
3800 1.48
3801 3.22
3802 0.95
3803 1.89
3804 2.03
3805 1.70
3806 1.65
3807 2.37
3808 2.17
3809 2.14
3810 2.38
3811 1.71
3812 1.41
3813 7.60
3814 0.00
3815 2.13
3816 2.86
3817 0.35
3818 1.92
3819 1.14
3820 9.97
3821 9.05
3822 15.30
3823 4.39
3824 0.25
3825 2.26
3826 2.54
3827 1.70
3828 1.79
3829 1.77
3830 2.35
3831 2.48
3832 3.02
3833 2.34
3834 1.53
3835 1.61
3836 1.38
3837 5.77
3838 1.72
3839 1.37
3840 2.64
3841 0.49
3842 1.15
3843 5.34
3844 26.28
3845 1.73
3846 1.18
3847 10.07
3848 0.53
3849 9.16
3850 0.99
3851 1.30
3852 1.71
3853 1.26
3854 0.96
3855 0.76
3856 1.05
3857 2.16
3858 1.67
3859 3.20
3860 3.70
3861 1.44
3862 11.36
3863 1.68
3864 6.10
3865 0.28
3866 0.32
3867 17.06
3868 0.00
3869 4.76
3870 3.34
3871 5.09
3872 0.31
3873 0.43
3874 0.32
3875 0.58
3876 0.82
3877 0.81
3878 0.96
3879 1.18
3880 1.45
3881 1.36
3882 1.29
3883 1.05
3884 2.12
3885 3.55
3886 0.00
3887 1.89
3888 9.06
3889 29.51
3890 0.00
3891 0.00
3892 33.96
3893 56.25
3894 44.44
3895 1.27
3896 2.62
3897 2.70
3898 0.89
3899 2.49
3900 2.35
3901 2.05
3902 1.72
3903 1.78
3904 2.21
3905 2.36
3906 2.68
3907 1.46
3908 1.85
3909 8.72
3910 4.44
3911 2.00
3912 3.92
3913 0.63
3914 0.89
3915 24.32
3916 48.00
3917 20.93
3918 4.96
3919 9.40
3920 2.18
3921 2.08
3922 0.84
3923 2.05
3924 2.36
3925 2.06
3926 2.16
3927 1.93
3928 2.27
3929 2.26
3930 2.52
3931 1.46
3932 1.82
3933 3.32
3934 6.95
3935 1.28
3936 11.52
3937 0.42
3938 0.00
3939 13.03
3940 42.35
3941 21.86
3942 24.32
3943 18.42
3944 1.43
3945 2.86
3946 0.92
3947 2.28
3948 1.95
3949 1.95
3950 2.20
3951 2.12
3952 1.84
3953 2.34
3954 2.58
3955 1.71
3956 1.90
3957 3.62
3958 0.82
3959 0.99
3960 5.20
3961 0.93
3962 0.00
3963 0.00
3964 0.00
3965 22.29
3966 2.50
3967 7.67
3968 1.99
3969 2.39
3970 0.84
3971 1.71
3972 1.86
3973 1.40
3974 1.85
3975 1.81
3976 2.24
3977 1.88
3978 2.24
3979 1.38
3980 1.74
3981 4.67
3982 19.74
3983 0.73
3984 8.55
3985 0.39
3986 28.92
3987 5.21
3988 0.15
3989 50.70
3990 0.73
3991 3.32
3992 0.22
3993 1.62
3994 1.83
3995 1.98
3996 2.02
3997 1.53
3998 2.19
3999 1.90
4000 2.00
4001 2.54
4002 1.63
4003 1.62
4004 1.38
4005 0.93
4006 1.01
4007 1.57
4008 5.57
4009 0.92
4010 0.67
4011 1.02
4012 0.91
4013 1.40
4014 0.89
4015 9.43
4016 1.08
4017 15.82
4018 1.13
4019 0.66
4020 0.58
4021 1.42
4022 1.14
4023 0.98
4024 1.79
4025 1.91
4026 1.78
4027 7.07
4028 1.97
4029 0.00
4030 26.09
4031 1.47
4032 5.32
4033 0.75
4034 0.00
4035 0.90
4036 8.91
4037 4.21
4038 0.95
4039 6.75
4040 1.66
4041 2.49
4042 0.88
4043 1.67
4044 2.26
4045 2.11
4046 1.85
4047 2.24
4048 2.14
4049 2.16
4050 2.43
4051 1.50
4052 2.42
4053 4.06
4054 0.99
4055 15.72
4056 3.57
4057 0.36
4058 0.00
4059 0.00
4060 34.95
4061 0.00
4062 0.00
4063 16.14
4064 2.04
4065 3.10
4066 0.80
4067 2.17
4068 1.65
4069 1.61
4070 1.72
4071 1.72
4072 1.89
4073 2.35
4074 2.02
4075 1.49
4076 2.15
4077 5.42
4078 12.02
4079 0.91
4080 2.61
4081 1.25
4082 2.37
4083 10.59
4084 48.65
4085 13.61
4086 5.74
4087 38.57
4088 1.99
4089 3.15
4090 0.84
4091 2.19
4092 2.00
4093 2.10
4094 1.88
4095 1.60
4096 2.13
4097 2.25
4098 1.76
4099 1.40
4100 1.96
4101 6.56
4102 1.25
4103 1.05
4104 4.55
4105 0.27
4106 24.49
4107 0.00
4108 33.96
4109 0.00
4110 1.77
4111 2.88
4112 1.69
4113 1.87
4114 0.73
4115 1.78
4116 1.91
4117 1.96
4118 2.34
4119 1.87
4120 2.09
4121 2.85
4122 2.72
4123 1.66
4124 2.21
4125 3.61
4126 0.00
4127 0.91
4128 2.41
4129 0.55
4130 0.00
4131 0.00
4132 0.00
4133 15.58
4134 6.74
4135 6.52
4136 1.53
4137 3.36
4138 0.88
4139 1.65
4140 1.88
4141 1.96
4142 1.95
4143 2.14
4144 2.06
4145 2.81
4146 1.78
4147 1.49
4148 1.95
4149 4.68
4150 1.97
4151 0.73
4152 25.90
4153 0.26
4154 0.00
4155 2.63
4156 0.57
4157 0.00
4158 2.72
4159 2.36
4160 0.27
4161 3.04
4162 1.41
4163 1.58
4164 1.48
4165 2.65
4166 1.46
4167 1.67
4168 1.69
4169 2.08
4170 2.09
4171 1.55
4172 2.02
4173 4.08
4174 1.00
4175 0.92
4176 3.89
4177 0.26
4178 0.38
4179 0.00
4180 11.04
4181 1.35
4182 2.00
4183 0.47
4184 0.39
4185 2.06
4186 1.04
4187 1.05
4188 1.43
4189 0.80
4190 2.27
4191 1.44
4192 1.19
4193 1.23
4194 1.09
4195 5.25
4196 3.85
4197 5.68
4198 16.22
4199 2.34
4200 42.86
4201 0.17
4202 0.13
4203 2.62
4204 1.96
4205 50.70
4206 0.00
4207 1.29
4208 1.35
4209 2.62
4210 0.96
4211 1.66
4212 1.91
4213 1.72
4214 2.04
4215 1.95
4216 2.16
4217 2.35
4218 2.25
4219 1.60
4220 2.10
4221 6.69
4222 0.82
4223 1.39
4224 2.57
4225 0.49
4226 0.00
4227 50.00
4228 0.00
4229 55.81
4230 1.62
4231 4.41
4232 1.76
4233 3.08
4234 1.00
4235 1.90
4236 2.11
4237 2.08
4238 1.88
4239 2.11
4240 2.02
4241 2.99
4242 2.01
4243 1.57
4244 2.45
4245 3.01
4246 16.46
4247 2.20
4248 2.72
4249 0.75
4250 0.00
4251 0.83
4252 0.00
4253 16.04
4254 6.60
4255 4.12
4256 1.61
4257 3.11
4258 1.02
4259 1.67
4260 1.77
4261 1.74
4262 1.81
4263 1.77
4264 2.18
4265 2.55
4266 2.47
4267 1.47
4268 2.29
4269 5.51
4270 1.69
4271 1.54
4272 45.57
4273 0.44
4274 3.88
4275 0.00
4276 0.00
4277 21.56
4278 0.97
4279 12.15
4280 2.06
4281 2.63
4282 0.89
4283 1.52
4284 1.75
4285 2.22
4286 2.09
4287 1.98
4288 2.25
4289 2.34
4290 2.12
4291 1.54
4292 2.11
4293 2.92
4294 6.83
4295 1.08
4296 19.71
4297 0.32
4298 8.03
4299 26.67
4300 0.00
4301 0.00
4302 8.26
4303 2.46
4304 1.57
4305 1.90
4306 0.64
4307 1.82
4308 1.87
4309 1.40
4310 1.91
4311 1.75
4312 2.40
4313 2.02
4314 2.89
4315 1.75
4316 2.17
4317 6.76
4318 1.72
4319 1.31
4320 4.51
4321 0.57
4322 3.37
4323 0.57
4324 42.69
4325 0.83
4326 0.74
4327 1.72
4328 0.30
4329 1.68
4330 2.41
4331 1.82
4332 1.97
4333 1.58
4334 2.29
4335 1.53
4336 2.84
4337 2.12
4338 1.64
4339 1.92
4340 1.05
4341 5.15
4342 0.00
4343 1.31
4344 3.62
4345 0.31
4346 0.38
4347 0.55
4348 0.00
4349 0.00
4350 0.70
4351 2.45
4352 0.42
4353 1.93
4354 0.79
4355 0.92
4356 0.90
4357 1.54
4358 0.89
4359 1.46
4360 1.81
4361 1.26
4362 2.97
4363 3.89
4364 3.91
4365 3.19
4366 14.44
4367 1.22
4368 3.14
4369 0.38
4370 2.39
4371 0.59
4372 2.06
4373 43.37
4374 2.57
4375 3.09
4376 1.32
4377 3.48
4378 0.77
4379 2.58
4380 2.06
4381 2.04
4382 1.80
4383 2.40
4384 2.43
4385 2.70
4386 2.90
4387 1.73
4388 2.52
4389 6.72
4390 2.26
4391 0.75
4392 2.01
4393 0.26
4394 12.24
4395 0.00
4396 2.00
4397 0.11
4398 15.38
4399 4.26
4400 1.46
4401 3.23
4402 0.78
4403 2.00
4404 1.64
4405 2.13
4406 1.85
4407 2.24
4408 2.37
4409 2.28
4410 2.55
4411 1.35
4412 2.28
4413 4.86
4414 7.67
4415 1.09
4416 0.00
4417 0.59
4418 4.43
4419 0.25
4420 15.38
4421 14.72
4422 13.46
4423 1.86
4424 1.79
4425 2.17
4426 0.79
4427 1.79
4428 2.27
4429 1.62
4430 1.70
4431 1.49
4432 1.95
4433 2.47
4434 2.06
4435 1.56
4436 2.31
4437 6.47
4438 14.30
4439 5.35
4440 1.38
4441 4.02
4442 0.00
4443 8.63
4444 21.82
4445 16.74
4446 2.08
4447 6.87
4448 1.65
4449 2.71
4450 1.01
4451 2.01
4452 2.26
4453 1.83
4454 2.04
4455 1.89
4456 2.42
4457 2.10
4458 1.80
4459 1.48
4460 2.09
4461 5.08
4462 2.61
4463 1.00
4464 3.32
4465 2.30
4466 1.77
4467 56.25
4468 0.00
4469 1.02
4470 19.20
4471 1.06
4472 1.24
4473 2.31
4474 0.82
4475 1.95
4476 2.15
4477 2.02
4478 1.82
4479 2.45
4480 2.33
4481 2.97
4482 3.03
4483 1.55
4484 2.11
4485 2.78
4486 2.90
4487 1.26
4488 3.82
4489 1.03
4490 1.71
4491 0.25
4492 0.00
4493 0.58
4494 0.69
4495 30.25
4496 0.24
4497 1.08
4498 1.70
4499 3.75
4500 1.45
4501 1.85
4502 1.78
4503 1.96
4504 2.75
4505 1.84
4506 1.62
4507 1.87
4508 1.55
4509 3.23
4510 0.00
4511 0.75
4512 3.37
4513 0.42
4514 1.24
4515 2.24
4516 16.06
4517 0.70
4518 3.84
4519 6.00
4520 1.48
4521 4.19
4522 1.73
4523 1.27
4524 1.52
4525 1.34
4526 1.15
4527 1.38
4528 0.98
4529 2.29
4530 2.18
4531 1.10
4532 13.01
4533 2.08
4534 2.61
4535 1.79
4536 2.36
4537 0.25
4538 0.00
4539 0.00
4540 7.96
4541 0.00
4542 12.41
4543 5.54
4544 2.07
4545 2.98
4546 0.90
4547 2.25
4548 2.10
4549 2.01
4550 1.67
4551 1.75
4552 2.48
4553 2.48
4554 1.70
4555 1.36
4556 2.15
4557 5.27
4558 26.37
4559 0.74
4560 15.79
4561 0.19
4562 4.18
4563 5.06
4564 0.00
4565 0.84
4566 0.78
4567 4.14
4568 1.86
4569 2.17
4570 0.85
4571 2.01
4572 2.04
4573 1.75
4574 1.64
4575 1.89
4576 2.34
4577 2.59
4578 2.27
4579 1.58
4580 2.40
4581 6.96
4582 1.82
4583 1.35
4584 1.67
4585 0.21
4586 0.00
4587 0.00
4588 7.53
4589 59.02
4590 0.00
4591 4.04
4592 2.21
4593 2.36
4594 0.68
4595 2.01
4596 2.03
4597 1.70
4598 1.91
4599 2.18
4600 2.14
4601 2.71
4602 1.97
4603 1.46
4604 2.13
4605 1.91
4606 2.06
4607 0.94
4608 8.09
4609 0.55
4610 0.00
4611 0.00
4612 38.30
4613 8.13
4614 18.77
4615 5.81
4616 1.49
4617 3.01
4618 0.92
4619 2.37
4620 2.22
4621 2.00
4622 1.89
4623 2.04
4624 1.99
4625 2.62
4626 2.67
4627 1.88
4628 2.18
4629 5.71
4630 0.89
4631 5.89
4632 6.84
4633 2.18
4634 0.91
4635 17.69
4636 46.15
4637 1.44
4638 21.88
4639 3.86
4640 1.58
4641 1.85
4642 0.83
4643 1.65
4644 1.95
4645 1.64
4646 1.66
4647 2.21
4648 2.29
4649 2.01
4650 2.13
4651 1.39
4652 1.61
4653 2.65
4654 0.39
4655 0.94
4656 0.00
4657 0.44
4658 0.52
4659 0.64
4660 0.00
4661 2.04
4662 0.42
4663 0.84
4664 0.29
4665 1.59
4666 1.09
4667 2.17
4668 1.71
4669 2.87
4670 1.74
4671 1.79
4672 2.03
4673 1.92
4674 1.94
4675 2.12
4676 1.80
4677 2.45
4678 0.83
4679 0.98
4680 2.26
4681 0.31
4682 3.55
4683 0.52
4684 0.00
4685 0.35
4686 0.29
4687 0.67
4688 0.43
4689 1.34
4690 0.89
4691 0.90
4692 0.88
4693 0.80
4694 1.42
4695 0.92
4696 1.23
4697 0.96
4698 4.40
4699 2.57
4700 0.00
4701 4.95
4702 1.17
4703 0.98
4704 45.57
4705 0.49
4706 1.82
4707 0.00
4708 3.58
4709 30.51
4710 1.08
4711 3.89
4712 1.63
4713 1.81
4714 0.81
4715 1.85
4716 1.59
4717 1.90
4718 1.54
4719 2.05
4720 2.40
4721 2.49
4722 2.39
4723 1.19
4724 2.26
4725 4.56
4726 1.76
4727 1.50
4728 54.55
4729 2.26
4730 7.10
4731 0.00
4732 0.00
4733 43.90
4734 39.42
4735 2.82
4736 2.00
4737 1.89
4738 0.78
4739 1.72
4740 2.17
4741 1.57
4742 2.08
4743 1.61
4744 2.27
4745 2.30
4746 2.21
4747 1.37
4748 2.14
4749 2.76
4750 2.90
4751 0.85
4752 41.86
4753 0.34
4754 0.00
4755 0.36
4756 1.95
4757 0.00
4758 1.81
4759 1.82
4760 2.22
4761 2.69
4762 0.85
4763 1.91
4764 2.06
4765 1.61
4766 2.14
4767 2.22
4768 1.93
4769 2.48
4770 1.78
4771 1.14
4772 1.79
4773 3.14
4774 24.00
4775 2.03
4776 4.65
4777 0.28
4778 0.00
4779 0.00
4780 1.30
4781 16.95
4782 2.04
4783 17.25
4784 1.43
4785 1.58
4786 0.73
4787 1.88
4788 1.66
4789 1.88
4790 2.16
4791 2.02
4792 1.71
4793 2.85
4794 2.00
4795 1.27
4796 1.71
4797 4.18
4798 0.46
4799 1.47
4800 4.49
4801 0.21
4802 29.75
4803 23.08
4804 0.00
4805 0.96
4806 0.00
4807 3.55
4808 1.56
4809 3.02
4810 0.78
4811 1.85
4812 1.85
4813 1.85
4814 1.65
4815 1.87
4816 1.76
4817 2.21
4818 3.77
4819 1.59
4820 1.87
4821 4.51
4822 1.18
4823 1.23
4824 4.29
4825 0.87
4826 0.69
4827 1.89
4828 7.13
4829 3.28
4830 47.37
4831 6.18
4832 0.21
4833 1.80
4834 1.63
4835 1.88
4836 1.75
4837 2.62
4838 2.13
4839 1.78
4840 2.44
4841 2.09
4842 1.84
4843 1.79
4844 1.24
4845 4.57
4846 0.40
4847 1.01
4848 0.00
4849 0.37
4850 1.43
4851 1.01
4852 0.45
4853 39.13
4854 0.96
4855 39.13
4856 0.53
4857 1.18
4858 1.70
4859 0.63
4860 1.26
4861 1.14
4862 0.87
4863 0.81
4864 1.80
4865 0.92
4866 1.69
4867 5.61
4868 36.73
4869 3.84
4870 5.40
4871 2.47
4872 2.33
4873 3.71
4874 4.34
4875 2.31
4876 45.00
4877 43.90
4878 15.09
4879 1.79
4880 1.80
4881 1.65
4882 0.80
4883 1.92
4884 1.97
4885 2.03
4886 1.67
4887 1.91
4888 2.08
4889 2.69
4890 2.13
4891 1.39
4892 2.19
4893 1.63
4894 34.12
4895 1.66
4896 37.70
4897 0.30
4898 6.13
4899 0.80
4900 11.44
4901 0.00
4902 3.34
4903 2.33
4904 1.23
4905 2.52
4906 0.76
4907 1.79
4908 1.75
4909 1.79
4910 1.79
4911 1.99
4912 1.72
4913 2.48
4914 2.19
4915 1.45
4916 1.80
4917 5.21
4918 10.08
4919 0.58
4920 4.28
4921 0.54
4922 0.53
4923 0.00
4924 0.00
4925 7.69
4926 6.56
4927 5.57
4928 2.39
4929 1.49
4930 0.82
4931 1.88
4932 1.67
4933 1.90
4934 2.01
4935 1.75
4936 2.75
4937 2.95
4938 1.76
4939 1.27
4940 2.14
4941 2.39
4942 4.52
4943 0.75
4944 7.88
4945 0.56
4946 5.66
4947 29.88
4948 19.35
4949 32.29
4950 10.76
4951 2.17
4952 1.49
4953 2.43
4954 0.81
4955 1.81
4956 2.06
4957 2.13
4958 1.79
4959 1.96
4960 2.16
4961 2.37
4962 1.92
4963 1.33
4964 2.13
4965 3.40
4966 12.41
4967 0.50
4968 59.02
4969 0.37
4970 5.32
4971 0.00
4972 0.00
4973 2.09
4974 0.00
4975 5.16
4976 1.50
4977 2.67
4978 0.67
4979 1.77
4980 1.55
4981 1.66
4982 1.61
4983 1.94
4984 2.87
4985 2.59
4986 2.10
4987 1.39
4988 1.55
4989 1.76
4990 2.31
4991 1.82
4992 4.13
4993 0.43
4994 0.22
4995 1.01
4996 43.90
4997 1.92
4998 0.00
4999 0.97
5000 0.27
5001 1.23
5002 1.57
5003 1.74
5004 1.76
5005 1.26
5006 1.31
5007 1.66
5008 1.69
5009 1.72
5010 1.91
5011 1.76
5012 1.71
5013 1.83
5014 0.72
5015 1.05
5016 1.55
5017 0.38
5018 0.79
5019 12.41
5020 2.09
5021 0.63
5022 15.89
5023 9.78
5024 1.02
5025 1.09
5026 2.11
5027 0.95
5028 1.38
5029 0.93
5030 1.58
5031 0.80
5032 0.92
5033 1.33
5034 1.75
5035 6.36
5036 10.29
5037 1.42
5038 20.87
5039 1.84
5040 1.95
5041 52.17
5042 10.26
5043 0.00
5044 28.24
5045 0.00
5046 0.00
5047 2.32
5048 1.38
5049 3.09
5050 0.75
5051 1.50
5052 2.30
5053 1.57
5054 2.00
5055 1.76
5056 2.09
5057 2.05
5058 2.50
5059 1.36
5060 1.73
5061 8.33
5062 3.20
5063 1.98
5064 52.94
5065 0.62
5066 0.46
5067 16.67
5068 0.00
5069 0.00
5070 0.00
5071 1.77
5072 2.10
5073 1.92
5074 0.85
5075 1.75
5076 1.89
5077 1.81
5078 1.68
5079 1.90
5080 2.41
5081 2.23
5082 2.22
5083 1.42
5084 2.34
5085 4.62
5086 3.74
5087 1.49
5088 0.00
5089 1.97
5090 0.00
5091 49.32
5092 10.54
5093 0.00
5094 0.00
5095 5.77
5096 1.20
5097 1.63
5098 0.88
5099 1.70
5100 1.91
5101 2.22
5102 2.14
5103 1.88
5104 1.95
5105 2.17
5106 1.61
5107 1.38
5108 1.53
5109 3.70
5110 17.56
5111 1.22
5112 2.12
5113 0.43
5114 7.59
5115 0.00
5116 0.00
5117 0.00
5118 47.68
5119 4.98
5120 2.23
5121 1.98
5122 0.84
5123 2.06
5124 1.94
5125 1.73
5126 2.07
5127 1.77
5128 1.89
5129 2.40
5130 1.86
5131 1.48
5132 1.87
5133 7.15
5134 13.45
5135 1.32
5136 43.90
5137 7.96
5138 0.00
5139 0.55
5140 20.45
5141 1.29
5142 14.40
5143 9.94
5144 1.78
5145 1.67
5146 0.77
5147 2.06
5148 1.77
5149 1.96
5150 1.66
5151 2.34
5152 1.55
5153 2.53
5154 2.05
5155 1.47
5156 1.66
5157 4.59
5158 1.54
5159 0.73
5160 6.88
5161 0.67
5162 0.67
5163 0.00
5164 0.67
5165 1.18
5166 0.00
5167 2.05
5168 0.25
5169 1.03
5170 2.79
5171 2.29
5172 1.96
5173 2.10
5174 2.42
5175 2.31
5176 2.60
5177 2.51
5178 1.84
5179 2.02
5180 1.73
5181 0.86
5182 21.09
5183 1.14
5184 4.47
5185 0.46
5186 0.45
5187 0.97
5188 0.31
5189 35.29
5190 0.00
5191 2.82
5192 1.52
5193 0.53
5194 3.64
5195 1.07
5196 1.83
5197 0.80
5198 0.67
5199 0.92
5200 1.56
5201 1.27
5202 2.19
5203 5.79
5204 0.87
5205 8.86
5206 30.32
5207 1.36
5208 5.44
5209 0.00
5210 2.00
5211 39.56
5212 43.37
5213 5.67
5214 55.38
5215 3.25
5216 2.60
5217 3.10
5218 0.94
5219 2.22
5220 1.88
5221 2.19
5222 1.98
5223 2.17
5224 2.12
5225 2.48
5226 2.38
5227 1.39
5228 1.90
5229 5.89
5230 18.46
5231 2.35
5232 4.71
5233 38.71
5234 46.75
5235 10.11
5236 0.00
5237 21.43
5238 1.85
5239 6.65
5240 1.92
5241 2.42
5242 0.79
5243 2.11
5244 2.23
5245 1.77
5246 1.83
5247 2.12
5248 2.77
5249 3.19
5250 2.02
5251 1.34
5252 2.09
5253 5.47
5254 8.32
5255 1.72
5256 38.71
5257 0.46
5258 0.00
5259 0.00
5260 22.22
5261 0.00
5262 0.00
5263 1.90
5264 1.34
5265 3.13
5266 0.80
5267 2.06
5268 1.96
5269 2.27
5270 2.20
5271 2.23
5272 2.10
5273 2.64
5274 2.17
5275 1.62
5276 2.26
5277 4.77
5278 13.16
5279 1.59
5280 0.00
5281 15.06
5282 0.00
5283 3.41
5284 0.00
5285 4.85
5286 1.31
5287 2.56
5288 2.03
5289 2.71
5290 0.80
5291 2.14
5292 2.48
5293 1.91
5294 1.88
5295 2.14
5296 2.76
5297 2.73
5298 1.89
5299 1.41
5300 2.34
5301 10.18
5302 15.30
5303 3.01
5304 4.64
5305 0.50
5306 0.00
5307 2.51
5308 0.00
5309 0.00
5310 18.37
5311 13.01
5312 1.08
5313 2.58
5314 0.70
5315 1.66
5316 1.49
5317 1.77
5318 1.29
5319 2.48
5320 2.26
5321 2.22
5322 2.06
5323 1.53
5324 2.08
5325 5.09
5326 2.89
5327 1.71
5328 12.01
5329 0.16
5330 0.00
5331 0.00
5332 0.00
5333 0.93
5334 0.00
5335 0.00
5336 0.22
5337 1.62
5338 1.22
5339 1.70
5340 1.27
5341 1.06
5342 1.49
5343 1.79
5344 1.80
5345 1.73
5346 2.23
5347 1.57
5348 1.45
5349 2.62
5350 0.81
5351 1.09
5352 6.59
5353 0.44
5354 0.00
5355 0.37
5356 12.46
5357 0.00
5358 6.47
5359 0.26
5360 0.39
5361 7.65
5362 1.36
5363 0.70
5364 0.97
5365 0.59
5366 0.98
5367 1.35
5368 3.23
5369 0.97
5370 1.80
5371 4.09
5372 0.73
5373 31.58
5374 20.87
5375 1.03
5376 0.00
5377 0.00
5378 28.35
5379 0.00
5380 0.00
5381 55.38
5382 15.25
5383 2.05
5384 1.42
5385 3.68
5386 0.81
5387 2.15
5388 2.22
5389 1.82
5390 2.35
5391 2.24
5392 2.77
5393 2.52
5394 2.83
5395 1.50
5396 2.40
5397 8.02
5398 0.93
5399 1.31
5400 0.00
5401 1.34
5402 0.00
5403 0.00
5404 0.00
5405 15.52
5406 0.00
5407 15.68
5408 1.54
5409 3.31
5410 0.77
5411 1.94
5412 2.22
5413 2.02
5414 2.11
5415 2.14
5416 2.49
5417 2.75
5418 2.06
5419 1.43
5420 2.15
5421 8.93
5422 2.74
5423 2.75
5424 3.82
5425 0.30
5426 0.00
5427 0.00
5428 0.00
5429 20.45
5430 1.40
5431 14.75
5432 0.96
5433 1.79
5434 0.78
5435 2.03
5436 1.56
5437 1.69
5438 1.80
5439 1.90
5440 2.03
5441 2.32
5442 1.74
5443 1.34
5444 1.82
5445 4.10
5446 0.00
5447 0.50
5448 0.00
5449 0.89
5450 0.00
5451 0.00
5452 50.70
5453 17.73
5454 11.96
5455 9.47
5456 1.39
5457 2.57
5458 0.72
5459 1.99
5460 2.01
5461 1.60
5462 2.22
5463 2.15
5464 2.46
5465 1.87
5466 1.62
5467 1.37
5468 1.78
5469 4.14
5470 2.43
5471 1.92
5472 50.00
5473 3.65
5474 0.00
5475 0.00
5476 0.00
5477 2.69
5478 1.65
5479 5.41
5480 1.33
5481 3.24
5482 0.74
5483 2.09
5484 1.73
5485 1.57
5486 1.92
5487 1.75
5488 1.68
5489 2.47
5490 1.98
5491 1.37
5492 1.48
5493 6.16
5494 9.55
5495 1.36
5496 4.65
5497 0.49
5498 0.00
5499 1.07
5500 0.72
5501 0.85
5502 0.94
5503 0.00
5504 0.24
5505 1.10
5506 1.44
5507 2.55
5508 1.61
5509 1.52
5510 2.24
5511 1.95
5512 3.03
5513 2.24
5514 2.44
5515 1.53
5516 1.25
5517 5.70
5518 17.56
5519 1.10
5520 3.70
5521 0.31
5522 0.00
5523 15.65
5524 2.07
5525 11.98
5526 1.47
5527 3.01
5528 0.68
5529 1.44
5530 1.73
5531 0.52
5532 0.67
5533 0.71
5534 0.54
5535 2.63
5536 0.91
5537 1.68
5538 1.88
5539 6.03
5540 1.16
5541 0.00
5542 10.30
5543 0.97
5544 0.00
5545 0.89
5546 2.15
5547 0.38
5548 0.00
5549 0.00
5550 13.64
5551 8.29
5552 1.04
5553 2.58
5554 0.78
5555 2.72
5556 2.13
5557 1.71
5558 2.42
5559 1.78
5560 2.29
5561 2.54
5562 2.20
5563 1.46
5564 1.72
5565 4.47
5566 0.00
5567 26.47
5568 2.19
5569 8.18
5570 2.63
5571 1.45
5572 3.64
5573 2.52
5574 11.84
5575 8.42
5576 0.93
5577 2.40
5578 0.76
5579 1.79
5580 1.72
5581 1.81
5582 2.03
5583 1.71
5584 2.24
5585 2.99
5586 1.78
5587 1.50
5588 1.69
5589 9.88
5590 5.94
5591 1.02
5592 4.36
5593 0.32
5594 0.00
5595 0.00
5596 0.00
5597 0.00
5598 2.31
5599 2.02
5600 1.19
5601 1.47
5602 0.73
5603 1.85
5604 1.63
5605 1.89
5606 1.63
5607 1.83
5608 1.94
5609 2.45
5610 1.84
5611 1.18
5612 1.97
5613 9.56
5614 0.00
5615 2.09
5616 0.00
5617 0.00
5618 0.00
5619 3.17
5620 0.00
5621 30.64
5622 0.00
5623 17.97
5624 1.13
5625 1.90
5626 0.72
5627 2.01
5628 2.14
5629 1.96
5630 1.78
5631 2.04
5632 2.86
5633 3.06
5634 2.69
5635 1.50
5636 1.69
5637 3.98
5638 13.28
5639 15.38
5640 1.69
5641 0.28
5642 0.00
5643 0.00
5644 0.00
5645 1.23
5646 6.03
5647 16.20
5648 1.25
5649 2.37
5650 0.80
5651 2.58
5652 1.61
5653 2.27
5654 1.66
5655 2.02
5656 2.26
5657 2.41
5658 2.34
5659 1.50
5660 1.87
5661 5.44
5662 5.20
5663 2.11
5664 1.72
5665 0.28
5666 1.64
5667 29.51
5668 0.00
5669 0.00
5670 0.00
5671 2.69
5672 0.28
5673 1.73
5674 1.84
5675 2.49
5676 1.30
5677 1.86
5678 2.13
5679 1.83
5680 2.03
5681 2.71
5682 2.28
5683 1.92
5684 1.44
5685 2.36
5686 0.40
5687 0.97
5688 8.80
5689 0.26
5690 0.00
5691 0.19
5692 0.00
5693 0.00
5694 14.31
5695 23.53
5696 0.91
5697 2.22
5698 2.11
5699 0.91
5700 0.79
5701 0.67
5702 1.81
5703 1.25
5704 1.77
5705 0.95
5706 1.73
5707 1.68
5708 1.46
5709 0.00
5710 12.81
5711 1.70
5712 0.00
5713 0.16
5714 0.00
5715 0.00
5716 0.00
5717 8.93
5718 15.86
5719 2.05
5720 1.31
5721 2.48
5722 0.91
5723 1.60
5724 2.26
5725 1.93
5726 2.13
5727 1.96
5728 2.06
5729 2.58
5730 2.04
5731 1.37
5732 2.31
5733 5.87
5734 3.21
5735 0.52
5736 1.10
5737 0.35
5738 0.00
5739 0.00
5740 0.00
5741 46.15
5742 0.00
5743 3.46
5744 0.96
5745 2.26
5746 0.72
5747 1.55
5748 2.15
5749 2.16
5750 1.77
5751 1.77
5752 1.77
5753 2.78
5754 1.91
5755 1.45
5756 2.24
5757 4.38
5758 0.64
5759 2.78
5760 0.00
5761 0.25
5762 0.00
5763 0.86
5764 34.95
5765 0.00
5766 6.80
5767 5.30
5768 1.09
5769 2.87
5770 0.82
5771 1.94
5772 2.38
5773 1.64
5774 2.08
5775 2.19
5776 1.77
5777 2.70
5778 2.32
5779 1.34
5780 2.00
5781 4.31
5782 1.51
5783 0.92
5784 0.00
5785 1.21
5786 0.00
5787 2.49
5788 5.42
5789 18.95
5790 0.00
5791 1.47
5792 1.43
5793 2.90
5794 0.85
5795 1.93
5796 1.62
5797 1.86
5798 1.73
5799 2.15
5800 2.01
5801 2.17
5802 2.23
5803 1.47
5804 1.86
5805 2.80
5806 0.46
5807 0.60
5808 4.59
5809 0.29
5810 0.00
5811 15.65
5812 19.78
5813 7.05
5814 18.56
5815 0.62
5816 1.40
5817 2.95
5818 3.51
5819 2.25
5820 3.50
5821 2.17
5822 1.83
5823 2.70
5824 2.47
5825 2.31
5826 2.48
5827 1.73
5828 2.12
5829 5.83
5830 4.92
5831 0.65
5832 4.88
5833 0.28
5834 0.31
5835 0.00
5836 0.00
5837 0.00
5838 0.00
5839 39.13
5840 0.29
5841 1.41
5842 1.66
5843 2.48
5844 1.78
5845 2.20
5846 2.57
5847 2.14
5848 1.58
5849 2.43
5850 2.07
5851 1.55
5852 1.90
5853 1.93
5854 42.35
5855 0.96
5856 6.17
5857 0.74
5858 7.93
5859 0.78
5860 0.00
5861 6.46
5862 0.80
5863 0.00
5864 1.02
5865 1.32
5866 1.93
5867 1.02
5868 0.93
5869 0.85
5870 1.33
5871 2.18
5872 2.01
5873 1.17
5874 1.65
5875 3.21
5876 9.63
5877 13.58
5878 7.30
5879 0.50
5880 1.24
5881 0.40
5882 0.00
5883 0.00
5884 0.00
5885 44.44
5886 0.00
5887 1.83
5888 0.99
5889 2.47
5890 1.14
5891 2.17
5892 2.54
5893 3.21
5894 2.66
5895 2.85
5896 2.59
5897 2.33
5898 2.60
5899 1.88
5900 2.10
5901 8.10
5902 8.51
5903 2.55
5904 3.72
5905 3.40
5906 0.00
5907 0.00
5908 23.53
5909 25.00
5910 0.00
5911 1.60
5912 1.22
5913 2.50
5914 0.88
5915 2.36
5916 2.49
5917 2.19
5918 1.58
5919 2.42
5920 2.27
5921 2.14
5922 2.25
5923 1.44
5924 2.00
5925 3.81
5926 1.69
5927 1.04
5928 1.21
5929 0.18
5930 25.90
5931 0.00
5932 17.56
5933 14.17
5934 2.07
5935 1.28
5936 1.90
5937 2.44
5938 0.92
5939 1.95
5940 2.05
5941 2.51
5942 1.62
5943 2.43
5944 2.40
5945 2.10
5946 1.44
5947 1.62
5948 2.62
5949 5.60
5950 7.98
5951 1.02
5952 27.31
5953 0.45
5954 0.00
5955 0.00
5956 0.00
5957 3.20
5958 3.84
5959 14.62
5960 1.46
5961 2.14
5962 1.17
5963 1.83
5964 2.01
5965 2.36
5966 2.00
5967 1.68
5968 1.96
5969 2.51
5970 2.19
5971 1.48
5972 1.87
5973 5.58
5974 1.47
5975 7.26
5976 1.07
5977 1.13
5978 0.00
5979 23.53
5980 0.00
5981 14.57
5982 15.65
5983 17.71
5984 1.06
5985 2.41
5986 0.96
5987 1.58
5988 2.23
5989 1.56
5990 2.09
5991 1.81
5992 2.25
5993 1.97
5994 1.79
5995 2.00
5996 2.21
5997 9.91
5998 1.00
5999 2.08
6000 3.31
6001 0.50
6002 0.00
6003 17.18
6004 15.32
6005 0.46
6006 16.07
6007 26.67
6008 0.29
6009 1.13
6010 1.34
6011 1.75
6012 2.05
6013 2.25
6014 2.02
6015 2.60
6016 3.17
6017 2.36
6018 1.93
6019 1.51
6020 1.55
6021 1.76
6022 1.66
6023 1.47
6024 3.07
6025 0.78
6026 1.66
6027 0.38
6028 0.00
6029 1.51
6030 1.70
6031 43.37
6032 0.45
6033 1.60
6034 1.76
6035 1.66
6036 1.88
6037 2.65
6038 1.08
6039 1.43
6040 1.29
6041 0.92
6042 3.02
6043 3.45
6044 0.47
6045 1.52
6046 2.83
6047 0.50
6048 0.00
6049 0.96
6050 21.24
6051 45.00
6052 21.82
6053 12.12
6054 26.47
6055 1.75
6056 1.59
6057 2.44
6058 0.97
6059 1.62
6060 2.08
6061 2.16
6062 2.40
6063 2.39
6064 2.58
6065 2.49
6066 2.35
6067 1.92
6068 2.60
6069 5.61
6070 35.06
6071 1.04
6072 0.00
6073 0.56
6074 0.00
6075 0.00
6076 0.00
6077 51.80
6078 42.86
6079 4.34
6080 1.41
6081 3.07
6082 0.99
6083 2.58
6084 2.64
6085 2.64
6086 2.09
6087 1.72
6088 2.52
6089 2.34
6090 2.29
6091 1.98
6092 1.99
6093 4.37
6094 0.92
6095 1.44
6096 4.41
6097 0.15
6098 0.00
6099 1.40
6100 0.00
6101 45.00
6102 5.64
6103 1.42
6104 1.34
6105 2.45
6106 1.02
6107 2.42
6108 2.38
6109 1.94
6110 2.48
6111 2.69
6112 2.86
6113 2.47
6114 2.46
6115 1.59
6116 1.97
6117 9.94
6118 1.32
6119 4.99
6120 3.18
6121 1.95
6122 1.61
6123 0.00
6124 28.42
6125 3.14
6126 14.36
6127 1.69
6128 1.25
6129 2.08
6130 0.96
6131 1.92
6132 2.38
6133 2.65
6134 2.47
6135 2.57
6136 1.87
6137 2.45
6138 1.82
6139 1.80
6140 2.67
6141 1.91
6142 3.00
6143 1.67
6144 56.25
6145 0.23
6146 0.00
6147 7.68
6148 0.00
6149 13.48
6150 2.37
6151 3.57
6152 1.01
6153 2.03
6154 1.06
6155 2.06
6156 2.07
6157 2.23
6158 2.40
6159 2.59
6160 3.07
6161 2.58
6162 1.88
6163 1.71
6164 2.29
6165 2.89
6166 1.32
6167 2.17
6168 7.57
6169 0.61
6170 0.65
6171 0.58
6172 0.00
6173 0.00
6174 51.43
6175 1.09
6176 0.29
6177 1.49
6178 2.36
6179 1.89
6180 2.67
6181 1.82
6182 1.69
6183 2.01
6184 2.07
6185 1.90
6186 1.83
6187 1.53
6188 1.91
6189 1.41
6190 1.95
6191 1.87
6192 3.63
6193 0.34
6194 5.68
6195 1.14
6196 16.11
6197 16.29
6198 3.80
6199 0.00
6200 0.90
6201 1.39
6202 0.89
6203 0.92
6204 0.97
6205 0.89
6206 0.97
6207 1.25
6208 1.09
6209 3.53
6210 2.16
6211 2.28
6212 3.74
6213 57.14
6214 0.66
6215 9.14
6216 3.23
6217 0.95
6218 0.41
6219 50.70
6220 0.00
6221 15.58
6222 10.59
6223 5.11
6224 1.33
6225 2.67
6226 1.14
6227 2.00
6228 2.14
6229 2.59
6230 2.56
6231 2.51
6232 2.66
6233 2.46
6234 2.03
6235 1.90
6236 2.04
6237 16.00
6238 0.50
6239 12.77
6240 12.40
6241 0.24
6242 49.32
6243 0.00
6244 0.00
6245 0.69
6246 1.78
6247 0.00
6248 1.49
6249 2.50
6250 1.05
6251 2.09
6252 2.57
6253 2.75
6254 2.39
6255 1.70
6256 2.12
6257 2.05
6258 2.77
6259 2.06
6260 2.54
6261 8.09
6262 5.47
6263 0.50
6264 52.94
6265 7.96
6266 6.21
6267 0.00
6268 0.00
6269 4.56
6270 24.78
6271 5.19
6272 1.35
6273 2.47
6274 0.94
6275 2.41
6276 2.29
6277 2.45
6278 2.52
6279 2.33
6280 2.69
6281 2.41
6282 2.02
6283 1.91
6284 2.15
6285 6.40
6286 1.55
6287 1.47
6288 57.14
6289 0.21
6290 9.11
6291 0.00
6292 0.00
6293 18.37
6294 29.88
6295 15.13
6296 1.00
6297 2.52
6298 0.95
6299 1.90
6300 2.38
6301 2.22
6302 2.38
6303 2.23
6304 2.30
6305 1.82
6306 2.12
6307 1.83
6308 2.08
6309 6.00
6310 7.11
6311 1.16
6312 3.77
6313 0.20
6314 22.29
6315 0.00
6316 10.71
6317 0.00
6318 19.41
6319 25.00
6320 1.05
6321 2.53
6322 1.21
6323 2.43
6324 1.91
6325 1.97
6326 2.04
6327 3.02
6328 3.21
6329 2.12
6330 1.79
6331 2.04
6332 2.72
6333 3.02
6334 17.14
6335 1.53
6336 2.32
6337 0.39
6338 3.74
6339 0.80
6340 2.62
6341 9.09
6342 0.00
6343 30.25
6344 0.27
6345 1.07
6346 1.96
6347 1.96
6348 1.89
6349 2.03
6350 1.76
6351 2.98
6352 2.10
6353 2.55
6354 2.47
6355 2.01
6356 1.80
6357 1.99
6358 0.69
6359 0.86
6360 2.33
6361 0.34
6362 0.77
6363 0.00
6364 0.00
6365 3.95
6366 1.60
6367 0.00
6368 0.48
6369 6.20
6370 1.12
6371 1.59
6372 1.65
6373 1.82
6374 0.81
6375 2.53
6376 1.14
6377 3.80
6378 3.72
6379 2.11
6380 19.15
6381 2.39
6382 15.87
6383 1.20
6384 0.00
6385 0.20
6386 0.00
6387 0.00
6388 22.36
6389 15.06
6390 51.43
6391 1.60
6392 0.86
6393 2.12
6394 1.12
6395 2.51
6396 2.40
6397 2.70
6398 2.37
6399 2.13
6400 2.03
6401 2.42
6402 3.12
6403 1.61
6404 1.91
6405 6.39
6406 1.24
6407 1.12
6408 15.25
6409 0.17
6410 0.00
6411 0.00
6412 0.00
6413 0.00
6414 26.37
6415 10.90
6416 1.03
6417 2.38
6418 0.95
6419 2.06
6420 2.25
6421 2.00
6422 2.16
6423 2.30
6424 1.69
6425 2.64
6426 2.85
6427 1.59
6428 2.38
6429 1.32
6430 0.84
6431 0.75
6432 0.00
6433 0.13
6434 0.00
6435 58.06
6436 0.00
6437 0.00
6438 0.00
6439 2.10
6440 0.84
6441 3.68
6442 0.90
6443 1.74
6444 1.75
6445 1.69
6446 2.02
6447 1.86
6448 2.39
6449 2.68
6450 2.73
6451 1.79
6452 2.68
6453 4.72
6454 0.00
6455 1.97
6456 5.84
6457 0.33
6458 0.00
6459 42.35
6460 52.17
6461 19.35
6462 0.00
6463 3.50
6464 0.90
6465 2.67
6466 0.91
6467 2.08
6468 1.72
6469 2.41
6470 1.70
6471 1.95
6472 2.28
6473 2.72
6474 2.93
6475 1.44
6476 2.22
6477 3.14
6478 5.51
6479 0.95
6480 7.17
6481 0.26
6482 0.62
6483 7.38
6484 21.43
6485 2.48
6486 24.83
6487 16.38
6488 1.04
6489 1.81
6490 1.00
6491 2.38
6492 1.93
6493 1.91
6494 1.62
6495 1.76
6496 2.42
6497 2.91
6498 2.26
6499 1.95
6500 1.88
6501 4.02
6502 1.53
6503 1.57
6504 1.24
6505 0.31
6506 0.25
6507 0.00
6508 0.00
6509 43.90
6510 12.16
6511 16.29
6512 0.28
6513 2.03
6514 3.30
6515 2.00
6516 2.17
6517 3.07
6518 1.98
6519 2.87
6520 2.19
6521 1.53
6522 2.46
6523 1.99
6524 2.12
6525 7.80
6526 1.50
6527 1.21
6528 3.90
6529 0.26
6530 0.12
6531 0.00
6532 0.81
6533 44.17
6534 1.24
6535 2.45
6536 0.92
6537 2.94
6538 1.63
6539 0.73
6540 2.44
6541 1.30
6542 1.11
6543 1.56
6544 1.37
6545 2.14
6546 2.55
6547 6.32
6548 0.68
6549 3.88
6550 10.54
6551 0.50
6552 0.00
6553 0.17
6554 0.52
6555 38.71
6556 35.29
6557 52.94
6558 0.00
6559 31.30
6560 0.74
6561 2.23
6562 2.27
6563 2.46
6564 2.96
6565 2.09
6566 2.28
6567 1.83
6568 2.59
6569 1.55
6570 2.79
6571 2.32
6572 2.11
6573 2.41
6574 2.13
6575 1.76
6576 4.10
6577 0.23
6578 1.09
6579 0.00
6580 15.54
6581 0.00
6582 32.88
6583 20.30
6584 0.94
6585 0.75
6586 1.42
6587 1.34
6588 0.91
6589 0.85
6590 0.99
6591 2.06
6592 1.71
6593 1.89
6594 2.11
6595 1.83
6596 1.40
6597 2.58
6598 0.00
6599 5.22
6600 6.93
6601 15.38
6602 5.09
6603 1.42
6604 4.59
6605 0.59
6606 0.00
6607 0.26
6608 1.75
6609 2.29
6610 3.45
6611 2.09
6612 1.79
6613 1.72
6614 1.75
6615 2.21
6616 2.10
6617 3.20
6618 3.18
6619 2.47
6620 2.58
6621 5.62
6622 5.83
6623 1.58
6624 2.36
6625 0.11
6626 0.00
6627 0.00
6628 22.36
6629 0.00
6630 3.98
6631 25.90
6632 1.66
6633 2.89
6634 2.36
6635 1.43
6636 2.06
6637 1.64
6638 2.00
6639 1.82
6640 2.53
6641 3.04
6642 3.95
6643 2.34
6644 2.70
6645 6.61
6646 1.38
6647 5.71
6648 3.06
6649 0.14
6650 0.00
6651 0.00
6652 0.00
6653 0.00
6654 0.00
6655 0.28
6656 2.16
6657 2.30
6658 2.07
6659 1.83
6660 2.07
6661 1.81
6662 2.32
6663 2.31
6664 2.09
6665 2.85
6666 2.63
6667 2.78
6668 2.32
6669 3.74
6670 4.60
6671 12.53
6672 16.67
6673 0.87
6674 0.00
6675 0.00
6676 0.00
6677 12.90
6678 0.00
6679 2.70
6680 1.48
6681 2.54
6682 2.23
6683 1.53
6684 1.60
6685 1.70
6686 1.66
6687 1.84
6688 2.06
6689 3.43
6690 3.18
6691 2.28
6692 1.85
6693 6.25
6694 1.18
6695 5.29
6696 0.00
6697 0.20
6698 27.27
6699 0.00
6700 5.90
6701 35.47
6702 2.18
6703 0.53
6704 2.04
6705 3.07
6706 2.29
6707 1.80
6708 1.70
6709 1.74
6710 1.91
6711 1.68
6712 2.20
6713 2.76
6714 2.96
6715 2.52
6716 2.51
6717 3.35
6718 13.32
6719 12.37
6720 4.96
6721 0.33
6722 0.48
6723 15.38
6724 0.00
6725 28.57
6726 0.00
6727 0.00
6728 1.19
6729 2.90
6730 2.00
6731 2.27
6732 2.39
6733 1.70
6734 2.24
6735 2.01
6736 2.05
6737 2.22
6738 1.50
6739 1.53
6740 1.63
6741 4.73
6742 0.56
6743 1.09
6744 32.14
6745 0.38
6746 2.84
6747 2.06
6748 1.97
6749 1.91
6750 52.17
6751 0.51
6752 0.46
6753 0.91
6754 0.91
6755 1.10
6756 1.00
6757 1.20
6758 1.02
6759 1.15
6760 1.33
6761 1.34
6762 2.20
6763 1.58
6764 6.56
6765 1.05
6766 3.37
6767 1.48
6768 14.49
6769 0.27
6770 13.46
6771 0.00
6772 0.00
6773 6.63
6774 9.60
6775 6.42
6776 1.79
6777 3.24
6778 2.34
6779 2.27
6780 2.11
6781 2.02
6782 1.80
6783 1.83
6784 2.29
6785 3.97
6786 3.16
6787 2.67
6788 2.95
6789 7.22
6790 13.77
6791 2.14
6792 2.48
6793 0.13
6794 0.00
6795 8.78
6796 0.00
6797 0.00
6798 6.61
6799 0.18
6800 2.95
6801 3.30
6802 1.91
6803 1.52
6804 1.81
6805 1.74
6806 2.39
6807 2.38
6808 2.93
6809 2.80
6810 2.54
6811 3.00
6812 3.11
6813 9.95
6814 9.38
6815 2.17
6816 54.55
6817 0.51
6818 0.00
6819 0.00
6820 5.24
6821 0.00
6822 2.47
6823 5.74
6824 1.68
6825 3.17
6826 2.43
6827 1.63
6828 1.95
6829 1.62
6830 1.76
6831 1.98
6832 2.20
6833 3.00
6834 2.72
6835 2.39
6836 2.17
6837 4.23
6838 1.68
6839 3.45
6840 2.85
6841 0.61
6842 11.46
6843 50.70
6844 16.18
6845 13.71
6846 0.00
6847 0.28
6848 1.58
6849 3.24
6850 1.88
6851 1.93
6852 2.13
6853 2.00
6854 1.46
6855 1.62
6856 2.12
6857 2.75
6858 2.84
6859 2.60
6860 2.76
6861 4.52
6862 1.08
6863 40.00
6864 46.15
6865 0.35
6866 0.00
6867 0.00
6868 0.23
6869 9.84
6870 1.90
6871 0.59
6872 1.81
6873 3.73
6874 2.75
6875 1.79
6876 1.98
6877 1.54
6878 1.69
6879 1.87
6880 2.61
6881 2.51
6882 1.99
6883 2.43
6884 2.09
6885 2.25
6886 1.25
6887 6.05
6888 9.81
6889 1.09
6890 1.57
6891 1.24
6892 0.26
6893 0.00
6894 13.28
6895 0.00
6896 0.76
6897 1.76
6898 1.72
6899 2.36
6900 2.09
6901 2.58
6902 2.10
6903 2.20
6904 2.61
6905 1.93
6906 3.08
6907 1.76
6908 1.90
6909 2.29
6910 0.56
6911 10.98
6912 9.64
6913 0.28
6914 23.53
6915 1.20
6916 32.43
6917 11.18
6918 3.78
6919 23.23
6920 0.35
6921 1.26
6922 0.98
6923 0.74
6924 0.91
6925 1.01
6926 0.53
6927 0.69
6928 0.90
6929 1.45
6930 2.02
6931 3.86
6932 0.79
6933 0.91
6934 25.00
6935 14.01
6936 10.01
6937 0.12
6938 21.43
6939 0.00
6940 0.00
6941 0.00
6942 20.69
6943 2.21
6944 1.41
6945 4.41
6946 2.27
6947 2.46
6948 2.00
6949 2.06
6950 1.69
6951 2.29
6952 3.27
6953 3.42
6954 3.76
6955 2.19
6956 2.33
6957 3.59
6958 42.73
6959 0.97
6960 0.00
6961 14.69
6962 7.76
6963 0.00
6964 0.00
6965 0.00
6966 6.21
6967 3.90
6968 1.23
6969 2.68
6970 2.28
6971 2.34
6972 1.84
6973 2.04
6974 2.04
6975 2.05
6976 2.40
6977 3.44
6978 3.30
6979 3.21
6980 2.74
6981 6.52
6982 8.07
6983 3.88
6984 9.22
6985 0.00
6986 15.00
6987 0.00
6988 24.66
6989 5.99
6990 4.82
6991 0.66
6992 0.98
6993 2.62
6994 2.67
6995 2.42
6996 2.01
6997 2.23
6998 2.01
6999 1.98
7000 2.89
7001 3.20
7002 2.26
7003 2.79
7004 2.84
7005 6.92
7006 3.42
7007 13.45
7008 0.00
7009 0.09
7010 14.88
7011 0.00
7012 15.69
7013 4.10
7014 0.00
7015 2.55
7016 1.95
7017 2.27
7018 1.86
7019 1.75
7020 1.90
7021 1.84
7022 1.42
7023 1.99
7024 2.53
7025 2.98
7026 2.80
7027 2.66
7028 2.34
7029 4.85
7030 1.08
7031 25.41
7032 20.00
7033 0.16
7034 0.00
7035 51.43
7036 1.82
7037 21.82
7038 9.65
7039 2.95
7040 1.83
7041 4.41
7042 2.28
7043 2.41
7044 1.85
7045 1.49
7046 1.45
7047 1.84
7048 2.74
7049 2.81
7050 2.51
7051 2.50
7052 1.85
7053 5.75
7054 2.52
7055 2.45
7056 4.95
7057 0.19
7058 11.88
7059 9.35
7060 0.00
7061 0.00
7062 0.00
7063 1.17
7064 0.91
7065 2.55
7066 2.00
7067 1.63
7068 1.98
7069 2.01
7070 2.06
7071 1.63
7072 1.50
7073 1.74
7074 2.21
7075 1.52
7076 1.45
7077 2.61
7078 15.38
7079 1.40
7080 2.19
7081 0.60
7082 35.12
7083 1.64
7084 2.47
7085 3.22
7086 0.87
7087 2.58
7088 0.45
7089 1.60
7090 1.30
7091 0.94
7092 1.92
7093 1.42
7094 1.19
7095 0.66
7096 0.95
7097 1.14
7098 2.34
7099 13.35
7100 2.10
7101 1.33
7102 0.00
7103 3.09
7104 3.17
7105 0.73
7106 0.00
7107 0.00
7108 3.46
7109 3.81
7110 15.03
7111 3.74
7112 2.18
7113 5.11
7114 2.38
7115 2.21
7116 2.25
7117 1.68
7118 2.00
7119 1.81
7120 2.29
7121 3.26
7122 3.78
7123 3.55
7124 3.43
7125 6.15
7126 44.44
7127 0.93
7128 2.22
7129 0.95
7130 0.00
7131 15.93
7132 33.64
7133 1.96
7134 0.00
7135 0.43
7136 2.38
7137 3.91
7138 1.93
7139 1.97
7140 1.98
7141 2.06
7142 2.03
7143 2.03
7144 2.14
7145 2.86
7146 2.65
7147 2.73
7148 3.70
7149 10.23
7150 0.40
7151 1.06
7152 15.16
7153 0.25
7154 0.00
7155 0.00
7156 4.26
7157 0.00
7158 23.38
7159 0.35
7160 1.88
7161 3.14
7162 2.97
7163 1.99
7164 1.95
7165 1.46
7166 1.71
7167 2.03
7168 2.36
7169 2.81
7170 2.67
7171 2.44
7172 2.73
7173 6.55
7174 10.94
7175 2.21
7176 15.48
7177 0.72
7178 8.13
7179 3.59
7180 16.36
7181 0.16
7182 0.93
7183 0.44
7184 1.51
7185 2.91
7186 1.91
7187 2.26
7188 1.61
7189 1.69
7190 1.82
7191 2.24
7192 2.12
7193 3.71
7194 3.53
7195 2.22
7196 2.46
7197 2.99
7198 3.56
7199 2.25
7200 21.30
7201 2.18
7202 24.66
7203 6.61
7204 18.27
7205 9.16
7206 0.00
7207 1.29
7208 1.30
7209 2.35
7210 2.30
7211 1.99
7212 2.07
7213 2.06
7214 1.89
7215 2.02
7216 2.40
7217 2.88
7218 3.72
7219 3.14
7220 3.38
7221 7.07
7222 1.95
7223 1.01
7224 5.94
7225 0.51
7226 1.06
7227 3.12
7228 17.25
7229 6.89
7230 0.00
7231 24.66
7232 1.09
7233 2.70
7234 2.29
7235 2.03
7236 1.88
7237 1.84
7238 2.26
7239 1.57
7240 1.38
7241 2.07
7242 2.14
7243 1.97
7244 2.00
7245 2.19
7246 0.87
7247 1.07
7248 13.20
7249 0.39
7250 2.11
7251 1.06
7252 1.01
7253 0.85
7254 0.61
7255 0.00
7256 0.40
7257 0.71
7258 1.78
7259 0.94
7260 0.90
7261 1.10
7262 0.80
7263 0.91
7264 0.77
7265 1.56
7266 1.51
7267 5.58
7268 1.47
7269 0.66
7270 2.98
7271 1.79
7272 0.00
7273 0.46
7274 0.00
7275 28.12
7276 3.38
7277 1.19
7278 1.61
7279 4.27
7280 1.23
7281 3.45
7282 1.89
7283 2.01
7284 1.76
7285 1.70
7286 1.88
7287 2.14
7288 2.16
7289 3.00
7290 2.95
7291 2.59
7292 1.84
7293 1.92
7294 15.03
7295 1.00
7296 1.59
7297 0.31
7298 27.69
7299 27.20
7300 10.24
7301 25.31
7302 16.90
7303 1.00
7304 0.27
7305 0.47
7306 0.46
7307 0.94
7308 0.67
7309 0.95
7310 0.60
7311 0.91
7312 0.92
7313 1.14
7314 1.36
7315 1.32
7316 2.29
7317 3.33
7318 19.92
7319 1.01
7320 2.11
7321 0.68
7322 4.23
7323 13.85
7324 16.22
7325 5.33
7326 23.53
7327 12.74
7328 2.45
7329 3.88
7330 2.37
7331 1.73
7332 1.79
7333 1.85
7334 1.96
7335 2.01
7336 2.11
7337 2.79
7338 2.52
7339 2.61
7340 3.12
7341 3.22
7342 30.86
7343 1.57
7344 18.09
7345 0.28
7346 0.00
7347 6.20
7348 1.07
7349 1.02
7350 1.31
7351 1.12
7352 2.18
7353 2.25
7354 1.92
7355 2.06
7356 2.01
7357 1.82
7358 1.88
7359 1.88
7360 2.41
7361 3.86
7362 3.18
7363 2.83
7364 2.96
7365 4.98
7366 1.23
7367 1.58
7368 7.68
7369 0.11
7370 0.00
7371 10.73
7372 17.65
7373 9.51
7374 44.44
7375 30.77
7376 1.37
7377 2.01
7378 2.22
7379 1.81
7380 2.07
7381 1.96
7382 1.78
7383 1.91
7384 1.97
7385 2.26
7386 2.27
7387 2.15
7388 2.10
7389 3.11
7390 0.76
7391 1.32
7392 7.45
7393 0.23
7394 2.63
7395 0.00
7396 3.68
7397 2.10
7398 5.15
7399 13.39
7400 0.88
7401 3.15
7402 1.68
7403 2.09
7404 2.93
7405 1.39
7406 2.63
7407 1.87
7408 2.25
7409 1.92
7410 1.92
7411 1.49
7412 1.38
7413 2.51
7414 0.00
7415 2.00
7416 4.43
7417 0.28
7418 0.47
7419 0.00
7420 1.08
7421 0.00
7422 1.44
7423 0.25
7424 2.73
7425 0.83
7426 3.45
7427 0.78
7428 1.27
7429 0.92
7430 1.14
7431 0.58
7432 1.10
7433 1.44
7434 2.46
7435 4.68
7436 5.54
7437 4.04
7438 48.65
7439 0.83
7440 8.61
7441 0.15
7442 11.46
7443 0.00
7444 0.00
7445 7.25
7446 4.15
7447 0.33
7448 2.91
7449 4.25
7450 2.58
7451 2.19
7452 1.83
7453 1.69
7454 1.98
7455 1.72
7456 2.15
7457 2.47
7458 2.88
7459 2.87
7460 2.92
7461 3.49
7462 7.52
7463 2.90
7464 1.56
7465 2.08
7466 0.00
7467 0.00
7468 0.00
7469 5.65
7470 10.73
7471 0.53
7472 2.63
7473 2.80
7474 2.43
7475 1.73
7476 1.82
7477 1.77
7478 1.50
7479 1.95
7480 2.09
7481 3.28
7482 2.54
7483 3.01
7484 2.93
7485 10.63
7486 54.55
7487 2.08
7488 9.99
7489 0.69
7490 17.87
7491 0.00
7492 16.07
7493 2.29
7494 15.79
7495 1.98
7496 1.80
7497 3.31
7498 2.25
7499 1.56
7500 1.52
7501 1.59
7502 1.68
7503 2.02
7504 2.72
7505 3.22
7506 2.73
7507 2.90
7508 2.42
7509 7.46
7510 5.10
7511 2.02
7512 2.89
7513 0.58
7514 0.00
7515 31.86
7516 5.33
7517 1.22
7518 29.51
7519 0.70
7520 2.77
7521 2.88
7522 2.35
7523 2.21
7524 2.17
7525 1.79
7526 1.70
7527 2.18
7528 2.18
7529 2.02
7530 2.16
7531 2.64
7532 2.62
7533 3.81
7534 4.56
7535 1.21
7536 2.15
7537 1.12
7538 0.84
7539 4.16
7540 17.36
7541 2.73
7542 0.00
7543 4.75
7544 1.63
7545 1.63
7546 2.40
7547 1.94
7548 1.81
7549 1.63
7550 1.89
7551 2.12
7552 2.44
7553 2.26
7554 2.18
7555 2.13
7556 2.34
7557 1.52
7558 4.90
7559 1.49
7560 5.92
7561 0.42
7562 1.34
7563 1.73
7564 51.43
7565 0.72
7566 0.00
7567 2.73
7568 0.58
7569 1.70
7570 2.30
7571 1.66
7572 1.90
7573 2.79
7574 1.82
7575 2.19
7576 2.24
7577 1.66
7578 1.78
7579 2.33
7580 1.89
7581 2.69
7582 1.17
7583 1.23
7584 2.11
7585 0.50
7586 3.19
7587 1.16
7588 3.37
7589 5.92
7590 1.16
7591 0.00
7592 0.69
7593 3.18
7594 1.05
7595 0.96
7596 0.95
7597 1.06
7598 0.91
7599 0.78
7600 0.91
7601 1.20
7602 1.59
7603 5.25
7604 2.00
7605 16.59
7606 0.00
7607 2.48
7608 2.42
7609 1.44
7610 0.00
7611 23.68
7612 2.71
7613 1.16
7614 6.74
7615 0.72
7616 1.39
7617 2.29
7618 2.04
7619 2.46
7620 2.04
7621 1.52
7622 2.28
7623 2.04
7624 2.71
7625 2.41
7626 2.43
7627 2.61
7628 2.08
7629 5.68
7630 15.05
7631 3.08
7632 28.02
7633 1.18
7634 0.73
7635 0.00
7636 38.71
7637 15.86
7638 52.17
7639 0.49
7640 1.81
7641 2.54
7642 1.76
7643 1.84
7644 1.90
7645 1.78
7646 1.90
7647 2.33
7648 2.65
7649 2.51
7650 1.99
7651 2.63
7652 2.52
7653 9.26
7654 32.09
7655 0.94
7656 11.67
7657 0.33
7658 8.39
7659 0.00
7660 0.00
7661 49.32
7662 0.00
7663 1.06
7664 1.38
7665 1.41
7666 2.05
7667 1.85
7668 1.65
7669 1.86
7670 1.66
7671 2.34
7672 2.22
7673 2.43
7674 2.67
7675 3.11
7676 2.44
7677 2.78
7678 3.22
7679 2.11
7680 42.60
7681 1.33
7682 6.38
7683 0.00
7684 0.00
7685 4.89
7686 0.67
7687 30.42
7688 1.38
7689 1.69
7690 1.58
7691 1.93
7692 1.72
7693 1.71
7694 1.66
7695 2.25
7696 2.82
7697 3.04
7698 1.99
7699 2.65
7700 2.58
7701 5.42
7702 12.61
7703 1.91
7704 5.38
7705 1.30
7706 51.43
7707 3.43
7708 21.69
7709 12.33
7710 4.71
7711 0.74
7712 1.74
7713 1.60
7714 1.81
7715 1.61
7716 1.69
7717 1.70
7718 1.79
7719 2.69
7720 3.44
7721 2.31
7722 2.14
7723 2.20
7724 2.19
7725 2.94
7726 1.25
7727 1.52
7728 59.02
7729 0.35
7730 8.26
7731 2.90
7732 1.85
7733 25.71
7734 2.96
7735 7.93
7736 1.24
7737 1.04
7738 1.17
7739 1.71
7740 1.93
7741 1.56
7742 1.56
7743 2.40
7744 1.73
7745 1.83
7746 1.89
7747 2.04
7748 2.08
7749 2.08
7750 0.52
7751 1.60
7752 3.35
7753 0.27
7754 0.00
7755 3.53
7756 43.90
7757 5.79
7758 0.82
7759 0.88
7760 0.42
7761 0.95
7762 0.77
7763 0.56
7764 0.85
7765 1.02
7766 1.10
7767 0.82
7768 1.41
7769 0.76
7770 1.28
7771 1.37
7772 43.77
7773 2.40
7774 4.01
7775 0.50
7776 10.19
7777 0.54
7778 0.00
7779 0.00
7780 4.38
7781 4.38
7782 3.57
7783 0.40
7784 1.40
7785 1.38
7786 1.63
7787 1.65
7788 2.09
7789 1.82
7790 2.33
7791 2.07
7792 2.61
7793 2.60
7794 2.31
7795 2.83
7796 2.85
7797 10.66
7798 9.61
7799 1.77
7800 1.98
7801 0.93
7802 0.00
7803 0.00
7804 0.00
7805 1.48
7806 0.00
7807 0.43
7808 1.36
7809 1.66
7810 1.68
7811 1.59
7812 2.04
7813 1.62
7814 1.62
7815 1.95
7816 2.51
7817 2.25
7818 1.73
7819 2.41
7820 2.34
7821 9.19
7822 1.72
7823 0.82
7824 7.38
7825 0.28
7826 0.00
7827 0.00
7828 5.48
7829 50.70
7830 11.01
7831 0.89
7832 1.37
7833 1.57
7834 1.81
7835 2.38
7836 1.79
7837 1.72
7838 1.74
7839 2.18
7840 2.52
7841 2.61
7842 3.41
7843 2.60
7844 2.72
7845 6.67
7846 1.64
7847 1.76
7848 5.97
7849 0.52
7850 27.48
7851 0.00
7852 0.81
7853 0.00
7854 2.39
7855 1.17
7856 1.19
7857 2.01
7858 1.71
7859 1.71
7860 1.95
7861 1.56
7862 1.72
7863 1.98
7864 2.38
7865 2.60
7866 2.31
7867 1.89
7868 2.12
7869 5.13
7870 0.95
7871 1.40
7872 18.95
7873 0.71
7874 6.53
7875 2.45
7876 12.44
7877 1.88
7878 4.96
7879 1.52
7880 1.21
7881 2.12
7882 1.86
7883 2.02
7884 1.96
7885 1.40
7886 1.73
7887 2.43
7888 2.12
7889 2.50
7890 2.06
7891 2.30
7892 2.14
7893 2.41
7894 0.39
7895 1.14
7896 2.86
7897 0.51
7898 0.14
7899 1.39
7900 4.16
7901 1.75
7902 7.59
7903 0.00
7904 1.13
7905 2.38
7906 1.48
7907 2.27
7908 1.80
7909 1.90
7910 1.99
7911 1.90
7912 2.38
7913 1.79
7914 1.50
7915 1.62
7916 1.81
7917 2.72
7918 1.02
7919 1.53
7920 10.46
7921 0.60
7922 0.42
7923 4.53
7924 1.79
7925 1.81
7926 0.47
7927 1.30
7928 0.29
7929 2.29
7930 0.71
7931 0.97
7932 1.35
7933 0.84
7934 1.34
7935 0.96
7936 1.42
7937 1.12
7938 1.76
7939 3.69
7940 3.04
7941 1.18
7942 19.10
7943 1.51
7944 3.07
7945 0.32
7946 19.73
7947 0.00
7948 25.09
7949 5.90
7950 5.40
7951 0.43
7952 1.96
7953 2.26
7954 2.00
7955 2.50
7956 2.45
7957 2.04
7958 2.34
7959 2.32
7960 2.71
7961 2.76
7962 2.55
7963 2.60
7964 2.71
7965 6.47
7966 6.35
7967 0.88
7968 31.17
7969 0.69
7970 0.00
7971 1.87
7972 13.58
7973 0.00
7974 29.51
7975 0.65
7976 0.94
7977 3.03
7978 2.15
7979 1.74
7980 2.13
7981 1.92
7982 2.33
7983 2.04
7984 2.55
7985 2.86
7986 2.60
7987 2.86
7988 2.45
7989 6.15
7990 2.20
7991 1.22
7992 15.02
7993 0.70
7994 0.00
7995 25.59
7996 1.28
7997 0.00
7998 4.78
7999 0.46
8000 1.59
8001 2.83
8002 2.11
8003 1.53
8004 1.81
8005 1.76
8006 1.92
8007 1.85
8008 2.08
8009 1.73
8010 1.79
8011 2.59
8012 3.02
8013 4.27
8014 2.35
8015 1.80
8016 4.87
8017 1.59
8018 0.00
8019 3.91
8020 0.86
8021 0.00
8022 3.24
8023 0.95
8024 1.89
8025 1.88
8026 1.57
8027 1.42
8028 1.89
8029 1.79
8030 2.03
8031 2.18
8032 2.76
8033 2.19
8034 2.11
8035 1.76
8036 1.83
8037 1.59
8038 0.72
8039 2.99
8040 3.75
8041 0.52
8042 20.93
8043 0.00
8044 10.61
8045 4.93
8046 0.66
8047 0.46
8048 2.26
8049 2.08
8050 1.87
8051 2.60
8052 1.41
8053 1.82
8054 2.12
8055 1.70
8056 1.71
8057 2.86
8058 1.73
8059 1.47
8060 2.15
8061 5.39
8062 5.40
8063 2.69
8064 12.70
8065 1.01
8066 0.57
8067 0.00
8068 0.00
8069 24.66
8070 11.15
8071 20.40
8072 0.40
8073 1.92
8074 1.75
8075 1.88
8076 2.39
8077 1.54
8078 1.53
8079 1.65
8080 1.86
8081 1.68
8082 1.64
8083 2.00
8084 1.59
8085 2.22
8086 5.49
8087 1.10
8088 15.14
8089 0.50
8090 4.99
8091 2.13
8092 0.67
8093 6.09
8094 1.94
8095 52.94
8096 0.35
8097 2.95
8098 1.29
8099 0.93
8100 2.03
8101 1.15
8102 1.47
8103 1.20
8104 0.70
8105 1.37
8106 2.29
8107 5.98
8108 1.29
8109 4.35
8110 3.08
8111 0.93
8112 7.45
8113 0.52
8114 14.17
8115 0.00
8116 0.00
8117 50.70
8118 4.29
8119 9.07
8120 1.59
8121 2.72
8122 0.93
8123 1.78
8124 1.54
8125 1.72
8126 2.20
8127 1.59
8128 1.85
8129 2.48
8130 2.20
8131 1.48
8132 1.75
8133 5.61
8134 35.76
8135 0.95
8136 55.38
8137 0.47
8138 0.00
8139 0.00
8140 39.13
8141 31.58
8142 0.00
8143 0.00
8144 1.78
8145 1.84
8146 0.97
8147 1.69
8148 2.00
8149 1.74
8150 1.85
8151 1.88
8152 2.67
8153 2.50
8154 2.28
8155 1.30
8156 1.45
8157 5.36
8158 18.40
8159 1.83
8160 21.92
8161 1.51
8162 41.38
8163 2.60
8164 3.48
8165 26.97
8166 2.04
8167 12.23
8168 1.36
8169 1.78
8170 0.80
8171 1.80
8172 1.64
8173 1.83
8174 1.93
8175 1.93
8176 2.08
8177 2.03
8178 2.53
8179 1.44
8180 2.21
8181 7.50
8182 0.73
8183 0.66
8184 0.00
8185 0.40
8186 2.38
8187 52.17
8188 5.12
8189 0.00
8190 3.21
8191 1.10
8192 1.80
8193 2.41
8194 0.77
8195 2.15
8196 1.72
8197 1.92
8198 2.00
8199 2.04
8200 2.31
8201 2.61
8202 1.99
8203 1.40
8204 1.99
8205 6.96
8206 6.60
8207 2.69
8208 2.05
8209 1.48
8210 0.00
8211 3.18
8212 15.86
8213 1.12
8214 5.75
8215 0.72
8216 1.80
8217 2.90
8218 0.87
8219 1.82
8220 1.56
8221 1.77
8222 1.41
8223 2.41
8224 2.41
8225 1.85
8226 2.18
8227 1.36
8228 1.72
8229 3.11
8230 3.39
8231 1.20
8232 3.58
8233 0.38
8234 0.00
8235 58.54
8236 4.44
8237 5.06
8238 5.19
8239 0.00
8240 0.41
8241 1.49
8242 1.28
8243 1.70
8244 2.04
8245 2.47
8246 1.50
8247 2.06
8248 2.48
8249 2.69
8250 1.61
8251 1.72
8252 1.55
8253 5.42
8254 3.01
8255 1.65
8256 3.51
8257 0.75
8258 5.83
8259 1.39
8260 0.56
8261 6.13
8262 1.10
8263 22.59
8264 0.42
8265 2.89
8266 1.14
8267 1.18
8268 0.93
8269 0.83
8270 2.74
8271 0.64
8272 0.97
8273 1.07
8274 2.01
8275 5.74
8276 1.38
8277 1.19
8278 0.98
8279 1.23
8280 7.58
8281 0.71
8282 0.00
8283 21.30
8284 11.90
8285 4.24
8286 4.14
8287 3.79
8288 1.35
8289 1.87
8290 0.72
8291 1.54
8292 1.46
8293 1.54
8294 1.70
8295 1.92
8296 1.82
8297 2.37
8298 2.25
8299 1.48
8300 1.62
8301 5.70
8302 7.73
8303 0.63
8304 4.76
8305 0.24
8306 7.74
8307 0.00
8308 0.00
8309 15.65
8310 1.52
8311 3.21
8312 1.19
8313 1.86
8314 0.84
8315 1.92
8316 1.96
8317 1.93
8318 1.92
8319 2.01
8320 2.45
8321 2.90
8322 2.19
8323 1.42
8324 1.97
8325 5.12
8326 0.00
8327 1.11
8328 50.00
8329 0.35
8330 1.34
8331 0.00
8332 0.00
8333 4.17
8334 0.00
8335 0.60
8336 1.82
8337 1.87
8338 0.87
8339 1.72
8340 1.97
8341 1.76
8342 1.61
8343 1.83
8344 2.34
8345 1.97
8346 2.27
8347 1.44
8348 1.38
8349 3.88
8350 1.32
8351 1.76
8352 4.51
8353 0.61
8354 50.70
8355 9.42
8356 20.22
8357 20.93
8358 6.00
8359 0.68
8360 1.78
8361 1.99
8362 0.77
8363 2.55
8364 2.05
8365 1.90
8366 1.50
8367 1.91
8368 1.93
8369 2.79
8370 2.18
8371 1.40
8372 1.61
8373 5.52
8374 11.10
8375 1.21
8376 37.11
8377 0.27
8378 0.00
8379 24.91
8380 12.50
8381 28.69
8382 5.81
8383 5.47
8384 1.44
8385 2.11
8386 0.96
8387 2.49
8388 1.99
8389 1.60
8390 1.92
8391 2.33
8392 2.44
8393 2.04
8394 1.88
8395 1.38
8396 1.84
8397 7.00
8398 14.26
8399 1.57
8400 11.07
8401 0.64
8402 4.51
8403 0.44
8404 0.64
8405 7.64
8406 9.17
8407 24.60
8408 0.27
8409 1.07
8410 1.84
8411 2.40
8412 1.55
8413 1.68
8414 1.82
8415 2.25
8416 1.82
8417 2.82
8418 1.99
8419 1.86
8420 1.52
8421 2.86
8422 0.38
8423 1.11
8424 5.06
8425 0.58
8426 0.57
8427 0.50
8428 0.00
8429 1.45
8430 1.29
8431 1.39
8432 1.22
8433 1.10
8434 2.12
8435 1.48
8436 1.04
8437 1.54
8438 0.84
8439 1.47
8440 1.15
8441 1.68
8442 2.20
8443 3.81
8444 0.67
8445 1.86
8446 20.22
8447 2.13
8448 3.93
8449 0.70
8450 1.41
8451 11.04
8452 1.35
8453 45.00
8454 2.47
8455 0.63
8456 1.41
8457 1.70
8458 0.88
8459 1.95
8460 1.78
8461 1.54
8462 1.66
8463 1.96
8464 2.06
8465 2.65
8466 2.91
8467 1.64
8468 2.08
8469 6.81
8470 15.03
8471 1.23
8472 2.51
8473 0.42
8474 14.09
8475 10.98
8476 7.38
8477 20.69
8478 6.40
8479 3.60
8480 1.43
8481 2.20
8482 1.03
8483 1.74
8484 1.89
8485 1.95
8486 1.82
8487 2.20
8488 2.10
8489 2.47
8490 2.59
8491 1.60
8492 2.11
8493 4.48
8494 1.90
8495 1.72
8496 25.47
8497 0.52
8498 0.00
8499 9.63
8500 3.97
8501 16.51
8502 8.75
8503 6.45
8504 1.33
8505 2.73
8506 1.00
8507 1.82
8508 2.31
8509 2.12
8510 1.98
8511 2.31
8512 1.78
8513 2.18
8514 2.32
8515 1.57
8516 2.03
8517 4.33
8518 6.62
8519 1.55
8520 27.27
8521 0.47
8522 0.37
8523 0.00
8524 3.70
8525 16.98
8526 3.54
8527 0.32
8528 1.44
8529 2.15
8530 0.84
8531 1.73
8532 1.79
8533 1.79
8534 1.80
8535 1.76
8536 1.91
8537 2.10
8538 2.35
8539 1.32
8540 1.87
8541 1.65
8542 8.28
8543 1.63
8544 9.03
8545 0.61
8546 40.79
8547 0.00
8548 1.55
8549 0.48
8550 25.71
8551 7.22
8552 1.49
8553 2.54
8554 0.85
8555 2.05
8556 2.35
8557 2.21
8558 2.00
8559 2.49
8560 2.42
8561 2.09
8562 2.23
8563 1.34
8564 2.25
8565 3.17
8566 5.91
8567 1.99
8568 10.87
8569 0.67
8570 0.71
8571 48.65
8572 0.76
8573 0.62
8574 0.00
8575 7.88
8576 0.34
8577 3.28
8578 3.40
8579 1.79
8580 2.92
8581 1.51
8582 3.07
8583 1.56
8584 3.06
8585 2.68
8586 2.20
8587 2.87
8588 1.80
8589 8.92
8590 0.66
8591 1.24
8592 5.71
8593 0.30
8594 1.27
8595 0.00
8596 0.00
8597 48.00
8598 0.91
8599 0.00
8600 1.01
8601 1.02
8602 1.22
8603 0.55
8604 0.85
8605 0.46
8606 0.46
8607 0.74
8608 1.12
8609 1.03
8610 1.55
8611 2.43
8612 20.45
8613 14.94
8614 30.38
8615 1.01
8616 53.73
8617 0.20
8618 22.43
8619 0.00
8620 25.71
8621 0.00
8622 23.53
8623 0.00
8624 0.37
8625 0.51
8626 0.51
8627 1.19
8628 0.82
8629 1.04
8630 1.72
8631 0.84
8632 1.86
8633 1.70
8634 1.67
8635 1.48
8636 1.71
8637 2.12
8638 1.58
8639 1.19
8640 2.70
8641 0.41
8642 0.31
8643 6.02
8644 27.27
8645 0.00
8646 4.77
8647 1.92
8648 0.64
8649 1.05
8650 0.39
8651 1.04
8652 1.09
8653 1.52
8654 1.36
8655 0.86
8656 1.71
8657 1.61
8658 1.99
8659 1.28
8660 1.76
8661 1.72
8662 11.01
8663 1.66
8664 3.75
8665 0.26
8666 0.00
8667 17.65
8668 45.00
8669 5.94
8670 20.11
8671 3.89
8672 2.43
8673 3.02
8674 0.85
8675 2.10
8676 2.32
8677 1.74
8678 1.80
8679 2.37
8680 2.54
8681 2.63
8682 2.79
8683 1.71
8684 3.17
8685 2.52
8686 0.50
8687 1.01
8688 12.79
8689 0.18
8690 0.00
8691 0.00
8692 0.00
8693 0.00
8694 0.00
8695 1.32
8696 1.12
8697 2.93
8698 0.82
8699 2.74
8700 2.04
8701 1.99
8702 2.26
8703 2.14
8704 2.24
8705 1.91
8706 2.52
8707 1.65
8708 2.38
8709 5.98
8710 3.34
8711 1.17
8712 0.00
8713 0.48
8714 0.83
8715 0.00
8716 23.48
8717 0.00
8718 1.08
8719 0.00
8720 1.66
8721 1.69
8722 0.82
8723 2.17
8724 2.03
8725 2.01
8726 1.56
8727 2.03
8728 2.41
8729 2.23
8730 2.31
8731 1.60
8732 1.89
8733 10.23
8734 0.63
8735 1.13
8736 1.97
8737 0.49
8738 2.64
8739 0.00
8740 0.92
8741 0.00
8742 3.68
8743 19.18
8744 0.31
8745 3.53
8746 2.30
8747 2.28
8748 2.77
8749 2.84
8750 1.32
8751 2.31
8752 1.96
8753 1.83
8754 1.56
8755 1.78
8756 1.80
8757 1.65
8758 0.95
8759 0.61
8760 0.00
