1 11
2 4
3 5
4 1
5 3
6 0
7 1
8 11
9 9
10 13
11 20
12 7
13 10
14 18
15 18
16 11
17 10
18 12
19 9
20 5
21 2
22 6
23 7
24 5
25 9
26 1
27 2
28 0
29 0
30 1
31 2
32 80
33 35
34 69
35 42
36 37
37 44
38 48
39 44
40 47
41 48
42 55
43 84
44 60
45 16
46 4
47 2
48 1
49 5
50 0
51 1
52 2
53 2
54 1
55 3
56 83
57 85
58 122
59 91
60 105
61 102
62 86
63 77
64 82
65 93
66 98
67 92
68 73
69 10
70 1
71 3
72 1
73 5
74 0
75 1
76 1
77 1
78 2
79 2
80 76
81 72
82 144
83 107
84 92
85 97
86 89
87 108
88 102
89 108
90 109
91 108
92 75
93 19
94 2
95 4
96 1
97 7
98 1
99 1
100 1
101 2
102 1
103 1
104 79
105 95
106 110
107 93
108 115
109 93
110 87
111 113
112 84
113 104
114 138
115 95
116 79
117 12
118 0
119 1
120 3
121 6
122 1
123 1
124 0
125 1
126 0
127 2
128 83
129 99
130 108
131 102
132 97
133 125
134 115
135 107
136 118
137 131
138 124
139 86
140 90
141 19
142 3
143 9
144 6
145 10
146 1
147 2
148 0
149 1
150 1
151 2
152 63
153 38
154 48
155 49
156 73
157 59
158 67
159 58
160 65
161 58
162 68
163 61
164 83
165 11
166 4
167 5
168 6
169 9
170 5
171 2
172 2
173 6
174 0
175 1
176 14
177 4
178 12
179 13
180 11
181 12
182 14
183 20
184 7
185 14
186 12
187 9
188 3
189 5
190 4
191 2
192 2
193 4
194 0
195 0
196 1
197 2
198 1
199 3
200 104
201 117
202 143
203 121
204 124
205 117
206 97
207 110
208 90
209 129
210 133
211 117
212 77
213 13
214 0
215 5
216 1
217 2
218 1
219 1
220 1
221 3
222 1
223 5
224 84
225 124
226 126
227 123
228 109
229 92
230 90
231 110
232 104
233 138
234 144
235 131
236 84
237 10
238 0
239 7
240 1
241 5
242 1
243 3
244 0
245 5
246 4
247 2
248 109
249 142
250 139
251 123
252 122
253 122
254 112
255 124
256 123
257 138
258 158
259 133
260 83
261 18
262 1
263 4
264 2
265 4
266 1
267 0
268 2
269 3
270 3
271 5
272 96
273 112
274 139
275 122
276 109
277 109
278 116
279 108
280 109
281 128
282 140
283 117
284 67
285 14
286 4
287 8
288 3
289 1
290 0
291 0
292 2
293 2
294 2
295 4
296 101
297 114
298 149
299 109
300 135
301 114
302 100
303 116
304 119
305 137
306 147
307 125
308 82
309 15
310 5
311 6
312 5
313 4
314 1
315 2
316 0
317 1
318 0
319 0
320 71
321 30
322 42
323 61
324 72
325 67
326 78
327 77
328 79
329 91
330 77
331 82
332 74
333 13
334 6
335 7
336 7
337 8
338 1
339 2
340 0
341 6
342 3
343 2
344 8
345 14
346 19
347 15
348 9
349 10
350 13
351 20
352 11
353 19
354 13
355 8
356 4
357 3
358 1
359 5
360 0
361 2
362 0
363 0
364 3
365 3
366 1
367 2
368 101
369 114
370 157
371 114
372 132
373 131
374 92
375 109
376 117
377 149
378 136
379 120
380 72
381 11
382 1
383 7
384 1
385 4
386 0
387 0
388 0
389 2
390 0
391 10
392 125
393 133
394 152
395 116
396 110
397 119
398 89
399 98
400 119
401 125
402 140
403 112
404 86
405 21
406 1
407 7
408 1
409 5
410 1
411 2
412 2
413 2
414 1
415 3
416 101
417 139
418 164
419 114
420 127
421 111
422 108
423 132
424 125
425 144
426 144
427 143
428 71
429 7
430 6
431 7
432 3
433 3
434 2
435 1
436 1
437 2
438 2
439 4
440 122
441 117
442 158
443 128
444 135
445 98
446 110
447 111
448 134
449 142
450 156
451 125
452 81
453 16
454 5
455 4
456 4
457 2
458 0
459 0
460 1
461 1
462 2
463 5
464 125
465 119
466 169
467 165
468 144
469 121
470 128
471 137
472 125
473 132
474 129
475 144
476 81
477 23
478 0
479 9
480 1
481 5
482 7
483 1
484 0
485 0
486 0
487 2
488 86
489 41
490 56
491 78
492 86
493 62
494 90
495 73
496 74
497 53
498 65
499 89
500 74
501 14
502 9
503 7
504 4
505 9
506 1
507 2
508 2
509 2
510 1
511 2
512 12
513 9
514 15
515 6
516 10
517 22
518 15
519 14
520 10
521 11
522 24
523 6
524 1
525 6
526 2
527 7
528 4
529 3
530 0
531 1
532 1
533 4
534 2
535 7
536 113
537 113
538 166
539 124
540 129
541 109
542 94
543 108
544 103
545 137
546 134
547 159
548 80
549 13
550 2
551 3
552 0
553 4
554 1
555 1
556 2
557 0
558 5
559 6
560 109
561 114
562 156
563 124
564 136
565 132
566 120
567 114
568 146
569 135
570 153
571 120
572 70
573 24
574 2
575 5
576 7
577 3
578 2
579 0
580 1
581 4
582 2
583 3
584 113
585 125
586 186
587 138
588 128
589 126
590 123
591 123
592 145
593 137
594 139
595 144
596 113
597 20
598 2
599 5
600 1
601 8
602 1
603 1
604 3
605 2
606 0
607 3
608 66
609 31
610 62
611 30
612 31
613 39
614 42
615 49
616 50
617 58
618 73
619 99
620 90
621 26
622 3
623 3
624 1
625 3
626 1
627 1
628 3
629 1
630 1
631 2
632 96
633 119
634 149
635 127
636 108
637 116
638 126
639 109
640 117
641 135
642 130
643 129
644 87
645 11
646 5
647 5
648 3
649 7
650 3
651 5
652 1
653 0
654 1
655 3
656 65
657 57
658 63
659 84
660 106
661 61
662 74
663 73
664 75
665 67
666 77
667 100
668 86
669 10
670 4
671 9
672 7
673 11
674 0
675 2
676 3
677 2
678 1
679 2
680 8
681 12
682 20
683 19
684 11
685 14
686 14
687 10
688 14
689 9
690 17
691 9
692 5
693 0
694 4
695 7
696 3
697 3
698 1
699 0
700 3
701 1
702 2
703 8
704 117
705 131
706 152
707 141
708 162
709 134
710 148
711 130
712 150
713 133
714 127
715 166
716 99
717 22
718 0
719 3
720 1
721 3
722 0
723 1
724 1
725 4
726 2
727 3
728 106
729 134
730 154
731 134
732 155
733 141
734 141
735 145
736 137
737 139
738 157
739 163
740 108
741 19
742 3
743 6
744 2
745 5
746 0
747 2
748 1
749 1
750 2
751 5
752 104
753 136
754 165
755 132
756 124
757 144
758 113
759 139
760 133
761 142
762 141
763 138
764 73
765 21
766 3
767 8
768 1
769 4
770 0
771 1
772 1
773 2
774 1
775 3
776 102
777 117
778 143
779 126
780 132
781 105
782 125
783 122
784 124
785 137
786 174
787 142
788 85
789 20
790 2
791 3
792 2
793 4
794 0
795 2
796 1
797 1
798 1
799 5
800 103
801 113
802 162
803 112
804 136
805 119
806 109
807 119
808 122
809 121
810 121
811 138
812 90
813 16
814 2
815 5
816 3
817 8
818 3
819 0
820 2
821 1
822 0
823 2
824 70
825 52
826 56
827 62
828 78
829 82
830 75
831 68
832 68
833 50
834 71
835 80
836 76
837 20
838 4
839 8
840 6
841 8
842 0
843 2
844 2
845 2
846 4
847 1
848 9
849 7
850 14
851 10
852 13
853 10
854 15
855 13
856 13
857 6
858 14
859 2
860 5
861 1
862 2
863 3
864 0
865 1
866 0
867 0
868 2
869 1
870 0
871 6
872 112
873 111
874 149
875 126
876 117
877 91
878 114
879 108
880 114
881 121
882 107
883 92
884 74
885 23
886 2
887 4
888 1
889 2
890 0
891 2
892 1
893 3
894 1
895 6
896 102
897 106
898 133
899 112
900 107
901 119
902 102
903 103
904 109
905 138
906 153
907 110
908 85
909 9
910 1
911 4
912 1
913 4
914 2
915 0
916 2
917 4
918 5
919 7
920 100
921 136
922 151
923 116
924 126
925 115
926 102
927 94
928 103
929 111
930 140
931 119
932 79
933 12
934 1
935 7
936 1
937 3
938 0
939 1
940 2
941 3
942 2
943 6
944 103
945 109
946 140
947 94
948 92
949 122
950 102
951 120
952 119
953 125
954 132
955 127
956 86
957 16
958 2
959 3
960 3
961 8
962 2
963 1
964 3
965 5
966 1
967 3
968 101
969 120
970 152
971 116
972 122
973 97
974 105
975 116
976 113
977 106
978 123
979 115
980 69
981 13
982 5
983 4
984 4
985 8
986 1
987 2
988 0
989 1
990 1
991 1
992 77
993 43
994 60
995 58
996 64
997 62
998 58
999 56
1000 72
1001 68
1002 53
1003 80
1004 83
1005 13
1006 3
1007 5
1008 2
1009 7
1010 1
1011 1
1012 4
1013 4
1014 0
1015 0
1016 9
1017 5
1018 9
1019 12
1020 11
1021 9
1022 14
1023 4
1024 29
1025 14
1026 13
1027 9
1028 3
1029 2
1030 0
1031 2
1032 0
1033 3
1034 2
1035 0
1036 1
1037 3
1038 2
1039 4
1040 99
1041 122
1042 144
1043 122
1044 103
1045 79
1046 103
1047 109
1048 109
1049 125
1050 98
1051 120
1052 62
1053 12
1054 0
1055 6
1056 2
1057 2
1058 2
1059 1
1060 1
1061 5
1062 3
1063 5
1064 100
1065 99
1066 130
1067 104
1068 116
1069 117
1070 110
1071 125
1072 105
1073 130
1074 129
1075 128
1076 86
1077 11
1078 1
1079 5
1080 4
1081 7
1082 1
1083 3
1084 2
1085 2
1086 6
1087 6
1088 90
1089 122
1090 147
1091 104
1092 97
1093 108
1094 105
1095 82
1096 116
1097 120
1098 112
1099 135
1100 83
1101 10
1102 4
1103 4
1104 1
1105 2
1106 0
1107 1
1108 2
1109 2
1110 5
1111 7
1112 103
1113 137
1114 152
1115 105
1116 100
1117 100
1118 111
1119 114
1120 108
1121 132
1122 127
1123 128
1124 65
1125 13
1126 2
1127 2
1128 1
1129 3
1130 2
1131 0
1132 0
1133 3
1134 0
1135 6
1136 107
1137 114
1138 164
1139 90
1140 126
1141 101
1142 111
1143 101
1144 127
1145 125
1146 131
1147 136
1148 57
1149 18
1150 4
1151 6
1152 7
1153 7
1154 3
1155 4
1156 1
1157 1
1158 0
1159 2
1160 74
1161 30
1162 53
1163 50
1164 46
1165 55
1166 51
1167 64
1168 75
1169 59
1170 71
1171 76
1172 59
1173 7
1174 3
1175 8
1176 3
1177 11
1178 5
1179 4
1180 4
1181 2
1182 2
1183 2
1184 8
1185 12
1186 18
1187 8
1188 19
1189 18
1190 15
1191 15
1192 14
1193 15
1194 14
1195 5
1196 2
1197 3
1198 3
1199 6
1200 2
1201 4
1202 1
1203 1
1204 0
1205 0
1206 0
1207 3
1208 97
1209 114
1210 157
1211 109
1212 108
1213 96
1214 96
1215 110
1216 110
1217 134
1218 138
1219 119
1220 83
1221 21
1222 2
1223 3
1224 3
1225 2
1226 1
1227 0
1228 1
1229 0
1230 1
1231 6
1232 106
1233 121
1234 168
1235 109
1236 109
1237 90
1238 112
1239 89
1240 113
1241 127
1242 122
1243 111
1244 58
1245 4
1246 1
1247 8
1248 2
1249 4
1250 0
1251 0
1252 0
1253 1
1254 3
1255 5
1256 112
1257 116
1258 137
1259 110
1260 112
1261 105
1262 97
1263 105
1264 121
1265 130
1266 149
1267 132
1268 81
1269 15
1270 4
1271 5
1272 2
1273 3
1274 2
1275 1
1276 1
1277 2
1278 3
1279 4
1280 93
1281 114
1282 150
1283 109
1284 117
1285 98
1286 111
1287 115
1288 122
1289 149
1290 144
1291 129
1292 73
1293 6
1294 4
1295 4
1296 3
1297 4
1298 0
1299 0
1300 1
1301 4
1302 0
1303 6
1304 102
1305 118
1306 161
1307 107
1308 101
1309 112
1310 119
1311 107
1312 116
1313 146
1314 134
1315 156
1316 116
1317 18
1318 3
1319 9
1320 1
1321 12
1322 6
1323 4
1324 0
1325 3
1326 4
1327 5
1328 87
1329 54
1330 76
1331 76
1332 97
1333 82
1334 75
1335 73
1336 77
1337 78
1338 90
1339 84
1340 80
1341 12
1342 4
1343 10
1344 5
1345 8
1346 4
1347 0
1348 1
1349 4
1350 4
1351 4
1352 14
1353 15
1354 19
1355 24
1356 17
1357 34
1358 17
1359 20
1360 20
1361 19
1362 22
1363 14
1364 1
1365 2
1366 1
1367 2
1368 2
1369 5
1370 0
1371 0
1372 0
1373 5
1374 1
1375 3
1376 109
1377 136
1378 164
1379 113
1380 118
1381 127
1382 104
1383 119
1384 118
1385 134
1386 154
1387 119
1388 87
1389 12
1390 1
1391 6
1392 1
1393 3
1394 1
1395 0
1396 2
1397 4
1398 2
1399 7
1400 108
1401 116
1402 148
1403 99
1404 89
1405 112
1406 95
1407 119
1408 116
1409 125
1410 163
1411 138
1412 75
1413 19
1414 3
1415 3
1416 2
1417 4
1418 1
1419 0
1420 0
1421 3
1422 3
1423 2
1424 100
1425 113
1426 176
1427 90
1428 105
1429 93
1430 87
1431 105
1432 103
1433 131
1434 131
1435 116
1436 87
1437 9
1438 5
1439 5
1440 3
1441 5
1442 0
1443 1
1444 4
1445 4
1446 0
1447 3
1448 112
1449 105
1450 165
1451 101
1452 113
1453 113
1454 111
1455 104
1456 115
1457 111
1458 130
1459 112
1460 79
1461 18
1462 3
1463 6
1464 2
1465 10
1466 6
1467 6
1468 3
1469 0
1470 3
1471 4
1472 83
1473 41
1474 68
1475 68
1476 62
1477 85
1478 69
1479 62
1480 75
1481 55
1482 70
1483 87
1484 81
1485 9
1486 3
1487 6
1488 8
1489 8
1490 2
1491 0
1492 5
1493 4
1494 1
1495 2
1496 10
1497 7
1498 17
1499 25
1500 14
1501 21
1502 20
1503 23
1504 26
1505 30
1506 15
1507 15
1508 5
1509 2
1510 4
1511 2
1512 1
1513 3
1514 0
1515 1
1516 3
1517 3
1518 1
1519 8
1520 102
1521 127
1522 149
1523 98
1524 113
1525 110
1526 91
1527 102
1528 127
1529 127
1530 116
1531 123
1532 56
1533 14
1534 0
1535 3
1536 4
1537 3
1538 1
1539 1
1540 0
1541 1
1542 2
1543 10
1544 114
1545 95
1546 134
1547 87
1548 102
1549 116
1550 103
1551 115
1552 99
1553 135
1554 136
1555 123
1556 74
1557 15
1558 2
1559 8
1560 3
1561 5
1562 0
1563 0
1564 0
1565 3
1566 5
1567 2
1568 93
1569 113
1570 155
1571 111
1572 100
1573 113
1574 116
1575 90
1576 109
1577 124
1578 151
1579 120
1580 73
1581 20
1582 2
1583 9
1584 1
1585 0
1586 1
1587 0
1588 1
1589 4
1590 3
1591 4
1592 109
1593 140
1594 167
1595 115
1596 97
1597 91
1598 113
1599 96
1600 111
1601 133
1602 143
1603 108
1604 86
1605 17
1606 2
1607 6
1608 2
1609 4
1610 1
1611 1
1612 2
1613 2
1614 1
1615 4
1616 96
1617 116
1618 127
1619 107
1620 117
1621 106
1622 83
1623 112
1624 115
1625 140
1626 126
1627 130
1628 95
1629 13
1630 7
1631 10
1632 8
1633 6
1634 2
1635 1
1636 2
1637 1
1638 20
1639 8
1640 95
1641 53
1642 76
1643 67
1644 82
1645 58
1646 71
1647 66
1648 61
1649 63
1650 85
1651 78
1652 63
1653 9
1654 3
1655 5
1656 0
1657 9
1658 0
1659 0
1660 0
1661 5
1662 1
1663 2
1664 8
1665 9
1666 17
1667 15
1668 15
1669 12
1670 11
1671 12
1672 9
1673 14
1674 14
1675 8
1676 1
1677 7
1678 1
1679 9
1680 5
1681 7
1682 3
1683 3
1684 1
1685 1
1686 0
1687 5
1688 84
1689 26
1690 60
1691 21
1692 29
1693 21
1694 30
1695 27
1696 46
1697 53
1698 64
1699 87
1700 63
1701 8
1702 2
1703 3
1704 2
1705 9
1706 11
1707 6
1708 9
1709 12
1710 14
1711 5
1712 103
1713 124
1714 147
1715 97
1716 114
1717 105
1718 93
1719 90
1720 118
1721 102
1722 138
1723 118
1724 63
1725 19
1726 0
1727 5
1728 7
1729 3
1730 0
1731 0
1732 2
1733 4
1734 0
1735 5
1736 111
1737 122
1738 128
1739 114
1740 102
1741 107
1742 110
1743 103
1744 104
1745 145
1746 138
1747 116
1748 75
1749 9
1750 3
1751 5
1752 2
1753 4
1754 2
1755 3
1756 0
1757 2
1758 0
1759 4
1760 112
1761 90
1762 142
1763 102
1764 111
1765 104
1766 97
1767 92
1768 97
1769 114
1770 127
1771 109
1772 61
1773 15
1774 2
1775 5
1776 1
1777 7
1778 1
1779 1
1780 0
1781 0
1782 1
1783 5
1784 101
1785 111
1786 161
1787 112
1788 113
1789 103
1790 88
1791 95
1792 106
1793 132
1794 114
1795 131
1796 72
1797 16
1798 3
1799 10
1800 1
1801 8
1802 3
1803 3
1804 1
1805 2
1806 0
1807 4
1808 80
1809 38
1810 62
1811 49
1812 63
1813 53
1814 46
1815 59
1816 54
1817 51
1818 76
1819 66
1820 82
1821 9
1822 0
1823 4
1824 0
1825 10
1826 0
1827 0
1828 2
1829 2
1830 0
1831 0
1832 6
1833 6
1834 6
1835 7
1836 8
1837 17
1838 10
1839 7
1840 11
1841 7
1842 20
1843 10
1844 2
1845 3
1846 3
1847 3
1848 4
1849 6
1850 0
1851 2
1852 1
1853 1
1854 1
1855 5
1856 100
1857 127
1858 149
1859 84
1860 100
1861 82
1862 86
1863 92
1864 94
1865 113
1866 116
1867 120
1868 64
1869 11
1870 3
1871 4
1872 1
1873 5
1874 0
1875 1
1876 0
1877 3
1878 1
1879 4
1880 119
1881 101
1882 135
1883 113
1884 95
1885 83
1886 96
1887 96
1888 92
1889 119
1890 123
1891 93
1892 80
1893 16
1894 2
1895 2
1896 2
1897 4
1898 1
1899 0
1900 1
1901 3
1902 1
1903 8
1904 108
1905 114
1906 145
1907 91
1908 90
1909 103
1910 92
1911 78
1912 97
1913 118
1914 154
1915 114
1916 83
1917 10
1918 3
1919 6
1920 3
1921 3
1922 1
1923 0
1924 0
1925 6
1926 2
1927 5
1928 122
1929 112
1930 144
1931 106
1932 94
1933 96
1934 94
1935 106
1936 99
1937 117
1938 119
1939 114
1940 76
1941 14
1942 1
1943 4
1944 1
1945 4
1946 1
1947 0
1948 3
1949 5
1950 2
1951 10
1952 104
1953 103
1954 152
1955 106
1956 96
1957 95
1958 88
1959 110
1960 98
1961 137
1962 123
1963 144
1964 77
1965 8
1966 3
1967 3
1968 2
1969 8
1970 2
1971 2
1972 2
1973 0
1974 1
1975 1
1976 78
1977 36
1978 55
1979 59
1980 58
1981 49
1982 47
1983 58
1984 65
1985 52
1986 64
1987 65
1988 74
1989 8
1990 1
1991 2
1992 2
1993 10
1994 4
1995 1
1996 2
1997 2
1998 2
1999 2
2000 12
2001 10
2002 8
2003 6
2004 10
2005 5
2006 6
2007 14
2008 10
2009 9
2010 11
2011 4
2012 2
2013 0
2014 1
2015 3
2016 0
2017 4
2018 0
2019 0
2020 5
2021 1
2022 3
2023 5
2024 96
2025 95
2026 131
2027 96
2028 111
2029 94
2030 90
2031 104
2032 84
2033 126
2034 114
2035 101
2036 63
2037 17
2038 1
2039 4
2040 0
2041 5
2042 0
2043 0
2044 2
2045 2
2046 1
2047 7
2048 114
2049 109
2050 148
2051 99
2052 113
2053 99
2054 80
2055 96
2056 103
2057 94
2058 155
2059 93
2060 58
2061 16
2062 3
2063 5
2064 1
2065 5
2066 1
2067 0
2068 1
2069 1
2070 2
2071 4
2072 105
2073 110
2074 130
2075 87
2076 88
2077 98
2078 79
2079 106
2080 107
2081 133
2082 131
2083 109
2084 68
2085 11
2086 3
2087 3
2088 2
2089 4
2090 0
2091 1
2092 0
2093 2
2094 0
2095 10
2096 113
2097 103
2098 128
2099 99
2100 83
2101 93
2102 87
2103 89
2104 123
2105 103
2106 121
2107 114
2108 62
2109 10
2110 0
2111 6
2112 3
2113 5
2114 1
2115 2
2116 2
2117 2
2118 0
2119 6
2120 109
2121 104
2122 145
2123 99
2124 97
2125 108
2126 93
2127 88
2128 106
2129 123
2130 117
2131 124
2132 79
2133 17
2134 5
2135 7
2136 9
2137 14
2138 1
2139 1
2140 3
2141 0
2142 3
2143 1
2144 88
2145 57
2146 62
2147 56
2148 59
2149 64
2150 71
2151 68
2152 64
2153 75
2154 77
2155 108
2156 50
2157 2
2158 0
2159 2
2160 3
2161 8
2162 3
2163 1
2164 1
2165 3
2166 2
2167 1
2168 9
2169 6
2170 3
2171 3
2172 4
2173 10
2174 10
2175 6
2176 9
2177 15
2178 12
2179 2
2180 4
2181 3
2182 2
2183 5
2184 2
2185 4
2186 0
2187 0
2188 3
2189 2
2190 1
2191 1
2192 109
2193 112
2194 156
2195 100
2196 116
2197 76
2198 96
2199 114
2200 97
2201 124
2202 127
2203 95
2204 69
2205 11
2206 0
2207 4
2208 0
2209 4
2210 0
2211 0
2212 1
2213 3
2214 2
2215 3
2216 111
2217 85
2218 130
2219 90
2220 94
2221 106
2222 95
2223 111
2224 125
2225 113
2226 116
2227 108
2228 77
2229 12
2230 1
2231 5
2232 2
2233 5
2234 0
2235 0
2236 0
2237 2
2238 1
2239 5
2240 100
2241 109
2242 160
2243 115
2244 88
2245 82
2246 99
2247 89
2248 107
2249 131
2250 115
2251 115
2252 90
2253 18
2254 1
2255 6
2256 0
2257 7
2258 0
2259 0
2260 0
2261 5
2262 5
2263 7
2264 116
2265 116
2266 138
2267 112
2268 110
2269 107
2270 106
2271 112
2272 111
2273 121
2274 121
2275 127
2276 78
2277 16
2278 0
2279 3
2280 1
2281 6
2282 0
2283 2
2284 2
2285 1
2286 1
2287 0
2288 72
2289 51
2290 61
2291 35
2292 38
2293 28
2294 29
2295 30
2296 32
2297 33
2298 55
2299 78
2300 57
2301 11
2302 3
2303 5
2304 6
2305 19
2306 15
2307 23
2308 16
2309 14
2310 5
2311 1
2312 77
2313 21
2314 38
2315 34
2316 44
2317 42
2318 40
2319 46
2320 37
2321 57
2322 51
2323 63
2324 68
2325 11
2326 4
2327 4
2328 3
2329 10
2330 3
2331 3
2332 1
2333 2
2334 0
2335 1
2336 8
2337 3
2338 17
2339 13
2340 10
2341 10
2342 8
2343 5
2344 9
2345 10
2346 7
2347 2
2348 0
2349 0
2350 5
2351 6
2352 0
2353 6
2354 2
2355 0
2356 0
2357 0
2358 2
2359 2
2360 72
2361 19
2362 56
2363 25
2364 46
2365 22
2366 27
2367 27
2368 30
2369 36
2370 43
2371 75
2372 61
2373 7
2374 1
2375 11
2376 14
2377 9
2378 6
2379 9
2380 8
2381 12
2382 4
2383 1
2384 104
2385 94
2386 140
2387 114
2388 102
2389 98
2390 99
2391 93
2392 103
2393 106
2394 124
2395 118
2396 61
2397 14
2398 5
2399 7
2400 1
2401 5
2402 0
2403 0
2404 1
2405 2
2406 1
2407 4
2408 91
2409 110
2410 142
2411 101
2412 88
2413 99
2414 82
2415 96
2416 99
2417 96
2418 111
2419 121
2420 76
2421 15
2422 0
2423 8
2424 2
2425 7
2426 0
2427 2
2428 0
2429 2
2430 1
2431 7
2432 96
2433 100
2434 128
2435 98
2436 87
2437 111
2438 88
2439 89
2440 97
2441 115
2442 130
2443 102
2444 76
2445 16
2446 1
2447 11
2448 0
2449 5
2450 3
2451 1
2452 1
2453 3
2454 2
2455 5
2456 96
2457 95
2458 126
2459 94
2460 86
2461 84
2462 107
2463 102
2464 116
2465 121
2466 116
2467 124
2468 76
2469 11
2470 7
2471 7
2472 2
2473 8
2474 4
2475 2
2476 2
2477 0
2478 2
2479 2
2480 67
2481 22
2482 55
2483 58
2484 65
2485 66
2486 54
2487 48
2488 57
2489 57
2490 60
2491 90
2492 66
2493 4
2494 0
2495 7
2496 4
2497 12
2498 6
2499 0
2500 1
2501 6
2502 1
2503 3
2504 6
2505 7
2506 11
2507 6
2508 11
2509 8
2510 12
2511 12
2512 16
2513 14
2514 17
2515 12
2516 0
2517 1
2518 2
2519 4
2520 1
2521 3
2522 0
2523 1
2524 0
2525 5
2526 1
2527 9
2528 85
2529 88
2530 134
2531 119
2532 100
2533 83
2534 100
2535 76
2536 84
2537 113
2538 135
2539 115
2540 64
2541 16
2542 2
2543 3
2544 0
2545 4
2546 1
2547 0
2548 1
2549 3
2550 0
2551 4
2552 106
2553 89
2554 118
2555 101
2556 100
2557 86
2558 105
2559 84
2560 104
2561 107
2562 109
2563 104
2564 61
2565 11
2566 1
2567 5
2568 0
2569 5
2570 0
2571 1
2572 1
2573 3
2574 2
2575 2
2576 102
2577 97
2578 117
2579 99
2580 93
2581 76
2582 95
2583 94
2584 86
2585 104
2586 121
2587 109
2588 60
2589 11
2590 2
2591 5
2592 2
2593 5
2594 0
2595 1
2596 2
2597 2
2598 0
2599 3
2600 92
2601 106
2602 136
2603 103
2604 101
2605 97
2606 92
2607 111
2608 101
2609 116
2610 147
2611 106
2612 57
2613 15
2614 4
2615 10
2616 1
2617 4
2618 3
2619 1
2620 1
2621 5
2622 2
2623 3
2624 93
2625 92
2626 124
2627 80
2628 78
2629 88
2630 88
2631 100
2632 95
2633 142
2634 109
2635 129
2636 63
2637 5
2638 2
2639 4
2640 0
2641 5
2642 1
2643 1
2644 0
2645 1
2646 2
2647 2
2648 63
2649 33
2650 44
2651 61
2652 55
2653 64
2654 64
2655 67
2656 57
2657 60
2658 51
2659 57
2660 66
2661 11
2662 6
2663 7
2664 1
2665 11
2666 2
2667 0
2668 2
2669 1
2670 2
2671 2
2672 13
2673 9
2674 17
2675 9
2676 13
2677 8
2678 16
2679 8
2680 10
2681 9
2682 7
2683 3
2684 4
2685 0
2686 1
2687 4
2688 1
2689 3
2690 2
2691 2
2692 1
2693 3
2694 3
2695 6
2696 89
2697 79
2698 123
2699 117
2700 83
2701 114
2702 75
2703 92
2704 103
2705 95
2706 107
2707 107
2708 70
2709 11
2710 2
2711 4
2712 3
2713 5
2714 2
2715 1
2716 1
2717 3
2718 2
2719 5
2720 94
2721 94
2722 122
2723 102
2724 91
2725 98
2726 100
2727 100
2728 90
2729 107
2730 98
2731 97
2732 79
2733 9
2734 4
2735 6
2736 4
2737 6
2738 6
2739 3
2740 1
2741 2
2742 3
2743 1
2744 49
2745 30
2746 56
2747 22
2748 19
2749 27
2750 24
2751 25
2752 30
2753 34
2754 39
2755 61
2756 56
2757 6
2758 2
2759 5
2760 1
2761 5
2762 0
2763 0
2764 0
2765 1
2766 1
2767 2
2768 108
2769 82
2770 155
2771 99
2772 89
2773 89
2774 91
2775 91
2776 88
2777 124
2778 108
2779 93
2780 73
2781 16
2782 3
2783 4
2784 4
2785 4
2786 0
2787 1
2788 3
2789 1
2790 0
2791 2
2792 93
2793 102
2794 137
2795 89
2796 109
2797 115
2798 109
2799 121
2800 119
2801 116
2802 125
2803 123
2804 62
2805 9
2806 2
2807 4
2808 1
2809 7
2810 0
2811 1
2812 0
2813 0
2814 0
2815 1
2816 64
2817 25
2818 49
2819 48
2820 54
2821 51
2822 51
2823 55
2824 59
2825 61
2826 46
2827 70
2828 52
2829 7
2830 5
2831 6
2832 2
2833 7
2834 1
2835 0
2836 2
2837 3
2838 1
2839 1
2840 13
2841 4
2842 18
2843 8
2844 13
2845 9
2846 11
2847 14
2848 6
2849 9
2850 9
2851 9
2852 2
2853 3
2854 0
2855 3
2856 4
2857 3
2858 1
2859 1
2860 3
2861 1
2862 3
2863 5
2864 83
2865 104
2866 121
2867 88
2868 84
2869 83
2870 69
2871 85
2872 74
2873 101
2874 115
2875 90
2876 58
2877 9
2878 1
2879 3
2880 0
2881 5
2882 0
2883 1
2884 1
2885 3
2886 2
2887 6
2888 92
2889 83
2890 145
2891 100
2892 92
2893 94
2894 86
2895 90
2896 90
2897 91
2898 115
2899 119
2900 58
2901 9
2902 1
2903 3
2904 2
2905 4
2906 0
2907 0
2908 2
2909 3
2910 2
2911 3
2912 73
2913 116
2914 141
2915 82
2916 89
2917 96
2918 95
2919 109
2920 105
2921 122
2922 129
2923 95
2924 67
2925 12
2926 2
2927 6
2928 3
2929 5
2930 2
2931 0
2932 0
2933 3
2934 2
2935 4
2936 101
2937 92
2938 122
2939 101
2940 107
2941 104
2942 117
2943 87
2944 90
2945 108
2946 114
2947 127
2948 64
2949 12
2950 2
2951 5
2952 4
2953 3
2954 2
2955 1
2956 1
2957 0
2958 0
2959 3
2960 109
2961 108
2962 138
2963 87
2964 107
2965 98
2966 82
2967 118
2968 111
2969 126
2970 119
2971 120
2972 60
2973 4
2974 1
2975 6
2976 5
2977 7
2978 3
2979 4
2980 1
2981 2
2982 1
2983 5
2984 73
2985 55
2986 69
2987 78
2988 87
2989 64
2990 65
2991 77
2992 40
2993 95
2994 64
2995 47
2996 48
2997 11
2998 3
2999 8
3000 2
3001 7
3002 0
3003 3
3004 1
3005 1
3006 4
3007 2
3008 11
3009 6
3010 14
3011 8
3012 11
3013 12
3014 10
3015 7
3016 12
3017 19
3018 22
3019 6
3020 6
3021 2
3022 0
3023 2
3024 1
3025 2
3026 0
3027 0
3028 3
3029 2
3030 1
3031 7
3032 84
3033 92
3034 148
3035 98
3036 93
3037 106
3038 87
3039 90
3040 92
3041 93
3042 123
3043 102
3044 59
3045 8
3046 0
3047 6
3048 1
3049 3
3050 3
3051 0
3052 1
3053 3
3054 0
3055 3
3056 87
3057 107
3058 123
3059 101
3060 112
3061 101
3062 94
3063 85
3064 100
3065 92
3066 85
3067 110
3068 63
3069 9
3070 0
3071 1
3072 1
3073 2
3074 2
3075 0
3076 1
3077 1
3078 1
3079 2
3080 92
3081 106
3082 159
3083 107
3084 83
3085 81
3086 66
3087 66
3088 85
3089 86
3090 106
3091 112
3092 73
3093 10
3094 4
3095 4
3096 2
3097 3
3098 0
3099 0
3100 1
3101 2
3102 1
3103 5
3104 100
3105 117
3106 121
3107 97
3108 101
3109 105
3110 107
3111 101
3112 88
3113 118
3114 126
3115 108
3116 69
3117 10
3118 1
3119 7
3120 1
3121 3
3122 0
3123 0
3124 1
3125 1
3126 0
3127 3
3128 101
3129 84
3130 139
3131 118
3132 110
3133 85
3134 104
3135 106
3136 93
3137 112
3138 124
3139 97
3140 76
3141 4
3142 3
3143 6
3144 1
3145 6
3146 2
3147 1
3148 0
3149 2
3150 1
3151 6
3152 52
3153 38
3154 58
3155 68
3156 77
3157 75
3158 49
3159 80
3160 56
3161 51
3162 69
3163 89
3164 52
3165 5
3166 0
3167 3
3168 6
3169 8
3170 2
3171 2
3172 1
3173 1
3174 0
3175 0
3176 8
3177 5
3178 4
3179 12
3180 9
3181 8
3182 7
3183 9
3184 15
3185 14
3186 12
3187 9
3188 2
3189 2
3190 0
3191 4
3192 1
3193 3
3194 0
3195 0
3196 0
3197 1
3198 0
3199 2
3200 80
3201 101
3202 119
3203 115
3204 87
3205 120
3206 79
3207 92
3208 84
3209 103
3210 140
3211 94
3212 50
3213 5
3214 0
3215 3
3216 1
3217 5
3218 0
3219 0
3220 1
3221 1
3222 0
3223 7
3224 81
3225 91
3226 129
3227 103
3228 103
3229 113
3230 94
3231 88
3232 103
3233 114
3234 126
3235 106
3236 58
3237 7
3238 3
3239 4
3240 1
3241 3
3242 0
3243 1
3244 1
3245 0
3246 2
3247 1
3248 88
3249 88
3250 151
3251 104
3252 101
3253 98
3254 90
3255 87
3256 115
3257 102
3258 125
3259 111
3260 56
3261 7
3262 2
3263 11
3264 1
3265 5
3266 1
3267 1
3268 1
3269 3
3270 3
3271 8
3272 82
3273 121
3274 122
3275 104
3276 114
3277 98
3278 103
3279 100
3280 98
3281 123
3282 124
3283 109
3284 75
3285 17
3286 4
3287 4
3288 2
3289 4
3290 0
3291 1
3292 1
3293 3
3294 0
3295 2
3296 90
3297 103
3298 124
3299 80
3300 99
3301 99
3302 80
3303 100
3304 91
3305 122
3306 109
3307 128
3308 69
3309 12
3310 1
3311 2
3312 3
3313 7
3314 0
3315 0
3316 1
3317 1
3318 2
3319 6
3320 72
3321 39
3322 68
3323 59
3324 85
3325 73
3326 63
3327 56
3328 60
3329 67
3330 48
3331 79
3332 54
3333 4
3334 3
3335 8
3336 4
3337 9
3338 0
3339 0
3340 1
3341 1
3342 4
3343 2
3344 14
3345 4
3346 13
3347 6
3348 9
3349 12
3350 6
3351 8
3352 13
3353 6
3354 5
3355 5
3356 3
3357 6
3358 1
3359 3
3360 0
3361 2
3362 1
3363 0
3364 2
3365 0
3366 3
3367 4
3368 85
3369 110
3370 144
3371 94
3372 91
3373 121
3374 97
3375 83
3376 99
3377 109
3378 113
3379 93
3380 57
3381 9
3382 1
3383 4
3384 0
3385 2
3386 0
3387 0
3388 2
3389 0
3390 1
3391 5
3392 93
3393 87
3394 126
3395 82
3396 82
3397 93
3398 92
3399 85
3400 92
3401 100
3402 115
3403 99
3404 59
3405 7
3406 1
3407 4
3408 1
3409 0
3410 0
3411 1
3412 1
3413 3
3414 0
3415 1
3416 100
3417 94
3418 123
3419 83
3420 74
3421 95
3422 82
3423 98
3424 107
3425 114
3426 110
3427 88
3428 58
3429 10
3430 1
3431 6
3432 2
3433 3
3434 1
3435 0
3436 0
3437 2
3438 0
3439 4
3440 88
3441 107
3442 139
3443 109
3444 105
3445 107
3446 80
3447 104
3448 99
3449 116
3450 110
3451 122
3452 47
3453 10
3454 0
3455 4
3456 3
3457 2
3458 3
3459 1
3460 4
3461 1
3462 1
3463 2
3464 94
3465 105
3466 156
3467 118
3468 97
3469 97
3470 98
3471 117
3472 101
3473 128
3474 121
3475 120
3476 87
3477 15
3478 1
3479 4
3480 3
3481 9
3482 6
3483 0
3484 3
3485 1
3486 0
3487 4
3488 62
3489 28
3490 49
3491 54
3492 70
3493 59
3494 48
3495 58
3496 72
3497 53
3498 55
3499 54
3500 72
3501 8
3502 3
3503 11
3504 10
3505 10
3506 3
3507 2
3508 2
3509 3
3510 2
3511 0
3512 8
3513 10
3514 14
3515 12
3516 13
3517 14
3518 11
3519 6
3520 14
3521 18
3522 23
3523 9
3524 3
3525 2
3526 3
3527 4
3528 1
3529 4
3530 0
3531 1
3532 1
3533 1
3534 1
3535 2
3536 87
3537 108
3538 143
3539 105
3540 110
3541 92
3542 102
3543 110
3544 89
3545 114
3546 118
3547 97
3548 49
3549 8
3550 0
3551 2
3552 1
3553 2
3554 2
3555 2
3556 1
3557 1
3558 4
3559 3
3560 83
3561 95
3562 144
3563 106
3564 101
3565 99
3566 110
3567 81
3568 101
3569 94
3570 122
3571 112
3572 59
3573 12
3574 0
3575 4
3576 2
3577 2
3578 0
3579 0
3580 0
3581 2
3582 0
3583 1
3584 89
3585 121
3586 123
3587 107
3588 101
3589 111
3590 112
3591 92
3592 120
3593 124
3594 113
3595 126
3596 71
3597 16
3598 0
3599 10
3600 0
3601 4
3602 2
3603 2
3604 2
3605 5
3606 3
3607 3
3608 92
3609 101
3610 151
3611 98
3612 130
3613 100
3614 92
3615 114
3616 105
3617 103
3618 134
3619 120
3620 83
3621 9
3622 0
3623 6
3624 3
3625 4
3626 2
3627 1
3628 3
3629 0
3630 1
3631 4
3632 92
3633 141
3634 128
3635 120
3636 121
3637 104
3638 118
3639 94
3640 102
3641 133
3642 144
3643 135
3644 62
3645 4
3646 0
3647 4
3648 4
3649 8
3650 4
3651 4
3652 2
3653 2
3654 4
3655 1
3656 43
3657 43
3658 63
3659 58
3660 88
3661 71
3662 65
3663 67
3664 61
3665 63
3666 48
3667 62
3668 74
3669 10
3670 1
3671 7
3672 5
3673 6
3674 1
3675 2
3676 2
3677 3
3678 2
3679 3
3680 11
3681 12
3682 23
3683 23
3684 15
3685 17
3686 18
3687 18
3688 13
3689 21
3690 12
3691 12
3692 1
3693 4
3694 5
3695 4
3696 0
3697 3
3698 1
3699 0
3700 1
3701 0
3702 2
3703 2
3704 105
3705 121
3706 142
3707 105
3708 98
3709 115
3710 89
3711 74
3712 81
3713 101
3714 105
3715 105
3716 43
3717 12
3718 1
3719 6
3720 0
3721 2
3722 0
3723 0
3724 2
3725 0
3726 1
3727 3
3728 99
3729 85
3730 129
3731 116
3732 107
3733 102
3734 115
3735 103
3736 98
3737 111
3738 134
3739 118
3740 67
3741 15
3742 2
3743 7
3744 3
3745 3
3746 0
3747 0
3748 2
3749 2
3750 2
3751 4
3752 101
3753 107
3754 130
3755 120
3756 106
3757 103
3758 104
3759 111
3760 113
3761 114
3762 112
3763 117
3764 59
3765 17
3766 5
3767 3
3768 0
3769 3
3770 3
3771 0
3772 1
3773 2
3774 1
3775 5
3776 120
3777 133
3778 168
3779 129
3780 94
3781 139
3782 102
3783 100
3784 119
3785 116
3786 156
3787 110
3788 65
3789 16
3790 1
3791 7
3792 2
3793 5
3794 3
3795 0
3796 1
3797 2
3798 2
3799 4
3800 99
3801 105
3802 133
3803 118
3804 134
3805 103
3806 103
3807 116
3808 112
3809 128
3810 115
3811 140
3812 58
3813 5
3814 0
3815 9
3816 4
3817 7
3818 4
3819 2
3820 3
3821 3
3822 3
3823 4
3824 56
3825 44
3826 57
3827 73
3828 73
3829 53
3830 72
3831 68
3832 65
3833 59
3834 88
3835 80
3836 54
3837 10
3838 1
3839 8
3840 6
3841 7
3842 3
3843 2
3844 1
3845 5
3846 3
3847 3
3848 15
3849 7
3850 18
3851 16
3852 17
3853 17
3854 10
3855 17
3856 10
3857 11
3858 24
3859 5
3860 7
3861 4
3862 5
3863 7
3864 5
3865 5
3866 2
3867 3
3868 0
3869 1
3870 2
3871 5
3872 65
3873 34
3874 59
3875 28
3876 31
3877 31
3878 27
3879 37
3880 57
3881 54
3882 62
3883 62
3884 63
3885 8
3886 0
3887 4
3888 2
3889 2
3890 0
3891 0
3892 1
3893 1
3894 2
3895 2
3896 77
3897 117
3898 148
3899 108
3900 123
3901 113
3902 101
3903 105
3904 102
3905 106
3906 145
3907 108
3908 57
3909 18
3910 1
3911 5
3912 2
3913 3
3914 1
3915 1
3916 1
3917 1
3918 4
3919 6
3920 104
3921 117
3922 145
3923 97
3924 121
3925 107
3926 102
3927 119
3928 114
3929 123
3930 139
3931 130
3932 61
3933 18
3934 1
3935 7
3936 2
3937 5
3938 0
3939 3
3940 1
3941 3
3942 1
3943 5
3944 83
3945 120
3946 159
3947 130
3948 108
3949 106
3950 102
3951 128
3952 102
3953 111
3954 127
3955 123
3956 70
3957 12
3958 2
3959 6
3960 3
3961 6
3962 0
3963 0
3964 0
3965 2
3966 3
3967 5
3968 87
3969 124
3970 147
3971 118
3972 107
3973 107
3974 93
3975 120
3976 100
3977 142
3978 128
3979 109
3980 74
3981 11
3982 3
3983 3
3984 4
3985 8
3986 2
3987 5
3988 1
3989 1
3990 1
3991 2
3992 53
3993 30
3994 70
3995 55
3996 64
3997 72
3998 47
3999 46
4000 63
4001 76
4002 69
4003 73
4004 62
4005 4
4006 3
4007 4
4008 4
4009 8
4010 4
4011 1
4012 1
4013 2
4014 3
4015 3
4016 17
4017 8
4018 16
4019 17
4020 9
4021 12
4022 19
4023 12
4024 17
4025 14
4026 14
4027 6
4028 7
4029 0
4030 1
4031 8
4032 3
4033 4
4034 0
4035 1
4036 2
4037 1
4038 2
4039 5
4040 82
4041 109
4042 161
4043 87
4044 109
4045 105
4046 97
4047 95
4048 120
4049 127
4050 124
4051 104
4052 73
4053 14
4054 2
4055 8
4056 4
4057 3
4058 0
4059 0
4060 1
4061 0
4062 0
4063 1
4064 109
4065 139
4066 132
4067 114
4068 109
4069 90
4070 85
4071 95
4072 108
4073 97
4074 129
4075 106
4076 68
4077 16
4078 5
4079 3
4080 2
4081 3
4082 2
4083 1
4084 1
4085 2
4086 1
4087 3
4088 100
4089 138
4090 157
4091 110
4092 124
4093 102
4094 109
4095 91
4096 107
4097 126
4098 120
4099 105
4100 65
4101 12
4102 3
4103 3
4104 4
4105 2
4106 1
4107 0
4108 1
4109 0
4110 1
4111 5
4112 94
4113 121
4114 125
4115 114
4116 98
4117 116
4118 112
4119 117
4120 105
4121 143
4122 150
4123 120
4124 78
4125 13
4126 0
4127 5
4128 2
4129 5
4130 0
4131 0
4132 0
4133 3
4134 2
4135 7
4136 111
4137 126
4138 149
4139 122
4140 93
4141 122
4142 112
4143 100
4144 146
4145 139
4146 122
4147 116
4148 68
4149 12
4150 11
4151 5
4152 2
4153 8
4154 0
4155 3
4156 1
4157 0
4158 3
4159 3
4160 76
4161 54
4162 77
4163 62
4164 86
4165 59
4166 52
4167 63
4168 43
4169 66
4170 62
4171 62
4172 63
4173 12
4174 5
4175 6
4176 3
4177 8
4178 1
4179 0
4180 3
4181 5
4182 1
4183 1
4184 11
4185 8
4186 20
4187 10
4188 14
4189 15
4190 14
4191 18
4192 22
4193 20
4194 13
4195 2
4196 3
4197 3
4198 2
4199 5
4200 1
4201 2
4202 1
4203 2
4204 2
4205 2
4206 0
4207 3
4208 84
4209 96
4210 157
4211 110
4212 105
4213 102
4214 103
4215 101
4216 100
4217 117
4218 120
4219 109
4220 55
4221 10
4222 2
4223 3
4224 3
4225 2
4226 0
4227 1
4228 0
4229 2
4230 1
4231 5
4232 109
4233 121
4234 172
4235 120
4236 119
4237 121
4238 113
4239 108
4240 102
4241 141
4242 135
4243 120
4244 62
4245 17
4246 3
4247 5
4248 6
4249 5
4250 0
4251 1
4252 0
4253 2
4254 2
4255 8
4256 112
4257 151
4258 160
4259 104
4260 110
4261 91
4262 102
4263 90
4264 104
4265 131
4266 148
4267 131
4268 75
4269 16
4270 5
4271 9
4272 1
4273 5
4274 1
4275 0
4276 0
4277 2
4278 3
4279 6
4280 88
4281 152
4282 151
4283 100
4284 114
4285 110
4286 124
4287 101
4288 108
4289 102
4290 128
4291 140
4292 70
4293 15
4294 5
4295 5
4296 6
4297 5
4298 2
4299 1
4300 0
4301 0
4302 1
4303 6
4304 106
4305 118
4306 122
4307 108
4308 107
4309 86
4310 100
4311 95
4312 113
4313 129
4314 125
4315 130
4316 80
4317 14
4318 4
4319 6
4320 6
4321 9
4322 1
4323 3
4324 3
4325 1
4326 2
4327 2
4328 75
4329 46
4330 65
4331 70
4332 90
4333 57
4334 63
4335 72
4336 66
4337 69
4338 77
4339 91
4340 50
4341 2
4342 0
4343 4
4344 7
4345 10
4346 2
4347 2
4348 0
4349 0
4350 3
4351 2
4352 18
4353 12
4354 9
4355 9
4356 14
4357 8
4358 11
4359 16
4360 15
4361 22
4362 10
4363 9
4364 6
4365 2
4366 3
4367 3
4368 1
4369 2
4370 3
4371 2
4372 2
4373 1
4374 2
4375 8
4376 85
4377 109
4378 126
4379 109
4380 112
4381 100
4382 112
4383 98
4384 122
4385 118
4386 128
4387 124
4388 52
4389 27
4390 2
4391 3
4392 2
4393 4
4394 1
4395 0
4396 2
4397 1
4398 1
4399 3
4400 73
4401 138
4402 134
4403 99
4404 91
4405 107
4406 93
4407 104
4408 93
4409 108
4410 129
4411 115
4412 76
4413 9
4414 2
4415 7
4416 0
4417 5
4418 3
4419 1
4420 1
4421 2
4422 2
4423 4
4424 93
4425 116
4426 123
4427 117
4428 101
4429 86
4430 98
4431 99
4432 96
4433 115
4434 96
4435 118
4436 80
4437 11
4438 4
4439 7
4440 1
4441 2
4442 0
4443 1
4444 1
4445 1
4446 6
4447 2
4448 98
4449 116
4450 166
4451 97
4452 133
4453 112
4454 97
4455 121
4456 98
4457 118
4458 130
4459 115
4460 70
4461 25
4462 4
4463 3
4464 3
4465 3
4466 2
4467 1
4468 0
4469 1
4470 2
4471 5
4472 76
4473 113
4474 143
4475 97
4476 105
4477 126
4478 96
4479 121
4480 123
4481 119
4482 137
4483 125
4484 81
4485 20
4486 1
4487 4
4488 5
4489 8
4490 4
4491 2
4492 0
4493 4
4494 1
4495 1
4496 59
4497 50
4498 58
4499 87
4500 55
4501 60
4502 51
4503 66
4504 52
4505 61
4506 84
4507 101
4508 59
4509 10
4510 0
4511 5
4512 6
4513 9
4514 6
4515 3
4516 5
4517 2
4518 1
4519 6
4520 13
4521 10
4522 17
4523 25
4524 18
4525 16
4526 15
4527 12
4528 10
4529 24
4530 22
4531 7
4532 7
4533 4
4534 3
4535 8
4536 3
4537 4
4538 0
4539 0
4540 1
4541 0
4542 2
4543 5
4544 104
4545 114
4546 152
4547 125
4548 102
4549 104
4550 109
4551 86
4552 94
4553 123
4554 108
4555 94
4556 63
4557 14
4558 4
4559 3
4560 2
4561 4
4562 1
4563 1
4564 0
4565 2
4566 2
4567 5
4568 103
4569 123
4570 133
4571 117
4572 101
4573 94
4574 100
4575 99
4576 115
4577 102
4578 140
4579 109
4580 78
4581 12
4582 1
4583 6
4584 1
4585 4
4586 0
4587 0
4588 1
4589 1
4590 0
4591 7
4592 96
4593 114
4594 114
4595 107
4596 107
4597 99
4598 102
4599 99
4600 105
4601 120
4602 138
4603 111
4604 71
4605 10
4606 1
4607 3
4608 4
4609 4
4610 0
4611 0
4612 1
4613 4
4614 4
4615 5
4616 97
4617 127
4618 163
4619 112
4620 120
4621 99
4622 101
4623 100
4624 99
4625 134
4626 144
4627 135
4628 79
4629 17
4630 3
4631 9
4632 7
4633 5
4634 2
4635 2
4636 2
4637 5
4638 2
4639 4
4640 98
4641 102
4642 153
4643 99
4644 103
4645 93
4646 100
4647 107
4648 104
4649 114
4650 123
4651 122
4652 60
4653 5
4654 2
4655 4
4656 0
4657 11
4658 3
4659 2
4660 0
4661 1
4662 1
4663 1
4664 76
4665 28
4666 45
4667 68
4668 59
4669 81
4670 64
4671 69
4672 57
4673 69
4674 66
4675 84
4676 67
4677 6
4678 4
4679 7
4680 2
4681 8
4682 5
4683 1
4684 0
4685 1
4686 2
4687 3
4688 14
4689 10
4690 19
4691 7
4692 11
4693 9
4694 16
4695 21
4696 16
4697 8
4698 20
4699 12
4700 0
4701 2
4702 4
4703 4
4704 1
4705 4
4706 2
4707 0
4708 2
4709 1
4710 2
4711 4
4712 108
4713 112
4714 148
4715 115
4716 113
4717 87
4718 92
4719 87
4720 112
4721 99
4722 129
4723 85
4724 74
4725 10
4726 4
4727 5
4728 2
4729 3
4730 1
4731 0
4732 0
4733 1
4734 3
4735 5
4736 102
4737 160
4738 134
4739 116
4740 110
4741 97
4742 96
4743 94
4744 98
4745 118
4746 125
4747 113
4748 51
4749 16
4750 2
4751 5
4752 2
4753 3
4754 0
4755 2
4756 3
4757 0
4758 2
4759 5
4760 100
4761 105
4762 152
4763 107
4764 102
4765 108
4766 96
4767 108
4768 103
4769 121
4770 114
4771 98
4772 64
4773 8
4774 1
4775 5
4776 3
4777 4
4778 0
4779 0
4780 4
4781 3
4782 4
4783 4
4784 83
4785 124
4786 120
4787 111
4788 104
4789 99
4790 103
4791 102
4792 103
4793 105
4794 123
4795 102
4796 58
4797 5
4798 1
4799 6
4800 2
4801 4
4802 1
4803 1
4804 0
4805 2
4806 0
4807 3
4808 99
4809 99
4810 134
4811 97
4812 100
4813 113
4814 99
4815 102
4816 107
4817 120
4818 159
4819 122
4820 66
4821 10
4822 9
4823 8
4824 4
4825 9
4826 6
4827 4
4828 3
4829 2
4830 1
4831 7
4832 61
4833 41
4834 47
4835 64
4836 56
4837 58
4838 66
4839 69
4840 46
4841 62
4842 66
4843 87
4844 54
4845 6
4846 3
4847 4
4848 0
4849 8
4850 8
4851 5
4852 1
4853 3
4854 1
4855 2
4856 14
4857 13
4858 8
4859 13
4860 6
4861 19
4862 14
4863 9
4864 11
4865 12
4866 15
4867 6
4868 1
4869 2
4870 3
4871 5
4872 2
4873 6
4874 2
4875 1
4876 1
4877 2
4878 2
4879 4
4880 87
4881 111
4882 133
4883 79
4884 99
4885 94
4886 101
4887 86
4888 96
4889 101
4890 108
4891 86
4892 49
4893 7
4894 2
4895 5
4896 4
4897 1
4898 1
4899 1
4900 3
4901 0
4902 4
4903 9
4904 95
4905 96
4906 136
4907 89
4908 88
4909 85
4910 87
4911 90
4912 84
4913 109
4914 103
4915 99
4916 59
4917 7
4918 3
4919 2
4920 3
4921 2
4922 1
4923 0
4924 0
4925 1
4926 1
4927 4
4928 107
4929 97
4930 136
4931 99
4932 98
4933 106
4934 93
4935 91
4936 101
4937 126
4938 104
4939 108
4940 66
4941 14
4942 1
4943 2
4944 3
4945 4
4946 1
4947 2
4948 1
4949 2
4950 2
4951 8
4952 99
4953 86
4954 143
4955 79
4956 110
4957 96
4958 107
4959 97
4960 98
4961 110
4962 107
4963 101
4964 63
4965 16
4966 4
4967 2
4968 1
4969 3
4970 1
4971 0
4972 0
4973 4
4974 0
4975 6
4976 93
4977 122
4978 125
4979 97
4980 99
4981 74
4982 85
4983 102
4984 98
4985 124
4986 138
4987 108
4988 65
4989 10
4990 1
4991 9
4992 5
4993 8
4994 1
4995 2
4996 2
4997 1
4998 0
4999 3
5000 71
5001 36
5002 39
5003 58
5004 58
5005 62
5006 59
5007 67
5008 55
5009 37
5010 62
5011 53
5012 63
5013 8
5014 5
5015 5
5016 3
5017 10
5018 2
5019 2
5020 1
5021 4
5022 2
5023 1
5024 13
5025 11
5026 19
5027 9
5028 18
5029 18
5030 16
5031 10
5032 18
5033 8
5034 14
5035 12
5036 1
5037 2
5038 2
5039 3
5040 1
5041 1
5042 1
5043 0
5044 2
5045 0
5046 0
5047 3
5048 93
5049 94
5050 109
5051 99
5052 104
5053 107
5054 86
5055 99
5056 103
5057 104
5058 128
5059 91
5060 49
5061 10
5062 1
5063 6
5064 1
5065 2
5066 2
5067 1
5068 0
5069 0
5070 0
5071 7
5072 75
5073 82
5074 132
5075 107
5076 110
5077 93
5078 88
5079 88
5080 85
5081 124
5082 129
5083 82
5084 68
5085 12
5086 1
5087 3
5088 0
5089 1
5090 0
5091 1
5092 2
5093 0
5094 0
5095 5
5096 94
5097 110
5098 137
5099 88
5100 103
5101 90
5102 102
5103 90
5104 89
5105 122
5106 118
5107 98
5108 53
5109 12
5110 1
5111 4
5112 2
5113 4
5114 1
5115 0
5116 0
5117 0
5118 2
5119 5
5120 97
5121 116
5122 140
5123 98
5124 94
5125 96
5126 87
5127 91
5128 108
5129 100
5130 113
5131 109
5132 60
5133 10
5134 5
5135 3
5136 1
5137 4
5138 0
5139 2
5140 1
5141 4
5142 1
5143 5
5144 105
5145 105
5146 121
5147 103
5148 110
5149 88
5150 104
5151 105
5152 111
5153 110
5154 108
5155 101
5156 54
5157 12
5158 3
5159 3
5160 5
5161 5
5162 4
5163 0
5164 3
5165 2
5166 0
5167 4
5168 56
5169 38
5170 50
5171 71
5172 50
5173 60
5174 48
5175 62
5176 75
5177 68
5178 46
5179 75
5180 55
5181 7
5182 6
5183 6
5184 4
5185 8
5186 3
5187 1
5188 1
5189 4
5190 0
5191 2
5192 18
5193 11
5194 8
5195 22
5196 13
5197 9
5198 9
5199 19
5200 10
5201 13
5202 7
5203 11
5204 4
5205 4
5206 4
5207 4
5208 2
5209 0
5210 2
5211 1
5212 1
5213 4
5214 1
5215 3
5216 73
5217 124
5218 143
5219 104
5220 91
5221 107
5222 96
5223 102
5224 96
5225 109
5226 119
5227 104
5228 63
5229 9
5230 4
5231 4
5232 2
5233 1
5234 1
5235 1
5236 0
5237 1
5238 2
5239 4
5240 94
5241 112
5242 130
5243 113
5244 102
5245 94
5246 91
5247 75
5248 113
5249 103
5250 133
5251 102
5252 52
5253 7
5254 3
5255 4
5256 1
5257 1
5258 0
5259 0
5260 1
5261 0
5262 0
5263 5
5264 76
5265 92
5266 142
5267 92
5268 112
5269 94
5270 105
5271 109
5272 95
5273 126
5274 116
5275 101
5276 67
5277 14
5278 5
5279 2
5280 0
5281 2
5282 0
5283 2
5284 0
5285 4
5286 3
5287 2
5288 101
5289 108
5290 133
5291 101
5292 101
5293 109
5294 86
5295 101
5296 96
5297 127
5298 116
5299 94
5300 69
5301 13
5302 3
5303 5
5304 1
5305 1
5306 0
5307 1
5308 0
5309 0
5310 4
5311 3
5312 87
5313 116
5314 119
5315 83
5316 83
5317 97
5318 80
5319 87
5320 86
5321 117
5322 90
5323 98
5324 68
5325 8
5326 5
5327 4
5328 4
5329 5
5330 0
5331 0
5332 0
5333 2
5334 0
5335 0
5336 65
5337 36
5338 37
5339 62
5340 51
5341 43
5342 42
5343 54
5344 46
5345 47
5346 68
5347 75
5348 45
5349 8
5350 4
5351 4
5352 3
5353 8
5354 0
5355 2
5356 2
5357 0
5358 1
5359 3
5360 11
5361 2
5362 14
5363 8
5364 7
5365 7
5366 8
5367 18
5368 6
5369 17
5370 8
5371 9
5372 1
5373 1
5374 2
5375 2
5376 0
5377 0
5378 1
5379 0
5380 0
5381 1
5382 1
5383 8
5384 94
5385 94
5386 133
5387 107
5388 103
5389 82
5390 90
5391 84
5392 89
5393 93
5394 109
5395 90
5396 58
5397 9
5398 1
5399 2
5400 0
5401 1
5402 0
5403 0
5404 0
5405 3
5406 0
5407 5
5408 92
5409 79
5410 129
5411 108
5412 109
5413 86
5414 99
5415 93
5416 90
5417 117
5418 100
5419 94
5420 52
5421 10
5422 2
5423 2
5424 2
5425 1
5426 0
5427 0
5428 0
5429 2
5430 4
5431 8
5432 82
5433 102
5434 121
5435 82
5436 92
5437 73
5438 79
5439 74
5440 97
5441 94
5442 108
5443 88
5444 64
5445 12
5446 0
5447 1
5448 0
5449 3
5450 0
5451 0
5452 1
5453 1
5454 2
5455 3
5456 91
5457 93
5458 119
5459 98
5460 95
5461 78
5462 82
5463 106
5464 107
5465 109
5466 94
5467 106
5468 61
5469 9
5470 2
5471 4
5472 1
5473 2
5474 0
5475 0
5476 0
5477 2
5478 4
5479 7
5480 99
5481 98
5482 128
5483 106
5484 102
5485 95
5486 92
5487 97
5488 99
5489 109
5490 113
5491 116
5492 56
5493 7
5494 1
5495 7
5496 3
5497 5
5498 0
5499 3
5500 1
5501 2
5502 2
5503 0
5504 68
5505 42
5506 67
5507 46
5508 60
5509 45
5510 55
5511 61
5512 47
5513 57
5514 81
5515 77
5516 49
5517 8
5518 2
5519 3
5520 5
5521 5
5522 0
5523 1
5524 4
5525 2
5526 3
5527 2
5528 12
5529 12
5530 22
5531 10
5532 11
5533 5
5534 13
5535 3
5536 8
5537 12
5538 14
5539 15
5540 4
5541 0
5542 2
5543 2
5544 0
5545 1
5546 2
5547 1
5548 0
5549 0
5550 2
5551 2
5552 94
5553 99
5554 125
5555 98
5556 116
5557 86
5558 86
5559 86
5560 88
5561 90
5562 111
5563 93
5564 49
5565 11
5566 0
5567 1
5568 2
5569 1
5570 2
5571 2
5572 2
5573 2
5574 1
5575 2
5576 85
5577 103
5578 122
5579 97
5580 76
5581 88
5582 95
5583 82
5584 97
5585 107
5586 112
5587 94
5588 53
5589 21
5590 1
5591 3
5592 1
5593 2
5594 0
5595 0
5596 0
5597 0
5598 1
5599 6
5600 91
5601 93
5602 114
5603 104
5604 95
5605 93
5606 76
5607 83
5608 101
5609 117
5610 99
5611 90
5612 59
5613 13
5614 0
5615 3
5616 0
5617 0
5618 0
5619 1
5620 0
5621 2
5622 0
5623 3
5624 78
5625 108
5626 112
5627 100
5628 94
5629 115
5630 98
5631 94
5632 96
5633 120
5634 122
5635 112
5636 60
5637 11
5638 1
5639 2
5640 1
5641 2
5642 0
5643 0
5644 0
5645 1
5646 2
5647 4
5648 91
5649 98
5650 131
5651 100
5652 106
5653 106
5654 101
5655 101
5656 95
5657 122
5658 89
5659 90
5660 70
5661 9
5662 5
5663 8
5664 3
5665 4
5666 2
5667 1
5668 0
5669 0
5670 0
5671 4
5672 79
5673 39
5674 52
5675 46
5676 63
5677 58
5678 59
5679 63
5680 58
5681 52
5682 75
5683 81
5684 44
5685 15
5686 2
5687 2
5688 2
5689 5
5690 0
5691 1
5692 0
5693 0
5694 2
5695 2
5696 13
5697 6
5698 12
5699 14
5700 11
5701 13
5702 9
5703 15
5704 12
5705 11
5706 10
5707 7
5708 2
5709 0
5710 2
5711 3
5712 0
5713 1
5714 0
5715 0
5716 0
5717 1
5718 2
5719 3
5720 76
5721 92
5722 134
5723 91
5724 97
5725 105
5726 87
5727 84
5728 89
5729 100
5730 117
5731 84
5732 56
5733 12
5734 2
5735 1
5736 1
5737 3
5738 0
5739 0
5740 0
5741 1
5742 0
5743 3
5744 78
5745 88
5746 125
5747 84
5748 79
5749 91
5750 88
5751 87
5752 90
5753 86
5754 126
5755 83
5756 58
5757 14
5758 2
5759 1
5760 0
5761 2
5762 0
5763 1
5764 1
5765 0
5766 2
5767 4
5768 96
5769 104
5770 142
5771 85
5772 95
5773 91
5774 96
5775 100
5776 106
5777 115
5778 125
5779 96
5780 59
5781 7
5782 4
5783 1
5784 0
5785 1
5786 0
5787 2
5788 1
5789 2
5790 0
5791 3
5792 93
5793 114
5794 137
5795 92
5796 95
5797 91
5798 91
5799 89
5800 93
5801 97
5802 123
5803 98
5804 66
5805 11
5806 1
5807 2
5808 2
5809 6
5810 0
5811 2
5812 1
5813 1
5814 1
5815 3
5816 85
5817 114
5818 182
5819 173
5820 176
5821 153
5822 114
5823 119
5824 126
5825 94
5826 108
5827 115
5828 68
5829 9
5830 2
5831 2
5832 4
5833 5
5834 2
5835 0
5836 0
5837 0
5838 0
5839 1
5840 57
5841 40
5842 49
5843 61
5844 49
5845 59
5846 62
5847 64
5848 54
5849 41
5850 55
5851 56
5852 55
5853 7
5854 1
5855 2
5856 7
5857 5
5858 1
5859 4
5860 0
5861 1
5862 2
5863 0
5864 11
5865 9
5866 18
5867 21
5868 8
5869 17
5870 9
5871 14
5872 19
5873 14
5874 11
5875 10
5876 1
5877 2
5878 4
5879 1
5880 1
5881 3
5882 0
5883 0
5884 0
5885 1
5886 0
5887 1
5888 81
5889 94
5890 125
5891 118
5892 124
5893 116
5894 117
5895 120
5896 106
5897 96
5898 106
5899 113
5900 43
5901 7
5902 1
5903 2
5904 3
5905 2
5906 0
5907 0
5908 1
5909 1
5910 0
5911 2
5912 87
5913 98
5914 100
5915 95
5916 100
5917 126
5918 79
5919 99
5920 103
5921 103
5922 83
5923 92
5924 50
5925 7
5926 2
5927 2
5928 1
5929 2
5930 1
5931 0
5932 1
5933 1
5934 2
5935 4
5936 112
5937 129
5938 120
5939 98
5940 95
5941 101
5942 96
5943 109
5944 121
5945 108
5946 102
5947 87
5948 76
5949 10
5950 3
5951 2
5952 6
5953 2
5954 0
5955 0
5956 0
5957 2
5958 6
5959 10
5960 101
5961 115
5962 119
5963 109
5964 112
5965 121
5966 108
5967 103
5968 117
5969 96
5970 116
5971 95
5972 61
5973 15
5974 6
5975 3
5976 1
5977 4
5978 0
5979 1
5980 0
5981 1
5982 1
5983 3
5984 111
5985 111
5986 109
5987 96
5988 95
5989 105
5990 98
5991 98
5992 108
5993 127
5994 76
5995 117
5996 75
5997 7
5998 7
5999 6
6000 4
6001 5
6002 0
6003 2
6004 3
6005 1
6006 2
6007 1
6008 62
6009 48
6010 49
6011 55
6012 57
6013 60
6014 46
6015 41
6016 58
6017 44
6018 49
6019 61
6020 50
6021 6
6022 6
6023 3
6024 3
6025 11
6026 6
6027 2
6028 0
6029 2
6030 3
6031 3
6032 11
6033 4
6034 18
6035 14
6036 18
6037 11
6038 25
6039 7
6040 13
6041 16
6042 20
6043 6
6044 4
6045 1
6046 3
6047 1
6048 0
6049 2
6050 2
6051 1
6052 1
6053 1
6054 1
6055 3
6056 99
6057 105
6058 131
6059 108
6060 98
6061 107
6062 96
6063 88
6064 122
6065 104
6066 105
6067 110
6068 70
6069 9
6070 3
6071 2
6072 0
6073 2
6074 0
6075 0
6076 0
6077 2
6078 3
6079 2
6080 105
6081 111
6082 135
6083 108
6084 129
6085 119
6086 119
6087 95
6088 104
6089 94
6090 121
6091 104
6092 80
6093 8
6094 5
6095 3
6096 1
6097 4
6098 0
6099 1
6100 0
6101 1
6102 2
6103 2
6104 112
6105 80
6106 149
6107 122
6108 117
6109 99
6110 108
6111 110
6112 118
6113 130
6114 125
6115 104
6116 63
6117 9
6118 2
6119 6
6120 3
6121 3
6122 1
6123 0
6124 3
6125 2
6126 4
6127 6
6128 100
6129 113
6130 129
6131 131
6132 108
6133 116
6134 111
6135 127
6136 126
6137 105
6138 84
6139 123
6140 88
6141 12
6142 6
6143 4
6144 1
6145 3
6146 0
6147 1
6148 0
6149 1
6150 3
6151 3
6152 87
6153 105
6154 132
6155 131
6156 120
6157 116
6158 109
6159 126
6160 135
6161 137
6162 98
6163 127
6164 69
6165 13
6166 4
6167 7
6168 5
6169 4
6170 4
6171 2
6172 0
6173 0
6174 1
6175 3
6176 73
6177 42
6178 60
6179 63
6180 80
6181 64
6182 65
6183 71
6184 52
6185 51
6186 69
6187 65
6188 66
6189 9
6190 5
6191 6
6192 4
6193 6
6194 3
6195 3
6196 4
6197 3
6198 2
6199 0
6200 12
6201 11
6202 14
6203 11
6204 14
6205 14
6206 9
6207 13
6208 11
6209 11
6210 13
6211 10
6212 2
6213 1
6214 1
6215 3
6216 1
6217 1
6218 1
6219 1
6220 0
6221 1
6222 6
6223 4
6224 89
6225 106
6226 147
6227 113
6228 120
6229 101
6230 108
6231 106
6232 131
6233 104
6234 107
6235 113
6236 66
6237 6
6238 1
6239 1
6240 4
6241 3
6242 1
6243 0
6244 0
6245 2
6246 3
6247 0
6248 96
6249 124
6250 142
6251 124
6252 121
6253 119
6254 127
6255 110
6256 109
6257 90
6258 112
6259 124
6260 76
6261 15
6262 3
6263 1
6264 1
6265 2
6266 2
6267 0
6268 0
6269 1
6270 4
6271 16
6272 107
6273 115
6274 152
6275 100
6276 121
6277 123
6278 105
6279 118
6280 116
6281 130
6282 126
6283 114
6284 69
6285 12
6286 5
6287 6
6288 1
6289 3
6290 1
6291 0
6292 0
6293 1
6294 2
6295 1
6296 91
6297 107
6298 145
6299 121
6300 110
6301 121
6302 117
6303 122
6304 114
6305 99
6306 102
6307 124
6308 74
6309 13
6310 4
6311 5
6312 4
6313 3
6314 2
6315 0
6316 1
6317 0
6318 2
6319 1
6320 102
6321 133
6322 136
6323 135
6324 109
6325 123
6326 103
6327 131
6328 121
6329 129
6330 97
6331 133
6332 74
6333 14
6334 4
6335 7
6336 5
6337 8
6338 3
6339 1
6340 2
6341 2
6342 0
6343 2
6344 67
6345 37
6346 60
6347 49
6348 51
6349 44
6350 51
6351 56
6352 59
6353 56
6354 43
6355 57
6356 55
6357 17
6358 3
6359 5
6360 3
6361 12
6362 4
6363 0
6364 0
6365 2
6366 2
6367 0
6368 13
6369 6
6370 15
6371 21
6372 20
6373 14
6374 14
6375 14
6376 13
6377 10
6378 18
6379 11
6380 2
6381 3
6382 6
6383 5
6384 0
6385 3
6386 0
6387 0
6388 1
6389 1
6390 1
6391 1
6392 84
6393 108
6394 134
6395 102
6396 122
6397 108
6398 114
6399 112
6400 105
6401 119
6402 111
6403 82
6404 65
6405 8
6406 4
6407 5
6408 1
6409 3
6410 0
6411 0
6412 0
6413 0
6414 2
6415 5
6416 87
6417 96
6418 125
6419 88
6420 113
6421 103
6422 95
6423 118
6424 83
6425 91
6426 109
6427 100
6428 63
6429 8
6430 2
6431 3
6432 0
6433 2
6434 0
6435 1
6436 0
6437 0
6438 0
6439 1
6440 102
6441 102
6442 126
6443 90
6444 97
6445 96
6446 102
6447 83
6448 109
6449 107
6450 124
6451 121
6452 70
6453 11
6454 0
6455 9
6456 2
6457 5
6458 0
6459 1
6460 1
6461 1
6462 0
6463 7
6464 104
6465 113
6466 124
6467 105
6468 85
6469 98
6470 95
6471 84
6472 89
6473 121
6474 104
6475 103
6476 66
6477 16
6478 3
6479 4
6480 4
6481 4
6482 2
6483 1
6484 1
6485 1
6486 1
6487 4
6488 94
6489 110
6490 127
6491 116
6492 100
6493 83
6494 90
6495 90
6496 112
6497 106
6498 119
6499 134
6500 68
6501 16
6502 6
6503 8
6504 2
6505 9
6506 1
6507 0
6508 0
6509 1
6510 1
6511 3
6512 63
6513 51
6514 43
6515 63
6516 56
6517 52
6518 37
6519 39
6520 25
6521 39
6522 52
6523 64
6524 60
6525 8
6526 5
6527 9
6528 5
6529 8
6530 2
6531 0
6532 2
6533 2
6534 1
6535 1
6536 11
6537 8
6538 12
6539 15
6540 27
6541 16
6542 18
6543 11
6544 16
6545 12
6546 18
6547 6
6548 2
6549 4
6550 3
6551 2
6552 0
6553 5
6554 3
6555 1
6556 1
6557 1
6558 0
6559 1
6560 73
6561 63
6562 75
6563 76
6564 94
6565 77
6566 62
6567 76
6568 60
6569 52
6570 49
6571 92
6572 83
6573 30
6574 2
6575 3
6576 4
6577 8
6578 5
6579 0
6580 3
6581 0
6582 2
6583 3
6584 8
6585 14
6586 18
6587 18
6588 19
6589 15
6590 16
6591 11
6592 14
6593 16
6594 22
6595 9
6596 5
6597 3
6598 0
6599 2
6600 4
6601 1
6602 1
6603 1
6604 1
6605 2
6606 0
6607 3
6608 131
6609 150
6610 188
6611 168
6612 145
6613 140
6614 125
6615 126
6616 156
6617 169
6618 177
6619 158
6620 97
6621 18
6622 3
6623 4
6624 1
6625 1
6626 0
6627 0
6628 2
6629 0
6630 2
6631 1
6632 134
6633 144
6634 197
6635 113
6636 149
6637 149
6638 119
6639 96
6640 132
6641 183
6642 199
6643 167
6644 90
6645 28
6646 3
6647 2
6648 2
6649 2
6650 0
6651 0
6652 0
6653 0
6654 0
6655 3
6656 132
6657 153
6658 196
6659 136
6660 150
6661 158
6662 168
6663 141
6664 132
6665 164
6666 161
6667 129
6668 126
6669 31
6670 2
6671 4
6672 1
6673 2
6674 0
6675 0
6676 0
6677 4
6678 0
6679 4
6680 136
6681 176
6682 172
6683 131
6684 141
6685 118
6686 115
6687 153
6688 126
6689 174
6690 184
6691 166
6692 85
6693 24
6694 6
6695 3
6696 0
6697 2
6698 1
6699 0
6700 1
6701 2
6702 5
6703 4
6704 141
6705 148
6706 184
6707 129
6708 141
6709 150
6710 129
6711 140
6712 137
6713 179
6714 187
6715 176
6716 120
6717 20
6718 3
6719 1
6720 4
6721 4
6722 2
6723 2
6724 0
6725 2
6726 0
6727 0
6728 89
6729 57
6730 84
6731 95
6732 104
6733 93
6734 100
6735 82
6736 84
6737 109
6738 150
6739 110
6740 69
6741 10
6742 3
6743 4
6744 4
6745 7
6746 1
6747 3
6748 1
6749 2
6750 1
6751 1
6752 16
6753 14
6754 13
6755 9
6756 10
6757 17
6758 19
6759 24
6760 17
6761 19
6762 12
6763 9
6764 4
6765 6
6766 1
6767 1
6768 2
6769 2
6770 2
6771 0
6772 0
6773 1
6774 2
6775 4
6776 154
6777 128
6778 193
6779 168
6780 151
6781 130
6782 145
6783 145
6784 112
6785 190
6786 173
6787 125
6788 93
6789 28
6790 4
6791 3
6792 2
6793 1
6794 0
6795 1
6796 0
6797 0
6798 1
6799 2
6800 140
6801 181
6802 196
6803 149
6804 144
6805 125
6806 159
6807 138
6808 147
6809 184
6810 202
6811 169
6812 100
6813 22
6814 2
6815 4
6816 1
6817 2
6818 0
6819 0
6820 2
6821 0
6822 3
6823 3
6824 124
6825 174
6826 182
6827 134
6828 143
6829 130
6830 140
6831 132
6832 135
6833 187
6834 171
6835 148
6836 101
6837 18
6838 4
6839 5
6840 3
6841 5
6842 2
6843 1
6844 2
6845 2
6846 0
6847 4
6848 131
6849 140
6850 214
6851 138
6852 136
6853 145
6854 125
6855 117
6856 156
6857 167
6858 174
6859 146
6860 94
6861 18
6862 3
6863 1
6864 1
6865 1
6866 0
6867 0
6868 1
6869 1
6870 2
6871 3
6872 123
6873 147
6874 198
6875 168
6876 140
6877 129
6878 151
6879 134
6880 149
6881 187
6882 187
6883 149
6884 95
6885 25
6886 5
6887 4
6888 7
6889 8
6890 5
6891 1
6892 2
6893 0
6894 3
6895 0
6896 79
6897 62
6898 65
6899 108
6900 96
6901 75
6902 93
6903 77
6904 97
6905 72
6906 94
6907 93
6908 79
6909 26
6910 3
6911 3
6912 2
6913 6
6914 1
6915 2
6916 1
6917 5
6918 2
6919 1
6920 19
6921 8
6922 15
6923 9
6924 6
6925 7
6926 12
6927 10
6928 12
6929 13
6930 17
6931 10
6932 4
6933 2
6934 1
6935 1
6936 2
6937 1
6938 1
6939 0
6940 0
6941 0
6942 1
6943 2
6944 138
6945 170
6946 163
6947 136
6948 138
6949 129
6950 130
6951 129
6952 128
6953 164
6954 184
6955 131
6956 74
6957 9
6958 4
6959 1
6960 0
6961 1
6962 1
6963 0
6964 0
6965 0
6966 2
6967 1
6968 105
6969 149
6970 203
6971 139
6972 140
6973 146
6974 100
6975 149
6976 141
6977 169
6978 158
6979 159
6980 113
6981 16
6982 1
6983 4
6984 3
6985 0
6986 1
6987 0
6988 1
6989 2
6990 4
6991 3
6992 121
6993 159
6994 190
6995 151
6996 151
6997 127
6998 123
6999 142
7000 125
7001 193
7002 158
7003 152
7004 132
7005 32
7006 1
7007 4
7008 0
7009 1
7010 2
7011 0
7012 2
7013 1
7014 0
7015 1
7016 119
7017 179
7018 150
7019 153
7020 149
7021 122
7022 127
7023 128
7024 118
7025 182
7026 197
7027 121
7028 87
7029 21
7030 5
7031 3
7032 2
7033 4
7034 0
7035 1
7036 1
7037 2
7038 4
7039 1
7040 115
7041 162
7042 200
7043 150
7044 147
7045 152
7046 126
7047 142
7048 157
7049 180
7050 189
7051 167
7052 105
7053 25
7054 2
7055 7
7056 2
7057 6
7058 1
7059 2
7060 0
7061 0
7062 0
7063 2
7064 64
7065 58
7066 82
7067 104
7068 92
7069 95
7070 115
7071 98
7072 75
7073 83
7074 93
7075 134
7076 77
7077 4
7078 1
7079 8
7080 4
7081 9
7082 2
7083 5
7084 6
7085 3
7086 4
7087 3
7088 10
7089 8
7090 21
7091 12
7092 21
7093 22
7094 21
7095 18
7096 9
7097 9
7098 18
7099 8
7100 3
7101 5
7102 0
7103 5
7104 6
7105 6
7106 0
7107 0
7108 1
7109 2
7110 2
7111 4
7112 117
7113 156
7114 202
7115 142
7116 150
7117 131
7118 130
7119 120
7120 158
7121 160
7122 163
7123 129
7124 97
7125 27
7126 2
7127 2
7128 2
7129 3
7130 0
7131 1
7132 1
7133 3
7134 0
7135 5
7136 113
7137 165
7138 186
7139 134
7140 144
7141 137
7142 145
7143 139
7144 127
7145 170
7146 170
7147 147
7148 106
7149 23
7150 1
7151 5
7152 2
7153 4
7154 0
7155 0
7156 1
7157 0
7158 1
7159 4
7160 124
7161 132
7162 203
7163 146
7164 125
7165 138
7166 109
7167 121
7168 145
7169 165
7170 167
7171 136
7172 97
7173 25
7174 1
7175 7
7176 5
7177 5
7178 1
7179 3
7180 1
7181 1
7182 2
7183 5
7184 119
7185 140
7186 187
7187 158
7188 133
7189 139
7190 130
7191 125
7192 147
7193 172
7194 185
7195 172
7196 94
7197 20
7198 3
7199 8
7200 1
7201 7
7202 1
7203 2
7204 1
7205 1
7206 0
7207 3
7208 121
7209 129
7210 177
7211 140
7212 153
7213 135
7214 143
7215 146
7216 142
7217 172
7218 168
7219 199
7220 135
7221 25
7222 7
7223 5
7224 4
7225 9
7226 4
7227 3
7228 3
7229 3
7230 0
7231 2
7232 59
7233 84
7234 85
7235 106
7236 87
7237 75
7238 79
7239 84
7240 66
7241 82
7242 77
7243 103
7244 88
7245 18
7246 5
7247 7
7248 6
7249 9
7250 2
7251 6
7252 4
7253 2
7254 1
7255 0
7256 19
7257 6
7258 15
7259 14
7260 12
7261 10
7262 12
7263 16
7264 11
7265 18
7266 15
7267 12
7268 7
7269 1
7270 1
7271 10
7272 0
7273 4
7274 0
7275 1
7276 1
7277 3
7278 1
7279 5
7280 93
7281 163
7282 180
7283 125
7284 162
7285 156
7286 137
7287 153
7288 151
7289 185
7290 145
7291 138
7292 95
7293 20
7294 4
7295 4
7296 1
7297 9
7298 3
7299 6
7300 3
7301 4
7302 3
7303 1
7304 114
7305 44
7306 66
7307 32
7308 42
7309 41
7310 43
7311 30
7312 50
7313 85
7314 50
7315 73
7316 65
7317 16
7318 4
7319 4
7320 3
7321 6
7322 3
7323 1
7324 1
7325 2
7326 3
7327 5
7328 119
7329 155
7330 181
7331 143
7332 148
7333 121
7334 125
7335 114
7336 130
7337 160
7338 178
7339 143
7340 110
7341 20
7342 3
7343 9
7344 1
7345 4
7346 0
7347 4
7348 2
7349 2
7350 2
7351 8
7352 123
7353 137
7354 203
7355 158
7356 165
7357 125
7358 119
7359 123
7360 139
7361 182
7362 179
7363 156
7364 104
7365 26
7366 4
7367 5
7368 4
7369 4
7370 0
7371 2
7372 1
7373 3
7374 1
7375 3
7376 128
7377 124
7378 177
7379 123
7380 137
7381 144
7382 138
7383 136
7384 141
7385 173
7386 155
7387 128
7388 120
7389 23
7390 6
7391 5
7392 4
7393 7
7394 4
7395 0
7396 4
7397 2
7398 2
7399 5
7400 71
7401 52
7402 76
7403 68
7404 87
7405 62
7406 89
7407 88
7408 85
7409 71
7410 80
7411 124
7412 73
7413 5
7414 0
7415 8
7416 4
7417 8
7418 2
7419 0
7420 2
7421 0
7422 6
7423 5
7424 7
7425 8
7426 14
7427 21
7428 9
7429 9
7430 15
7431 13
7432 9
7433 12
7434 26
7435 5
7436 2
7437 6
7438 1
7439 2
7440 2
7441 1
7442 1
7443 0
7444 0
7445 4
7446 1
7447 4
7448 126
7449 157
7450 186
7451 162
7452 163
7453 126
7454 137
7455 107
7456 147
7457 135
7458 165
7459 147
7460 87
7461 17
7462 4
7463 5
7464 4
7465 5
7466 0
7467 0
7468 0
7469 3
7470 2
7471 7
7472 121
7473 171
7474 193
7475 131
7476 148
7477 132
7478 139
7479 121
7480 118
7481 189
7482 174
7483 136
7484 111
7485 22
7486 1
7487 6
7488 2
7489 2
7490 2
7491 0
7492 1
7493 3
7494 2
7495 7
7496 122
7497 173
7498 188
7499 150
7500 107
7501 141
7502 120
7503 114
7504 157
7505 166
7506 140
7507 175
7508 88
7509 16
7510 3
7511 5
7512 4
7513 5
7514 0
7515 1
7516 1
7517 2
7518 2
7519 7
7520 127
7521 131
7522 194
7523 154
7524 155
7525 141
7526 116
7527 146
7528 153
7529 122
7530 117
7531 132
7532 108
7533 29
7534 2
7535 5
7536 2
7537 3
7538 2
7539 1
7540 3
7541 2
7542 0
7543 7
7544 107
7545 111
7546 167
7547 133
7548 142
7549 155
7550 131
7551 153
7552 140
7553 137
7554 137
7555 140
7556 101
7557 24
7558 6
7559 6
7560 9
7561 7
7562 2
7563 2
7564 1
7565 1
7566 0
7567 3
7568 73
7569 61
7570 66
7571 64
7572 77
7573 88
7574 86
7575 82
7576 95
7577 77
7578 82
7579 106
7580 109
7581 17
7582 5
7583 6
7584 1
7585 12
7586 2
7587 3
7588 3
7589 3
7590 2
7591 0
7592 12
7593 19
7594 18
7595 12
7596 18
7597 16
7598 13
7599 13
7600 15
7601 16
7602 24
7603 11
7604 4
7605 3
7606 0
7607 8
7608 3
7609 5
7610 0
7611 2
7612 2
7613 1
7614 3
7615 9
7616 98
7617 110
7618 173
7619 162
7620 144
7621 140
7622 124
7623 151
7624 147
7625 121
7626 136
7627 123
7628 82
7629 24
7630 4
7631 7
7632 2
7633 2
7634 1
7635 0
7636 1
7637 1
7638 1
7639 6
7640 109
7641 110
7642 169
7643 131
7644 142
7645 126
7646 137
7647 138
7648 164
7649 115
7650 132
7651 146
7652 91
7653 39
7654 6
7655 5
7656 2
7657 6
7658 1
7659 0
7660 0
7661 1
7662 0
7663 3
7664 98
7665 109
7666 171
7667 140
7668 142
7669 125
7670 112
7671 142
7672 120
7673 120
7674 116
7675 193
7676 105
7677 17
7678 5
7679 7
7680 2
7681 7
7682 5
7683 0
7684 0
7685 3
7686 1
7687 3
7688 105
7689 104
7690 143
7691 125
7692 136
7693 126
7694 123
7695 128
7696 144
7697 103
7698 129
7699 106
7700 103
7701 25
7702 4
7703 8
7704 3
7705 5
7706 1
7707 3
7708 1
7709 1
7710 5
7711 11
7712 103
7713 112
7714 152
7715 135
7716 151
7717 135
7718 123
7719 162
7720 168
7721 142
7722 125
7723 160
7724 99
7725 19
7726 4
7727 8
7728 1
7729 7
7730 5
7731 3
7732 3
7733 1
7734 2
7735 4
7736 89
7737 57
7738 74
7739 91
7740 65
7741 83
7742 87
7743 110
7744 85
7745 75
7746 59
7747 95
7748 101
7749 29
7750 3
7751 8
7752 1
7753 9
7754 0
7755 4
7756 1
7757 4
7758 3
7759 6
7760 13
7761 6
7762 8
7763 14
7764 11
7765 19
7766 12
7767 10
7768 20
7769 17
7770 8
7771 4
7772 4
7773 6
7774 2
7775 2
7776 5
7777 4
7778 0
7779 0
7780 2
7781 2
7782 3
7783 5
7784 98
7785 91
7786 148
7787 133
7788 135
7789 134
7790 134
7791 127
7792 143
7793 102
7794 131
7795 147
7796 73
7797 23
7798 2
7799 4
7800 2
7801 3
7802 0
7803 0
7804 0
7805 1
7806 0
7807 5
7808 116
7809 107
7810 145
7811 139
7812 142
7813 120
7814 111
7815 140
7816 157
7817 131
7818 127
7819 145
7820 70
7821 19
7822 5
7823 4
7824 3
7825 5
7826 0
7827 0
7828 2
7829 1
7830 1
7831 3
7832 99
7833 108
7834 159
7835 174
7836 138
7837 134
7838 109
7839 143
7840 141
7841 128
7842 137
7843 150
7844 111
7845 27
7846 3
7847 9
7848 4
7849 5
7850 1
7851 0
7852 2
7853 0
7854 4
7855 6
7856 95
7857 135
7858 151
7859 132
7860 125
7861 122
7862 126
7863 130
7864 139
7865 137
7866 151
7867 147
7868 93
7869 20
7870 4
7871 6
7872 1
7873 4
7874 5
7875 2
7876 2
7877 3
7878 4
7879 10
7880 108
7881 112
7882 165
7883 157
7884 132
7885 140
7886 123
7887 146
7888 126
7889 180
7890 126
7891 146
7892 106
7893 13
7894 3
7895 5
7896 4
7897 12
7898 2
7899 3
7900 2
7901 2
7902 2
7903 0
7904 72
7905 55
7906 79
7907 99
7908 97
7909 94
7910 93
7911 95
7912 80
7913 99
7914 97
7915 105
7916 82
7917 15
7918 5
7919 10
7920 11
7921 10
7922 7
7923 2
7924 3
7925 5
7926 1
7927 1
7928 18
7929 11
7930 17
7931 13
7932 7
7933 12
7934 7
7935 15
7936 12
7937 14
7938 11
7939 9
7940 8
7941 5
7942 2
7943 5
7944 3
7945 2
7946 2
7947 0
7948 2
7949 3
7950 1
7951 6
7952 107
7953 148
7954 147
7955 150
7956 164
7957 159
7958 149
7959 166
7960 154
7961 136
7962 133
7963 120
7964 86
7965 26
7966 2
7967 3
7968 2
7969 5
7970 0
7971 1
7972 1
7973 0
7974 2
7975 8
7976 94
7977 112
7978 168
7979 141
7980 139
7981 139
7982 136
7983 136
7984 143
7985 122
7986 149
7987 141
7988 92
7989 24
7990 6
7991 4
7992 3
7993 3
7994 0
7995 3
7996 2
7997 0
7998 2
7999 5
8000 103
8001 143
8002 163
8003 142
8004 135
8005 142
8006 157
8007 115
8008 141
8009 119
8010 125
8011 152
8012 125
8013 26
8014 5
8015 9
8016 1
8017 5
8018 0
8019 3
8020 2
8021 0
8022 3
8023 8
8024 112
8025 122
8026 151
8027 120
8028 133
8029 132
8030 130
8031 159
8032 161
8033 137
8034 120
8035 158
8036 88
8037 14
8038 2
8039 10
8040 10
8041 8
8042 2
8043 0
8044 4
8045 4
8046 1
8047 4
8048 116
8049 111
8050 168
8051 198
8052 166
8053 115
8054 119
8055 116
8056 108
8057 147
8058 133
8059 101
8060 93
8061 19
8062 13
8063 16
8064 12
8065 12
8066 7
8067 0
8068 0
8069 1
8070 1
8071 2
8072 76
8073 46
8074 92
8075 85
8076 90
8077 83
8078 85
8079 69
8080 66
8081 81
8082 63
8083 103
8084 80
8085 10
8086 5
8087 8
8088 7
8089 12
8090 4
8091 2
8092 3
8093 3
8094 4
8095 1
8096 17
8097 9
8098 12
8099 13
8100 13
8101 14
8102 13
8103 15
8104 10
8105 16
8106 14
8107 9
8108 1
8109 2
8110 3
8111 4
8112 4
8113 6
8114 1
8115 0
8116 0
8117 1
8118 2
8119 7
8120 114
8121 116
8122 164
8123 132
8124 116
8125 100
8126 106
8127 104
8128 108
8129 113
8130 151
8131 105
8132 66
8133 13
8134 3
8135 4
8136 1
8137 3
8138 0
8139 0
8140 1
8141 1
8142 0
8143 0
8144 104
8145 125
8146 158
8147 118
8148 118
8149 111
8150 116
8151 111
8152 104
8153 135
8154 157
8155 138
8156 68
8157 8
8158 3
8159 7
8160 4
8161 5
8162 1
8163 4
8164 2
8165 2
8166 4
8167 4
8168 91
8169 105
8170 131
8171 112
8172 124
8173 115
8174 108
8175 120
8176 99
8177 121
8178 117
8179 123
8180 98
8181 17
8182 2
8183 3
8184 0
8185 3
8186 1
8187 1
8188 1
8189 0
8190 2
8191 11
8192 93
8193 119
8194 122
8195 148
8196 122
8197 120
8198 120
8199 105
8200 140
8201 125
8202 154
8203 123
8204 92
8205 8
8206 2
8207 11
8208 4
8209 6
8210 0
8211 2
8212 1
8213 3
8214 4
8215 9
8216 97
8217 130
8218 154
8219 142
8220 127
8221 109
8222 93
8223 119
8224 121
8225 140
8226 117
8227 123
8228 85
8229 7
8230 12
8231 8
8232 3
8233 13
8234 0
8235 2
8236 4
8237 1
8238 1
8239 0
8240 77
8241 56
8242 67
8243 76
8244 72
8245 84
8246 74
8247 79
8248 73
8249 64
8250 100
8251 110
8252 78
8253 10
8254 3
8255 10
8256 6
8257 15
8258 7
8259 5
8260 3
8261 4
8262 3
8263 3
8264 16
8265 3
8266 9
8267 10
8268 18
8269 16
8270 11
8271 11
8272 9
8273 16
8274 13
8275 4
8276 4
8277 2
8278 3
8279 3
8280 6
8281 3
8282 0
8283 1
8284 2
8285 2
8286 1
8287 5
8288 102
8289 111
8290 125
8291 115
8292 118
8293 95
8294 101
8295 87
8296 105
8297 126
8298 139
8299 116
8300 65
8301 16
8302 1
8303 2
8304 2
8305 3
8306 1
8307 0
8308 0
8309 2
8310 3
8311 4
8312 105
8313 113
8314 161
8315 116
8316 119
8317 133
8318 131
8319 131
8320 115
8321 141
8322 140
8323 118
8324 83
8325 17
8326 0
8327 7
8328 1
8329 3
8330 1
8331 0
8332 0
8333 2
8334 0
8335 12
8336 106
8337 124
8338 167
8339 136
8340 113
8341 120
8342 118
8343 117
8344 117
8345 127
8346 114
8347 141
8348 66
8349 8
8350 5
8351 5
8352 8
8353 4
8354 1
8355 1
8356 1
8357 2
8358 3
8359 10
8360 92
8361 133
8362 142
8363 116
8364 142
8365 125
8366 109
8367 111
8368 116
8369 122
8370 124
8371 146
8372 77
8373 8
8374 5
8375 6
8376 3
8377 5
8378 0
8379 4
8380 1
8381 2
8382 5
8383 8
8384 105
8385 118
8386 162
8387 140
8388 148
8389 115
8390 107
8391 130
8392 123
8393 135
8394 114
8395 128
8396 79
8397 19
8398 8
8399 10
8400 3
8401 10
8402 8
8403 7
8404 3
8405 1
8406 2
8407 3
8408 59
8409 38
8410 73
8411 61
8412 74
8413 57
8414 72
8415 69
8416 71
8417 60
8418 77
8419 89
8420 75
8421 12
8422 2
8423 8
8424 5
8425 13
8426 3
8427 3
8428 0
8429 3
8430 3
8431 1
8432 12
8433 8
8434 19
8435 18
8436 16
8437 15
8438 11
8439 17
8440 18
8441 8
8442 16
8443 10
8444 4
8445 2
8446 2
8447 7
8448 2
8449 4
8450 4
8451 1
8452 2
8453 1
8454 3
8455 8
8456 113
8457 125
8458 149
8459 123
8460 108
8461 112
8462 104
8463 102
8464 126
8465 137
8466 111
8467 123
8468 85
8469 12
8470 2
8471 7
8472 2
8473 2
8474 2
8475 1
8476 1
8477 1
8478 2
8479 3
8480 104
8481 119
8482 186
8483 136
8484 138
8485 131
8486 119
8487 130
8488 110
8489 118
8490 151
8491 138
8492 73
8493 22
8494 3
8495 8
8496 3
8497 4
8498 0
8499 1
8500 1
8501 2
8502 2
8503 8
8504 103
8505 133
8506 171
8507 111
8508 128
8509 138
8510 121
8511 128
8512 135
8513 133
8514 131
8515 121
8516 89
8517 12
8518 3
8519 7
8520 1
8521 5
8522 2
8523 0
8524 2
8525 2
8526 8
8527 4
8528 113
8529 139
8530 149
8531 119
8532 111
8533 117
8534 104
8535 93
8536 120
8537 145
8538 152
8539 129
8540 84
8541 8
8542 3
8543 8
8544 6
8545 10
8546 4
8547 0
8548 1
8549 1
8550 1
8551 5
8552 103
8553 130
8554 146
8555 115
8556 138
8557 135
8558 109
8559 152
8560 152
8561 130
8562 103
8563 119
8564 99
8565 25
8566 2
8567 10
8568 3
8569 4
8570 3
8571 1
8572 3
8573 3
8574 0
8575 2
8576 61
8577 33
8578 42
8579 65
8580 64
8581 73
8582 57
8583 40
8584 60
8585 62
8586 62
8587 78
8588 86
8589 15
8590 2
8591 6
8592 4
8593 8
8594 2
8595 0
8596 0
8597 1
8598 2
8599 0
8600 12
8601 7
8602 10
8603 20
8604 9
8605 9
8606 5
8607 7
8608 4
8609 6
8610 7
8611 7
8612 1
8613 1
8614 2
8615 3
8616 2
8617 4
8618 2
8619 0
8620 1
8621 0
8622 1
8623 0
8624 71
8625 28
8626 84
8627 66
8628 67
8629 49
8630 49
8631 58
8632 77
8633 51
8634 45
8635 101
8636 82
8637 15
8638 3
8639 5
8640 6
8641 9
8642 3
8643 1
8644 1
8645 0
8646 4
8647 4
8648 89
8649 46
8650 65
8651 65
8652 100
8653 84
8654 67
8655 54
8656 50
8657 64
8658 62
8659 76
8660 73
8661 11
8662 1
8663 7
8664 4
8665 5
8666 0
8667 1
8668 1
8669 2
8670 1
8671 4
8672 76
8673 88
8674 137
8675 110
8676 117
8677 124
8678 91
8679 104
8680 91
8681 117
8682 131
8683 110
8684 95
8685 24
8686 1
8687 4
8688 2
8689 3
8690 0
8691 0
8692 0
8693 0
8694 0
8695 2
8696 86
8697 87
8698 121
8699 117
8700 124
8701 91
8702 84
8703 97
8704 96
8705 108
8706 100
8707 104
8708 92
8709 20
8710 4
8711 4
8712 0
8713 5
8714 1
8715 0
8716 3
8717 0
8718 4
8719 0
8720 93
8721 89
8722 132
8723 83
8724 90
8725 116
8726 96
8727 102
8728 138
8729 114
8730 84
8731 115
8732 81
8733 16
8734 2
8735 6
8736 4
8737 8
8738 1
8739 0
8740 3
8741 0
8742 2
8743 3
8744 58
8745 24
8746 45
8747 58
8748 60
8749 67
8750 65
8751 87
8752 65
8753 57
8754 70
8755 74
8756 72
8757 9
8758 3
8759 5
8760 0
