1 1.82
2 0.00
3 54.14
4 0.00
5 0.00
6 0.00
7 0.00
8 0.00
9 13.04
10 0.00
11 0.00
12 0.00
13 0.00
14 0.00
15 0.00
16 10.45
17 0.00
18 40.45
19 0.00
20 0.00
21 31.03
22 0.00
23 0.00
24 0.00
25 24.32
26 0.00
27 0.00
28 0.00
29 0.00
30 0.00
31 57.14
32 0.18
33 1.65
34 0.59
35 0.92
36 1.42
37 1.08
38 0.92
39 1.05
40 1.42
41 1.27
42 1.48
43 1.40
44 2.04
45 48.00
46 0.00
47 6.95
48 4.90
49 11.54
50 0.00
51 0.00
52 0.00
53 0.00
54 0.00
55 0.00
56 0.38
57 3.67
58 2.31
59 2.24
60 3.58
61 2.30
62 1.48
63 2.84
64 3.64
65 5.59
66 5.08
67 4.48
68 9.27
69 10.16
70 6.27
71 0.00
72 7.45
73 0.00
74 0.00
75 0.00
76 0.00
77 2.76
78 24.49
79 0.00
80 0.42
81 10.94
82 2.91
83 3.31
84 2.63
85 2.46
86 1.65
87 2.34
88 2.76
89 3.32
90 5.84
91 2.66
92 7.49
93 23.80
94 0.00
95 47.37
96 56.69
97 0.00
98 0.00
99 0.00
100 0.00
101 0.00
102 53.73
103 0.00
104 0.47
105 2.17
106 4.48
107 2.74
108 2.72
109 2.50
110 1.41
111 2.92
112 3.66
113 3.12
114 3.09
115 7.78
116 5.95
117 33.27
118 32.00
119 0.00
120 0.00
121 0.00
122 0.00
123 0.00
124 0.00
125 0.00
126 0.00
127 52.94
128 0.33
129 18.04
130 6.66
131 2.62
132 2.73
133 3.64
134 2.09
135 2.14
136 2.64
137 3.63
138 2.84
139 2.50
140 4.12
141 8.15
142 43.90
143 0.00
144 5.80
145 0.00
146 0.00
147 0.00
148 0.00
149 1.38
150 0.00
151 35.88
152 0.22
153 5.35
154 4.08
155 2.78
156 5.71
157 1.65
158 2.24
159 2.75
160 3.72
161 3.66
162 1.88
163 2.65
164 6.26
165 5.39
166 40.91
167 0.00
168 48.65
169 27.27
170 0.00
171 0.00
172 0.00
173 0.00
174 0.00
175 0.00
176 0.00
177 0.00
178 50.00
179 0.00
180 0.00
181 0.64
182 0.00
183 0.00
184 35.29
185 0.00
186 5.71
187 9.86
188 0.00
189 0.00
190 5.01
191 0.00
192 5.97
193 0.00
194 0.00
195 0.00
196 0.00
197 1.45
198 16.11
199 4.03
200 0.35
201 4.87
202 2.20
203 2.37
204 2.34
205 1.81
206 2.31
207 2.75
208 3.62
209 4.36
210 5.43
211 3.65
212 11.96
213 25.47
214 52.17
215 0.00
216 0.00
217 0.00
218 0.00
219 0.00
220 0.00
221 0.00
222 41.14
223 48.98
224 0.49
225 4.05
226 2.35
227 2.04
228 2.83
229 3.02
230 1.93
231 2.74
232 3.19
233 3.53
234 3.48
235 2.27
236 7.75
237 24.69
238 0.00
239 0.00
240 0.00
241 0.00
242 0.00
243 0.00
244 16.22
245 0.00
246 25.35
247 0.00
248 0.61
249 6.56
250 2.26
251 2.33
252 1.63
253 2.20
254 2.66
255 2.69
256 2.17
257 3.55
258 5.08
259 4.44
260 9.67
261 8.02
262 0.00
263 59.02
264 56.25
265 0.00
266 0.00
267 0.00
268 0.00
269 0.00
270 27.07
271 21.30
272 0.69
273 6.13
274 2.40
275 2.33
276 2.07
277 2.40
278 2.07
279 3.04
280 2.91
281 5.04
282 5.55
283 2.58
284 9.82
285 25.41
286 23.23
287 0.00
288 0.00
289 0.00
290 0.00
291 0.00
292 0.00
293 0.00
294 32.43
295 0.00
296 0.66
297 2.40
298 3.08
299 2.10
300 3.09
301 2.50
302 2.37
303 2.36
304 4.86
305 3.02
306 3.28
307 2.73
308 3.94
309 6.59
310 0.00
311 0.00
312 0.00
313 0.00
314 0.00
315 0.00
316 0.00
317 0.00
318 0.00
319 0.00
320 0.54
321 2.75
322 3.66
323 4.49
324 2.54
325 5.35
326 2.62
327 3.21
328 1.48
329 2.40
330 5.43
331 2.94
332 4.54
333 26.78
334 25.00
335 6.25
336 0.00
337 26.87
338 53.73
339 4.07
340 0.00
341 0.00
342 0.00
343 0.00
344 0.00
345 0.00
346 39.34
347 0.00
348 0.32
349 52.94
350 0.00
351 1.23
352 0.00
353 0.00
354 0.00
355 0.00
356 0.00
357 0.00
358 0.00
359 24.57
360 6.96
361 0.00
362 0.00
363 0.00
364 17.73
365 0.00
366 24.91
367 0.00
368 0.81
369 5.07
370 2.97
371 2.29
372 1.92
373 2.83
374 2.53
375 2.62
376 2.62
377 2.91
378 5.14
379 3.79
380 12.80
381 17.00
382 0.00
383 37.50
384 0.00
385 0.00
386 0.00
387 0.00
388 0.00
389 0.00
390 37.50
391 0.00
392 0.82
393 5.98
394 2.36
395 2.62
396 2.15
397 3.53
398 4.06
399 4.47
400 4.58
401 3.53
402 5.24
403 6.23
404 8.76
405 6.04
406 37.50
407 0.00
408 0.00
409 0.00
410 0.00
411 0.00
412 0.00
413 0.00
414 48.00
415 10.65
416 0.78
417 3.69
418 2.14
419 2.12
420 2.82
421 3.26
422 2.40
423 2.00
424 3.43
425 3.66
426 3.65
427 4.36
428 9.57
429 23.83
430 54.55
431 13.15
432 0.00
433 0.00
434 0.00
435 0.00
436 0.00
437 0.00
438 0.00
439 55.38
440 0.58
441 4.84
442 2.18
443 1.88
444 2.54
445 3.11
446 2.30
447 4.35
448 2.94
449 3.29
450 8.39
451 2.42
452 6.99
453 22.73
454 0.00
455 20.69
456 0.00
457 0.00
458 0.00
459 0.00
460 0.00
461 0.00
462 0.00
463 40.45
464 0.59
465 4.51
466 2.46
467 2.12
468 2.53
469 2.32
470 3.29
471 2.90
472 3.22
473 3.74
474 3.88
475 4.18
476 4.31
477 16.82
478 0.00
479 17.65
480 16.51
481 0.00
482 0.00
483 0.00
484 0.00
485 0.00
486 0.00
487 0.00
488 0.28
489 20.79
490 1.09
491 1.83
492 2.71
493 2.25
494 3.20
495 2.53
496 2.55
497 2.30
498 5.40
499 3.09
500 4.64
501 11.95
502 0.00
503 35.64
504 48.00
505 0.00
506 0.00
507 0.00
508 0.00
509 0.00
510 0.00
511 5.75
512 0.00
513 0.00
514 0.33
515 0.00
516 0.00
517 0.00
518 0.00
519 0.00
520 48.65
521 0.00
522 0.00
523 0.00
524 45.57
525 0.00
526 36.00
527 0.00
528 10.43
529 0.00
530 0.00
531 0.00
532 0.00
533 0.00
534 46.15
535 8.09
536 0.61
537 4.89
538 2.01
539 1.95
540 3.40
541 2.47
542 2.85
543 3.47
544 4.14
545 5.71
546 8.56
547 9.42
548 13.86
549 34.07
550 0.00
551 54.55
552 0.00
553 0.00
554 0.00
555 0.00
556 0.00
557 0.00
558 17.22
559 15.35
560 0.83
561 4.58
562 2.06
563 1.41
564 2.38
565 3.21
566 2.69
567 3.15
568 3.47
569 3.05
570 5.19
571 3.44
572 5.20
573 22.83
574 0.00
575 0.00
576 48.65
577 0.00
578 0.00
579 0.00
580 0.00
581 0.00
582 58.06
583 44.44
584 0.66
585 3.35
586 1.59
587 1.97
588 2.97
589 3.48
590 2.58
591 2.84
592 3.99
593 4.21
594 3.51
595 5.05
596 4.00
597 12.30
598 31.30
599 0.00
600 6.81
601 0.00
602 0.00
603 0.00
604 0.00
605 2.87
606 0.00
607 0.00
608 0.21
609 0.39
610 0.36
611 1.24
612 0.77
613 2.24
614 1.68
615 0.92
616 3.09
617 0.86
618 3.68
619 2.99
620 3.59
621 32.68
622 0.00
623 0.00
624 0.00
625 0.00
626 0.00
627 0.00
628 0.00
629 2.80
630 0.00
631 12.29
632 0.42
633 1.80
634 1.86
635 2.39
636 3.11
637 2.89
638 2.80
639 3.34
640 4.91
641 3.35
642 4.47
643 2.85
644 4.48
645 9.33
646 0.00
647 16.59
648 29.75
649 0.00
650 0.00
651 0.00
652 0.00
653 0.00
654 0.00
655 24.49
656 0.20
657 14.83
658 14.30
659 1.68
660 8.27
661 3.65
662 1.84
663 4.66
664 2.62
665 4.32
666 5.70
667 3.43
668 5.24
669 10.13
670 0.00
671 2.56
672 0.00
673 4.72
674 0.00
675 0.00
676 0.00
677 0.00
678 0.00
679 0.00
680 48.00
681 0.00
682 0.00
683 51.43
684 45.86
685 40.45
686 29.51
687 16.98
688 8.39
689 0.00
690 0.00
691 0.00
692 52.94
693 0.00
694 0.00
695 0.00
696 6.72
697 0.00
698 0.00
699 0.00
700 0.00
701 0.00
702 18.75
703 11.84
704 0.80
705 2.66
706 1.99
707 2.12
708 2.78
709 3.44
710 3.72
711 2.94
712 4.01
713 3.54
714 4.50
715 6.96
716 4.28
717 30.13
718 4.25
719 0.00
720 18.75
721 0.00
722 0.00
723 0.00
724 0.00
725 4.27
726 0.00
727 9.02
728 0.61
729 2.34
730 1.52
731 1.87
732 2.05
733 2.46
734 1.98
735 2.47
736 3.02
737 3.86
738 6.37
739 5.80
740 16.42
741 41.32
742 0.00
743 0.00
744 0.00
745 0.00
746 0.00
747 0.00
748 0.00
749 0.00
750 52.94
751 25.00
752 0.51
753 7.20
754 1.56
755 1.69
756 2.12
757 2.42
758 3.13
759 2.88
760 3.47
761 2.02
762 5.04
763 4.87
764 14.05
765 15.53
766 58.06
767 0.00
768 9.21
769 43.37
770 0.00
771 6.33
772 3.17
773 0.00
774 0.00
775 29.03
776 0.44
777 3.27
778 2.52
779 1.51
780 2.43
781 3.65
782 2.50
783 2.07
784 3.60
785 4.17
786 2.24
787 4.16
788 9.93
789 10.27
790 0.00
791 0.00
792 5.45
793 37.50
794 0.00
795 0.00
796 0.00
797 3.61
798 11.69
799 6.53
800 0.65
801 2.78
802 1.68
803 1.58
804 2.42
805 2.85
806 2.99
807 4.68
808 3.29
809 3.95
810 5.47
811 2.79
812 5.75
813 10.77
814 0.00
815 31.03
816 0.00
817 0.00
818 0.00
819 0.00
820 0.00
821 0.00
822 0.00
823 41.86
824 0.26
825 5.36
826 2.11
827 4.41
828 3.04
829 3.58
830 4.18
831 1.55
832 2.88
833 3.46
834 7.33
835 3.75
836 3.16
837 5.53
838 0.00
839 0.00
840 1.55
841 15.19
842 0.00
843 0.00
844 0.00
845 0.00
846 0.00
847 0.00
848 0.00
849 52.17
850 0.00
851 0.00
852 24.66
853 3.05
854 50.00
855 52.17
856 0.00
857 36.55
858 0.00
859 43.37
860 0.00
861 0.00
862 9.77
863 6.34
864 9.74
865 0.00
866 0.00
867 14.46
868 0.00
869 1.44
870 0.00
871 53.73
872 0.54
873 4.66
874 2.00
875 1.98
876 2.00
877 2.53
878 2.96
879 3.38
880 4.42
881 4.82
882 11.72
883 10.24
884 10.31
885 25.77
886 6.26
887 0.00
888 0.00
889 0.00
890 0.00
891 10.91
892 0.00
893 3.60
894 0.00
895 0.00
896 0.48
897 3.87
898 1.82
899 2.92
900 2.36
901 2.18
902 1.83
903 2.71
904 4.80
905 4.31
906 3.74
907 6.28
908 9.10
909 14.17
910 48.65
911 0.00
912 0.00
913 0.00
914 0.00
915 0.00
916 0.00
917 2.92
918 0.00
919 0.00
920 0.50
921 4.65
922 1.40
923 1.48
924 1.82
925 3.62
926 2.22
927 2.22
928 4.42
929 4.93
930 9.43
931 4.15
932 6.05
933 16.03
934 33.03
935 40.00
936 45.86
937 0.00
938 0.00
939 0.00
940 0.00
941 0.00
942 0.00
943 34.39
944 0.74
945 3.52
946 2.18
947 1.90
948 3.67
949 2.37
950 1.89
951 2.33
952 2.44
953 3.34
954 3.60
955 3.36
956 10.72
957 12.82
958 59.02
959 0.00
960 25.17
961 0.00
962 0.00
963 0.00
964 0.00
965 0.00
966 40.91
967 14.94
968 0.51
969 2.95
970 1.82
971 1.31
972 2.72
973 1.37
974 2.33
975 2.07
976 4.67
977 5.59
978 5.43
979 3.11
980 3.62
981 12.29
982 0.00
983 39.13
984 4.48
985 0.00
986 0.00
987 0.00
988 11.39
989 2.85
990 0.00
991 31.30
992 0.28
993 4.75
994 8.92
995 3.80
996 3.84
997 2.71
998 3.68
999 2.04
1000 4.09
1001 10.30
1002 4.33
1003 3.61
1004 3.53
1005 4.59
1006 5.15
1007 0.00
1008 1.56
1009 2.04
1010 0.00
1011 0.00
1012 0.00
1013 1.93
1014 0.00
1015 0.00
1016 0.00
1017 0.00
1018 0.00
1019 0.00
1020 0.00
1021 2.39
1022 0.48
1023 0.00
1024 0.00
1025 0.00
1026 0.00
1027 0.00
1028 0.00
1029 0.00
1030 0.00
1031 0.00
1032 12.03
1033 0.00
1034 0.00
1035 0.00
1036 0.00
1037 0.00
1038 0.00
1039 0.00
1040 1.27
1041 5.49
1042 1.69
1043 2.46
1044 2.97
1045 3.16
1046 2.70
1047 2.87
1048 3.55
1049 4.64
1050 5.34
1051 12.26
1052 18.87
1053 21.26
1054 23.23
1055 0.00
1056 0.00
1057 0.00
1058 0.00
1059 0.00
1060 0.00
1061 0.00
1062 0.00
1063 0.00
1064 1.12
1065 4.22
1066 2.39
1067 2.43
1068 2.64
1069 3.27
1070 2.32
1071 2.75
1072 4.44
1073 4.75
1074 10.49
1075 3.55
1076 5.37
1077 9.30
1078 0.00
1079 0.00
1080 0.00
1081 25.35
1082 0.00
1083 0.00
1084 0.00
1085 0.00
1086 0.00
1087 33.64
1088 1.19
1089 4.09
1090 2.05
1091 2.59
1092 2.25
1093 3.40
1094 2.34
1095 3.57
1096 3.55
1097 3.98
1098 7.18
1099 2.42
1100 9.31
1101 15.24
1102 0.00
1103 0.00
1104 26.28
1105 0.00
1106 0.00
1107 0.00
1108 0.00
1109 18.46
1110 38.71
1111 4.61
1112 0.78
1113 5.69
1114 2.56
1115 2.33
1116 3.76
1117 3.03
1118 2.70
1119 2.42
1120 4.84
1121 4.44
1122 3.57
1123 3.92
1124 9.36
1125 24.98
1126 0.00
1127 0.00
1128 40.00
1129 0.00
1130 0.00
1131 0.00
1132 0.00
1133 0.00
1134 57.14
1135 7.47
1136 1.06
1137 3.08
1138 1.77
1139 2.91
1140 2.59
1141 2.58
1142 2.91
1143 3.40
1144 4.64
1145 5.11
1146 3.23
1147 2.57
1148 4.11
1149 7.96
1150 3.58
1151 0.00
1152 0.00
1153 0.00
1154 0.00
1155 0.00
1156 0.00
1157 0.00
1158 0.00
1159 7.03
1160 0.66
1161 3.32
1162 4.58
1163 3.04
1164 8.30
1165 3.77
1166 4.64
1167 4.43
1168 4.34
1169 3.71
1170 19.83
1171 4.56
1172 7.58
1173 7.29
1174 5.27
1175 0.00
1176 7.85
1177 32.14
1178 0.00
1179 0.00
1180 0.00
1181 0.00
1182 0.00
1183 6.70
1184 0.00
1185 40.68
1186 0.00
1187 0.00
1188 7.50
1189 6.04
1190 0.00
1191 23.53
1192 0.00
1193 0.00
1194 0.00
1195 0.00
1196 0.00
1197 48.65
1198 0.00
1199 0.00
1200 6.94
1201 1.71
1202 0.00
1203 0.00
1204 0.00
1205 0.00
1206 11.69
1207 2.35
1208 0.86
1209 3.64
1210 2.06
1211 1.91
1212 2.60
1213 2.46
1214 2.70
1215 2.47
1216 2.61
1217 3.88
1218 5.10
1219 10.57
1220 10.42
1221 29.92
1222 0.00
1223 52.94
1224 8.76
1225 9.47
1226 0.00
1227 0.00
1228 16.22
1229 3.11
1230 0.00
1231 0.00
1232 0.98
1233 4.12
1234 2.44
1235 2.70
1236 2.58
1237 2.29
1238 3.11
1239 1.81
1240 3.29
1241 3.10
1242 5.50
1243 4.13
1244 9.93
1245 17.85
1246 6.42
1247 0.00
1248 0.00
1249 8.00
1250 0.00
1251 0.00
1252 0.00
1253 0.00
1254 0.00
1255 0.00
1256 0.87
1257 7.06
1258 1.93
1259 1.73
1260 2.76
1261 2.60
1262 2.63
1263 2.66
1264 4.96
1265 3.71
1266 3.42
1267 4.12
1268 6.79
1269 10.85
1270 0.00
1271 23.23
1272 0.00
1273 31.86
1274 0.00
1275 0.00
1276 0.00
1277 0.00
1278 0.00
1279 0.00
1280 0.87
1281 3.09
1282 1.82
1283 2.13
1284 3.37
1285 3.17
1286 2.13
1287 2.51
1288 3.79
1289 4.10
1290 4.93
1291 2.94
1292 5.14
1293 14.07
1294 24.32
1295 0.00
1296 0.00
1297 0.00
1298 0.00
1299 0.00
1300 0.00
1301 0.00
1302 0.00
1303 26.87
1304 1.00
1305 3.79
1306 2.28
1307 1.78
1308 3.29
1309 2.41
1310 3.71
1311 3.33
1312 4.18
1313 4.52
1314 3.22
1315 3.99
1316 4.40
1317 8.18
1318 3.33
1319 50.00
1320 40.91
1321 0.00
1322 0.00
1323 0.00
1324 0.00
1325 0.00
1326 0.00
1327 0.00
1328 0.39
1329 10.35
1330 5.99
1331 7.35
1332 15.50
1333 27.40
1334 3.11
1335 4.08
1336 2.42
1337 3.62
1338 12.54
1339 2.82
1340 2.99
1341 5.16
1342 0.78
1343 0.00
1344 15.06
1345 32.14
1346 0.00
1347 0.00
1348 0.00
1349 0.00
1350 0.00
1351 0.00
1352 0.00
1353 0.00
1354 0.00
1355 51.43
1356 49.32
1357 0.00
1358 0.00
1359 0.39
1360 0.00
1361 0.00
1362 0.00
1363 0.00
1364 0.00
1365 0.00
1366 48.00
1367 0.00
1368 6.83
1369 0.00
1370 0.00
1371 0.00
1372 0.00
1373 0.00
1374 40.22
1375 6.55
1376 1.02
1377 5.47
1378 3.68
1379 2.58
1380 2.39
1381 2.30
1382 3.77
1383 2.51
1384 4.59
1385 7.63
1386 4.66
1387 9.48
1388 15.46
1389 24.79
1390 0.00
1391 0.00
1392 48.98
1393 0.00
1394 0.00
1395 0.00
1396 0.00
1397 23.23
1398 52.94
1399 11.88
1400 0.65
1401 3.81
1402 2.18
1403 2.17
1404 2.55
1405 3.44
1406 4.04
1407 3.18
1408 6.06
1409 4.31
1410 4.58
1411 4.49
1412 6.33
1413 37.20
1414 52.94
1415 0.00
1416 0.00
1417 5.88
1418 0.00
1419 0.00
1420 0.00
1421 0.00
1422 5.10
1423 47.37
1424 1.96
1425 8.13
1426 2.14
1427 1.69
1428 2.38
1429 2.83
1430 3.61
1431 2.72
1432 3.94
1433 4.02
1434 3.77
1435 3.79
1436 5.68
1437 10.80
1438 9.29
1439 0.00
1440 0.00
1441 7.42
1442 0.00
1443 0.00
1444 0.00
1445 3.16
1446 37.50
1447 32.29
1448 2.23
1449 5.34
1450 2.86
1451 2.10
1452 2.01
1453 2.34
1454 2.76
1455 3.08
1456 3.85
1457 3.89
1458 4.45
1459 3.69
1460 4.42
1461 3.98
1462 0.00
1463 0.00
1464 33.75
1465 0.26
1466 0.00
1467 0.00
1468 0.00
1469 4.18
1470 0.00
1471 4.49
1472 0.75
1473 9.28
1474 5.52
1475 14.21
1476 2.51
1477 2.53
1478 3.83
1479 3.26
1480 3.32
1481 9.81
1482 7.15
1483 5.28
1484 4.63
1485 9.44
1486 7.09
1487 0.00
1488 49.32
1489 0.54
1490 0.00
1491 0.45
1492 0.00
1493 0.00
1494 1.88
1495 0.00
1496 0.00
1497 0.00
1498 10.33
1499 0.00
1500 0.00
1501 0.00
1502 0.00
1503 0.00
1504 0.00
1505 0.00
1506 0.00
1507 0.00
1508 0.00
1509 22.09
1510 0.00
1511 0.00
1512 7.06
1513 0.00
1514 0.00
1515 15.32
1516 0.00
1517 0.00
1518 28.35
1519 15.00
1520 2.75
1521 9.65
1522 3.98
1523 4.70
1524 0.33
1525 3.25
1526 4.98
1527 3.93
1528 5.56
1529 6.87
1530 15.91
1531 15.01
1532 17.29
1533 12.18
1534 0.00
1535 0.00
1536 0.00
1537 0.00
1538 0.00
1539 0.00
1540 0.00
1541 0.00
1542 27.62
1543 0.00
1544 0.28
1545 12.96
1546 9.88
1547 5.76
1548 4.15
1549 4.10
1550 0.52
1551 2.76
1552 10.14
1553 15.52
1554 16.23
1555 23.25
1556 34.34
1557 30.68
1558 0.00
1559 0.00
1560 0.00
1561 0.00
1562 0.00
1563 0.00
1564 0.00
1565 0.00
1566 44.44
1567 28.35
1568 0.12
1569 23.11
1570 4.28
1571 3.88
1572 4.05
1573 4.05
1574 3.01
1575 3.31
1576 9.56
1577 11.73
1578 14.53
1579 23.45
1580 10.18
1581 10.44
1582 45.96
1583 0.00
1584 0.00
1585 51.43
1586 0.00
1587 0.00
1588 0.00
1589 0.00
1590 36.86
1591 21.69
1592 0.13
1593 17.12
1594 5.59
1595 5.64
1596 5.44
1597 3.64
1598 2.79
1599 3.44
1600 9.46
1601 4.44
1602 13.49
1603 19.93
1604 7.67
1605 11.76
1606 0.00
1607 0.00
1608 15.65
1609 0.00
1610 0.00
1611 0.00
1612 0.00
1613 0.00
1614 0.00
1615 3.01
1616 0.12
1617 16.22
1618 6.55
1619 2.06
1620 3.99
1621 4.45
1622 4.51
1623 5.66
1624 9.66
1625 11.68
1626 10.42
1627 18.43
1628 13.83
1629 12.88
1630 52.17
1631 8.48
1632 4.65
1633 0.00
1634 0.00
1635 0.00
1636 0.00
1637 0.00
1638 0.00
1639 0.00
1640 0.12
1641 28.74
1642 43.53
1643 12.74
1644 11.24
1645 15.81
1646 24.38
1647 4.37
1648 10.34
1649 13.13
1650 19.17
1651 10.64
1652 6.54
1653 15.49
1654 0.00
1655 30.25
1656 0.00
1657 0.00
1658 0.00
1659 0.00
1660 0.00
1661 0.00
1662 0.00
1663 0.00
1664 0.00
1665 50.70
1666 38.71
1667 0.00
1668 9.76
1669 0.00
1670 13.64
1671 0.49
1672 0.00
1673 30.77
1674 0.00
1675 0.00
1676 15.58
1677 32.73
1678 0.00
1679 52.17
1680 0.00
1681 0.00
1682 0.00
1683 0.00
1684 0.00
1685 0.00
1686 0.00
1687 0.00
1688 0.11
1689 11.21
1690 1.05
1691 1.35
1692 0.76
1693 0.81
1694 1.25
1695 2.07
1696 3.03
1697 19.33
1698 47.71
1699 11.88
1700 6.24
1701 16.55
1702 0.00
1703 8.89
1704 0.00
1705 0.00
1706 0.00
1707 0.00
1708 0.00
1709 0.00
1710 11.76
1711 8.58
1712 0.13
1713 26.85
1714 9.08
1715 3.50
1716 3.82
1717 4.19
1718 4.38
1719 5.08
1720 8.48
1721 11.06
1722 14.64
1723 19.70
1724 10.82
1725 16.40
1726 0.00
1727 0.00
1728 0.00
1729 0.00
1730 0.00
1731 0.00
1732 0.00
1733 0.00
1734 18.80
1735 0.00
1736 0.14
1737 30.49
1738 6.07
1739 3.77
1740 11.05
1741 2.41
1742 10.00
1743 23.56
1744 9.04
1745 7.95
1746 8.07
1747 19.38
1748 17.01
1749 14.14
1750 44.44
1751 43.90
1752 51.93
1753 0.00
1754 0.00
1755 0.00
1756 0.00
1757 0.00
1758 59.02
1759 0.00
1760 0.15
1761 35.52
1762 22.49
1763 3.06
1764 10.90
1765 14.57
1766 10.18
1767 14.26
1768 11.73
1769 5.43
1770 4.01
1771 11.19
1772 4.20
1773 40.76
1774 36.36
1775 0.00
1776 0.00
1777 0.00
1778 0.00
1779 0.00
1780 0.00
1781 0.00
1782 20.34
1783 10.23
1784 0.13
1785 2.18
1786 3.64
1787 2.60
1788 3.44
1789 2.60
1790 4.27
1791 3.87
1792 6.08
1793 4.26
1794 10.95
1795 23.52
1796 3.34
1797 5.08
1798 1.23
1799 0.00
1800 2.26
1801 0.41
1802 0.00
1803 0.00
1804 0.00
1805 0.00
1806 0.00
1807 0.00
1808 0.12
1809 7.95
1810 13.28
1811 4.32
1812 2.55
1813 2.15
1814 3.13
1815 3.41
1816 5.95
1817 14.44
1818 10.24
1819 8.08
1820 2.53
1821 3.55
1822 0.00
1823 52.17
1824 0.00
1825 9.05
1826 0.00
1827 22.93
1828 0.00
1829 0.00
1830 0.00
1831 0.00
1832 0.00
1833 47.37
1834 0.00
1835 0.71
1836 0.47
1837 0.00
1838 0.00
1839 0.00
1840 0.00
1841 0.00
1842 0.00
1843 27.27
1844 0.00
1845 46.75
1846 0.00
1847 52.17
1848 8.02
1849 0.00
1850 0.00
1851 0.00
1852 0.00
1853 0.00
1854 41.14
1855 8.87
1856 0.15
1857 9.30
1858 5.28
1859 2.67
1860 2.33
1861 2.86
1862 3.15
1863 2.53
1864 4.66
1865 3.44
1866 15.84
1867 14.43
1868 7.85
1869 23.00
1870 25.90
1871 0.00
1872 0.00
1873 0.00
1874 0.00
1875 0.00
1876 0.00
1877 0.00
1878 20.69
1879 0.00
1880 0.13
1881 10.81
1882 2.44
1883 2.86
1884 1.81
1885 4.40
1886 2.60
1887 4.60
1888 5.29
1889 8.70
1890 9.56
1891 19.07
1892 16.95
1893 8.36
1894 39.13
1895 41.14
1896 47.37
1897 0.00
1898 0.00
1899 0.00
1900 0.00
1901 0.00
1902 24.00
1903 0.00
1904 0.13
1905 13.25
1906 3.07
1907 4.12
1908 2.42
1909 2.45
1910 3.25
1911 3.97
1912 9.15
1913 3.84
1914 6.48
1915 29.11
1916 31.80
1917 33.62
1918 0.00
1919 0.00
1920 31.86
1921 0.00
1922 0.00
1923 0.00
1924 0.00
1925 0.00
1926 31.17
1927 39.56
1928 0.12
1929 21.14
1930 2.56
1931 3.98
1932 1.73
1933 2.70
1934 1.75
1935 4.24
1936 3.90
1937 3.64
1938 3.86
1939 33.56
1940 11.47
1941 39.27
1942 21.30
1943 0.00
1944 0.00
1945 0.00
1946 0.00
1947 0.00
1948 0.00
1949 0.00
1950 34.29
1951 0.00
1952 0.13
1953 18.01
1954 9.18
1955 2.71
1956 3.36
1957 4.68
1958 4.88
1959 4.00
1960 5.62
1961 9.44
1962 11.93
1963 38.83
1964 4.05
1965 3.76
1966 0.00
1967 0.00
1968 0.00
1969 10.17
1970 0.00
1971 0.00
1972 1.05
1973 0.00
1974 0.00
1975 0.00
1976 0.10
1977 1.41
1978 16.06
1979 14.62
1980 5.86
1981 4.46
1982 3.86
1983 2.15
1984 4.42
1985 9.23
1986 8.98
1987 33.69
1988 3.95
1989 3.18
1990 0.00
1991 0.00
1992 0.00
1993 5.21
1994 0.00
1995 0.00
1996 0.00
1997 0.00
1998 0.00
1999 0.00
2000 0.00
2001 0.00
2002 0.00
2003 0.00
2004 0.00
2005 0.00
2006 0.89
2007 2.09
2008 0.30
2009 0.00
2010 0.00
2011 0.00
2012 34.62
2013 0.00
2014 5.33
2015 0.00
2016 6.94
2017 5.80
2018 0.00
2019 0.00
2020 0.00
2021 1.65
2022 0.00
2023 46.45
2024 0.46
2025 16.35
2026 4.39
2027 0.93
2028 4.15
2029 3.48
2030 3.80
2031 4.70
2032 5.73
2033 6.62
2034 1.21
2035 4.78
2036 6.64
2037 14.81
2038 0.00
2039 0.00
2040 56.25
2041 2.31
2042 3.10
2043 0.00
2044 0.00
2045 0.00
2046 5.16
2047 11.18
2048 2.12
2049 4.81
2050 2.33
2051 2.57
2052 2.22
2053 2.89
2054 2.89
2055 2.88
2056 3.50
2057 2.49
2058 2.66
2059 2.74
2060 4.18
2061 15.48
2062 0.00
2063 0.00
2064 0.00
2065 9.05
2066 0.00
2067 0.00
2068 57.14
2069 0.00
2070 0.00
2071 0.00
2072 2.93
2073 4.86
2074 1.88
2075 1.48
2076 2.70
2077 2.44
2078 2.41
2079 2.88
2080 5.25
2081 4.44
2082 3.00
2083 3.44
2084 8.03
2085 32.61
2086 8.33
2087 28.46
2088 0.00
2089 6.67
2090 0.00
2091 0.00
2092 0.00
2093 0.00
2094 3.94
2095 44.44
2096 3.54
2097 4.21
2098 1.62
2099 2.25
2100 2.84
2101 3.03
2102 2.34
2103 2.99
2104 3.91
2105 2.21
2106 4.37
2107 4.17
2108 6.47
2109 8.46
2110 0.00
2111 0.00
2112 0.00
2113 0.00
2114 24.16
2115 0.00
2116 0.00
2117 0.00
2118 0.00
2119 0.00
2120 1.53
2121 4.51
2122 2.67
2123 1.88
2124 2.81
2125 2.62
2126 2.28
2127 3.40
2128 4.27
2129 2.82
2130 5.25
2131 3.33
2132 3.92
2133 4.94
2134 0.68
2135 0.00
2136 0.00
2137 0.69
2138 0.00
2139 0.00
2140 0.00
2141 0.00
2142 0.00
2143 0.00
2144 0.79
2145 11.84
2146 10.64
2147 4.64
2148 3.98
2149 3.37
2150 3.35
2151 4.37
2152 2.69
2153 3.69
2154 2.85
2155 3.42
2156 2.83
2157 12.89
2158 14.81
2159 0.78
2160 0.00
2161 0.94
2162 30.13
2163 9.55
2164 0.00
2165 0.00
2166 0.00
2167 0.00
2168 0.00
2169 0.00
2170 27.07
2171 36.99
2172 3.42
2173 0.97
2174 0.00
2175 0.00
2176 49.32
2177 0.00
2178 0.00
2179 31.58
2180 0.00
2181 51.43
2182 0.00
2183 0.00
2184 7.38
2185 0.00
2186 5.50
2187 0.00
2188 0.00
2189 0.00
2190 3.01
2191 32.14
2192 2.62
2193 6.43
2194 2.41
2195 3.42
2196 2.52
2197 2.55
2198 2.28
2199 2.98
2200 4.83
2201 3.87
2202 5.29
2203 4.57
2204 12.31
2205 33.91
2206 21.82
2207 48.65
2208 0.00
2209 0.00
2210 0.00
2211 0.00
2212 0.00
2213 0.00
2214 0.00
2215 0.00
2216 3.77
2217 3.35
2218 2.16
2219 3.17
2220 2.77
2221 2.33
2222 2.50
2223 1.95
2224 2.98
2225 4.32
2226 4.00
2227 2.79
2228 5.09
2229 35.71
2230 0.00
2231 0.00
2232 0.00
2233 0.00
2234 0.00
2235 0.00
2236 0.00
2237 0.00
2238 0.00
2239 0.00
2240 1.18
2241 5.56
2242 2.76
2243 2.76
2244 3.53
2245 2.97
2246 2.30
2247 2.06
2248 3.28
2249 6.53
2250 3.61
2251 2.92
2252 13.01
2253 21.32
2254 0.00
2255 0.00
2256 0.00
2257 0.00
2258 0.00
2259 0.00
2260 0.00
2261 0.00
2262 0.00
2263 0.00
2264 7.00
2265 6.62
2266 2.40
2267 2.02
2268 2.75
2269 2.76
2270 1.85
2271 2.97
2272 4.00
2273 3.41
2274 2.54
2275 3.20
2276 5.71
2277 4.84
2278 0.00
2279 0.00
2280 0.00
2281 0.00
2282 0.00
2283 0.00
2284 0.00
2285 0.00
2286 0.00
2287 0.00
2288 0.42
2289 0.68
2290 1.19
2291 1.12
2292 1.94
2293 7.68
2294 1.93
2295 1.06
2296 2.67
2297 4.28
2298 3.01
2299 2.69
2300 5.10
2301 4.99
2302 0.00
2303 0.00
2304 0.00
2305 0.00
2306 0.00
2307 0.00
2308 0.00
2309 0.00
2310 0.00
2311 0.00
2312 0.65
2313 0.65
2314 7.17
2315 1.60
2316 1.97
2317 1.84
2318 1.61
2319 2.23
2320 2.20
2321 3.00
2322 4.04
2323 3.40
2324 4.72
2325 24.12
2326 0.00
2327 0.00
2328 0.00
2329 0.00
2330 0.00
2331 0.00
2332 0.00
2333 0.00
2334 0.00
2335 0.00
2336 0.00
2337 0.00
2338 0.00
2339 0.00
2340 0.00
2341 0.00
2342 0.00
2343 0.00
2344 0.00
2345 0.00
2346 0.00
2347 0.00
2348 0.00
2349 0.00
2350 0.00
2351 0.00
2352 0.00
2353 0.00
2354 0.00
2355 0.00
2356 0.00
2357 0.00
2358 0.00
2359 0.00
2360 0.28
2361 0.31
2362 0.27
2363 0.84
2364 1.00
2365 0.85
2366 0.95
2367 0.60
2368 1.00
2369 1.77
2370 1.09
2371 15.28
2372 2.84
2373 22.40
2374 0.00
2375 0.00
2376 0.00
2377 0.00
2378 0.00
2379 0.00
2380 0.00
2381 0.00
2382 30.25
2383 0.00
2384 3.08
2385 4.90
2386 1.39
2387 2.83
2388 2.77
2389 3.15
2390 2.08
2391 3.72
2392 3.22
2393 3.97
2394 8.85
2395 2.80
2396 4.82
2397 20.39
2398 0.00
2399 0.00
2400 0.00
2401 0.00
2402 0.00
2403 0.00
2404 0.00
2405 0.00
2406 25.17
2407 0.00
2408 4.21
2409 3.15
2410 1.50
2411 1.71
2412 1.96
2413 2.04
2414 2.42
2415 2.20
2416 2.37
2417 3.62
2418 4.96
2419 3.28
2420 8.13
2421 16.44
2422 59.02
2423 23.84
2424 0.00
2425 0.00
2426 21.56
2427 0.00
2428 0.00
2429 16.07
2430 0.00
2431 48.00
2432 5.03
2433 3.56
2434 2.71
2435 2.12
2436 2.12
2437 2.30
2438 2.03
2439 2.52
2440 2.77
2441 3.53
2442 3.06
2443 3.46
2444 3.80
2445 5.80
2446 0.00
2447 0.00
2448 58.06
2449 42.35
2450 0.00
2451 0.00
2452 0.00
2453 0.00
2454 0.00
2455 39.56
2456 2.91
2457 2.31
2458 2.24
2459 1.68
2460 2.22
2461 2.90
2462 2.64
2463 2.73
2464 3.26
2465 3.21
2466 2.71
2467 1.93
2468 4.66
2469 10.29
2470 53.73
2471 6.65
2472 56.25
2473 0.00
2474 0.00
2475 0.00
2476 0.00
2477 0.00
2478 0.00
2479 0.31
2480 1.23
2481 2.25
2482 5.31
2483 0.72
2484 2.34
2485 2.31
2486 3.77
2487 3.12
2488 1.89
2489 3.16
2490 6.50
2491 2.99
2492 4.26
2493 5.70
2494 0.00
2495 50.70
2496 48.98
2497 37.50
2498 44.44
2499 0.00
2500 0.00
2501 0.00
2502 0.00
2503 0.00
2504 0.00
2505 0.00
2506 10.08
2507 34.29
2508 0.00
2509 0.00
2510 27.27
2511 41.38
2512 0.00
2513 52.17
2514 27.91
2515 28.35
2516 50.70
2517 37.89
2518 0.00
2519 0.00
2520 0.00
2521 0.00
2522 0.00
2523 16.44
2524 0.00
2525 0.00
2526 23.53
2527 0.00
2528 1.49
2529 11.50
2530 1.61
2531 1.19
2532 2.34
2533 2.24
2534 1.85
2535 2.30
2536 2.22
2537 1.14
2538 1.32
2539 2.25
2540 3.95
2541 2.91
2542 0.00
2543 0.00
2544 0.00
2545 0.00
2546 0.00
2547 0.00
2548 0.00
2549 16.51
2550 18.95
2551 39.70
2552 2.21
2553 4.46
2554 2.51
2555 2.20
2556 2.88
2557 3.27
2558 2.44
2559 3.03
2560 3.13
2561 3.02
2562 2.15
2563 3.26
2564 8.66
2565 26.67
2566 0.00
2567 0.00
2568 0.00
2569 0.00
2570 0.00
2571 0.00
2572 0.00
2573 0.00
2574 19.67
2575 44.44
2576 1.95
2577 2.58
2578 1.65
2579 1.60
2580 2.24
2581 2.37
2582 2.10
2583 2.83
2584 3.93
2585 3.28
2586 3.15
2587 2.84
2588 5.60
2589 7.71
2590 0.00
2591 0.00
2592 0.00
2593 0.00
2594 0.00
2595 0.00
2596 0.00
2597 0.00
2598 28.12
2599 25.90
2600 2.07
2601 3.98
2602 1.38
2603 2.14
2604 2.85
2605 2.81
2606 2.43
2607 2.33
2608 4.35
2609 4.82
2610 4.07
2611 3.41
2612 6.00
2613 3.95
2614 0.00
2615 0.00
2616 9.52
2617 0.00
2618 0.00
2619 0.00
2620 0.00
2621 0.00
2622 0.00
2623 0.00
2624 5.91
2625 5.21
2626 1.99
2627 1.74
2628 1.80
2629 2.20
2630 2.24
2631 2.40
2632 3.75
2633 2.35
2634 3.24
2635 2.19
2636 3.21
2637 3.55
2638 25.53
2639 2.13
2640 0.00
2641 34.29
2642 0.00
2643 0.00
2644 0.00
2645 0.00
2646 0.00
2647 0.00
2648 1.60
2649 14.53
2650 1.86
2651 3.54
2652 3.03
2653 2.31
2654 2.08
2655 2.04
2656 2.16
2657 2.90
2658 2.25
2659 1.32
2660 2.26
2661 3.27
2662 41.38
2663 0.00
2664 2.47
2665 1.03
2666 1.05
2667 0.00
2668 57.14
2669 0.00
2670 0.00
2671 0.00
2672 0.00
2673 0.00
2674 0.00
2675 0.00
2676 6.52
2677 0.00
2678 0.00
2679 0.00
2680 0.00
2681 51.43
2682 0.00
2683 0.00
2684 0.00
2685 0.00
2686 0.00
2687 0.00
2688 0.00
2689 0.00
2690 0.00
2691 17.39
2692 0.00
2693 0.00
2694 22.93
2695 14.29
2696 1.89
2697 3.53
2698 1.85
2699 1.23
2700 1.62
2701 2.26
2702 1.54
2703 2.08
2704 2.37
2705 2.37
2706 2.49
2707 8.89
2708 5.52
2709 11.56
2710 0.00
2711 0.00
2712 0.00
2713 0.00
2714 0.00
2715 0.00
2716 0.00
2717 0.00
2718 22.50
2719 0.00
2720 4.73
2721 3.11
2722 1.84
2723 1.52
2724 2.07
2725 2.50
2726 1.94
2727 1.90
2728 2.72
2729 2.22
2730 4.70
2731 7.88
2732 7.44
2733 4.55
2734 0.00
2735 0.00
2736 0.00
2737 0.00
2738 0.00
2739 0.00
2740 0.00
2741 0.00
2742 0.00
2743 0.00
2744 0.27
2745 0.24
2746 0.24
2747 0.57
2748 0.46
2749 0.34
2750 0.58
2751 0.95
2752 0.86
2753 1.05
2754 0.75
2755 1.45
2756 3.24
2757 18.26
2758 0.00
2759 0.00
2760 0.00
2761 0.00
2762 14.63
2763 0.00
2764 0.00
2765 0.00
2766 19.78
2767 26.87
2768 1.97
2769 1.83
2770 1.48
2771 1.60
2772 1.64
2773 2.27
2774 1.64
2775 2.13
2776 2.76
2777 3.09
2778 2.94
2779 3.11
2780 9.30
2781 11.35
2782 0.00
2783 0.00
2784 0.00
2785 0.00
2786 0.00
2787 0.00
2788 0.00
2789 0.00
2790 37.11
2791 10.14
2792 2.77
2793 4.06
2794 1.88
2795 2.29
2796 2.66
2797 2.20
2798 2.08
2799 2.25
2800 3.03
2801 2.19
2802 1.99
2803 2.55
2804 4.00
2805 5.40
2806 0.00
2807 0.00
2808 0.00
2809 57.14
2810 0.00
2811 0.00
2812 0.00
2813 0.00
2814 0.00
2815 0.00
2816 0.65
2817 1.48
2818 1.30
2819 2.72
2820 1.61
2821 1.69
2822 2.99
2823 6.32
2824 1.87
2825 2.95
2826 6.98
2827 2.80
2828 5.19
2829 7.33
2830 21.82
2831 57.14
2832 34.95
2833 0.00
2834 0.00
2835 0.00
2836 0.00
2837 0.00
2838 0.00
2839 0.00
2840 0.00
2841 0.00
2842 0.00
2843 48.65
2844 29.27
2845 45.57
2846 40.45
2847 3.19
2848 46.75
2849 0.00
2850 0.00
2851 0.00
2852 0.00
2853 0.00
2854 0.00
2855 0.00
2856 0.00
2857 0.00
2858 0.00
2859 15.79
2860 0.00
2861 0.00
2862 20.57
2863 33.33
2864 4.40
2865 3.01
2866 1.96
2867 1.41
2868 2.53
2869 2.30
2870 2.79
2871 1.73
2872 3.44
2873 2.75
2874 3.01
2875 5.00
2876 18.23
2877 33.26
2878 0.00
2879 59.02
2880 0.00
2881 0.00
2882 0.00
2883 0.00
2884 0.00
2885 0.00
2886 17.78
2887 0.00
2888 1.43
2889 6.44
2890 3.22
2891 1.98
2892 1.86
2893 2.18
2894 1.68
2895 2.98
2896 2.61
2897 3.12
2898 4.04
2899 5.16
2900 7.10
2901 41.45
2902 50.00
2903 0.00
2904 0.00
2905 0.00
2906 0.00
2907 22.93
2908 0.00
2909 0.00
2910 26.28
2911 26.28
2912 4.33
2913 5.40
2914 3.64
2915 2.20
2916 2.03
2917 1.99
2918 2.28
2919 2.32
2920 2.65
2921 3.58
2922 4.46
2923 2.83
2924 6.87
2925 22.81
2926 0.00
2927 0.00
2928 0.00
2929 0.00
2930 0.00
2931 0.00
2932 0.00
2933 28.35
2934 25.35
2935 0.00
2936 2.15
2937 4.03
2938 2.01
2939 1.57
2940 3.23
2941 2.43
2942 1.92
2943 2.20
2944 3.27
2945 3.13
2946 2.21
2947 2.86
2948 4.41
2949 20.00
2950 8.24
2951 59.02
2952 0.00
2953 0.00
2954 0.00
2955 0.00
2956 0.00
2957 0.00
2958 0.00
2959 23.61
2960 2.56
2961 5.77
2962 1.49
2963 2.01
2964 2.09
2965 2.16
2966 2.59
2967 1.63
2968 2.53
2969 2.77
2970 2.98
2971 2.14
2972 3.80
2973 7.58
2974 0.00
2975 0.00
2976 0.00
2977 0.00
2978 0.00
2979 0.00
2980 0.00
2981 0.00
2982 0.00
2983 0.00
2984 0.93
2985 21.28
2986 24.19
2987 2.74
2988 1.60
2989 2.22
2990 2.84
2991 1.38
2992 2.62
2993 9.81
2994 2.84
2995 2.13
2996 3.79
2997 7.45
2998 33.03
2999 45.00
3000 2.44
3001 3.11
3002 0.00
3003 0.00
3004 0.00
3005 0.00
3006 0.00
3007 0.00
3008 48.65
3009 0.00
3010 0.00
3011 0.00
3012 0.00
3013 47.37
3014 0.00
3015 50.70
3016 0.00
3017 0.00
3018 0.00
3019 0.00
3020 36.00
3021 0.00
3022 0.00
3023 0.00
3024 43.37
3025 0.00
3026 0.00
3027 0.00
3028 0.00
3029 19.67
3030 0.00
3031 6.65
3032 3.07
3033 5.84
3034 2.73
3035 1.83
3036 2.23
3037 2.30
3038 2.72
3039 2.86
3040 2.30
3041 3.92
3042 2.84
3043 5.36
3044 16.46
3045 43.37
3046 0.00
3047 0.00
3048 0.00
3049 0.00
3050 0.00
3051 0.00
3052 0.00
3053 0.00
3054 34.45
3055 0.00
3056 2.48
3057 3.61
3058 2.16
3059 1.54
3060 4.16
3061 2.18
3062 3.15
3063 2.50
3064 2.18
3065 3.07
3066 3.77
3067 3.30
3068 9.22
3069 15.58
3070 0.00
3071 53.73
3072 59.02
3073 0.00
3074 0.00
3075 16.00
3076 0.00
3077 0.00
3078 12.86
3079 24.66
3080 3.76
3081 5.11
3082 2.12
3083 1.61
3084 2.33
3085 2.73
3086 2.66
3087 2.63
3088 4.32
3089 3.41
3090 3.23
3091 2.89
3092 14.55
3093 12.31
3094 0.00
3095 0.00
3096 0.00
3097 0.00
3098 0.00
3099 0.00
3100 0.00
3101 0.00
3102 12.77
3103 0.00
3104 5.21
3105 3.24
3106 2.81
3107 2.01
3108 2.01
3109 2.51
3110 2.74
3111 2.54
3112 3.02
3113 3.48
3114 3.87
3115 3.32
3116 6.48
3117 30.32
3118 0.00
3119 44.44
3120 52.17
3121 0.00
3122 0.00
3123 0.00
3124 0.00
3125 0.00
3126 0.00
3127 10.68
3128 5.20
3129 6.41
3130 1.85
3131 2.12
3132 2.34
3133 2.64
3134 2.02
3135 2.65
3136 2.16
3137 2.98
3138 2.21
3139 2.51
3140 3.14
3141 4.83
3142 0.00
3143 0.00
3144 47.37
3145 51.43
3146 0.00
3147 0.00
3148 0.00
3149 0.00
3150 48.65
3151 0.00
3152 0.77
3153 6.42
3154 5.19
3155 3.91
3156 2.50
3157 2.14
3158 3.30
3159 2.27
3160 2.05
3161 3.07
3162 5.94
3163 3.64
3164 4.44
3165 6.68
3166 57.14
3167 0.57
3168 0.00
3169 0.32
3170 0.00
3171 0.00
3172 0.00
3173 0.00
3174 0.00
3175 0.00
3176 0.00
3177 0.00
3178 0.00
3179 0.00
3180 0.00
3181 0.88
3182 0.00
3183 0.00
3184 0.00
3185 0.00
3186 0.00
3187 0.00
3188 0.00
3189 40.91
3190 0.00
3191 0.00
3192 0.00
3193 0.00
3194 0.00
3195 17.14
3196 0.00
3197 0.00
3198 18.70
3199 48.65
3200 4.15
3201 3.77
3202 1.29
3203 1.99
3204 2.12
3205 2.42
3206 2.06
3207 2.72
3208 3.53
3209 3.94
3210 2.57
3211 3.38
3212 5.96
3213 16.37
3214 50.00
3215 0.00
3216 0.00
3217 0.00
3218 0.00
3219 0.00
3220 0.00
3221 0.00
3222 25.35
3223 24.83
3224 3.01
3225 9.67
3226 1.24
3227 3.02
3228 2.42
3229 2.99
3230 2.44
3231 2.34
3232 2.45
3233 2.10
3234 2.32
3235 4.73
3236 8.63
3237 15.14
3238 0.00
3239 0.00
3240 0.00
3241 0.00
3242 0.00
3243 0.00
3244 0.00
3245 0.00
3246 24.49
3247 0.00
3248 2.23
3249 3.88
3250 1.53
3251 1.72
3252 2.76
3253 2.53
3254 2.71
3255 3.47
3256 3.09
3257 3.58
3258 3.43
3259 3.86
3260 10.95
3261 18.58
3262 0.00
3263 0.00
3264 0.00
3265 0.00
3266 0.00
3267 0.00
3268 0.00
3269 16.36
3270 0.00
3271 35.29
3272 5.21
3273 3.82
3274 1.82
3275 2.34
3276 2.79
3277 2.64
3278 2.22
3279 1.95
3280 3.46
3281 3.55
3282 3.15
3283 2.50
3284 8.11
3285 13.25
3286 26.87
3287 0.00
3288 0.00
3289 0.00
3290 0.00
3291 0.00
3292 0.00
3293 0.00
3294 0.00
3295 13.69
3296 2.06
3297 3.08
3298 1.85
3299 1.75
3300 2.06
3301 2.76
3302 2.48
3303 2.71
3304 4.18
3305 4.16
3306 4.81
3307 3.18
3308 3.82
3309 9.10
3310 0.00
3311 46.75
3312 0.00
3313 0.00
3314 0.00
3315 0.00
3316 0.00
3317 0.00
3318 0.00
3319 0.00
3320 3.76
3321 6.88
3322 5.33
3323 2.20
3324 2.37
3325 2.30
3326 2.45
3327 3.71
3328 5.57
3329 2.72
3330 4.57
3331 3.94
3332 5.34
3333 8.79
3334 0.00
3335 0.00
3336 46.75
3337 0.00
3338 0.00
3339 0.00
3340 0.00
3341 0.00
3342 0.00
3343 0.00
3344 0.00
3345 57.14
3346 0.00
3347 41.86
3348 59.02
3349 0.00
3350 0.00
3351 52.17
3352 10.29
3353 0.00
3354 4.65
3355 42.35
3356 0.00
3357 0.00
3358 0.00
3359 0.00
3360 0.00
3361 0.00
3362 0.00
3363 15.00
3364 0.00
3365 0.00
3366 29.51
3367 30.90
3368 2.29
3369 2.49
3370 1.70
3371 1.56
3372 2.03
3373 2.74
3374 2.56
3375 2.21
3376 2.76
3377 2.46
3378 4.87
3379 2.64
3380 8.87
3381 24.28
3382 45.00
3383 0.00
3384 0.00
3385 0.00
3386 0.00
3387 0.00
3388 0.00
3389 0.00
3390 29.59
3391 18.18
3392 2.14
3393 3.62
3394 1.46
3395 2.36
3396 2.37
3397 1.67
3398 2.38
3399 2.05
3400 3.22
3401 3.01
3402 3.86
3403 2.93
3404 10.56
3405 27.16
3406 0.00
3407 0.00
3408 0.00
3409 0.00
3410 0.00
3411 0.00
3412 0.00
3413 24.83
3414 24.00
3415 45.00
3416 4.88
3417 5.20
3418 1.80
3419 1.95
3420 2.89
3421 2.58
3422 3.06
3423 2.04
3424 2.72
3425 2.93
3426 4.56
3427 2.53
3428 10.63
3429 28.24
3430 24.32
3431 0.00
3432 0.00
3433 0.00
3434 0.00
3435 0.00
3436 0.00
3437 0.00
3438 25.90
3439 0.00
3440 4.81
3441 3.39
3442 1.53
3443 1.60
3444 1.98
3445 1.98
3446 1.94
3447 2.88
3448 3.23
3449 2.33
3450 3.31
3451 2.20
3452 6.17
3453 31.80
3454 34.95
3455 43.37
3456 0.00
3457 0.00
3458 0.00
3459 0.00
3460 0.00
3461 0.00
3462 0.00
3463 24.00
3464 4.57
3465 3.33
3466 1.96
3467 2.42
3468 2.29
3469 2.15
3470 1.91
3471 2.92
3472 4.45
3473 3.84
3474 4.63
3475 3.78
3476 5.84
3477 7.72
3478 0.00
3479 0.00
3480 0.00
3481 0.00
3482 0.00
3483 0.00
3484 0.00
3485 0.00
3486 0.00
3487 0.00
3488 1.56
3489 38.95
3490 7.76
3491 3.14
3492 2.53
3493 2.13
3494 2.85
3495 2.22
3496 2.69
3497 4.38
3498 7.35
3499 3.36
3500 4.40
3501 7.08
3502 30.51
3503 20.11
3504 0.00
3505 57.14
3506 0.00
3507 0.00
3508 0.00
3509 0.00
3510 0.00
3511 0.00
3512 0.00
3513 0.00
3514 0.00
3515 0.00
3516 52.94
3517 7.19
3518 0.00
3519 37.89
3520 0.00
3521 55.38
3522 0.00
3523 0.00
3524 0.00
3525 0.00
3526 0.00
3527 0.00
3528 0.00
3529 0.00
3530 0.00
3531 0.00
3532 0.00
3533 0.00
3534 30.00
3535 33.96
3536 1.78
3537 2.91
3538 2.16
3539 2.00
3540 2.32
3541 2.32
3542 2.29
3543 1.81
3544 3.60
3545 3.57
3546 3.76
3547 3.14
3548 8.33
3549 30.13
3550 0.00
3551 0.00
3552 0.00
3553 43.37
3554 0.00
3555 0.00
3556 22.22
3557 0.00
3558 0.00
3559 18.90
3560 8.17
3561 7.58
3562 3.81
3563 1.61
3564 3.34
3565 2.02
3566 2.48
3567 2.77
3568 2.78
3569 2.86
3570 3.72
3571 1.83
3572 5.70
3573 9.49
3574 0.00
3575 0.00
3576 0.00
3577 0.00
3578 0.00
3579 0.00
3580 0.00
3581 19.05
3582 25.29
3583 0.00
3584 3.73
3585 3.74
3586 2.37
3587 2.08
3588 2.02
3589 2.14
3590 1.91
3591 2.04
3592 3.17
3593 3.50
3594 3.73
3595 3.46
3596 6.87
3597 27.72
3598 0.00
3599 0.00
3600 0.00
3601 31.30
3602 0.00
3603 0.00
3604 0.00
3605 15.52
3606 3.83
3607 0.00
3608 7.28
3609 3.41
3610 2.01
3611 2.05
3612 3.12
3613 3.51
3614 2.67
3615 3.21
3616 3.51
3617 4.07
3618 3.58
3619 2.28
3620 6.36
3621 14.69
3622 0.00
3623 0.00
3624 48.00
3625 3.06
3626 0.00
3627 0.00
3628 0.00
3629 2.04
3630 2.33
3631 32.67
3632 3.10
3633 7.83
3634 1.90
3635 2.96
3636 2.58
3637 3.31
3638 2.56
3639 2.78
3640 2.91
3641 4.64
3642 2.49
3643 2.19
3644 4.40
3645 5.95
3646 50.70
3647 0.00
3648 30.00
3649 0.00
3650 0.00
3651 0.00
3652 0.00
3653 0.00
3654 0.00
3655 51.43
3656 1.13
3657 13.49
3658 4.43
3659 1.25
3660 2.82
3661 2.87
3662 3.25
3663 4.10
3664 1.36
3665 5.42
3666 3.40
3667 3.16
3668 8.98
3669 36.73
3670 0.00
3671 2.90
3672 0.00
3673 42.45
3674 0.00
3675 0.00
3676 0.00
3677 55.38
3678 0.00
3679 0.00
3680 1.46
3681 0.00
3682 45.57
3683 0.00
3684 19.15
3685 21.18
3686 12.46
3687 1.44
3688 0.00
3689 57.14
3690 0.00
3691 0.00
3692 0.00
3693 54.55
3694 0.00
3695 0.00
3696 14.06
3697 0.00
3698 0.00
3699 0.00
3700 0.00
3701 0.00
3702 33.64
3703 0.00
3704 3.70
3705 3.40
3706 2.11
3707 1.87
3708 2.71
3709 2.79
3710 2.02
3711 2.28
3712 2.65
3713 3.72
3714 10.67
3715 4.02
3716 6.80
3717 28.92
3718 0.00
3719 21.82
3720 0.00
3721 48.00
3722 0.00
3723 0.00
3724 0.00
3725 0.00
3726 0.00
3727 0.00
3728 2.25
3729 3.07
3730 2.34
3731 3.16
3732 3.33
3733 2.40
3734 2.02
3735 2.15
3736 3.05
3737 3.31
3738 2.51
3739 2.38
3740 10.95
3741 15.24
3742 0.00
3743 0.00
3744 0.00
3745 0.00
3746 0.00
3747 0.00
3748 0.00
3749 2.01
3750 41.86
3751 34.95
3752 9.28
3753 3.41
3754 1.66
3755 2.20
3756 2.69
3757 2.62
3758 2.39
3759 2.02
3760 2.87
3761 3.81
3762 4.22
3763 2.39
3764 6.78
3765 31.84
3766 0.00
3767 43.90
3768 0.00
3769 0.00
3770 0.00
3771 0.00
3772 0.00
3773 0.00
3774 0.00
3775 0.00
3776 2.03
3777 2.78
3778 2.00
3779 2.61
3780 2.56
3781 2.99
3782 2.06
3783 2.20
3784 3.59
3785 4.13
3786 2.14
3787 2.00
3788 4.55
3789 5.59
3790 0.00
3791 44.44
3792 0.00
3793 19.05
3794 0.00
3795 0.00
3796 0.00
3797 6.29
3798 0.00
3799 57.14
3800 1.41
3801 3.83
3802 1.91
3803 2.36
3804 1.81
3805 1.97
3806 2.44
3807 2.75
3808 2.82
3809 3.70
3810 3.46
3811 2.40
3812 4.57
3813 4.88
3814 54.55
3815 1.83
3816 0.00
3817 0.00
3818 0.00
3819 0.00
3820 0.00
3821 0.00
3822 0.00
3823 54.55
3824 0.83
3825 5.95
3826 5.01
3827 5.67
3828 1.99
3829 1.72
3830 1.69
3831 2.88
3832 1.82
3833 2.67
3834 7.06
3835 1.59
3836 3.83
3837 2.51
3838 0.00
3839 3.24
3840 52.17
3841 14.06
3842 0.00
3843 0.00
3844 0.00
3845 0.00
3846 0.00
3847 0.00
3848 24.32
3849 53.73
3850 0.00
3851 25.17
3852 4.58
3853 11.90
3854 10.39
3855 21.62
3856 17.45
3857 0.00
3858 32.14
3859 35.29
3860 0.00
3861 0.00
3862 0.00
3863 40.91
3864 0.00
3865 32.14
3866 54.55
3867 0.00
3868 0.00
3869 0.00
3870 0.00
3871 0.00
3872 0.23
3873 0.22
3874 0.24
3875 0.27
3876 0.41
3877 0.70
3878 0.58
3879 0.78
3880 1.19
3881 1.56
3882 0.54
3883 2.19
3884 2.55
3885 59.02
3886 44.44
3887 7.98
3888 0.00
3889 0.00
3890 0.00
3891 0.00
3892 0.00
3893 0.00
3894 47.52
3895 18.37
3896 2.07
3897 5.29
3898 1.86
3899 1.94
3900 3.69
3901 2.23
3902 2.35
3903 2.60
3904 3.41
3905 3.68
3906 4.10
3907 4.26
3908 19.47
3909 16.51
3910 0.00
3911 0.00
3912 0.00
3913 0.00
3914 0.00
3915 0.00
3916 0.00
3917 0.00
3918 5.30
3919 3.03
3920 2.06
3921 2.91
3922 1.59
3923 2.05
3924 1.98
3925 2.82
3926 2.21
3927 1.93
3928 2.92
3929 2.13
3930 3.11
3931 2.90
3932 6.18
3933 23.56
3934 0.00
3935 54.55
3936 0.00
3937 0.00
3938 0.00
3939 0.00
3940 0.00
3941 0.00
3942 24.41
3943 57.14
3944 4.05
3945 4.07
3946 2.38
3947 1.75
3948 2.52
3949 2.38
3950 3.11
3951 2.03
3952 2.98
3953 3.55
3954 4.29
3955 2.79
3956 12.99
3957 10.58
3958 0.00
3959 0.00
3960 0.00
3961 0.00
3962 0.00
3963 0.00
3964 0.00
3965 0.00
3966 0.00
3967 19.67
3968 1.52
3969 5.81
3970 1.55
3971 1.87
3972 2.63
3973 2.78
3974 2.09
3975 1.84
3976 3.99
3977 3.75
3978 2.10
3979 2.47
3980 4.05
3981 5.61
3982 45.86
3983 0.00
3984 0.00
3985 38.30
3986 0.00
3987 0.00
3988 0.00
3989 0.00
3990 0.00
3991 0.00
3992 0.46
3993 15.04
3994 3.86
3995 0.50
3996 36.18
3997 1.06
3998 1.27
3999 4.35
4000 4.32
4001 3.48
4002 5.04
4003 2.51
4004 3.00
4005 3.52
4006 0.51
4007 24.00
4008 2.17
4009 0.56
4010 0.00
4011 0.00
4012 0.00
4013 0.00
4014 0.00
4015 0.00
4016 0.00
4017 40.91
4018 0.00
4019 0.00
4020 1.58
4021 0.00
4022 0.59
4023 8.80
4024 50.70
4025 0.00
4026 0.00
4027 0.00
4028 0.00
4029 0.00
4030 50.00
4031 0.00
4032 7.63
4033 0.00
4034 0.00
4035 0.00
4036 0.00
4037 0.00
4038 0.00
4039 11.43
4040 2.81
4041 5.06
4042 1.63
4043 1.93
4044 2.28
4045 2.05
4046 1.98
4047 2.25
4048 3.60
4049 2.84
4050 6.92
4051 4.44
4052 7.37
4053 13.50
4054 0.00
4055 0.00
4056 0.00
4057 0.00
4058 0.00
4059 0.00
4060 0.00
4061 0.00
4062 4.41
4063 0.00
4064 1.78
4065 3.61
4066 1.75
4067 1.99
4068 1.76
4069 2.54
4070 1.56
4071 2.62
4072 3.04
4073 2.54
4074 3.74
4075 2.18
4076 10.13
4077 1.17
4078 0.00
4079 0.00
4080 0.00
4081 0.00
4082 0.00
4083 0.00
4084 0.00
4085 0.00
4086 18.09
4087 22.29
4088 1.33
4089 2.36
4090 1.90
4091 1.93
4092 2.30
4093 1.97
4094 2.72
4095 2.63
4096 3.28
4097 2.98
4098 2.17
4099 4.42
4100 12.05
4101 32.39
4102 33.96
4103 0.00
4104 0.00
4105 0.00
4106 0.00
4107 0.00
4108 0.00
4109 0.00
4110 54.55
4111 45.57
4112 2.70
4113 4.59
4114 2.10
4115 1.70
4116 2.35
4117 2.59
4118 2.02
4119 2.34
4120 2.56
4121 3.17
4122 3.91
4123 3.43
4124 6.24
4125 17.34
4126 41.38
4127 0.00
4128 42.11
4129 1.94
4130 0.00
4131 0.00
4132 0.00
4133 35.82
4134 43.90
4135 6.94
4136 2.22
4137 2.58
4138 2.70
4139 1.83
4140 2.55
4141 2.93
4142 2.48
4143 2.72
4144 4.19
4145 3.25
4146 2.00
4147 2.89
4148 4.06
4149 4.85
4150 35.29
4151 22.59
4152 0.00
4153 30.38
4154 0.00
4155 0.00
4156 0.00
4157 1.73
4158 0.00
4159 0.00
4160 1.30
4161 32.52
4162 4.37
4163 9.10
4164 3.17
4165 3.12
4166 1.90
4167 2.63
4168 2.34
4169 3.46
4170 7.51
4171 2.66
4172 6.32
4173 5.48
4174 17.39
4175 0.00
4176 23.92
4177 0.70
4178 0.00
4179 0.00
4180 0.00
4181 0.00
4182 0.00
4183 0.00
4184 43.64
4185 49.32
4186 31.58
4187 0.00
4188 2.54
4189 0.62
4190 20.00
4191 2.26
4192 0.00
4193 5.86
4194 35.82
4195 0.00
4196 55.96
4197 42.86
4198 0.00
4199 0.00
4200 7.91
4201 0.00
4202 0.00
4203 0.00
4204 0.00
4205 1.86
4206 0.00
4207 28.20
4208 4.84
4209 1.62
4210 1.08
4211 1.97
4212 2.05
4213 1.75
4214 1.99
4215 2.00
4216 3.08
4217 3.33
4218 4.91
4219 4.17
4220 12.26
4221 13.26
4222 57.14
4223 0.00
4224 0.00
4225 0.00
4226 0.00
4227 0.00
4228 0.00
4229 2.85
4230 20.34
4231 31.17
4232 2.12
4233 1.89
4234 1.69
4235 1.28
4236 2.58
4237 2.31
4238 2.20
4239 2.36
4240 3.63
4241 3.01
4242 3.27
4243 3.14
4244 8.48
4245 27.86
4246 44.72
4247 53.73
4248 41.86
4249 0.00
4250 0.00
4251 11.29
4252 0.00
4253 0.00
4254 29.03
4255 0.00
4256 1.14
4257 3.47
4258 1.80
4259 2.12
4260 1.96
4261 2.53
4262 2.81
4263 2.80
4264 3.37
4265 2.03
4266 3.74
4267 2.90
4268 11.77
4269 10.24
4270 26.09
4271 36.36
4272 0.00
4273 0.00
4274 0.00
4275 0.00
4276 0.00
4277 1.13
4278 26.67
4279 29.03
4280 2.49
4281 2.26
4282 1.83
4283 1.48
4284 2.92
4285 2.46
4286 2.20
4287 2.25
4288 2.79
4289 2.97
4290 3.48
4291 3.19
4292 4.63
4293 10.72
4294 0.00
4295 52.17
4296 55.38
4297 0.00
4298 0.00
4299 0.00
4300 0.00
4301 1.96
4302 0.00
4303 51.06
4304 1.42
4305 3.15
4306 2.19
4307 2.68
4308 2.33
4309 2.55
4310 2.53
4311 3.42
4312 3.43
4313 4.74
4314 4.09
4315 3.21
4316 6.59
4317 5.28
4318 50.70
4319 0.00
4320 0.00
4321 47.37
4322 0.00
4323 0.00
4324 0.00
4325 0.00
4326 0.00
4327 0.00
4328 3.15
4329 9.08
4330 2.38
4331 4.77
4332 2.17
4333 4.35
4334 2.45
4335 2.34
4336 2.49
4337 5.48
4338 2.66
4339 3.43
4340 3.47
4341 5.26
4342 0.41
4343 48.65
4344 53.73
4345 2.19
4346 0.00
4347 0.00
4348 30.77
4349 0.00
4350 0.00
4351 0.00
4352 7.56
4353 50.00
4354 0.00
4355 55.81
4356 11.32
4357 36.92
4358 26.09
4359 9.33
4360 31.44
4361 0.00
4362 0.00
4363 0.00
4364 0.00
4365 0.00
4366 0.00
4367 0.00
4368 11.45
4369 0.00
4370 0.00
4371 0.00
4372 0.00
4373 0.00
4374 0.00
4375 43.37
4376 1.15
4377 9.61
4378 1.37
4379 1.96
4380 2.58
4381 2.95
4382 2.82
4383 2.49
4384 3.18
4385 2.37
4386 4.02
4387 8.19
4388 6.95
4389 49.51
4390 0.00
4391 45.00
4392 0.00
4393 0.00
4394 0.00
4395 0.00
4396 0.00
4397 0.00
4398 4.57
4399 57.14
4400 1.25
4401 2.95
4402 1.72
4403 2.65
4404 2.60
4405 2.36
4406 1.85
4407 2.22
4408 2.71
4409 3.79
4410 4.24
4411 3.53
4412 10.41
4413 27.60
4414 0.00
4415 0.00
4416 0.00
4417 0.00
4418 0.00
4419 0.00
4420 0.00
4421 0.00
4422 1.50
4423 0.00
4424 2.49
4425 3.50
4426 1.87
4427 1.57
4428 2.62
4429 2.36
4430 2.27
4431 3.18
4432 3.83
4433 2.46
4434 3.93
4435 3.19
4436 9.00
4437 22.43
4438 0.00
4439 0.00
4440 0.00
4441 56.25
4442 0.00
4443 0.00
4444 0.00
4445 0.00
4446 1.32
4447 40.60
4448 1.84
4449 3.87
4450 2.05
4451 2.67
4452 2.28
4453 2.17
4454 1.85
4455 1.85
4456 3.28
4457 2.89
4458 2.46
4459 3.88
4460 11.00
4461 34.39
4462 29.51
4463 46.55
4464 56.25
4465 0.00
4466 0.00
4467 0.00
4468 0.00
4469 0.00
4470 0.00
4471 0.00
4472 1.65
4473 2.08
4474 2.47
4475 2.12
4476 2.90
4477 2.54
4478 3.24
4479 2.78
4480 2.82
4481 3.14
4482 3.22
4483 3.07
4484 4.64
4485 4.50
4486 37.50
4487 23.84
4488 0.00
4489 0.00
4490 0.00
4491 0.00
4492 0.00
4493 0.00
4494 0.00
4495 0.00
4496 6.63
4497 7.33
4498 3.09
4499 5.85
4500 3.70
4501 4.16
4502 1.76
4503 3.09
4504 2.31
4505 7.36
4506 2.19
4507 3.52
4508 4.64
4509 5.79
4510 1.19
4511 0.00
4512 0.00
4513 0.42
4514 0.00
4515 0.00
4516 0.00
4517 33.64
4518 0.00
4519 0.00
4520 0.00
4521 0.00
4522 0.00
4523 25.17
4524 8.19
4525 0.00
4526 0.73
4527 11.54
4528 0.00
4529 0.00
4530 0.00
4531 0.00
4532 52.17
4533 0.00
4534 0.00
4535 59.02
4536 7.89
4537 0.00
4538 0.00
4539 0.00
4540 0.00
4541 2.05
4542 0.00
4543 0.00
4544 1.94
4545 3.88
4546 1.54
4547 2.38
4548 2.30
4549 2.56
4550 2.30
4551 2.94
4552 3.02
4553 2.97
4554 5.55
4555 6.73
4556 7.99
4557 10.05
4558 55.38
4559 0.00
4560 0.00
4561 0.00
4562 0.00
4563 0.00
4564 0.00
4565 0.00
4566 3.00
4567 0.00
4568 2.87
4569 9.76
4570 4.43
4571 1.72
4572 2.13
4573 2.47
4574 2.42
4575 3.10
4576 3.97
4577 2.56
4578 10.37
4579 4.74
4580 8.42
4581 27.02
4582 0.00
4583 48.98
4584 0.00
4585 0.00
4586 0.00
4587 0.00
4588 0.00
4589 1.61
4590 36.73
4591 0.00
4592 1.24
4593 5.06
4594 1.71
4595 2.58
4596 2.83
4597 2.81
4598 2.45
4599 2.38
4600 3.19
4601 4.59
4602 3.75
4603 2.28
4604 9.32
4605 26.31
4606 45.00
4607 21.82
4608 0.00
4609 0.00
4610 0.00
4611 0.00
4612 0.00
4613 1.44
4614 52.94
4615 23.08
4616 4.59
4617 5.02
4618 1.88
4619 3.00
4620 2.65
4621 2.56
4622 2.91
4623 2.07
4624 2.45
4625 3.08
4626 5.47
4627 3.15
4628 9.25
4629 24.74
4630 51.43
4631 0.00
4632 0.00
4633 0.00
4634 0.00
4635 0.00
4636 0.00
4637 0.00
4638 0.00
4639 41.38
4640 1.90
4641 2.68
4642 2.16
4643 2.38
4644 2.11
4645 2.00
4646 2.35
4647 3.21
4648 5.14
4649 3.31
4650 2.34
4651 2.43
4652 3.21
4653 3.33
4654 37.50
4655 7.27
4656 40.91
4657 0.00
4658 0.00
4659 0.00
4660 0.00
4661 0.00
4662 0.00
4663 0.00
4664 1.31
4665 30.82
4666 9.55
4667 5.20
4668 3.53
4669 2.29
4670 2.28
4671 1.98
4672 2.21
4673 5.41
4674 2.73
4675 2.51
4676 11.54
4677 4.42
4678 57.14
4679 0.00
4680 0.00
4681 16.82
4682 0.00
4683 0.00
4684 0.00
4685 0.00
4686 0.00
4687 0.00
4688 0.00
4689 32.43
4690 9.11
4691 26.09
4692 36.92
4693 27.80
4694 5.53
4695 0.00
4696 0.00
4697 0.00
4698 0.00
4699 0.00
4700 15.32
4701 36.73
4702 0.00
4703 0.00
4704 7.48
4705 0.00
4706 0.00
4707 0.00
4708 0.00
4709 0.00
4710 0.00
4711 17.82
4712 1.94
4713 5.21
4714 1.59
4715 2.09
4716 1.74
4717 2.09
4718 2.41
4719 2.60
4720 4.64
4721 3.45
4722 8.79
4723 4.57
4724 12.37
4725 32.06
4726 0.00
4727 34.78
4728 0.00
4729 40.91
4730 0.00
4731 0.00
4732 0.00
4733 27.69
4734 0.95
4735 0.00
4736 3.44
4737 5.00
4738 1.94
4739 1.90
4740 2.69
4741 4.89
4742 1.76
4743 2.35
4744 3.14
4745 3.13
4746 4.05
4747 2.46
4748 5.84
4749 16.12
4750 38.71
4751 54.55
4752 0.00
4753 0.00
4754 0.00
4755 0.00
4756 0.00
4757 0.00
4758 6.34
4759 0.00
4760 2.50
4761 4.96
4762 1.41
4763 1.51
4764 2.14
4765 2.24
4766 1.77
4767 3.44
4768 2.71
4769 5.31
4770 6.08
4771 2.34
4772 18.15
4773 15.38
4774 52.17
4775 0.00
4776 48.00
4777 0.00
4778 0.00
4779 0.00
4780 0.00
4781 1.72
4782 52.94
4783 29.27
4784 20.95
4785 9.17
4786 1.54
4787 1.72
4788 2.33
4789 1.80
4790 1.81
4791 2.75
4792 2.94
4793 3.61
4794 5.07
4795 2.35
4796 8.52
4797 36.99
4798 50.47
4799 0.00
4800 48.00
4801 0.00
4802 0.00
4803 0.00
4804 0.00
4805 5.69
4806 31.72
4807 0.00
4808 2.05
4809 3.09
4810 1.92
4811 1.63
4812 1.99
4813 1.70
4814 2.60
4815 2.58
4816 4.74
4817 3.29
4818 4.80
4819 2.52
4820 4.11
4821 6.15
4822 0.00
4823 24.13
4824 21.18
4825 32.73
4826 0.00
4827 0.00
4828 0.00
4829 0.00
4830 38.30
4831 12.37
4832 0.66
4833 4.67
4834 5.47
4835 1.70
4836 4.89
4837 2.25
4838 3.36
4839 5.39
4840 2.07
4841 4.35
4842 5.50
4843 2.92
4844 6.73
4845 4.39
4846 0.42
4847 0.00
4848 0.00
4849 0.31
4850 0.00
4851 0.00
4852 0.00
4853 0.50
4854 0.00
4855 0.00
4856 0.00
4857 0.00
4858 0.00
4859 38.71
4860 0.73
4861 0.00
4862 0.00
4863 3.97
4864 0.00
4865 45.57
4866 0.00
4867 0.00
4868 0.00
4869 0.00
4870 0.00
4871 7.14
4872 42.11
4873 0.00
4874 0.00
4875 0.00
4876 0.00
4877 0.00
4878 12.41
4879 26.09
4880 2.00
4881 2.79
4882 1.69
4883 1.33
4884 2.92
4885 1.78
4886 2.58
4887 3.05
4888 2.64
4889 2.66
4890 3.83
4891 8.00
4892 10.65
4893 30.98
4894 0.00
4895 0.00
4896 4.89
4897 0.00
4898 0.00
4899 0.00
4900 0.00
4901 2.70
4902 0.00
4903 0.00
4904 1.56
4905 2.31
4906 1.21
4907 1.88
4908 2.16
4909 2.17
4910 2.16
4911 2.07
4912 2.39
4913 3.12
4914 3.29
4915 2.85
4916 6.69
4917 30.51
4918 50.70
4919 0.00
4920 0.00
4921 0.00
4922 0.00
4923 0.00
4924 0.00
4925 0.00
4926 0.00
4927 7.59
4928 1.05
4929 4.06
4930 2.09
4931 2.15
4932 1.38
4933 2.29
4934 1.83
4935 2.99
4936 3.05
4937 4.98
4938 2.73
4939 2.81
4940 8.45
4941 9.33
4942 49.32
4943 0.00
4944 28.35
4945 39.13
4946 0.00
4947 0.00
4948 0.00
4949 0.00
4950 0.00
4951 40.76
4952 4.79
4953 6.80
4954 1.85
4955 1.80
4956 2.86
4957 2.29
4958 1.93
4959 2.46
4960 2.12
4961 2.59
4962 2.90
4963 2.35
4964 4.92
4965 10.40
4966 49.32
4967 0.00
4968 0.00
4969 0.00
4970 0.00
4971 0.00
4972 0.00
4973 0.00
4974 50.00
4975 42.35
4976 3.34
4977 3.08
4978 1.84
4979 2.21
4980 2.15
4981 1.79
4982 1.97
4983 2.18
4984 4.12
4985 2.83
4986 2.60
4987 2.51
4988 3.56
4989 12.29
4990 32.65
4991 4.15
4992 22.78
4993 0.00
4994 0.00
4995 0.00
4996 0.00
4997 0.00
4998 0.00
4999 0.00
5000 0.50
5001 7.73
5002 7.01
5003 8.51
5004 3.50
5005 2.05
5006 1.75
5007 1.94
5008 3.98
5009 9.79
5010 3.21
5011 3.32
5012 5.35
5013 5.52
5014 0.00
5015 13.07
5016 0.00
5017 0.00
5018 0.00
5019 0.00
5020 24.83
5021 0.00
5022 0.00
5023 0.00
5024 0.00
5025 0.00
5026 50.35
5027 46.45
5028 36.55
5029 26.31
5030 51.06
5031 31.58
5032 7.74
5033 14.17
5034 0.00
5035 0.00
5036 0.00
5037 0.00
5038 51.43
5039 6.23
5040 0.00
5041 0.00
5042 0.00
5043 0.00
5044 0.00
5045 0.00
5046 25.71
5047 20.45
5048 1.46
5049 3.19
5050 1.10
5051 1.92
5052 2.08
5053 2.62
5054 2.24
5055 1.97
5056 2.86
5057 3.61
5058 3.54
5059 8.24
5060 18.04
5061 16.14
5062 26.28
5063 26.67
5064 46.75
5065 0.00
5066 0.00
5067 0.00
5068 0.00
5069 0.00
5070 0.00
5071 0.00
5072 1.94
5073 5.55
5074 2.49
5075 2.47
5076 2.24
5077 1.96
5078 1.88
5079 3.16
5080 3.62
5081 2.42
5082 3.14
5083 3.89
5084 11.55
5085 35.73
5086 43.90
5087 0.00
5088 0.00
5089 0.00
5090 0.00
5091 0.00
5092 0.00
5093 0.00
5094 0.00
5095 44.44
5096 2.23
5097 9.65
5098 1.38
5099 1.67
5100 2.25
5101 2.28
5102 2.72
5103 2.29
5104 3.56
5105 3.63
5106 3.85
5107 4.59
5108 8.67
5109 38.22
5110 49.32
5111 0.00
5112 10.08
5113 0.00
5114 0.00
5115 0.00
5116 0.00
5117 1.25
5118 0.00
5119 28.80
5120 1.55
5121 7.61
5122 1.82
5123 1.57
5124 1.41
5125 1.81
5126 2.37
5127 2.54
5128 3.77
5129 2.20
5130 2.03
5131 2.51
5132 4.73
5133 8.74
5134 0.00
5135 0.00
5136 0.00
5137 0.00
5138 0.00
5139 0.00
5140 0.00
5141 0.00
5142 0.00
5143 0.00
5144 1.60
5145 4.23
5146 1.38
5147 1.68
5148 2.62
5149 1.86
5150 2.35
5151 2.48
5152 3.42
5153 4.74
5154 3.59
5155 2.16
5156 4.37
5157 4.49
5158 25.53
5159 28.57
5160 33.96
5161 26.28
5162 0.00
5163 0.00
5164 0.00
5165 0.00
5166 0.00
5167 35.29
5168 0.36
5169 3.49
5170 3.69
5171 1.77
5172 7.82
5173 3.47
5174 4.17
5175 1.92
5176 2.19
5177 11.15
5178 17.09
5179 2.30
5180 4.88
5181 4.92
5182 39.13
5183 9.09
5184 28.92
5185 51.43
5186 0.00
5187 0.00
5188 1.33
5189 0.00
5190 0.00
5191 0.00
5192 47.37
5193 0.00
5194 0.00
5195 16.44
5196 12.03
5197 15.55
5198 13.75
5199 24.94
5200 33.33
5201 0.00
5202 0.00
5203 43.90
5204 0.00
5205 0.00
5206 43.90
5207 0.00
5208 7.69
5209 27.69
5210 0.00
5211 0.00
5212 0.00
5213 7.79
5214 0.00
5215 0.00
5216 1.42
5217 5.12
5218 1.46
5219 1.86
5220 1.60
5221 1.85
5222 2.24
5223 2.20
5224 2.42
5225 3.23
5226 7.50
5227 3.94
5228 13.97
5229 19.42
5230 0.00
5231 29.11
5232 0.00
5233 0.00
5234 0.00
5235 0.00
5236 0.00
5237 0.00
5238 4.70
5239 0.00
5240 1.30
5241 6.74
5242 2.06
5243 1.47
5244 2.76
5245 1.93
5246 1.77
5247 2.59
5248 3.04
5249 2.89
5250 5.07
5251 2.88
5252 10.62
5253 19.53
5254 0.00
5255 0.00
5256 0.00
5257 40.45
5258 0.00
5259 0.00
5260 0.00
5261 0.00
5262 20.57
5263 0.00
5264 0.80
5265 5.58
5266 1.44
5267 2.00
5268 2.35
5269 2.64
5270 2.43
5271 2.95
5272 2.66
5273 3.75
5274 4.30
5275 2.86
5276 9.65
5277 17.09
5278 0.00
5279 0.00
5280 0.00
5281 0.00
5282 0.00
5283 0.00
5284 0.00
5285 0.00
5286 0.00
5287 19.41
5288 1.02
5289 4.02
5290 1.94
5291 1.77
5292 2.38
5293 2.29
5294 1.96
5295 2.25
5296 2.78
5297 2.91
5298 4.06
5299 3.30
5300 8.88
5301 14.29
5302 48.65
5303 59.02
5304 0.00
5305 0.00
5306 0.00
5307 0.00
5308 0.00
5309 1.68
5310 0.00
5311 0.00
5312 1.06
5313 4.42
5314 1.85
5315 1.54
5316 2.00
5317 2.42
5318 2.17
5319 2.01
5320 2.77
5321 2.61
5322 3.20
5323 2.38
5324 3.61
5325 5.05
5326 20.57
5327 4.50
5328 0.00
5329 0.00
5330 0.00
5331 12.86
5332 0.00
5333 0.00
5334 0.00
5335 0.00
5336 0.50
5337 11.49
5338 5.08
5339 3.74
5340 2.38
5341 1.93
5342 1.92
5343 2.04
5344 2.33
5345 4.17
5346 29.70
5347 2.47
5348 5.10
5349 6.29
5350 14.66
5351 1.81
5352 31.03
5353 0.00
5354 0.00
5355 0.00
5356 0.00
5357 0.00
5358 0.00
5359 0.00
5360 52.94
5361 4.62
5362 0.00
5363 7.08
5364 46.75
5365 18.97
5366 0.93
5367 3.40
5368 20.51
5369 2.11
5370 1.71
5371 0.00
5372 42.35
5373 31.03
5374 0.00
5375 46.15
5376 8.29
5377 0.00
5378 0.00
5379 0.00
5380 0.00
5381 0.97
5382 0.00
5383 0.00
5384 1.82
5385 6.27
5386 1.72
5387 1.67
5388 2.60
5389 2.85
5390 2.27
5391 2.31
5392 2.31
5393 3.53
5394 5.77
5395 16.62
5396 9.27
5397 15.96
5398 53.73
5399 0.00
5400 0.00
5401 23.84
5402 0.00
5403 0.00
5404 0.00
5405 0.00
5406 4.33
5407 0.00
5408 1.12
5409 2.96
5410 2.04
5411 1.48
5412 2.04
5413 2.51
5414 2.46
5415 2.54
5416 2.85
5417 2.91
5418 2.79
5419 3.03
5420 8.05
5421 23.19
5422 0.00
5423 0.00
5424 0.00
5425 0.00
5426 0.00
5427 0.00
5428 0.00
5429 0.00
5430 43.11
5431 0.00
5432 1.19
5433 4.25
5434 1.75
5435 1.62
5436 1.59
5437 1.84
5438 2.49
5439 2.10
5440 3.15
5441 2.71
5442 2.79
5443 3.88
5444 11.32
5445 10.89
5446 0.00
5447 0.00
5448 36.36
5449 0.00
5450 0.00
5451 0.00
5452 0.00
5453 1.68
5454 31.86
5455 19.35
5456 0.75
5457 2.52
5458 1.46
5459 2.09
5460 2.46
5461 2.12
5462 2.58
5463 2.28
5464 2.95
5465 2.93
5466 2.96
5467 3.43
5468 5.39
5469 12.61
5470 51.80
5471 0.00
5472 1.40
5473 11.23
5474 0.00
5475 0.00
5476 0.00
5477 0.00
5478 4.04
5479 53.73
5480 0.72
5481 3.67
5482 2.61
5483 2.59
5484 1.30
5485 2.63
5486 1.83
5487 2.55
5488 5.02
5489 2.79
5490 4.50
5491 2.92
5492 3.62
5493 5.00
5494 0.48
5495 16.94
5496 0.00
5497 2.84
5498 0.00
5499 0.00
5500 0.00
5501 2.83
5502 0.00
5503 0.00
5504 0.30
5505 22.58
5506 5.23
5507 5.29
5508 3.58
5509 1.95
5510 2.83
5511 2.55
5512 2.96
5513 4.58
5514 4.79
5515 2.05
5516 5.48
5517 4.79
5518 7.20
5519 9.96
5520 0.00
5521 52.94
5522 0.00
5523 0.00
5524 0.00
5525 0.00
5526 0.00
5527 0.00
5528 5.81
5529 0.00
5530 0.00
5531 0.00
5532 48.65
5533 0.00
5534 10.06
5535 4.62
5536 0.00
5537 0.00
5538 23.68
5539 52.94
5540 29.03
5541 0.00
5542 0.00
5543 0.00
5544 8.31
5545 0.00
5546 0.00
5547 0.00
5548 0.00
5549 0.83
5550 0.00
5551 53.73
5552 0.82
5553 2.52
5554 1.66
5555 1.88
5556 2.75
5557 2.23
5558 2.40
5559 2.74
5560 2.42
5561 3.77
5562 3.81
5563 4.73
5564 5.76
5565 27.22
5566 0.00
5567 33.96
5568 0.00
5569 0.00
5570 0.00
5571 0.00
5572 0.00
5573 0.00
5574 1.78
5575 26.87
5576 0.78
5577 3.52
5578 2.15
5579 1.87
5580 2.24
5581 2.43
5582 1.58
5583 2.01
5584 2.91
5585 3.48
5586 3.52
5587 3.60
5588 9.53
5589 22.38
5590 31.93
5591 57.14
5592 0.00
5593 47.37
5594 0.00
5595 0.00
5596 0.00
5597 0.00
5598 0.00
5599 46.75
5600 0.96
5601 5.58
5602 1.83
5603 2.67
5604 1.65
5605 1.96
5606 2.06
5607 2.05
5608 2.67
5609 2.43
5610 3.16
5611 2.90
5612 3.19
5613 10.29
5614 49.54
5615 50.00
5616 57.14
5617 0.00
5618 0.00
5619 0.00
5620 0.00
5621 0.00
5622 22.86
5623 0.00
5624 1.43
5625 3.62
5626 1.74
5627 1.94
5628 2.58
5629 2.72
5630 2.17
5631 2.20
5632 2.89
5633 1.96
5634 3.09
5635 2.22
5636 4.91
5637 12.42
5638 35.76
5639 42.35
5640 0.00
5641 28.12
5642 0.00
5643 0.00
5644 0.00
5645 0.00
5646 0.00
5647 46.15
5648 2.86
5649 3.19
5650 2.36
5651 1.56
5652 1.77
5653 2.79
5654 1.99
5655 2.37
5656 3.18
5657 2.18
5658 4.87
5659 2.69
5660 4.82
5661 7.00
5662 0.00
5663 14.23
5664 0.00
5665 0.00
5666 37.89
5667 0.00
5668 0.00
5669 0.00
5670 0.00
5671 16.14
5672 0.44
5673 6.18
5674 7.26
5675 3.78
5676 2.65
5677 2.30
5678 2.38
5679 2.85
5680 2.91
5681 8.55
5682 3.88
5683 2.78
5684 3.74
5685 3.57
5686 32.73
5687 6.66
5688 27.48
5689 15.65
5690 0.00
5691 0.00
5692 0.00
5693 0.00
5694 0.00
5695 0.00
5696 18.85
5697 0.00
5698 55.38
5699 8.57
5700 25.35
5701 31.86
5702 2.61
5703 42.35
5704 0.00
5705 16.00
5706 29.03
5707 50.35
5708 26.87
5709 0.00
5710 0.00
5711 0.00
5712 7.95
5713 0.00
5714 0.00
5715 0.00
5716 0.00
5717 0.94
5718 30.77
5719 0.00
5720 1.15
5721 4.20
5722 1.68
5723 2.20
5724 2.86
5725 2.70
5726 2.71
5727 2.61
5728 3.01
5729 4.94
5730 3.89
5731 5.45
5732 8.31
5733 10.19
5734 0.00
5735 0.00
5736 0.00
5737 0.00
5738 0.00
5739 0.00
5740 0.00
5741 0.00
5742 0.00
5743 24.41
5744 0.56
5745 2.31
5746 1.61
5747 1.30
5748 2.54
5749 1.85
5750 1.74
5751 2.32
5752 3.20
5753 3.12
5754 2.61
5755 3.63
5756 5.40
5757 33.45
5758 0.00
5759 18.85
5760 0.00
5761 0.00
5762 0.00
5763 0.00
5764 0.00
5765 0.00
5766 0.00
5767 0.00
5768 0.77
5769 5.15
5770 1.50
5771 1.77
5772 2.00
5773 2.13
5774 2.27
5775 2.12
5776 3.58
5777 2.27
5778 3.35
5779 4.65
5780 7.95
5781 27.17
5782 0.00
5783 0.00
5784 0.00
5785 0.00
5786 0.00
5787 0.00
5788 0.00
5789 0.00
5790 39.13
5791 9.81
5792 0.90
5793 4.72
5794 1.56
5795 1.54
5796 2.84
5797 1.52
5798 2.01
5799 2.60
5800 2.86
5801 2.53
5802 3.32
5803 3.51
5804 5.28
5805 17.90
5806 24.16
5807 54.55
5808 0.00
5809 0.00
5810 0.00
5811 38.30
5812 0.00
5813 0.00
5814 4.64
5815 32.58
5816 1.30
5817 2.87
5818 1.49
5819 1.53
5820 1.90
5821 2.33
5822 1.80
5823 1.94
5824 3.42
5825 2.82
5826 2.89
5827 2.05
5828 5.34
5829 8.54
5830 6.53
5831 17.82
5832 0.00
5833 34.18
5834 7.48
5835 0.00
5836 0.00
5837 3.67
5838 0.00
5839 0.00
5840 0.39
5841 17.91
5842 2.51
5843 4.19
5844 3.55
5845 2.04
5846 2.13
5847 2.92
5848 3.11
5849 2.58
5850 3.64
5851 2.97
5852 5.62
5853 6.04
5854 31.72
5855 2.06
5856 2.96
5857 54.55
5858 0.00
5859 0.00
5860 0.00
5861 0.00
5862 0.00
5863 0.00
5864 25.17
5865 36.73
5866 0.00
5867 30.51
5868 51.43
5869 41.38
5870 0.41
5871 0.00
5872 0.00
5873 5.84
5874 2.59
5875 0.18
5876 0.00
5877 0.00
5878 0.00
5879 0.00
5880 0.00
5881 1.66
5882 0.00
5883 0.00
5884 0.00
5885 40.45
5886 0.00
5887 0.00
5888 1.09
5889 3.64
5890 2.04
5891 1.25
5892 2.71
5893 2.60
5894 3.90
5895 2.72
5896 2.49
5897 3.35
5898 4.70
5899 4.17
5900 11.17
5901 16.33
5902 45.57
5903 0.00
5904 0.00
5905 0.00
5906 0.00
5907 0.00
5908 0.00
5909 1.78
5910 23.38
5911 10.08
5912 0.93
5913 5.62
5914 1.55
5915 1.40
5916 1.94
5917 2.59
5918 2.28
5919 2.38
5920 4.45
5921 2.18
5922 1.98
5923 2.75
5924 16.19
5925 39.46
5926 46.75
5927 52.94
5928 37.50
5929 0.00
5930 0.00
5931 0.00
5932 0.00
5933 0.00
5934 40.45
5935 0.00
5936 2.62
5937 2.08
5938 3.34
5939 1.51
5940 2.90
5941 2.87
5942 2.26
5943 2.24
5944 3.73
5945 3.47
5946 4.32
5947 3.01
5948 6.95
5949 6.47
5950 0.00
5951 24.66
5952 0.00
5953 0.00
5954 0.00
5955 0.00
5956 0.00
5957 0.00
5958 0.00
5959 0.00
5960 2.46
5961 4.24
5962 2.06
5963 1.61
5964 1.92
5965 1.93
5966 1.94
5967 2.27
5968 2.42
5969 2.67
5970 3.96
5971 2.33
5972 5.54
5973 10.50
5974 23.53
5975 0.00
5976 46.75
5977 39.13
5978 0.00
5979 0.00
5980 0.00
5981 0.00
5982 18.18
5983 17.73
5984 2.09
5985 3.46
5986 2.06
5987 1.68
5988 1.62
5989 2.55
5990 2.72
5991 3.21
5992 2.60
5993 3.70
5994 3.49
5995 3.24
5996 4.09
5997 11.04
5998 0.00
5999 55.38
6000 46.15
6001 50.00
6002 0.00
6003 0.00
6004 0.00
6005 0.00
6006 0.00
6007 39.78
6008 0.91
6009 3.23
6010 1.68
6011 2.04
6012 1.68
6013 2.18
6014 2.20
6015 1.90
6016 2.70
6017 12.73
6018 12.74
6019 2.48
6020 4.28
6021 6.33
6022 0.91
6023 4.89
6024 1.39
6025 0.17
6026 18.27
6027 0.00
6028 0.00
6029 43.90
6030 34.62
6031 0.00
6032 0.00
6033 0.00
6034 0.00
6035 27.91
6036 17.39
6037 0.00
6038 4.27
6039 6.15
6040 0.00
6041 0.00
6042 30.38
6043 6.47
6044 0.00
6045 0.00
6046 0.00
6047 0.00
6048 14.01
6049 0.00
6050 0.00
6051 0.00
6052 0.00
6053 2.80
6054 0.00
6055 37.31
6056 1.91
6057 7.56
6058 1.44
6059 3.33
6060 2.04
6061 1.79
6062 1.94
6063 1.73
6064 2.56
6065 3.05
6066 3.57
6067 8.04
6068 7.44
6069 9.87
6070 0.00
6071 59.02
6072 0.00
6073 0.00
6074 0.00
6075 0.00
6076 0.00
6077 0.00
6078 46.15
6079 0.00
6080 2.63
6081 2.88
6082 2.40
6083 2.39
6084 2.13
6085 3.32
6086 2.96
6087 2.57
6088 3.62
6089 2.96
6090 3.74
6091 3.60
6092 8.27
6093 12.68
6094 27.91
6095 31.03
6096 0.00
6097 0.00
6098 0.00
6099 0.00
6100 0.00
6101 0.96
6102 46.15
6103 25.90
6104 2.19
6105 6.82
6106 1.84
6107 1.62
6108 2.06
6109 2.79
6110 2.88
6111 2.85
6112 3.17
6113 4.14
6114 4.27
6115 4.19
6116 6.47
6117 43.06
6118 0.00
6119 48.21
6120 0.00
6121 21.75
6122 0.00
6123 0.00
6124 0.00
6125 0.00
6126 0.00
6127 56.25
6128 1.48
6129 5.63
6130 1.62
6131 1.88
6132 2.15
6133 2.04
6134 2.56
6135 3.10
6136 3.11
6137 2.19
6138 2.24
6139 3.29
6140 5.95
6141 6.30
6142 40.68
6143 0.00
6144 48.00
6145 0.00
6146 0.00
6147 0.00
6148 0.00
6149 1.74
6150 50.70
6151 34.29
6152 6.53
6153 4.93
6154 1.31
6155 2.06
6156 2.92
6157 2.10
6158 2.24
6159 2.20
6160 3.39
6161 3.28
6162 3.00
6163 2.49
6164 4.60
6165 6.58
6166 0.00
6167 0.00
6168 34.29
6169 0.00
6170 42.11
6171 18.18
6172 0.00
6173 0.00
6174 0.00
6175 37.50
6176 1.57
6177 7.39
6178 2.43
6179 3.52
6180 2.44
6181 2.30
6182 3.05
6183 2.86
6184 1.43
6185 3.04
6186 4.18
6187 2.99
6188 3.76
6189 4.31
6190 1.42
6191 3.85
6192 0.00
6193 12.68
6194 39.13
6195 0.00
6196 0.00
6197 0.00
6198 0.00
6199 0.00
6200 0.00
6201 0.00
6202 0.00
6203 32.43
6204 10.08
6205 21.11
6206 37.89
6207 28.63
6208 31.49
6209 32.14
6210 0.00
6211 49.15
6212 0.00
6213 6.81
6214 0.00
6215 0.00
6216 7.95
6217 0.00
6218 0.00
6219 0.00
6220 0.00
6221 2.36
6222 18.27
6223 0.00
6224 1.70
6225 2.90
6226 1.85
6227 1.78
6228 1.66
6229 2.58
6230 2.01
6231 2.72
6232 3.35
6233 3.24
6234 5.40
6235 12.48
6236 10.76
6237 17.00
6238 0.00
6239 0.00
6240 0.00
6241 16.51
6242 0.00
6243 0.00
6244 0.00
6245 2.41
6246 0.00
6247 34.62
6248 1.71
6249 7.32
6250 2.43
6251 1.52
6252 2.88
6253 3.20
6254 2.44
6255 2.72
6256 4.37
6257 3.41
6258 3.37
6259 3.49
6260 9.08
6261 13.22
6262 0.00
6263 0.00
6264 0.00
6265 0.00
6266 0.00
6267 0.00
6268 0.00
6269 0.00
6270 0.00
6271 3.84
6272 1.55
6273 4.23
6274 2.71
6275 1.81
6276 2.34
6277 2.98
6278 2.33
6279 2.24
6280 3.18
6281 4.07
6282 5.46
6283 2.94
6284 6.69
6285 14.24
6286 0.00
6287 0.00
6288 9.46
6289 4.20
6290 0.00
6291 0.00
6292 0.00
6293 0.00
6294 0.00
6295 0.00
6296 5.75
6297 5.10
6298 1.74
6299 2.15
6300 2.01
6301 2.68
6302 2.75
6303 2.54
6304 2.29
6305 3.30
6306 2.41
6307 2.42
6308 3.37
6309 6.79
6310 56.25
6311 0.00
6312 0.00
6313 0.00
6314 0.00
6315 0.00
6316 0.00
6317 0.00
6318 0.00
6319 0.00
6320 2.36
6321 4.36
6322 2.72
6323 1.94
6324 2.31
6325 2.70
6326 2.43
6327 3.04
6328 3.31
6329 2.60
6330 2.81
6331 2.29
6332 3.56
6333 3.55
6334 0.00
6335 2.44
6336 0.00
6337 0.24
6338 0.00
6339 0.00
6340 25.00
6341 2.57
6342 46.75
6343 0.00
6344 1.76
6345 1.09
6346 3.41
6347 3.93
6348 3.25
6349 2.40
6350 4.64
6351 2.27
6352 4.78
6353 1.68
6354 1.92
6355 2.44
6356 3.29
6357 5.89
6358 53.73
6359 12.62
6360 36.55
6361 0.00
6362 30.25
6363 0.00
6364 0.00
6365 0.00
6366 0.00
6367 0.00
6368 37.89
6369 54.55
6370 0.00
6371 0.58
6372 3.06
6373 51.93
6374 0.00
6375 38.71
6376 27.07
6377 0.00
6378 22.22
6379 23.00
6380 0.00
6381 52.17
6382 0.00
6383 0.00
6384 11.61
6385 0.00
6386 0.00
6387 0.00
6388 0.00
6389 6.12
6390 0.00
6391 17.60
6392 4.88
6393 3.00
6394 1.95
6395 1.57
6396 1.93
6397 2.48
6398 2.27
6399 2.96
6400 3.67
6401 3.07
6402 4.87
6403 9.96
6404 6.26
6405 18.25
6406 36.00
6407 23.53
6408 34.45
6409 0.00
6410 0.00
6411 0.00
6412 0.00
6413 0.00
6414 0.00
6415 36.18
6416 1.68
6417 6.36
6418 1.69
6419 1.74
6420 2.63
6421 2.47
6422 2.34
6423 2.55
6424 2.59
6425 3.68
6426 5.24
6427 2.95
6428 10.55
6429 27.63
6430 0.00
6431 0.00
6432 0.00
6433 0.00
6434 12.81
6435 0.00
6436 0.00
6437 0.00
6438 0.00
6439 48.98
6440 1.73
6441 2.66
6442 1.80
6443 1.57
6444 2.24
6445 2.38
6446 1.58
6447 1.84
6448 3.76
6449 3.67
6450 3.10
6451 2.81
6452 8.03
6453 14.08
6454 0.00
6455 24.66
6456 26.28
6457 0.00
6458 0.00
6459 0.00
6460 0.00
6461 0.00
6462 2.18
6463 31.03
6464 1.56
6465 2.05
6466 1.31
6467 1.58
6468 2.76
6469 2.17
6470 1.71
6471 2.09
6472 4.31
6473 2.77
6474 3.75
6475 2.97
6476 5.84
6477 10.27
6478 48.21
6479 45.00
6480 0.00
6481 0.00
6482 0.00
6483 0.00
6484 0.00
6485 0.00
6486 50.00
6487 33.64
6488 1.28
6489 2.34
6490 1.59
6491 1.70
6492 2.18
6493 3.62
6494 2.46
6495 3.05
6496 3.95
6497 3.13
6498 3.01
6499 2.25
6500 3.61
6501 6.46
6502 12.01
6503 0.00
6504 16.72
6505 50.70
6506 0.00
6507 0.00
6508 0.00
6509 0.00
6510 0.00
6511 31.65
6512 0.36
6513 13.49
6514 9.32
6515 9.64
6516 4.07
6517 1.86
6518 3.40
6519 2.00
6520 6.59
6521 6.61
6522 5.48
6523 1.91
6524 5.05
6525 6.28
6526 0.00
6527 0.00
6528 38.71
6529 51.43
6530 0.00
6531 0.00
6532 0.00
6533 47.37
6534 0.00
6535 31.30
6536 34.95
6537 0.00
6538 0.00
6539 0.00
6540 0.00
6541 2.54
6542 0.00
6543 36.36
6544 50.70
6545 8.07
6546 59.02
6547 0.95
6548 23.84
6549 0.00
6550 0.00
6551 0.00
6552 13.48
6553 1.44
6554 0.00
6555 4.38
6556 0.00
6557 0.00
6558 0.00
6559 48.00
6560 0.81
6561 12.58
6562 18.54
6563 7.13
6564 4.24
6565 6.10
6566 7.62
6567 10.87
6568 6.72
6569 40.30
6570 24.40
6571 6.12
6572 7.87
6573 4.51
6574 0.00
6575 0.67
6576 7.97
6577 42.60
6578 0.00
6579 0.00
6580 4.52
6581 0.00
6582 0.00
6583 0.00
6584 22.50
6585 47.37
6586 49.32
6587 1.38
6588 46.75
6589 50.70
6590 15.93
6591 23.03
6592 6.45
6593 36.73
6594 0.00
6595 52.17
6596 3.82
6597 25.17
6598 0.00
6599 12.33
6600 8.16
6601 0.00
6602 0.00
6603 5.16
6604 16.82
6605 0.00
6606 25.76
6607 15.98
6608 2.07
6609 6.54
6610 1.32
6611 2.04
6612 2.15
6613 2.83
6614 2.99
6615 1.76
6616 2.87
6617 4.87
6618 10.00
6619 5.84
6620 11.66
6621 18.68
6622 53.73
6623 0.00
6624 50.00
6625 0.00
6626 0.00
6627 0.00
6628 0.00
6629 11.96
6630 17.22
6631 0.00
6632 2.67
6633 8.09
6634 1.56
6635 1.60
6636 2.23
6637 2.21
6638 2.49
6639 3.11
6640 3.21
6641 5.88
6642 9.85
6643 3.48
6644 6.17
6645 10.94
6646 38.30
6647 0.00
6648 27.07
6649 0.00
6650 0.00
6651 0.00
6652 0.00
6653 36.73
6654 30.57
6655 0.00
6656 2.62
6657 7.61
6658 2.01
6659 2.96
6660 2.30
6661 2.10
6662 3.00
6663 2.73
6664 2.64
6665 6.41
6666 6.37
6667 4.63
6668 4.46
6669 20.00
6670 0.00
6671 0.00
6672 0.00
6673 0.00
6674 0.00
6675 0.00
6676 0.00
6677 26.57
6678 31.03
6679 0.00
6680 4.29
6681 3.83
6682 3.50
6683 2.33
6684 2.21
6685 2.72
6686 1.98
6687 2.84
6688 4.80
6689 6.48
6690 8.61
6691 3.07
6692 4.30
6693 10.16
6694 12.54
6695 0.00
6696 37.89
6697 0.00
6698 0.00
6699 0.00
6700 0.00
6701 0.00
6702 25.26
6703 13.19
6704 5.13
6705 5.86
6706 1.88
6707 2.40
6708 2.40
6709 2.07
6710 2.14
6711 2.96
6712 3.13
6713 5.16
6714 7.59
6715 2.77
6716 5.60
6717 7.75
6718 0.34
6719 1.87
6720 0.00
6721 0.76
6722 58.06
6723 0.00
6724 0.00
6725 0.00
6726 52.17
6727 9.38
6728 1.75
6729 4.46
6730 10.52
6731 6.86
6732 7.53
6733 4.93
6734 5.85
6735 6.08
6736 5.01
6737 7.33
6738 2.83
6739 2.27
6740 2.77
6741 3.54
6742 0.00
6743 0.00
6744 58.06
6745 0.00
6746 0.00
6747 11.65
6748 0.00
6749 26.09
6750 0.00
6751 7.98
6752 0.00
6753 0.00
6754 16.74
6755 0.00
6756 41.06
6757 19.94
6758 15.16
6759 1.08
6760 16.29
6761 8.53
6762 3.24
6763 0.00
6764 0.00
6765 0.00
6766 0.00
6767 0.00
6768 12.52
6769 49.32
6770 0.00
6771 20.57
6772 0.00
6773 0.00
6774 15.75
6775 0.00
6776 3.25
6777 6.31
6778 1.56
6779 2.18
6780 2.66
6781 3.29
6782 1.99
6783 3.03
6784 2.43
6785 6.91
6786 10.64
6787 5.78
6788 5.42
6789 22.02
6790 0.00
6791 20.57
6792 0.00
6793 18.27
6794 0.00
6795 0.00
6796 22.57
6797 0.00
6798 25.29
6799 0.00
6800 3.31
6801 2.52
6802 1.22
6803 2.04
6804 2.20
6805 2.29
6806 2.47
6807 2.23
6808 2.79
6809 7.48
6810 8.09
6811 4.96
6812 4.78
6813 26.80
6814 0.00
6815 13.24
6816 0.00
6817 33.33
6818 0.00
6819 0.00
6820 0.00
6821 0.00
6822 20.57
6823 37.70
6824 1.56
6825 2.17
6826 2.09
6827 1.61
6828 2.75
6829 2.77
6830 2.38
6831 2.67
6832 5.32
6833 5.45
6834 8.36
6835 3.40
6836 5.83
6837 33.00
6838 17.91
6839 25.35
6840 0.00
6841 50.70
6842 0.00
6843 0.00
6844 0.00
6845 0.00
6846 15.86
6847 25.00
6848 3.58
6849 6.11
6850 1.89
6851 2.34
6852 2.49
6853 3.30
6854 2.49
6855 2.20
6856 2.59
6857 6.12
6858 10.45
6859 4.34
6860 7.82
6861 18.00
6862 0.00
6863 0.00
6864 0.00
6865 31.86
6866 0.00
6867 0.00
6868 0.00
6869 0.00
6870 17.48
6871 0.00
6872 3.19
6873 3.19
6874 1.98
6875 2.55
6876 2.45
6877 1.93
6878 2.95
6879 2.59
6880 3.68
6881 6.14
6882 5.45
6883 2.97
6884 3.89
6885 6.07
6886 57.14
6887 37.31
6888 0.00
6889 0.00
6890 0.00
6891 0.00
6892 0.00
6893 0.00
6894 0.00
6895 43.37
6896 1.76
6897 3.11
6898 3.79
6899 4.97
6900 5.92
6901 3.10
6902 3.56
6903 5.18
6904 3.84
6905 7.47
6906 5.81
6907 4.79
6908 3.50
6909 4.89
6910 0.00
6911 47.68
6912 43.37
6913 0.00
6914 0.00
6915 0.00
6916 0.00
6917 0.00
6918 0.00
6919 0.00
6920 0.00
6921 0.00
6922 0.00
6923 0.00
6924 0.00
6925 40.91
6926 0.00
6927 54.55
6928 0.00
6929 0.00
6930 52.94
6931 0.00
6932 53.73
6933 0.00
6934 0.00
6935 0.00
6936 0.00
6937 0.00
6938 0.00
6939 0.00
6940 19.57
6941 0.00
6942 10.40
6943 44.44
6944 6.69
6945 6.06
6946 2.00
6947 2.10
6948 2.86
6949 3.30
6950 2.95
6951 2.55
6952 2.92
6953 6.31
6954 11.59
6955 7.79
6956 29.11
6957 16.07
6958 0.00
6959 0.00
6960 0.00
6961 0.00
6962 0.00
6963 0.00
6964 0.00
6965 9.73
6966 16.07
6967 0.00
6968 5.49
6969 2.96
6970 2.38
6971 1.78
6972 2.24
6973 2.01
6974 1.83
6975 2.32
6976 2.43
6977 7.28
6978 6.84
6979 3.80
6980 11.51
6981 34.17
6982 45.57
6983 33.64
6984 0.00
6985 0.00
6986 0.00
6987 0.00
6988 0.00
6989 0.00
6990 22.36
6991 25.96
6992 5.31
6993 5.34
6994 2.05
6995 1.46
6996 2.62
6997 2.59
6998 2.40
6999 3.32
7000 4.04
7001 7.45
7002 6.82
7003 4.08
7004 14.24
7005 28.75
7006 0.00
7007 26.67
7008 0.00
7009 0.00
7010 0.00
7011 0.00
7012 0.00
7013 0.00
7014 29.43
7015 0.00
7016 1.40
7017 6.12
7018 2.33
7019 2.07
7020 2.33
7021 3.59
7022 2.59
7023 3.60
7024 2.53
7025 5.47
7026 6.85
7027 3.34
7028 15.95
7029 30.27
7030 41.38
7031 44.44
7032 0.00
7033 0.00
7034 0.00
7035 0.00
7036 0.00
7037 0.00
7038 16.59
7039 0.00
7040 2.48
7041 6.63
7042 2.36
7043 2.09
7044 2.28
7045 2.42
7046 1.92
7047 2.26
7048 3.79
7049 5.10
7050 5.69
7051 3.34
7052 3.70
7053 4.19
7054 0.37
7055 18.37
7056 6.54
7057 0.94
7058 0.00
7059 55.38
7060 0.00
7061 0.00
7062 0.00
7063 5.89
7064 0.81
7065 4.60
7066 3.24
7067 4.17
7068 2.64
7069 2.09
7070 3.70
7071 1.98
7072 3.55
7073 2.52
7074 7.61
7075 2.19
7076 4.07
7077 4.46
7078 1.54
7079 0.00
7080 1.97
7081 0.81
7082 0.00
7083 0.00
7084 8.39
7085 54.55
7086 0.00
7087 6.50
7088 0.00
7089 0.00
7090 0.23
7091 0.00
7092 0.00
7093 0.72
7094 0.00
7095 0.40
7096 0.00
7097 0.60
7098 0.00
7099 43.90
7100 39.56
7101 0.00
7102 0.00
7103 0.00
7104 7.83
7105 0.00
7106 0.00
7107 0.00
7108 16.82
7109 4.33
7110 17.34
7111 37.50
7112 4.00
7113 3.76
7114 1.86
7115 1.67
7116 2.60
7117 2.11
7118 2.04
7119 2.81
7120 4.05
7121 4.96
7122 9.95
7123 7.38
7124 19.63
7125 33.64
7126 0.00
7127 55.17
7128 46.15
7129 0.00
7130 4.22
7131 0.00
7132 0.00
7133 0.00
7134 28.02
7135 18.90
7136 3.28
7137 6.09
7138 1.85
7139 1.47
7140 2.26
7141 3.12
7142 2.81
7143 2.80
7144 2.72
7145 6.20
7146 9.91
7147 5.69
7148 9.87
7149 20.50
7150 0.00
7151 0.00
7152 0.00
7153 0.00
7154 0.00
7155 0.00
7156 0.00
7157 0.00
7158 0.00
7159 28.57
7160 2.25
7161 9.31
7162 2.40
7163 1.87
7164 2.74
7165 3.27
7166 2.38
7167 3.87
7168 3.54
7169 5.45
7170 8.47
7171 5.92
7172 11.15
7173 26.71
7174 0.00
7175 0.00
7176 0.00
7177 0.00
7178 3.56
7179 0.00
7180 0.00
7181 33.96
7182 17.22
7183 26.28
7184 7.61
7185 3.11
7186 1.96
7187 1.61
7188 2.29
7189 2.67
7190 1.80
7191 2.18
7192 4.22
7193 4.96
7194 5.24
7195 3.15
7196 5.45
7197 22.61
7198 6.13
7199 28.57
7200 0.00
7201 0.00
7202 0.00
7203 0.00
7204 0.00
7205 0.00
7206 15.65
7207 20.22
7208 2.65
7209 10.11
7210 1.95
7211 1.53
7212 3.11
7213 2.64
7214 2.63
7215 2.35
7216 2.34
7217 6.00
7218 7.26
7219 10.47
7220 8.16
7221 7.04
7222 11.99
7223 0.00
7224 0.00
7225 0.00
7226 0.00
7227 1.37
7228 0.00
7229 0.00
7230 0.00
7231 0.00
7232 1.21
7233 1.32
7234 3.88
7235 3.94
7236 4.40
7237 3.14
7238 2.78
7239 4.42
7240 2.75
7241 4.87
7242 7.48
7243 3.02
7244 6.06
7245 2.75
7246 25.09
7247 0.00
7248 1.07
7249 1.73
7250 0.00
7251 0.00
7252 8.33
7253 17.65
7254 0.00
7255 4.12
7256 51.06
7257 52.94
7258 0.00
7259 5.13
7260 45.57
7261 40.00
7262 34.95
7263 0.00
7264 0.00
7265 0.00
7266 10.84
7267 0.00
7268 0.00
7269 0.00
7270 55.38
7271 0.00
7272 6.04
7273 0.00
7274 0.00
7275 10.35
7276 0.00
7277 0.00
7278 0.00
7279 0.00
7280 1.35
7281 4.00
7282 2.24
7283 2.30
7284 2.81
7285 3.56
7286 2.15
7287 2.13
7288 3.11
7289 6.27
7290 7.98
7291 7.20
7292 14.02
7293 17.16
7294 30.34
7295 0.00
7296 59.02
7297 0.00
7298 0.00
7299 0.00
7300 0.00
7301 0.00
7302 0.00
7303 0.00
7304 0.21
7305 0.22
7306 0.26
7307 0.26
7308 0.47
7309 0.92
7310 0.59
7311 0.91
7312 3.24
7313 0.83
7314 1.96
7315 2.57
7316 6.45
7317 31.96
7318 0.00
7319 0.00
7320 52.17
7321 0.00
7322 0.00
7323 0.00
7324 0.00
7325 0.00
7326 20.15
7327 23.68
7328 1.60
7329 2.62
7330 1.30
7331 1.49
7332 2.43
7333 2.65
7334 2.07
7335 2.62
7336 2.64
7337 4.99
7338 7.73
7339 6.22
7340 12.67
7341 38.38
7342 41.38
7343 33.96
7344 0.00
7345 37.89
7346 0.00
7347 0.00
7348 0.00
7349 0.00
7350 26.87
7351 15.19
7352 6.10
7353 4.47
7354 1.79
7355 1.73
7356 3.04
7357 2.27
7358 2.33
7359 2.61
7360 3.14
7361 5.89
7362 10.97
7363 7.87
7364 11.37
7365 19.85
7366 0.00
7367 0.00
7368 47.37
7369 0.00
7370 0.00
7371 0.00
7372 0.00
7373 14.88
7374 0.00
7375 23.84
7376 5.66
7377 8.32
7378 1.39
7379 2.09
7380 2.12
7381 2.12
7382 2.28
7383 1.97
7384 3.32
7385 7.75
7386 5.76
7387 3.90
7388 3.87
7389 3.15
7390 0.00
7391 0.00
7392 0.00
7393 27.17
7394 0.00
7395 0.00
7396 0.00
7397 0.00
7398 0.00
7399 18.00
7400 1.86
7401 16.09
7402 13.22
7403 6.00
7404 5.14
7405 6.98
7406 3.61
7407 5.47
7408 3.94
7409 3.89
7410 27.95
7411 4.61
7412 3.60
7413 3.23
7414 3.28
7415 8.83
7416 3.33
7417 3.56
7418 17.73
7419 0.00
7420 0.00
7421 0.00
7422 0.00
7423 5.31
7424 52.94
7425 35.29
7426 52.17
7427 50.00
7428 0.00
7429 0.41
7430 7.02
7431 1.26
7432 24.49
7433 37.70
7434 6.10
7435 53.73
7436 0.00
7437 0.00
7438 0.00
7439 0.00
7440 6.17
7441 0.00
7442 0.00
7443 0.00
7444 16.00
7445 0.00
7446 23.18
7447 0.00
7448 2.06
7449 9.05
7450 2.41
7451 1.84
7452 2.68
7453 2.25
7454 2.17
7455 2.30
7456 3.55
7457 7.93
7458 5.43
7459 6.29
7460 17.12
7461 41.59
7462 0.00
7463 45.00
7464 0.00
7465 0.00
7466 3.08
7467 0.00
7468 0.00
7469 23.76
7470 18.18
7471 31.03
7472 1.50
7473 5.32
7474 1.48
7475 1.31
7476 1.50
7477 1.98
7478 2.80
7479 2.22
7480 3.06
7481 5.74
7482 7.27
7483 4.21
7484 19.85
7485 11.57
7486 0.00
7487 0.00
7488 0.00
7489 0.00
7490 0.00
7491 0.00
7492 0.00
7493 35.82
7494 0.00
7495 40.68
7496 3.13
7497 2.83
7498 1.53
7499 1.64
7500 2.05
7501 2.41
7502 1.87
7503 2.27
7504 3.27
7505 4.18
7506 12.02
7507 3.01
7508 8.76
7509 6.12
7510 0.00
7511 45.00
7512 0.00
7513 0.00
7514 0.00
7515 0.00
7516 0.00
7517 16.82
7518 35.73
7519 11.85
7520 4.88
7521 4.98
7522 2.31
7523 2.08
7524 1.90
7525 2.23
7526 2.17
7527 1.90
7528 2.80
7529 3.96
7530 5.55
7531 2.77
7532 6.60
7533 24.42
7534 0.00
7535 46.75
7536 0.00
7537 0.00
7538 0.00
7539 0.00
7540 0.00
7541 0.00
7542 0.00
7543 16.10
7544 1.12
7545 3.09
7546 2.13
7547 1.74
7548 1.96
7549 2.29
7550 1.87
7551 1.90
7552 2.64
7553 3.31
7554 3.32
7555 2.18
7556 2.91
7557 3.72
7558 20.00
7559 0.00
7560 27.91
7561 7.89
7562 0.00
7563 0.00
7564 10.11
7565 3.96
7566 0.00
7567 17.62
7568 3.00
7569 20.48
7570 2.64
7571 5.04
7572 5.36
7573 5.09
7574 3.68
7575 2.99
7576 2.49
7577 2.17
7578 2.06
7579 2.19
7580 3.61
7581 2.58
7582 0.00
7583 0.62
7584 0.00
7585 0.58
7586 17.06
7587 0.00
7588 0.00
7589 4.62
7590 0.00
7591 9.30
7592 0.00
7593 0.00
7594 55.38
7595 0.00
7596 1.72
7597 0.00
7598 56.25
7599 4.81
7600 3.12
7601 38.30
7602 40.91
7603 0.00
7604 38.71
7605 37.89
7606 27.80
7607 0.00
7608 7.38
7609 4.62
7610 0.00
7611 0.00
7612 19.57
7613 0.00
7614 41.06
7615 16.61
7616 1.03
7617 2.52
7618 1.60
7619 1.47
7620 2.94
7621 2.18
7622 2.29
7623 2.47
7624 2.55
7625 3.38
7626 5.83
7627 5.35
7628 6.07
7629 19.25
7630 10.98
7631 9.78
7632 0.00
7633 6.41
7634 0.00
7635 0.00
7636 0.00
7637 55.38
7638 6.72
7639 18.37
7640 1.14
7641 2.68
7642 1.77
7643 1.96
7644 1.97
7645 2.23
7646 1.88
7647 2.02
7648 2.36
7649 4.22
7650 4.92
7651 2.93
7652 5.63
7653 14.46
7654 0.00
7655 9.61
7656 0.00
7657 4.23
7658 0.00
7659 0.00
7660 0.00
7661 20.81
7662 7.42
7663 0.00
7664 0.72
7665 2.82
7666 2.40
7667 2.31
7668 1.96
7669 1.64
7670 2.26
7671 2.13
7672 3.28
7673 2.95
7674 4.95
7675 3.00
7676 11.67
7677 11.41
7678 0.00
7679 10.75
7680 0.00
7681 0.00
7682 0.00
7683 0.00
7684 0.00
7685 0.00
7686 32.73
7687 10.78
7688 5.68
7689 3.92
7690 1.82
7691 1.97
7692 1.76
7693 2.14
7694 2.45
7695 2.11
7696 3.93
7697 2.53
7698 3.06
7699 2.49
7700 5.06
7701 13.90
7702 59.02
7703 31.03
7704 0.00
7705 0.00
7706 0.00
7707 0.00
7708 0.00
7709 0.00
7710 29.39
7711 8.27
7712 1.18
7713 4.48
7714 2.13
7715 1.16
7716 2.78
7717 1.94
7718 2.70
7719 2.80
7720 3.81
7721 4.19
7722 3.46
7723 2.61
7724 6.66
7725 11.41
7726 0.34
7727 43.90
7728 19.93
7729 3.06
7730 0.00
7731 0.00
7732 0.00
7733 0.00
7734 4.61
7735 29.51
7736 8.26
7737 23.66
7738 21.73
7739 2.29
7740 2.29
7741 1.51
7742 1.87
7743 2.14
7744 1.47
7745 13.49
7746 6.76
7747 2.10
7748 3.04
7749 7.13
7750 0.00
7751 11.36
7752 2.10
7753 1.45
7754 0.00
7755 0.00
7756 0.00
7757 0.00
7758 0.00
7759 0.00
7760 0.00
7761 0.10
7762 0.00
7763 0.40
7764 0.00
7765 0.00
7766 0.00
7767 0.00
7768 0.00
7769 0.00
7770 0.00
7771 4.19
7772 0.00
7773 0.00
7774 0.00
7775 0.00
7776 7.14
7777 0.00
7778 0.00
7779 0.00
7780 18.95
7781 3.84
7782 33.72
7783 18.00
7784 0.81
7785 2.81
7786 2.39
7787 1.59
7788 1.47
7789 1.94
7790 1.61
7791 2.36
7792 3.21
7793 3.57
7794 4.46
7795 4.46
7796 17.01
7797 27.20
7798 43.90
7799 18.37
7800 24.83
7801 0.00
7802 0.00
7803 0.00
7804 0.00
7805 17.91
7806 0.00
7807 5.89
7808 0.78
7809 2.62
7810 1.69
7811 1.43
7812 1.84
7813 1.75
7814 2.02
7815 2.06
7816 3.35
7817 3.31
7818 2.63
7819 2.45
7820 5.12
7821 5.06
7822 0.00
7823 14.21
7824 0.00
7825 0.00
7826 0.00
7827 19.35
7828 0.00
7829 0.00
7830 34.62
7831 21.18
7832 0.71
7833 2.71
7834 1.47
7835 1.14
7836 1.82
7837 1.97
7838 1.88
7839 1.80
7840 2.73
7841 2.57
7842 3.61
7843 3.71
7844 4.37
7845 19.70
7846 50.00
7847 47.21
7848 46.75
7849 0.00
7850 0.00
7851 0.00
7852 0.00
7853 0.00
7854 4.34
7855 48.65
7856 0.98
7857 3.15
7858 2.36
7859 1.82
7860 2.14
7861 1.93
7862 2.57
7863 2.53
7864 2.88
7865 5.15
7866 5.43
7867 2.67
7868 3.77
7869 6.47
7870 50.70
7871 43.64
7872 50.70
7873 7.07
7874 0.00
7875 0.00
7876 17.73
7877 3.02
7878 19.89
7879 7.18
7880 1.52
7881 1.75
7882 1.40
7883 1.88
7884 2.18
7885 2.62
7886 1.91
7887 2.16
7888 4.19
7889 2.99
7890 4.17
7891 2.30
7892 2.57
7893 9.01
7894 0.98
7895 0.00
7896 0.00
7897 1.28
7898 0.00
7899 0.00
7900 0.00
7901 0.00
7902 0.00
7903 0.00
7904 0.56
7905 3.46
7906 4.54
7907 2.57
7908 2.41
7909 1.65
7910 2.59
7911 2.48
7912 3.02
7913 8.14
7914 5.14
7915 4.26
7916 3.98
7917 3.22
7918 26.28
7919 0.00
7920 0.00
7921 1.33
7922 0.00
7923 0.00
7924 0.00
7925 0.00
7926 0.00
7927 0.00
7928 0.00
7929 0.00
7930 38.30
7931 49.32
7932 49.32
7933 28.35
7934 0.80
7935 0.00
7936 52.94
7937 50.70
7938 0.00
7939 0.00
7940 0.00
7941 18.85
7942 27.48
7943 13.09
7944 7.56
7945 0.00
7946 0.00
7947 19.89
7948 0.00
7949 0.00
7950 22.02
7951 45.86
7952 1.10
7953 3.87
7954 1.13
7955 1.41
7956 1.97
7957 1.81
7958 1.93
7959 2.11
7960 2.81
7961 3.17
7962 5.58
7963 2.92
7964 5.89
7965 6.09
7966 0.00
7967 52.94
7968 38.30
7969 0.00
7970 0.00
7971 0.00
7972 0.00
7973 0.00
7974 7.40
7975 17.94
7976 1.29
7977 9.23
7978 1.59
7979 1.93
7980 2.28
7981 2.14
7982 2.93
7983 2.62
7984 2.42
7985 2.90
7986 4.07
7987 2.95
7988 15.36
7989 18.21
7990 1.78
7991 4.88
7992 0.00
7993 0.00
7994 0.00
7995 17.22
7996 0.00
7997 0.00
7998 12.39
7999 33.03
8000 1.01
8001 3.65
8002 3.14
8003 1.64
8004 2.07
8005 3.11
8006 1.71
8007 2.64
8008 3.51
8009 2.72
8010 3.05
8011 3.11
8012 4.11
8013 16.79
8014 13.71
8015 0.00
8016 0.00
8017 4.90
8018 0.00
8019 0.00
8020 0.00
8021 5.43
8022 18.98
8023 42.19
8024 2.24
8025 5.15
8026 1.48
8027 1.41
8028 2.36
8029 2.89
8030 1.76
8031 2.22
8032 2.58
8033 2.58
8034 8.00
8035 3.00
8036 2.99
8037 6.56
8038 0.00
8039 9.90
8040 0.00
8041 37.11
8042 6.75
8043 0.00
8044 19.15
8045 0.00
8046 8.31
8047 27.44
8048 1.35
8049 5.92
8050 2.26
8051 2.03
8052 1.77
8053 1.91
8054 2.49
8055 2.14
8056 2.76
8057 3.11
8058 3.35
8059 2.83
8060 3.97
8061 4.37
8062 15.56
8063 48.65
8064 47.37
8065 0.00
8066 0.00
8067 0.00
8068 0.00
8069 5.16
8070 0.00
8071 0.00
8072 0.36
8073 32.85
8074 7.86
8075 1.53
8076 1.89
8077 2.24
8078 3.10
8079 2.08
8080 2.50
8081 5.87
8082 4.23
8083 2.24
8084 3.58
8085 4.91
8086 2.30
8087 2.90
8088 0.00
8089 2.40
8090 0.00
8091 26.28
8092 2.54
8093 0.00
8094 0.00
8095 8.49
8096 46.75
8097 6.14
8098 0.00
8099 0.00
8100 2.75
8101 0.00
8102 0.99
8103 0.00
8104 0.00
8105 7.91
8106 43.37
8107 54.96
8108 0.00
8109 0.00
8110 0.00
8111 0.00
8112 7.10
8113 0.00
8114 0.00
8115 20.22
8116 2.28
8117 0.00
8118 0.00
8119 19.83
8120 0.77
8121 2.85
8122 1.07
8123 1.22
8124 1.74
8125 1.93
8126 1.80
8127 2.25
8128 2.59
8129 3.19
8130 3.35
8131 3.44
8132 2.86
8133 20.66
8134 5.76
8135 46.75
8136 0.00
8137 8.24
8138 0.00
8139 0.00
8140 0.00
8141 4.31
8142 23.68
8143 0.00
8144 0.86
8145 4.32
8146 1.89
8147 1.63
8148 2.42
8149 2.25
8150 2.24
8151 2.53
8152 3.89
8153 2.73
8154 3.96
8155 2.69
8156 4.94
8157 6.94
8158 5.51
8159 32.14
8160 44.44
8161 0.00
8162 0.00
8163 0.00
8164 0.00
8165 1.68
8166 53.73
8167 22.06
8168 1.42
8169 3.65
8170 1.81
8171 2.00
8172 1.47
8173 2.76
8174 2.92
8175 1.96
8176 2.06
8177 3.00
8178 6.59
8179 3.62
8180 5.65
8181 17.41
8182 0.00
8183 7.56
8184 0.00
8185 0.00
8186 0.00
8187 0.00
8188 0.00
8189 0.00
8190 0.00
8191 19.70
8192 0.98
8193 2.36
8194 1.57
8195 1.67
8196 1.61
8197 1.81
8198 1.41
8199 2.73
8200 3.64
8201 3.75
8202 5.80
8203 3.67
8204 4.23
8205 5.72
8206 12.35
8207 44.44
8208 0.00
8209 10.50
8210 0.00
8211 0.00
8212 0.00
8213 0.00
8214 16.22
8215 17.87
8216 2.47
8217 1.13
8218 1.58
8219 1.87
8220 2.00
8221 2.88
8222 2.74
8223 2.16
8224 3.27
8225 3.04
8226 2.94
8227 2.44
8228 2.82
8229 1.30
8230 0.00
8231 0.00
8232 20.34
8233 2.32
8234 0.00
8235 0.00
8236 0.00
8237 1.84
8238 0.00
8239 2.72
8240 4.48
8241 7.84
8242 6.31
8243 2.41
8244 3.11
8245 2.76
8246 3.60
8247 3.39
8248 1.89
8249 1.95
8250 4.43
8251 4.00
8252 3.82
8253 3.01
8254 3.06
8255 33.44
8256 10.40
8257 22.36
8258 0.00
8259 0.00
8260 0.00
8261 1.99
8262 0.00
8263 0.00
8264 0.00
8265 0.00
8266 43.90
8267 59.02
8268 18.04
8269 2.09
8270 7.29
8271 3.33
8272 3.13
8273 0.00
8274 0.00
8275 26.97
8276 51.43
8277 0.00
8278 0.00
8279 0.00
8280 7.16
8281 0.00
8282 0.00
8283 17.31
8284 0.00
8285 2.76
8286 24.91
8287 39.56
8288 2.18
8289 2.63
8290 1.55
8291 2.22
8292 1.73
8293 1.74
8294 2.42
8295 2.99
8296 2.98
8297 2.78
8298 5.27
8299 5.17
8300 8.94
8301 41.32
8302 0.00
8303 14.38
8304 29.27
8305 10.84
8306 0.00
8307 0.00
8308 0.00
8309 0.00
8310 6.78
8311 2.25
8312 1.26
8313 3.89
8314 1.91
8315 1.22
8316 1.81
8317 2.08
8318 1.99
8319 2.10
8320 2.26
8321 3.40
8322 4.06
8323 2.37
8324 6.24
8325 23.65
8326 23.34
8327 29.27
8328 0.00
8329 0.00
8330 8.91
8331 0.00
8332 0.00
8333 0.00
8334 38.71
8335 23.08
8336 1.53
8337 2.00
8338 1.34
8339 1.59
8340 2.30
8341 2.14
8342 2.99
8343 2.42
8344 1.77
8345 2.10
8346 3.31
8347 3.23
8348 4.50
8349 10.91
8350 7.39
8351 11.39
8352 0.00
8353 3.29
8354 0.00
8355 0.00
8356 0.00
8357 0.00
8358 0.00
8359 25.71
8360 7.74
8361 1.68
8362 1.75
8363 1.86
8364 1.65
8365 2.53
8366 2.03
8367 1.95
8368 3.32
8369 2.12
8370 2.79
8371 2.18
8372 3.82
8373 7.48
8374 41.38
8375 12.93
8376 0.00
8377 0.00
8378 0.00
8379 0.00
8380 8.39
8381 0.00
8382 0.00
8383 20.75
8384 3.52
8385 2.29
8386 1.69
8387 1.52
8388 2.52
8389 2.36
8390 2.28
8391 2.66
8392 2.58
8393 2.36
8394 2.30
8395 2.52
8396 2.59
8397 2.17
8398 0.38
8399 0.00
8400 0.00
8401 1.38
8402 0.00
8403 0.00
8404 0.00
8405 4.32
8406 0.00
8407 26.87
8408 0.36
8409 2.27
8410 4.16
8411 2.26
8412 5.55
8413 2.44
8414 2.48
8415 2.41
8416 1.29
8417 1.94
8418 2.47
8419 1.72
8420 2.71
8421 3.48
8422 0.00
8423 1.81
8424 0.00
8425 0.61
8426 0.00
8427 0.00
8428 0.00
8429 0.00
8430 0.00
8431 0.00
8432 56.25
8433 0.25
8434 48.00
8435 0.00
8436 0.00
8437 45.00
8438 0.00
8439 0.65
8440 0.00
8441 0.00
8442 0.00
8443 52.17
8444 0.00
8445 0.00
8446 0.00
8447 15.03
8448 8.22
8449 0.00
8450 15.13
8451 0.00
8452 0.00
8453 3.61
8454 15.79
8455 22.43
8456 4.05
8457 3.76
8458 2.30
8459 2.29
8460 2.14
8461 2.61
8462 1.77
8463 2.06
8464 3.58
8465 4.17
8466 2.66
8467 2.99
8468 3.28
8469 7.01
8470 41.86
8471 34.62
8472 0.00
8473 0.00
8474 0.00
8475 0.00
8476 0.00
8477 0.00
8478 30.13
8479 0.00
8480 2.83
8481 4.00
8482 1.99
8483 1.75
8484 1.97
8485 1.87
8486 2.42
8487 2.47
8488 2.65
8489 2.34
8490 5.45
8491 2.26
8492 7.37
8493 7.08
8494 15.96
8495 42.86
8496 0.00
8497 10.08
8498 0.00
8499 0.00
8500 0.00
8501 0.00
8502 59.02
8503 6.70
8504 1.49
8505 2.61
8506 1.88
8507 2.34
8508 2.24
8509 2.47
8510 2.53
8511 2.03
8512 1.99
8513 2.85
8514 2.76
8515 2.88
8516 6.87
8517 5.78
8518 50.70
8519 19.78
8520 0.00
8521 0.00
8522 0.00
8523 0.00
8524 0.00
8525 0.00
8526 0.00
8527 4.59
8528 7.99
8529 5.13
8530 2.85
8531 2.51
8532 2.34
8533 2.49
8534 2.10
8535 2.11
8536 3.93
8537 2.63
8538 2.36
8539 2.60
8540 3.45
8541 5.16
8542 0.00
8543 0.00
8544 0.00
8545 0.00
8546 16.74
8547 0.00
8548 0.00
8549 0.00
8550 55.38
8551 13.87
8552 4.66
8553 3.82
8554 3.41
8555 2.50
8556 1.89
8557 2.83
8558 2.22
8559 3.27
8560 2.91
8561 3.07
8562 2.39
8563 2.11
8564 5.78
8565 5.97
8566 25.26
8567 13.14
8568 50.70
8569 0.00
8570 0.00
8571 0.00
8572 0.00
8573 0.00
8574 0.00
8575 0.00
8576 2.20
8577 16.99
8578 3.53
8579 4.85
8580 3.37
8581 1.81
8582 3.13
8583 3.02
8584 3.41
8585 4.70
8586 3.05
8587 3.04
8588 15.30
8589 25.90
8590 0.00
8591 33.96
8592 0.00
8593 43.37
8594 0.00
8595 0.00
8596 0.00
8597 0.00
8598 0.00
8599 0.00
8600 0.00
8601 0.00
8602 10.91
8603 0.00
8604 0.00
8605 0.00
8606 0.00
8607 0.00
8608 0.00
8609 33.96
8610 40.45
8611 42.86
8612 0.00
8613 48.65
8614 0.00
8615 0.00
8616 0.00
8617 0.00
8618 0.00
8619 0.00
8620 0.00
8621 0.00
8622 0.00
8623 0.00
8624 0.35
8625 0.45
8626 0.39
8627 0.77
8628 0.80
8629 0.70
8630 0.60
8631 1.03
8632 0.68
8633 0.85
8634 1.88
8635 1.73
8636 3.61
8637 4.52
8638 0.00
8639 28.46
8640 0.00
8641 7.66
8642 0.00
8643 0.00
8644 0.00
8645 1.23
8646 0.00
8647 50.70
8648 0.34
8649 0.33
8650 0.61
8651 1.33
8652 0.78
8653 1.04
8654 1.45
8655 1.38
8656 2.16
8657 1.64
8658 1.19
8659 3.08
8660 4.13
8661 7.95
8662 0.00
8663 42.86
8664 0.00
8665 18.85
8666 13.48
8667 0.00
8668 0.00
8669 0.00
8670 0.00
8671 0.00
8672 0.73
8673 11.78
8674 2.17
8675 2.80
8676 2.08
8677 1.52
8678 2.45
8679 1.90
8680 4.07
8681 2.48
8682 3.64
8683 5.11
8684 6.53
8685 48.32
8686 0.00
8687 0.00
8688 0.00
8689 0.00
8690 0.00
8691 0.00
8692 0.00
8693 0.00
8694 49.32
8695 56.25
8696 1.39
8697 27.52
8698 5.38
8699 5.18
8700 2.26
8701 2.44
8702 1.87
8703 2.64
8704 2.40
8705 2.09
8706 2.39
8707 4.64
8708 10.81
8709 13.00
8710 15.45
8711 46.75
8712 2.70
8713 0.00
8714 0.00
8715 0.00
8716 0.00
8717 0.00
8718 10.43
8719 0.00
8720 0.94
8721 4.64
8722 4.19
8723 3.82
8724 1.82
8725 2.90
8726 2.08
8727 2.91
8728 2.57
8729 3.68
8730 7.61
8731 2.94
8732 10.41
8733 9.79
8734 0.00
8735 0.00
8736 0.00
8737 0.00
8738 0.00
8739 0.00
8740 0.00
8741 0.00
8742 0.00
8743 0.00
8744 0.77
8745 32.89
8746 5.40
8747 30.24
8748 3.93
8749 4.42
8750 22.98
8751 6.06
8752 3.64
8753 8.49
8754 19.15
8755 4.61
8756 8.15
8757 39.13
8758 0.00
8759 2.31
8760 1.67
