1 2
2 0
3 2
4 0
5 0
6 0
7 0
8 0
9 2
10 0
11 0
12 0
13 0
14 0
15 0
16 2
17 0
18 2
19 0
20 0
21 1
22 0
23 0
24 0
25 1
26 0
27 0
28 0
29 0
30 0
31 1
32 18
33 6
34 9
35 11
36 22
37 20
38 21
39 24
40 17
41 6
42 9
43 6
44 5
45 2
46 0
47 1
48 1
49 1
50 0
51 0
52 0
53 0
54 0
55 0
56 15
57 22
58 31
59 38
60 46
61 35
62 32
63 47
64 43
65 33
66 30
67 13
68 28
69 10
70 1
71 0
72 1
73 0
74 0
75 0
76 0
77 1
78 1
79 0
80 20
81 54
82 45
83 52
84 43
85 48
86 46
87 34
88 32
89 51
90 44
91 28
92 45
93 11
94 0
95 1
96 2
97 0
98 0
99 0
100 0
101 0
102 2
103 0
104 27
105 29
106 53
107 40
108 49
109 54
110 44
111 45
112 49
113 36
114 40
115 37
116 15
117 5
118 2
119 0
120 0
121 0
122 0
123 0
124 0
125 0
126 0
127 1
128 15
129 56
130 33
131 44
132 42
133 59
134 46
135 56
136 61
137 46
138 47
139 44
140 42
141 18
142 1
143 0
144 2
145 0
146 0
147 0
148 0
149 1
150 0
151 3
152 14
153 12
154 6
155 18
156 21
157 18
158 27
159 21
160 19
161 23
162 8
163 24
164 14
165 12
166 1
167 0
168 1
169 3
170 0
171 0
172 0
173 0
174 0
175 0
176 0
177 0
178 2
179 0
180 0
181 2
182 0
183 0
184 1
185 0
186 2
187 2
188 0
189 0
190 1
191 0
192 2
193 0
194 0
195 0
196 0
197 1
198 2
199 1
200 18
201 52
202 42
203 45
204 50
205 47
206 60
207 62
208 59
209 36
210 37
211 25
212 24
213 17
214 1
215 0
216 0
217 0
218 0
219 0
220 0
221 0
222 2
223 2
224 25
225 67
226 69
227 58
228 69
229 74
230 69
231 60
232 42
233 44
234 33
235 37
236 34
237 14
238 0
239 0
240 0
241 0
242 0
243 0
244 1
245 0
246 1
247 0
248 27
249 47
250 48
251 53
252 44
253 66
254 64
255 62
256 55
257 48
258 32
259 26
260 27
261 8
262 0
263 1
264 1
265 0
266 0
267 0
268 0
269 0
270 2
271 1
272 30
273 82
274 66
275 54
276 64
277 68
278 79
279 71
280 55
281 49
282 37
283 45
284 48
285 12
286 1
287 0
288 0
289 0
290 0
291 0
292 0
293 0
294 1
295 0
296 33
297 79
298 63
299 53
300 65
301 67
302 62
303 55
304 77
305 54
306 55
307 71
308 37
309 16
310 0
311 0
312 0
313 0
314 0
315 0
316 0
317 0
318 0
319 0
320 21
321 12
322 14
323 16
324 31
325 29
326 27
327 31
328 22
329 13
330 12
331 34
332 27
333 7
334 1
335 2
336 0
337 1
338 1
339 1
340 0
341 0
342 0
343 0
344 0
345 0
346 2
347 0
348 1
349 2
350 0
351 2
352 0
353 0
354 0
355 0
356 0
357 0
358 0
359 2
360 1
361 0
362 0
363 0
364 1
365 0
366 4
367 0
368 41
369 73
370 71
371 74
372 53
373 62
374 60
375 65
376 50
377 53
378 49
379 25
380 7
381 7
382 0
383 1
384 0
385 0
386 0
387 0
388 0
389 0
390 1
391 0
392 40
393 80
394 70
395 84
396 61
397 61
398 62
399 78
400 73
401 51
402 61
403 51
404 33
405 3
406 1
407 0
408 0
409 0
410 0
411 0
412 0
413 0
414 1
415 1
416 37
417 81
418 79
419 60
420 68
421 78
422 69
423 52
424 71
425 47
426 46
427 41
428 40
429 13
430 1
431 3
432 0
433 0
434 0
435 0
436 0
437 0
438 0
439 1
440 28
441 80
442 76
443 56
444 71
445 74
446 78
447 58
448 60
449 50
450 51
451 66
452 33
453 5
454 0
455 1
456 0
457 0
458 0
459 0
460 0
461 0
462 0
463 1
464 25
465 55
466 66
467 85
468 79
469 84
470 65
471 72
472 73
473 69
474 65
475 68
476 48
477 14
478 0
479 2
480 2
481 0
482 0
483 0
484 0
485 0
486 0
487 0
488 14
489 7
490 10
491 21
492 17
493 34
494 30
495 28
496 20
497 19
498 14
499 25
500 35
501 12
502 0
503 1
504 1
505 0
506 0
507 0
508 0
509 0
510 0
511 1
512 0
513 0
514 2
515 0
516 0
517 0
518 0
519 0
520 1
521 0
522 0
523 0
524 1
525 0
526 1
527 0
528 1
529 0
530 0
531 0
532 0
533 0
534 1
535 1
536 26
537 80
538 93
539 65
540 80
541 84
542 77
543 80
544 83
545 72
546 61
547 67
548 39
549 9
550 0
551 1
552 0
553 0
554 0
555 0
556 0
557 0
558 1
559 2
560 45
561 89
562 111
563 88
564 57
565 56
566 94
567 81
568 108
569 63
570 39
571 54
572 43
573 12
574 0
575 0
576 2
577 0
578 0
579 0
580 0
581 0
582 1
583 1
584 42
585 82
586 94
587 99
588 71
589 75
590 82
591 81
592 81
593 71
594 52
595 56
596 47
597 8
598 1
599 0
600 2
601 0
602 0
603 0
604 0
605 1
606 0
607 0
608 20
609 18
610 22
611 16
612 29
613 33
614 45
615 65
616 16
617 14
618 7
619 18
620 19
621 6
622 0
623 0
624 0
625 0
626 0
627 0
628 0
629 1
630 0
631 1
632 24
633 62
634 84
635 82
636 76
637 93
638 78
639 78
640 98
641 56
642 40
643 41
644 20
645 7
646 0
647 2
648 1
649 0
650 0
651 0
652 0
653 0
654 0
655 1
656 17
657 13
658 24
659 22
660 23
661 17
662 15
663 28
664 19
665 20
666 14
667 22
668 15
669 9
670 0
671 2
672 0
673 2
674 0
675 0
676 0
677 0
678 0
679 0
680 1
681 0
682 0
683 1
684 2
685 1
686 3
687 1
688 1
689 0
690 0
691 0
692 1
693 0
694 0
695 0
696 1
697 0
698 0
699 0
700 0
701 0
702 1
703 1
704 43
705 95
706 100
707 77
708 62
709 77
710 89
711 82
712 90
713 91
714 38
715 42
716 13
717 12
718 1
719 0
720 1
721 0
722 0
723 0
724 0
725 1
726 0
727 1
728 34
729 68
730 76
731 73
732 87
733 67
734 88
735 77
736 86
737 55
738 50
739 61
740 23
741 8
742 0
743 0
744 0
745 0
746 0
747 0
748 0
749 0
750 1
751 1
752 37
753 73
754 99
755 71
756 66
757 62
758 99
759 71
760 81
761 56
762 39
763 60
764 31
765 6
766 1
767 0
768 2
769 1
770 0
771 1
772 1
773 0
774 0
775 2
776 29
777 78
778 92
779 79
780 79
781 72
782 78
783 53
784 59
785 66
786 42
787 49
788 46
789 9
790 0
791 0
792 1
793 1
794 0
795 0
796 0
797 1
798 1
799 1
800 38
801 88
802 82
803 75
804 76
805 71
806 78
807 77
808 91
809 72
810 55
811 75
812 41
813 9
814 0
815 1
816 0
817 0
818 0
819 0
820 0
821 0
822 0
823 1
824 14
825 9
826 5
827 26
828 39
829 34
830 37
831 31
832 33
833 34
834 32
835 52
836 41
837 21
838 0
839 0
840 1
841 1
842 0
843 0
844 0
845 0
846 0
847 0
848 0
849 1
850 0
851 0
852 1
853 2
854 1
855 1
856 0
857 2
858 0
859 1
860 0
861 0
862 2
863 1
864 3
865 0
866 0
867 1
868 0
869 1
870 0
871 2
872 38
873 90
874 104
875 97
876 81
877 81
878 115
879 106
880 86
881 79
882 51
883 48
884 24
885 10
886 1
887 0
888 0
889 0
890 0
891 1
892 0
893 1
894 0
895 0
896 31
897 96
898 105
899 80
900 87
901 78
902 82
903 65
904 76
905 61
906 47
907 42
908 38
909 3
910 1
911 0
912 0
913 0
914 0
915 0
916 0
917 1
918 0
919 0
920 32
921 72
922 104
923 74
924 65
925 82
926 92
927 89
928 97
929 86
930 77
931 58
932 31
933 11
934 1
935 1
936 2
937 0
938 0
939 0
940 0
941 0
942 0
943 3
944 34
945 49
946 81
947 74
948 86
949 87
950 75
951 66
952 85
953 49
954 54
955 66
956 29
957 17
958 1
959 0
960 1
961 0
962 0
963 0
964 0
965 0
966 1
967 1
968 35
969 46
970 94
971 74
972 80
973 77
974 94
975 65
976 82
977 75
978 66
979 77
980 55
981 10
982 0
983 1
984 1
985 0
986 0
987 0
988 1
989 2
990 0
991 1
992 14
993 7
994 17
995 25
996 39
997 37
998 31
999 30
1000 35
1001 22
1002 34
1003 24
1004 56
1005 7
1006 1
1007 0
1008 1
1009 1
1010 0
1011 0
1012 0
1013 1
1014 0
1015 0
1016 0
1017 0
1018 0
1019 0
1020 0
1021 1
1022 2
1023 0
1024 0
1025 0
1026 0
1027 0
1028 0
1029 0
1030 0
1031 0
1032 4
1033 0
1034 0
1035 0
1036 0
1037 0
1038 0
1039 0
1040 39
1041 99
1042 110
1043 99
1044 89
1045 89
1046 119
1047 94
1048 95
1049 74
1050 47
1051 32
1052 27
1053 20
1054 1
1055 0
1056 0
1057 0
1058 0
1059 0
1060 0
1061 0
1062 0
1063 0
1064 34
1065 92
1066 99
1067 111
1068 114
1069 103
1070 96
1071 86
1072 105
1073 83
1074 54
1075 82
1076 54
1077 10
1078 0
1079 0
1080 0
1081 1
1082 0
1083 0
1084 0
1085 0
1086 0
1087 2
1088 25
1089 57
1090 91
1091 94
1092 74
1093 97
1094 118
1095 85
1096 79
1097 65
1098 40
1099 45
1100 42
1101 13
1102 0
1103 0
1104 1
1105 0
1106 0
1107 0
1108 0
1109 1
1110 1
1111 4
1112 30
1113 48
1114 90
1115 80
1116 76
1117 76
1118 81
1119 70
1120 112
1121 54
1122 49
1123 48
1124 31
1125 18
1126 0
1127 0
1128 1
1129 0
1130 0
1131 0
1132 0
1133 0
1134 1
1135 4
1136 31
1137 62
1138 82
1139 90
1140 89
1141 87
1142 103
1143 95
1144 107
1145 71
1146 53
1147 77
1148 64
1149 14
1150 1
1151 0
1152 0
1153 0
1154 0
1155 0
1156 0
1157 0
1158 0
1159 1
1160 11
1161 10
1162 26
1163 27
1164 30
1165 48
1166 42
1167 30
1168 36
1169 43
1170 35
1171 43
1172 33
1173 23
1174 1
1175 0
1176 3
1177 2
1178 0
1179 0
1180 0
1181 0
1182 0
1183 1
1184 0
1185 2
1186 0
1187 0
1188 1
1189 4
1190 0
1191 1
1192 0
1193 0
1194 0
1195 0
1196 0
1197 1
1198 0
1199 0
1200 1
1201 1
1202 0
1203 0
1204 0
1205 0
1206 1
1207 1
1208 33
1209 87
1210 115
1211 77
1212 71
1213 90
1214 72
1215 68
1216 84
1217 58
1218 55
1219 37
1220 23
1221 9
1222 0
1223 1
1224 1
1225 1
1226 0
1227 0
1228 1
1229 1
1230 0
1231 0
1232 36
1233 75
1234 95
1235 102
1236 84
1237 89
1238 95
1239 77
1240 78
1241 53
1242 62
1243 65
1244 35
1245 13
1246 1
1247 0
1248 0
1249 1
1250 0
1251 0
1252 0
1253 0
1254 0
1255 0
1256 35
1257 85
1258 89
1259 83
1260 64
1261 107
1262 99
1263 98
1264 105
1265 72
1266 63
1267 75
1268 41
1269 14
1270 0
1271 1
1272 0
1273 1
1274 0
1275 0
1276 0
1277 0
1278 0
1279 0
1280 32
1281 66
1282 89
1283 103
1284 107
1285 90
1286 83
1287 94
1288 80
1289 69
1290 64
1291 68
1292 49
1293 9
1294 1
1295 0
1296 0
1297 0
1298 0
1299 0
1300 0
1301 0
1302 0
1303 1
1304 42
1305 76
1306 154
1307 96
1308 110
1309 113
1310 118
1311 96
1312 110
1313 69
1314 70
1315 113
1316 80
1317 11
1318 1
1319 1
1320 1
1321 0
1322 0
1323 0
1324 0
1325 0
1326 0
1327 0
1328 20
1329 35
1330 39
1331 58
1332 42
1333 29
1334 34
1335 27
1336 20
1337 21
1338 34
1339 45
1340 60
1341 12
1342 1
1343 0
1344 1
1345 1
1346 0
1347 0
1348 0
1349 0
1350 0
1351 0
1352 0
1353 0
1354 0
1355 1
1356 1
1357 0
1358 0
1359 1
1360 0
1361 0
1362 0
1363 0
1364 0
1365 0
1366 1
1367 0
1368 1
1369 0
1370 0
1371 0
1372 0
1373 0
1374 2
1375 1
1376 37
1377 77
1378 117
1379 119
1380 112
1381 96
1382 109
1383 106
1384 97
1385 65
1386 32
1387 60
1388 42
1389 10
1390 0
1391 0
1392 2
1393 0
1394 0
1395 0
1396 0
1397 1
1398 1
1399 1
1400 26
1401 50
1402 109
1403 116
1404 91
1405 107
1406 100
1407 129
1408 115
1409 83
1410 43
1411 63
1412 50
1413 13
1414 1
1415 0
1416 0
1417 1
1418 0
1419 0
1420 0
1421 0
1422 1
1423 1
1424 40
1425 104
1426 93
1427 119
1428 109
1429 95
1430 108
1431 119
1432 105
1433 62
1434 28
1435 76
1436 21
1437 8
1438 2
1439 0
1440 0
1441 1
1442 0
1443 0
1444 0
1445 1
1446 2
1447 2
1448 67
1449 101
1450 111
1451 91
1452 93
1453 81
1454 107
1455 87
1456 109
1457 75
1458 57
1459 107
1460 71
1461 13
1462 0
1463 0
1464 3
1465 1
1466 0
1467 0
1468 0
1469 1
1470 0
1471 1
1472 12
1473 12
1474 21
1475 26
1476 28
1477 36
1478 41
1479 29
1480 34
1481 31
1482 12
1483 45
1484 59
1485 12
1486 2
1487 0
1488 1
1489 1
1490 0
1491 1
1492 0
1493 0
1494 1
1495 0
1496 0
1497 0
1498 2
1499 0
1500 0
1501 0
1502 0
1503 0
1504 0
1505 0
1506 0
1507 0
1508 0
1509 1
1510 0
1511 0
1512 1
1513 0
1514 0
1515 1
1516 0
1517 0
1518 3
1519 1
1520 119
1521 183
1522 357
1523 87
1524 111
1525 62
1526 65
1527 65
1528 76
1529 39
1530 51
1531 39
1532 34
1533 11
1534 0
1535 0
1536 0
1537 0
1538 0
1539 0
1540 0
1541 0
1542 3
1543 0
1544 74
1545 62
1546 85
1547 77
1548 73
1549 73
1550 97
1551 72
1552 55
1553 29
1554 32
1555 54
1556 36
1557 9
1558 0
1559 0
1560 0
1561 0
1562 0
1563 0
1564 0
1565 0
1566 1
1567 2
1568 64
1569 69
1570 64
1571 73
1572 50
1573 52
1574 45
1575 37
1576 48
1577 36
1578 25
1579 41
1580 37
1581 7
1582 3
1583 0
1584 0
1585 1
1586 0
1587 0
1588 0
1589 0
1590 3
1591 2
1592 69
1593 66
1594 63
1595 68
1596 61
1597 65
1598 39
1599 44
1600 49
1601 26
1602 25
1603 50
1604 45
1605 9
1606 0
1607 0
1608 1
1609 0
1610 0
1611 0
1612 0
1613 0
1614 0
1615 2
1616 65
1617 47
1618 52
1619 41
1620 50
1621 52
1622 40
1623 46
1624 43
1625 31
1626 24
1627 49
1628 50
1629 22
1630 1
1631 2
1632 1
1633 0
1634 0
1635 0
1636 0
1637 0
1638 0
1639 0
1640 62
1641 25
1642 17
1643 17
1644 19
1645 22
1646 28
1647 31
1648 23
1649 30
1650 27
1651 42
1652 25
1653 17
1654 0
1655 1
1656 0
1657 0
1658 0
1659 0
1660 0
1661 0
1662 0
1663 0
1664 0
1665 1
1666 1
1667 0
1668 1
1669 0
1670 1
1671 1
1672 0
1673 1
1674 0
1675 0
1676 1
1677 1
1678 0
1679 1
1680 0
1681 0
1682 0
1683 0
1684 0
1685 0
1686 0
1687 0
1688 57
1689 24
1690 22
1691 17
1692 28
1693 22
1694 15
1695 16
1696 23
1697 12
1698 13
1699 36
1700 17
1701 7
1702 0
1703 1
1704 0
1705 0
1706 0
1707 0
1708 0
1709 0
1710 1
1711 2
1712 69
1713 69
1714 71
1715 60
1716 53
1717 50
1718 38
1719 46
1720 41
1721 19
1722 33
1723 29
1724 25
1725 6
1726 0
1727 0
1728 0
1729 0
1730 0
1731 0
1732 0
1733 0
1734 2
1735 0
1736 73
1737 56
1738 52
1739 44
1740 61
1741 39
1742 37
1743 49
1744 47
1745 29
1746 22
1747 29
1748 11
1749 9
1750 2
1751 1
1752 3
1753 0
1754 0
1755 0
1756 0
1757 0
1758 1
1759 0
1760 78
1761 72
1762 51
1763 63
1764 39
1765 37
1766 46
1767 39
1768 41
1769 20
1770 17
1771 42
1772 38
1773 3
1774 1
1775 0
1776 0
1777 0
1778 0
1779 0
1780 0
1781 0
1782 1
1783 2
1784 65
1785 29
1786 62
1787 63
1788 58
1789 47
1790 50
1791 50
1792 41
1793 17
1794 16
1795 40
1796 46
1797 15
1798 2
1799 0
1800 2
1801 1
1802 0
1803 0
1804 0
1805 0
1806 0
1807 0
1808 66
1809 22
1810 21
1811 24
1812 21
1813 14
1814 14
1815 18
1816 5
1817 13
1818 18
1819 15
1820 27
1821 8
1822 0
1823 1
1824 0
1825 1
1826 0
1827 1
1828 0
1829 0
1830 0
1831 0
1832 0
1833 1
1834 0
1835 1
1836 1
1837 0
1838 0
1839 0
1840 0
1841 0
1842 0
1843 1
1844 0
1845 1
1846 0
1847 1
1848 1
1849 0
1850 0
1851 0
1852 0
1853 0
1854 2
1855 1
1856 77
1857 45
1858 42
1859 39
1860 46
1861 23
1862 40
1863 33
1864 37
1865 18
1866 14
1867 27
1868 17
1869 14
1870 1
1871 0
1872 0
1873 0
1874 0
1875 0
1876 0
1877 0
1878 1
1879 0
1880 71
1881 43
1882 44
1883 35
1884 28
1885 44
1886 42
1887 39
1888 40
1889 9
1890 11
1891 40
1892 30
1893 11
1894 1
1895 2
1896 1
1897 0
1898 0
1899 0
1900 0
1901 0
1902 1
1903 0
1904 67
1905 55
1906 47
1907 41
1908 37
1909 29
1910 52
1911 18
1912 34
1913 17
1914 12
1915 31
1916 19
1917 11
1918 0
1919 0
1920 1
1921 0
1922 0
1923 0
1924 0
1925 0
1926 2
1927 1
1928 63
1929 72
1930 50
1931 60
1932 38
1933 35
1934 30
1935 37
1936 25
1937 11
1938 14
1939 19
1940 32
1941 15
1942 1
1943 0
1944 0
1945 0
1946 0
1947 0
1948 0
1949 0
1950 1
1951 0
1952 69
1953 46
1954 43
1955 44
1956 36
1957 44
1958 50
1959 37
1960 45
1961 17
1962 15
1963 32
1964 32
1965 6
1966 0
1967 0
1968 0
1969 2
1970 0
1971 0
1972 1
1973 0
1974 0
1975 0
1976 53
1977 15
1978 9
1979 12
1980 12
1981 21
1982 10
1983 12
1984 15
1985 13
1986 18
1987 14
1988 49
1989 9
1990 0
1991 0
1992 0
1993 2
1994 0
1995 0
1996 0
1997 0
1998 0
1999 0
2000 0
2001 0
2002 0
2003 0
2004 0
2005 0
2006 1
2007 1
2008 1
2009 0
2010 0
2011 0
2012 1
2013 0
2014 1
2015 0
2016 1
2017 1
2018 0
2019 0
2020 0
2021 1
2022 0
2023 2
2024 60
2025 57
2026 82
2027 139
2028 42
2029 43
2030 44
2031 45
2032 59
2033 180
2034 61
2035 185
2036 16
2037 7
2038 0
2039 0
2040 1
2041 1
2042 1
2043 0
2044 0
2045 0
2046 1
2047 1
2048 40
2049 82
2050 99
2051 114
2052 76
2053 89
2054 71
2055 73
2056 79
2057 48
2058 40
2059 56
2060 30
2061 10
2062 0
2063 0
2064 0
2065 1
2066 0
2067 0
2068 1
2069 0
2070 0
2071 0
2072 36
2073 72
2074 88
2075 79
2076 79
2077 80
2078 109
2079 83
2080 91
2081 59
2082 40
2083 82
2084 66
2085 8
2086 1
2087 2
2088 0
2089 1
2090 0
2091 0
2092 0
2093 0
2094 1
2095 1
2096 36
2097 86
2098 105
2099 88
2100 97
2101 110
2102 84
2103 86
2104 93
2105 52
2106 59
2107 120
2108 90
2109 9
2110 0
2111 0
2112 0
2113 0
2114 1
2115 0
2116 0
2117 0
2118 0
2119 0
2120 41
2121 72
2122 86
2123 98
2124 81
2125 80
2126 92
2127 70
2128 78
2129 50
2130 58
2131 82
2132 91
2133 5
2134 1
2135 0
2136 0
2137 1
2138 0
2139 0
2140 0
2141 0
2142 0
2143 0
2144 30
2145 25
2146 24
2147 37
2148 54
2149 45
2150 41
2151 37
2152 43
2153 31
2154 22
2155 55
2156 78
2157 7
2158 2
2159 1
2160 0
2161 1
2162 2
2163 1
2164 0
2165 0
2166 0
2167 0
2168 0
2169 0
2170 1
2171 3
2172 1
2173 1
2174 0
2175 0
2176 1
2177 0
2178 0
2179 2
2180 0
2181 1
2182 0
2183 0
2184 1
2185 0
2186 1
2187 0
2188 0
2189 0
2190 2
2191 1
2192 32
2193 67
2194 96
2195 78
2196 91
2197 84
2198 78
2199 62
2200 88
2201 45
2202 50
2203 46
2204 29
2205 6
2206 1
2207 1
2208 0
2209 0
2210 0
2211 0
2212 0
2213 0
2214 0
2215 0
2216 30
2217 59
2218 98
2219 94
2220 86
2221 77
2222 77
2223 76
2224 87
2225 57
2226 35
2227 44
2228 46
2229 5
2230 0
2231 0
2232 0
2233 0
2234 0
2235 0
2236 0
2237 0
2238 0
2239 0
2240 38
2241 61
2242 74
2243 79
2244 92
2245 95
2246 94
2247 83
2248 77
2249 56
2250 28
2251 55
2252 42
2253 13
2254 0
2255 0
2256 0
2257 0
2258 0
2259 0
2260 0
2261 0
2262 0
2263 0
2264 45
2265 56
2266 72
2267 76
2268 99
2269 78
2270 58
2271 69
2272 60
2273 61
2274 53
2275 85
2276 74
2277 17
2278 0
2279 0
2280 0
2281 0
2282 0
2283 0
2284 0
2285 0
2286 0
2287 0
2288 23
2289 28
2290 21
2291 33
2292 38
2293 27
2294 38
2295 40
2296 24
2297 17
2298 12
2299 21
2300 31
2301 8
2302 0
2303 0
2304 0
2305 0
2306 0
2307 0
2308 0
2309 0
2310 0
2311 0
2312 14
2313 17
2314 23
2315 32
2316 34
2317 43
2318 46
2319 36
2320 28
2321 32
2322 17
2323 32
2324 36
2325 8
2326 0
2327 0
2328 0
2329 0
2330 0
2331 0
2332 0
2333 0
2334 0
2335 0
2336 0
2337 0
2338 0
2339 0
2340 0
2341 0
2342 0
2343 0
2344 0
2345 0
2346 0
2347 0
2348 0
2349 0
2350 0
2351 0
2352 0
2353 0
2354 0
2355 0
2356 0
2357 0
2358 0
2359 0
2360 21
2361 25
2362 20
2363 20
2364 23
2365 31
2366 24
2367 30
2368 23
2369 16
2370 10
2371 11
2372 23
2373 8
2374 0
2375 0
2376 0
2377 0
2378 0
2379 0
2380 0
2381 0
2382 2
2383 0
2384 27
2385 70
2386 66
2387 62
2388 63
2389 68
2390 63
2391 80
2392 73
2393 33
2394 23
2395 33
2396 36
2397 10
2398 0
2399 0
2400 0
2401 0
2402 0
2403 0
2404 0
2405 0
2406 1
2407 0
2408 33
2409 88
2410 88
2411 69
2412 57
2413 96
2414 88
2415 83
2416 72
2417 58
2418 36
2419 56
2420 41
2421 7
2422 1
2423 1
2424 0
2425 0
2426 1
2427 0
2428 0
2429 1
2430 0
2431 1
2432 28
2433 60
2434 74
2435 108
2436 75
2437 94
2438 83
2439 90
2440 86
2441 56
2442 36
2443 69
2444 53
2445 10
2446 0
2447 0
2448 1
2449 1
2450 0
2451 0
2452 0
2453 0
2454 0
2455 1
2456 28
2457 63
2458 70
2459 70
2460 88
2461 75
2462 74
2463 77
2464 78
2465 72
2466 48
2467 67
2468 60
2469 16
2470 1
2471 1
2472 1
2473 0
2474 0
2475 0
2476 0
2477 0
2478 0
2479 1
2480 17
2481 19
2482 13
2483 18
2484 28
2485 12
2486 26
2487 37
2488 21
2489 24
2490 29
2491 43
2492 62
2493 11
2494 0
2495 1
2496 2
2497 2
2498 2
2499 0
2500 0
2501 0
2502 0
2503 0
2504 0
2505 0
2506 1
2507 1
2508 0
2509 0
2510 1
2511 1
2512 0
2513 1
2514 1
2515 1
2516 1
2517 1
2518 0
2519 0
2520 0
2521 0
2522 0
2523 1
2524 0
2525 0
2526 1
2527 0
2528 24
2529 45
2530 72
2531 52
2532 32
2533 47
2534 40
2535 58
2536 53
2537 43
2538 31
2539 20
2540 40
2541 8
2542 0
2543 0
2544 0
2545 0
2546 0
2547 0
2548 0
2549 1
2550 1
2551 3
2552 28
2553 53
2554 71
2555 55
2556 38
2557 55
2558 56
2559 55
2560 46
2561 44
2562 35
2563 62
2564 52
2565 6
2566 0
2567 0
2568 0
2569 0
2570 0
2571 0
2572 0
2573 0
2574 2
2575 1
2576 27
2577 59
2578 88
2579 67
2580 94
2581 80
2582 85
2583 73
2584 83
2585 55
2586 39
2587 50
2588 30
2589 10
2590 0
2591 0
2592 0
2593 0
2594 0
2595 0
2596 0
2597 0
2598 2
2599 1
2600 19
2601 59
2602 79
2603 82
2604 87
2605 82
2606 74
2607 70
2608 55
2609 54
2610 46
2611 66
2612 71
2613 8
2614 0
2615 0
2616 1
2617 0
2618 0
2619 0
2620 0
2621 0
2622 0
2623 0
2624 22
2625 67
2626 104
2627 107
2628 72
2629 90
2630 84
2631 78
2632 82
2633 67
2634 60
2635 93
2636 72
2637 5
2638 1
2639 1
2640 0
2641 1
2642 0
2643 0
2644 0
2645 0
2646 0
2647 0
2648 8
2649 13
2650 15
2651 58
2652 41
2653 48
2654 22
2655 45
2656 33
2657 31
2658 18
2659 51
2660 60
2661 3
2662 2
2663 0
2664 1
2665 1
2666 1
2667 0
2668 1
2669 0
2670 0
2671 0
2672 0
2673 0
2674 0
2675 0
2676 1
2677 0
2678 0
2679 0
2680 0
2681 1
2682 0
2683 0
2684 0
2685 0
2686 0
2687 0
2688 0
2689 0
2690 0
2691 1
2692 0
2693 0
2694 1
2695 1
2696 16
2697 37
2698 59
2699 47
2700 94
2701 58
2702 61
2703 55
2704 72
2705 42
2706 35
2707 83
2708 29
2709 2
2710 0
2711 0
2712 0
2713 0
2714 0
2715 0
2716 0
2717 0
2718 2
2719 0
2720 27
2721 47
2722 72
2723 81
2724 81
2725 67
2726 78
2727 53
2728 75
2729 49
2730 46
2731 111
2732 56
2733 8
2734 0
2735 0
2736 0
2737 0
2738 0
2739 0
2740 0
2741 0
2742 0
2743 0
2744 10
2745 12
2746 14
2747 21
2748 20
2749 31
2750 37
2751 35
2752 16
2753 21
2754 16
2755 18
2756 21
2757 6
2758 0
2759 0
2760 0
2761 0
2762 1
2763 0
2764 0
2765 0
2766 1
2767 1
2768 28
2769 56
2770 81
2771 72
2772 54
2773 74
2774 59
2775 59
2776 79
2777 58
2778 32
2779 61
2780 33
2781 9
2782 0
2783 0
2784 0
2785 0
2786 0
2787 0
2788 0
2789 0
2790 1
2791 1
2792 24
2793 72
2794 71
2795 85
2796 75
2797 79
2798 68
2799 96
2800 78
2801 49
2802 34
2803 55
2804 57
2805 22
2806 0
2807 0
2808 0
2809 1
2810 0
2811 0
2812 0
2813 0
2814 0
2815 0
2816 13
2817 11
2818 28
2819 31
2820 31
2821 30
2822 37
2823 28
2824 27
2825 31
2826 18
2827 28
2828 44
2829 14
2830 1
2831 1
2832 1
2833 0
2834 0
2835 0
2836 0
2837 0
2838 0
2839 0
2840 0
2841 0
2842 0
2843 1
2844 3
2845 1
2846 1
2847 2
2848 1
2849 0
2850 0
2851 0
2852 0
2853 0
2854 0
2855 0
2856 0
2857 0
2858 0
2859 1
2860 0
2861 0
2862 1
2863 2
2864 36
2865 58
2866 95
2867 91
2868 67
2869 70
2870 73
2871 83
2872 84
2873 43
2874 27
2875 45
2876 25
2877 4
2878 0
2879 1
2880 0
2881 0
2882 0
2883 0
2884 0
2885 0
2886 2
2887 0
2888 21
2889 59
2890 74
2891 81
2892 63
2893 73
2894 74
2895 56
2896 65
2897 43
2898 27
2899 42
2900 36
2901 7
2902 1
2903 0
2904 0
2905 0
2906 0
2907 1
2908 0
2909 0
2910 1
2911 1
2912 41
2913 54
2914 96
2915 95
2916 62
2917 94
2918 65
2919 70
2920 75
2921 41
2922 49
2923 62
2924 32
2925 10
2926 0
2927 0
2928 0
2929 0
2930 0
2931 0
2932 0
2933 1
2934 1
2935 0
2936 25
2937 51
2938 86
2939 78
2940 67
2941 71
2942 72
2943 70
2944 56
2945 47
2946 47
2947 66
2948 43
2949 9
2950 1
2951 1
2952 0
2953 0
2954 0
2955 0
2956 0
2957 0
2958 0
2959 2
2960 19
2961 59
2962 103
2963 82
2964 58
2965 80
2966 81
2967 50
2968 75
2969 63
2970 35
2971 78
2972 58
2973 14
2974 0
2975 0
2976 0
2977 0
2978 0
2979 0
2980 0
2981 0
2982 0
2983 0
2984 14
2985 13
2986 10
2987 33
2988 31
2989 42
2990 25
2991 28
2992 23
2993 14
2994 15
2995 32
2996 37
2997 5
2998 1
2999 1
3000 1
3001 2
3002 0
3003 0
3004 0
3005 0
3006 0
3007 0
3008 1
3009 0
3010 0
3011 0
3012 0
3013 1
3014 0
3015 1
3016 0
3017 0
3018 0
3019 0
3020 1
3021 0
3022 0
3023 0
3024 1
3025 0
3026 0
3027 0
3028 0
3029 1
3030 0
3031 1
3032 23
3033 71
3034 96
3035 73
3036 78
3037 69
3038 85
3039 80
3040 61
3041 44
3042 29
3043 26
3044 30
3045 7
3046 0
3047 0
3048 0
3049 0
3050 0
3051 0
3052 0
3053 0
3054 2
3055 0
3056 50
3057 75
3058 85
3059 72
3060 77
3061 56
3062 85
3063 65
3064 56
3065 41
3066 48
3067 43
3068 39
3069 11
3070 0
3071 1
3072 1
3073 0
3074 0
3075 1
3076 0
3077 0
3078 1
3079 1
3080 30
3081 75
3082 101
3083 56
3084 78
3085 56
3086 87
3087 69
3088 79
3089 57
3090 47
3091 62
3092 27
3093 5
3094 0
3095 0
3096 0
3097 0
3098 0
3099 0
3100 0
3101 0
3102 2
3103 0
3104 38
3105 61
3106 70
3107 87
3108 82
3109 84
3110 70
3111 62
3112 74
3113 57
3114 55
3115 71
3116 34
3117 8
3118 0
3119 1
3120 1
3121 0
3122 0
3123 0
3124 0
3125 0
3126 0
3127 1
3128 29
3129 47
3130 99
3131 90
3132 92
3133 95
3134 70
3135 67
3136 53
3137 36
3138 34
3139 85
3140 48
3141 11
3142 0
3143 0
3144 1
3145 1
3146 0
3147 0
3148 0
3149 0
3150 1
3151 0
3152 12
3153 9
3154 10
3155 27
3156 30
3157 35
3158 35
3159 28
3160 29
3161 31
3162 27
3163 40
3164 60
3165 18
3166 1
3167 1
3168 0
3169 1
3170 0
3171 0
3172 0
3173 0
3174 0
3175 0
3176 0
3177 0
3178 0
3179 0
3180 0
3181 1
3182 0
3183 0
3184 0
3185 0
3186 0
3187 0
3188 0
3189 1
3190 0
3191 0
3192 0
3193 0
3194 0
3195 1
3196 0
3197 0
3198 2
3199 1
3200 28
3201 71
3202 74
3203 65
3204 57
3205 76
3206 72
3207 84
3208 64
3209 49
3210 25
3211 46
3212 28
3213 10
3214 1
3215 0
3216 0
3217 0
3218 0
3219 0
3220 0
3221 0
3222 1
3223 1
3224 27
3225 58
3226 77
3227 90
3228 75
3229 78
3230 79
3231 81
3232 73
3233 44
3234 31
3235 48
3236 32
3237 12
3238 0
3239 0
3240 0
3241 0
3242 0
3243 0
3244 0
3245 0
3246 1
3247 0
3248 25
3249 83
3250 66
3251 75
3252 67
3253 65
3254 88
3255 68
3256 72
3257 38
3258 33
3259 55
3260 42
3261 11
3262 0
3263 0
3264 0
3265 0
3266 0
3267 0
3268 0
3269 1
3270 0
3271 1
3272 30
3273 79
3274 88
3275 91
3276 98
3277 71
3278 67
3279 60
3280 92
3281 48
3282 35
3283 53
3284 54
3285 9
3286 1
3287 0
3288 0
3289 0
3290 0
3291 0
3292 0
3293 0
3294 0
3295 2
3296 37
3297 69
3298 74
3299 77
3300 67
3301 75
3302 93
3303 79
3304 76
3305 64
3306 45
3307 103
3308 60
3309 10
3310 0
3311 1
3312 0
3313 0
3314 0
3315 0
3316 0
3317 0
3318 0
3319 0
3320 29
3321 22
3322 19
3323 36
3324 38
3325 46
3326 33
3327 31
3328 27
3329 26
3330 17
3331 41
3332 54
3333 15
3334 0
3335 0
3336 1
3337 0
3338 0
3339 0
3340 0
3341 0
3342 0
3343 0
3344 0
3345 1
3346 0
3347 1
3348 1
3349 0
3350 0
3351 1
3352 1
3353 0
3354 1
3355 1
3356 0
3357 0
3358 0
3359 0
3360 0
3361 0
3362 0
3363 1
3364 0
3365 0
3366 1
3367 2
3368 34
3369 59
3370 79
3371 68
3372 78
3373 68
3374 83
3375 65
3376 69
3377 33
3378 26
3379 20
3380 24
3381 11
3382 1
3383 0
3384 0
3385 0
3386 0
3387 0
3388 0
3389 0
3390 3
3391 1
3392 32
3393 66
3394 67
3395 81
3396 50
3397 59
3398 70
3399 52
3400 59
3401 47
3402 35
3403 49
3404 41
3405 14
3406 0
3407 0
3408 0
3409 0
3410 0
3411 0
3412 0
3413 1
3414 1
3415 1
3416 35
3417 69
3418 90
3419 69
3420 82
3421 69
3422 71
3423 78
3424 62
3425 52
3426 29
3427 53
3428 40
3429 14
3430 1
3431 0
3432 0
3433 0
3434 0
3435 0
3436 0
3437 0
3438 1
3439 0
3440 35
3441 62
3442 86
3443 83
3444 69
3445 86
3446 64
3447 75
3448 65
3449 50
3450 39
3451 61
3452 50
3453 5
3454 1
3455 1
3456 0
3457 0
3458 0
3459 0
3460 0
3461 0
3462 0
3463 1
3464 25
3465 67
3466 118
3467 72
3468 63
3469 75
3470 62
3471 54
3472 53
3473 43
3474 37
3475 81
3476 63
3477 16
3478 0
3479 0
3480 0
3481 0
3482 0
3483 0
3484 0
3485 0
3486 0
3487 0
3488 15
3489 7
3490 16
3491 36
3492 30
3493 36
3494 36
3495 42
3496 42
3497 24
3498 25
3499 38
3500 41
3501 20
3502 3
3503 2
3504 0
3505 2
3506 0
3507 0
3508 0
3509 0
3510 0
3511 0
3512 0
3513 0
3514 0
3515 0
3516 1
3517 1
3518 0
3519 1
3520 0
3521 1
3522 0
3523 0
3524 0
3525 0
3526 0
3527 0
3528 0
3529 0
3530 0
3531 0
3532 0
3533 0
3534 1
3535 2
3536 24
3537 59
3538 68
3539 79
3540 67
3541 61
3542 65
3543 61
3544 53
3545 36
3546 28
3547 29
3548 15
3549 8
3550 0
3551 0
3552 0
3553 1
3554 0
3555 0
3556 1
3557 0
3558 0
3559 2
3560 30
3561 68
3562 107
3563 85
3564 77
3565 70
3566 75
3567 57
3568 78
3569 49
3570 32
3571 31
3572 25
3573 2
3574 0
3575 0
3576 0
3577 0
3578 0
3579 0
3580 0
3581 1
3582 3
3583 0
3584 32
3585 59
3586 87
3587 94
3588 68
3589 80
3590 75
3591 62
3592 77
3593 42
3594 42
3595 47
3596 40
3597 18
3598 0
3599 0
3600 0
3601 1
3602 0
3603 0
3604 0
3605 1
3606 3
3607 0
3608 42
3609 84
3610 88
3611 80
3612 88
3613 118
3614 80
3615 85
3616 86
3617 54
3618 32
3619 47
3620 51
3621 11
3622 0
3623 0
3624 1
3625 1
3626 0
3627 0
3628 0
3629 1
3630 1
3631 5
3632 28
3633 59
3634 101
3635 70
3636 93
3637 91
3638 96
3639 84
3640 46
3641 36
3642 23
3643 71
3644 63
3645 10
3646 1
3647 0
3648 1
3649 0
3650 0
3651 0
3652 0
3653 0
3654 0
3655 1
3656 7
3657 12
3658 18
3659 15
3660 34
3661 31
3662 36
3663 43
3664 28
3665 17
3666 28
3667 28
3668 31
3669 16
3670 0
3671 3
3672 0
3673 5
3674 0
3675 0
3676 0
3677 1
3678 0
3679 0
3680 1
3681 0
3682 1
3683 0
3684 2
3685 1
3686 1
3687 2
3688 0
3689 1
3690 0
3691 0
3692 0
3693 2
3694 0
3695 0
3696 2
3697 0
3698 0
3699 0
3700 0
3701 0
3702 1
3703 0
3704 39
3705 55
3706 92
3707 59
3708 77
3709 79
3710 72
3711 72
3712 52
3713 32
3714 36
3715 22
3716 17
3717 18
3718 0
3719 3
3720 0
3721 1
3722 0
3723 0
3724 0
3725 0
3726 0
3727 0
3728 22
3729 72
3730 97
3731 75
3732 81
3733 82
3734 70
3735 91
3736 77
3737 57
3738 31
3739 44
3740 52
3741 11
3742 0
3743 0
3744 0
3745 0
3746 0
3747 0
3748 0
3749 1
3750 1
3751 1
3752 42
3753 84
3754 96
3755 66
3756 77
3757 71
3758 110
3759 64
3760 74
3761 42
3762 33
3763 44
3764 35
3765 14
3766 0
3767 1
3768 0
3769 0
3770 0
3771 0
3772 0
3773 0
3774 0
3775 0
3776 24
3777 78
3778 110
3779 80
3780 78
3781 78
3782 77
3783 80
3784 78
3785 54
3786 58
3787 58
3788 42
3789 11
3790 0
3791 1
3792 0
3793 1
3794 0
3795 0
3796 0
3797 1
3798 0
3799 1
3800 31
3801 68
3802 77
3803 90
3804 74
3805 75
3806 85
3807 55
3808 70
3809 40
3810 40
3811 62
3812 61
3813 11
3814 1
3815 2
3816 0
3817 0
3818 0
3819 0
3820 0
3821 0
3822 0
3823 1
3824 18
3825 18
3826 10
3827 24
3828 28
3829 16
3830 22
3831 38
3832 22
3833 17
3834 20
3835 22
3836 47
3837 11
3838 0
3839 2
3840 1
3841 1
3842 0
3843 0
3844 0
3845 0
3846 0
3847 0
3848 1
3849 2
3850 0
3851 1
3852 2
3853 2
3854 2
3855 2
3856 4
3857 0
3858 1
3859 1
3860 0
3861 0
3862 0
3863 1
3864 0
3865 1
3866 1
3867 0
3868 0
3869 0
3870 0
3871 0
3872 16
3873 31
3874 18
3875 18
3876 7
3877 11
3878 21
3879 15
3880 29
3881 18
3882 4
3883 12
3884 15
3885 1
3886 1
3887 1
3888 0
3889 0
3890 0
3891 0
3892 0
3893 0
3894 4
3895 2
3896 28
3897 81
3898 103
3899 81
3900 72
3901 86
3902 96
3903 76
3904 77
3905 53
3906 29
3907 33
3908 23
3909 2
3910 0
3911 0
3912 0
3913 0
3914 0
3915 0
3916 0
3917 0
3918 2
3919 1
3920 23
3921 71
3922 76
3923 75
3924 80
3925 70
3926 81
3927 49
3928 59
3929 31
3930 27
3931 37
3932 38
3933 6
3934 0
3935 1
3936 0
3937 0
3938 0
3939 0
3940 0
3941 0
3942 2
3943 2
3944 28
3945 63
3946 98
3947 81
3948 67
3949 79
3950 102
3951 79
3952 69
3953 43
3954 45
3955 47
3956 33
3957 5
3958 0
3959 0
3960 0
3961 0
3962 0
3963 0
3964 0
3965 0
3966 0
3967 1
3968 26
3969 62
3970 87
3971 83
3972 76
3973 85
3974 75
3975 65
3976 78
3977 46
3978 40
3979 65
3980 54
3981 15
3982 2
3983 0
3984 0
3985 1
3986 0
3987 0
3988 0
3989 0
3990 0
3991 0
3992 8
3993 3
3994 2
3995 1
3996 4
3997 4
3998 6
3999 19
4000 40
4001 28
4002 13
4003 35
4004 39
4005 14
4006 1
4007 1
4008 1
4009 2
4010 0
4011 0
4012 0
4013 0
4014 0
4015 0
4016 0
4017 1
4018 0
4019 0
4020 8
4021 0
4022 1
4023 1
4024 1
4025 0
4026 0
4027 0
4028 0
4029 0
4030 1
4031 0
4032 1
4033 0
4034 0
4035 0
4036 0
4037 0
4038 0
4039 1
4040 36
4041 65
4042 73
4043 84
4044 75
4045 85
4046 85
4047 77
4048 82
4049 46
4050 19
4051 40
4052 18
4053 7
4054 0
4055 0
4056 0
4057 0
4058 0
4059 0
4060 0
4061 0
4062 1
4063 0
4064 44
4065 47
4066 85
4067 75
4068 53
4069 67
4070 58
4071 51
4072 74
4073 44
4074 27
4075 38
4076 31
4077 2
4078 0
4079 0
4080 0
4081 0
4082 0
4083 0
4084 0
4085 0
4086 2
4087 2
4088 27
4089 67
4090 83
4091 73
4092 79
4093 80
4094 95
4095 65
4096 75
4097 41
4098 31
4099 37
4100 24
4101 8
4102 1
4103 0
4104 0
4105 0
4106 0
4107 0
4108 0
4109 0
4110 1
4111 2
4112 43
4113 60
4114 86
4115 79
4116 72
4117 86
4118 72
4119 75
4120 69
4121 58
4122 39
4123 85
4124 48
4125 10
4126 1
4127 0
4128 2
4129 1
4130 0
4131 0
4132 0
4133 2
4134 1
4135 1
4136 30
4137 56
4138 80
4139 73
4140 67
4141 80
4142 82
4143 74
4144 90
4145 61
4146 40
4147 61
4148 68
4149 9
4150 1
4151 3
4152 0
4153 2
4154 0
4155 0
4156 0
4157 1
4158 0
4159 0
4160 12
4161 10
4162 26
4163 33
4164 26
4165 34
4166 51
4167 30
4168 38
4169 31
4170 22
4171 30
4172 23
4173 3
4174 1
4175 0
4176 2
4177 3
4178 0
4179 0
4180 0
4181 0
4182 0
4183 0
4184 2
4185 1
4186 2
4187 0
4188 5
4189 2
4190 2
4191 1
4192 0
4193 1
4194 2
4195 0
4196 3
4197 1
4198 0
4199 0
4200 1
4201 0
4202 0
4203 0
4204 0
4205 1
4206 0
4207 3
4208 15
4209 40
4210 64
4211 76
4212 52
4213 59
4214 51
4215 49
4216 59
4217 43
4218 43
4219 36
4220 27
4221 4
4222 1
4223 0
4224 0
4225 0
4226 0
4227 0
4228 0
4229 1
4230 2
4231 4
4232 23
4233 58
4234 83
4235 56
4236 55
4237 64
4238 79
4239 68
4240 72
4241 38
4242 44
4243 47
4244 23
4245 13
4246 2
4247 1
4248 1
4249 0
4250 0
4251 1
4252 0
4253 0
4254 1
4255 0
4256 24
4257 70
4258 92
4259 76
4260 79
4261 107
4262 90
4263 73
4264 57
4265 38
4266 41
4267 45
4268 18
4269 4
4270 1
4271 2
4272 0
4273 0
4274 0
4275 0
4276 0
4277 1
4278 1
4279 2
4280 26
4281 78
4282 56
4283 84
4284 90
4285 79
4286 58
4287 91
4288 67
4289 52
4290 37
4291 64
4292 33
4293 5
4294 0
4295 1
4296 1
4297 0
4298 0
4299 0
4300 0
4301 1
4302 0
4303 2
4304 38
4305 60
4306 79
4307 86
4308 80
4309 101
4310 87
4311 100
4312 93
4313 58
4314 34
4315 80
4316 67
4317 19
4318 1
4319 0
4320 0
4321 2
4322 0
4323 0
4324 0
4325 0
4326 0
4327 0
4328 25
4329 30
4330 32
4331 40
4332 35
4333 25
4334 56
4335 40
4336 46
4337 26
4338 10
4339 21
4340 32
4341 18
4342 1
4343 2
4344 2
4345 2
4346 0
4347 0
4348 1
4349 0
4350 0
4351 0
4352 1
4353 2
4354 0
4355 2
4356 1
4357 2
4358 1
4359 3
4360 2
4361 0
4362 0
4363 0
4364 0
4365 0
4366 0
4367 0
4368 2
4369 0
4370 0
4371 0
4372 0
4373 0
4374 0
4375 2
4376 29
4377 56
4378 73
4379 56
4380 50
4381 62
4382 70
4383 74
4384 81
4385 46
4386 28
4387 37
4388 13
4389 7
4390 0
4391 1
4392 0
4393 0
4394 0
4395 0
4396 0
4397 0
4398 1
4399 1
4400 30
4401 60
4402 94
4403 65
4404 87
4405 84
4406 82
4407 71
4408 82
4409 44
4410 45
4411 46
4412 29
4413 7
4414 0
4415 0
4416 0
4417 0
4418 0
4419 0
4420 0
4421 0
4422 1
4423 0
4424 29
4425 82
4426 70
4427 68
4428 57
4429 69
4430 80
4431 79
4432 70
4433 57
4434 37
4435 54
4436 31
4437 4
4438 0
4439 0
4440 0
4441 1
4442 0
4443 0
4444 0
4445 0
4446 1
4447 3
4448 30
4449 78
4450 61
4451 82
4452 55
4453 70
4454 69
4455 77
4456 89
4457 47
4458 35
4459 44
4460 26
4461 3
4462 2
4463 3
4464 1
4465 0
4466 0
4467 0
4468 0
4469 0
4470 0
4471 0
4472 41
4473 52
4474 72
4475 74
4476 61
4477 75
4478 93
4479 67
4480 70
4481 50
4482 35
4483 80
4484 64
4485 11
4486 1
4487 5
4488 0
4489 0
4490 0
4491 0
4492 0
4493 0
4494 0
4495 0
4496 13
4497 21
4498 16
4499 18
4500 35
4501 37
4502 29
4503 20
4504 22
4505 21
4506 19
4507 35
4508 54
4509 16
4510 3
4511 0
4512 0
4513 2
4514 0
4515 0
4516 0
4517 1
4518 0
4519 0
4520 0
4521 0
4522 0
4523 1
4524 3
4525 0
4526 1
4527 2
4528 0
4529 0
4530 0
4531 0
4532 1
4533 0
4534 0
4535 1
4536 1
4537 0
4538 0
4539 0
4540 0
4541 1
4542 0
4543 0
4544 29
4545 60
4546 69
4547 62
4548 69
4549 70
4550 69
4551 81
4552 59
4553 36
4554 47
4555 31
4556 27
4557 6
4558 1
4559 0
4560 0
4561 0
4562 0
4563 0
4564 0
4565 0
4566 2
4567 0
4568 27
4569 67
4570 61
4571 91
4572 74
4573 84
4574 70
4575 66
4576 45
4577 45
4578 38
4579 48
4580 27
4581 4
4582 0
4583 2
4584 0
4585 0
4586 0
4587 0
4588 0
4589 1
4590 1
4591 0
4592 23
4593 71
4594 62
4595 82
4596 66
4597 84
4598 66
4599 73
4600 76
4601 59
4602 33
4603 43
4604 23
4605 12
4606 1
4607 1
4608 0
4609 0
4610 0
4611 0
4612 0
4613 1
4614 1
4615 1
4616 21
4617 72
4618 83
4619 61
4620 77
4621 69
4622 83
4623 84
4624 64
4625 44
4626 53
4627 60
4628 38
4629 8
4630 1
4631 0
4632 0
4633 0
4634 0
4635 0
4636 0
4637 0
4638 0
4639 1
4640 27
4641 57
4642 69
4643 81
4644 83
4645 68
4646 78
4647 82
4648 102
4649 58
4650 39
4651 55
4652 65
4653 11
4654 3
4655 3
4656 1
4657 0
4658 0
4659 0
4660 0
4661 0
4662 0
4663 0
4664 13
4665 19
4666 21
4667 28
4668 30
4669 30
4670 38
4671 39
4672 41
4673 33
4674 15
4675 42
4676 28
4677 14
4678 1
4679 0
4680 0
4681 2
4682 0
4683 0
4684 0
4685 0
4686 0
4687 0
4688 0
4689 1
4690 2
4691 1
4692 4
4693 2
4694 4
4695 0
4696 0
4697 0
4698 0
4699 0
4700 1
4701 1
4702 0
4703 0
4704 1
4705 0
4706 0
4707 0
4708 0
4709 0
4710 0
4711 1
4712 27
4713 78
4714 99
4715 70
4716 70
4717 67
4718 86
4719 59
4720 83
4721 46
4722 30
4723 46
4724 24
4725 7
4726 0
4727 2
4728 0
4729 1
4730 0
4731 0
4732 0
4733 1
4734 2
4735 0
4736 36
4737 87
4738 98
4739 68
4740 84
4741 78
4742 84
4743 58
4744 80
4745 57
4746 31
4747 37
4748 30
4749 7
4750 1
4751 1
4752 0
4753 0
4754 0
4755 0
4756 0
4757 0
4758 1
4759 0
4760 33
4761 72
4762 83
4763 86
4764 75
4765 62
4766 76
4767 78
4768 67
4769 46
4770 39
4771 20
4772 20
4773 8
4774 1
4775 0
4776 1
4777 0
4778 0
4779 0
4780 0
4781 1
4782 1
4783 3
4784 16
4785 54
4786 102
4787 79
4788 75
4789 71
4790 72
4791 63
4792 76
4793 47
4794 45
4795 44
4796 30
4797 6
4798 3
4799 0
4800 2
4801 0
4802 0
4803 0
4804 0
4805 1
4806 2
4807 0
4808 29
4809 64
4810 89
4811 54
4812 69
4813 71
4814 100
4815 84
4816 70
4817 46
4818 32
4819 72
4820 58
4821 9
4822 0
4823 5
4824 1
4825 1
4826 0
4827 0
4828 0
4829 0
4830 1
4831 1
4832 2
4833 14
4834 16
4835 19
4836 26
4837 30
4838 25
4839 29
4840 24
4841 20
4842 22
4843 43
4844 23
4845 23
4846 2
4847 0
4848 0
4849 2
4850 0
4851 0
4852 0
4853 1
4854 0
4855 0
4856 0
4857 0
4858 0
4859 2
4860 2
4861 0
4862 0
4863 1
4864 0
4865 3
4866 0
4867 0
4868 0
4869 0
4870 0
4871 1
4872 2
4873 0
4874 0
4875 0
4876 0
4877 0
4878 1
4879 1
4880 25
4881 56
4882 87
4883 59
4884 63
4885 53
4886 65
4887 84
4888 56
4889 43
4890 33
4891 28
4892 17
4893 14
4894 0
4895 0
4896 1
4897 0
4898 0
4899 0
4900 0
4901 1
4902 0
4903 0
4904 30
4905 59
4906 77
4907 66
4908 66
4909 80
4910 73
4911 68
4912 58
4913 50
4914 25
4915 52
4916 25
4917 1
4918 1
4919 0
4920 0
4921 0
4922 0
4923 0
4924 0
4925 0
4926 0
4927 3
4928 16
4929 46
4930 78
4931 81
4932 65
4933 69
4934 51
4935 60
4936 62
4937 44
4938 53
4939 35
4940 35
4941 5
4942 1
4943 0
4944 2
4945 1
4946 0
4947 0
4948 0
4949 0
4950 0
4951 3
4952 26
4953 65
4954 71
4955 82
4956 52
4957 68
4958 74
4959 70
4960 53
4961 51
4962 42
4963 70
4964 33
4965 10
4966 2
4967 0
4968 0
4969 0
4970 0
4971 0
4972 0
4973 0
4974 1
4975 1
4976 18
4977 66
4978 81
4979 72
4980 65
4981 69
4982 77
4983 70
4984 73
4985 49
4986 26
4987 80
4988 51
4989 8
4990 4
4991 1
4992 1
4993 0
4994 0
4995 0
4996 0
4997 0
4998 0
4999 0
5000 8
5001 9
5002 22
5003 38
5004 30
5005 40
5006 38
5007 39
5008 28
5009 14
5010 25
5011 18
5012 26
5013 11
5014 0
5015 2
5016 0
5017 0
5018 0
5019 0
5020 1
5021 0
5022 0
5023 0
5024 0
5025 0
5026 4
5027 2
5028 4
5029 6
5030 2
5031 2
5032 2
5033 1
5034 0
5035 0
5036 0
5037 0
5038 1
5039 2
5040 0
5041 0
5042 0
5043 0
5044 0
5045 0
5046 1
5047 1
5048 36
5049 65
5050 97
5051 63
5052 56
5053 79
5054 85
5055 64
5056 62
5057 50
5058 33
5059 43
5060 20
5061 3
5062 1
5063 1
5064 1
5065 0
5066 0
5067 0
5068 0
5069 0
5070 0
5071 0
5072 30
5073 70
5074 76
5075 106
5076 75
5077 88
5078 75
5079 73
5080 89
5081 51
5082 53
5083 29
5084 31
5085 8
5086 2
5087 0
5088 0
5089 0
5090 0
5091 0
5092 0
5093 0
5094 0
5095 1
5096 26
5097 77
5098 94
5099 71
5100 69
5101 69
5102 61
5103 85
5104 71
5105 41
5106 42
5107 41
5108 36
5109 10
5110 1
5111 0
5112 1
5113 0
5114 0
5115 0
5116 0
5117 1
5118 0
5119 1
5120 44
5121 67
5122 98
5123 88
5124 49
5125 61
5126 66
5127 55
5128 73
5129 61
5130 63
5131 60
5132 28
5133 8
5134 0
5135 0
5136 0
5137 0
5138 0
5139 0
5140 0
5141 0
5142 0
5143 0
5144 34
5145 52
5146 65
5147 82
5148 80
5149 79
5150 73
5151 63
5152 75
5153 55
5154 36
5155 62
5156 53
5157 10
5158 1
5159 1
5160 1
5161 1
5162 0
5163 0
5164 0
5165 0
5166 0
5167 1
5168 10
5169 12
5170 12
5171 11
5172 29
5173 39
5174 34
5175 30
5176 23
5177 21
5178 14
5179 27
5180 27
5181 9
5182 1
5183 1
5184 2
5185 2
5186 0
5187 0
5188 1
5189 0
5190 0
5191 0
5192 1
5193 0
5194 0
5195 1
5196 3
5197 2
5198 8
5199 3
5200 1
5201 0
5202 0
5203 1
5204 0
5205 0
5206 1
5207 0
5208 1
5209 1
5210 0
5211 0
5212 0
5213 1
5214 0
5215 0
5216 25
5217 71
5218 79
5219 52
5220 61
5221 66
5222 69
5223 51
5224 47
5225 51
5226 22
5227 30
5228 26
5229 8
5230 0
5231 3
5232 0
5233 0
5234 0
5235 0
5236 0
5237 0
5238 2
5239 0
5240 36
5241 72
5242 88
5243 80
5244 67
5245 56
5246 79
5247 63
5248 56
5249 43
5250 41
5251 37
5252 28
5253 6
5254 0
5255 0
5256 0
5257 1
5258 0
5259 0
5260 0
5261 0
5262 2
5263 0
5264 21
5265 71
5266 79
5267 75
5268 58
5269 57
5270 73
5271 79
5272 77
5273 57
5274 43
5275 44
5276 32
5277 8
5278 0
5279 0
5280 0
5281 0
5282 0
5283 0
5284 0
5285 0
5286 0
5287 2
5288 29
5289 73
5290 94
5291 67
5292 70
5293 73
5294 63
5295 83
5296 56
5297 48
5298 42
5299 58
5300 34
5301 8
5302 1
5303 1
5304 0
5305 0
5306 0
5307 0
5308 0
5309 1
5310 0
5311 0
5312 29
5313 49
5314 81
5315 63
5316 70
5317 84
5318 101
5319 53
5320 56
5321 53
5322 36
5323 63
5324 53
5325 10
5326 5
5327 2
5328 0
5329 0
5330 0
5331 1
5332 0
5333 0
5334 0
5335 0
5336 13
5337 15
5338 12
5339 20
5340 31
5341 26
5342 43
5343 33
5344 29
5345 29
5346 5
5347 31
5348 45
5349 17
5350 2
5351 3
5352 1
5353 0
5354 0
5355 0
5356 0
5357 0
5358 0
5359 0
5360 1
5361 1
5362 0
5363 3
5364 1
5365 4
5366 1
5367 1
5368 4
5369 3
5370 1
5371 0
5372 1
5373 1
5374 0
5375 1
5376 1
5377 0
5378 0
5379 0
5380 0
5381 1
5382 0
5383 0
5384 38
5385 88
5386 89
5387 89
5388 58
5389 72
5390 79
5391 58
5392 80
5393 47
5394 20
5395 36
5396 11
5397 8
5398 1
5399 0
5400 0
5401 1
5402 0
5403 0
5404 0
5405 0
5406 2
5407 0
5408 29
5409 78
5410 94
5411 75
5412 73
5413 63
5414 86
5415 85
5416 86
5417 56
5418 33
5419 63
5420 26
5421 9
5422 0
5423 0
5424 0
5425 0
5426 0
5427 0
5428 0
5429 0
5430 2
5431 0
5432 37
5433 61
5434 101
5435 93
5436 74
5437 63
5438 54
5439 55
5440 78
5441 44
5442 31
5443 45
5444 40
5445 15
5446 0
5447 0
5448 1
5449 0
5450 0
5451 0
5452 0
5453 1
5454 1
5455 1
5456 28
5457 65
5458 73
5459 59
5460 87
5461 85
5462 93
5463 57
5464 63
5465 53
5466 45
5467 80
5468 41
5469 7
5470 2
5471 0
5472 1
5473 2
5474 0
5475 0
5476 0
5477 0
5478 2
5479 1
5480 27
5481 86
5482 81
5483 79
5484 57
5485 84
5486 66
5487 69
5488 86
5489 58
5490 57
5491 63
5492 60
5493 14
5494 1
5495 2
5496 0
5497 1
5498 0
5499 0
5500 0
5501 1
5502 0
5503 0
5504 8
5505 10
5506 18
5507 23
5508 25
5509 29
5510 44
5511 38
5512 28
5513 8
5514 10
5515 20
5516 63
5517 23
5518 3
5519 7
5520 0
5521 2
5522 0
5523 0
5524 0
5525 0
5526 0
5527 0
5528 1
5529 0
5530 0
5531 0
5532 1
5533 0
5534 6
5535 2
5536 0
5537 0
5538 1
5539 3
5540 1
5541 0
5542 0
5543 0
5544 1
5545 0
5546 0
5547 0
5548 0
5549 1
5550 0
5551 1
5552 32
5553 70
5554 90
5555 94
5556 77
5557 75
5558 73
5559 61
5560 72
5561 52
5562 32
5563 42
5564 33
5565 12
5566 0
5567 2
5568 0
5569 0
5570 0
5571 0
5572 0
5573 0
5574 1
5575 1
5576 37
5577 75
5578 81
5579 80
5580 70
5581 74
5582 69
5583 79
5584 66
5585 55
5586 32
5587 37
5588 32
5589 6
5590 4
5591 1
5592 0
5593 1
5594 0
5595 0
5596 0
5597 0
5598 0
5599 1
5600 34
5601 76
5602 77
5603 72
5604 102
5605 71
5606 60
5607 63
5608 85
5609 40
5610 46
5611 53
5612 21
5613 10
5614 3
5615 1
5616 1
5617 0
5618 0
5619 0
5620 0
5621 0
5622 2
5623 0
5624 43
5625 86
5626 68
5627 79
5628 73
5629 72
5630 88
5631 66
5632 64
5633 59
5634 29
5635 57
5636 42
5637 6
5638 3
5639 1
5640 0
5641 2
5642 0
5643 0
5644 0
5645 0
5646 0
5647 1
5648 43
5649 66
5650 83
5651 84
5652 74
5653 58
5654 81
5655 62
5656 65
5657 45
5658 53
5659 77
5660 56
5661 20
5662 0
5663 4
5664 0
5665 0
5666 1
5667 0
5668 0
5669 0
5670 0
5671 1
5672 14
5673 17
5674 16
5675 29
5676 32
5677 29
5678 30
5679 35
5680 36
5681 20
5682 24
5683 31
5684 34
5685 6
5686 2
5687 3
5688 2
5689 1
5690 0
5691 0
5692 0
5693 0
5694 0
5695 0
5696 1
5697 0
5698 1
5699 3
5700 1
5701 1
5702 2
5703 1
5704 0
5705 1
5706 1
5707 2
5708 1
5709 0
5710 0
5711 0
5712 1
5713 0
5714 0
5715 0
5716 0
5717 1
5718 1
5719 0
5720 46
5721 68
5722 89
5723 80
5724 66
5725 46
5726 79
5727 71
5728 63
5729 47
5730 24
5731 27
5732 27
5733 6
5734 0
5735 0
5736 0
5737 0
5738 0
5739 0
5740 0
5741 0
5742 0
5743 2
5744 24
5745 47
5746 93
5747 77
5748 69
5749 76
5750 77
5751 58
5752 58
5753 31
5754 39
5755 44
5756 22
5757 8
5758 0
5759 1
5760 0
5761 0
5762 0
5763 0
5764 0
5765 0
5766 0
5767 0
5768 23
5769 75
5770 90
5771 88
5772 60
5773 62
5774 90
5775 60
5776 61
5777 41
5778 42
5779 48
5780 32
5781 4
5782 0
5783 0
5784 0
5785 0
5786 0
5787 0
5788 0
5789 0
5790 2
5791 1
5792 41
5793 66
5794 113
5795 68
5796 59
5797 69
5798 85
5799 55
5800 62
5801 41
5802 43
5803 58
5804 56
5805 7
5806 1
5807 1
5808 0
5809 0
5810 0
5811 1
5812 0
5813 0
5814 1
5815 2
5816 69
5817 58
5818 80
5819 76
5820 66
5821 62
5822 80
5823 50
5824 72
5825 45
5826 41
5827 63
5828 51
5829 17
5830 1
5831 2
5832 0
5833 3
5834 1
5835 0
5836 0
5837 1
5838 0
5839 0
5840 13
5841 16
5842 11
5843 19
5844 34
5845 37
5846 36
5847 31
5848 27
5849 23
5850 10
5851 28
5852 39
5853 18
5854 2
5855 1
5856 1
5857 1
5858 0
5859 0
5860 0
5861 0
5862 0
5863 0
5864 1
5865 1
5866 0
5867 1
5868 1
5869 2
5870 2
5871 0
5872 0
5873 1
5874 3
5875 1
5876 0
5877 0
5878 0
5879 0
5880 0
5881 1
5882 0
5883 0
5884 0
5885 1
5886 0
5887 0
5888 30
5889 61
5890 86
5891 73
5892 73
5893 64
5894 82
5895 79
5896 59
5897 36
5898 32
5899 33
5900 33
5901 8
5902 2
5903 0
5904 0
5905 0
5906 0
5907 0
5908 0
5909 1
5910 1
5911 1
5912 38
5913 60
5914 76
5915 84
5916 68
5917 65
5918 59
5919 54
5920 51
5921 46
5922 39
5923 52
5924 59
5925 13
5926 1
5927 1
5928 1
5929 0
5930 0
5931 0
5932 0
5933 0
5934 1
5935 0
5936 45
5937 67
5938 90
5939 75
5940 70
5941 77
5942 80
5943 71
5944 67
5945 53
5946 38
5947 55
5948 26
5949 4
5950 0
5951 1
5952 0
5953 0
5954 0
5955 0
5956 0
5957 0
5958 0
5959 0
5960 36
5961 65
5962 87
5963 95
5964 62
5965 58
5966 64
5967 81
5968 63
5969 44
5970 47
5971 46
5972 29
5973 4
5974 1
5975 0
5976 1
5977 1
5978 0
5979 0
5980 0
5981 0
5982 1
5983 2
5984 38
5985 79
5986 70
5987 84
5988 64
5989 80
5990 91
5991 69
5992 71
5993 39
5994 48
5995 60
5996 38
5997 7
5998 0
5999 1
6000 2
6001 1
6002 0
6003 0
6004 0
6005 0
6006 0
6007 2
6008 21
6009 6
6010 13
6011 17
6012 24
6013 29
6014 42
6015 24
6016 27
6017 15
6018 18
6019 28
6020 29
6021 12
6022 2
6023 2
6024 1
6025 1
6026 1
6027 0
6028 0
6029 1
6030 1
6031 0
6032 0
6033 0
6034 0
6035 1
6036 1
6037 0
6038 5
6039 2
6040 0
6041 0
6042 2
6043 1
6044 0
6045 0
6046 0
6047 0
6048 2
6049 0
6050 0
6051 0
6052 0
6053 1
6054 0
6055 2
6056 31
6057 71
6058 88
6059 61
6060 62
6061 62
6062 87
6063 52
6064 47
6065 33
6066 21
6067 31
6068 26
6069 5
6070 0
6071 1
6072 0
6073 0
6074 0
6075 0
6076 0
6077 0
6078 2
6079 0
6080 46
6081 74
6082 95
6083 79
6084 67
6085 80
6086 71
6087 90
6088 66
6089 37
6090 44
6091 41
6092 28
6093 12
6094 1
6095 1
6096 0
6097 0
6098 0
6099 0
6100 0
6101 2
6102 2
6103 4
6104 26
6105 89
6106 87
6107 86
6108 75
6109 77
6110 71
6111 67
6112 65
6113 45
6114 41
6115 39
6116 26
6117 5
6118 0
6119 3
6120 0
6121 2
6122 0
6123 0
6124 0
6125 0
6126 0
6127 1
6128 25
6129 77
6130 75
6131 67
6132 67
6133 73
6134 70
6135 68
6136 65
6137 37
6138 33
6139 47
6140 36
6141 7
6142 2
6143 0
6144 2
6145 0
6146 0
6147 0
6148 0
6149 1
6150 1
6151 1
6152 17
6153 70
6154 75
6155 77
6156 75
6157 91
6158 70
6159 83
6160 84
6161 51
6162 53
6163 72
6164 51
6165 7
6166 0
6167 0
6168 2
6169 0
6170 2
6171 1
6172 0
6173 0
6174 0
6175 1
6176 16
6177 4
6178 20
6179 24
6180 41
6181 31
6182 31
6183 28
6184 25
6185 15
6186 12
6187 33
6188 50
6189 14
6190 4
6191 1
6192 0
6193 2
6194 1
6195 0
6196 0
6197 0
6198 0
6199 0
6200 0
6201 0
6202 0
6203 1
6204 1
6205 2
6206 2
6207 4
6208 3
6209 3
6210 0
6211 4
6212 0
6213 2
6214 0
6215 0
6216 1
6217 0
6218 0
6219 0
6220 0
6221 1
6222 1
6223 0
6224 29
6225 92
6226 82
6227 58
6228 52
6229 55
6230 68
6231 70
6232 78
6233 35
6234 37
6235 21
6236 23
6237 7
6238 0
6239 0
6240 0
6241 1
6242 0
6243 0
6244 0
6245 1
6246 0
6247 1
6248 36
6249 66
6250 61
6251 91
6252 66
6253 79
6254 66
6255 67
6256 74
6257 45
6258 39
6259 44
6260 28
6261 5
6262 0
6263 0
6264 0
6265 0
6266 0
6267 0
6268 0
6269 0
6270 0
6271 3
6272 22
6273 68
6274 70
6275 89
6276 79
6277 80
6278 82
6279 57
6280 61
6281 53
6282 34
6283 50
6284 26
6285 13
6286 0
6287 0
6288 4
6289 2
6290 0
6291 0
6292 0
6293 0
6294 0
6295 0
6296 17
6297 52
6298 88
6299 84
6300 81
6301 76
6302 83
6303 65
6304 66
6305 49
6306 44
6307 53
6308 25
6309 2
6310 1
6311 0
6312 0
6313 0
6314 0
6315 0
6316 0
6317 0
6318 0
6319 0
6320 36
6321 82
6322 88
6323 81
6324 81
6325 103
6326 82
6327 74
6328 93
6329 43
6330 51
6331 63
6332 53
6333 25
6334 0
6335 1
6336 0
6337 1
6338 0
6339 0
6340 1
6341 1
6342 1
6343 0
6344 15
6345 15
6346 21
6347 22
6348 23
6349 42
6350 39
6351 11
6352 28
6353 18
6354 10
6355 38
6356 41
6357 11
6358 1
6359 6
6360 2
6361 0
6362 1
6363 0
6364 0
6365 0
6366 0
6367 0
6368 1
6369 1
6370 0
6371 1
6372 1
6373 3
6374 0
6375 4
6376 1
6377 0
6378 1
6379 2
6380 0
6381 1
6382 0
6383 0
6384 1
6385 0
6386 0
6387 0
6388 0
6389 1
6390 0
6391 2
6392 41
6393 64
6394 80
6395 76
6396 64
6397 79
6398 69
6399 61
6400 80
6401 49
6402 43
6403 28
6404 36
6405 13
6406 1
6407 1
6408 2
6409 0
6410 0
6411 0
6412 0
6413 0
6414 0
6415 2
6416 31
6417 87
6418 61
6419 92
6420 68
6421 59
6422 84
6423 67
6424 61
6425 41
6426 36
6427 42
6428 30
6429 7
6430 0
6431 0
6432 0
6433 0
6434 1
6435 0
6436 0
6437 0
6438 0
6439 2
6440 27
6441 50
6442 74
6443 70
6444 62
6445 76
6446 71
6447 56
6448 57
6449 40
6450 46
6451 53
6452 36
6453 7
6454 0
6455 3
6456 1
6457 0
6458 0
6459 0
6460 0
6461 0
6462 1
6463 1
6464 34
6465 56
6466 60
6467 65
6468 67
6469 70
6470 59
6471 50
6472 96
6473 42
6474 39
6475 64
6476 34
6477 12
6478 3
6479 1
6480 0
6481 0
6482 0
6483 0
6484 0
6485 0
6486 1
6487 1
6488 36
6489 61
6490 77
6491 58
6492 61
6493 76
6494 66
6495 69
6496 51
6497 53
6498 48
6499 62
6500 43
6501 16
6502 3
6503 0
6504 4
6505 1
6506 0
6507 0
6508 0
6509 0
6510 0
6511 4
6512 9
6513 11
6514 10
6515 15
6516 25
6517 23
6518 22
6519 18
6520 15
6521 17
6522 11
6523 17
6524 14
6525 5
6526 0
6527 0
6528 1
6529 1
6530 0
6531 0
6532 0
6533 1
6534 0
6535 1
6536 1
6537 0
6538 0
6539 0
6540 0
6541 2
6542 0
6543 1
6544 1
6545 2
6546 1
6547 2
6548 1
6549 0
6550 0
6551 0
6552 2
6553 4
6554 0
6555 1
6556 0
6557 0
6558 0
6559 1
6560 11
6561 15
6562 14
6563 28
6564 23
6565 34
6566 29
6567 21
6568 22
6569 9
6570 16
6571 24
6572 20
6573 9
6574 0
6575 1
6576 2
6577 2
6578 0
6579 0
6580 1
6581 0
6582 0
6583 0
6584 1
6585 1
6586 1
6587 1
6588 1
6589 1
6590 1
6591 6
6592 2
6593 2
6594 0
6595 1
6596 1
6597 1
6598 0
6599 3
6600 1
6601 0
6602 0
6603 1
6604 1
6605 0
6606 4
6607 3
6608 39
6609 83
6610 97
6611 74
6612 73
6613 70
6614 77
6615 74
6616 91
6617 112
6618 99
6619 75
6620 24
6621 9
6622 1
6623 0
6624 1
6625 0
6626 0
6627 0
6628 0
6629 2
6630 1
6631 0
6632 43
6633 82
6634 111
6635 83
6636 94
6637 73
6638 85
6639 77
6640 89
6641 96
6642 98
6643 83
6644 35
6645 10
6646 1
6647 0
6648 1
6649 0
6650 0
6651 0
6652 0
6653 1
6654 4
6655 0
6656 32
6657 80
6658 95
6659 66
6660 86
6661 62
6662 90
6663 87
6664 82
6665 129
6666 94
6667 86
6668 38
6669 2
6670 0
6671 0
6672 0
6673 0
6674 0
6675 0
6676 0
6677 2
6678 2
6679 0
6680 26
6681 81
6682 119
6683 108
6684 126
6685 77
6686 89
6687 91
6688 83
6689 90
6690 87
6691 73
6692 41
6693 3
6694 2
6695 0
6696 1
6697 0
6698 0
6699 0
6700 0
6701 0
6702 2
6703 2
6704 29
6705 85
6706 123
6707 70
6708 80
6709 127
6710 96
6711 89
6712 84
6713 97
6714 112
6715 78
6716 61
6717 18
6718 1
6719 1
6720 0
6721 1
6722 2
6723 0
6724 0
6725 0
6726 1
6727 1
6728 22
6729 9
6730 22
6731 44
6732 39
6733 41
6734 59
6735 45
6736 52
6737 46
6738 36
6739 48
6740 62
6741 3
6742 0
6743 0
6744 1
6745 0
6746 0
6747 1
6748 0
6749 1
6750 0
6751 1
6752 0
6753 0
6754 3
6755 0
6756 3
6757 4
6758 2
6759 3
6760 1
6761 2
6762 1
6763 0
6764 0
6765 0
6766 0
6767 0
6768 2
6769 1
6770 0
6771 1
6772 0
6773 0
6774 2
6775 0
6776 33
6777 86
6778 117
6779 68
6780 56
6781 67
6782 71
6783 66
6784 64
6785 108
6786 103
6787 71
6788 27
6789 2
6790 0
6791 1
6792 0
6793 1
6794 0
6795 0
6796 2
6797 0
6798 3
6799 0
6800 42
6801 76
6802 105
6803 79
6804 52
6805 73
6806 110
6807 82
6808 86
6809 117
6810 87
6811 101
6812 20
6813 3
6814 0
6815 1
6816 0
6817 1
6818 0
6819 0
6820 0
6821 0
6822 2
6823 4
6824 38
6825 87
6826 117
6827 96
6828 79
6829 100
6830 96
6831 84
6832 64
6833 106
6834 95
6835 67
6836 49
6837 22
6838 1
6839 1
6840 0
6841 1
6842 0
6843 0
6844 0
6845 0
6846 1
6847 2
6848 45
6849 97
6850 120
6851 62
6852 90
6853 91
6854 90
6855 78
6856 65
6857 80
6858 109
6859 100
6860 60
6861 33
6862 0
6863 0
6864 0
6865 1
6866 0
6867 0
6868 0
6869 0
6870 1
6871 0
6872 52
6873 84
6874 103
6875 96
6876 73
6877 103
6878 100
6879 85
6880 84
6881 113
6882 81
6883 81
6884 52
6885 5
6886 1
6887 2
6888 0
6889 0
6890 0
6891 0
6892 0
6893 0
6894 0
6895 1
6896 12
6897 12
6898 17
6899 28
6900 34
6901 37
6902 57
6903 56
6904 48
6905 49
6906 18
6907 50
6908 45
6909 15
6910 0
6911 2
6912 1
6913 0
6914 0
6915 0
6916 0
6917 0
6918 0
6919 0
6920 0
6921 0
6922 0
6923 0
6924 0
6925 1
6926 0
6927 1
6928 0
6929 0
6930 1
6931 0
6932 1
6933 0
6934 0
6935 0
6936 0
6937 0
6938 0
6939 0
6940 1
6941 0
6942 1
6943 4
6944 43
6945 100
6946 110
6947 88
6948 90
6949 81
6950 92
6951 86
6952 69
6953 106
6954 110
6955 74
6956 29
6957 10
6958 0
6959 0
6960 0
6961 0
6962 0
6963 0
6964 0
6965 1
6966 1
6967 0
6968 30
6969 90
6970 104
6971 83
6972 90
6973 78
6974 87
6975 89
6976 85
6977 90
6978 84
6979 81
6980 31
6981 14
6982 1
6983 2
6984 0
6985 0
6986 0
6987 0
6988 0
6989 0
6990 1
6991 3
6992 52
6993 88
6994 101
6995 71
6996 79
6997 75
6998 90
6999 68
7000 71
7001 135
7002 95
7003 86
7004 75
7005 23
7006 0
7007 1
7008 0
7009 0
7010 0
7011 0
7012 0
7013 0
7014 3
7015 0
7016 40
7017 101
7018 121
7019 87
7020 62
7021 73
7022 85
7023 98
7024 73
7025 108
7026 98
7027 92
7028 82
7029 26
7030 1
7031 1
7032 0
7033 0
7034 0
7035 0
7036 0
7037 0
7038 1
7039 0
7040 40
7041 84
7042 97
7043 102
7044 70
7045 115
7046 94
7047 97
7048 99
7049 103
7050 149
7051 84
7052 89
7053 9
7054 1
7055 1
7056 2
7057 1
7058 0
7059 1
7060 0
7061 0
7062 0
7063 1
7064 12
7065 8
7066 12
7067 28
7068 28
7069 32
7070 34
7071 37
7072 42
7073 26
7074 22
7075 28
7076 69
7077 10
7078 3
7079 0
7080 1
7081 2
7082 0
7083 0
7084 1
7085 1
7086 0
7087 1
7088 0
7089 0
7090 2
7091 0
7092 0
7093 1
7094 0
7095 1
7096 0
7097 1
7098 0
7099 1
7100 1
7101 0
7102 0
7103 0
7104 1
7105 0
7106 0
7107 0
7108 1
7109 1
7110 3
7111 2
7112 47
7113 90
7114 129
7115 83
7116 99
7117 87
7118 89
7119 69
7120 98
7121 106
7122 108
7123 56
7124 30
7125 7
7126 0
7127 4
7128 1
7129 0
7130 1
7131 0
7132 0
7133 0
7134 2
7135 2
7136 43
7137 104
7138 95
7139 91
7140 75
7141 73
7142 89
7143 100
7144 100
7145 86
7146 104
7147 84
7148 57
7149 12
7150 0
7151 0
7152 0
7153 0
7154 0
7155 0
7156 0
7157 0
7158 0
7159 1
7160 54
7161 114
7162 114
7163 94
7164 71
7165 98
7166 99
7167 98
7168 73
7169 97
7170 113
7171 72
7172 39
7173 30
7174 0
7175 0
7176 0
7177 0
7178 1
7179 0
7180 0
7181 2
7182 1
7183 2
7184 56
7185 92
7186 107
7187 90
7188 83
7189 98
7190 67
7191 97
7192 69
7193 103
7194 82
7195 105
7196 46
7197 13
7198 1
7199 3
7200 0
7201 0
7202 0
7203 0
7204 0
7205 0
7206 3
7207 1
7208 63
7209 91
7210 120
7211 79
7212 72
7213 120
7214 94
7215 75
7216 93
7217 115
7218 124
7219 147
7220 80
7221 14
7222 3
7223 0
7224 0
7225 0
7226 0
7227 1
7228 0
7229 0
7230 0
7231 0
7232 20
7233 18
7234 18
7235 29
7236 21
7237 31
7238 25
7239 31
7240 47
7241 27
7242 21
7243 58
7244 68
7245 6
7246 2
7247 0
7248 1
7249 2
7250 0
7251 0
7252 1
7253 1
7254 0
7255 1
7256 2
7257 2
7258 0
7259 1
7260 2
7261 2
7262 2
7263 0
7264 0
7265 0
7266 1
7267 0
7268 0
7269 0
7270 1
7271 0
7272 2
7273 0
7274 0
7275 4
7276 0
7277 0
7278 0
7279 0
7280 39
7281 113
7282 76
7283 86
7284 91
7285 98
7286 86
7287 89
7288 100
7289 107
7290 94
7291 82
7292 28
7293 12
7294 3
7295 0
7296 1
7297 0
7298 0
7299 0
7300 0
7301 0
7302 0
7303 0
7304 29
7305 28
7306 23
7307 16
7308 12
7309 23
7310 22
7311 24
7312 5
7313 14
7314 10
7315 17
7316 19
7317 8
7318 0
7319 0
7320 1
7321 0
7322 0
7323 0
7324 0
7325 0
7326 3
7327 1
7328 31
7329 98
7330 101
7331 92
7332 50
7333 87
7334 92
7335 80
7336 67
7337 99
7338 111
7339 90
7340 31
7341 5
7342 1
7343 2
7344 0
7345 1
7346 0
7347 0
7348 0
7349 0
7350 3
7351 1
7352 51
7353 99
7354 113
7355 99
7356 86
7357 102
7358 78
7359 66
7360 79
7361 103
7362 96
7363 81
7364 17
7365 3
7366 0
7367 0
7368 2
7369 0
7370 0
7371 0
7372 0
7373 1
7374 0
7375 1
7376 39
7377 96
7378 111
7379 84
7380 90
7381 82
7382 73
7383 71
7384 67
7385 93
7386 92
7387 99
7388 49
7389 18
7390 0
7391 0
7392 0
7393 2
7394 0
7395 0
7396 0
7397 0
7398 0
7399 2
7400 11
7401 27
7402 37
7403 25
7404 31
7405 44
7406 47
7407 48
7408 15
7409 22
7410 35
7411 42
7412 59
7413 18
7414 1
7415 3
7416 1
7417 1
7418 1
7419 0
7420 0
7421 0
7422 0
7423 1
7424 1
7425 1
7426 1
7427 1
7428 0
7429 1
7430 1
7431 1
7432 2
7433 2
7434 2
7435 2
7436 0
7437 0
7438 0
7439 0
7440 1
7441 0
7442 0
7443 0
7444 1
7445 0
7446 3
7447 0
7448 44
7449 114
7450 127
7451 87
7452 82
7453 107
7454 118
7455 92
7456 64
7457 86
7458 87
7459 64
7460 29
7461 9
7462 0
7463 1
7464 0
7465 0
7466 1
7467 0
7468 0
7469 2
7470 1
7471 2
7472 23
7473 59
7474 126
7475 73
7476 66
7477 83
7478 71
7479 79
7480 73
7481 68
7482 86
7483 91
7484 45
7485 6
7486 0
7487 0
7488 0
7489 0
7490 0
7491 0
7492 0
7493 2
7494 0
7495 2
7496 38
7497 83
7498 109
7499 66
7500 66
7501 82
7502 75
7503 70
7504 86
7505 79
7506 74
7507 57
7508 32
7509 7
7510 0
7511 2
7512 0
7513 0
7514 0
7515 0
7516 0
7517 4
7518 4
7519 3
7520 42
7521 109
7522 106
7523 97
7524 68
7525 64
7526 90
7527 78
7528 80
7529 63
7530 64
7531 81
7532 34
7533 9
7534 0
7535 3
7536 0
7537 0
7538 0
7539 0
7540 0
7541 0
7542 0
7543 3
7544 27
7545 74
7546 101
7547 88
7548 76
7549 73
7550 91
7551 73
7552 67
7553 48
7554 65
7555 64
7556 63
7557 14
7558 1
7559 0
7560 1
7561 4
7562 0
7563 0
7564 1
7565 1
7566 0
7567 3
7568 8
7569 11
7570 13
7571 33
7572 21
7573 44
7574 48
7575 35
7576 43
7577 11
7578 16
7579 29
7580 44
7581 14
7582 0
7583 1
7584 0
7585 2
7586 1
7587 0
7588 0
7589 1
7590 0
7591 1
7592 0
7593 0
7594 1
7595 0
7596 1
7597 0
7598 1
7599 3
7600 2
7601 1
7602 1
7603 0
7604 1
7605 1
7606 2
7607 0
7608 1
7609 1
7610 0
7611 0
7612 1
7613 0
7614 3
7615 5
7616 22
7617 44
7618 88
7619 79
7620 55
7621 94
7622 54
7623 57
7624 64
7625 44
7626 43
7627 37
7628 20
7629 8
7630 1
7631 1
7632 0
7633 1
7634 0
7635 0
7636 0
7637 1
7638 2
7639 1
7640 27
7641 52
7642 92
7643 88
7644 71
7645 88
7646 73
7647 66
7648 54
7649 55
7650 72
7651 74
7652 30
7653 4
7654 0
7655 4
7656 0
7657 1
7658 0
7659 0
7660 0
7661 1
7662 2
7663 0
7664 18
7665 50
7666 82
7667 95
7668 79
7669 51
7670 83
7671 76
7672 95
7673 55
7674 38
7675 57
7676 41
7677 4
7678 0
7679 1
7680 0
7681 0
7682 0
7683 0
7684 0
7685 0
7686 2
7687 1
7688 46
7689 67
7690 73
7691 96
7692 75
7693 92
7694 74
7695 71
7696 73
7697 53
7698 64
7699 68
7700 51
7701 8
7702 1
7703 1
7704 0
7705 0
7706 0
7707 0
7708 0
7709 0
7710 2
7711 2
7712 31
7713 73
7714 77
7715 76
7716 78
7717 65
7718 64
7719 60
7720 66
7721 55
7722 57
7723 54
7724 56
7725 17
7726 1
7727 1
7728 3
7729 2
7730 0
7731 0
7732 0
7733 0
7734 1
7735 1
7736 13
7737 7
7738 11
7739 18
7740 31
7741 24
7742 35
7743 44
7744 23
7745 27
7746 9
7747 41
7748 26
7749 9
7750 0
7751 2
7752 2
7753 4
7754 0
7755 0
7756 0
7757 0
7758 0
7759 0
7760 0
7761 1
7762 0
7763 1
7764 0
7765 0
7766 0
7767 0
7768 0
7769 0
7770 0
7771 2
7772 0
7773 0
7774 0
7775 0
7776 1
7777 0
7778 0
7779 0
7780 2
7781 1
7782 4
7783 1
7784 25
7785 79
7786 80
7787 73
7788 72
7789 69
7790 67
7791 55
7792 63
7793 43
7794 46
7795 29
7796 30
7797 3
7798 1
7799 1
7800 1
7801 0
7802 0
7803 0
7804 0
7805 1
7806 0
7807 1
7808 19
7809 65
7810 68
7811 64
7812 69
7813 57
7814 72
7815 62
7816 65
7817 52
7818 60
7819 58
7820 39
7821 12
7822 0
7823 3
7824 0
7825 0
7826 0
7827 1
7828 0
7829 0
7830 3
7831 1
7832 27
7833 63
7834 77
7835 88
7836 54
7837 78
7838 69
7839 70
7840 76
7841 44
7842 54
7843 62
7844 27
7845 12
7846 1
7847 4
7848 1
7849 0
7850 0
7851 0
7852 0
7853 0
7854 2
7855 3
7856 23
7857 64
7858 87
7859 105
7860 76
7861 65
7862 86
7863 75
7864 72
7865 46
7866 63
7867 98
7868 49
7869 13
7870 1
7871 4
7872 1
7873 2
7874 0
7875 0
7876 1
7877 1
7878 1
7879 2
7880 29
7881 82
7882 57
7883 64
7884 78
7885 88
7886 72
7887 81
7888 72
7889 44
7890 57
7891 69
7892 61
7893 3
7894 3
7895 0
7896 0
7897 1
7898 0
7899 0
7900 0
7901 0
7902 0
7903 0
7904 8
7905 26
7906 16
7907 36
7908 22
7909 24
7910 37
7911 19
7912 31
7913 25
7914 18
7915 20
7916 27
7917 18
7918 1
7919 0
7920 0
7921 2
7922 0
7923 0
7924 0
7925 0
7926 0
7927 0
7928 0
7929 0
7930 1
7931 1
7932 2
7933 1
7934 3
7935 0
7936 1
7937 1
7938 0
7939 0
7940 0
7941 1
7942 1
7943 1
7944 2
7945 0
7946 0
7947 1
7948 0
7949 0
7950 2
7951 2
7952 32
7953 43
7954 78
7955 58
7956 69
7957 81
7958 69
7959 74
7960 69
7961 50
7962 28
7963 27
7964 21
7965 7
7966 0
7967 1
7968 1
7969 0
7970 0
7971 0
7972 0
7973 0
7974 2
7975 3
7976 28
7977 52
7978 94
7979 80
7980 78
7981 67
7982 63
7983 78
7984 52
7985 63
7986 44
7987 64
7988 51
7989 3
7990 2
7991 1
7992 0
7993 0
7994 0
7995 1
7996 0
7997 0
7998 4
7999 2
8000 32
8001 50
8002 103
8003 95
8004 67
8005 103
8006 80
8007 74
8008 62
8009 49
8010 48
8011 84
8012 48
8013 15
8014 2
8015 0
8016 0
8017 1
8018 0
8019 0
8020 0
8021 1
8022 3
8023 3
8024 28
8025 69
8026 95
8027 83
8028 61
8029 62
8030 82
8031 77
8032 62
8033 54
8034 60
8035 90
8036 68
8037 4
8038 0
8039 2
8040 0
8041 1
8042 1
8043 0
8044 1
8045 0
8046 2
8047 5
8048 40
8049 64
8050 83
8051 92
8052 75
8053 80
8054 69
8055 82
8056 63
8057 49
8058 50
8059 85
8060 76
8061 14
8062 3
8063 2
8064 1
8065 0
8066 0
8067 0
8068 0
8069 1
8070 0
8071 0
8072 9
8073 10
8074 17
8075 25
8076 26
8077 38
8078 38
8079 25
8080 30
8081 16
8082 16
8083 26
8084 45
8085 29
8086 2
8087 4
8088 0
8089 3
8090 0
8091 1
8092 1
8093 0
8094 0
8095 2
8096 1
8097 1
8098 0
8099 0
8100 1
8101 0
8102 2
8103 0
8104 0
8105 1
8106 1
8107 2
8108 0
8109 0
8110 0
8111 0
8112 1
8113 0
8114 0
8115 1
8116 1
8117 0
8118 0
8119 6
8120 26
8121 61
8122 81
8123 72
8124 77
8125 50
8126 74
8127 57
8128 61
8129 42
8130 39
8131 41
8132 13
8133 11
8134 1
8135 1
8136 0
8137 1
8138 0
8139 0
8140 0
8141 1
8142 1
8143 0
8144 23
8145 48
8146 103
8147 80
8148 86
8149 74
8150 71
8151 67
8152 59
8153 47
8154 35
8155 88
8156 67
8157 10
8158 1
8159 1
8160 1
8161 0
8162 0
8163 0
8164 0
8165 1
8166 1
8167 6
8168 33
8169 53
8170 87
8171 92
8172 84
8173 72
8174 71
8175 71
8176 50
8177 48
8178 55
8179 68
8180 66
8181 8
8182 0
8183 1
8184 0
8185 0
8186 0
8187 0
8188 0
8189 0
8190 0
8191 4
8192 28
8193 74
8194 86
8195 77
8196 73
8197 44
8198 76
8199 64
8200 85
8201 64
8202 46
8203 76
8204 46
8205 9
8206 2
8207 1
8208 0
8209 1
8210 0
8211 0
8212 0
8213 0
8214 1
8215 5
8216 42
8217 43
8218 81
8219 64
8220 63
8221 75
8222 58
8223 66
8224 70
8225 42
8226 80
8227 87
8228 66
8229 9
8230 0
8231 0
8232 1
8233 2
8234 0
8235 0
8236 0
8237 1
8238 0
8239 5
8240 20
8241 14
8242 13
8243 19
8244 21
8245 29
8246 32
8247 30
8248 32
8249 20
8250 29
8251 59
8252 62
8253 12
8254 1
8255 3
8256 1
8257 1
8258 0
8259 0
8260 0
8261 1
8262 0
8263 0
8264 0
8265 0
8266 1
8267 1
8268 5
8269 4
8270 2
8271 2
8272 3
8273 0
8274 0
8275 2
8276 1
8277 0
8278 0
8279 0
8280 1
8281 0
8282 0
8283 1
8284 0
8285 1
8286 2
8287 1
8288 34
8289 67
8290 96
8291 73
8292 76
8293 71
8294 88
8295 65
8296 79
8297 39
8298 33
8299 38
8300 23
8301 8
8302 0
8303 3
8304 1
8305 1
8306 0
8307 0
8308 0
8309 0
8310 4
8311 3
8312 23
8313 69
8314 92
8315 84
8316 74
8317 55
8318 92
8319 78
8320 68
8321 66
8322 42
8323 49
8324 37
8325 10
8326 4
8327 1
8328 0
8329 0
8330 1
8331 0
8332 0
8333 0
8334 2
8335 1
8336 29
8337 48
8338 87
8339 68
8340 74
8341 87
8342 80
8343 90
8344 69
8345 58
8346 30
8347 79
8348 59
8349 18
8350 2
8351 1
8352 0
8353 1
8354 0
8355 0
8356 0
8357 0
8358 0
8359 1
8360 35
8361 70
8362 92
8363 77
8364 66
8365 85
8366 76
8367 66
8368 73
8369 48
8370 48
8371 78
8372 40
8373 16
8374 1
8375 2
8376 0
8377 0
8378 0
8379 0
8380 1
8381 0
8382 0
8383 2
8384 29
8385 52
8386 67
8387 94
8388 76
8389 82
8390 68
8391 65
8392 95
8393 48
8394 40
8395 83
8396 60
8397 10
8398 1
8399 0
8400 0
8401 2
8402 0
8403 0
8404 0
8405 1
8406 0
8407 1
8408 3
8409 15
8410 22
8411 38
8412 44
8413 38
8414 40
8415 32
8416 22
8417 13
8418 23
8419 44
8420 51
8421 10
8422 0
8423 3
8424 0
8425 3
8426 0
8427 0
8428 0
8429 0
8430 0
8431 0
8432 1
8433 1
8434 2
8435 0
8436 0
8437 1
8438 0
8439 1
8440 0
8441 0
8442 0
8443 1
8444 0
8445 0
8446 0
8447 2
8448 1
8449 0
8450 2
8451 0
8452 0
8453 1
8454 1
8455 2
8456 27
8457 84
8458 77
8459 91
8460 118
8461 85
8462 86
8463 96
8464 77
8465 53
8466 27
8467 66
8468 22
8469 10
8470 1
8471 1
8472 0
8473 0
8474 0
8475 0
8476 0
8477 0
8478 2
8479 0
8480 35
8481 45
8482 86
8483 88
8484 66
8485 79
8486 76
8487 83
8488 61
8489 52
8490 43
8491 51
8492 35
8493 26
8494 2
8495 1
8496 0
8497 2
8498 0
8499 0
8500 0
8501 0
8502 1
8503 2
8504 29
8505 40
8506 81
8507 84
8508 87
8509 90
8510 81
8511 90
8512 64
8513 69
8514 46
8515 76
8516 57
8517 10
8518 1
8519 2
8520 0
8521 0
8522 0
8523 0
8524 0
8525 0
8526 0
8527 1
8528 32
8529 62
8530 68
8531 66
8532 89
8533 81
8534 88
8535 69
8536 82
8537 54
8538 58
8539 66
8540 45
8541 15
8542 0
8543 0
8544 0
8545 0
8546 1
8547 0
8548 0
8549 0
8550 1
8551 2
8552 33
8553 47
8554 73
8555 81
8556 86
8557 85
8558 62
8559 90
8560 104
8561 74
8562 39
8563 34
8564 33
8565 17
8566 2
8567 1
8568 1
8569 0
8570 0
8571 0
8572 0
8573 0
8574 0
8575 0
8576 18
8577 21
8578 24
8579 30
8580 30
8581 46
8582 47
8583 38
8584 34
8585 25
8586 19
8587 29
8588 6
8589 2
8590 0
8591 1
8592 0
8593 1
8594 0
8595 0
8596 0
8597 0
8598 0
8599 0
8600 0
8601 0
8602 1
8603 0
8604 0
8605 0
8606 0
8607 0
8608 0
8609 1
8610 1
8611 1
8612 0
8613 1
8614 0
8615 0
8616 0
8617 0
8618 0
8619 0
8620 0
8621 0
8622 0
8623 0
8624 68
8625 19
8626 34
8627 31
8628 27
8629 21
8630 15
8631 21
8632 51
8633 31
8634 23
8635 32
8636 67
8637 3
8638 0
8639 2
8640 0
8641 1
8642 0
8643 0
8644 0
8645 1
8646 0
8647 1
8648 23
8649 36
8650 32
8651 43
8652 41
8653 53
8654 43
8655 47
8656 41
8657 24
8658 20
8659 24
8660 23
8661 8
8662 0
8663 1
8664 0
8665 1
8666 1
8667 0
8668 0
8669 0
8670 0
8671 0
8672 21
8673 24
8674 11
8675 35
8676 50
8677 45
8678 57
8679 62
8680 45
8681 38
8682 50
8683 42
8684 19
8685 4
8686 0
8687 0
8688 0
8689 0
8690 0
8691 0
8692 0
8693 0
8694 1
8695 1
8696 22
8697 29
8698 49
8699 28
8700 44
8701 64
8702 58
8703 59
8704 51
8705 52
8706 33
8707 41
8708 18
8709 9
8710 1
8711 1
8712 1
8713 0
8714 0
8715 0
8716 0
8717 0
8718 1
8719 0
8720 24
8721 34
8722 34
8723 43
8724 49
8725 61
8726 54
8727 67
8728 50
8729 77
8730 55
8731 50
8732 52
8733 5
8734 0
8735 0
8736 0
8737 0
8738 0
8739 0
8740 0
8741 0
8742 0
8743 0
8744 23
8745 27
8746 25
8747 28
8748 25
8749 30
8750 31
8751 28
8752 26
8753 19
8754 20
8755 21
8756 16
8757 5
8758 0
8759 2
8760 2
