1 0
2 0
3 0
4 0
5 0
6 0
7 0
8 0
9 0
10 0
11 0
12 0
13 0
14 0
15 0
16 0
17 0
18 0
19 0
20 0
21 0
22 0
23 0
24 0
25 0
26 0
27 0
28 0
29 0
30 0
31 0
32 12
33 10
34 5
35 5
36 12
37 7
38 1
39 5
40 7
41 5
42 4
43 14
44 12
45 4
46 0
47 0
48 0
49 0
50 0
51 0
52 0
53 0
54 0
55 0
56 9
57 17
58 10
59 15
60 23
61 16
62 11
63 22
64 12
65 11
66 10
67 6
68 13
69 3
70 0
71 0
72 0
73 0
74 0
75 0
76 0
77 0
78 0
79 0
80 14
81 23
82 20
83 20
84 9
85 16
86 20
87 18
88 13
89 17
90 19
91 12
92 18
93 4
94 0
95 0
96 0
97 0
98 0
99 0
100 0
101 0
102 0
103 0
104 15
105 18
106 20
107 11
108 20
109 11
110 23
111 14
112 22
113 13
114 11
115 18
116 22
117 1
118 0
119 0
120 0
121 0
122 0
123 0
124 0
125 0
126 0
127 0
128 14
129 14
130 21
131 16
132 22
133 19
134 17
135 19
136 16
137 15
138 24
139 15
140 19
141 3
142 0
143 0
144 0
145 0
146 0
147 0
148 0
149 0
150 0
151 0
152 6
153 4
154 13
155 15
156 11
157 12
158 17
159 18
160 13
161 12
162 18
163 15
164 28
165 0
166 0
167 0
168 0
169 0
170 0
171 0
172 0
173 0
174 0
175 0
176 0
177 0
178 0
179 0
180 0
181 0
182 0
183 0
184 0
185 0
186 0
187 0
188 0
189 0
190 0
191 0
192 0
193 0
194 0
195 0
196 0
197 0
198 0
199 0
200 14
201 13
202 13
203 16
204 13
205 25
206 19
207 14
208 15
209 11
210 19
211 11
212 8
213 6
214 0
215 0
216 0
217 0
218 0
219 0
220 0
221 0
222 0
223 0
224 12
225 18
226 12
227 18
228 16
229 18
230 9
231 11
232 15
233 16
234 13
235 11
236 22
237 2
238 0
239 0
240 0
241 0
242 0
243 0
244 0
245 0
246 0
247 0
248 17
249 12
250 23
251 18
252 14
253 10
254 13
255 14
256 12
257 13
258 19
259 23
260 24
261 4
262 0
263 0
264 0
265 0
266 0
267 0
268 0
269 0
270 0
271 0
272 16
273 12
274 14
275 16
276 18
277 13
278 22
279 21
280 16
281 21
282 11
283 19
284 17
285 5
286 0
287 0
288 0
289 0
290 0
291 0
292 0
293 0
294 0
295 0
296 14
297 13
298 17
299 12
300 18
301 20
302 18
303 19
304 16
305 17
306 21
307 13
308 14
309 2
310 0
311 0
312 0
313 0
314 0
315 0
316 0
317 0
318 0
319 0
320 7
321 11
322 10
323 13
324 16
325 10
326 23
327 15
328 13
329 16
330 10
331 20
332 21
333 3
334 0
335 0
336 0
337 0
338 0
339 0
340 0
341 0
342 0
343 0
344 0
345 0
346 0
347 0
348 0
349 0
350 0
351 0
352 0
353 0
354 0
355 0
356 0
357 0
358 0
359 0
360 0
361 0
362 0
363 0
364 0
365 0
366 0
367 0
368 12
369 19
370 19
371 21
372 16
373 12
374 17
375 13
376 16
377 17
378 24
379 25
380 17
381 1
382 0
383 0
384 0
385 0
386 0
387 0
388 0
389 0
390 0
391 0
392 14
393 13
394 25
395 18
396 19
397 17
398 24
399 15
400 19
401 17
402 19
403 15
404 16
405 3
406 0
407 0
408 0
409 0
410 0
411 0
412 0
413 0
414 0
415 0
416 17
417 13
418 26
419 8
420 13
421 17
422 9
423 17
424 14
425 16
426 21
427 13
428 17
429 1
430 0
431 0
432 0
433 0
434 0
435 0
436 0
437 0
438 0
439 0
440 14
441 24
442 24
443 19
444 13
445 10
446 15
447 15
448 12
449 18
450 17
451 18
452 17
453 0
454 0
455 0
456 0
457 0
458 0
459 0
460 0
461 0
462 0
463 0
464 21
465 21
466 12
467 18
468 14
469 11
470 12
471 18
472 12
473 16
474 14
475 15
476 15
477 1
478 0
479 0
480 0
481 0
482 0
483 0
484 0
485 0
486 0
487 0
488 6
489 9
490 18
491 21
492 21
493 16
494 14
495 21
496 19
497 9
498 12
499 18
500 31
501 2
502 0
503 0
504 0
505 0
506 0
507 0
508 0
509 0
510 0
511 0
512 0
513 0
514 0
515 0
516 0
517 0
518 0
519 0
520 0
521 0
522 0
523 0
524 0
525 0
526 0
527 0
528 0
529 0
530 0
531 0
532 0
533 0
534 0
535 0
536 15
537 16
538 20
539 14
540 11
541 18
542 14
543 14
544 16
545 12
546 14
547 16
548 9
549 2
550 0
551 0
552 0
553 0
554 0
555 0
556 0
557 0
558 0
559 0
560 16
561 18
562 8
563 14
564 18
565 17
566 20
567 15
568 17
569 10
570 15
571 10
572 11
573 3
574 0
575 0
576 0
577 0
578 0
579 0
580 0
581 0
582 0
583 0
584 14
585 20
586 12
587 19
588 14
589 15
590 13
591 10
592 15
593 21
594 19
595 16
596 18
597 4
598 0
599 0
600 0
601 0
602 0
603 0
604 0
605 0
606 0
607 0
608 7
609 6
610 10
611 6
612 4
613 3
614 6
615 10
616 9
617 4
618 11
619 8
620 13
621 1
622 0
623 0
624 0
625 0
626 0
627 0
628 0
629 0
630 0
631 0
632 14
633 11
634 20
635 15
636 13
637 16
638 14
639 17
640 21
641 16
642 15
643 10
644 23
645 6
646 0
647 0
648 0
649 0
650 0
651 0
652 0
653 0
654 0
655 0
656 8
657 6
658 16
659 16
660 12
661 19
662 7
663 13
664 16
665 13
666 19
667 17
668 23
669 6
670 0
671 0
672 0
673 0
674 0
675 0
676 0
677 0
678 0
679 0
680 0
681 0
682 0
683 0
684 0
685 0
686 0
687 0
688 0
689 0
690 0
691 0
692 0
693 0
694 0
695 0
696 0
697 0
698 0
699 0
700 0
701 0
702 0
703 0
704 10
705 20
706 20
707 23
708 8
709 17
710 13
711 9
712 19
713 18
714 24
715 19
716 7
717 6
718 0
719 0
720 0
721 0
722 0
723 0
724 0
725 0
726 0
727 0
728 16
729 17
730 18
731 24
732 15
733 23
734 16
735 16
736 24
737 15
738 26
739 18
740 20
741 4
742 0
743 0
744 0
745 0
746 0
747 0
748 0
749 0
750 0
751 0
752 15
753 17
754 11
755 11
756 14
757 14
758 17
759 15
760 32
761 16
762 19
763 14
764 17
765 0
766 0
767 0
768 0
769 0
770 0
771 0
772 0
773 0
774 0
775 0
776 14
777 17
778 13
779 11
780 12
781 14
782 16
783 14
784 17
785 17
786 19
787 10
788 12
789 0
790 0
791 0
792 0
793 0
794 0
795 0
796 0
797 0
798 0
799 0
800 9
801 10
802 20
803 20
804 14
805 24
806 10
807 14
808 17
809 15
810 17
811 14
812 17
813 0
814 0
815 0
816 0
817 0
818 0
819 0
820 0
821 0
822 0
823 0
824 7
825 11
826 10
827 15
828 12
829 17
830 14
831 14
832 20
833 12
834 17
835 22
836 20
837 2
838 0
839 0
840 0
841 0
842 0
843 0
844 0
845 0
846 0
847 0
848 0
849 0
850 0
851 0
852 0
853 0
854 0
855 0
856 0
857 0
858 0
859 0
860 0
861 0
862 0
863 0
864 0
865 0
866 0
867 0
868 0
869 0
870 0
871 0
872 18
873 10
874 15
875 14
876 16
877 12
878 11
879 12
880 13
881 16
882 9
883 23
884 16
885 1
886 0
887 0
888 0
889 0
890 0
891 0
892 0
893 0
894 0
895 0
896 14
897 14
898 13
899 7
900 17
901 14
902 18
903 15
904 14
905 15
906 19
907 11
908 12
909 2
910 0
911 0
912 0
913 0
914 0
915 0
916 0
917 0
918 0
919 0
920 16
921 9
922 15
923 15
924 10
925 18
926 16
927 13
928 16
929 23
930 17
931 11
932 16
933 4
934 0
935 0
936 0
937 0
938 0
939 0
940 0
941 0
942 0
943 0
944 13
945 18
946 22
947 21
948 14
949 15
950 13
951 26
952 13
953 12
954 10
955 15
956 20
957 4
958 0
959 0
960 0
961 0
962 0
963 0
964 0
965 0
966 0
967 0
968 14
969 11
970 25
971 10
972 13
973 18
974 15
975 22
976 11
977 18
978 20
979 10
980 18
981 3
982 0
983 0
984 0
985 0
986 0
987 0
988 0
989 0
990 0
991 0
992 15
993 5
994 10
995 8
996 7
997 10
998 7
999 13
1000 14
1001 19
1002 19
1003 21
1004 22
1005 3
1006 0
1007 0
1008 0
1009 0
1010 0
1011 0
1012 0
1013 0
1014 0
1015 0
1016 0
1017 0
1018 0
1019 0
1020 0
1021 0
1022 0
1023 0
1024 0
1025 0
1026 0
1027 0
1028 0
1029 0
1030 0
1031 0
1032 0
1033 0
1034 0
1035 0
1036 0
1037 0
1038 0
1039 0
1040 13
1041 15
1042 23
1043 11
1044 10
1045 14
1046 14
1047 11
1048 17
1049 15
1050 12
1051 12
1052 16
1053 6
1054 0
1055 0
1056 0
1057 0
1058 0
1059 0
1060 0
1061 0
1062 0
1063 0
1064 15
1065 14
1066 30
1067 10
1068 14
1069 8
1070 9
1071 15
1072 22
1073 24
1074 15
1075 13
1076 13
1077 3
1078 0
1079 0
1080 0
1081 0
1082 0
1083 0
1084 0
1085 0
1086 0
1087 0
1088 16
1089 16
1090 22
1091 9
1092 15
1093 8
1094 14
1095 20
1096 13
1097 10
1098 17
1099 15
1100 19
1101 1
1102 0
1103 0
1104 0
1105 0
1106 0
1107 0
1108 0
1109 0
1110 0
1111 0
1112 11
1113 17
1114 23
1115 13
1116 17
1117 15
1118 12
1119 13
1120 15
1121 17
1122 17
1123 14
1124 20
1125 1
1126 0
1127 0
1128 0
1129 0
1130 0
1131 0
1132 0
1133 0
1134 0
1135 0
1136 14
1137 8
1138 17
1139 17
1140 21
1141 22
1142 18
1143 16
1144 15
1145 15
1146 20
1147 13
1148 18
1149 3
1150 0
1151 0
1152 0
1153 0
1154 0
1155 0
1156 0
1157 0
1158 0
1159 0
1160 15
1161 15
1162 18
1163 13
1164 7
1165 21
1166 20
1167 8
1168 16
1169 14
1170 11
1171 18
1172 20
1173 2
1174 0
1175 0
1176 0
1177 0
1178 0
1179 0
1180 0
1181 0
1182 0
1183 0
1184 0
1185 0
1186 0
1187 0
1188 0
1189 0
1190 0
1191 0
1192 0
1193 0
1194 0
1195 0
1196 0
1197 0
1198 0
1199 0
1200 0
1201 0
1202 0
1203 0
1204 0
1205 0
1206 0
1207 0
1208 18
1209 15
1210 21
1211 19
1212 12
1213 15
1214 13
1215 14
1216 20
1217 13
1218 24
1219 9
1220 15
1221 4
1222 0
1223 0
1224 0
1225 0
1226 0
1227 0
1228 0
1229 0
1230 0
1231 0
1232 16
1233 20
1234 8
1235 16
1236 14
1237 15
1238 9
1239 10
1240 15
1241 18
1242 15
1243 5
1244 12
1245 2
1246 0
1247 0
1248 0
1249 0
1250 0
1251 0
1252 0
1253 0
1254 0
1255 0
1256 15
1257 17
1258 14
1259 16
1260 11
1261 9
1262 15
1263 20
1264 11
1265 15
1266 11
1267 16
1268 16
1269 4
1270 0
1271 0
1272 0
1273 0
1274 0
1275 0
1276 0
1277 0
1278 0
1279 0
1280 18
1281 13
1282 22
1283 22
1284 11
1285 16
1286 12
1287 15
1288 15
1289 23
1290 12
1291 13
1292 18
1293 2
1294 0
1295 0
1296 0
1297 0
1298 0
1299 0
1300 0
1301 0
1302 0
1303 0
1304 17
1305 17
1306 17
1307 23
1308 18
1309 21
1310 15
1311 18
1312 17
1313 20
1314 21
1315 12
1316 19
1317 2
1318 0
1319 0
1320 0
1321 0
1322 0
1323 0
1324 0
1325 0
1326 0
1327 0
1328 12
1329 10
1330 12
1331 15
1332 13
1333 23
1334 22
1335 14
1336 24
1337 19
1338 37
1339 18
1340 21
1341 1
1342 0
1343 0
1344 0
1345 0
1346 0
1347 0
1348 0
1349 0
1350 0
1351 0
1352 0
1353 0
1354 0
1355 0
1356 0
1357 0
1358 0
1359 0
1360 0
1361 0
1362 0
1363 0
1364 0
1365 0
1366 0
1367 0
1368 0
1369 0
1370 0
1371 0
1372 0
1373 0
1374 0
1375 0
1376 18
1377 13
1378 27
1379 24
1380 17
1381 15
1382 13
1383 19
1384 15
1385 16
1386 15
1387 13
1388 21
1389 5
1390 0
1391 0
1392 0
1393 0
1394 0
1395 0
1396 0
1397 0
1398 0
1399 0
1400 16
1401 11
1402 24
1403 21
1404 14
1405 9
1406 15
1407 11
1408 17
1409 11
1410 20
1411 12
1412 18
1413 6
1414 0
1415 0
1416 0
1417 0
1418 0
1419 0
1420 0
1421 0
1422 0
1423 0
1424 19
1425 15
1426 20
1427 12
1428 10
1429 23
1430 16
1431 22
1432 14
1433 15
1434 16
1435 10
1436 21
1437 4
1438 0
1439 0
1440 0
1441 0
1442 0
1443 0
1444 0
1445 0
1446 0
1447 0
1448 20
1449 19
1450 17
1451 18
1452 15
1453 14
1454 13
1455 11
1456 19
1457 23
1458 17
1459 13
1460 21
1461 1
1462 0
1463 0
1464 0
1465 0
1466 0
1467 0
1468 0
1469 0
1470 0
1471 0
1472 7
1473 13
1474 21
1475 11
1476 15
1477 17
1478 17
1479 16
1480 10
1481 16
1482 11
1483 19
1484 23
1485 3
1486 0
1487 0
1488 0
1489 0
1490 0
1491 0
1492 0
1493 0
1494 0
1495 0
1496 0
1497 0
1498 0
1499 0
1500 0
1501 0
1502 0
1503 0
1504 0
1505 0
1506 0
1507 0
1508 0
1509 0
1510 0
1511 0
1512 0
1513 0
1514 0
1515 0
1516 0
1517 0
1518 0
1519 0
1520 18
1521 23
1522 20
1523 17
1524 17
1525 16
1526 10
1527 21
1528 16
1529 11
1530 19
1531 24
1532 19
1533 3
1534 0
1535 0
1536 0
1537 0
1538 0
1539 0
1540 0
1541 0
1542 0
1543 0
1544 21
1545 20
1546 16
1547 24
1548 9
1549 16
1550 18
1551 16
1552 11
1553 13
1554 29
1555 11
1556 22
1557 3
1558 0
1559 0
1560 0
1561 0
1562 0
1563 0
1564 0
1565 0
1566 0
1567 0
1568 19
1569 17
1570 14
1571 14
1572 9
1573 20
1574 19
1575 15
1576 23
1577 17
1578 15
1579 19
1580 22
1581 3
1582 0
1583 0
1584 0
1585 0
1586 0
1587 0
1588 0
1589 0
1590 0
1591 0
1592 17
1593 18
1594 16
1595 15
1596 16
1597 12
1598 15
1599 15
1600 12
1601 16
1602 18
1603 15
1604 20
1605 1
1606 0
1607 0
1608 0
1609 0
1610 0
1611 0
1612 0
1613 0
1614 0
1615 0
1616 15
1617 19
1618 22
1619 16
1620 19
1621 18
1622 18
1623 22
1624 17
1625 15
1626 16
1627 14
1628 18
1629 7
1630 0
1631 0
1632 0
1633 0
1634 0
1635 0
1636 0
1637 0
1638 0
1639 0
1640 7
1641 16
1642 15
1643 14
1644 22
1645 20
1646 23
1647 19
1648 15
1649 11
1650 9
1651 11
1652 16
1653 1
1654 0
1655 0
1656 0
1657 0
1658 0
1659 0
1660 0
1661 0
1662 0
1663 0
1664 0
1665 0
1666 0
1667 0
1668 0
1669 0
1670 0
1671 0
1672 0
1673 0
1674 0
1675 0
1676 0
1677 0
1678 0
1679 0
1680 0
1681 0
1682 0
1683 0
1684 0
1685 0
1686 0
1687 0
1688 12
1689 5
1690 3
1691 0
1692 5
1693 0
1694 0
1695 2
1696 5
1697 9
1698 10
1699 13
1700 17
1701 2
1702 0
1703 0
1704 0
1705 0
1706 0
1707 0
1708 0
1709 0
1710 0
1711 0
1712 21
1713 23
1714 19
1715 14
1716 19
1717 19
1718 19
1719 13
1720 15
1721 15
1722 16
1723 13
1724 15
1725 6
1726 0
1727 0
1728 0
1729 0
1730 0
1731 0
1732 0
1733 0
1734 0
1735 0
1736 18
1737 14
1738 22
1739 9
1740 13
1741 10
1742 13
1743 15
1744 12
1745 22
1746 15
1747 15
1748 16
1749 9
1750 0
1751 0
1752 0
1753 0
1754 0
1755 0
1756 0
1757 0
1758 0
1759 0
1760 19
1761 23
1762 20
1763 18
1764 22
1765 14
1766 14
1767 17
1768 14
1769 16
1770 16
1771 15
1772 21
1773 5
1774 0
1775 0
1776 0
1777 0
1778 0
1779 0
1780 0
1781 0
1782 0
1783 0
1784 15
1785 19
1786 26
1787 15
1788 21
1789 20
1790 23
1791 21
1792 15
1793 23
1794 25
1795 20
1796 25
1797 1
1798 0
1799 0
1800 0
1801 0
1802 0
1803 0
1804 0
1805 0
1806 0
1807 0
1808 10
1809 23
1810 20
1811 21
1812 11
1813 20
1814 9
1815 17
1816 27
1817 20
1818 13
1819 21
1820 22
1821 4
1822 0
1823 0
1824 0
1825 0
1826 0
1827 0
1828 0
1829 0
1830 0
1831 0
1832 0
1833 0
1834 0
1835 0
1836 0
1837 0
1838 0
1839 0
1840 0
1841 0
1842 0
1843 0
1844 0
1845 0
1846 0
1847 0
1848 0
1849 0
1850 0
1851 0
1852 0
1853 0
1854 0
1855 0
1856 18
1857 20
1858 22
1859 15
1860 21
1861 14
1862 8
1863 14
1864 19
1865 12
1866 20
1867 15
1868 11
1869 2
1870 0
1871 0
1872 0
1873 0
1874 0
1875 0
1876 0
1877 0
1878 0
1879 0
1880 18
1881 21
1882 13
1883 11
1884 17
1885 15
1886 20
1887 19
1888 16
1889 23
1890 19
1891 9
1892 16
1893 5
1894 0
1895 0
1896 0
1897 0
1898 0
1899 0
1900 0
1901 0
1902 0
1903 0
1904 17
1905 19
1906 11
1907 17
1908 18
1909 19
1910 7
1911 17
1912 15
1913 17
1914 20
1915 12
1916 19
1917 6
1918 0
1919 0
1920 0
1921 0
1922 0
1923 0
1924 0
1925 0
1926 0
1927 0
1928 22
1929 19
1930 11
1931 12
1932 11
1933 23
1934 8
1935 25
1936 11
1937 15
1938 20
1939 11
1940 19
1941 1
1942 0
1943 0
1944 0
1945 0
1946 0
1947 0
1948 0
1949 0
1950 0
1951 0
1952 15
1953 22
1954 21
1955 16
1956 13
1957 16
1958 16
1959 11
1960 17
1961 24
1962 23
1963 9
1964 14
1965 2
1966 0
1967 0
1968 0
1969 0
1970 0
1971 0
1972 0
1973 0
1974 0
1975 0
1976 15
1977 11
1978 10
1979 11
1980 17
1981 12
1982 20
1983 12
1984 7
1985 9
1986 10
1987 17
1988 19
1989 1
1990 0
1991 0
1992 0
1993 0
1994 0
1995 0
1996 0
1997 0
1998 0
1999 0
2000 0
2001 0
2002 0
2003 0
2004 0
2005 0
2006 0
2007 0
2008 0
2009 0
2010 0
2011 0
2012 0
2013 0
2014 0
2015 0
2016 0
2017 0
2018 0
2019 0
2020 0
2021 0
2022 0
2023 0
2024 20
2025 12
2026 20
2027 10
2028 15
2029 16
2030 9
2031 16
2032 26
2033 26
2034 19
2035 13
2036 16
2037 7
2038 0
2039 0
2040 0
2041 0
2042 0
2043 0
2044 0
2045 0
2046 0
2047 0
2048 16
2049 15
2050 25
2051 14
2052 18
2053 24
2054 10
2055 15
2056 13
2057 11
2058 20
2059 8
2060 13
2061 1
2062 0
2063 0
2064 0
2065 0
2066 0
2067 0
2068 0
2069 0
2070 0
2071 0
2072 18
2073 16
2074 19
2075 13
2076 10
2077 6
2078 14
2079 11
2080 14
2081 15
2082 19
2083 10
2084 14
2085 3
2086 0
2087 0
2088 0
2089 0
2090 0
2091 0
2092 0
2093 0
2094 0
2095 0
2096 16
2097 20
2098 22
2099 16
2100 15
2101 10
2102 19
2103 16
2104 13
2105 13
2106 18
2107 18
2108 15
2109 2
2110 0
2111 0
2112 0
2113 0
2114 0
2115 0
2116 0
2117 0
2118 0
2119 0
2120 15
2121 14
2122 13
2123 18
2124 20
2125 12
2126 11
2127 15
2128 23
2129 18
2130 12
2131 9
2132 22
2133 2
2134 0
2135 0
2136 0
2137 0
2138 0
2139 0
2140 0
2141 0
2142 0
2143 0
2144 8
2145 15
2146 6
2147 20
2148 15
2149 22
2150 29
2151 22
2152 26
2153 11
2154 8
2155 19
2156 17
2157 0
2158 0
2159 0
2160 0
2161 0
2162 0
2163 0
2164 0
2165 0
2166 0
2167 0
2168 0
2169 0
2170 0
2171 0
2172 0
2173 0
2174 0
2175 0
2176 0
2177 0
2178 0
2179 0
2180 0
2181 0
2182 0
2183 0
2184 0
2185 0
2186 0
2187 0
2188 0
2189 0
2190 0
2191 0
2192 18
2193 14
2194 11
2195 20
2196 5
2197 22
2198 20
2199 15
2200 20
2201 10
2202 16
2203 9
2204 20
2205 6
2206 0
2207 0
2208 0
2209 0
2210 0
2211 0
2212 0
2213 0
2214 0
2215 0
2216 20
2217 33
2218 23
2219 15
2220 26
2221 21
2222 20
2223 19
2224 15
2225 20
2226 21
2227 13
2228 17
2229 4
2230 0
2231 0
2232 0
2233 0
2234 0
2235 0
2236 0
2237 0
2238 0
2239 0
2240 22
2241 12
2242 16
2243 13
2244 16
2245 19
2246 14
2247 14
2248 13
2249 15
2250 19
2251 13
2252 17
2253 4
2254 0
2255 0
2256 0
2257 0
2258 0
2259 0
2260 0
2261 0
2262 0
2263 0
2264 18
2265 14
2266 13
2267 20
2268 22
2269 16
2270 12
2271 17
2272 12
2273 17
2274 17
2275 16
2276 22
2277 0
2278 0
2279 0
2280 0
2281 0
2282 0
2283 0
2284 0
2285 0
2286 0
2287 0
2288 7
2289 8
2290 9
2291 10
2292 3
2293 6
2294 4
2295 1
2296 5
2297 7
2298 7
2299 11
2300 19
2301 6
2302 0
2303 0
2304 0
2305 0
2306 0
2307 0
2308 0
2309 0
2310 0
2311 0
2312 8
2313 7
2314 6
2315 5
2316 11
2317 8
2318 10
2319 7
2320 6
2321 9
2322 9
2323 31
2324 16
2325 1
2326 0
2327 0
2328 0
2329 0
2330 0
2331 0
2332 0
2333 0
2334 0
2335 0
2336 0
2337 0
2338 0
2339 0
2340 0
2341 0
2342 0
2343 0
2344 0
2345 0
2346 0
2347 0
2348 0
2349 0
2350 0
2351 0
2352 0
2353 0
2354 0
2355 0
2356 0
2357 0
2358 0
2359 0
2360 12
2361 7
2362 4
2363 5
2364 3
2365 9
2366 10
2367 5
2368 3
2369 7
2370 6
2371 5
2372 15
2373 3
2374 0
2375 0
2376 0
2377 0
2378 0
2379 0
2380 0
2381 0
2382 0
2383 0
2384 17
2385 19
2386 27
2387 15
2388 17
2389 14
2390 11
2391 18
2392 17
2393 23
2394 22
2395 19
2396 21
2397 2
2398 0
2399 0
2400 0
2401 0
2402 0
2403 0
2404 0
2405 0
2406 0
2407 0
2408 21
2409 19
2410 10
2411 17
2412 12
2413 13
2414 10
2415 9
2416 9
2417 13
2418 23
2419 8
2420 16
2421 1
2422 0
2423 0
2424 0
2425 0
2426 0
2427 0
2428 0
2429 0
2430 0
2431 0
2432 19
2433 11
2434 18
2435 15
2436 16
2437 16
2438 11
2439 11
2440 16
2441 20
2442 10
2443 8
2444 20
2445 1
2446 0
2447 0
2448 0
2449 0
2450 0
2451 0
2452 0
2453 0
2454 0
2455 0
2456 16
2457 20
2458 11
2459 13
2460 13
2461 17
2462 13
2463 15
2464 22
2465 16
2466 14
2467 14
2468 12
2469 1
2470 0
2471 0
2472 0
2473 0
2474 0
2475 0
2476 0
2477 0
2478 0
2479 0
2480 7
2481 10
2482 19
2483 11
2484 15
2485 22
2486 9
2487 18
2488 13
2489 10
2490 17
2491 21
2492 12
2493 0
2494 0
2495 0
2496 0
2497 0
2498 0
2499 0
2500 0
2501 0
2502 0
2503 0
2504 0
2505 0
2506 0
2507 0
2508 0
2509 0
2510 0
2511 0
2512 0
2513 0
2514 0
2515 0
2516 0
2517 0
2518 0
2519 0
2520 0
2521 0
2522 0
2523 0
2524 0
2525 0
2526 0
2527 0
2528 20
2529 13
2530 10
2531 13
2532 17
2533 16
2534 12
2535 17
2536 17
2537 13
2538 11
2539 11
2540 13
2541 3
2542 0
2543 0
2544 0
2545 0
2546 0
2547 0
2548 0
2549 0
2550 0
2551 0
2552 15
2553 33
2554 16
2555 19
2556 10
2557 17
2558 20
2559 8
2560 10
2561 14
2562 12
2563 16
2564 19
2565 3
2566 0
2567 0
2568 0
2569 0
2570 0
2571 0
2572 0
2573 0
2574 0
2575 0
2576 16
2577 28
2578 16
2579 10
2580 9
2581 11
2582 14
2583 16
2584 11
2585 22
2586 15
2587 14
2588 14
2589 4
2590 0
2591 0
2592 0
2593 0
2594 0
2595 0
2596 0
2597 0
2598 0
2599 0
2600 20
2601 18
2602 20
2603 15
2604 12
2605 10
2606 15
2607 14
2608 13
2609 15
2610 11
2611 13
2612 16
2613 2
2614 0
2615 0
2616 0
2617 0
2618 0
2619 0
2620 0
2621 0
2622 0
2623 0
2624 21
2625 30
2626 9
2627 5
2628 16
2629 5
2630 14
2631 13
2632 18
2633 19
2634 17
2635 10
2636 18
2637 3
2638 0
2639 0
2640 0
2641 0
2642 0
2643 0
2644 0
2645 0
2646 0
2647 0
2648 11
2649 10
2650 15
2651 18
2652 13
2653 15
2654 13
2655 14
2656 13
2657 13
2658 8
2659 14
2660 15
2661 1
2662 0
2663 0
2664 0
2665 0
2666 0
2667 0
2668 0
2669 0
2670 0
2671 0
2672 0
2673 0
2674 0
2675 0
2676 0
2677 0
2678 0
2679 0
2680 0
2681 0
2682 0
2683 0
2684 0
2685 0
2686 0
2687 0
2688 0
2689 0
2690 0
2691 0
2692 0
2693 0
2694 0
2695 0
2696 15
2697 8
2698 15
2699 16
2700 15
2701 14
2702 21
2703 13
2704 17
2705 15
2706 5
2707 16
2708 11
2709 2
2710 0
2711 0
2712 0
2713 0
2714 0
2715 0
2716 0
2717 0
2718 0
2719 0
2720 18
2721 10
2722 18
2723 5
2724 8
2725 11
2726 8
2727 9
2728 11
2729 8
2730 13
2731 12
2732 19
2733 2
2734 0
2735 0
2736 0
2737 0
2738 0
2739 0
2740 0
2741 0
2742 0
2743 0
2744 11
2745 7
2746 2
2747 2
2748 1
2749 0
2750 3
2751 7
2752 7
2753 6
2754 9
2755 3
2756 16
2757 1
2758 0
2759 0
2760 0
2761 0
2762 0
2763 0
2764 0
2765 0
2766 0
2767 0
2768 14
2769 8
2770 12
2771 16
2772 15
2773 13
2774 18
2775 15
2776 11
2777 10
2778 11
2779 14
2780 20
2781 5
2782 0
2783 0
2784 0
2785 0
2786 0
2787 0
2788 0
2789 0
2790 0
2791 0
2792 16
2793 20
2794 13
2795 14
2796 22
2797 11
2798 10
2799 13
2800 14
2801 13
2802 9
2803 11
2804 19
2805 1
2806 0
2807 0
2808 0
2809 0
2810 0
2811 0
2812 0
2813 0
2814 0
2815 0
2816 9
2817 11
2818 9
2819 13
2820 17
2821 15
2822 10
2823 11
2824 10
2825 6
2826 14
2827 20
2828 19
2829 1
2830 0
2831 0
2832 0
2833 0
2834 0
2835 0
2836 0
2837 0
2838 0
2839 0
2840 0
2841 0
2842 0
2843 0
2844 0
2845 0
2846 0
2847 0
2848 0
2849 0
2850 0
2851 0
2852 0
2853 0
2854 0
2855 0
2856 0
2857 0
2858 0
2859 0
2860 0
2861 0
2862 0
2863 0
2864 16
2865 12
2866 20
2867 17
2868 11
2869 7
2870 10
2871 13
2872 9
2873 20
2874 13
2875 13
2876 10
2877 4
2878 0
2879 0
2880 0
2881 0
2882 0
2883 0
2884 0
2885 0
2886 0
2887 0
2888 20
2889 29
2890 14
2891 11
2892 10
2893 10
2894 19
2895 13
2896 20
2897 8
2898 11
2899 9
2900 15
2901 2
2902 0
2903 0
2904 0
2905 0
2906 0
2907 0
2908 0
2909 0
2910 0
2911 0
2912 18
2913 17
2914 11
2915 12
2916 14
2917 10
2918 14
2919 11
2920 11
2921 10
2922 12
2923 8
2924 19
2925 3
2926 0
2927 0
2928 0
2929 0
2930 0
2931 0
2932 0
2933 0
2934 0
2935 0
2936 20
2937 11
2938 23
2939 11
2940 8
2941 10
2942 9
2943 10
2944 10
2945 13
2946 15
2947 4
2948 16
2949 5
2950 0
2951 0
2952 0
2953 0
2954 0
2955 0
2956 0
2957 0
2958 0
2959 0
2960 14
2961 21
2962 14
2963 10
2964 14
2965 16
2966 15
2967 14
2968 15
2969 17
2970 15
2971 9
2972 17
2973 2
2974 0
2975 0
2976 0
2977 0
2978 0
2979 0
2980 0
2981 0
2982 0
2983 0
2984 5
2985 6
2986 5
2987 6
2988 15
2989 7
2990 12
2991 10
2992 10
2993 17
2994 15
2995 18
2996 14
2997 1
2998 0
2999 0
3000 0
3001 0
3002 0
3003 0
3004 0
3005 0
3006 0
3007 0
3008 0
3009 0
3010 0
3011 0
3012 0
3013 0
3014 0
3015 0
3016 0
3017 0
3018 0
3019 0
3020 0
3021 0
3022 0
3023 0
3024 0
3025 0
3026 0
3027 0
3028 0
3029 0
3030 0
3031 0
3032 13
3033 5
3034 21
3035 14
3036 17
3037 14
3038 18
3039 15
3040 16
3041 21
3042 13
3043 12
3044 15
3045 1
3046 0
3047 0
3048 0
3049 0
3050 0
3051 0
3052 0
3053 0
3054 0
3055 0
3056 18
3057 17
3058 10
3059 17
3060 17
3061 13
3062 14
3063 13
3064 18
3065 14
3066 22
3067 10
3068 21
3069 4
3070 0
3071 0
3072 0
3073 0
3074 0
3075 0
3076 0
3077 0
3078 0
3079 0
3080 15
3081 14
3082 25
3083 11
3084 20
3085 9
3086 11
3087 8
3088 12
3089 7
3090 17
3091 17
3092 14
3093 5
3094 0
3095 0
3096 0
3097 0
3098 0
3099 0
3100 0
3101 0
3102 0
3103 0
3104 17
3105 13
3106 8
3107 13
3108 14
3109 14
3110 14
3111 10
3112 17
3113 17
3114 9
3115 16
3116 17
3117 3
3118 0
3119 0
3120 0
3121 0
3122 0
3123 0
3124 0
3125 0
3126 0
3127 0
3128 17
3129 18
3130 12
3131 15
3132 15
3133 14
3134 17
3135 9
3136 15
3137 17
3138 13
3139 12
3140 13
3141 4
3142 0
3143 0
3144 0
3145 0
3146 0
3147 0
3148 0
3149 0
3150 0
3151 0
3152 16
3153 14
3154 17
3155 12
3156 29
3157 12
3158 20
3159 17
3160 16
3161 7
3162 18
3163 23
3164 16
3165 1
3166 0
3167 0
3168 0
3169 0
3170 0
3171 0
3172 0
3173 0
3174 0
3175 0
3176 0
3177 0
3178 0
3179 0
3180 0
3181 0
3182 0
3183 0
3184 0
3185 0
3186 0
3187 0
3188 0
3189 0
3190 0
3191 0
3192 0
3193 0
3194 0
3195 0
3196 0
3197 0
3198 0
3199 0
3200 19
3201 18
3202 18
3203 9
3204 8
3205 12
3206 8
3207 11
3208 18
3209 12
3210 22
3211 9
3212 19
3213 1
3214 0
3215 0
3216 0
3217 0
3218 0
3219 0
3220 0
3221 0
3222 0
3223 0
3224 22
3225 14
3226 14
3227 11
3228 8
3229 10
3230 14
3231 12
3232 10
3233 13
3234 8
3235 9
3236 14
3237 2
3238 0
3239 0
3240 0
3241 0
3242 0
3243 0
3244 0
3245 0
3246 0
3247 0
3248 18
3249 13
3250 17
3251 12
3252 17
3253 17
3254 15
3255 18
3256 13
3257 13
3258 16
3259 12
3260 26
3261 4
3262 0
3263 0
3264 0
3265 0
3266 0
3267 0
3268 0
3269 0
3270 0
3271 0
3272 15
3273 14
3274 21
3275 9
3276 13
3277 10
3278 17
3279 14
3280 15
3281 12
3282 14
3283 13
3284 16
3285 2
3286 0
3287 0
3288 0
3289 0
3290 0
3291 0
3292 0
3293 0
3294 0
3295 0
3296 17
3297 9
3298 16
3299 13
3300 10
3301 17
3302 12
3303 6
3304 11
3305 12
3306 13
3307 6
3308 17
3309 4
3310 0
3311 0
3312 0
3313 0
3314 0
3315 0
3316 0
3317 0
3318 0
3319 0
3320 18
3321 19
3322 9
3323 14
3324 9
3325 11
3326 11
3327 16
3328 12
3329 14
3330 11
3331 15
3332 12
3333 1
3334 0
3335 0
3336 0
3337 0
3338 0
3339 0
3340 0
3341 0
3342 0
3343 0
3344 0
3345 0
3346 0
3347 0
3348 0
3349 0
3350 0
3351 0
3352 0
3353 0
3354 0
3355 0
3356 0
3357 0
3358 0
3359 0
3360 0
3361 0
3362 0
3363 0
3364 0
3365 0
3366 0
3367 0
3368 16
3369 14
3370 15
3371 13
3372 12
3373 16
3374 18
3375 10
3376 15
3377 13
3378 15
3379 11
3380 19
3381 4
3382 0
3383 0
3384 0
3385 0
3386 0
3387 0
3388 0
3389 0
3390 0
3391 0
3392 14
3393 16
3394 23
3395 22
3396 16
3397 13
3398 18
3399 14
3400 12
3401 19
3402 15
3403 7
3404 16
3405 2
3406 0
3407 0
3408 0
3409 0
3410 0
3411 0
3412 0
3413 0
3414 0
3415 0
3416 19
3417 19
3418 14
3419 13
3420 10
3421 13
3422 22
3423 14
3424 15
3425 16
3426 16
3427 15
3428 13
3429 3
3430 0
3431 0
3432 0
3433 0
3434 0
3435 0
3436 0
3437 0
3438 0
3439 0
3440 16
3441 18
3442 21
3443 18
3444 12
3445 12
3446 13
3447 17
3448 15
3449 19
3450 11
3451 13
3452 14
3453 6
3454 0
3455 0
3456 0
3457 0
3458 0
3459 0
3460 0
3461 0
3462 0
3463 0
3464 17
3465 20
3466 20
3467 14
3468 13
3469 21
3470 13
3471 17
3472 14
3473 18
3474 13
3475 14
3476 15
3477 1
3478 0
3479 0
3480 0
3481 0
3482 0
3483 0
3484 0
3485 0
3486 0
3487 0
3488 13
3489 19
3490 17
3491 17
3492 20
3493 15
3494 20
3495 12
3496 20
3497 16
3498 8
3499 20
3500 16
3501 1
3502 0
3503 0
3504 0
3505 0
3506 0
3507 0
3508 0
3509 0
3510 0
3511 0
3512 0
3513 0
3514 0
3515 0
3516 0
3517 0
3518 0
3519 0
3520 0
3521 0
3522 0
3523 0
3524 0
3525 0
3526 0
3527 0
3528 0
3529 0
3530 0
3531 0
3532 0
3533 0
3534 0
3535 0
3536 16
3537 23
3538 20
3539 13
3540 11
3541 16
3542 19
3543 22
3544 13
3545 17
3546 20
3547 4
3548 19
3549 3
3550 0
3551 0
3552 0
3553 0
3554 0
3555 0
3556 0
3557 0
3558 0
3559 0
3560 17
3561 22
3562 10
3563 16
3564 15
3565 19
3566 14
3567 12
3568 16
3569 15
3570 18
3571 14
3572 17
3573 0
3574 0
3575 0
3576 0
3577 0
3578 0
3579 0
3580 0
3581 0
3582 0
3583 0
3584 19
3585 11
3586 24
3587 23
3588 21
3589 16
3590 9
3591 17
3592 21
3593 19
3594 18
3595 9
3596 16
3597 3
3598 0
3599 0
3600 0
3601 0
3602 0
3603 0
3604 0
3605 0
3606 0
3607 0
3608 16
3609 17
3610 14
3611 18
3612 15
3613 13
3614 15
3615 14
3616 18
3617 21
3618 16
3619 14
3620 20
3621 5
3622 0
3623 0
3624 0
3625 0
3626 0
3627 0
3628 0
3629 0
3630 0
3631 0
3632 28
3633 25
3634 15
3635 11
3636 20
3637 18
3638 17
3639 24
3640 20
3641 19
3642 20
3643 13
3644 23
3645 2
3646 0
3647 0
3648 0
3649 0
3650 0
3651 0
3652 0
3653 0
3654 0
3655 0
3656 9
3657 12
3658 9
3659 9
3660 18
3661 13
3662 19
3663 24
3664 18
3665 14
3666 16
3667 14
3668 17
3669 1
3670 0
3671 0
3672 0
3673 0
3674 0
3675 0
3676 0
3677 0
3678 0
3679 0
3680 0
3681 0
3682 0
3683 0
3684 0
3685 0
3686 0
3687 0
3688 0
3689 0
3690 0
3691 0
3692 0
3693 0
3694 0
3695 0
3696 0
3697 0
3698 0
3699 0
3700 0
3701 0
3702 0
3703 0
3704 18
3705 14
3706 24
3707 22
3708 20
3709 13
3710 18
3711 23
3712 25
3713 16
3714 19
3715 18
3716 17
3717 3
3718 0
3719 0
3720 0
3721 0
3722 0
3723 0
3724 0
3725 0
3726 0
3727 0
3728 18
3729 26
3730 17
3731 13
3732 21
3733 21
3734 8
3735 20
3736 12
3737 20
3738 16
3739 16
3740 17
3741 3
3742 0
3743 0
3744 0
3745 0
3746 0
3747 0
3748 0
3749 0
3750 0
3751 0
3752 18
3753 23
3754 12
3755 15
3756 21
3757 18
3758 15
3759 21
3760 16
3761 19
3762 19
3763 17
3764 20
3765 2
3766 0
3767 0
3768 0
3769 0
3770 0
3771 0
3772 0
3773 0
3774 0
3775 0
3776 20
3777 11
3778 19
3779 14
3780 18
3781 16
3782 18
3783 14
3784 16
3785 14
3786 20
3787 17
3788 16
3789 1
3790 0
3791 0
3792 0
3793 0
3794 0
3795 0
3796 0
3797 0
3798 0
3799 0
3800 21
3801 13
3802 19
3803 11
3804 16
3805 20
3806 20
3807 20
3808 18
3809 15
3810 16
3811 12
3812 15
3813 3
3814 0
3815 0
3816 0
3817 0
3818 0
3819 0
3820 0
3821 0
3822 0
3823 0
3824 8
3825 14
3826 19
3827 28
3828 29
3829 23
3830 14
3831 19
3832 13
3833 16
3834 19
3835 26
3836 15
3837 0
3838 0
3839 0
3840 0
3841 0
3842 0
3843 0
3844 0
3845 0
3846 0
3847 0
3848 0
3849 0
3850 0
3851 0
3852 0
3853 0
3854 0
3855 0
3856 0
3857 0
3858 0
3859 0
3860 0
3861 0
3862 0
3863 0
3864 0
3865 0
3866 0
3867 0
3868 0
3869 0
3870 0
3871 0
3872 12
3873 4
3874 6
3875 0
3876 4
3877 3
3878 3
3879 2
3880 4
3881 5
3882 4
3883 6
3884 15
3885 3
3886 0
3887 0
3888 0
3889 0
3890 0
3891 0
3892 0
3893 0
3894 0
3895 0
3896 18
3897 19
3898 17
3899 16
3900 24
3901 14
3902 17
3903 18
3904 16
3905 22
3906 14
3907 15
3908 17
3909 0
3910 0
3911 0
3912 0
3913 0
3914 0
3915 0
3916 0
3917 0
3918 0
3919 0
3920 19
3921 19
3922 24
3923 12
3924 16
3925 10
3926 16
3927 15
3928 21
3929 24
3930 17
3931 12
3932 16
3933 1
3934 0
3935 0
3936 0
3937 0
3938 0
3939 0
3940 0
3941 0
3942 0
3943 0
3944 21
3945 14
3946 17
3947 14
3948 15
3949 18
3950 11
3951 20
3952 11
3953 19
3954 12
3955 15
3956 16
3957 4
3958 0
3959 0
3960 0
3961 0
3962 0
3963 0
3964 0
3965 0
3966 0
3967 0
3968 11
3969 23
3970 27
3971 27
3972 17
3973 17
3974 18
3975 21
3976 23
3977 16
3978 11
3979 11
3980 13
3981 2
3982 0
3983 0
3984 0
3985 0
3986 0
3987 0
3988 0
3989 0
3990 0
3991 0
3992 18
3993 14
3994 8
3995 18
3996 20
3997 19
3998 20
3999 23
4000 22
4001 12
4002 25
4003 12
4004 21
4005 1
4006 0
4007 0
4008 0
4009 0
4010 0
4011 0
4012 0
4013 0
4014 0
4015 0
4016 0
4017 0
4018 0
4019 0
4020 0
4021 0
4022 0
4023 0
4024 0
4025 0
4026 0
4027 0
4028 0
4029 0
4030 0
4031 0
4032 0
4033 0
4034 0
4035 0
4036 0
4037 0
4038 0
4039 0
4040 12
4041 20
4042 15
4043 15
4044 15
4045 18
4046 9
4047 17
4048 14
4049 20
4050 19
4051 15
4052 16
4053 4
4054 0
4055 0
4056 0
4057 0
4058 0
4059 0
4060 0
4061 0
4062 0
4063 0
4064 17
4065 16
4066 26
4067 23
4068 12
4069 15
4070 10
4071 17
4072 14
4073 23
4074 15
4075 8
4076 15
4077 5
4078 0
4079 0
4080 0
4081 0
4082 0
4083 0
4084 0
4085 0
4086 0
4087 0
4088 17
4089 18
4090 15
4091 13
4092 14
4093 21
4094 20
4095 17
4096 14
4097 18
4098 15
4099 14
4100 18
4101 3
4102 0
4103 0
4104 0
4105 0
4106 0
4107 0
4108 0
4109 0
4110 0
4111 0
4112 18
4113 22
4114 14
4115 9
4116 12
4117 17
4118 9
4119 16
4120 16
4121 16
4122 17
4123 9
4124 26
4125 7
4126 0
4127 0
4128 0
4129 0
4130 0
4131 0
4132 0
4133 0
4134 0
4135 0
4136 18
4137 23
4138 22
4139 12
4140 16
4141 17
4142 15
4143 13
4144 25
4145 19
4146 23
4147 18
4148 20
4149 0
4150 0
4151 0
4152 0
4153 0
4154 0
4155 0
4156 0
4157 0
4158 0
4159 0
4160 21
4161 17
4162 18
4163 23
4164 10
4165 15
4166 22
4167 20
4168 17
4169 18
4170 15
4171 28
4172 21
4173 0
4174 0
4175 0
4176 0
4177 0
4178 0
4179 0
4180 0
4181 0
4182 0
4183 0
4184 0
4185 0
4186 0
4187 0
4188 0
4189 0
4190 0
4191 0
4192 0
4193 0
4194 0
4195 0
4196 0
4197 0
4198 0
4199 0
4200 0
4201 0
4202 0
4203 0
4204 0
4205 0
4206 0
4207 0
4208 18
4209 18
4210 17
4211 8
4212 17
4213 15
4214 11
4215 15
4216 17
4217 14
4218 20
4219 19
4220 16
4221 3
4222 0
4223 0
4224 0
4225 0
4226 0
4227 0
4228 0
4229 0
4230 0
4231 0
4232 18
4233 29
4234 26
4235 11
4236 21
4237 14
4238 14
4239 20
4240 13
4241 19
4242 10
4243 14
4244 14
4245 3
4246 0
4247 0
4248 0
4249 0
4250 0
4251 0
4252 0
4253 0
4254 0
4255 0
4256 17
4257 20
4258 12
4259 13
4260 21
4261 14
4262 18
4263 16
4264 9
4265 17
4266 18
4267 10
4268 23
4269 2
4270 0
4271 0
4272 0
4273 0
4274 0
4275 0
4276 0
4277 0
4278 0
4279 0
4280 15
4281 16
4282 18
4283 16
4284 16
4285 19
4286 9
4287 17
4288 23
4289 15
4290 14
4291 13
4292 12
4293 2
4294 0
4295 0
4296 0
4297 0
4298 0
4299 0
4300 0
4301 0
4302 0
4303 0
4304 16
4305 19
4306 16
4307 18
4308 24
4309 18
4310 24
4311 19
4312 24
4313 16
4314 18
4315 13
4316 15
4317 4
4318 0
4319 0
4320 0
4321 0
4322 0
4323 0
4324 0
4325 0
4326 0
4327 0
4328 15
4329 10
4330 30
4331 24
4332 20
4333 20
4334 21
4335 19
4336 12
4337 11
4338 13
4339 29
4340 13
4341 1
4342 0
4343 0
4344 0
4345 0
4346 0
4347 0
4348 0
4349 0
4350 0
4351 0
4352 0
4353 0
4354 0
4355 0
4356 0
4357 0
4358 0
4359 0
4360 0
4361 0
4362 0
4363 0
4364 0
4365 0
4366 0
4367 0
4368 0
4369 0
4370 0
4371 0
4372 0
4373 0
4374 0
4375 0
4376 14
4377 12
4378 21
4379 16
4380 20
4381 22
4382 15
4383 11
4384 20
4385 17
4386 21
4387 18
4388 18
4389 0
4390 0
4391 0
4392 0
4393 0
4394 0
4395 0
4396 0
4397 0
4398 0
4399 0
4400 14
4401 19
4402 18
4403 9
4404 12
4405 14
4406 15
4407 14
4408 15
4409 22
4410 30
4411 10
4412 24
4413 0
4414 0
4415 0
4416 0
4417 0
4418 0
4419 0
4420 0
4421 0
4422 0
4423 0
4424 16
4425 23
4426 13
4427 20
4428 8
4429 13
4430 14
4431 15
4432 14
4433 7
4434 13
4435 4
4436 24
4437 6
4438 0
4439 0
4440 0
4441 0
4442 0
4443 0
4444 0
4445 0
4446 0
4447 0
4448 26
4449 20
4450 21
4451 11
4452 19
4453 11
4454 13
4455 14
4456 17
4457 13
4458 18
4459 15
4460 20
4461 3
4462 0
4463 0
4464 0
4465 0
4466 0
4467 0
4468 0
4469 0
4470 0
4471 0
4472 20
4473 21
4474 14
4475 14
4476 22
4477 15
4478 21
4479 22
4480 13
4481 15
4482 15
4483 8
4484 18
4485 3
4486 0
4487 0
4488 0
4489 0
4490 0
4491 0
4492 0
4493 0
4494 0
4495 0
4496 9
4497 20
4498 16
4499 16
4500 15
4501 20
4502 23
4503 18
4504 13
4505 18
4506 10
4507 24
4508 12
4509 3
4510 0
4511 0
4512 0
4513 0
4514 0
4515 0
4516 0
4517 0
4518 0
4519 0
4520 0
4521 0
4522 0
4523 0
4524 0
4525 0
4526 0
4527 0
4528 0
4529 0
4530 0
4531 0
4532 0
4533 0
4534 0
4535 0
4536 0
4537 0
4538 0
4539 0
4540 0
4541 0
4542 0
4543 0
4544 22
4545 15
4546 18
4547 13
4548 25
4549 10
4550 17
4551 18
4552 17
4553 11
4554 11
4555 21
4556 21
4557 6
4558 0
4559 0
4560 0
4561 0
4562 0
4563 0
4564 0
4565 0
4566 0
4567 0
4568 18
4569 27
4570 14
4571 9
4572 16
4573 17
4574 15
4575 15
4576 20
4577 26
4578 21
4579 16
4580 16
4581 3
4582 0
4583 0
4584 0
4585 0
4586 0
4587 0
4588 0
4589 0
4590 0
4591 0
4592 18
4593 18
4594 15
4595 12
4596 16
4597 10
4598 16
4599 16
4600 10
4601 15
4602 16
4603 11
4604 30
4605 2
4606 0
4607 0
4608 0
4609 0
4610 0
4611 0
4612 0
4613 0
4614 0
4615 0
4616 13
4617 18
4618 18
4619 13
4620 13
4621 20
4622 21
4623 13
4624 14
4625 14
4626 18
4627 10
4628 23
4629 6
4630 0
4631 0
4632 0
4633 0
4634 0
4635 0
4636 0
4637 0
4638 0
4639 0
4640 28
4641 19
4642 19
4643 13
4644 22
4645 16
4646 21
4647 10
4648 16
4649 12
4650 20
4651 14
4652 18
4653 2
4654 0
4655 0
4656 0
4657 0
4658 0
4659 0
4660 0
4661 0
4662 0
4663 0
4664 9
4665 10
4666 15
4667 16
4668 19
4669 22
4670 11
4671 26
4672 17
4673 10
4674 13
4675 10
4676 17
4677 5
4678 0
4679 0
4680 0
4681 0
4682 0
4683 0
4684 0
4685 0
4686 0
4687 0
4688 0
4689 0
4690 0
4691 0
4692 0
4693 0
4694 0
4695 0
4696 0
4697 0
4698 0
4699 0
4700 0
4701 0
4702 0
4703 0
4704 0
4705 0
4706 0
4707 0
4708 0
4709 0
4710 0
4711 0
4712 18
4713 10
4714 20
4715 19
4716 11
4717 22
4718 17
4719 9
4720 19
4721 21
4722 13
4723 13
4724 18
4725 6
4726 0
4727 0
4728 0
4729 0
4730 0
4731 0
4732 0
4733 0
4734 0
4735 0
4736 18
4737 17
4738 16
4739 16
4740 12
4741 19
4742 16
4743 17
4744 13
4745 20
4746 23
4747 10
4748 17
4749 4
4750 0
4751 0
4752 0
4753 0
4754 0
4755 0
4756 0
4757 0
4758 0
4759 0
4760 17
4761 32
4762 21
4763 12
4764 18
4765 20
4766 31
4767 18
4768 17
4769 23
4770 23
4771 12
4772 19
4773 6
4774 0
4775 0
4776 0
4777 0
4778 0
4779 0
4780 0
4781 0
4782 0
4783 0
4784 17
4785 29
4786 13
4787 19
4788 19
4789 20
4790 15
4791 17
4792 13
4793 14
4794 13
4795 11
4796 20
4797 2
4798 0
4799 0
4800 0
4801 0
4802 0
4803 0
4804 0
4805 0
4806 0
4807 0
4808 22
4809 23
4810 17
4811 14
4812 17
4813 22
4814 12
4815 17
4816 10
4817 16
4818 15
4819 10
4820 13
4821 1
4822 0
4823 0
4824 0
4825 0
4826 0
4827 0
4828 0
4829 0
4830 0
4831 0
4832 13
4833 21
4834 19
4835 18
4836 25
4837 9
4838 18
4839 9
4840 25
4841 11
4842 18
4843 18
4844 17
4845 1
4846 0
4847 0
4848 0
4849 0
4850 0
4851 0
4852 0
4853 0
4854 0
4855 0
4856 0
4857 0
4858 0
4859 0
4860 0
4861 0
4862 0
4863 0
4864 0
4865 0
4866 0
4867 0
4868 0
4869 0
4870 0
4871 0
4872 0
4873 0
4874 0
4875 0
4876 0
4877 0
4878 0
4879 0
4880 20
4881 18
4882 17
4883 8
4884 22
4885 11
4886 18
4887 20
4888 18
4889 17
4890 18
4891 23
4892 19
4893 2
4894 0
4895 0
4896 0
4897 0
4898 0
4899 0
4900 0
4901 0
4902 0
4903 0
4904 14
4905 22
4906 18
4907 10
4908 10
4909 22
4910 18
4911 19
4912 17
4913 23
4914 14
4915 10
4916 19
4917 2
4918 0
4919 0
4920 0
4921 0
4922 0
4923 0
4924 0
4925 0
4926 0
4927 0
4928 19
4929 20
4930 16
4931 16
4932 15
4933 18
4934 16
4935 21
4936 15
4937 24
4938 15
4939 5
4940 19
4941 4
4942 0
4943 0
4944 0
4945 0
4946 0
4947 0
4948 0
4949 0
4950 0
4951 0
4952 15
4953 24
4954 18
4955 19
4956 18
4957 6
4958 20
4959 11
4960 15
4961 18
4962 22
4963 17
4964 21
4965 4
4966 0
4967 0
4968 0
4969 0
4970 0
4971 0
4972 0
4973 0
4974 0
4975 0
4976 17
4977 23
4978 19
4979 15
4980 13
4981 22
4982 14
4983 11
4984 22
4985 19
4986 19
4987 2
4988 18
4989 0
4990 0
4991 0
4992 0
4993 0
4994 0
4995 0
4996 0
4997 0
4998 0
4999 0
5000 15
5001 16
5002 15
5003 15
5004 16
5005 17
5006 17
5007 16
5008 10
5009 18
5010 9
5011 17
5012 24
5013 4
5014 0
5015 0
5016 0
5017 0
5018 0
5019 0
5020 0
5021 0
5022 0
5023 0
5024 0
5025 0
5026 0
5027 0
5028 0
5029 0
5030 0
5031 0
5032 0
5033 0
5034 0
5035 0
5036 0
5037 0
5038 0
5039 0
5040 0
5041 0
5042 0
5043 0
5044 0
5045 0
5046 0
5047 0
5048 15
5049 21
5050 27
5051 12
5052 16
5053 15
5054 19
5055 25
5056 16
5057 20
5058 19
5059 14
5060 19
5061 5
5062 0
5063 0
5064 0
5065 0
5066 0
5067 0
5068 0
5069 0
5070 0
5071 0
5072 20
5073 20
5074 14
5075 18
5076 17
5077 14
5078 13
5079 13
5080 17
5081 9
5082 21
5083 12
5084 19
5085 2
5086 0
5087 0
5088 0
5089 0
5090 0
5091 0
5092 0
5093 0
5094 0
5095 0
5096 21
5097 14
5098 13
5099 12
5100 22
5101 23
5102 14
5103 15
5104 9
5105 16
5106 15
5107 13
5108 15
5109 2
5110 0
5111 0
5112 0
5113 0
5114 0
5115 0
5116 0
5117 0
5118 0
5119 0
5120 15
5121 19
5122 16
5123 11
5124 13
5125 13
5126 14
5127 17
5128 13
5129 16
5130 16
5131 14
5132 11
5133 4
5134 0
5135 0
5136 0
5137 0
5138 0
5139 0
5140 0
5141 0
5142 0
5143 0
5144 21
5145 25
5146 18
5147 11
5148 15
5149 14
5150 18
5151 13
5152 22
5153 13
5154 20
5155 26
5156 19
5157 2
5158 0
5159 0
5160 0
5161 0
5162 0
5163 0
5164 0
5165 0
5166 0
5167 0
5168 11
5169 7
5170 13
5171 13
5172 19
5173 14
5174 11
5175 16
5176 11
5177 22
5178 25
5179 22
5180 18
5181 0
5182 0
5183 0
5184 0
5185 0
5186 0
5187 0
5188 0
5189 0
5190 0
5191 0
5192 0
5193 0
5194 0
5195 0
5196 0
5197 0
5198 0
5199 0
5200 0
5201 0
5202 0
5203 0
5204 0
5205 0
5206 0
5207 0
5208 0
5209 0
5210 0
5211 0
5212 0
5213 0
5214 0
5215 0
5216 18
5217 19
5218 22
5219 12
5220 17
5221 18
5222 20
5223 18
5224 10
5225 14
5226 24
5227 13
5228 21
5229 1
5230 0
5231 0
5232 0
5233 0
5234 0
5235 0
5236 0
5237 0
5238 0
5239 0
5240 18
5241 20
5242 11
5243 18
5244 24
5245 10
5246 9
5247 16
5248 22
5249 10
5250 17
5251 13
5252 15
5253 2
5254 0
5255 0
5256 0
5257 0
5258 0
5259 0
5260 0
5261 0
5262 0
5263 0
5264 18
5265 10
5266 28
5267 20
5268 16
5269 16
5270 18
5271 14
5272 14
5273 22
5274 12
5275 9
5276 16
5277 2
5278 0
5279 0
5280 0
5281 0
5282 0
5283 0
5284 0
5285 0
5286 0
5287 0
5288 23
5289 14
5290 14
5291 21
5292 18
5293 13
5294 10
5295 19
5296 17
5297 17
5298 21
5299 15
5300 19
5301 3
5302 0
5303 0
5304 0
5305 0
5306 0
5307 0
5308 0
5309 0
5310 0
5311 0
5312 13
5313 17
5314 18
5315 10
5316 16
5317 20
5318 15
5319 16
5320 18
5321 20
5322 21
5323 11
5324 18
5325 1
5326 0
5327 0
5328 0
5329 0
5330 0
5331 0
5332 0
5333 0
5334 0
5335 0
5336 7
5337 11
5338 13
5339 17
5340 20
5341 22
5342 18
5343 18
5344 13
5345 15
5346 10
5347 24
5348 22
5349 1
5350 0
5351 0
5352 0
5353 0
5354 0
5355 0
5356 0
5357 0
5358 0
5359 0
5360 0
5361 0
5362 0
5363 0
5364 0
5365 0
5366 0
5367 0
5368 0
5369 0
5370 0
5371 0
5372 0
5373 0
5374 0
5375 0
5376 0
5377 0
5378 0
5379 0
5380 0
5381 0
5382 0
5383 0
5384 18
5385 17
5386 29
5387 13
5388 16
5389 22
5390 13
5391 18
5392 17
5393 20
5394 12
5395 14
5396 16
5397 9
5398 0
5399 0
5400 0
5401 0
5402 0
5403 0
5404 0
5405 0
5406 0
5407 0
5408 19
5409 13
5410 23
5411 15
5412 14
5413 11
5414 10
5415 13
5416 18
5417 18
5418 21
5419 6
5420 15
5421 1
5422 0
5423 0
5424 0
5425 0
5426 0
5427 0
5428 0
5429 0
5430 0
5431 0
5432 21
5433 23
5434 13
5435 12
5436 19
5437 13
5438 12
5439 14
5440 22
5441 19
5442 23
5443 13
5444 22
5445 11
5446 0
5447 0
5448 0
5449 0
5450 0
5451 0
5452 0
5453 0
5454 0
5455 0
5456 20
5457 24
5458 19
5459 15
5460 18
5461 12
5462 20
5463 16
5464 18
5465 17
5466 34
5467 9
5468 17
5469 5
5470 0
5471 0
5472 0
5473 0
5474 0
5475 0
5476 0
5477 0
5478 0
5479 0
5480 24
5481 26
5482 26
5483 19
5484 20
5485 19
5486 13
5487 11
5488 23
5489 13
5490 18
5491 17
5492 17
5493 0
5494 0
5495 0
5496 0
5497 0
5498 0
5499 0
5500 0
5501 0
5502 0
5503 0
5504 20
5505 18
5506 30
5507 14
5508 22
5509 14
5510 14
5511 19
5512 17
5513 13
5514 10
5515 14
5516 19
5517 1
5518 0
5519 0
5520 0
5521 0
5522 0
5523 0
5524 0
5525 0
5526 0
5527 0
5528 0
5529 0
5530 0
5531 0
5532 0
5533 0
5534 0
5535 0
5536 0
5537 0
5538 0
5539 0
5540 0
5541 0
5542 0
5543 0
5544 0
5545 0
5546 0
5547 0
5548 0
5549 0
5550 0
5551 0
5552 15
5553 17
5554 16
5555 9
5556 18
5557 12
5558 14
5559 14
5560 20
5561 19
5562 20
5563 18
5564 14
5565 3
5566 0
5567 0
5568 0
5569 0
5570 0
5571 0
5572 0
5573 0
5574 0
5575 0
5576 17
5577 15
5578 22
5579 12
5580 10
5581 20
5582 14
5583 11
5584 14
5585 23
5586 22
5587 7
5588 15
5589 1
5590 0
5591 0
5592 0
5593 0
5594 0
5595 0
5596 0
5597 0
5598 0
5599 0
5600 17
5601 16
5602 19
5603 12
5604 11
5605 17
5606 13
5607 12
5608 20
5609 21
5610 16
5611 14
5612 23
5613 7
5614 0
5615 0
5616 0
5617 0
5618 0
5619 0
5620 0
5621 0
5622 0
5623 0
5624 15
5625 19
5626 14
5627 10
5628 17
5629 13
5630 11
5631 10
5632 14
5633 17
5634 17
5635 7
5636 13
5637 7
5638 0
5639 0
5640 0
5641 0
5642 0
5643 0
5644 0
5645 0
5646 0
5647 0
5648 22
5649 26
5650 21
5651 13
5652 19
5653 13
5654 10
5655 17
5656 22
5657 13
5658 19
5659 14
5660 16
5661 3
5662 0
5663 0
5664 0
5665 0
5666 0
5667 0
5668 0
5669 0
5670 0
5671 0
5672 7
5673 13
5674 10
5675 22
5676 6
5677 8
5678 21
5679 13
5680 11
5681 11
5682 9
5683 8
5684 24
5685 6
5686 0
5687 0
5688 0
5689 0
5690 0
5691 0
5692 0
5693 0
5694 0
5695 0
5696 0
5697 0
5698 0
5699 0
5700 0
5701 0
5702 0
5703 0
5704 0
5705 0
5706 0
5707 0
5708 0
5709 0
5710 0
5711 0
5712 0
5713 0
5714 0
5715 0
5716 0
5717 0
5718 0
5719 0
5720 17
5721 13
5722 13
5723 17
5724 18
5725 12
5726 20
5727 11
5728 12
5729 16
5730 17
5731 7
5732 14
5733 2
5734 0
5735 0
5736 0
5737 0
5738 0
5739 0
5740 0
5741 0
5742 0
5743 0
5744 21
5745 12
5746 17
5747 16
5748 13
5749 13
5750 15
5751 13
5752 17
5753 12
5754 15
5755 10
5756 19
5757 5
5758 0
5759 0
5760 0
5761 0
5762 0
5763 0
5764 0
5765 0
5766 0
5767 0
5768 16
5769 22
5770 19
5771 15
5772 17
5773 15
5774 13
5775 21
5776 13
5777 20
5778 19
5779 14
5780 15
5781 6
5782 0
5783 0
5784 0
5785 0
5786 0
5787 0
5788 0
5789 0
5790 0
5791 0
5792 17
5793 21
5794 20
5795 18
5796 16
5797 11
5798 14
5799 22
5800 12
5801 13
5802 20
5803 17
5804 21
5805 2
5806 0
5807 0
5808 0
5809 0
5810 0
5811 0
5812 0
5813 0
5814 0
5815 0
5816 18
5817 23
5818 11
5819 15
5820 16
5821 18
5822 16
5823 14
5824 15
5825 24
5826 16
5827 13
5828 14
5829 1
5830 0
5831 0
5832 0
5833 0
5834 0
5835 0
5836 0
5837 0
5838 0
5839 0
5840 9
5841 14
5842 21
5843 26
5844 11
5845 13
5846 18
5847 18
5848 11
5849 11
5850 19
5851 19
5852 14
5853 1
5854 0
5855 0
5856 0
5857 0
5858 0
5859 0
5860 0
5861 0
5862 0
5863 0
5864 0
5865 0
5866 0
5867 0
5868 0
5869 0
5870 0
5871 0
5872 0
5873 0
5874 0
5875 0
5876 0
5877 0
5878 0
5879 0
5880 0
5881 0
5882 0
5883 0
5884 0
5885 0
5886 0
5887 0
5888 14
5889 23
5890 18
5891 19
5892 21
5893 15
5894 18
5895 17
5896 15
5897 18
5898 18
5899 15
5900 16
5901 3
5902 0
5903 0
5904 0
5905 0
5906 0
5907 0
5908 0
5909 0
5910 0
5911 0
5912 13
5913 18
5914 23
5915 11
5916 12
5917 15
5918 19
5919 15
5920 14
5921 21
5922 20
5923 8
5924 17
5925 2
5926 0
5927 0
5928 0
5929 0
5930 0
5931 0
5932 0
5933 0
5934 0
5935 0
5936 13
5937 18
5938 21
5939 16
5940 17
5941 12
5942 21
5943 14
5944 12
5945 21
5946 15
5947 14
5948 14
5949 2
5950 0
5951 0
5952 0
5953 0
5954 0
5955 0
5956 0
5957 0
5958 0
5959 0
5960 21
5961 22
5962 9
5963 17
5964 15
5965 10
5966 11
5967 17
5968 12
5969 18
5970 17
5971 14
5972 19
5973 7
5974 0
5975 0
5976 0
5977 0
5978 0
5979 0
5980 0
5981 0
5982 0
5983 0
5984 22
5985 17
5986 19
5987 17
5988 18
5989 10
5990 16
5991 13
5992 18
5993 18
5994 13
5995 17
5996 20
5997 2
5998 0
5999 0
6000 0
6001 0
6002 0
6003 0
6004 0
6005 0
6006 0
6007 0
6008 12
6009 23
6010 12
6011 17
6012 14
6013 18
6014 19
6015 17
6016 7
6017 19
6018 29
6019 22
6020 18
6021 1
6022 0
6023 0
6024 0
6025 0
6026 0
6027 0
6028 0
6029 0
6030 0
6031 0
6032 0
6033 0
6034 0
6035 0
6036 0
6037 0
6038 0
6039 0
6040 0
6041 0
6042 0
6043 0
6044 0
6045 0
6046 0
6047 0
6048 0
6049 0
6050 0
6051 0
6052 0
6053 0
6054 0
6055 0
6056 18
6057 16
6058 22
6059 21
6060 18
6061 19
6062 15
6063 13
6064 17
6065 15
6066 23
6067 13
6068 6
6069 6
6070 0
6071 0
6072 0
6073 0
6074 0
6075 0
6076 0
6077 0
6078 0
6079 0
6080 23
6081 20
6082 6
6083 17
6084 16
6085 15
6086 16
6087 11
6088 8
6089 20
6090 15
6091 12
6092 20
6093 3
6094 0
6095 0
6096 0
6097 0
6098 0
6099 0
6100 0
6101 0
6102 0
6103 0
6104 18
6105 17
6106 18
6107 11
6108 13
6109 20
6110 17
6111 12
6112 20
6113 16
6114 20
6115 9
6116 14
6117 6
6118 0
6119 0
6120 0
6121 0
6122 0
6123 0
6124 0
6125 0
6126 0
6127 0
6128 20
6129 27
6130 19
6131 16
6132 14
6133 21
6134 12
6135 12
6136 15
6137 14
6138 12
6139 18
6140 24
6141 3
6142 0
6143 0
6144 0
6145 0
6146 0
6147 0
6148 0
6149 0
6150 0
6151 0
6152 18
6153 20
6154 21
6155 15
6156 22
6157 14
6158 18
6159 17
6160 16
6161 18
6162 16
6163 13
6164 24
6165 1
6166 0
6167 0
6168 0
6169 0
6170 0
6171 0
6172 0
6173 0
6174 0
6175 0
6176 11
6177 16
6178 13
6179 16
6180 17
6181 19
6182 17
6183 12
6184 14
6185 13
6186 16
6187 22
6188 16
6189 3
6190 0
6191 0
6192 0
6193 0
6194 0
6195 0
6196 0
6197 0
6198 0
6199 0
6200 0
6201 0
6202 0
6203 0
6204 0
6205 0
6206 0
6207 0
6208 0
6209 0
6210 0
6211 0
6212 0
6213 0
6214 0
6215 0
6216 0
6217 0
6218 0
6219 0
6220 0
6221 0
6222 0
6223 0
6224 24
6225 21
6226 21
6227 18
6228 16
6229 16
6230 15
6231 22
6232 22
6233 14
6234 25
6235 13
6236 24
6237 3
6238 0
6239 0
6240 0
6241 0
6242 0
6243 0
6244 0
6245 0
6246 0
6247 0
6248 19
6249 23
6250 26
6251 15
6252 12
6253 21
6254 13
6255 14
6256 17
6257 24
6258 18
6259 17
6260 19
6261 1
6262 0
6263 0
6264 0
6265 0
6266 0
6267 0
6268 0
6269 0
6270 0
6271 0
6272 17
6273 28
6274 23
6275 14
6276 11
6277 7
6278 18
6279 17
6280 11
6281 22
6282 16
6283 7
6284 27
6285 13
6286 0
6287 0
6288 0
6289 0
6290 0
6291 0
6292 0
6293 0
6294 0
6295 0
6296 19
6297 26
6298 18
6299 19
6300 17
6301 19
6302 14
6303 17
6304 19
6305 8
6306 12
6307 6
6308 10
6309 1
6310 0
6311 0
6312 0
6313 0
6314 0
6315 0
6316 0
6317 0
6318 0
6319 0
6320 24
6321 23
6322 20
6323 17
6324 11
6325 6
6326 21
6327 13
6328 8
6329 15
6330 11
6331 13
6332 18
6333 0
6334 0
6335 0
6336 0
6337 0
6338 0
6339 0
6340 0
6341 0
6342 0
6343 0
6344 16
6345 19
6346 12
6347 29
6348 27
6349 23
6350 13
6351 15
6352 20
6353 18
6354 18
6355 15
6356 18
6357 2
6358 0
6359 0
6360 0
6361 0
6362 0
6363 0
6364 0
6365 0
6366 0
6367 0
6368 0
6369 0
6370 0
6371 0
6372 0
6373 0
6374 0
6375 0
6376 0
6377 0
6378 0
6379 0
6380 0
6381 0
6382 0
6383 0
6384 0
6385 0
6386 0
6387 0
6388 0
6389 0
6390 0
6391 0
6392 17
6393 16
6394 28
6395 16
6396 22
6397 17
6398 18
6399 10
6400 23
6401 28
6402 19
6403 11
6404 22
6405 1
6406 0
6407 0
6408 0
6409 0
6410 0
6411 0
6412 0
6413 0
6414 0
6415 0
6416 15
6417 22
6418 16
6419 29
6420 12
6421 17
6422 19
6423 9
6424 14
6425 14
6426 17
6427 16
6428 18
6429 4
6430 0
6431 0
6432 0
6433 0
6434 0
6435 0
6436 0
6437 0
6438 0
6439 0
6440 17
6441 11
6442 28
6443 18
6444 15
6445 11
6446 13
6447 12
6448 17
6449 25
6450 16
6451 5
6452 16
6453 2
6454 0
6455 0
6456 0
6457 0
6458 0
6459 0
6460 0
6461 0
6462 0
6463 0
6464 19
6465 14
6466 9
6467 17
6468 19
6469 7
6470 17
6471 19
6472 18
6473 10
6474 6
6475 13
6476 13
6477 5
6478 0
6479 0
6480 0
6481 0
6482 0
6483 0
6484 0
6485 0
6486 0
6487 0
6488 18
6489 20
6490 23
6491 19
6492 6
6493 18
6494 9
6495 14
6496 18
6497 15
6498 15
6499 11
6500 19
6501 5
6502 0
6503 0
6504 0
6505 0
6506 0
6507 0
6508 0
6509 0
6510 0
6511 0
6512 11
6513 12
6514 11
6515 18
6516 8
6517 12
6518 14
6519 11
6520 11
6521 8
6522 15
6523 12
6524 29
6525 3
6526 0
6527 0
6528 0
6529 0
6530 0
6531 0
6532 0
6533 0
6534 0
6535 0
6536 0
6537 0
6538 0
6539 0
6540 0
6541 0
6542 0
6543 0
6544 0
6545 0
6546 0
6547 0
6548 0
6549 0
6550 0
6551 0
6552 0
6553 0
6554 0
6555 0
6556 0
6557 0
6558 0
6559 0
6560 5
6561 6
6562 12
6563 9
6564 18
6565 11
6566 11
6567 11
6568 10
6569 8
6570 16
6571 15
6572 24
6573 0
6574 0
6575 0
6576 0
6577 0
6578 0
6579 0
6580 0
6581 0
6582 0
6583 0
6584 0
6585 0
6586 0
6587 0
6588 0
6589 0
6590 0
6591 0
6592 0
6593 0
6594 0
6595 0
6596 0
6597 0
6598 0
6599 0
6600 0
6601 0
6602 0
6603 0
6604 0
6605 0
6606 0
6607 0
6608 20
6609 24
6610 24
6611 18
6612 14
6613 15
6614 21
6615 17
6616 18
6617 10
6618 7
6619 18
6620 10
6621 2
6622 0
6623 0
6624 0
6625 0
6626 0
6627 0
6628 0
6629 0
6630 0
6631 0
6632 16
6633 11
6634 18
6635 22
6636 11
6637 17
6638 17
6639 14
6640 16
6641 19
6642 17
6643 19
6644 22
6645 0
6646 0
6647 0
6648 0
6649 0
6650 0
6651 0
6652 0
6653 0
6654 0
6655 0
6656 19
6657 20
6658 22
6659 13
6660 11
6661 20
6662 15
6663 16
6664 9
6665 13
6666 14
6667 11
6668 18
6669 4
6670 0
6671 0
6672 0
6673 0
6674 0
6675 0
6676 0
6677 0
6678 0
6679 0
6680 15
6681 16
6682 13
6683 14
6684 11
6685 14
6686 14
6687 14
6688 12
6689 15
6690 11
6691 15
6692 16
6693 1
6694 0
6695 0
6696 0
6697 0
6698 0
6699 0
6700 0
6701 0
6702 0
6703 0
6704 14
6705 22
6706 16
6707 9
6708 18
6709 17
6710 19
6711 12
6712 18
6713 21
6714 10
6715 12
6716 16
6717 4
6718 0
6719 0
6720 0
6721 0
6722 0
6723 0
6724 0
6725 0
6726 0
6727 0
6728 12
6729 14
6730 14
6731 18
6732 9
6733 17
6734 18
6735 17
6736 22
6737 17
6738 18
6739 18
6740 20
6741 2
6742 0
6743 0
6744 0
6745 0
6746 0
6747 0
6748 0
6749 0
6750 0
6751 0
6752 0
6753 0
6754 0
6755 0
6756 0
6757 0
6758 0
6759 0
6760 0
6761 0
6762 0
6763 0
6764 0
6765 0
6766 0
6767 0
6768 0
6769 0
6770 0
6771 0
6772 0
6773 0
6774 0
6775 0
6776 17
6777 13
6778 23
6779 19
6780 18
6781 16
6782 16
6783 16
6784 18
6785 19
6786 12
6787 16
6788 16
6789 1
6790 0
6791 0
6792 0
6793 0
6794 0
6795 0
6796 0
6797 0
6798 0
6799 0
6800 17
6801 24
6802 14
6803 13
6804 15
6805 10
6806 17
6807 17
6808 12
6809 27
6810 16
6811 18
6812 16
6813 0
6814 0
6815 0
6816 0
6817 0
6818 0
6819 0
6820 0
6821 0
6822 0
6823 0
6824 15
6825 12
6826 15
6827 10
6828 16
6829 12
6830 19
6831 22
6832 19
6833 11
6834 16
6835 12
6836 19
6837 5
6838 0
6839 0
6840 0
6841 0
6842 0
6843 0
6844 0
6845 0
6846 0
6847 0
6848 14
6849 11
6850 14
6851 20
6852 11
6853 16
6854 22
6855 10
6856 15
6857 13
6858 19
6859 14
6860 18
6861 3
6862 0
6863 0
6864 0
6865 0
6866 0
6867 0
6868 0
6869 0
6870 0
6871 0
6872 15
6873 11
6874 17
6875 8
6876 19
6877 21
6878 25
6879 20
6880 11
6881 13
6882 8
6883 16
6884 16
6885 1
6886 0
6887 0
6888 0
6889 0
6890 0
6891 0
6892 0
6893 0
6894 0
6895 0
6896 16
6897 3
6898 7
6899 10
6900 1
6901 2
6902 4
6903 3
6904 4
6905 8
6906 9
6907 15
6908 30
6909 2
6910 0
6911 0
6912 0
6913 0
6914 0
6915 0
6916 0
6917 0
6918 0
6919 0
6920 0
6921 0
6922 0
6923 0
6924 0
6925 0
6926 0
6927 0
6928 0
6929 0
6930 0
6931 0
6932 0
6933 0
6934 0
6935 0
6936 0
6937 0
6938 0
6939 0
6940 0
6941 0
6942 0
6943 0
6944 12
6945 19
6946 18
6947 14
6948 11
6949 21
6950 12
6951 14
6952 15
6953 18
6954 14
6955 21
6956 14
6957 4
6958 0
6959 0
6960 0
6961 0
6962 0
6963 0
6964 0
6965 0
6966 0
6967 0
6968 20
6969 17
6970 14
6971 18
6972 14
6973 16
6974 14
6975 20
6976 11
6977 14
6978 21
6979 19
6980 17
6981 6
6982 0
6983 0
6984 0
6985 0
6986 0
6987 0
6988 0
6989 0
6990 0
6991 0
6992 18
6993 26
6994 16
6995 11
6996 16
6997 12
6998 11
6999 11
7000 16
7001 12
7002 11
7003 14
7004 11
7005 2
7006 0
7007 0
7008 0
7009 0
7010 0
7011 0
7012 0
7013 0
7014 0
7015 0
7016 17
7017 20
7018 11
7019 17
7020 19
7021 20
7022 14
7023 20
7024 17
7025 22
7026 13
7027 12
7028 24
7029 2
7030 0
7031 0
7032 0
7033 0
7034 0
7035 0
7036 0
7037 0
7038 0
7039 0
7040 17
7041 17
7042 21
7043 14
7044 15
7045 16
7046 16
7047 17
7048 18
7049 12
7050 10
7051 10
7052 23
7053 0
7054 0
7055 0
7056 0
7057 0
7058 0
7059 0
7060 0
7061 0
7062 0
7063 0
7064 6
7065 17
7066 27
7067 23
7068 9
7069 23
7070 14
7071 20
7072 12
7073 15
7074 14
7075 18
7076 20
7077 1
7078 0
7079 0
7080 0
7081 0
7082 0
7083 0
7084 0
7085 0
7086 0
7087 0
7088 0
7089 0
7090 0
7091 0
7092 0
7093 0
7094 0
7095 0
7096 0
7097 0
7098 0
7099 0
7100 0
7101 0
7102 0
7103 0
7104 0
7105 0
7106 0
7107 0
7108 0
7109 0
7110 0
7111 0
7112 15
7113 18
7114 24
7115 16
7116 14
7117 13
7118 17
7119 16
7120 11
7121 21
7122 13
7123 11
7124 18
7125 2
7126 0
7127 0
7128 0
7129 0
7130 0
7131 0
7132 0
7133 0
7134 0
7135 0
7136 16
7137 15
7138 12
7139 11
7140 17
7141 11
7142 15
7143 13
7144 14
7145 17
7146 15
7147 19
7148 16
7149 3
7150 0
7151 0
7152 0
7153 0
7154 0
7155 0
7156 0
7157 0
7158 0
7159 0
7160 17
7161 18
7162 18
7163 13
7164 18
7165 17
7166 7
7167 14
7168 14
7169 16
7170 19
7171 23
7172 17
7173 0
7174 0
7175 0
7176 0
7177 0
7178 0
7179 0
7180 0
7181 0
7182 0
7183 0
7184 17
7185 9
7186 16
7187 14
7188 17
7189 15
7190 16
7191 17
7192 19
7193 21
7194 16
7195 23
7196 15
7197 0
7198 0
7199 0
7200 0
7201 0
7202 0
7203 0
7204 0
7205 0
7206 0
7207 0
7208 15
7209 9
7210 22
7211 16
7212 20
7213 13
7214 14
7215 17
7216 19
7217 12
7218 16
7219 15
7220 18
7221 7
7222 0
7223 0
7224 0
7225 0
7226 0
7227 0
7228 0
7229 0
7230 0
7231 0
7232 7
7233 17
7234 12
7235 15
7236 17
7237 16
7238 13
7239 15
7240 12
7241 13
7242 12
7243 12
7244 17
7245 3
7246 0
7247 0
7248 0
7249 0
7250 0
7251 0
7252 0
7253 0
7254 0
7255 0
7256 0
7257 0
7258 0
7259 0
7260 0
7261 0
7262 0
7263 0
7264 0
7265 0
7266 0
7267 0
7268 0
7269 0
7270 0
7271 0
7272 0
7273 0
7274 0
7275 0
7276 0
7277 0
7278 0
7279 0
7280 18
7281 10
7282 15
7283 16
7284 12
7285 14
7286 16
7287 16
7288 23
7289 19
7290 23
7291 18
7292 15
7293 3
7294 0
7295 0
7296 0
7297 0
7298 0
7299 0
7300 0
7301 0
7302 0
7303 0
7304 14
7305 4
7306 1
7307 1
7308 0
7309 0
7310 1
7311 3
7312 0
7313 3
7314 8
7315 9
7316 15
7317 6
7318 0
7319 0
7320 0
7321 0
7322 0
7323 0
7324 0
7325 0
7326 0
7327 0
7328 20
7329 24
7330 21
7331 16
7332 18
7333 16
7334 16
7335 18
7336 24
7337 17
7338 13
7339 18
7340 18
7341 4
7342 0
7343 0
7344 0
7345 0
7346 0
7347 0
7348 0
7349 0
7350 0
7351 0
7352 15
7353 13
7354 18
7355 12
7356 13
7357 15
7358 18
7359 15
7360 13
7361 18
7362 18
7363 17
7364 18
7365 0
7366 0
7367 0
7368 0
7369 0
7370 0
7371 0
7372 0
7373 0
7374 0
7375 0
7376 12
7377 13
7378 20
7379 10
7380 11
7381 15
7382 19
7383 18
7384 32
7385 14
7386 24
7387 17
7388 20
7389 1
7390 0
7391 0
7392 0
7393 0
7394 0
7395 0
7396 0
7397 0
7398 0
7399 0
7400 5
7401 16
7402 12
7403 14
7404 16
7405 15
7406 14
7407 10
7408 13
7409 9
7410 13
7411 22
7412 22
7413 0
7414 0
7415 0
7416 0
7417 0
7418 0
7419 0
7420 0
7421 0
7422 0
7423 0
7424 0
7425 0
7426 0
7427 0
7428 0
7429 0
7430 0
7431 0
7432 0
7433 0
7434 0
7435 0
7436 0
7437 0
7438 0
7439 0
7440 0
7441 0
7442 0
7443 0
7444 0
7445 0
7446 0
7447 0
7448 20
7449 16
7450 24
7451 14
7452 7
7453 18
7454 18
7455 17
7456 16
7457 12
7458 16
7459 10
7460 19
7461 5
7462 0
7463 0
7464 0
7465 0
7466 0
7467 0
7468 0
7469 0
7470 0
7471 0
7472 19
7473 22
7474 13
7475 12
7476 9
7477 17
7478 11
7479 14
7480 20
7481 13
7482 19
7483 18
7484 17
7485 2
7486 0
7487 0
7488 0
7489 0
7490 0
7491 0
7492 0
7493 0
7494 0
7495 0
7496 17
7497 24
7498 13
7499 10
7500 13
7501 16
7502 11
7503 20
7504 15
7505 11
7506 16
7507 12
7508 12
7509 4
7510 0
7511 0
7512 0
7513 0
7514 0
7515 0
7516 0
7517 0
7518 0
7519 0
7520 15
7521 13
7522 24
7523 14
7524 13
7525 14
7526 13
7527 15
7528 21
7529 14
7530 18
7531 20
7532 18
7533 0
7534 0
7535 0
7536 0
7537 0
7538 0
7539 0
7540 0
7541 0
7542 0
7543 0
7544 20
7545 13
7546 23
7547 15
7548 17
7549 17
7550 12
7551 25
7552 15
7553 15
7554 13
7555 16
7556 19
7557 0
7558 0
7559 0
7560 0
7561 0
7562 0
7563 0
7564 0
7565 0
7566 0
7567 0
7568 14
7569 15
7570 11
7571 18
7572 19
7573 18
7574 10
7575 12
7576 22
7577 17
7578 9
7579 28
7580 27
7581 0
7582 0
7583 0
7584 0
7585 0
7586 0
7587 0
7588 0
7589 0
7590 0
7591 0
7592 0
7593 0
7594 0
7595 0
7596 0
7597 0
7598 0
7599 0
7600 0
7601 0
7602 0
7603 0
7604 0
7605 0
7606 0
7607 0
7608 0
7609 0
7610 0
7611 0
7612 0
7613 0
7614 0
7615 0
7616 19
7617 13
7618 20
7619 10
7620 19
7621 17
7622 17
7623 14
7624 19
7625 18
7626 12
7627 21
7628 18
7629 4
7630 0
7631 0
7632 0
7633 0
7634 0
7635 0
7636 0
7637 0
7638 0
7639 0
7640 18
7641 18
7642 20
7643 14
7644 10
7645 16
7646 17
7647 19
7648 15
7649 16
7650 20
7651 13
7652 15
7653 4
7654 0
7655 0
7656 0
7657 0
7658 0
7659 0
7660 0
7661 0
7662 0
7663 0
7664 15
7665 13
7666 21
7667 12
7668 15
7669 18
7670 12
7671 14
7672 17
7673 12
7674 19
7675 13
7676 16
7677 2
7678 0
7679 0
7680 0
7681 0
7682 0
7683 0
7684 0
7685 0
7686 0
7687 0
7688 20
7689 17
7690 17
7691 19
7692 20
7693 15
7694 12
7695 14
7696 10
7697 20
7698 15
7699 11
7700 20
7701 4
7702 0
7703 0
7704 0
7705 0
7706 0
7707 0
7708 0
7709 0
7710 0
7711 0
7712 16
7713 17
7714 17
7715 15
7716 12
7717 17
7718 18
7719 20
7720 15
7721 24
7722 18
7723 13
7724 20
7725 1
7726 0
7727 0
7728 0
7729 0
7730 0
7731 0
7732 0
7733 0
7734 0
7735 0
7736 15
7737 16
7738 11
7739 12
7740 21
7741 11
7742 16
7743 15
7744 21
7745 20
7746 11
7747 26
7748 19
7749 2
7750 0
7751 0
7752 0
7753 0
7754 0
7755 0
7756 0
7757 0
7758 0
7759 0
7760 0
7761 0
7762 0
7763 0
7764 0
7765 0
7766 0
7767 0
7768 0
7769 0
7770 0
7771 0
7772 0
7773 0
7774 0
7775 0
7776 0
7777 0
7778 0
7779 0
7780 0
7781 0
7782 0
7783 0
7784 18
7785 21
7786 22
7787 16
7788 14
7789 14
7790 15
7791 18
7792 15
7793 11
7794 12
7795 9
7796 15
7797 2
7798 0
7799 0
7800 0
7801 0
7802 0
7803 0
7804 0
7805 0
7806 0
7807 0
7808 15
7809 11
7810 21
7811 11
7812 18
7813 18
7814 14
7815 22
7816 16
7817 11
7818 20
7819 11
7820 21
7821 9
7822 0
7823 0
7824 0
7825 0
7826 0
7827 0
7828 0
7829 0
7830 0
7831 0
7832 21
7833 23
7834 19
7835 19
7836 11
7837 21
7838 12
7839 18
7840 17
7841 19
7842 16
7843 19
7844 16
7845 1
7846 0
7847 0
7848 0
7849 0
7850 0
7851 0
7852 0
7853 0
7854 0
7855 0
7856 15
7857 17
7858 20
7859 12
7860 23
7861 12
7862 20
7863 12
7864 14
7865 21
7866 22
7867 5
7868 15
7869 3
7870 0
7871 0
7872 0
7873 0
7874 0
7875 0
7876 0
7877 0
7878 0
7879 0
7880 19
7881 31
7882 29
7883 12
7884 14
7885 12
7886 17
7887 23
7888 13
7889 17
7890 18
7891 8
7892 19
7893 0
7894 0
7895 0
7896 0
7897 0
7898 0
7899 0
7900 0
7901 0
7902 0
7903 0
7904 9
7905 20
7906 18
7907 18
7908 17
7909 12
7910 8
7911 12
7912 17
7913 12
7914 23
7915 23
7916 14
7917 0
7918 0
7919 0
7920 0
7921 0
7922 0
7923 0
7924 0
7925 0
7926 0
7927 0
7928 0
7929 0
7930 0
7931 0
7932 0
7933 0
7934 0
7935 0
7936 0
7937 0
7938 0
7939 0
7940 0
7941 0
7942 0
7943 0
7944 0
7945 0
7946 0
7947 0
7948 0
7949 0
7950 0
7951 0
7952 15
7953 20
7954 20
7955 22
7956 14
7957 19
7958 18
7959 9
7960 10
7961 13
7962 16
7963 21
7964 18
7965 5
7966 0
7967 0
7968 0
7969 0
7970 0
7971 0
7972 0
7973 0
7974 0
7975 0
7976 18
7977 12
7978 17
7979 10
7980 11
7981 12
7982 15
7983 11
7984 12
7985 12
7986 19
7987 10
7988 21
7989 1
7990 0
7991 0
7992 0
7993 0
7994 0
7995 0
7996 0
7997 0
7998 0
7999 0
8000 19
8001 22
8002 15
8003 13
8004 17
8005 11
8006 9
8007 16
8008 16
8009 15
8010 14
8011 10
8012 15
8013 2
8014 0
8015 0
8016 0
8017 0
8018 0
8019 0
8020 0
8021 0
8022 0
8023 0
8024 18
8025 22
8026 16
8027 13
8028 13
8029 11
8030 11
8031 17
8032 20
8033 15
8034 13
8035 10
8036 16
8037 1
8038 0
8039 0
8040 0
8041 0
8042 0
8043 0
8044 0
8045 0
8046 0
8047 0
8048 17
8049 18
8050 16
8051 20
8052 12
8053 18
8054 15
8055 25
8056 19
8057 24
8058 15
8059 6
8060 21
8061 4
8062 0
8063 0
8064 0
8065 0
8066 0
8067 0
8068 0
8069 0
8070 0
8071 0
8072 10
8073 8
8074 13
8075 16
8076 13
8077 8
8078 13
8079 9
8080 9
8081 8
8082 13
8083 23
8084 16
8085 0
8086 0
8087 0
8088 0
8089 0
8090 0
8091 0
8092 0
8093 0
8094 0
8095 0
8096 0
8097 0
8098 0
8099 0
8100 0
8101 0
8102 0
8103 0
8104 0
8105 0
8106 0
8107 0
8108 0
8109 0
8110 0
8111 0
8112 0
8113 0
8114 0
8115 0
8116 0
8117 0
8118 0
8119 0
8120 21
8121 17
8122 19
8123 18
8124 17
8125 13
8126 13
8127 19
8128 10
8129 16
8130 14
8131 16
8132 12
8133 2
8134 0
8135 0
8136 0
8137 0
8138 0
8139 0
8140 0
8141 0
8142 0
8143 0
8144 18
8145 20
8146 17
8147 12
8148 23
8149 15
8150 13
8151 16
8152 11
8153 23
8154 23
8155 16
8156 15
8157 2
8158 0
8159 0
8160 0
8161 0
8162 0
8163 0
8164 0
8165 0
8166 0
8167 0
8168 14
8169 16
8170 16
8171 17
8172 16
8173 18
8174 20
8175 13
8176 12
8177 21
8178 12
8179 32
8180 14
8181 3
8182 0
8183 0
8184 0
8185 0
8186 0
8187 0
8188 0
8189 0
8190 0
8191 0
8192 18
8193 9
8194 11
8195 18
8196 18
8197 11
8198 12
8199 11
8200 18
8201 12
8202 20
8203 11
8204 14
8205 2
8206 0
8207 0
8208 0
8209 0
8210 0
8211 0
8212 0
8213 0
8214 0
8215 0
8216 16
8217 20
8218 14
8219 13
8220 18
8221 17
8222 16
8223 15
8224 14
8225 17
8226 14
8227 10
8228 18
8229 1
8230 0
8231 0
8232 0
8233 0
8234 0
8235 0
8236 0
8237 0
8238 0
8239 0
8240 9
8241 9
8242 8
8243 14
8244 22
8245 20
8246 19
8247 11
8248 12
8249 17
8250 20
8251 24
8252 29
8253 3
8254 0
8255 0
8256 0
8257 0
8258 0
8259 0
8260 0
8261 0
8262 0
8263 0
8264 0
8265 0
8266 0
8267 0
8268 0
8269 0
8270 0
8271 0
8272 0
8273 0
8274 0
8275 0
8276 0
8277 0
8278 0
8279 0
8280 0
8281 0
8282 0
8283 0
8284 0
8285 0
8286 0
8287 0
8288 16
8289 10
8290 21
8291 13
8292 12
8293 18
8294 18
8295 17
8296 14
8297 22
8298 14
8299 15
8300 14
8301 4
8302 0
8303 0
8304 0
8305 0
8306 0
8307 0
8308 0
8309 0
8310 0
8311 0
8312 16
8313 30
8314 18
8315 16
8316 13
8317 13
8318 12
8319 14
8320 20
8321 12
8322 14
8323 11
8324 14
8325 6
8326 0
8327 0
8328 0
8329 0
8330 0
8331 0
8332 0
8333 0
8334 0
8335 0
8336 22
8337 14
8338 17
8339 19
8340 17
8341 12
8342 23
8343 14
8344 18
8345 18
8346 13
8347 18
8348 22
8349 1
8350 0
8351 0
8352 0
8353 0
8354 0
8355 0
8356 0
8357 0
8358 0
8359 0
8360 15
8361 17
8362 10
8363 17
8364 20
8365 14
8366 19
8367 16
8368 13
8369 16
8370 11
8371 14
8372 22
8373 3
8374 0
8375 0
8376 0
8377 0
8378 0
8379 0
8380 0
8381 0
8382 0
8383 0
8384 16
8385 18
8386 11
8387 15
8388 8
8389 11
8390 11
8391 18
8392 11
8393 14
8394 20
8395 10
8396 16
8397 0
8398 0
8399 0
8400 0
8401 0
8402 0
8403 0
8404 0
8405 0
8406 0
8407 0
8408 8
8409 14
8410 9
8411 22
8412 12
8413 15
8414 25
8415 13
8416 21
8417 16
8418 8
8419 18
8420 13
8421 1
8422 0
8423 0
8424 0
8425 0
8426 0
8427 0
8428 0
8429 0
8430 0
8431 0
8432 0
8433 0
8434 0
8435 0
8436 0
8437 0
8438 0
8439 0
8440 0
8441 0
8442 0
8443 0
8444 0
8445 0
8446 0
8447 0
8448 0
8449 0
8450 0
8451 0
8452 0
8453 0
8454 0
8455 0
8456 18
8457 14
8458 15
8459 25
8460 23
8461 20
8462 14
8463 28
8464 17
8465 12
8466 21
8467 9
8468 20
8469 4
8470 0
8471 0
8472 0
8473 0
8474 0
8475 0
8476 0
8477 0
8478 0
8479 0
8480 14
8481 15
8482 21
8483 11
8484 22
8485 15
8486 16
8487 13
8488 21
8489 18
8490 26
8491 16
8492 17
8493 5
8494 0
8495 0
8496 0
8497 0
8498 0
8499 0
8500 0
8501 0
8502 0
8503 0
8504 17
8505 29
8506 17
8507 17
8508 22
8509 15
8510 16
8511 16
8512 19
8513 13
8514 19
8515 13
8516 21
8517 7
8518 0
8519 0
8520 0
8521 0
8522 0
8523 0
8524 0
8525 0
8526 0
8527 0
8528 18
8529 20
8530 16
8531 19
8532 21
8533 17
8534 12
8535 15
8536 18
8537 17
8538 20
8539 12
8540 18
8541 2
8542 0
8543 0
8544 0
8545 0
8546 0
8547 0
8548 0
8549 0
8550 0
8551 0
8552 12
8553 16
8554 15
8555 14
8556 19
8557 14
8558 21
8559 14
8560 19
8561 22
8562 12
8563 22
8564 26
8565 2
8566 0
8567 0
8568 0
8569 0
8570 0
8571 0
8572 0
8573 0
8574 0
8575 0
8576 3
8577 3
8578 12
8579 13
8580 16
8581 19
8582 17
8583 14
8584 14
8585 9
8586 15
8587 7
8588 13
8589 6
8590 0
8591 0
8592 0
8593 0
8594 0
8595 0
8596 0
8597 0
8598 0
8599 0
8600 0
8601 0
8602 0
8603 0
8604 0
8605 0
8606 0
8607 0
8608 0
8609 0
8610 0
8611 0
8612 0
8613 0
8614 0
8615 0
8616 0
8617 0
8618 0
8619 0
8620 0
8621 0
8622 0
8623 0
8624 12
8625 2
8626 3
8627 2
8628 5
8629 3
8630 2
8631 5
8632 7
8633 6
8634 7
8635 8
8636 17
8637 4
8638 0
8639 0
8640 0
8641 0
8642 0
8643 0
8644 0
8645 0
8646 0
8647 0
8648 5
8649 3
8650 11
8651 11
8652 6
8653 4
8654 8
8655 4
8656 4
8657 4
8658 10
8659 5
8660 17
8661 0
8662 0
8663 0
8664 0
8665 0
8666 0
8667 0
8668 0
8669 0
8670 0
8671 0
8672 14
8673 11
8674 12
8675 13
8676 18
8677 13
8678 15
8679 22
8680 15
8681 11
8682 12
8683 16
8684 10
8685 4
8686 0
8687 0
8688 0
8689 0
8690 0
8691 0
8692 0
8693 0
8694 0
8695 0
8696 12
8697 13
8698 12
8699 17
8700 17
8701 12
8702 16
8703 14
8704 16
8705 17
8706 19
8707 10
8708 14
8709 1
8710 0
8711 0
8712 0
8713 0
8714 0
8715 0
8716 0
8717 0
8718 0
8719 0
8720 7
8721 12
8722 20
8723 13
8724 19
8725 13
8726 25
8727 14
8728 20
8729 20
8730 10
8731 11
8732 21
8733 1
8734 0
8735 0
8736 0
8737 0
8738 0
8739 0
8740 0
8741 0
8742 0
8743 0
8744 5
8745 3
8746 4
8747 4
8748 12
8749 14
8750 14
8751 23
8752 10
8753 13
8754 12
8755 21
8756 23
8757 0
8758 0
8759 0
8760 0
