1 0.00
2 0.00
3 0.00
4 0.00
5 0.00
6 0.00
7 0.00
8 0.00
9 0.00
10 0.00
11 0.00
12 0.00
13 0.00
14 0.00
15 0.00
16 0.00
17 0.00
18 0.00
19 0.00
20 0.00
21 0.00
22 0.00
23 0.00
24 0.00
25 0.00
26 0.00
27 0.00
28 0.00
29 0.00
30 0.00
31 0.00
32 0.93
33 0.70
34 0.32
35 2.98
36 1.21
37 0.75
38 0.25
39 1.03
40 1.43
41 5.74
42 5.01
43 1.94
44 1.55
45 13.48
46 0.00
47 0.00
48 0.00
49 0.00
50 0.00
51 0.00
52 0.00
53 0.00
54 0.00
55 0.00
56 1.20
57 1.23
58 3.66
59 2.45
60 1.85
61 1.43
62 2.01
63 2.00
64 2.10
65 1.99
66 1.44
67 5.55
68 3.16
69 7.30
70 0.00
71 0.00
72 0.00
73 0.00
74 0.00
75 0.00
76 0.00
77 0.00
78 0.00
79 0.00
80 0.83
81 1.36
82 4.76
83 1.81
84 1.44
85 1.66
86 3.33
87 1.63
88 1.24
89 2.99
90 3.05
91 5.60
92 2.99
93 6.57
94 0.00
95 0.00
96 0.00
97 0.00
98 0.00
99 0.00
100 0.00
101 0.00
102 0.00
103 0.00
104 0.79
105 3.28
106 2.10
107 1.48
108 2.51
109 1.53
110 1.85
111 2.31
112 1.92
113 1.35
114 2.32
115 2.98
116 1.75
117 6.83
118 0.00
119 0.00
120 0.00
121 0.00
122 0.00
123 0.00
124 0.00
125 0.00
126 0.00
127 0.00
128 1.00
129 6.99
130 2.81
131 2.25
132 1.93
133 1.45
134 1.89
135 1.35
136 1.76
137 2.36
138 2.61
139 2.57
140 1.63
141 4.57
142 0.00
143 0.00
144 0.00
145 0.00
146 0.00
147 0.00
148 0.00
149 0.00
150 0.00
151 0.00
152 3.74
153 1.00
154 2.78
155 6.65
156 3.80
157 2.65
158 4.77
159 3.23
160 4.03
161 5.92
162 9.32
163 3.48
164 2.04
165 0.00
166 0.00
167 0.00
168 0.00
169 0.00
170 0.00
171 0.00
172 0.00
173 0.00
174 0.00
175 0.00
176 0.00
177 0.00
178 0.00
179 0.00
180 0.00
181 0.00
182 0.00
183 0.00
184 0.00
185 0.00
186 0.00
187 0.00
188 0.00
189 0.00
190 0.00
191 0.00
192 0.00
193 0.00
194 0.00
195 0.00
196 0.00
197 0.00
198 0.00
199 0.00
200 0.52
201 2.01
202 1.44
203 2.65
204 1.83
205 1.92
206 2.14
207 2.34
208 1.49
209 2.12
210 6.62
211 1.51
212 1.45
213 12.49
214 0.00
215 0.00
216 0.00
217 0.00
218 0.00
219 0.00
220 0.00
221 0.00
222 0.00
223 0.00
224 0.80
225 1.32
226 1.70
227 1.80
228 1.45
229 1.72
230 1.07
231 1.08
232 1.39
233 1.49
234 1.67
235 1.43
236 1.71
237 4.84
238 0.00
239 0.00
240 0.00
241 0.00
242 0.00
243 0.00
244 0.00
245 0.00
246 0.00
247 0.00
248 0.82
249 1.77
250 2.23
251 1.51
252 1.49
253 0.71
254 1.31
255 1.50
256 1.39
257 1.72
258 4.02
259 5.18
260 3.28
261 4.32
262 0.00
263 0.00
264 0.00
265 0.00
266 0.00
267 0.00
268 0.00
269 0.00
270 0.00
271 0.00
272 1.79
273 1.47
274 1.17
275 1.54
276 1.31
277 1.59
278 2.39
279 1.64
280 1.93
281 1.43
282 1.59
283 1.90
284 1.74
285 7.82
286 0.00
287 0.00
288 0.00
289 0.00
290 0.00
291 0.00
292 0.00
293 0.00
294 0.00
295 0.00
296 1.60
297 1.90
298 1.54
299 1.44
300 1.79
301 2.05
302 1.44
303 1.96
304 1.47
305 2.03
306 1.62
307 1.79
308 1.47
309 3.80
310 0.00
311 0.00
312 0.00
313 0.00
314 0.00
315 0.00
316 0.00
317 0.00
318 0.00
319 0.00
320 2.79
321 6.96
322 2.23
323 1.88
324 4.74
325 2.66
326 2.30
327 2.25
328 1.57
329 1.62
330 6.99
331 3.38
332 2.08
333 7.38
334 0.00
335 0.00
336 0.00
337 0.00
338 0.00
339 0.00
340 0.00
341 0.00
342 0.00
343 0.00
344 0.00
345 0.00
346 0.00
347 0.00
348 0.00
349 0.00
350 0.00
351 0.00
352 0.00
353 0.00
354 0.00
355 0.00
356 0.00
357 0.00
358 0.00
359 0.00
360 0.00
361 0.00
362 0.00
363 0.00
364 0.00
365 0.00
366 0.00
367 0.00
368 0.78
369 3.84
370 2.21
371 3.24
372 1.19
373 1.64
374 1.96
375 1.26
376 1.95
377 2.06
378 5.61
379 3.18
380 2.14
381 2.79
382 0.00
383 0.00
384 0.00
385 0.00
386 0.00
387 0.00
388 0.00
389 0.00
390 0.00
391 0.00
392 1.63
393 1.57
394 2.09
395 1.86
396 2.08
397 1.35
398 1.69
399 1.22
400 1.79
401 1.76
402 2.33
403 1.68
404 2.41
405 4.85
406 0.00
407 0.00
408 0.00
409 0.00
410 0.00
411 0.00
412 0.00
413 0.00
414 0.00
415 0.00
416 0.84
417 1.56
418 1.76
419 0.94
420 1.76
421 1.90
422 1.26
423 1.77
424 2.02
425 1.93
426 1.94
427 2.13
428 1.73
429 2.47
430 0.00
431 0.00
432 0.00
433 0.00
434 0.00
435 0.00
436 0.00
437 0.00
438 0.00
439 0.00
440 1.50
441 3.05
442 2.06
443 1.34
444 0.86
445 1.46
446 1.37
447 1.59
448 1.80
449 2.11
450 2.92
451 1.73
452 1.24
453 0.00
454 0.00
455 0.00
456 0.00
457 0.00
458 0.00
459 0.00
460 0.00
461 0.00
462 0.00
463 0.00
464 3.37
465 1.00
466 1.39
467 1.43
468 0.92
469 1.24
470 1.44
471 2.24
472 1.06
473 1.24
474 1.27
475 1.52
476 1.21
477 2.48
478 0.00
479 0.00
480 0.00
481 0.00
482 0.00
483 0.00
484 0.00
485 0.00
486 0.00
487 0.00
488 0.48
489 7.49
490 5.08
491 2.35
492 2.25
493 2.42
494 4.59
495 1.92
496 2.29
497 4.38
498 3.33
499 4.38
500 2.45
501 5.33
502 0.00
503 0.00
504 0.00
505 0.00
506 0.00
507 0.00
508 0.00
509 0.00
510 0.00
511 0.00
512 0.00
513 0.00
514 0.00
515 0.00
516 0.00
517 0.00
518 0.00
519 0.00
520 0.00
521 0.00
522 0.00
523 0.00
524 0.00
525 0.00
526 0.00
527 0.00
528 0.00
529 0.00
530 0.00
531 0.00
532 0.00
533 0.00
534 0.00
535 0.00
536 0.80
537 3.05
538 1.85
539 1.24
540 2.17
541 2.00
542 1.69
543 1.35
544 1.77
545 2.03
546 1.63
547 2.80
548 1.36
549 6.49
550 0.00
551 0.00
552 0.00
553 0.00
554 0.00
555 0.00
556 0.00
557 0.00
558 0.00
559 0.00
560 0.98
561 2.23
562 1.33
563 1.50
564 1.75
565 1.48
566 1.30
567 1.55
568 1.27
569 1.08
570 1.54
571 1.80
572 1.81
573 4.28
574 0.00
575 0.00
576 0.00
577 0.00
578 0.00
579 0.00
580 0.00
581 0.00
582 0.00
583 0.00
584 2.05
585 1.80
586 0.97
587 1.70
588 2.02
589 1.11
590 1.26
591 1.84
592 1.43
593 3.36
594 1.41
595 1.93
596 1.69
597 10.52
598 0.00
599 0.00
600 0.00
601 0.00
602 0.00
603 0.00
604 0.00
605 0.00
606 0.00
607 0.00
608 0.45
609 1.02
610 0.75
611 0.43
612 0.39
613 0.39
614 0.43
615 1.09
616 1.00
617 0.89
618 2.00
619 1.44
620 1.78
621 26.47
622 0.00
623 0.00
624 0.00
625 0.00
626 0.00
627 0.00
628 0.00
629 0.00
630 0.00
631 0.00
632 0.74
633 1.87
634 2.70
635 1.37
636 0.95
637 1.66
638 1.31
639 1.23
640 2.36
641 2.45
642 1.43
643 2.43
644 2.28
645 4.65
646 0.00
647 0.00
648 0.00
649 0.00
650 0.00
651 0.00
652 0.00
653 0.00
654 0.00
655 0.00
656 0.91
657 14.90
658 4.67
659 1.52
660 3.55
661 2.59
662 1.19
663 1.87
664 2.21
665 5.08
666 2.32
667 3.73
668 2.29
669 4.22
670 0.00
671 0.00
672 0.00
673 0.00
674 0.00
675 0.00
676 0.00
677 0.00
678 0.00
679 0.00
680 0.00
681 0.00
682 0.00
683 0.00
684 0.00
685 0.00
686 0.00
687 0.00
688 0.00
689 0.00
690 0.00
691 0.00
692 0.00
693 0.00
694 0.00
695 0.00
696 0.00
697 0.00
698 0.00
699 0.00
700 0.00
701 0.00
702 0.00
703 0.00
704 0.69
705 1.69
706 1.74
707 1.80
708 1.48
709 1.43
710 1.63
711 1.76
712 2.70
713 1.40
714 4.51
715 3.78
716 2.01
717 5.74
718 0.00
719 0.00
720 0.00
721 0.00
722 0.00
723 0.00
724 0.00
725 0.00
726 0.00
727 0.00
728 1.73
729 3.03
730 1.43
731 1.93
732 1.80
733 1.62
734 1.60
735 1.13
736 2.49
737 2.82
738 1.91
739 2.82
740 2.52
741 10.17
742 0.00
743 0.00
744 0.00
745 0.00
746 0.00
747 0.00
748 0.00
749 0.00
750 0.00
751 0.00
752 1.31
753 1.42
754 1.58
755 1.17
756 1.91
757 1.63
758 1.76
759 2.35
760 2.78
761 1.75
762 2.74
763 2.20
764 1.26
765 0.00
766 0.00
767 0.00
768 0.00
769 0.00
770 0.00
771 0.00
772 0.00
773 0.00
774 0.00
775 0.00
776 0.61
777 1.63
778 1.79
779 1.51
780 1.01
781 1.88
782 1.48
783 1.51
784 1.68
785 2.85
786 2.91
787 1.15
788 1.18
789 0.00
790 0.00
791 0.00
792 0.00
793 0.00
794 0.00
795 0.00
796 0.00
797 0.00
798 0.00
799 0.00
800 0.93
801 4.12
802 1.41
803 1.72
804 1.72
805 2.40
806 1.08
807 1.38
808 1.81
809 1.57
810 2.14
811 1.44
812 1.63
813 0.00
814 0.00
815 0.00
816 0.00
817 0.00
818 0.00
819 0.00
820 0.00
821 0.00
822 0.00
823 0.00
824 0.45
825 1.29
826 3.07
827 2.54
828 3.83
829 3.23
830 3.66
831 3.08
832 3.03
833 1.98
834 4.45
835 3.43
836 1.35
837 4.61
838 0.00
839 0.00
840 0.00
841 0.00
842 0.00
843 0.00
844 0.00
845 0.00
846 0.00
847 0.00
848 0.00
849 0.00
850 0.00
851 0.00
852 0.00
853 0.00
854 0.00
855 0.00
856 0.00
857 0.00
858 0.00
859 0.00
860 0.00
861 0.00
862 0.00
863 0.00
864 0.00
865 0.00
866 0.00
867 0.00
868 0.00
869 0.00
870 0.00
871 0.00
872 0.71
873 1.58
874 1.77
875 1.63
876 1.23
877 0.95
878 1.00
879 2.12
880 1.04
881 1.52
882 2.38
883 2.30
884 1.24
885 2.08
886 0.00
887 0.00
888 0.00
889 0.00
890 0.00
891 0.00
892 0.00
893 0.00
894 0.00
895 0.00
896 0.78
897 3.19
898 1.26
899 0.75
900 1.63
901 1.55
902 1.80
903 1.48
904 1.82
905 2.35
906 1.37
907 1.24
908 1.32
909 7.27
910 0.00
911 0.00
912 0.00
913 0.00
914 0.00
915 0.00
916 0.00
917 0.00
918 0.00
919 0.00
920 0.65
921 1.26
922 1.34
923 1.17
924 1.55
925 1.84
926 1.36
927 2.03
928 1.26
929 2.43
930 3.06
931 3.51
932 2.61
933 5.56
934 0.00
935 0.00
936 0.00
937 0.00
938 0.00
939 0.00
940 0.00
941 0.00
942 0.00
943 0.00
944 0.62
945 2.04
946 1.90
947 1.88
948 1.43
949 1.20
950 1.16
951 2.16
952 1.07
953 1.21
954 2.64
955 1.13
956 1.82
957 2.68
958 0.00
959 0.00
960 0.00
961 0.00
962 0.00
963 0.00
964 0.00
965 0.00
966 0.00
967 0.00
968 0.54
969 2.07
970 1.97
971 0.96
972 1.30
973 1.55
974 2.28
975 1.83
976 1.70
977 2.15
978 1.49
979 1.24
980 1.44
981 3.76
982 0.00
983 0.00
984 0.00
985 0.00
986 0.00
987 0.00
988 0.00
989 0.00
990 0.00
991 0.00
992 0.28
993 3.68
994 1.64
995 2.18
996 2.16
997 1.44
998 3.34
999 2.88
1000 2.04
1001 2.89
1002 7.53
1003 2.38
1004 1.63
1005 5.35
1006 0.00
1007 0.00
1008 0.00
1009 0.00
1010 0.00
1011 0.00
1012 0.00
1013 0.00
1014 0.00
1015 0.00
1016 0.00
1017 0.00
1018 0.00
1019 0.00
1020 0.00
1021 0.00
1022 0.00
1023 0.00
1024 0.00
1025 0.00
1026 0.00
1027 0.00
1028 0.00
1029 0.00
1030 0.00
1031 0.00
1032 0.00
1033 0.00
1034 0.00
1035 0.00
1036 0.00
1037 0.00
1038 0.00
1039 0.00
1040 0.66
1041 1.73
1042 1.55
1043 1.43
1044 0.84
1045 1.63
1046 1.39
1047 1.42
1048 1.15
1049 1.62
1050 2.34
1051 1.72
1052 2.70
1053 6.69
1054 0.00
1055 0.00
1056 0.00
1057 0.00
1058 0.00
1059 0.00
1060 0.00
1061 0.00
1062 0.00
1063 0.00
1064 0.80
1065 1.60
1066 1.63
1067 1.26
1068 1.06
1069 1.30
1070 1.04
1071 2.37
1072 2.05
1073 2.14
1074 1.43
1075 1.55
1076 1.20
1077 4.06
1078 0.00
1079 0.00
1080 0.00
1081 0.00
1082 0.00
1083 0.00
1084 0.00
1085 0.00
1086 0.00
1087 0.00
1088 0.64
1089 2.66
1090 1.16
1091 1.14
1092 1.49
1093 1.23
1094 1.07
1095 2.04
1096 1.65
1097 2.38
1098 1.86
1099 2.04
1100 1.41
1101 4.81
1102 0.00
1103 0.00
1104 0.00
1105 0.00
1106 0.00
1107 0.00
1108 0.00
1109 0.00
1110 0.00
1111 0.00
1112 0.64
1113 2.88
1114 1.86
1115 2.03
1116 1.09
1117 1.48
1118 2.35
1119 1.56
1120 1.41
1121 2.50
1122 2.25
1123 1.86
1124 1.67
1125 2.49
1126 0.00
1127 0.00
1128 0.00
1129 0.00
1130 0.00
1131 0.00
1132 0.00
1133 0.00
1134 0.00
1135 0.00
1136 0.54
1137 1.56
1138 1.47
1139 1.89
1140 2.28
1141 1.58
1142 1.73
1143 1.84
1144 1.49
1145 1.12
1146 2.26
1147 1.88
1148 1.25
1149 8.11
1150 0.00
1151 0.00
1152 0.00
1153 0.00
1154 0.00
1155 0.00
1156 0.00
1157 0.00
1158 0.00
1159 0.00
1160 0.89
1161 2.98
1162 1.85
1163 1.56
1164 1.61
1165 2.93
1166 1.53
1167 4.51
1168 1.90
1169 2.66
1170 5.04
1171 2.72
1172 1.46
1173 7.69
1174 0.00
1175 0.00
1176 0.00
1177 0.00
1178 0.00
1179 0.00
1180 0.00
1181 0.00
1182 0.00
1183 0.00
1184 0.00
1185 0.00
1186 0.00
1187 0.00
1188 0.00
1189 0.00
1190 0.00
1191 0.00
1192 0.00
1193 0.00
1194 0.00
1195 0.00
1196 0.00
1197 0.00
1198 0.00
1199 0.00
1200 0.00
1201 0.00
1202 0.00
1203 0.00
1204 0.00
1205 0.00
1206 0.00
1207 0.00
1208 0.83
1209 4.37
1210 1.67
1211 1.34
1212 1.45
1213 1.16
1214 1.23
1215 1.67
1216 1.71
1217 2.25
1218 1.74
1219 1.77
1220 1.63
1221 12.07
1222 0.00
1223 0.00
1224 0.00
1225 0.00
1226 0.00
1227 0.00
1228 0.00
1229 0.00
1230 0.00
1231 0.00
1232 0.74
1233 2.60
1234 1.67
1235 1.39
1236 1.66
1237 1.21
1238 1.05
1239 1.42
1240 1.02
1241 1.57
1242 1.59
1243 1.58
1244 1.27
1245 2.70
1246 0.00
1247 0.00
1248 0.00
1249 0.00
1250 0.00
1251 0.00
1252 0.00
1253 0.00
1254 0.00
1255 0.00
1256 0.72
1257 2.01
1258 1.44
1259 1.33
1260 1.24
1261 2.51
1262 1.27
1263 1.44
1264 1.31
1265 1.51
1266 1.49
1267 2.14
1268 1.79
1269 4.90
1270 0.00
1271 0.00
1272 0.00
1273 0.00
1274 0.00
1275 0.00
1276 0.00
1277 0.00
1278 0.00
1279 0.00
1280 0.59
1281 3.53
1282 2.43
1283 1.27
1284 1.26
1285 1.28
1286 1.10
1287 1.55
1288 1.96
1289 2.36
1290 2.03
1291 1.42
1292 1.69
1293 7.48
1294 0.00
1295 0.00
1296 0.00
1297 0.00
1298 0.00
1299 0.00
1300 0.00
1301 0.00
1302 0.00
1303 0.00
1304 0.69
1305 1.65
1306 1.40
1307 2.03
1308 1.68
1309 1.27
1310 1.94
1311 1.50
1312 1.91
1313 2.19
1314 1.81
1315 1.50
1316 1.54
1317 2.79
1318 0.00
1319 0.00
1320 0.00
1321 0.00
1322 0.00
1323 0.00
1324 0.00
1325 0.00
1326 0.00
1327 0.00
1328 0.62
1329 5.07
1330 1.82
1331 2.13
1332 1.77
1333 2.07
1334 1.98
1335 2.09
1336 2.29
1337 4.64
1338 3.97
1339 2.09
1340 1.54
1341 36.73
1342 0.00
1343 0.00
1344 0.00
1345 0.00
1346 0.00
1347 0.00
1348 0.00
1349 0.00
1350 0.00
1351 0.00
1352 0.00
1353 0.00
1354 0.00
1355 0.00
1356 0.00
1357 0.00
1358 0.00
1359 0.00
1360 0.00
1361 0.00
1362 0.00
1363 0.00
1364 0.00
1365 0.00
1366 0.00
1367 0.00
1368 0.00
1369 0.00
1370 0.00
1371 0.00
1372 0.00
1373 0.00
1374 0.00
1375 0.00
1376 0.72
1377 4.07
1378 2.26
1379 1.74
1380 1.69
1381 1.25
1382 1.51
1383 2.45
1384 1.65
1385 1.31
1386 1.13
1387 2.22
1388 1.86
1389 7.12
1390 0.00
1391 0.00
1392 0.00
1393 0.00
1394 0.00
1395 0.00
1396 0.00
1397 0.00
1398 0.00
1399 0.00
1400 0.54
1401 2.59
1402 1.49
1403 1.76
1404 1.35
1405 0.86
1406 1.60
1407 1.25
1408 1.18
1409 1.13
1410 1.60
1411 1.34
1412 1.64
1413 5.54
1414 0.00
1415 0.00
1416 0.00
1417 0.00
1418 0.00
1419 0.00
1420 0.00
1421 0.00
1422 0.00
1423 0.00
1424 0.85
1425 2.44
1426 2.06
1427 0.90
1428 1.08
1429 2.07
1430 1.44
1431 1.65
1432 2.45
1433 1.61
1434 1.26
1435 1.36
1436 1.72
1437 5.11
1438 0.00
1439 0.00
1440 0.00
1441 0.00
1442 0.00
1443 0.00
1444 0.00
1445 0.00
1446 0.00
1447 0.00
1448 0.75
1449 2.07
1450 1.53
1451 2.63
1452 1.71
1453 1.41
1454 1.06
1455 1.61
1456 1.55
1457 2.76
1458 1.79
1459 1.21
1460 1.51
1461 4.21
1462 0.00
1463 0.00
1464 0.00
1465 0.00
1466 0.00
1467 0.00
1468 0.00
1469 0.00
1470 0.00
1471 0.00
1472 0.45
1473 5.33
1474 1.65
1475 1.44
1476 2.73
1477 1.19
1478 1.92
1479 1.95
1480 1.99
1481 1.95
1482 2.83
1483 2.24
1484 1.52
1485 8.18
1486 0.00
1487 0.00
1488 0.00
1489 0.00
1490 0.00
1491 0.00
1492 0.00
1493 0.00
1494 0.00
1495 0.00
1496 0.00
1497 0.00
1498 0.00
1499 0.00
1500 0.00
1501 0.00
1502 0.00
1503 0.00
1504 0.00
1505 0.00
1506 0.00
1507 0.00
1508 0.00
1509 0.00
1510 0.00
1511 0.00
1512 0.00
1513 0.00
1514 0.00
1515 0.00
1516 0.00
1517 0.00
1518 0.00
1519 0.00
1520 0.84
1521 2.46
1522 1.87
1523 1.44
1524 1.66
1525 1.08
1526 1.35
1527 1.80
1528 1.31
1529 1.90
1530 1.84
1531 3.91
1532 1.83
1533 3.11
1534 0.00
1535 0.00
1536 0.00
1537 0.00
1538 0.00
1539 0.00
1540 0.00
1541 0.00
1542 0.00
1543 0.00
1544 0.89
1545 1.78
1546 1.54
1547 1.53
1548 1.18
1549 1.60
1550 1.68
1551 1.21
1552 1.34
1553 1.60
1554 2.07
1555 1.34
1556 1.91
1557 4.93
1558 0.00
1559 0.00
1560 0.00
1561 0.00
1562 0.00
1563 0.00
1564 0.00
1565 0.00
1566 0.00
1567 0.00
1568 0.78
1569 1.24
1570 1.92
1571 1.71
1572 1.49
1573 2.12
1574 1.60
1575 2.29
1576 1.74
1577 1.40
1578 2.23
1579 3.01
1580 1.80
1581 9.94
1582 0.00
1583 0.00
1584 0.00
1585 0.00
1586 0.00
1587 0.00
1588 0.00
1589 0.00
1590 0.00
1591 0.00
1592 0.69
1593 1.26
1594 1.59
1595 1.61
1596 1.65
1597 1.27
1598 1.13
1599 1.67
1600 1.44
1601 2.92
1602 1.66
1603 1.58
1604 1.45
1605 2.76
1606 0.00
1607 0.00
1608 0.00
1609 0.00
1610 0.00
1611 0.00
1612 0.00
1613 0.00
1614 0.00
1615 0.00
1616 0.74
1617 4.55
1618 2.06
1619 1.73
1620 1.66
1621 1.69
1622 1.66
1623 2.06
1624 2.15
1625 2.35
1626 1.64
1627 1.67
1628 1.34
1629 6.19
1630 0.00
1631 0.00
1632 0.00
1633 0.00
1634 0.00
1635 0.00
1636 0.00
1637 0.00
1638 0.00
1639 0.00
1640 0.55
1641 2.70
1642 1.89
1643 3.38
1644 3.51
1645 1.69
1646 1.92
1647 3.69
1648 1.03
1649 0.93
1650 2.03
1651 1.78
1652 1.39
1653 52.94
1654 0.00
1655 0.00
1656 0.00
1657 0.00
1658 0.00
1659 0.00
1660 0.00
1661 0.00
1662 0.00
1663 0.00
1664 0.00
1665 0.00
1666 0.00
1667 0.00
1668 0.00
1669 0.00
1670 0.00
1671 0.00
1672 0.00
1673 0.00
1674 0.00
1675 0.00
1676 0.00
1677 0.00
1678 0.00
1679 0.00
1680 0.00
1681 0.00
1682 0.00
1683 0.00
1684 0.00
1685 0.00
1686 0.00
1687 0.00
1688 0.16
1689 0.21
1690 0.32
1691 0.00
1692 1.05
1693 0.00
1694 0.00
1695 0.90
1696 0.52
1697 2.79
1698 1.44
1699 1.51
1700 1.38
1701 25.17
1702 0.00
1703 0.00
1704 0.00
1705 0.00
1706 0.00
1707 0.00
1708 0.00
1709 0.00
1710 0.00
1711 0.00
1712 0.96
1713 2.94
1714 1.88
1715 1.53
1716 1.39
1717 1.53
1718 1.65
1719 2.49
1720 1.33
1721 1.76
1722 1.63
1723 2.19
1724 2.02
1725 7.02
1726 0.00
1727 0.00
1728 0.00
1729 0.00
1730 0.00
1731 0.00
1732 0.00
1733 0.00
1734 0.00
1735 0.00
1736 0.66
1737 3.53
1738 1.47
1739 1.58
1740 1.34
1741 1.29
1742 1.38
1743 1.43
1744 1.74
1745 3.16
1746 1.53
1747 1.60
1748 1.58
1749 4.37
1750 0.00
1751 0.00
1752 0.00
1753 0.00
1754 0.00
1755 0.00
1756 0.00
1757 0.00
1758 0.00
1759 0.00
1760 0.77
1761 3.45
1762 1.49
1763 1.69
1764 1.50
1765 1.29
1766 1.49
1767 1.88
1768 1.32
1769 2.67
1770 3.15
1771 1.70
1772 1.61
1773 6.02
1774 0.00
1775 0.00
1776 0.00
1777 0.00
1778 0.00
1779 0.00
1780 0.00
1781 0.00
1782 0.00
1783 0.00
1784 0.74
1785 1.89
1786 2.25
1787 1.71
1788 2.18
1789 1.74
1790 1.65
1791 1.70
1792 1.73
1793 2.12
1794 2.70
1795 2.31
1796 1.63
1797 27.48
1798 0.00
1799 0.00
1800 0.00
1801 0.00
1802 0.00
1803 0.00
1804 0.00
1805 0.00
1806 0.00
1807 0.00
1808 0.67
1809 1.55
1810 2.40
1811 2.27
1812 1.91
1813 1.94
1814 2.77
1815 1.98
1816 2.27
1817 2.00
1818 3.68
1819 2.48
1820 1.91
1821 4.12
1822 0.00
1823 0.00
1824 0.00
1825 0.00
1826 0.00
1827 0.00
1828 0.00
1829 0.00
1830 0.00
1831 0.00
1832 0.00
1833 0.00
1834 0.00
1835 0.00
1836 0.00
1837 0.00
1838 0.00
1839 0.00
1840 0.00
1841 0.00
1842 0.00
1843 0.00
1844 0.00
1845 0.00
1846 0.00
1847 0.00
1848 0.00
1849 0.00
1850 0.00
1851 0.00
1852 0.00
1853 0.00
1854 0.00
1855 0.00
1856 0.59
1857 3.75
1858 2.17
1859 2.35
1860 1.37
1861 1.47
1862 1.26
1863 1.13
1864 1.62
1865 1.93
1866 5.80
1867 1.96
1868 1.41
1869 4.85
1870 0.00
1871 0.00
1872 0.00
1873 0.00
1874 0.00
1875 0.00
1876 0.00
1877 0.00
1878 0.00
1879 0.00
1880 0.69
1881 3.27
1882 1.22
1883 0.96
1884 1.47
1885 1.82
1886 1.52
1887 2.10
1888 1.63
1889 1.66
1890 1.85
1891 1.05
1892 1.63
1893 4.74
1894 0.00
1895 0.00
1896 0.00
1897 0.00
1898 0.00
1899 0.00
1900 0.00
1901 0.00
1902 0.00
1903 0.00
1904 0.74
1905 1.94
1906 1.70
1907 1.73
1908 2.31
1909 1.22
1910 1.06
1911 1.38
1912 2.00
1913 1.45
1914 1.85
1915 1.31
1916 1.59
1917 6.44
1918 0.00
1919 0.00
1920 0.00
1921 0.00
1922 0.00
1923 0.00
1924 0.00
1925 0.00
1926 0.00
1927 0.00
1928 0.91
1929 2.13
1930 1.26
1931 1.56
1932 1.89
1933 1.57
1934 1.62
1935 1.79
1936 1.42
1937 2.34
1938 1.61
1939 1.40
1940 1.39
1941 3.17
1942 0.00
1943 0.00
1944 0.00
1945 0.00
1946 0.00
1947 0.00
1948 0.00
1949 0.00
1950 0.00
1951 0.00
1952 0.67
1953 2.33
1954 2.06
1955 0.76
1956 1.70
1957 1.80
1958 1.72
1959 1.09
1960 2.19
1961 2.29
1962 1.33
1963 1.45
1964 1.18
1965 8.22
1966 0.00
1967 0.00
1968 0.00
1969 0.00
1970 0.00
1971 0.00
1972 0.00
1973 0.00
1974 0.00
1975 0.00
1976 0.43
1977 4.09
1978 2.99
1979 2.14
1980 1.95
1981 1.07
1982 1.23
1983 1.30
1984 0.92
1985 1.65
1986 1.66
1987 2.11
1988 1.36
1989 4.81
1990 0.00
1991 0.00
1992 0.00
1993 0.00
1994 0.00
1995 0.00
1996 0.00
1997 0.00
1998 0.00
1999 0.00
2000 0.00
2001 0.00
2002 0.00
2003 0.00
2004 0.00
2005 0.00
2006 0.00
2007 0.00
2008 0.00
2009 0.00
2010 0.00
2011 0.00
2012 0.00
2013 0.00
2014 0.00
2015 0.00
2016 0.00
2017 0.00
2018 0.00
2019 0.00
2020 0.00
2021 0.00
2022 0.00
2023 0.00
2024 0.81
2025 1.66
2026 2.06
2027 1.27
2028 1.83
2029 1.54
2030 1.17
2031 1.68
2032 2.22
2033 2.03
2034 1.97
2035 2.06
2036 2.40
2037 5.01
2038 0.00
2039 0.00
2040 0.00
2041 0.00
2042 0.00
2043 0.00
2044 0.00
2045 0.00
2046 0.00
2047 0.00
2048 0.70
2049 2.07
2050 3.21
2051 1.89
2052 1.73
2053 2.48
2054 1.18
2055 1.91
2056 1.76
2057 3.76
2058 2.56
2059 1.38
2060 1.41
2061 16.14
2062 0.00
2063 0.00
2064 0.00
2065 0.00
2066 0.00
2067 0.00
2068 0.00
2069 0.00
2070 0.00
2071 0.00
2072 0.72
2073 4.51
2074 1.26
2075 1.39
2076 1.21
2077 1.11
2078 1.99
2079 1.32
2080 2.15
2081 1.57
2082 2.01
2083 1.25
2084 1.56
2085 5.86
2086 0.00
2087 0.00
2088 0.00
2089 0.00
2090 0.00
2091 0.00
2092 0.00
2093 0.00
2094 0.00
2095 0.00
2096 0.67
2097 4.09
2098 2.27
2099 2.29
2100 1.25
2101 1.03
2102 1.58
2103 2.58
2104 1.24
2105 1.89
2106 2.06
2107 1.94
2108 1.30
2109 4.02
2110 0.00
2111 0.00
2112 0.00
2113 0.00
2114 0.00
2115 0.00
2116 0.00
2117 0.00
2118 0.00
2119 0.00
2120 0.53
2121 2.51
2122 1.73
2123 1.37
2124 2.13
2125 1.48
2126 1.47
2127 2.23
2128 1.46
2129 1.69
2130 1.25
2131 1.01
2132 1.57
2133 3.26
2134 0.00
2135 0.00
2136 0.00
2137 0.00
2138 0.00
2139 0.00
2140 0.00
2141 0.00
2142 0.00
2143 0.00
2144 0.49
2145 1.49
2146 5.12
2147 4.86
2148 1.63
2149 2.65
2150 3.25
2151 2.60
2152 2.22
2153 0.97
2154 2.80
2155 2.24
2156 1.14
2157 0.00
2158 0.00
2159 0.00
2160 0.00
2161 0.00
2162 0.00
2163 0.00
2164 0.00
2165 0.00
2166 0.00
2167 0.00
2168 0.00
2169 0.00
2170 0.00
2171 0.00
2172 0.00
2173 0.00
2174 0.00
2175 0.00
2176 0.00
2177 0.00
2178 0.00
2179 0.00
2180 0.00
2181 0.00
2182 0.00
2183 0.00
2184 0.00
2185 0.00
2186 0.00
2187 0.00
2188 0.00
2189 0.00
2190 0.00
2191 0.00
2192 0.50
2193 1.87
2194 1.61
2195 1.39
2196 1.98
2197 1.73
2198 1.53
2199 2.30
2200 1.49
2201 2.02
2202 2.07
2203 1.09
2204 2.04
2205 4.52
2206 0.00
2207 0.00
2208 0.00
2209 0.00
2210 0.00
2211 0.00
2212 0.00
2213 0.00
2214 0.00
2215 0.00
2216 0.62
2217 4.36
2218 2.76
2219 2.18
2220 3.72
2221 1.86
2222 2.37
2223 2.89
2224 1.35
2225 1.79
2226 1.91
2227 1.61
2228 1.39
2229 3.40
2230 0.00
2231 0.00
2232 0.00
2233 0.00
2234 0.00
2235 0.00
2236 0.00
2237 0.00
2238 0.00
2239 0.00
2240 0.94
2241 0.84
2242 1.48
2243 2.95
2244 1.72
2245 1.95
2246 2.01
2247 1.59
2248 1.75
2249 1.41
2250 3.59
2251 1.23
2252 1.83
2253 6.55
2254 0.00
2255 0.00
2256 0.00
2257 0.00
2258 0.00
2259 0.00
2260 0.00
2261 0.00
2262 0.00
2263 0.00
2264 0.50
2265 1.55
2266 2.23
2267 2.95
2268 1.94
2269 1.95
2270 1.58
2271 1.44
2272 1.90
2273 2.22
2274 2.08
2275 1.79
2276 1.62
2277 0.00
2278 0.00
2279 0.00
2280 0.00
2281 0.00
2282 0.00
2283 0.00
2284 0.00
2285 0.00
2286 0.00
2287 0.00
2288 0.19
2289 0.60
2290 1.26
2291 0.37
2292 0.32
2293 1.02
2294 0.44
2295 0.52
2296 0.70
2297 2.75
2298 1.33
2299 2.14
2300 1.62
2301 5.04
2302 0.00
2303 0.00
2304 0.00
2305 0.00
2306 0.00
2307 0.00
2308 0.00
2309 0.00
2310 0.00
2311 0.00
2312 0.18
2313 0.93
2314 0.73
2315 2.32
2316 0.79
2317 1.08
2318 2.02
2319 0.74
2320 0.94
2321 2.53
2322 3.56
2323 5.55
2324 1.15
2325 6.45
2326 0.00
2327 0.00
2328 0.00
2329 0.00
2330 0.00
2331 0.00
2332 0.00
2333 0.00
2334 0.00
2335 0.00
2336 0.00
2337 0.00
2338 0.00
2339 0.00
2340 0.00
2341 0.00
2342 0.00
2343 0.00
2344 0.00
2345 0.00
2346 0.00
2347 0.00
2348 0.00
2349 0.00
2350 0.00
2351 0.00
2352 0.00
2353 0.00
2354 0.00
2355 0.00
2356 0.00
2357 0.00
2358 0.00
2359 0.00
2360 0.21
2361 0.38
2362 0.41
2363 0.56
2364 1.38
2365 0.66
2366 0.80
2367 0.66
2368 0.37
2369 0.74
2370 1.98
2371 3.09
2372 1.29
2373 16.98
2374 0.00
2375 0.00
2376 0.00
2377 0.00
2378 0.00
2379 0.00
2380 0.00
2381 0.00
2382 0.00
2383 0.00
2384 0.48
2385 3.55
2386 3.50
2387 1.72
2388 1.21
2389 1.06
2390 1.31
2391 1.93
2392 3.34
2393 2.50
2394 4.08
2395 2.23
2396 1.64
2397 2.60
2398 0.00
2399 0.00
2400 0.00
2401 0.00
2402 0.00
2403 0.00
2404 0.00
2405 0.00
2406 0.00
2407 0.00
2408 0.56
2409 1.07
2410 1.15
2411 1.53
2412 1.13
2413 1.09
2414 0.92
2415 1.21
2416 2.74
2417 1.53
2418 2.17
2419 1.13
2420 1.41
2421 2.41
2422 0.00
2423 0.00
2424 0.00
2425 0.00
2426 0.00
2427 0.00
2428 0.00
2429 0.00
2430 0.00
2431 0.00
2432 0.67
2433 2.55
2434 1.79
2435 1.24
2436 2.24
2437 1.88
2438 1.71
2439 1.03
2440 1.85
2441 1.46
2442 1.37
2443 1.17
2444 1.54
2445 2.45
2446 0.00
2447 0.00
2448 0.00
2449 0.00
2450 0.00
2451 0.00
2452 0.00
2453 0.00
2454 0.00
2455 0.00
2456 0.58
2457 2.08
2458 1.76
2459 1.37
2460 1.77
2461 1.64
2462 1.09
2463 1.84
2464 2.15
2465 1.72
2466 1.36
2467 2.16
2468 1.14
2469 3.51
2470 0.00
2471 0.00
2472 0.00
2473 0.00
2474 0.00
2475 0.00
2476 0.00
2477 0.00
2478 0.00
2479 0.00
2480 0.46
2481 0.87
2482 3.28
2483 2.41
2484 1.37
2485 3.17
2486 2.40
2487 2.36
2488 1.58
2489 2.22
2490 4.33
2491 2.19
2492 1.24
2493 0.00
2494 0.00
2495 0.00
2496 0.00
2497 0.00
2498 0.00
2499 0.00
2500 0.00
2501 0.00
2502 0.00
2503 0.00
2504 0.00
2505 0.00
2506 0.00
2507 0.00
2508 0.00
2509 0.00
2510 0.00
2511 0.00
2512 0.00
2513 0.00
2514 0.00
2515 0.00
2516 0.00
2517 0.00
2518 0.00
2519 0.00
2520 0.00
2521 0.00
2522 0.00
2523 0.00
2524 0.00
2525 0.00
2526 0.00
2527 0.00
2528 0.87
2529 1.93
2530 1.23
2531 1.69
2532 2.15
2533 1.79
2534 3.07
2535 1.61
2536 2.37
2537 1.24
2538 1.62
2539 4.33
2540 2.32
2541 4.85
2542 0.00
2543 0.00
2544 0.00
2545 0.00
2546 0.00
2547 0.00
2548 0.00
2549 0.00
2550 0.00
2551 0.00
2552 0.97
2553 3.06
2554 2.34
2555 1.47
2556 1.36
2557 1.26
2558 1.35
2559 1.53
2560 1.61
2561 1.67
2562 1.69
2563 1.32
2564 1.53
2565 6.13
2566 0.00
2567 0.00
2568 0.00
2569 0.00
2570 0.00
2571 0.00
2572 0.00
2573 0.00
2574 0.00
2575 0.00
2576 0.67
2577 2.88
2578 1.77
2579 0.78
2580 2.77
2581 1.17
2582 1.95
2583 2.17
2584 1.77
2585 3.10
2586 1.98
2587 1.77
2588 1.59
2589 4.58
2590 0.00
2591 0.00
2592 0.00
2593 0.00
2594 0.00
2595 0.00
2596 0.00
2597 0.00
2598 0.00
2599 0.00
2600 0.87
2601 1.87
2602 1.32
2603 1.61
2604 1.73
2605 1.05
2606 1.58
2607 1.20
2608 1.71
2609 1.34
2610 3.06
2611 1.39
2612 1.28
2613 2.22
2614 0.00
2615 0.00
2616 0.00
2617 0.00
2618 0.00
2619 0.00
2620 0.00
2621 0.00
2622 0.00
2623 0.00
2624 0.88
2625 3.16
2626 0.78
2627 1.34
2628 1.12
2629 1.57
2630 2.02
2631 1.64
2632 1.83
2633 1.83
2634 1.43
2635 1.34
2636 1.48
2637 2.84
2638 0.00
2639 0.00
2640 0.00
2641 0.00
2642 0.00
2643 0.00
2644 0.00
2645 0.00
2646 0.00
2647 0.00
2648 2.73
2649 2.86
2650 1.17
2651 1.13
2652 2.75
2653 2.58
2654 1.72
2655 1.27
2656 2.10
2657 2.04
2658 1.79
2659 1.32
2660 1.51
2661 2.75
2662 0.00
2663 0.00
2664 0.00
2665 0.00
2666 0.00
2667 0.00
2668 0.00
2669 0.00
2670 0.00
2671 0.00
2672 0.00
2673 0.00
2674 0.00
2675 0.00
2676 0.00
2677 0.00
2678 0.00
2679 0.00
2680 0.00
2681 0.00
2682 0.00
2683 0.00
2684 0.00
2685 0.00
2686 0.00
2687 0.00
2688 0.00
2689 0.00
2690 0.00
2691 0.00
2692 0.00
2693 0.00
2694 0.00
2695 0.00
2696 0.42
2697 3.73
2698 1.78
2699 1.90
2700 2.21
2701 1.72
2702 2.84
2703 1.52
2704 1.56
2705 1.10
2706 0.73
2707 2.75
2708 1.58
2709 5.54
2710 0.00
2711 0.00
2712 0.00
2713 0.00
2714 0.00
2715 0.00
2716 0.00
2717 0.00
2718 0.00
2719 0.00
2720 0.77
2721 0.49
2722 1.19
2723 0.60
2724 0.86
2725 2.26
2726 1.55
2727 1.91
2728 1.63
2729 1.65
2730 1.56
2731 1.88
2732 1.71
2733 2.57
2734 0.00
2735 0.00
2736 0.00
2737 0.00
2738 0.00
2739 0.00
2740 0.00
2741 0.00
2742 0.00
2743 0.00
2744 0.16
2745 0.71
2746 0.44
2747 0.27
2748 0.30
2749 0.00
2750 2.30
2751 0.62
2752 0.99
2753 10.06
2754 0.75
2755 1.33
2756 1.83
2757 56.25
2758 0.00
2759 0.00
2760 0.00
2761 0.00
2762 0.00
2763 0.00
2764 0.00
2765 0.00
2766 0.00
2767 0.00
2768 0.63
2769 0.68
2770 2.58
2771 1.80
2772 1.73
2773 2.33
2774 2.06
2775 1.22
2776 1.23
2777 1.39
2778 1.76
2779 1.82
2780 1.77
2781 6.59
2782 0.00
2783 0.00
2784 0.00
2785 0.00
2786 0.00
2787 0.00
2788 0.00
2789 0.00
2790 0.00
2791 0.00
2792 0.83
2793 2.62
2794 1.80
2795 2.08
2796 1.12
2797 1.62
2798 1.54
2799 1.92
2800 2.16
2801 1.40
2802 0.74
2803 2.31
2804 1.65
2805 2.37
2806 0.00
2807 0.00
2808 0.00
2809 0.00
2810 0.00
2811 0.00
2812 0.00
2813 0.00
2814 0.00
2815 0.00
2816 0.71
2817 1.87
2818 2.18
2819 1.27
2820 2.20
2821 3.18
2822 1.00
2823 1.50
2824 1.31
2825 2.52
2826 2.29
2827 3.14
2828 1.83
2829 3.03
2830 0.00
2831 0.00
2832 0.00
2833 0.00
2834 0.00
2835 0.00
2836 0.00
2837 0.00
2838 0.00
2839 0.00
2840 0.00
2841 0.00
2842 0.00
2843 0.00
2844 0.00
2845 0.00
2846 0.00
2847 0.00
2848 0.00
2849 0.00
2850 0.00
2851 0.00
2852 0.00
2853 0.00
2854 0.00
2855 0.00
2856 0.00
2857 0.00
2858 0.00
2859 0.00
2860 0.00
2861 0.00
2862 0.00
2863 0.00
2864 0.61
2865 4.62
2866 2.06
2867 2.05
2868 0.79
2869 0.97
2870 1.07
2871 1.71
2872 1.32
2873 3.10
2874 2.42
2875 2.34
2876 1.61
2877 9.48
2878 0.00
2879 0.00
2880 0.00
2881 0.00
2882 0.00
2883 0.00
2884 0.00
2885 0.00
2886 0.00
2887 0.00
2888 1.21
2889 3.49
2890 2.04
2891 1.44
2892 1.17
2893 1.21
2894 4.25
2895 2.05
2896 1.40
2897 1.32
2898 2.75
2899 1.49
2900 1.64
2901 10.96
2902 0.00
2903 0.00
2904 0.00
2905 0.00
2906 0.00
2907 0.00
2908 0.00
2909 0.00
2910 0.00
2911 0.00
2912 0.68
2913 2.72
2914 1.52
2915 0.97
2916 1.05
2917 1.89
2918 1.71
2919 1.18
2920 1.85
2921 1.06
2922 1.43
2923 1.19
2924 1.53
2925 6.79
2926 0.00
2927 0.00
2928 0.00
2929 0.00
2930 0.00
2931 0.00
2932 0.00
2933 0.00
2934 0.00
2935 0.00
2936 0.93
2937 1.52
2938 3.31
2939 1.24
2940 1.56
2941 1.28
2942 1.47
2943 1.50
2944 2.41
2945 1.58
2946 1.71
2947 0.79
2948 1.96
2949 3.83
2950 0.00
2951 0.00
2952 0.00
2953 0.00
2954 0.00
2955 0.00
2956 0.00
2957 0.00
2958 0.00
2959 0.00
2960 0.71
2961 2.67
2962 1.19
2963 1.66
2964 1.50
2965 1.24
2966 1.47
2967 1.54
2968 1.49
2969 1.85
2970 1.40
2971 1.24
2972 1.59
2973 5.81
2974 0.00
2975 0.00
2976 0.00
2977 0.00
2978 0.00
2979 0.00
2980 0.00
2981 0.00
2982 0.00
2983 0.00
2984 0.38
2985 6.67
2986 3.45
2987 3.12
2988 1.81
2989 1.89
2990 6.06
2991 2.05
2992 1.76
2993 2.23
2994 1.37
2995 3.19
2996 1.10
2997 9.52
2998 0.00
2999 0.00
3000 0.00
3001 0.00
3002 0.00
3003 0.00
3004 0.00
3005 0.00
3006 0.00
3007 0.00
3008 0.00
3009 0.00
3010 0.00
3011 0.00
3012 0.00
3013 0.00
3014 0.00
3015 0.00
3016 0.00
3017 0.00
3018 0.00
3019 0.00
3020 0.00
3021 0.00
3022 0.00
3023 0.00
3024 0.00
3025 0.00
3026 0.00
3027 0.00
3028 0.00
3029 0.00
3030 0.00
3031 0.00
3032 0.55
3033 1.39
3034 2.50
3035 1.42
3036 2.18
3037 2.37
3038 1.87
3039 1.22
3040 3.84
3041 2.56
3042 1.13
3043 1.60
3044 1.46
3045 3.52
3046 0.00
3047 0.00
3048 0.00
3049 0.00
3050 0.00
3051 0.00
3052 0.00
3053 0.00
3054 0.00
3055 0.00
3056 1.08
3057 1.32
3058 1.84
3059 1.50
3060 1.77
3061 1.72
3062 1.49
3063 2.03
3064 1.84
3065 1.68
3066 2.10
3067 1.68
3068 2.01
3069 8.50
3070 0.00
3071 0.00
3072 0.00
3073 0.00
3074 0.00
3075 0.00
3076 0.00
3077 0.00
3078 0.00
3079 0.00
3080 0.64
3081 2.40
3082 1.94
3083 1.75
3084 1.63
3085 1.13
3086 1.12
3087 1.56
3088 1.22
3089 1.29
3090 1.66
3091 2.71
3092 1.78
3093 6.38
3094 0.00
3095 0.00
3096 0.00
3097 0.00
3098 0.00
3099 0.00
3100 0.00
3101 0.00
3102 0.00
3103 0.00
3104 0.54
3105 2.34
3106 1.35
3107 1.96
3108 1.49
3109 1.88
3110 1.56
3111 1.75
3112 1.90
3113 1.24
3114 1.28
3115 1.79
3116 1.36
3117 5.36
3118 0.00
3119 0.00
3120 0.00
3121 0.00
3122 0.00
3123 0.00
3124 0.00
3125 0.00
3126 0.00
3127 0.00
3128 0.74
3129 2.27
3130 1.74
3131 1.70
3132 1.15
3133 1.49
3134 1.67
3135 1.68
3136 1.66
3137 1.96
3138 1.04
3139 1.70
3140 1.32
3141 4.27
3142 0.00
3143 0.00
3144 0.00
3145 0.00
3146 0.00
3147 0.00
3148 0.00
3149 0.00
3150 0.00
3151 0.00
3152 0.84
3153 2.72
3154 2.50
3155 3.03
3156 2.20
3157 1.40
3158 3.17
3159 2.31
3160 1.40
3161 3.69
3162 2.25
3163 2.58
3164 1.30
3165 7.03
3166 0.00
3167 0.00
3168 0.00
3169 0.00
3170 0.00
3171 0.00
3172 0.00
3173 0.00
3174 0.00
3175 0.00
3176 0.00
3177 0.00
3178 0.00
3179 0.00
3180 0.00
3181 0.00
3182 0.00
3183 0.00
3184 0.00
3185 0.00
3186 0.00
3187 0.00
3188 0.00
3189 0.00
3190 0.00
3191 0.00
3192 0.00
3193 0.00
3194 0.00
3195 0.00
3196 0.00
3197 0.00
3198 0.00
3199 0.00
3200 0.42
3201 5.94
3202 1.77
3203 1.36
3204 1.61
3205 1.93
3206 0.97
3207 1.65
3208 1.68
3209 1.35
3210 3.26
3211 2.65
3212 1.65
3213 2.61
3214 0.00
3215 0.00
3216 0.00
3217 0.00
3218 0.00
3219 0.00
3220 0.00
3221 0.00
3222 0.00
3223 0.00
3224 0.99
3225 3.02
3226 1.73
3227 0.53
3228 1.33
3229 1.41
3230 1.07
3231 2.10
3232 1.78
3233 1.20
3234 1.02
3235 1.64
3236 1.32
3237 2.41
3238 0.00
3239 0.00
3240 0.00
3241 0.00
3242 0.00
3243 0.00
3244 0.00
3245 0.00
3246 0.00
3247 0.00
3248 0.64
3249 2.92
3250 2.60
3251 1.54
3252 1.69
3253 1.47
3254 1.69
3255 2.09
3256 1.24
3257 1.43
3258 2.23
3259 1.41
3260 3.14
3261 10.67
3262 0.00
3263 0.00
3264 0.00
3265 0.00
3266 0.00
3267 0.00
3268 0.00
3269 0.00
3270 0.00
3271 0.00
3272 0.64
3273 2.99
3274 1.21
3275 1.30
3276 1.65
3277 1.15
3278 2.06
3279 1.30
3280 1.40
3281 1.92
3282 1.69
3283 1.33
3284 1.44
3285 2.46
3286 0.00
3287 0.00
3288 0.00
3289 0.00
3290 0.00
3291 0.00
3292 0.00
3293 0.00
3294 0.00
3295 0.00
3296 0.72
3297 4.52
3298 2.00
3299 1.45
3300 1.18
3301 1.29
3302 0.95
3303 1.56
3304 1.57
3305 1.05
3306 1.01
3307 1.08
3308 1.51
3309 4.50
3310 0.00
3311 0.00
3312 0.00
3313 0.00
3314 0.00
3315 0.00
3316 0.00
3317 0.00
3318 0.00
3319 0.00
3320 0.99
3321 3.83
3322 1.76
3323 1.36
3324 1.26
3325 1.47
3326 1.32
3327 1.37
3328 1.64
3329 1.84
3330 3.48
3331 1.87
3332 1.05
3333 48.65
3334 0.00
3335 0.00
3336 0.00
3337 0.00
3338 0.00
3339 0.00
3340 0.00
3341 0.00
3342 0.00
3343 0.00
3344 0.00
3345 0.00
3346 0.00
3347 0.00
3348 0.00
3349 0.00
3350 0.00
3351 0.00
3352 0.00
3353 0.00
3354 0.00
3355 0.00
3356 0.00
3357 0.00
3358 0.00
3359 0.00
3360 0.00
3361 0.00
3362 0.00
3363 0.00
3364 0.00
3365 0.00
3366 0.00
3367 0.00
3368 0.73
3369 3.18
3370 0.97
3371 1.11
3372 2.04
3373 1.87
3374 1.65
3375 1.57
3376 1.03
3377 2.08
3378 2.21
3379 2.15
3380 1.80
3381 8.41
3382 0.00
3383 0.00
3384 0.00
3385 0.00
3386 0.00
3387 0.00
3388 0.00
3389 0.00
3390 0.00
3391 0.00
3392 0.65
3393 2.36
3394 1.29
3395 2.83
3396 2.23
3397 1.34
3398 1.88
3399 1.53
3400 1.75
3401 1.76
3402 1.05
3403 1.47
3404 1.38
3405 7.02
3406 0.00
3407 0.00
3408 0.00
3409 0.00
3410 0.00
3411 0.00
3412 0.00
3413 0.00
3414 0.00
3415 0.00
3416 0.94
3417 1.84
3418 1.51
3419 1.47
3420 1.44
3421 1.94
3422 2.04
3423 1.88
3424 2.59
3425 2.37
3426 1.99
3427 1.75
3428 1.21
3429 4.84
3430 0.00
3431 0.00
3432 0.00
3433 0.00
3434 0.00
3435 0.00
3436 0.00
3437 0.00
3438 0.00
3439 0.00
3440 0.70
3441 1.95
3442 2.84
3443 1.46
3444 1.38
3445 1.13
3446 1.33
3447 1.61
3448 1.56
3449 2.06
3450 1.48
3451 1.95
3452 1.58
3453 7.12
3454 0.00
3455 0.00
3456 0.00
3457 0.00
3458 0.00
3459 0.00
3460 0.00
3461 0.00
3462 0.00
3463 0.00
3464 0.72
3465 5.23
3466 1.67
3467 2.48
3468 2.14
3469 1.74
3470 1.41
3471 1.67
3472 1.24
3473 1.78
3474 2.04
3475 1.78
3476 1.45
3477 4.95
3478 0.00
3479 0.00
3480 0.00
3481 0.00
3482 0.00
3483 0.00
3484 0.00
3485 0.00
3486 0.00
3487 0.00
3488 0.95
3489 1.96
3490 3.29
3491 3.01
3492 2.17
3493 2.14
3494 2.05
3495 2.06
3496 1.78
3497 1.92
3498 2.68
3499 1.88
3500 1.33
3501 3.98
3502 0.00
3503 0.00
3504 0.00
3505 0.00
3506 0.00
3507 0.00
3508 0.00
3509 0.00
3510 0.00
3511 0.00
3512 0.00
3513 0.00
3514 0.00
3515 0.00
3516 0.00
3517 0.00
3518 0.00
3519 0.00
3520 0.00
3521 0.00
3522 0.00
3523 0.00
3524 0.00
3525 0.00
3526 0.00
3527 0.00
3528 0.00
3529 0.00
3530 0.00
3531 0.00
3532 0.00
3533 0.00
3534 0.00
3535 0.00
3536 0.83
3537 3.66
3538 2.43
3539 1.88
3540 1.62
3541 2.13
3542 1.84
3543 2.54
3544 1.32
3545 2.96
3546 1.65
3547 1.06
3548 2.21
3549 16.80
3550 0.00
3551 0.00
3552 0.00
3553 0.00
3554 0.00
3555 0.00
3556 0.00
3557 0.00
3558 0.00
3559 0.00
3560 0.73
3561 2.69
3562 1.16
3563 0.81
3564 1.69
3565 1.50
3566 1.74
3567 1.43
3568 1.47
3569 1.53
3570 2.58
3571 1.66
3572 1.29
3573 0.00
3574 0.00
3575 0.00
3576 0.00
3577 0.00
3578 0.00
3579 0.00
3580 0.00
3581 0.00
3582 0.00
3583 0.00
3584 0.80
3585 2.99
3586 2.03
3587 2.50
3588 3.11
3589 1.84
3590 1.85
3591 1.89
3592 2.03
3593 1.86
3594 2.08
3595 1.40
3596 1.97
3597 2.17
3598 0.00
3599 0.00
3600 0.00
3601 0.00
3602 0.00
3603 0.00
3604 0.00
3605 0.00
3606 0.00
3607 0.00
3608 0.70
3609 2.06
3610 2.51
3611 1.65
3612 1.85
3613 1.37
3614 1.15
3615 1.96
3616 1.50
3617 2.36
3618 1.48
3619 2.35
3620 1.80
3621 4.02
3622 0.00
3623 0.00
3624 0.00
3625 0.00
3626 0.00
3627 0.00
3628 0.00
3629 0.00
3630 0.00
3631 0.00
3632 1.03
3633 2.50
3634 1.67
3635 1.66
3636 1.93
3637 2.48
3638 1.53
3639 2.63
3640 2.54
3641 2.39
3642 1.38
3643 1.55
3644 1.63
3645 11.78
3646 0.00
3647 0.00
3648 0.00
3649 0.00
3650 0.00
3651 0.00
3652 0.00
3653 0.00
3654 0.00
3655 0.00
3656 0.26
3657 5.12
3658 6.01
3659 1.78
3660 2.65
3661 1.78
3662 2.23
3663 3.57
3664 2.14
3665 1.66
3666 1.19
3667 1.34
3668 1.18
3669 23.68
3670 0.00
3671 0.00
3672 0.00
3673 0.00
3674 0.00
3675 0.00
3676 0.00
3677 0.00
3678 0.00
3679 0.00
3680 0.00
3681 0.00
3682 0.00
3683 0.00
3684 0.00
3685 0.00
3686 0.00
3687 0.00
3688 0.00
3689 0.00
3690 0.00
3691 0.00
3692 0.00
3693 0.00
3694 0.00
3695 0.00
3696 0.00
3697 0.00
3698 0.00
3699 0.00
3700 0.00
3701 0.00
3702 0.00
3703 0.00
3704 0.72
3705 2.80
3706 2.75
3707 2.25
3708 1.72
3709 1.26
3710 1.80
3711 2.85
3712 1.79
3713 2.24
3714 2.38
3715 1.67
3716 1.60
3717 7.31
3718 0.00
3719 0.00
3720 0.00
3721 0.00
3722 0.00
3723 0.00
3724 0.00
3725 0.00
3726 0.00
3727 0.00
3728 0.95
3729 3.08
3730 1.68
3731 1.47
3732 1.90
3733 1.56
3734 1.27
3735 1.89
3736 1.94
3737 1.43
3738 2.13
3739 1.48
3740 1.21
3741 15.84
3742 0.00
3743 0.00
3744 0.00
3745 0.00
3746 0.00
3747 0.00
3748 0.00
3749 0.00
3750 0.00
3751 0.00
3752 0.84
3753 1.75
3754 1.31
3755 2.03
3756 1.98
3757 1.36
3758 2.01
3759 1.65
3760 2.03
3761 1.58
3762 1.74
3763 1.56
3764 1.52
3765 3.53
3766 0.00
3767 0.00
3768 0.00
3769 0.00
3770 0.00
3771 0.00
3772 0.00
3773 0.00
3774 0.00
3775 0.00
3776 0.60
3777 1.05
3778 1.54
3779 2.15
3780 1.66
3781 1.99
3782 1.32
3783 1.84
3784 1.42
3785 2.33
3786 2.00
3787 1.51
3788 1.22
3789 2.52
3790 0.00
3791 0.00
3792 0.00
3793 0.00
3794 0.00
3795 0.00
3796 0.00
3797 0.00
3798 0.00
3799 0.00
3800 1.13
3801 3.38
3802 1.49
3803 1.75
3804 1.76
3805 2.18
3806 1.88
3807 1.48
3808 1.47
3809 1.30
3810 1.92
3811 1.85
3812 1.46
3813 5.07
3814 0.00
3815 0.00
3816 0.00
3817 0.00
3818 0.00
3819 0.00
3820 0.00
3821 0.00
3822 0.00
3823 0.00
3824 0.52
3825 8.69
3826 4.89
3827 3.96
3828 2.27
3829 3.31
3830 2.09
3831 1.98
3832 1.56
3833 2.44
3834 2.57
3835 2.56
3836 1.07
3837 0.00
3838 0.00
3839 0.00
3840 0.00
3841 0.00
3842 0.00
3843 0.00
3844 0.00
3845 0.00
3846 0.00
3847 0.00
3848 0.00
3849 0.00
3850 0.00
3851 0.00
3852 0.00
3853 0.00
3854 0.00
3855 0.00
3856 0.00
3857 0.00
3858 0.00
3859 0.00
3860 0.00
3861 0.00
3862 0.00
3863 0.00
3864 0.00
3865 0.00
3866 0.00
3867 0.00
3868 0.00
3869 0.00
3870 0.00
3871 0.00
3872 0.20
3873 6.04
3874 0.25
3875 0.00
3876 0.54
3877 3.13
3878 0.37
3879 0.31
3880 0.50
3881 1.59
3882 1.42
3883 2.41
3884 1.72
3885 17.06
3886 0.00
3887 0.00
3888 0.00
3889 0.00
3890 0.00
3891 0.00
3892 0.00
3893 0.00
3894 0.00
3895 0.00
3896 0.75
3897 3.97
3898 1.32
3899 1.29
3900 2.13
3901 1.99
3902 1.34
3903 1.95
3904 1.22
3905 1.92
3906 1.67
3907 1.47
3908 1.18
3909 0.00
3910 0.00
3911 0.00
3912 0.00
3913 0.00
3914 0.00
3915 0.00
3916 0.00
3917 0.00
3918 0.00
3919 0.00
3920 0.82
3921 3.43
3922 1.29
3923 1.59
3924 1.60
3925 1.25
3926 1.91
3927 2.12
3928 2.42
3929 2.19
3930 1.94
3931 1.77
3932 1.58
3933 2.33
3934 0.00
3935 0.00
3936 0.00
3937 0.00
3938 0.00
3939 0.00
3940 0.00
3941 0.00
3942 0.00
3943 0.00
3944 1.05
3945 2.28
3946 1.12
3947 1.54
3948 1.52
3949 1.71
3950 1.75
3951 1.28
3952 1.34
3953 2.04
3954 3.07
3955 1.24
3956 1.22
3957 10.49
3958 0.00
3959 0.00
3960 0.00
3961 0.00
3962 0.00
3963 0.00
3964 0.00
3965 0.00
3966 0.00
3967 0.00
3968 0.61
3969 4.40
3970 2.78
3971 2.32
3972 2.03
3973 3.64
3974 2.05
3975 2.06
3976 1.41
3977 1.86
3978 1.24
3979 1.29
3980 1.20
3981 12.10
3982 0.00
3983 0.00
3984 0.00
3985 0.00
3986 0.00
3987 0.00
3988 0.00
3989 0.00
3990 0.00
3991 0.00
3992 1.16
3993 1.92
3994 1.40
3995 1.79
3996 2.28
3997 2.39
3998 2.26
3999 2.48
4000 1.42
4001 6.00
4002 2.05
4003 1.56
4004 1.48
4005 2.67
4006 0.00
4007 0.00
4008 0.00
4009 0.00
4010 0.00
4011 0.00
4012 0.00
4013 0.00
4014 0.00
4015 0.00
4016 0.00
4017 0.00
4018 0.00
4019 0.00
4020 0.00
4021 0.00
4022 0.00
4023 0.00
4024 0.00
4025 0.00
4026 0.00
4027 0.00
4028 0.00
4029 0.00
4030 0.00
4031 0.00
4032 0.00
4033 0.00
4034 0.00
4035 0.00
4036 0.00
4037 0.00
4038 0.00
4039 0.00
4040 0.62
4041 2.20
4042 1.60
4043 1.64
4044 1.76
4045 1.64
4046 1.25
4047 1.46
4048 1.55
4049 8.07
4050 1.25
4051 2.39
4052 1.66
4053 7.97
4054 0.00
4055 0.00
4056 0.00
4057 0.00
4058 0.00
4059 0.00
4060 0.00
4061 0.00
4062 0.00
4063 0.00
4064 0.73
4065 2.55
4066 2.77
4067 1.58
4068 1.23
4069 1.36
4070 1.09
4071 1.08
4072 2.37
4073 2.45
4074 1.50
4075 1.50
4076 1.45
4077 4.47
4078 0.00
4079 0.00
4080 0.00
4081 0.00
4082 0.00
4083 0.00
4084 0.00
4085 0.00
4086 0.00
4087 0.00
4088 0.81
4089 2.51
4090 1.45
4091 1.30
4092 1.71
4093 2.14
4094 1.81
4095 1.48
4096 1.60
4097 1.79
4098 1.10
4099 1.81
4100 1.44
4101 5.92
4102 0.00
4103 0.00
4104 0.00
4105 0.00
4106 0.00
4107 0.00
4108 0.00
4109 0.00
4110 0.00
4111 0.00
4112 0.57
4113 2.21
4114 1.09
4115 0.98
4116 1.84
4117 1.43
4118 1.25
4119 1.28
4120 1.71
4121 2.27
4122 1.76
4123 1.83
4124 2.67
4125 6.57
4126 0.00
4127 0.00
4128 0.00
4129 0.00
4130 0.00
4131 0.00
4132 0.00
4133 0.00
4134 0.00
4135 0.00
4136 0.80
4137 2.83
4138 1.72
4139 1.48
4140 1.70
4141 1.89
4142 1.30
4143 1.18
4144 1.83
4145 1.87
4146 2.91
4147 2.11
4148 1.75
4149 0.00
4150 0.00
4151 0.00
4152 0.00
4153 0.00
4154 0.00
4155 0.00
4156 0.00
4157 0.00
4158 0.00
4159 0.00
4160 0.94
4161 2.44
4162 2.31
4163 2.09
4164 1.52
4165 1.98
4166 1.83
4167 1.65
4168 2.29
4169 1.67
4170 7.26
4171 4.14
4172 1.67
4173 0.00
4174 0.00
4175 0.00
4176 0.00
4177 0.00
4178 0.00
4179 0.00
4180 0.00
4181 0.00
4182 0.00
4183 0.00
4184 0.00
4185 0.00
4186 0.00
4187 0.00
4188 0.00
4189 0.00
4190 0.00
4191 0.00
4192 0.00
4193 0.00
4194 0.00
4195 0.00
4196 0.00
4197 0.00
4198 0.00
4199 0.00
4200 0.00
4201 0.00
4202 0.00
4203 0.00
4204 0.00
4205 0.00
4206 0.00
4207 0.00
4208 0.75
4209 3.58
4210 1.52
4211 1.31
4212 2.13
4213 1.00
4214 1.22
4215 1.67
4216 1.45
4217 1.77
4218 5.56
4219 2.73
4220 1.96
4221 7.35
4222 0.00
4223 0.00
4224 0.00
4225 0.00
4226 0.00
4227 0.00
4228 0.00
4229 0.00
4230 0.00
4231 0.00
4232 0.94
4233 3.78
4234 1.56
4235 1.76
4236 2.19
4237 1.17
4238 1.83
4239 1.73
4240 1.40
4241 2.43
4242 1.44
4243 2.06
4244 1.21
4245 11.70
4246 0.00
4247 0.00
4248 0.00
4249 0.00
4250 0.00
4251 0.00
4252 0.00
4253 0.00
4254 0.00
4255 0.00
4256 0.58
4257 1.49
4258 1.36
4259 1.22
4260 1.24
4261 1.59
4262 1.88
4263 1.16
4264 1.47
4265 1.47
4266 1.56
4267 1.53
4268 1.64
4269 2.87
4270 0.00
4271 0.00
4272 0.00
4273 0.00
4274 0.00
4275 0.00
4276 0.00
4277 0.00
4278 0.00
4279 0.00
4280 0.59
4281 2.57
4282 1.57
4283 1.26
4284 2.35
4285 1.51
4286 1.84
4287 1.82
4288 1.51
4289 1.43
4290 1.51
4291 1.85
4292 1.36
4293 3.62
4294 0.00
4295 0.00
4296 0.00
4297 0.00
4298 0.00
4299 0.00
4300 0.00
4301 0.00
4302 0.00
4303 0.00
4304 0.58
4305 2.52
4306 1.39
4307 1.79
4308 2.22
4309 1.46
4310 2.08
4311 1.62
4312 2.40
4313 1.52
4314 1.40
4315 1.78
4316 1.33
4317 7.76
4318 0.00
4319 0.00
4320 0.00
4321 0.00
4322 0.00
4323 0.00
4324 0.00
4325 0.00
4326 0.00
4327 0.00
4328 0.84
4329 8.13
4330 4.92
4331 3.80
4332 1.49
4333 2.92
4334 2.11
4335 1.34
4336 1.49
4337 2.27
4338 9.36
4339 3.30
4340 1.13
4341 7.84
4342 0.00
4343 0.00
4344 0.00
4345 0.00
4346 0.00
4347 0.00
4348 0.00
4349 0.00
4350 0.00
4351 0.00
4352 0.00
4353 0.00
4354 0.00
4355 0.00
4356 0.00
4357 0.00
4358 0.00
4359 0.00
4360 0.00
4361 0.00
4362 0.00
4363 0.00
4364 0.00
4365 0.00
4366 0.00
4367 0.00
4368 0.00
4369 0.00
4370 0.00
4371 0.00
4372 0.00
4373 0.00
4374 0.00
4375 0.00
4376 0.49
4377 3.03
4378 2.27
4379 1.34
4380 2.01
4381 1.78
4382 1.26
4383 1.38
4384 1.73
4385 2.18
4386 2.84
4387 2.62
4388 1.39
4389 0.00
4390 0.00
4391 0.00
4392 0.00
4393 0.00
4394 0.00
4395 0.00
4396 0.00
4397 0.00
4398 0.00
4399 0.00
4400 0.52
4401 2.28
4402 1.21
4403 1.88
4404 1.56
4405 1.68
4406 1.32
4407 1.08
4408 1.90
4409 2.40
4410 2.08
4411 1.46
4412 1.73
4413 0.00
4414 0.00
4415 0.00
4416 0.00
4417 0.00
4418 0.00
4419 0.00
4420 0.00
4421 0.00
4422 0.00
4423 0.00
4424 0.62
4425 2.17
4426 2.42
4427 1.20
4428 2.52
4429 1.55
4430 1.01
4431 1.78
4432 0.75
4433 1.27
4434 1.75
4435 1.18
4436 2.91
4437 4.48
4438 0.00
4439 0.00
4440 0.00
4441 0.00
4442 0.00
4443 0.00
4444 0.00
4445 0.00
4446 0.00
4447 0.00
4448 1.21
4449 3.03
4450 1.28
4451 2.30
4452 1.16
4453 1.38
4454 1.22
4455 1.52
4456 1.65
4457 1.59
4458 1.99
4459 1.59
4460 1.68
4461 5.55
4462 0.00
4463 0.00
4464 0.00
4465 0.00
4466 0.00
4467 0.00
4468 0.00
4469 0.00
4470 0.00
4471 0.00
4472 0.99
4473 1.47
4474 1.73
4475 1.52
4476 1.53
4477 2.60
4478 2.00
4479 1.67
4480 2.01
4481 1.26
4482 1.40
4483 1.33
4484 1.50
4485 4.10
4486 0.00
4487 0.00
4488 0.00
4489 0.00
4490 0.00
4491 0.00
4492 0.00
4493 0.00
4494 0.00
4495 0.00
4496 0.68
4497 5.50
4498 1.90
4499 2.01
4500 2.71
4501 2.14
4502 2.04
4503 1.20
4504 5.82
4505 4.87
4506 5.31
4507 2.13
4508 1.02
4509 9.29
4510 0.00
4511 0.00
4512 0.00
4513 0.00
4514 0.00
4515 0.00
4516 0.00
4517 0.00
4518 0.00
4519 0.00
4520 0.00
4521 0.00
4522 0.00
4523 0.00
4524 0.00
4525 0.00
4526 0.00
4527 0.00
4528 0.00
4529 0.00
4530 0.00
4531 0.00
4532 0.00
4533 0.00
4534 0.00
4535 0.00
4536 0.00
4537 0.00
4538 0.00
4539 0.00
4540 0.00
4541 0.00
4542 0.00
4543 0.00
4544 0.92
4545 2.24
4546 1.36
4547 1.92
4548 2.01
4549 0.65
4550 1.88
4551 1.81
4552 1.20
4553 2.98
4554 2.62
4555 2.13
4556 1.83
4557 5.11
4558 0.00
4559 0.00
4560 0.00
4561 0.00
4562 0.00
4563 0.00
4564 0.00
4565 0.00
4566 0.00
4567 0.00
4568 0.80
4569 1.85
4570 1.41
4571 1.10
4572 1.66
4573 1.67
4574 1.25
4575 1.93
4576 1.82
4577 2.15
4578 2.02
4579 2.09
4580 1.26
4581 10.88
4582 0.00
4583 0.00
4584 0.00
4585 0.00
4586 0.00
4587 0.00
4588 0.00
4589 0.00
4590 0.00
4591 0.00
4592 0.69
4593 1.87
4594 1.25
4595 1.41
4596 1.63
4597 1.13
4598 1.71
4599 1.28
4600 1.41
4601 1.32
4602 1.24
4603 1.66
4604 2.20
4605 10.91
4606 0.00
4607 0.00
4608 0.00
4609 0.00
4610 0.00
4611 0.00
4612 0.00
4613 0.00
4614 0.00
4615 0.00
4616 0.73
4617 2.27
4618 1.86
4619 1.37
4620 1.56
4621 1.57
4622 1.42
4623 1.28
4624 1.34
4625 1.42
4626 1.73
4627 1.28
4628 1.90
4629 3.43
4630 0.00
4631 0.00
4632 0.00
4633 0.00
4634 0.00
4635 0.00
4636 0.00
4637 0.00
4638 0.00
4639 0.00
4640 1.15
4641 2.34
4642 1.07
4643 2.44
4644 1.52
4645 1.69
4646 1.26
4647 1.59
4648 1.50
4649 1.62
4650 2.14
4651 2.10
4652 2.15
4653 3.05
4654 0.00
4655 0.00
4656 0.00
4657 0.00
4658 0.00
4659 0.00
4660 0.00
4661 0.00
4662 0.00
4663 0.00
4664 0.55
4665 2.29
4666 1.35
4667 2.53
4668 2.57
4669 1.88
4670 1.74
4671 2.22
4672 1.07
4673 1.75
4674 6.21
4675 1.44
4676 1.40
4677 6.62
4678 0.00
4679 0.00
4680 0.00
4681 0.00
4682 0.00
4683 0.00
4684 0.00
4685 0.00
4686 0.00
4687 0.00
4688 0.00
4689 0.00
4690 0.00
4691 0.00
4692 0.00
4693 0.00
4694 0.00
4695 0.00
4696 0.00
4697 0.00
4698 0.00
4699 0.00
4700 0.00
4701 0.00
4702 0.00
4703 0.00
4704 0.00
4705 0.00
4706 0.00
4707 0.00
4708 0.00
4709 0.00
4710 0.00
4711 0.00
4712 0.49
4713 3.48
4714 2.13
4715 2.10
4716 1.46
4717 1.64
4718 1.36
4719 3.94
4720 1.41
4721 2.22
4722 1.64
4723 2.02
4724 2.03
4725 3.77
4726 0.00
4727 0.00
4728 0.00
4729 0.00
4730 0.00
4731 0.00
4732 0.00
4733 0.00
4734 0.00
4735 0.00
4736 0.85
4737 4.80
4738 2.81
4739 1.65
4740 1.66
4741 1.82
4742 1.21
4743 1.74
4744 2.22
4745 1.71
4746 2.44
4747 1.46
4748 1.30
4749 9.11
4750 0.00
4751 0.00
4752 0.00
4753 0.00
4754 0.00
4755 0.00
4756 0.00
4757 0.00
4758 0.00
4759 0.00
4760 0.81
4761 3.79
4762 2.15
4763 2.01
4764 2.24
4765 1.80
4766 1.96
4767 1.88
4768 1.97
4769 1.81
4770 2.95
4771 1.52
4772 1.98
4773 5.77
4774 0.00
4775 0.00
4776 0.00
4777 0.00
4778 0.00
4779 0.00
4780 0.00
4781 0.00
4782 0.00
4783 0.00
4784 0.63
4785 2.78
4786 2.27
4787 1.36
4788 2.83
4789 2.13
4790 1.51
4791 1.23
4792 1.43
4793 2.70
4794 1.26
4795 1.23
4796 1.70
4797 6.86
4798 0.00
4799 0.00
4800 0.00
4801 0.00
4802 0.00
4803 0.00
4804 0.00
4805 0.00
4806 0.00
4807 0.00
4808 0.96
4809 2.36
4810 1.49
4811 2.49
4812 1.80
4813 1.23
4814 1.31
4815 1.56
4816 1.43
4817 2.34
4818 1.50
4819 1.33
4820 1.30
4821 2.03
4822 0.00
4823 0.00
4824 0.00
4825 0.00
4826 0.00
4827 0.00
4828 0.00
4829 0.00
4830 0.00
4831 0.00
4832 0.90
4833 5.75
4834 1.63
4835 1.38
4836 1.83
4837 3.13
4838 1.44
4839 1.53
4840 2.38
4841 4.84
4842 6.20
4843 2.13
4844 1.26
4845 2.64
4846 0.00
4847 0.00
4848 0.00
4849 0.00
4850 0.00
4851 0.00
4852 0.00
4853 0.00
4854 0.00
4855 0.00
4856 0.00
4857 0.00
4858 0.00
4859 0.00
4860 0.00
4861 0.00
4862 0.00
4863 0.00
4864 0.00
4865 0.00
4866 0.00
4867 0.00
4868 0.00
4869 0.00
4870 0.00
4871 0.00
4872 0.00
4873 0.00
4874 0.00
4875 0.00
4876 0.00
4877 0.00
4878 0.00
4879 0.00
4880 0.87
4881 1.70
4882 1.18
4883 1.44
4884 1.71
4885 0.77
4886 1.41
4887 2.07
4888 1.51
4889 2.41
4890 2.77
4891 2.20
4892 1.82
4893 4.52
4894 0.00
4895 0.00
4896 0.00
4897 0.00
4898 0.00
4899 0.00
4900 0.00
4901 0.00
4902 0.00
4903 0.00
4904 0.73
4905 1.73
4906 1.69
4907 1.08
4908 0.95
4909 1.88
4910 2.10
4911 1.70
4912 1.73
4913 2.86
4914 1.01
4915 1.48
4916 1.52
4917 13.43
4918 0.00
4919 0.00
4920 0.00
4921 0.00
4922 0.00
4923 0.00
4924 0.00
4925 0.00
4926 0.00
4927 0.00
4928 0.82
4929 1.39
4930 1.39
4931 1.47
4932 2.06
4933 1.58
4934 1.84
4935 1.50
4936 2.07
4937 2.15
4938 1.06
4939 0.89
4940 1.51
4941 5.74
4942 0.00
4943 0.00
4944 0.00
4945 0.00
4946 0.00
4947 0.00
4948 0.00
4949 0.00
4950 0.00
4951 0.00
4952 0.80
4953 3.44
4954 1.33
4955 1.77
4956 1.21
4957 0.98
4958 2.29
4959 1.37
4960 1.17
4961 2.56
4962 1.39
4963 2.28
4964 1.69
4965 7.07
4966 0.00
4967 0.00
4968 0.00
4969 0.00
4970 0.00
4971 0.00
4972 0.00
4973 0.00
4974 0.00
4975 0.00
4976 0.71
4977 2.60
4978 1.30
4979 1.56
4980 1.59
4981 1.51
4982 0.90
4983 1.96
4984 2.39
4985 1.52
4986 1.01
4987 1.71
4988 1.21
4989 0.00
4990 0.00
4991 0.00
4992 0.00
4993 0.00
4994 0.00
4995 0.00
4996 0.00
4997 0.00
4998 0.00
4999 0.00
5000 0.97
5001 4.41
5002 1.23
5003 2.34
5004 1.72
5005 1.88
5006 1.80
5007 1.49
5008 1.18
5009 2.52
5010 1.65
5011 2.43
5012 1.89
5013 5.73
5014 0.00
5015 0.00
5016 0.00
5017 0.00
5018 0.00
5019 0.00
5020 0.00
5021 0.00
5022 0.00
5023 0.00
5024 0.00
5025 0.00
5026 0.00
5027 0.00
5028 0.00
5029 0.00
5030 0.00
5031 0.00
5032 0.00
5033 0.00
5034 0.00
5035 0.00
5036 0.00
5037 0.00
5038 0.00
5039 0.00
5040 0.00
5041 0.00
5042 0.00
5043 0.00
5044 0.00
5045 0.00
5046 0.00
5047 0.00
5048 0.77
5049 2.24
5050 1.44
5051 1.13
5052 2.24
5053 2.13
5054 1.68
5055 2.05
5056 1.61
5057 1.98
5058 2.72
5059 1.81
5060 1.71
5061 3.83
5062 0.00
5063 0.00
5064 0.00
5065 0.00
5066 0.00
5067 0.00
5068 0.00
5069 0.00
5070 0.00
5071 0.00
5072 0.91
5073 1.39
5074 1.77
5075 2.51
5076 0.99
5077 1.14
5078 1.45
5079 1.89
5080 1.66
5081 1.89
5082 1.94
5083 1.15
5084 1.35
5085 17.73
5086 0.00
5087 0.00
5088 0.00
5089 0.00
5090 0.00
5091 0.00
5092 0.00
5093 0.00
5094 0.00
5095 0.00
5096 0.87
5097 1.77
5098 1.26
5099 1.32
5100 2.10
5101 1.46
5102 2.09
5103 1.11
5104 1.16
5105 1.63
5106 1.71
5107 1.66
5108 1.39
5109 2.70
5110 0.00
5111 0.00
5112 0.00
5113 0.00
5114 0.00
5115 0.00
5116 0.00
5117 0.00
5118 0.00
5119 0.00
5120 0.72
5121 2.92
5122 0.84
5123 1.96
5124 2.04
5125 1.14
5126 1.42
5127 1.67
5128 1.28
5129 1.46
5130 2.09
5131 1.61
5132 1.22
5133 4.44
5134 0.00
5135 0.00
5136 0.00
5137 0.00
5138 0.00
5139 0.00
5140 0.00
5141 0.00
5142 0.00
5143 0.00
5144 0.94
5145 3.20
5146 1.37
5147 1.36
5148 1.23
5149 1.15
5150 1.67
5151 3.01
5152 1.65
5153 1.49
5154 1.98
5155 2.78
5156 1.45
5157 2.55
5158 0.00
5159 0.00
5160 0.00
5161 0.00
5162 0.00
5163 0.00
5164 0.00
5165 0.00
5166 0.00
5167 0.00
5168 0.55
5169 4.16
5170 0.95
5171 2.93
5172 1.59
5173 2.55
5174 1.16
5175 1.72
5176 3.27
5177 3.75
5178 2.37
5179 3.19
5180 1.28
5181 0.00
5182 0.00
5183 0.00
5184 0.00
5185 0.00
5186 0.00
5187 0.00
5188 0.00
5189 0.00
5190 0.00
5191 0.00
5192 0.00
5193 0.00
5194 0.00
5195 0.00
5196 0.00
5197 0.00
5198 0.00
5199 0.00
5200 0.00
5201 0.00
5202 0.00
5203 0.00
5204 0.00
5205 0.00
5206 0.00
5207 0.00
5208 0.00
5209 0.00
5210 0.00
5211 0.00
5212 0.00
5213 0.00
5214 0.00
5215 0.00
5216 0.56
5217 1.85
5218 1.84
5219 1.67
5220 2.27
5221 1.91
5222 1.82
5223 1.22
5224 1.35
5225 1.68
5226 1.75
5227 2.75
5228 1.92
5229 9.65
5230 0.00
5231 0.00
5232 0.00
5233 0.00
5234 0.00
5235 0.00
5236 0.00
5237 0.00
5238 0.00
5239 0.00
5240 0.56
5241 1.92
5242 1.57
5243 0.95
5244 1.91
5245 1.56
5246 1.19
5247 2.35
5248 1.63
5249 1.36
5250 1.73
5251 1.84
5252 1.17
5253 5.42
5254 0.00
5255 0.00
5256 0.00
5257 0.00
5258 0.00
5259 0.00
5260 0.00
5261 0.00
5262 0.00
5263 0.00
5264 0.91
5265 1.73
5266 2.08
5267 1.90
5268 1.27
5269 3.30
5270 1.17
5271 1.48
5272 2.01
5273 2.22
5274 1.08
5275 0.99
5276 1.35
5277 3.48
5278 0.00
5279 0.00
5280 0.00
5281 0.00
5282 0.00
5283 0.00
5284 0.00
5285 0.00
5286 0.00
5287 0.00
5288 1.02
5289 0.91
5290 1.98
5291 3.17
5292 1.63
5293 1.51
5294 1.06
5295 1.92
5296 1.95
5297 2.53
5298 2.31
5299 1.78
5300 1.48
5301 9.79
5302 0.00
5303 0.00
5304 0.00
5305 0.00
5306 0.00
5307 0.00
5308 0.00
5309 0.00
5310 0.00
5311 0.00
5312 0.59
5313 1.72
5314 1.24
5315 1.23
5316 1.42
5317 1.60
5318 1.39
5319 1.64
5320 1.37
5321 1.14
5322 2.86
5323 1.33
5324 1.41
5325 6.20
5326 0.00
5327 0.00
5328 0.00
5329 0.00
5330 0.00
5331 0.00
5332 0.00
5333 0.00
5334 0.00
5335 0.00
5336 0.39
5337 11.57
5338 3.31
5339 1.74
5340 2.59
5341 1.81
5342 1.88
5343 3.26
5344 1.79
5345 2.39
5346 4.47
5347 3.18
5348 1.55
5349 3.57
5350 0.00
5351 0.00
5352 0.00
5353 0.00
5354 0.00
5355 0.00
5356 0.00
5357 0.00
5358 0.00
5359 0.00
5360 0.00
5361 0.00
5362 0.00
5363 0.00
5364 0.00
5365 0.00
5366 0.00
5367 0.00
5368 0.00
5369 0.00
5370 0.00
5371 0.00
5372 0.00
5373 0.00
5374 0.00
5375 0.00
5376 0.00
5377 0.00
5378 0.00
5379 0.00
5380 0.00
5381 0.00
5382 0.00
5383 0.00
5384 0.56
5385 1.42
5386 6.05
5387 1.15
5388 1.45
5389 2.97
5390 1.55
5391 1.45
5392 1.77
5393 2.70
5394 2.58
5395 2.92
5396 2.44
5397 6.35
5398 0.00
5399 0.00
5400 0.00
5401 0.00
5402 0.00
5403 0.00
5404 0.00
5405 0.00
5406 0.00
5407 0.00
5408 0.92
5409 2.00
5410 2.67
5411 1.53
5412 1.05
5413 1.17
5414 1.33
5415 1.77
5416 1.92
5417 1.85
5418 1.83
5419 0.97
5420 1.34
5421 2.01
5422 0.00
5423 0.00
5424 0.00
5425 0.00
5426 0.00
5427 0.00
5428 0.00
5429 0.00
5430 0.00
5431 0.00
5432 0.69
5433 2.56
5434 1.71
5435 2.03
5436 1.30
5437 1.90
5438 1.62
5439 3.22
5440 1.58
5441 2.58
5442 2.39
5443 1.14
5444 2.39
5445 13.01
5446 0.00
5447 0.00
5448 0.00
5449 0.00
5450 0.00
5451 0.00
5452 0.00
5453 0.00
5454 0.00
5455 0.00
5456 0.94
5457 5.00
5458 2.04
5459 1.40
5460 1.25
5461 1.20
5462 1.64
5463 1.35
5464 1.57
5465 3.35
5466 2.37
5467 1.17
5468 1.53
5469 4.95
5470 0.00
5471 0.00
5472 0.00
5473 0.00
5474 0.00
5475 0.00
5476 0.00
5477 0.00
5478 0.00
5479 0.00
5480 1.24
5481 4.32
5482 2.88
5483 1.61
5484 2.20
5485 1.49
5486 1.51
5487 1.86
5488 1.56
5489 2.42
5490 1.34
5491 1.80
5492 1.24
5493 0.00
5494 0.00
5495 0.00
5496 0.00
5497 0.00
5498 0.00
5499 0.00
5500 0.00
5501 0.00
5502 0.00
5503 0.00
5504 1.30
5505 4.84
5506 2.40
5507 1.77
5508 1.57
5509 1.28
5510 1.25
5511 1.62
5512 2.44
5513 2.53
5514 1.89
5515 2.82
5516 1.43
5517 41.86
5518 0.00
5519 0.00
5520 0.00
5521 0.00
5522 0.00
5523 0.00
5524 0.00
5525 0.00
5526 0.00
5527 0.00
5528 0.00
5529 0.00
5530 0.00
5531 0.00
5532 0.00
5533 0.00
5534 0.00
5535 0.00
5536 0.00
5537 0.00
5538 0.00
5539 0.00
5540 0.00
5541 0.00
5542 0.00
5543 0.00
5544 0.00
5545 0.00
5546 0.00
5547 0.00
5548 0.00
5549 0.00
5550 0.00
5551 0.00
5552 0.67
5553 2.14
5554 2.27
5555 2.28
5556 1.78
5557 2.04
5558 2.44
5559 1.71
5560 2.34
5561 2.42
5562 4.31
5563 2.56
5564 1.43
5565 14.73
5566 0.00
5567 0.00
5568 0.00
5569 0.00
5570 0.00
5571 0.00
5572 0.00
5573 0.00
5574 0.00
5575 0.00
5576 0.53
5577 2.77
5578 1.78
5579 1.25
5580 1.81
5581 1.76
5582 1.54
5583 1.49
5584 1.52
5585 3.24
5586 1.26
5587 2.05
5588 1.26
5589 3.38
5590 0.00
5591 0.00
5592 0.00
5593 0.00
5594 0.00
5595 0.00
5596 0.00
5597 0.00
5598 0.00
5599 0.00
5600 0.88
5601 2.15
5602 1.57
5603 1.06
5604 1.34
5605 1.79
5606 1.31
5607 1.65
5608 1.69
5609 1.68
5610 1.86
5611 1.42
5612 2.52
5613 13.16
5614 0.00
5615 0.00
5616 0.00
5617 0.00
5618 0.00
5619 0.00
5620 0.00
5621 0.00
5622 0.00
5623 0.00
5624 0.71
5625 1.30
5626 1.48
5627 1.24
5628 1.46
5629 1.75
5630 1.10
5631 2.38
5632 1.64
5633 1.86
5634 1.55
5635 1.37
5636 1.81
5637 9.30
5638 0.00
5639 0.00
5640 0.00
5641 0.00
5642 0.00
5643 0.00
5644 0.00
5645 0.00
5646 0.00
5647 0.00
5648 1.15
5649 2.47
5650 3.23
5651 1.12
5652 3.14
5653 1.07
5654 1.49
5655 2.16
5656 2.53
5657 1.57
5658 1.26
5659 1.51
5660 1.26
5661 5.95
5662 0.00
5663 0.00
5664 0.00
5665 0.00
5666 0.00
5667 0.00
5668 0.00
5669 0.00
5670 0.00
5671 0.00
5672 0.50
5673 1.57
5674 2.76
5675 1.33
5676 1.43
5677 1.75
5678 2.10
5679 1.69
5680 1.22
5681 1.91
5682 2.00
5683 1.34
5684 2.24
5685 4.02
5686 0.00
5687 0.00
5688 0.00
5689 0.00
5690 0.00
5691 0.00
5692 0.00
5693 0.00
5694 0.00
5695 0.00
5696 0.00
5697 0.00
5698 0.00
5699 0.00
5700 0.00
5701 0.00
5702 0.00
5703 0.00
5704 0.00
5705 0.00
5706 0.00
5707 0.00
5708 0.00
5709 0.00
5710 0.00
5711 0.00
5712 0.00
5713 0.00
5714 0.00
5715 0.00
5716 0.00
5717 0.00
5718 0.00
5719 0.00
5720 0.76
5721 4.40
5722 1.58
5723 1.64
5724 1.16
5725 1.68
5726 2.20
5727 1.43
5728 1.41
5729 1.68
5730 2.41
5731 3.24
5732 2.49
5733 15.29
5734 0.00
5735 0.00
5736 0.00
5737 0.00
5738 0.00
5739 0.00
5740 0.00
5741 0.00
5742 0.00
5743 0.00
5744 0.99
5745 2.54
5746 3.15
5747 1.43
5748 1.39
5749 1.60
5750 1.19
5751 2.45
5752 1.61
5753 2.22
5754 1.34
5755 1.62
5756 2.60
5757 8.21
5758 0.00
5759 0.00
5760 0.00
5761 0.00
5762 0.00
5763 0.00
5764 0.00
5765 0.00
5766 0.00
5767 0.00
5768 0.81
5769 4.58
5770 1.53
5771 2.11
5772 1.54
5773 1.21
5774 1.77
5775 2.14
5776 1.81
5777 3.15
5778 2.55
5779 1.54
5780 2.41
5781 6.22
5782 0.00
5783 0.00
5784 0.00
5785 0.00
5786 0.00
5787 0.00
5788 0.00
5789 0.00
5790 0.00
5791 0.00
5792 0.89
5793 1.96
5794 1.99
5795 1.60
5796 1.34
5797 1.47
5798 1.51
5799 1.59
5800 1.47
5801 1.39
5802 2.21
5803 2.35
5804 1.86
5805 6.53
5806 0.00
5807 0.00
5808 0.00
5809 0.00
5810 0.00
5811 0.00
5812 0.00
5813 0.00
5814 0.00
5815 0.00
5816 0.91
5817 2.06
5818 1.49
5819 1.29
5820 1.80
5821 1.58
5822 1.26
5823 1.96
5824 1.56
5825 2.16
5826 1.35
5827 1.73
5828 1.19
5829 14.40
5830 0.00
5831 0.00
5832 0.00
5833 0.00
5834 0.00
5835 0.00
5836 0.00
5837 0.00
5838 0.00
5839 0.00
5840 0.67
5841 5.38
5842 4.94
5843 1.75
5844 2.75
5845 1.81
5846 1.73
5847 2.28
5848 2.47
5849 4.74
5850 5.58
5851 2.34
5852 1.18
5853 3.19
5854 0.00
5855 0.00
5856 0.00
5857 0.00
5858 0.00
5859 0.00
5860 0.00
5861 0.00
5862 0.00
5863 0.00
5864 0.00
5865 0.00
5866 0.00
5867 0.00
5868 0.00
5869 0.00
5870 0.00
5871 0.00
5872 0.00
5873 0.00
5874 0.00
5875 0.00
5876 0.00
5877 0.00
5878 0.00
5879 0.00
5880 0.00
5881 0.00
5882 0.00
5883 0.00
5884 0.00
5885 0.00
5886 0.00
5887 0.00
5888 0.69
5889 2.08
5890 3.01
5891 1.31
5892 1.75
5893 1.80
5894 2.20
5895 1.28
5896 1.59
5897 2.09
5898 2.34
5899 1.47
5900 1.62
5901 3.82
5902 0.00
5903 0.00
5904 0.00
5905 0.00
5906 0.00
5907 0.00
5908 0.00
5909 0.00
5910 0.00
5911 0.00
5912 0.83
5913 3.46
5914 1.73
5915 1.02
5916 1.45
5917 1.70
5918 1.37
5919 1.83
5920 1.91
5921 2.91
5922 1.51
5923 1.90
5924 1.72
5925 5.65
5926 0.00
5927 0.00
5928 0.00
5929 0.00
5930 0.00
5931 0.00
5932 0.00
5933 0.00
5934 0.00
5935 0.00
5936 0.61
5937 2.39
5938 1.87
5939 1.72
5940 1.42
5941 2.30
5942 1.74
5943 1.61
5944 1.58
5945 2.67
5946 1.52
5947 1.83
5948 1.47
5949 14.01
5950 0.00
5951 0.00
5952 0.00
5953 0.00
5954 0.00
5955 0.00
5956 0.00
5957 0.00
5958 0.00
5959 0.00
5960 0.83
5961 1.80
5962 2.61
5963 1.64
5964 1.47
5965 1.02
5966 1.65
5967 1.55
5968 2.02
5969 1.55
5970 2.08
5971 1.69
5972 1.67
5973 6.83
5974 0.00
5975 0.00
5976 0.00
5977 0.00
5978 0.00
5979 0.00
5980 0.00
5981 0.00
5982 0.00
5983 0.00
5984 1.08
5985 2.06
5986 1.54
5987 0.98
5988 1.07
5989 1.23
5990 1.56
5991 1.88
5992 2.12
5993 1.51
5994 1.76
5995 2.37
5996 1.56
5997 4.28
5998 0.00
5999 0.00
6000 0.00
6001 0.00
6002 0.00
6003 0.00
6004 0.00
6005 0.00
6006 0.00
6007 0.00
6008 0.46
6009 5.21
6010 1.37
6011 1.56
6012 1.87
6013 1.81
6014 2.84
6015 1.38
6016 2.64
6017 3.06
6018 3.92
6019 2.17
6020 1.35
6021 10.26
6022 0.00
6023 0.00
6024 0.00
6025 0.00
6026 0.00
6027 0.00
6028 0.00
6029 0.00
6030 0.00
6031 0.00
6032 0.00
6033 0.00
6034 0.00
6035 0.00
6036 0.00
6037 0.00
6038 0.00
6039 0.00
6040 0.00
6041 0.00
6042 0.00
6043 0.00
6044 0.00
6045 0.00
6046 0.00
6047 0.00
6048 0.00
6049 0.00
6050 0.00
6051 0.00
6052 0.00
6053 0.00
6054 0.00
6055 0.00
6056 0.74
6057 2.78
6058 1.92
6059 2.10
6060 1.86
6061 1.34
6062 1.31
6063 1.29
6064 2.31
6065 1.82
6066 2.94
6067 3.54
6068 3.30
6069 14.49
6070 0.00
6071 0.00
6072 0.00
6073 0.00
6074 0.00
6075 0.00
6076 0.00
6077 0.00
6078 0.00
6079 0.00
6080 0.84
6081 1.25
6082 1.17
6083 1.68
6084 2.17
6085 1.74
6086 1.21
6087 1.50
6088 2.16
6089 1.76
6090 1.27
6091 1.67
6092 1.95
6093 40.76
6094 0.00
6095 0.00
6096 0.00
6097 0.00
6098 0.00
6099 0.00
6100 0.00
6101 0.00
6102 0.00
6103 0.00
6104 0.61
6105 1.68
6106 1.91
6107 1.11
6108 1.57
6109 2.58
6110 1.09
6111 1.37
6112 2.15
6113 1.77
6114 1.58
6115 1.54
6116 1.70
6117 5.07
6118 0.00
6119 0.00
6120 0.00
6121 0.00
6122 0.00
6123 0.00
6124 0.00
6125 0.00
6126 0.00
6127 0.00
6128 0.97
6129 2.66
6130 1.93
6131 1.05
6132 1.70
6133 1.74
6134 1.13
6135 1.63
6136 1.17
6137 1.31
6138 1.02
6139 2.95
6140 2.28
6141 4.02
6142 0.00
6143 0.00
6144 0.00
6145 0.00
6146 0.00
6147 0.00
6148 0.00
6149 0.00
6150 0.00
6151 0.00
6152 1.06
6153 2.44
6154 1.78
6155 1.36
6156 1.45
6157 1.53
6158 1.13
6159 1.46
6160 1.98
6161 1.51
6162 1.99
6163 1.57
6164 1.79
6165 2.47
6166 0.00
6167 0.00
6168 0.00
6169 0.00
6170 0.00
6171 0.00
6172 0.00
6173 0.00
6174 0.00
6175 0.00
6176 0.59
6177 1.43
6178 3.25
6179 1.74
6180 2.85
6181 2.38
6182 1.79
6183 1.96
6184 2.47
6185 1.69
6186 2.49
6187 2.43
6188 1.37
6189 5.64
6190 0.00
6191 0.00
6192 0.00
6193 0.00
6194 0.00
6195 0.00
6196 0.00
6197 0.00
6198 0.00
6199 0.00
6200 0.00
6201 0.00
6202 0.00
6203 0.00
6204 0.00
6205 0.00
6206 0.00
6207 0.00
6208 0.00
6209 0.00
6210 0.00
6211 0.00
6212 0.00
6213 0.00
6214 0.00
6215 0.00
6216 0.00
6217 0.00
6218 0.00
6219 0.00
6220 0.00
6221 0.00
6222 0.00
6223 0.00
6224 1.49
6225 2.29
6226 3.02
6227 1.54
6228 1.14
6229 1.90
6230 1.93
6231 1.72
6232 1.59
6233 3.33
6234 4.22
6235 1.88
6236 2.41
6237 13.48
6238 0.00
6239 0.00
6240 0.00
6241 0.00
6242 0.00
6243 0.00
6244 0.00
6245 0.00
6246 0.00
6247 0.00
6248 0.88
6249 4.19
6250 2.30
6251 1.24
6252 1.87
6253 1.19
6254 1.25
6255 1.66
6256 2.09
6257 2.86
6258 2.32
6259 1.93
6260 1.31
6261 9.47
6262 0.00
6263 0.00
6264 0.00
6265 0.00
6266 0.00
6267 0.00
6268 0.00
6269 0.00
6270 0.00
6271 0.00
6272 0.85
6273 3.03
6274 2.55
6275 0.66
6276 1.10
6277 1.34
6278 1.18
6279 1.33
6280 2.34
6281 2.26
6282 1.13
6283 1.18
6284 2.31
6285 16.70
6286 0.00
6287 0.00
6288 0.00
6289 0.00
6290 0.00
6291 0.00
6292 0.00
6293 0.00
6294 0.00
6295 0.00
6296 0.87
6297 2.53
6298 1.27
6299 1.67
6300 2.15
6301 1.48
6302 1.46
6303 1.48
6304 2.23
6305 2.84
6306 1.10
6307 1.25
6308 1.12
6309 2.53
6310 0.00
6311 0.00
6312 0.00
6313 0.00
6314 0.00
6315 0.00
6316 0.00
6317 0.00
6318 0.00
6319 0.00
6320 1.09
6321 2.95
6322 2.46
6323 1.54
6324 1.40
6325 1.33
6326 1.86
6327 1.35
6328 1.03
6329 1.27
6330 1.45
6331 1.34
6332 1.37
6333 0.00
6334 0.00
6335 0.00
6336 0.00
6337 0.00
6338 0.00
6339 0.00
6340 0.00
6341 0.00
6342 0.00
6343 0.00
6344 0.99
6345 10.52
6346 2.65
6347 4.28
6348 5.31
6349 1.58
6350 3.72
6351 1.65
6352 3.04
6353 5.20
6354 2.13
6355 2.21
6356 1.34
6357 4.41
6358 0.00
6359 0.00
6360 0.00
6361 0.00
6362 0.00
6363 0.00
6364 0.00
6365 0.00
6366 0.00
6367 0.00
6368 0.00
6369 0.00
6370 0.00
6371 0.00
6372 0.00
6373 0.00
6374 0.00
6375 0.00
6376 0.00
6377 0.00
6378 0.00
6379 0.00
6380 0.00
6381 0.00
6382 0.00
6383 0.00
6384 0.00
6385 0.00
6386 0.00
6387 0.00
6388 0.00
6389 0.00
6390 0.00
6391 0.00
6392 0.59
6393 3.07
6394 2.53
6395 2.06
6396 2.96
6397 3.13
6398 2.60
6399 1.78
6400 4.47
6401 2.44
6402 1.49
6403 2.26
6404 2.68
6405 9.42
6406 0.00
6407 0.00
6408 0.00
6409 0.00
6410 0.00
6411 0.00
6412 0.00
6413 0.00
6414 0.00
6415 0.00
6416 0.80
6417 3.98
6418 2.15
6419 1.82
6420 1.91
6421 1.54
6422 1.36
6423 2.17
6424 1.82
6425 1.14
6426 1.76
6427 2.05
6428 1.63
6429 9.30
6430 0.00
6431 0.00
6432 0.00
6433 0.00
6434 0.00
6435 0.00
6436 0.00
6437 0.00
6438 0.00
6439 0.00
6440 0.83
6441 1.12
6442 2.85
6443 1.63
6444 1.48
6445 1.51
6446 1.64
6447 1.48
6448 1.29
6449 2.10
6450 1.40
6451 1.23
6452 1.36
6453 6.21
6454 0.00
6455 0.00
6456 0.00
6457 0.00
6458 0.00
6459 0.00
6460 0.00
6461 0.00
6462 0.00
6463 0.00
6464 0.87
6465 1.93
6466 1.51
6467 2.46
6468 1.41
6469 1.76
6470 2.58
6471 1.52
6472 2.62
6473 1.25
6474 1.18
6475 1.77
6476 1.21
6477 9.07
6478 0.00
6479 0.00
6480 0.00
6481 0.00
6482 0.00
6483 0.00
6484 0.00
6485 0.00
6486 0.00
6487 0.00
6488 0.85
6489 2.22
6490 2.48
6491 1.43
6492 1.47
6493 1.27
6494 1.20
6495 1.47
6496 2.10
6497 1.17
6498 1.21
6499 1.44
6500 1.46
6501 4.42
6502 0.00
6503 0.00
6504 0.00
6505 0.00
6506 0.00
6507 0.00
6508 0.00
6509 0.00
6510 0.00
6511 0.00
6512 0.44
6513 2.58
6514 3.23
6515 1.74
6516 3.02
6517 13.12
6518 7.34
6519 5.78
6520 2.89
6521 2.80
6522 4.58
6523 5.78
6524 2.78
6525 9.15
6526 0.00
6527 0.00
6528 0.00
6529 0.00
6530 0.00
6531 0.00
6532 0.00
6533 0.00
6534 0.00
6535 0.00
6536 0.00
6537 0.00
6538 0.00
6539 0.00
6540 0.00
6541 0.00
6542 0.00
6543 0.00
6544 0.00
6545 0.00
6546 0.00
6547 0.00
6548 0.00
6549 0.00
6550 0.00
6551 0.00
6552 0.00
6553 0.00
6554 0.00
6555 0.00
6556 0.00
6557 0.00
6558 0.00
6559 0.00
6560 0.70
6561 22.64
6562 2.00
6563 3.63
6564 1.53
6565 5.47
6566 3.72
6567 1.42
6568 4.28
6569 1.12
6570 3.38
6571 3.60
6572 1.81
6573 0.00
6574 0.00
6575 0.00
6576 0.00
6577 0.00
6578 0.00
6579 0.00
6580 0.00
6581 0.00
6582 0.00
6583 0.00
6584 0.00
6585 0.00
6586 0.00
6587 0.00
6588 0.00
6589 0.00
6590 0.00
6591 0.00
6592 0.00
6593 0.00
6594 0.00
6595 0.00
6596 0.00
6597 0.00
6598 0.00
6599 0.00
6600 0.00
6601 0.00
6602 0.00
6603 0.00
6604 0.00
6605 0.00
6606 0.00
6607 0.00
6608 2.79
6609 2.34
6610 2.24
6611 1.51
6612 1.32
6613 1.55
6614 1.68
6615 1.13
6616 1.50
6617 1.04
6618 1.59
6619 4.82
6620 3.88
6621 8.12
6622 0.00
6623 0.00
6624 0.00
6625 0.00
6626 0.00
6627 0.00
6628 0.00
6629 0.00
6630 0.00
6631 0.00
6632 1.28
6633 2.31
6634 1.79
6635 1.99
6636 1.13
6637 1.60
6638 1.44
6639 1.27
6640 1.69
6641 2.33
6642 5.01
6643 1.78
6644 1.60
6645 0.00
6646 0.00
6647 0.00
6648 0.00
6649 0.00
6650 0.00
6651 0.00
6652 0.00
6653 0.00
6654 0.00
6655 0.00
6656 1.61
6657 1.86
6658 1.75
6659 1.53
6660 1.34
6661 2.15
6662 2.10
6663 1.16
6664 1.77
6665 1.64
6666 1.64
6667 1.40
6668 2.34
6669 6.60
6670 0.00
6671 0.00
6672 0.00
6673 0.00
6674 0.00
6675 0.00
6676 0.00
6677 0.00
6678 0.00
6679 0.00
6680 1.58
6681 1.49
6682 1.66
6683 1.66
6684 1.36
6685 1.03
6686 1.47
6687 2.24
6688 1.57
6689 1.17
6690 1.85
6691 1.46
6692 1.30
6693 4.54
6694 0.00
6695 0.00
6696 0.00
6697 0.00
6698 0.00
6699 0.00
6700 0.00
6701 0.00
6702 0.00
6703 0.00
6704 1.36
6705 2.55
6706 1.58
6707 1.28
6708 2.41
6709 1.52
6710 2.47
6711 0.95
6712 1.80
6713 1.62
6714 0.88
6715 1.30
6716 1.44
6717 3.23
6718 0.00
6719 0.00
6720 0.00
6721 0.00
6722 0.00
6723 0.00
6724 0.00
6725 0.00
6726 0.00
6727 0.00
6728 0.91
6729 2.51
6730 1.74
6731 3.61
6732 1.35
6733 2.09
6734 1.69
6735 2.40
6736 1.44
6737 1.59
6738 2.38
6739 3.19
6740 1.57
6741 7.61
6742 0.00
6743 0.00
6744 0.00
6745 0.00
6746 0.00
6747 0.00
6748 0.00
6749 0.00
6750 0.00
6751 0.00
6752 0.00
6753 0.00
6754 0.00
6755 0.00
6756 0.00
6757 0.00
6758 0.00
6759 0.00
6760 0.00
6761 0.00
6762 0.00
6763 0.00
6764 0.00
6765 0.00
6766 0.00
6767 0.00
6768 0.00
6769 0.00
6770 0.00
6771 0.00
6772 0.00
6773 0.00
6774 0.00
6775 0.00
6776 1.84
6777 0.87
6778 2.53
6779 1.85
6780 1.58
6781 1.77
6782 1.72
6783 1.37
6784 2.76
6785 1.12
6786 2.48
6787 1.55
6788 1.53
6789 9.40
6790 0.00
6791 0.00
6792 0.00
6793 0.00
6794 0.00
6795 0.00
6796 0.00
6797 0.00
6798 0.00
6799 0.00
6800 2.19
6801 2.57
6802 1.26
6803 1.72
6804 1.04
6805 1.21
6806 1.50
6807 1.43
6808 1.59
6809 3.02
6810 3.71
6811 1.30
6812 1.35
6813 0.00
6814 0.00
6815 0.00
6816 0.00
6817 0.00
6818 0.00
6819 0.00
6820 0.00
6821 0.00
6822 0.00
6823 0.00
6824 1.17
6825 1.69
6826 2.96
6827 0.97
6828 1.90
6829 1.31
6830 2.08
6831 1.32
6832 1.65
6833 1.69
6834 1.05
6835 1.72
6836 1.87
6837 5.27
6838 0.00
6839 0.00
6840 0.00
6841 0.00
6842 0.00
6843 0.00
6844 0.00
6845 0.00
6846 0.00
6847 0.00
6848 1.66
6849 1.11
6850 1.40
6851 1.64
6852 1.68
6853 1.36
6854 1.55
6855 0.95
6856 1.55
6857 1.45
6858 2.01
6859 1.40
6860 1.48
6861 4.08
6862 0.00
6863 0.00
6864 0.00
6865 0.00
6866 0.00
6867 0.00
6868 0.00
6869 0.00
6870 0.00
6871 0.00
6872 1.35
6873 3.47
6874 1.52
6875 1.52
6876 2.55
6877 2.12
6878 2.03
6879 1.63
6880 1.43
6881 1.01
6882 1.16
6883 1.68
6884 1.28
6885 2.87
6886 0.00
6887 0.00
6888 0.00
6889 0.00
6890 0.00
6891 0.00
6892 0.00
6893 0.00
6894 0.00
6895 0.00
6896 0.59
6897 1.55
6898 2.62
6899 0.53
6900 23.23
6901 0.97
6902 3.81
6903 4.20
6904 1.47
6905 3.67
6906 3.96
6907 3.36
6908 2.07
6909 4.15
6910 0.00
6911 0.00
6912 0.00
6913 0.00
6914 0.00
6915 0.00
6916 0.00
6917 0.00
6918 0.00
6919 0.00
6920 0.00
6921 0.00
6922 0.00
6923 0.00
6924 0.00
6925 0.00
6926 0.00
6927 0.00
6928 0.00
6929 0.00
6930 0.00
6931 0.00
6932 0.00
6933 0.00
6934 0.00
6935 0.00
6936 0.00
6937 0.00
6938 0.00
6939 0.00
6940 0.00
6941 0.00
6942 0.00
6943 0.00
6944 0.64
6945 3.13
6946 0.84
6947 2.13
6948 1.44
6949 2.46
6950 1.52
6951 1.77
6952 1.78
6953 1.96
6954 3.42
6955 2.64
6956 2.50
6957 19.62
6958 0.00
6959 0.00
6960 0.00
6961 0.00
6962 0.00
6963 0.00
6964 0.00
6965 0.00
6966 0.00
6967 0.00
6968 1.52
6969 1.80
6970 1.63
6971 1.90
6972 1.33
6973 1.37
6974 1.91
6975 1.27
6976 1.18
6977 2.82
6978 3.49
6979 1.99
6980 1.73
6981 30.34
6982 0.00
6983 0.00
6984 0.00
6985 0.00
6986 0.00
6987 0.00
6988 0.00
6989 0.00
6990 0.00
6991 0.00
6992 3.17
6993 2.55
6994 1.86
6995 1.44
6996 1.46
6997 1.68
6998 1.23
6999 2.65
7000 0.90
7001 1.37
7002 1.15
7003 1.83
7004 1.55
7005 3.20
7006 0.00
7007 0.00
7008 0.00
7009 0.00
7010 0.00
7011 0.00
7012 0.00
7013 0.00
7014 0.00
7015 0.00
7016 1.51
7017 1.94
7018 1.69
7019 1.75
7020 1.88
7021 1.37
7022 1.79
7023 1.57
7024 1.68
7025 1.54
7026 1.50
7027 1.48
7028 1.80
7029 3.55
7030 0.00
7031 0.00
7032 0.00
7033 0.00
7034 0.00
7035 0.00
7036 0.00
7037 0.00
7038 0.00
7039 0.00
7040 2.23
7041 3.02
7042 1.43
7043 2.01
7044 1.34
7045 1.44
7046 1.34
7047 1.48
7048 1.48
7049 1.13
7050 1.03
7051 1.24
7052 1.73
7053 0.00
7054 0.00
7055 0.00
7056 0.00
7057 0.00
7058 0.00
7059 0.00
7060 0.00
7061 0.00
7062 0.00
7063 0.00
7064 0.86
7065 14.25
7066 8.97
7067 1.65
7068 2.83
7069 1.71
7070 1.98
7071 1.99
7072 1.37
7073 2.42
7074 4.59
7075 1.50
7076 1.39
7077 3.21
7078 0.00
7079 0.00
7080 0.00
7081 0.00
7082 0.00
7083 0.00
7084 0.00
7085 0.00
7086 0.00
7087 0.00
7088 0.00
7089 0.00
7090 0.00
7091 0.00
7092 0.00
7093 0.00
7094 0.00
7095 0.00
7096 0.00
7097 0.00
7098 0.00
7099 0.00
7100 0.00
7101 0.00
7102 0.00
7103 0.00
7104 0.00
7105 0.00
7106 0.00
7107 0.00
7108 0.00
7109 0.00
7110 0.00
7111 0.00
7112 0.72
7113 2.88
7114 1.47
7115 1.56
7116 1.23
7117 2.55
7118 2.67
7119 1.13
7120 1.34
7121 3.25
7122 1.49
7123 1.76
7124 3.18
7125 4.37
7126 0.00
7127 0.00
7128 0.00
7129 0.00
7130 0.00
7131 0.00
7132 0.00
7133 0.00
7134 0.00
7135 0.00
7136 1.01
7137 1.76
7138 1.02
7139 1.45
7140 1.16
7141 1.07
7142 2.02
7143 1.49
7144 2.19
7145 1.13
7146 2.66
7147 1.75
7148 1.45
7149 7.20
7150 0.00
7151 0.00
7152 0.00
7153 0.00
7154 0.00
7155 0.00
7156 0.00
7157 0.00
7158 0.00
7159 0.00
7160 1.26
7161 3.17
7162 1.12
7163 1.41
7164 2.53
7165 1.53
7166 1.16
7167 1.17
7168 1.22
7169 3.55
7170 1.90
7171 2.58
7172 1.58
7173 0.00
7174 0.00
7175 0.00
7176 0.00
7177 0.00
7178 0.00
7179 0.00
7180 0.00
7181 0.00
7182 0.00
7183 0.00
7184 1.24
7185 1.20
7186 1.49
7187 1.68
7188 1.22
7189 1.24
7190 1.97
7191 2.01
7192 1.86
7193 3.27
7194 1.65
7195 1.96
7196 1.10
7197 0.00
7198 0.00
7199 0.00
7200 0.00
7201 0.00
7202 0.00
7203 0.00
7204 0.00
7205 0.00
7206 0.00
7207 0.00
7208 0.78
7209 4.42
7210 1.76
7211 3.20
7212 1.49
7213 1.29
7214 1.64
7215 2.60
7216 1.87
7217 1.96
7218 2.09
7219 3.61
7220 3.77
7221 5.50
7222 0.00
7223 0.00
7224 0.00
7225 0.00
7226 0.00
7227 0.00
7228 0.00
7229 0.00
7230 0.00
7231 0.00
7232 1.88
7233 3.56
7234 3.85
7235 2.13
7236 3.53
7237 1.54
7238 1.54
7239 2.70
7240 1.89
7241 2.05
7242 1.97
7243 3.24
7244 2.16
7245 3.72
7246 0.00
7247 0.00
7248 0.00
7249 0.00
7250 0.00
7251 0.00
7252 0.00
7253 0.00
7254 0.00
7255 0.00
7256 0.00
7257 0.00
7258 0.00
7259 0.00
7260 0.00
7261 0.00
7262 0.00
7263 0.00
7264 0.00
7265 0.00
7266 0.00
7267 0.00
7268 0.00
7269 0.00
7270 0.00
7271 0.00
7272 0.00
7273 0.00
7274 0.00
7275 0.00
7276 0.00
7277 0.00
7278 0.00
7279 0.00
7280 1.10
7281 1.07
7282 1.57
7283 1.84
7284 1.24
7285 1.42
7286 1.32
7287 2.21
7288 1.57
7289 3.78
7290 2.24
7291 1.84
7292 1.28
7293 3.26
7294 0.00
7295 0.00
7296 0.00
7297 0.00
7298 0.00
7299 0.00
7300 0.00
7301 0.00
7302 0.00
7303 0.00
7304 0.16
7305 0.38
7306 0.11
7307 0.22
7308 0.00
7309 0.00
7310 0.18
7311 0.43
7312 0.00
7313 2.10
7314 3.16
7315 1.42
7316 1.68
7317 11.61
7318 0.00
7319 0.00
7320 0.00
7321 0.00
7322 0.00
7323 0.00
7324 0.00
7325 0.00
7326 0.00
7327 0.00
7328 1.09
7329 2.05
7330 2.69
7331 1.95
7332 1.79
7333 1.92
7334 2.03
7335 1.84
7336 2.39
7337 1.63
7338 2.26
7339 1.70
7340 2.58
7341 3.97
7342 0.00
7343 0.00
7344 0.00
7345 0.00
7346 0.00
7347 0.00
7348 0.00
7349 0.00
7350 0.00
7351 0.00
7352 1.01
7353 2.60
7354 1.44
7355 1.44
7356 1.06
7357 2.09
7358 1.49
7359 1.98
7360 2.05
7361 3.32
7362 1.82
7363 2.26
7364 1.47
7365 0.00
7366 0.00
7367 0.00
7368 0.00
7369 0.00
7370 0.00
7371 0.00
7372 0.00
7373 0.00
7374 0.00
7375 0.00
7376 1.18
7377 1.31
7378 1.01
7379 1.18
7380 1.14
7381 1.46
7382 2.13
7383 2.07
7384 2.35
7385 1.63
7386 2.21
7387 1.68
7388 1.58
7389 8.41
7390 0.00
7391 0.00
7392 0.00
7393 0.00
7394 0.00
7395 0.00
7396 0.00
7397 0.00
7398 0.00
7399 0.00
7400 2.29
7401 2.65
7402 1.64
7403 3.27
7404 1.88
7405 1.20
7406 3.21
7407 1.96
7408 1.50
7409 3.20
7410 3.56
7411 3.26
7412 1.53
7413 0.00
7414 0.00
7415 0.00
7416 0.00
7417 0.00
7418 0.00
7419 0.00
7420 0.00
7421 0.00
7422 0.00
7423 0.00
7424 0.00
7425 0.00
7426 0.00
7427 0.00
7428 0.00
7429 0.00
7430 0.00
7431 0.00
7432 0.00
7433 0.00
7434 0.00
7435 0.00
7436 0.00
7437 0.00
7438 0.00
7439 0.00
7440 0.00
7441 0.00
7442 0.00
7443 0.00
7444 0.00
7445 0.00
7446 0.00
7447 0.00
7448 1.87
7449 6.78
7450 1.53
7451 2.04
7452 0.92
7453 1.19
7454 1.58
7455 2.87
7456 1.16
7457 1.59
7458 2.96
7459 3.87
7460 2.60
7461 10.29
7462 0.00
7463 0.00
7464 0.00
7465 0.00
7466 0.00
7467 0.00
7468 0.00
7469 0.00
7470 0.00
7471 0.00
7472 1.27
7473 3.06
7474 1.33
7475 0.87
7476 1.96
7477 1.58
7478 1.83
7479 1.20
7480 1.33
7481 2.14
7482 2.59
7483 1.73
7484 1.43
7485 6.92
7486 0.00
7487 0.00
7488 0.00
7489 0.00
7490 0.00
7491 0.00
7492 0.00
7493 0.00
7494 0.00
7495 0.00
7496 1.21
7497 3.14
7498 1.46
7499 1.43
7500 1.10
7501 2.10
7502 1.40
7503 1.88
7504 1.69
7505 1.70
7506 1.89
7507 1.56
7508 1.28
7509 7.78
7510 0.00
7511 0.00
7512 0.00
7513 0.00
7514 0.00
7515 0.00
7516 0.00
7517 0.00
7518 0.00
7519 0.00
7520 1.01
7521 1.83
7522 2.34
7523 1.56
7524 1.09
7525 1.96
7526 1.30
7527 1.39
7528 1.43
7529 1.56
7530 2.07
7531 2.17
7532 1.35
7533 0.00
7534 0.00
7535 0.00
7536 0.00
7537 0.00
7538 0.00
7539 0.00
7540 0.00
7541 0.00
7542 0.00
7543 0.00
7544 1.41
7545 4.15
7546 1.96
7547 1.38
7548 2.37
7549 1.01
7550 1.99
7551 1.93
7552 1.50
7553 2.36
7554 1.28
7555 1.46
7556 1.25
7557 0.00
7558 0.00
7559 0.00
7560 0.00
7561 0.00
7562 0.00
7563 0.00
7564 0.00
7565 0.00
7566 0.00
7567 0.00
7568 1.52
7569 2.73
7570 3.43
7571 2.22
7572 4.25
7573 1.32
7574 1.45
7575 10.09
7576 3.30
7577 1.92
7578 3.60
7579 4.67
7580 1.72
7581 0.00
7582 0.00
7583 0.00
7584 0.00
7585 0.00
7586 0.00
7587 0.00
7588 0.00
7589 0.00
7590 0.00
7591 0.00
7592 0.00
7593 0.00
7594 0.00
7595 0.00
7596 0.00
7597 0.00
7598 0.00
7599 0.00
7600 0.00
7601 0.00
7602 0.00
7603 0.00
7604 0.00
7605 0.00
7606 0.00
7607 0.00
7608 0.00
7609 0.00
7610 0.00
7611 0.00
7612 0.00
7613 0.00
7614 0.00
7615 0.00
7616 0.93
7617 2.09
7618 2.04
7619 1.41
7620 2.21
7621 1.54
7622 1.95
7623 1.70
7624 2.26
7625 1.84
7626 2.55
7627 3.31
7628 2.26
7629 10.80
7630 0.00
7631 0.00
7632 0.00
7633 0.00
7634 0.00
7635 0.00
7636 0.00
7637 0.00
7638 0.00
7639 0.00
7640 1.88
7641 1.51
7642 1.17
7643 1.55
7644 1.42
7645 1.35
7646 1.53
7647 1.55
7648 1.50
7649 1.92
7650 1.61
7651 1.56
7652 1.59
7653 3.85
7654 0.00
7655 0.00
7656 0.00
7657 0.00
7658 0.00
7659 0.00
7660 0.00
7661 0.00
7662 0.00
7663 0.00
7664 1.55
7665 1.88
7666 1.43
7667 1.25
7668 1.87
7669 1.72
7670 2.37
7671 2.42
7672 1.38
7673 2.26
7674 2.03
7675 1.41
7676 1.39
7677 11.18
7678 0.00
7679 0.00
7680 0.00
7681 0.00
7682 0.00
7683 0.00
7684 0.00
7685 0.00
7686 0.00
7687 0.00
7688 1.90
7689 1.92
7690 2.79
7691 2.25
7692 2.66
7693 1.19
7694 1.22
7695 1.60
7696 1.02
7697 2.14
7698 1.20
7699 1.42
7700 1.73
7701 3.33
7702 0.00
7703 0.00
7704 0.00
7705 0.00
7706 0.00
7707 0.00
7708 0.00
7709 0.00
7710 0.00
7711 0.00
7712 1.83
7713 2.40
7714 1.85
7715 1.40
7716 1.40
7717 1.57
7718 1.75
7719 1.34
7720 3.27
7721 3.16
7722 1.85
7723 1.68
7724 1.57
7725 2.03
7726 0.00
7727 0.00
7728 0.00
7729 0.00
7730 0.00
7731 0.00
7732 0.00
7733 0.00
7734 0.00
7735 0.00
7736 1.85
7737 14.40
7738 4.89
7739 2.07
7740 1.59
7741 2.19
7742 1.79
7743 2.48
7744 1.79
7745 2.62
7746 17.59
7747 2.34
7748 1.40
7749 6.69
7750 0.00
7751 0.00
7752 0.00
7753 0.00
7754 0.00
7755 0.00
7756 0.00
7757 0.00
7758 0.00
7759 0.00
7760 0.00
7761 0.00
7762 0.00
7763 0.00
7764 0.00
7765 0.00
7766 0.00
7767 0.00
7768 0.00
7769 0.00
7770 0.00
7771 0.00
7772 0.00
7773 0.00
7774 0.00
7775 0.00
7776 0.00
7777 0.00
7778 0.00
7779 0.00
7780 0.00
7781 0.00
7782 0.00
7783 0.00
7784 0.98
7785 2.19
7786 2.43
7787 1.65
7788 1.86
7789 1.40
7790 2.05
7791 2.00
7792 1.40
7793 1.82
7794 2.22
7795 1.63
7796 3.50
7797 8.61
7798 0.00
7799 0.00
7800 0.00
7801 0.00
7802 0.00
7803 0.00
7804 0.00
7805 0.00
7806 0.00
7807 0.00
7808 1.44
7809 2.39
7810 2.18
7811 1.40
7812 1.87
7813 1.59
7814 1.82
7815 2.08
7816 1.28
7817 1.31
7818 1.89
7819 1.21
7820 2.39
7821 6.20
7822 0.00
7823 0.00
7824 0.00
7825 0.00
7826 0.00
7827 0.00
7828 0.00
7829 0.00
7830 0.00
7831 0.00
7832 2.70
7833 3.30
7834 1.59
7835 1.08
7836 1.14
7837 1.77
7838 1.44
7839 1.95
7840 1.55
7841 2.05
7842 2.11
7843 1.87
7844 1.33
7845 4.17
7846 0.00
7847 0.00
7848 0.00
7849 0.00
7850 0.00
7851 0.00
7852 0.00
7853 0.00
7854 0.00
7855 0.00
7856 1.38
7857 2.74
7858 1.41
7859 1.66
7860 1.56
7861 1.11
7862 1.65
7863 1.15
7864 1.67
7865 2.86
7866 1.59
7867 0.83
7868 1.85
7869 2.54
7870 0.00
7871 0.00
7872 0.00
7873 0.00
7874 0.00
7875 0.00
7876 0.00
7877 0.00
7878 0.00
7879 0.00
7880 3.05
7881 7.05
7882 1.77
7883 1.08
7884 0.93
7885 1.37
7886 1.91
7887 1.65
7888 1.30
7889 1.97
7890 1.37
7891 1.20
7892 1.94
7893 0.00
7894 0.00
7895 0.00
7896 0.00
7897 0.00
7898 0.00
7899 0.00
7900 0.00
7901 0.00
7902 0.00
7903 0.00
7904 2.52
7905 1.70
7906 1.78
7907 2.34
7908 0.81
7909 1.87
7910 1.39
7911 2.71
7912 1.51
7913 2.09
7914 4.66
7915 2.40
7916 1.14
7917 0.00
7918 0.00
7919 0.00
7920 0.00
7921 0.00
7922 0.00
7923 0.00
7924 0.00
7925 0.00
7926 0.00
7927 0.00
7928 0.00
7929 0.00
7930 0.00
7931 0.00
7932 0.00
7933 0.00
7934 0.00
7935 0.00
7936 0.00
7937 0.00
7938 0.00
7939 0.00
7940 0.00
7941 0.00
7942 0.00
7943 0.00
7944 0.00
7945 0.00
7946 0.00
7947 0.00
7948 0.00
7949 0.00
7950 0.00
7951 0.00
7952 2.26
7953 2.25
7954 3.30
7955 1.11
7956 1.82
7957 2.44
7958 1.38
7959 1.11
7960 2.06
7961 1.37
7962 2.43
7963 1.80
7964 1.53
7965 4.47
7966 0.00
7967 0.00
7968 0.00
7969 0.00
7970 0.00
7971 0.00
7972 0.00
7973 0.00
7974 0.00
7975 0.00
7976 0.66
7977 4.77
7978 1.13
7979 1.57
7980 1.18
7981 1.79
7982 1.60
7983 2.07
7984 0.90
7985 2.50
7986 1.91
7987 1.32
7988 1.71
7989 3.67
7990 0.00
7991 0.00
7992 0.00
7993 0.00
7994 0.00
7995 0.00
7996 0.00
7997 0.00
7998 0.00
7999 0.00
8000 1.85
8001 2.92
8002 0.97
8003 1.56
8004 1.28
8005 1.31
8006 1.51
8007 2.13
8008 1.73
8009 1.32
8010 1.26
8011 1.23
8012 1.21
8013 2.96
8014 0.00
8015 0.00
8016 0.00
8017 0.00
8018 0.00
8019 0.00
8020 0.00
8021 0.00
8022 0.00
8023 0.00
8024 0.63
8025 3.14
8026 1.19
8027 1.73
8028 1.15
8029 0.98
8030 1.66
8031 1.83
8032 2.31
8033 2.00
8034 1.67
8035 1.00
8036 1.34
8037 2.12
8038 0.00
8039 0.00
8040 0.00
8041 0.00
8042 0.00
8043 0.00
8044 0.00
8045 0.00
8046 0.00
8047 0.00
8048 1.44
8049 1.73
8050 1.53
8051 1.47
8052 1.64
8053 1.57
8054 1.62
8055 1.83
8056 1.90
8057 3.07
8058 1.21
8059 0.97
8060 1.72
8061 3.27
8062 0.00
8063 0.00
8064 0.00
8065 0.00
8066 0.00
8067 0.00
8068 0.00
8069 0.00
8070 0.00
8071 0.00
8072 0.69
8073 0.63
8074 1.96
8075 3.76
8076 1.73
8077 5.52
8078 2.47
8079 1.27
8080 1.42
8081 1.77
8082 2.60
8083 2.26
8084 1.28
8085 0.00
8086 0.00
8087 0.00
8088 0.00
8089 0.00
8090 0.00
8091 0.00
8092 0.00
8093 0.00
8094 0.00
8095 0.00
8096 0.00
8097 0.00
8098 0.00
8099 0.00
8100 0.00
8101 0.00
8102 0.00
8103 0.00
8104 0.00
8105 0.00
8106 0.00
8107 0.00
8108 0.00
8109 0.00
8110 0.00
8111 0.00
8112 0.00
8113 0.00
8114 0.00
8115 0.00
8116 0.00
8117 0.00
8118 0.00
8119 0.00
8120 1.11
8121 2.05
8122 2.04
8123 1.51
8124 1.86
8125 1.38
8126 1.87
8127 1.30
8128 1.65
8129 2.31
8130 4.49
8131 2.28
8132 2.57
8133 2.38
8134 0.00
8135 0.00
8136 0.00
8137 0.00
8138 0.00
8139 0.00
8140 0.00
8141 0.00
8142 0.00
8143 0.00
8144 1.14
8145 1.72
8146 1.37
8147 1.97
8148 1.67
8149 1.30
8150 2.08
8151 1.37
8152 1.59
8153 2.56
8154 1.78
8155 1.82
8156 1.14
8157 18.41
8158 0.00
8159 0.00
8160 0.00
8161 0.00
8162 0.00
8163 0.00
8164 0.00
8165 0.00
8166 0.00
8167 0.00
8168 1.22
8169 2.45
8170 1.67
8171 1.77
8172 1.80
8173 2.16
8174 3.30
8175 1.86
8176 1.55
8177 2.43
8178 4.00
8179 2.29
8180 1.17
8181 7.34
8182 0.00
8183 0.00
8184 0.00
8185 0.00
8186 0.00
8187 0.00
8188 0.00
8189 0.00
8190 0.00
8191 0.00
8192 0.90
8193 1.60
8194 1.65
8195 2.26
8196 1.35
8197 1.83
8198 1.37
8199 1.49
8200 2.11
8201 1.64
8202 2.33
8203 2.36
8204 1.82
8205 4.62
8206 0.00
8207 0.00
8208 0.00
8209 0.00
8210 0.00
8211 0.00
8212 0.00
8213 0.00
8214 0.00
8215 0.00
8216 1.99
8217 2.46
8218 1.18
8219 1.48
8220 1.54
8221 1.23
8222 1.67
8223 1.20
8224 1.17
8225 1.56
8226 2.02
8227 1.36
8228 1.77
8229 2.08
8230 0.00
8231 0.00
8232 0.00
8233 0.00
8234 0.00
8235 0.00
8236 0.00
8237 0.00
8238 0.00
8239 0.00
8240 1.12
8241 3.29
8242 1.92
8243 1.83
8244 2.43
8245 2.47
8246 1.83
8247 1.64
8248 2.24
8249 7.56
8250 4.12
8251 2.75
8252 2.13
8253 3.25
8254 0.00
8255 0.00
8256 0.00
8257 0.00
8258 0.00
8259 0.00
8260 0.00
8261 0.00
8262 0.00
8263 0.00
8264 0.00
8265 0.00
8266 0.00
8267 0.00
8268 0.00
8269 0.00
8270 0.00
8271 0.00
8272 0.00
8273 0.00
8274 0.00
8275 0.00
8276 0.00
8277 0.00
8278 0.00
8279 0.00
8280 0.00
8281 0.00
8282 0.00
8283 0.00
8284 0.00
8285 0.00
8286 0.00
8287 0.00
8288 1.51
8289 1.89
8290 1.70
8291 1.48
8292 1.48
8293 1.37
8294 2.21
8295 1.61
8296 2.02
8297 2.08
8298 1.42
8299 1.80
8300 1.42
8301 4.98
8302 0.00
8303 0.00
8304 0.00
8305 0.00
8306 0.00
8307 0.00
8308 0.00
8309 0.00
8310 0.00
8311 0.00
8312 2.48
8313 1.55
8314 2.02
8315 1.42
8316 0.99
8317 1.75
8318 1.57
8319 1.67
8320 1.66
8321 1.39
8322 1.14
8323 1.72
8324 1.51
8325 6.01
8326 0.00
8327 0.00
8328 0.00
8329 0.00
8330 0.00
8331 0.00
8332 0.00
8333 0.00
8334 0.00
8335 0.00
8336 2.14
8337 2.02
8338 1.53
8339 1.25
8340 1.42
8341 1.69
8342 1.96
8343 1.33
8344 1.24
8345 4.60
8346 1.75
8347 2.09
8348 1.52
8349 2.35
8350 0.00
8351 0.00
8352 0.00
8353 0.00
8354 0.00
8355 0.00
8356 0.00
8357 0.00
8358 0.00
8359 0.00
8360 1.02
8361 4.00
8362 1.19
8363 1.76
8364 1.67
8365 1.91
8366 1.61
8367 1.35
8368 1.50
8369 1.11
8370 1.31
8371 1.69
8372 1.69
8373 3.89
8374 0.00
8375 0.00
8376 0.00
8377 0.00
8378 0.00
8379 0.00
8380 0.00
8381 0.00
8382 0.00
8383 0.00
8384 0.72
8385 2.23
8386 1.24
8387 1.82
8388 0.91
8389 1.34
8390 0.92
8391 1.50
8392 1.23
8393 2.08
8394 2.92
8395 1.21
8396 1.39
8397 0.00
8398 0.00
8399 0.00
8400 0.00
8401 0.00
8402 0.00
8403 0.00
8404 0.00
8405 0.00
8406 0.00
8407 0.00
8408 0.74
8409 1.33
8410 3.05
8411 3.41
8412 2.58
8413 2.85
8414 1.93
8415 2.13
8416 2.97
8417 3.24
8418 2.58
8419 2.50
8420 1.13
8421 5.65
8422 0.00
8423 0.00
8424 0.00
8425 0.00
8426 0.00
8427 0.00
8428 0.00
8429 0.00
8430 0.00
8431 0.00
8432 0.00
8433 0.00
8434 0.00
8435 0.00
8436 0.00
8437 0.00
8438 0.00
8439 0.00
8440 0.00
8441 0.00
8442 0.00
8443 0.00
8444 0.00
8445 0.00
8446 0.00
8447 0.00
8448 0.00
8449 0.00
8450 0.00
8451 0.00
8452 0.00
8453 0.00
8454 0.00
8455 0.00
8456 1.09
8457 2.05
8458 1.56
8459 2.29
8460 1.73
8461 2.22
8462 1.74
8463 1.90
8464 1.28
8465 1.49
8466 1.55
8467 2.15
8468 1.98
8469 7.48
8470 0.00
8471 0.00
8472 0.00
8473 0.00
8474 0.00
8475 0.00
8476 0.00
8477 0.00
8478 0.00
8479 0.00
8480 1.80
8481 1.34
8482 1.81
8483 1.18
8484 1.56
8485 1.46
8486 1.18
8487 1.67
8488 2.10
8489 1.90
8490 2.36
8491 1.64
8492 1.70
8493 3.11
8494 0.00
8495 0.00
8496 0.00
8497 0.00
8498 0.00
8499 0.00
8500 0.00
8501 0.00
8502 0.00
8503 0.00
8504 0.97
8505 3.17
8506 1.71
8507 1.86
8508 2.27
8509 1.67
8510 1.34
8511 2.09
8512 1.41
8513 1.14
8514 2.03
8515 1.92
8516 2.33
8517 3.63
8518 0.00
8519 0.00
8520 0.00
8521 0.00
8522 0.00
8523 0.00
8524 0.00
8525 0.00
8526 0.00
8527 0.00
8528 2.50
8529 1.76
8530 1.88
8531 1.77
8532 1.75
8533 1.16
8534 2.25
8535 1.59
8536 1.89
8537 1.42
8538 1.46
8539 1.49
8540 1.33
8541 4.65
8542 0.00
8543 0.00
8544 0.00
8545 0.00
8546 0.00
8547 0.00
8548 0.00
8549 0.00
8550 0.00
8551 0.00
8552 1.37
8553 1.79
8554 1.23
8555 1.45
8556 2.70
8557 1.32
8558 1.95
8559 1.88
8560 2.10
8561 2.02
8562 2.03
8563 2.13
8564 1.78
8565 7.91
8566 0.00
8567 0.00
8568 0.00
8569 0.00
8570 0.00
8571 0.00
8572 0.00
8573 0.00
8574 0.00
8575 0.00
8576 2.63
8577 8.41
8578 3.15
8579 1.81
8580 3.25
8581 2.08
8582 3.38
8583 1.48
8584 2.16
8585 2.93
8586 6.06
8587 3.88
8588 2.69
8589 7.64
8590 0.00
8591 0.00
8592 0.00
8593 0.00
8594 0.00
8595 0.00
8596 0.00
8597 0.00
8598 0.00
8599 0.00
8600 0.00
8601 0.00
8602 0.00
8603 0.00
8604 0.00
8605 0.00
8606 0.00
8607 0.00
8608 0.00
8609 0.00
8610 0.00
8611 0.00
8612 0.00
8613 0.00
8614 0.00
8615 0.00
8616 0.00
8617 0.00
8618 0.00
8619 0.00
8620 0.00
8621 0.00
8622 0.00
8623 0.00
8624 0.25
8625 0.28
8626 0.29
8627 1.05
8628 0.42
8629 0.61
8630 0.37
8631 1.19
8632 0.86
8633 0.90
8634 3.47
8635 1.49
8636 1.55
8637 4.97
8638 0.00
8639 0.00
8640 0.00
8641 0.00
8642 0.00
8643 0.00
8644 0.00
8645 0.00
8646 0.00
8647 0.00
8648 0.25
8649 2.85
8650 0.80
8651 0.65
8652 0.87
8653 0.47
8654 0.85
8655 1.05
8656 0.74
8657 0.98
8658 2.39
8659 1.44
8660 1.88
8661 0.00
8662 0.00
8663 0.00
8664 0.00
8665 0.00
8666 0.00
8667 0.00
8668 0.00
8669 0.00
8670 0.00
8671 0.00
8672 0.96
8673 1.65
8674 1.43
8675 1.50
8676 1.85
8677 1.20
8678 2.63
8679 2.06
8680 1.88
8681 1.41
8682 2.56
8683 2.58
8684 1.68
8685 16.74
8686 0.00
8687 0.00
8688 0.00
8689 0.00
8690 0.00
8691 0.00
8692 0.00
8693 0.00
8694 0.00
8695 0.00
8696 1.50
8697 3.79
8698 3.10
8699 1.87
8700 1.63
8701 1.17
8702 1.39
8703 1.86
8704 1.64
8705 1.90
8706 2.00
8707 1.53
8708 1.51
8709 3.41
8710 0.00
8711 0.00
8712 0.00
8713 0.00
8714 0.00
8715 0.00
8716 0.00
8717 0.00
8718 0.00
8719 0.00
8720 0.87
8721 3.08
8722 2.23
8723 1.61
8724 1.85
8725 1.84
8726 1.91
8727 1.25
8728 1.51
8729 2.05
8730 3.28
8731 1.67
8732 1.82
8733 10.11
8734 0.00
8735 0.00
8736 0.00
8737 0.00
8738 0.00
8739 0.00
8740 0.00
8741 0.00
8742 0.00
8743 0.00
8744 2.16
8745 7.65
8746 12.31
8747 5.99
8748 5.39
8749 2.46
8750 2.98
8751 2.87
8752 5.36
8753 4.74
8754 2.98
8755 3.25
8756 1.44
8757 0.00
8758 0.00
8759 0.00
8760 0.00
