1 0.31
2 0.84
3 7.11
4 9.63
5 22.33
6 0.00
7 0.86
8 0.34
9 1.63
10 0.72
11 0.67
12 1.07
13 0.94
14 1.33
15 0.85
16 0.80
17 1.06
18 1.73
19 3.63
20 3.89
21 2.48
22 0.74
23 16.70
24 5.24
25 0.41
26 0.88
27 0.00
28 0.00
29 0.00
30 27.91
31 1.00
32 0.23
33 0.58
34 0.80
35 1.33
36 0.92
37 1.13
38 1.36
39 1.40
40 1.42
41 1.65
42 1.34
43 1.36
44 1.78
45 3.09
46 2.29
47 5.18
48 12.93
49 0.53
50 0.00
51 0.00
52 24.83
53 6.50
54 5.86
55 1.85
56 0.90
57 1.92
58 2.03
59 2.30
60 2.33
61 1.56
62 1.88
63 1.81
64 1.85
65 2.46
66 2.12
67 2.11
68 2.17
69 4.37
70 1.26
71 1.63
72 7.92
73 0.55
74 15.13
75 1.01
76 4.22
77 14.98
78 10.26
79 2.10
80 1.02
81 2.02
82 1.77
83 2.10
84 1.93
85 1.64
86 2.20
87 1.72
88 2.25
89 1.99
90 1.79
91 1.78
92 2.55
93 2.60
94 1.53
95 9.33
96 5.19
97 0.48
98 0.00
99 20.93
100 30.25
101 28.46
102 9.32
103 2.02
104 0.85
105 2.14
106 1.64
107 2.42
108 1.98
109 1.87
110 2.16
111 1.74
112 2.07
113 2.25
114 2.21
115 1.96
116 1.90
117 2.27
118 1.31
119 11.76
120 15.41
121 0.90
122 1.19
123 9.00
124 31.86
125 29.51
126 41.10
127 5.13
128 0.94
129 2.58
130 2.14
131 1.96
132 2.20
133 1.97
134 1.91
135 2.31
136 2.26
137 1.62
138 1.71
139 1.63
140 2.30
141 5.64
142 2.80
143 6.04
144 6.82
145 1.70
146 48.65
147 48.65
148 16.11
149 0.00
150 12.81
151 0.61
152 0.51
153 2.03
154 1.86
155 2.45
156 2.23
157 1.61
158 1.62
159 2.05
160 1.68
161 2.08
162 1.87
163 1.80
164 2.20
165 3.84
166 1.13
167 9.01
168 5.54
169 1.12
170 3.98
171 0.52
172 21.30
173 0.90
174 19.78
175 1.95
176 0.68
177 1.64
178 0.82
179 0.98
180 1.24
181 0.90
182 1.06
183 0.88
184 0.86
185 1.15
186 1.70
187 3.38
188 4.23
189 2.75
190 2.43
191 7.68
192 30.00
193 0.35
194 0.00
195 0.00
196 9.02
197 2.24
198 1.91
199 1.53
200 0.86
201 1.93
202 1.91
203 2.41
204 1.82
205 2.04
206 1.82
207 1.98
208 2.02
209 2.28
210 2.32
211 1.89
212 1.82
213 2.54
214 1.76
215 5.79
216 2.25
217 0.44
218 0.00
219 0.00
220 6.87
221 20.81
222 48.65
223 0.72
224 0.84
225 2.05
226 1.47
227 2.41
228 1.65
229 2.02
230 1.81
231 1.84
232 2.14
233 1.96
234 2.06
235 1.59
236 2.14
237 4.08
238 2.99
239 11.33
240 12.92
241 0.69
242 1.13
243 0.00
244 6.50
245 12.69
246 0.00
247 1.86
248 0.58
249 1.20
250 1.57
251 2.12
252 2.01
253 1.74
254 1.77
255 1.92
256 1.97
257 1.72
258 1.88
259 1.55
260 2.31
261 5.70
262 2.31
263 1.25
264 3.12
265 0.35
266 28.46
267 0.00
268 0.00
269 2.41
270 9.07
271 3.34
272 0.67
273 2.22
274 1.69
275 1.58
276 1.92
277 2.06
278 1.95
279 2.66
280 2.30
281 2.02
282 2.22
283 1.87
284 2.93
285 3.84
286 4.13
287 4.45
288 6.08
289 2.17
290 6.05
291 6.13
292 39.13
293 9.97
294 0.00
295 4.90
296 0.96
297 2.12
298 1.93
299 2.19
300 1.85
301 2.24
302 2.05
303 2.37
304 2.13
305 2.40
306 1.96
307 1.74
308 1.98
309 1.83
310 0.95
311 1.77
312 13.04
313 1.41
314 9.16
315 34.95
316 0.00
317 12.18
318 53.73
319 1.71
320 0.88
321 4.79
322 2.51
323 3.17
324 2.42
325 2.17
326 2.31
327 1.92
328 2.31
329 2.27
330 2.31
331 1.96
332 2.46
333 3.93
334 2.46
335 3.49
336 2.84
337 0.48
338 40.00
339 0.87
340 3.90
341 1.16
342 49.32
343 0.96
344 0.93
345 2.36
346 1.11
347 1.29
348 1.05
349 1.07
350 1.10
351 1.27
352 1.30
353 1.29
354 1.97
355 2.77
356 3.09
357 1.62
358 1.33
359 3.40
360 56.25
361 0.32
362 16.51
363 6.06
364 0.00
365 1.79
366 25.62
367 3.84
368 0.86
369 2.35
370 2.42
371 2.62
372 2.64
373 2.29
374 2.94
375 2.35
376 2.46
377 2.35
378 2.85
379 2.35
380 2.70
381 4.62
382 13.98
383 5.47
384 27.19
385 0.29
386 0.31
387 39.13
388 1.17
389 0.78
390 12.30
391 2.04
392 0.93
393 2.66
394 1.62
395 2.49
396 2.69
397 2.37
398 2.64
399 2.14
400 2.15
401 2.50
402 2.10
403 1.71
404 2.83
405 4.55
406 1.76
407 2.28
408 1.79
409 0.19
410 15.25
411 9.25
412 0.00
413 27.48
414 38.30
415 1.47
416 0.73
417 1.44
418 1.43
419 2.35
420 2.55
421 2.33
422 2.02
423 2.51
424 2.41
425 2.25
426 1.89
427 1.72
428 2.62
429 3.23
430 7.06
431 9.06
432 3.73
433 0.16
434 0.00
435 0.64
436 25.17
437 22.59
438 14.34
439 2.77
440 0.76
441 2.83
442 1.86
443 2.49
444 2.66
445 2.09
446 2.04
447 2.65
448 2.26
449 2.33
450 2.33
451 1.93
452 2.69
453 3.69
454 1.72
455 1.48
456 29.75
457 0.22
458 7.74
459 0.64
460 0.00
461 0.91
462 1.97
463 5.35
464 0.81
465 2.57
466 1.68
467 3.06
468 2.60
469 2.21
470 2.16
471 2.89
472 2.09
473 2.39
474 2.15
475 1.77
476 2.13
477 4.61
478 2.13
479 1.58
480 10.53
481 0.61
482 30.60
483 28.12
484 7.31
485 12.29
486 3.47
487 2.36
488 0.65
489 2.24
490 3.09
491 2.47
492 2.74
493 2.36
494 1.96
495 2.62
496 2.16
497 2.54
498 2.47
499 2.37
500 2.56
501 3.12
502 4.40
503 4.12
504 4.73
505 0.45
506 11.44
507 5.00
508 44.21
509 32.40
510 45.11
511 2.03
512 0.40
513 2.49
514 1.35
515 1.33
516 2.06
517 1.39
518 1.48
519 1.23
520 1.38
521 1.46
522 2.80
523 7.50
524 2.52
525 1.45
526 4.89
527 11.97
528 18.41
529 0.19
530 48.32
531 7.32
532 49.48
533 24.77
534 12.74
535 4.13
536 0.84
537 2.48
538 1.89
539 2.50
540 2.68
541 2.43
542 2.73
543 2.60
544 2.63
545 2.86
546 2.70
547 1.99
548 3.07
549 4.60
550 38.43
551 14.77
552 0.00
553 0.23
554 44.35
555 1.54
556 12.39
557 50.00
558 9.80
559 4.09
560 0.76
561 2.00
562 1.60
563 2.67
564 2.27
565 2.12
566 2.24
567 2.22
568 2.39
569 2.29
570 2.41
571 2.14
572 2.26
573 5.09
574 13.07
575 8.84
576 11.11
577 0.21
578 54.55
579 2.19
580 8.86
581 41.54
582 15.91
583 6.79
584 0.72
585 1.97
586 1.71
587 2.36
588 2.16
589 2.37
590 2.01
591 2.83
592 2.57
593 2.98
594 2.24
595 2.01
596 2.09
597 6.24
598 3.12
599 5.13
600 15.65
601 0.37
602 1.73
603 6.56
604 29.00
605 41.31
606 32.32
607 18.74
608 0.34
609 0.48
610 0.53
611 0.89
612 0.96
613 1.01
614 1.24
615 1.20
616 1.58
617 1.09
618 1.36
619 1.30
620 1.85
621 8.46
622 11.01
623 3.72
624 35.09
625 0.39
626 44.29
627 17.73
628 19.35
629 40.70
630 44.30
631 39.79
632 0.95
633 2.44
634 1.86
635 2.14
636 1.96
637 2.01
638 2.39
639 1.91
640 2.70
641 1.88
642 2.21
643 1.91
644 2.06
645 6.17
646 4.72
647 4.04
648 10.67
649 0.49
650 18.45
651 16.73
652 24.36
653 19.33
654 19.79
655 13.98
656 0.69
657 3.62
658 4.00
659 3.24
660 2.95
661 2.05
662 1.89
663 1.71
664 2.46
665 2.47
666 2.44
667 2.07
668 2.69
669 3.59
670 0.80
671 2.05
672 2.88
673 0.24
674 6.01
675 6.35
676 2.26
677 2.17
678 4.83
679 0.80
680 0.41
681 1.75
682 1.05
683 0.80
684 0.98
685 0.92
686 0.93
687 1.02
688 1.19
689 1.22
690 1.96
691 2.81
692 0.97
693 8.52
694 8.80
695 4.46
696 25.40
697 0.25
698 3.97
699 2.52
700 22.93
701 1.43
702 20.42
703 4.13
704 0.91
705 1.79
706 1.68
707 1.96
708 1.83
709 2.20
710 2.14
711 2.36
712 2.18
713 2.67
714 2.14
715 2.00
716 2.45
717 3.76
718 1.84
719 2.26
720 10.28
721 0.14
722 0.00
723 0.67
724 0.00
725 0.60
726 19.46
727 4.29
728 0.59
729 2.36
730 1.54
731 2.29
732 2.03
733 1.74
734 2.05
735 1.82
736 1.97
737 2.14
738 2.82
739 1.76
740 2.13
741 2.34
742 3.22
743 2.07
744 3.57
745 0.13
746 2.32
747 1.14
748 1.69
749 33.64
750 4.29
751 1.63
752 0.70
753 2.36
754 1.47
755 2.00
756 1.81
757 1.81
758 2.09
759 1.94
760 2.17
761 1.56
762 2.06
763 1.71
764 1.99
765 5.96
766 1.52
767 3.76
768 3.59
769 0.32
770 11.76
771 1.71
772 22.36
773 3.68
774 6.23
775 1.84
776 0.63
777 2.16
778 1.54
779 2.24
780 2.14
781 1.74
782 2.16
783 1.96
784 1.80
785 1.88
786 1.80
787 1.76
788 2.14
789 4.48
790 2.41
791 8.15
792 9.18
793 0.15
794 15.86
795 1.58
796 1.16
797 11.50
798 6.58
799 0.96
800 0.72
801 1.69
802 1.60
803 2.08
804 2.31
805 2.12
806 2.12
807 1.93
808 2.24
809 1.93
810 1.78
811 1.64
812 1.78
813 3.23
814 2.33
815 1.36
816 7.75
817 0.36
818 4.48
819 13.71
820 14.88
821 5.52
822 8.29
823 15.32
824 0.45
825 1.68
826 1.89
827 1.89
828 2.21
829 1.63
830 1.70
831 1.60
832 1.74
833 1.97
834 1.72
835 1.88
836 1.85
837 4.05
838 0.55
839 0.59
840 0.00
841 0.50
842 6.10
843 1.14
844 0.89
845 0.00
846 23.38
847 51.43
848 0.47
849 0.96
850 0.88
851 1.19
852 0.96
853 1.19
854 1.14
855 1.30
856 0.99
857 1.15
858 2.33
859 2.88
860 2.48
861 1.54
862 9.31
863 8.62
864 10.26
865 0.37
866 0.22
867 0.59
868 0.00
869 54.55
870 21.28
871 29.15
872 0.75
873 2.05
874 1.49
875 1.88
876 2.30
877 2.55
878 2.03
879 1.99
880 2.43
881 1.89
882 2.30
883 1.60
884 2.39
885 3.90
886 8.70
887 13.72
888 9.15
889 0.25
890 8.53
891 0.57
892 10.68
893 13.17
894 9.13
895 15.03
896 0.66
897 1.31
898 1.95
899 2.16
900 1.78
901 1.81
902 1.91
903 1.89
904 2.21
905 2.38
906 1.77
907 2.11
908 2.34
909 6.09
910 1.26
911 5.90
912 2.63
913 0.18
914 0.00
915 0.57
916 12.50
917 12.13
918 4.71
919 7.05
920 0.61
921 1.78
922 1.59
923 2.08
924 1.86
925 1.98
926 2.13
927 2.08
928 2.00
929 2.33
930 2.01
931 1.67
932 2.19
933 3.25
934 8.16
935 1.95
936 11.69
937 0.28
938 29.75
939 0.00
940 0.00
941 7.48
942 11.59
943 14.34
944 0.68
945 1.64
946 1.84
947 1.95
948 1.76
949 1.87
950 1.87
951 1.98
952 2.46
953 2.31
954 1.87
955 1.79
956 2.40
957 5.01
958 1.42
959 6.85
960 22.93
961 0.43
962 52.94
963 42.86
964 0.00
965 22.22
966 15.13
967 0.91
968 0.61
969 1.96
970 2.00
971 1.88
972 2.14
973 2.12
974 1.98
975 2.21
976 2.43
977 2.07
978 1.51
979 1.40
980 1.91
981 2.25
982 1.79
983 4.54
984 3.34
985 4.37
986 3.20
987 12.46
988 20.81
989 9.34
990 13.50
991 2.89
992 0.60
993 1.88
994 2.28
995 1.93
996 2.15
997 1.97
998 1.45
999 1.68
1000 1.55
1001 1.97
1002 2.01
1003 1.61
1004 2.62
1005 3.60
1006 1.77
1007 3.68
1008 4.95
1009 0.45
1010 1.32
1011 0.49
1012 2.90
1013 28.80
1014 1.81
1015 0.00
1016 0.50
1017 1.11
1018 0.85
1019 1.28
1020 1.46
1021 1.13
1022 1.50
1023 1.31
1024 1.53
1025 1.46
1026 1.56
1027 4.03
1028 1.30
1029 1.27
1030 1.09
1031 1.22
1032 0.00
1033 0.14
1034 0.00
1035 0.00
1036 8.88
1037 26.47
1038 23.61
1039 9.66
1040 0.76
1041 1.86
1042 2.03
1043 2.44
1044 2.04
1045 2.08
1046 1.94
1047 2.06
1048 2.41
1049 1.82
1050 1.64
1051 1.72
1052 2.22
1053 4.79
1054 2.47
1055 9.13
1056 15.45
1057 0.43
1058 8.77
1059 11.24
1060 16.75
1061 17.29
1062 15.09
1063 12.40
1064 1.01
1065 2.70
1066 1.61
1067 2.15
1068 1.95
1069 2.03
1070 1.94
1071 2.08
1072 2.26
1073 1.80
1074 1.84
1075 1.80
1076 2.25
1077 2.78
1078 1.85
1079 2.10
1080 6.79
1081 0.79
1082 10.08
1083 0.00
1084 26.09
1085 3.06
1086 13.32
1087 2.98
1088 0.80
1089 1.96
1090 1.94
1091 2.29
1092 2.34
1093 2.06
1094 2.07
1095 1.87
1096 2.28
1097 2.06
1098 1.91
1099 1.74
1100 2.08
1101 3.56
1102 6.47
1103 11.00
1104 14.41
1105 0.81
1106 50.00
1107 0.59
1108 12.48
1109 25.04
1110 10.03
1111 2.00
1112 0.83
1113 2.47
1114 1.50
1115 2.27
1116 2.00
1117 1.63
1118 2.00
1119 2.16
1120 2.10
1121 1.90
1122 1.97
1123 1.77
1124 2.14
1125 3.83
1126 7.55
1127 3.22
1128 4.99
1129 0.40
1130 6.74
1131 0.45
1132 9.68
1133 19.67
1134 14.72
1135 31.86
1136 0.98
1137 2.37
1138 2.07
1139 2.43
1140 2.13
1141 1.89
1142 2.41
1143 2.21
1144 1.76
1145 1.65
1146 1.80
1147 1.47
1148 1.97
1149 3.23
1150 3.90
1151 1.87
1152 7.68
1153 0.23
1154 23.53
1155 0.00
1156 0.00
1157 0.00
1158 14.43
1159 19.59
1160 0.81
1161 2.36
1162 2.68
1163 2.12
1164 1.69
1165 2.42
1166 1.58
1167 1.79
1168 2.02
1169 1.95
1170 2.01
1171 1.70
1172 2.27
1173 4.03
1174 0.80
1175 19.51
1176 1.19
1177 0.29
1178 1.51
1179 1.14
1180 2.32
1181 13.66
1182 5.39
1183 2.09
1184 0.77
1185 1.12
1186 0.95
1187 1.00
1188 1.04
1189 1.16
1190 1.28
1191 1.37
1192 1.16
1193 1.51
1194 1.47
1195 3.23
1196 1.15
1197 1.41
1198 2.63
1199 10.27
1200 1.53
1201 0.73
1202 6.77
1203 1.93
1204 0.00
1205 20.34
1206 9.54
1207 10.23
1208 0.99
1209 2.49
1210 2.21
1211 2.16
1212 2.72
1213 2.06
1214 2.05
1215 2.53
1216 2.06
1217 1.82
1218 1.99
1219 1.47
1220 2.83
1221 4.15
1222 0.87
1223 59.02
1224 0.00
1225 0.32
1226 0.00
1227 0.69
1228 35.64
1229 22.02
1230 5.77
1231 9.49
1232 0.90
1233 2.50
1234 1.86
1235 1.88
1236 2.30
1237 1.97
1238 2.09
1239 1.77
1240 1.88
1241 1.77
1242 1.94
1243 1.51
1244 2.21
1245 3.10
1246 1.36
1247 4.69
1248 0.00
1249 0.43
1250 16.59
1251 19.05
1252 0.00
1253 30.64
1254 7.73
1255 2.51
1256 0.89
1257 2.28
1258 2.13
1259 1.96
1260 2.13
1261 2.09
1262 2.25
1263 1.78
1264 2.52
1265 2.22
1266 1.91
1267 1.69
1268 2.24
1269 3.60
1270 1.22
1271 3.05
1272 8.64
1273 0.48
1274 0.00
1275 0.60
1276 5.79
1277 21.00
1278 22.85
1279 15.03
1280 1.04
1281 3.05
1282 2.17
1283 1.96
1284 2.18
1285 2.16
1286 2.17
1287 2.37
1288 2.20
1289 1.95
1290 1.96
1291 1.72
1292 2.55
1293 3.73
1294 1.51
1295 0.00
1296 5.42
1297 0.30
1298 17.56
1299 1.04
1300 0.00
1301 0.00
1302 14.09
1303 40.45
1304 0.92
1305 2.70
1306 2.12
1307 1.92
1308 2.36
1309 2.34
1310 2.29
1311 2.42
1312 2.64
1313 2.01
1314 2.08
1315 1.48
1316 2.03
1317 2.36
1318 3.39
1319 3.01
1320 10.38
1321 0.17
1322 1.37
1323 0.00
1324 6.62
1325 19.64
1326 2.28
1327 1.19
1328 0.86
1329 2.42
1330 2.40
1331 1.89
1332 2.03
1333 2.08
1334 2.26
1335 1.66
1336 1.66
1337 2.40
1338 1.79
1339 1.91
1340 2.39
1341 4.15
1342 1.04
1343 1.17
1344 3.67
1345 0.45
1346 1.20
1347 2.14
1348 9.31
1349 11.92
1350 4.23
1351 1.56
1352 0.54
1353 1.23
1354 0.97
1355 1.24
1356 1.18
1357 1.03
1358 1.21
1359 1.33
1360 0.98
1361 1.21
1362 1.34
1363 1.32
1364 0.91
1365 2.03
1366 3.33
1367 8.93
1368 9.18
1369 0.12
1370 0.00
1371 0.00
1372 18.56
1373 0.00
1374 10.36
1375 12.24
1376 0.77
1377 1.98
1378 1.78
1379 1.77
1380 2.15
1381 2.16
1382 1.84
1383 1.82
1384 1.91
1385 1.74
1386 1.92
1387 1.97
1388 2.65
1389 3.40
1390 1.76
1391 6.36
1392 1.15
1393 0.15
1394 0.00
1395 1.03
1396 14.75
1397 4.82
1398 9.79
1399 18.07
1400 1.16
1401 2.44
1402 2.28
1403 1.70
1404 2.09
1405 1.95
1406 2.05
1407 1.90
1408 1.96
1409 1.72
1410 1.83
1411 1.57
1412 2.29
1413 2.75
1414 7.37
1415 5.80
1416 6.26
1417 0.19
1418 0.00
1419 1.52
1420 8.02
1421 0.00
1422 15.02
1423 6.94
1424 1.01
1425 1.49
1426 2.25
1427 2.03
1428 2.01
1429 2.11
1430 1.84
1431 2.04
1432 1.77
1433 1.84
1434 1.49
1435 1.56
1436 2.22
1437 4.21
1438 4.11
1439 9.19
1440 21.52
1441 0.11
1442 0.00
1443 23.00
1444 5.78
1445 10.89
1446 9.33
1447 5.86
1448 1.15
1449 2.58
1450 1.94
1451 1.86
1452 2.14
1453 1.63
1454 1.65
1455 1.65
1456 2.04
1457 1.97
1458 1.85
1459 1.55
1460 1.93
1461 4.25
1462 3.46
1463 2.30
1464 5.42
1465 0.20
1466 31.03
1467 36.55
1468 0.00
1469 18.51
1470 27.27
1471 5.94
1472 1.20
1473 1.95
1474 1.68
1475 1.59
1476 2.18
1477 1.88
1478 1.64
1479 1.66
1480 1.71
1481 1.77
1482 2.10
1483 1.80
1484 2.38
1485 2.06
1486 1.54
1487 1.05
1488 2.99
1489 0.34
1490 5.73
1491 14.85
1492 22.46
1493 0.00
1494 36.73
1495 0.88
1496 0.61
1497 0.98
1498 0.77
1499 0.99
1500 0.76
1501 0.84
1502 0.87
1503 1.30
1504 1.26
1505 1.27
1506 1.81
1507 2.73
1508 0.94
1509 4.56
1510 1.77
1511 14.81
1512 3.07
1513 0.17
1514 10.98
1515 0.00
1516 0.56
1517 0.82
1518 2.64
1519 9.25
1520 0.94
1521 2.40
1522 1.52
1523 1.95
1524 2.33
1525 1.66
1526 1.92
1527 1.63
1528 2.22
1529 1.60
1530 1.88
1531 2.13
1532 2.89
1533 2.80
1534 8.78
1535 3.09
1536 7.51
1537 0.16
1538 0.00
1539 0.30
1540 0.00
1541 0.43
1542 15.22
1543 15.44
1544 0.79
1545 1.52
1546 1.60
1547 1.84
1548 2.12
1549 1.88
1550 2.05
1551 1.56
1552 1.88
1553 1.73
1554 1.56
1555 1.72
1556 2.19
1557 2.43
1558 2.04
1559 12.72
1560 5.47
1561 0.17
1562 0.59
1563 2.27
1564 0.00
1565 22.22
1566 13.85
1567 4.43
1568 1.04
1569 1.92
1570 1.91
1571 2.48
1572 1.96
1573 1.68
1574 2.22
1575 1.98
1576 1.97
1577 1.92
1578 1.48
1579 1.74
1580 2.22
1581 3.36
1582 4.35
1583 7.44
1584 9.85
1585 0.12
1586 1.93
1587 0.00
1588 11.15
1589 15.86
1590 16.27
1591 4.03
1592 0.84
1593 1.76
1594 2.14
1595 2.02
1596 1.81
1597 2.38
1598 1.91
1599 2.01
1600 1.93
1601 1.73
1602 1.65
1603 1.61
1604 1.89
1605 3.71
1606 1.11
1607 3.71
1608 3.02
1609 0.17
1610 0.00
1611 6.88
1612 15.79
1613 30.00
1614 16.47
1615 2.57
1616 0.90
1617 2.20
1618 1.97
1619 1.73
1620 1.77
1621 2.31
1622 2.56
1623 2.02
1624 2.17
1625 1.75
1626 1.59
1627 1.57
1628 2.26
1629 3.15
1630 1.70
1631 2.08
1632 6.78
1633 0.25
1634 15.49
1635 2.98
1636 3.21
1637 24.74
1638 42.86
1639 1.00
1640 0.70
1641 2.11
1642 2.61
1643 1.99
1644 1.62
1645 1.56
1646 1.80
1647 1.77
1648 1.83
1649 1.63
1650 1.73
1651 1.54
1652 2.40
1653 2.24
1654 0.86
1655 12.81
1656 4.64
1657 0.29
1658 15.86
1659 24.49
1660 18.56
1661 30.90
1662 2.46
1663 0.69
1664 0.69
1665 0.89
1666 0.79
1667 1.11
1668 0.79
1669 1.20
1670 0.99
1671 0.93
1672 1.06
1673 1.34
1674 1.63
1675 1.76
1676 1.98
1677 0.90
1678 1.49
1679 12.31
1680 5.45
1681 0.45
1682 3.95
1683 0.00
1684 9.29
1685 25.85
1686 14.44
1687 2.84
1688 0.28
1689 0.36
1690 0.54
1691 0.59
1692 0.81
1693 0.70
1694 0.74
1695 1.00
1696 0.93
1697 1.13
1698 0.98
1699 1.10
1700 1.65
1701 4.60
1702 3.74
1703 11.31
1704 35.64
1705 0.11
1706 29.45
1707 1.50
1708 0.00
1709 14.75
1710 6.94
1711 2.65
1712 0.67
1713 2.19
1714 1.53
1715 1.60
1716 2.06
1717 1.89
1718 2.04
1719 2.41
1720 1.91
1721 1.69
1722 1.81
1723 1.75
1724 2.10
1725 3.16
1726 2.95
1727 5.40
1728 4.03
1729 0.11
1730 22.36
1731 0.00
1732 0.00
1733 0.00
1734 12.62
1735 2.57
1736 0.79
1737 2.14
1738 1.98
1739 2.26
1740 1.99
1741 1.94
1742 1.60
1743 2.05
1744 2.35
1745 1.66
1746 1.66
1747 1.65
1748 2.18
1749 1.97
1750 1.09
1751 6.41
1752 7.43
1753 0.18
1754 51.43
1755 0.00
1756 0.00
1757 12.83
1758 10.96
1759 2.04
1760 0.72
1761 1.49
1762 1.74
1763 2.29
1764 2.05
1765 1.77
1766 2.00
1767 1.83
1768 2.29
1769 1.65
1770 1.37
1771 1.67
1772 2.52
1773 2.39
1774 1.42
1775 15.88
1776 4.31
1777 0.14
1778 8.37
1779 0.42
1780 30.42
1781 0.00
1782 16.39
1783 2.10
1784 1.22
1785 2.14
1786 2.09
1787 2.41
1788 1.82
1789 2.11
1790 2.10
1791 1.88
1792 2.02
1793 1.68
1794 1.51
1795 1.55
1796 1.76
1797 3.93
1798 2.27
1799 1.81
1800 4.59
1801 0.23
1802 20.22
1803 13.90
1804 0.00
1805 48.00
1806 2.83
1807 2.43
1808 0.90
1809 2.32
1810 2.14
1811 1.80
1812 1.77
1813 1.84
1814 2.17
1815 1.92
1816 1.67
1817 1.85
1818 1.64
1819 1.94
1820 2.35
1821 7.09
1822 0.73
1823 21.82
1824 27.83
1825 0.33
1826 5.09
1827 14.34
1828 40.60
1829 29.27
1830 0.00
1831 3.11
1832 0.50
1833 2.28
1834 1.02
1835 1.09
1836 1.09
1837 1.41
1838 1.19
1839 1.07
1840 1.00
1841 1.30
1842 1.94
1843 2.38
1844 1.51
1845 1.04
1846 5.59
1847 12.19
1848 22.46
1849 0.14
1850 0.00
1851 0.00
1852 7.61
1853 23.68
1854 13.71
1855 5.52
1856 1.27
1857 3.23
1858 1.86
1859 1.39
1860 1.87
1861 1.76
1862 2.06
1863 1.53
1864 2.22
1865 1.89
1866 1.59
1867 1.86
1868 2.87
1869 5.75
1870 2.30
1871 4.67
1872 0.00
1873 0.11
1874 0.00
1875 5.34
1876 2.04
1877 39.02
1878 9.28
1879 4.88
1880 1.27
1881 1.93
1882 1.86
1883 1.96
1884 2.09
1885 1.33
1886 1.85
1887 1.82
1888 1.87
1889 1.68
1890 1.50
1891 1.55
1892 1.92
1893 2.95
1894 3.70
1895 1.21
1896 5.54
1897 0.20
1898 21.82
1899 0.00
1900 0.00
1901 24.00
1902 26.15
1903 8.09
1904 0.94
1905 2.53
1906 1.76
1907 2.01
1908 1.82
1909 1.28
1910 1.50
1911 1.89
1912 1.67
1913 1.55
1914 1.74
1915 1.45
1916 2.26
1917 4.92
1918 2.58
1919 5.02
1920 12.97
1921 0.08
1922 0.00
1923 31.86
1924 0.00
1925 8.43
1926 26.60
1927 3.13
1928 1.06
1929 2.57
1930 1.47
1931 1.79
1932 1.70
1933 2.06
1934 2.14
1935 1.60
1936 1.86
1937 1.77
1938 1.61
1939 1.45
1940 1.92
1941 2.47
1942 2.40
1943 5.59
1944 24.86
1945 0.15
1946 0.00
1947 19.46
1948 0.28
1949 0.00
1950 0.00
1951 4.10
1952 0.69
1953 2.79
1954 1.55
1955 1.67
1956 1.65
1957 1.56
1958 1.76
1959 1.59
1960 1.94
1961 2.05
1962 1.76
1963 1.47
1964 1.74
1965 2.91
1966 1.97
1967 1.14
1968 6.97
1969 0.14
1970 0.00
1971 0.00
1972 0.00
1973 1.04
1974 13.48
1975 24.32
1976 0.75
1977 2.01
1978 1.67
1979 1.69
1980 2.02
1981 1.74
1982 1.70
1983 1.86
1984 1.53
1985 1.95
1986 1.84
1987 1.85
1988 2.50
1989 1.27
1990 1.04
1991 2.48
1992 4.31
1993 0.33
1994 6.47
1995 0.23
1996 0.00
1997 0.00
1998 26.87
1999 1.75
2000 0.49
2001 1.27
2002 1.03
2003 1.35
2004 1.17
2005 1.17
2006 1.31
2007 0.99
2008 1.12
2009 1.63
2010 2.05
2011 2.64
2012 2.68
2013 1.99
2014 1.62
2015 7.49
2016 7.48
2017 0.07
2018 0.00
2019 0.00
2020 8.48
2021 0.00
2022 0.00
2023 4.19
2024 1.33
2025 2.44
2026 2.27
2027 1.93
2028 1.84
2029 1.91
2030 1.76
2031 1.82
2032 1.64
2033 1.91
2034 1.88
2035 1.67
2036 2.24
2037 4.10
2038 2.55
2039 7.65
2040 2.21
2041 0.18
2042 0.00
2043 30.77
2044 0.50
2045 20.34
2046 11.83
2047 2.16
2048 1.24
2049 3.10
2050 1.63
2051 1.97
2052 1.63
2053 1.87
2054 1.58
2055 1.74
2056 1.87
2057 1.78
2058 1.66
2059 1.62
2060 1.79
2061 5.30
2062 1.25
2063 2.22
2064 0.00
2065 0.14
2066 21.24
2067 20.45
2068 11.69
2069 0.00
2070 7.99
2071 2.99
2072 0.81
2073 1.96
2074 1.43
2075 1.77
2076 1.80
2077 1.79
2078 2.01
2079 1.90
2080 2.10
2081 1.89
2082 1.46
2083 1.69
2084 2.13
2085 5.11
2086 1.82
2087 8.36
2088 9.84
2089 0.20
2090 0.00
2091 13.41
2092 7.74
2093 5.56
2094 0.32
2095 10.02
2096 0.78
2097 1.74
2098 1.82
2099 1.83
2100 1.74
2101 1.78
2102 1.69
2103 1.55
2104 2.03
2105 1.66
2106 2.10
2107 1.76
2108 2.08
2109 5.77
2110 2.08
2111 2.24
2112 2.39
2113 0.24
2114 16.07
2115 0.00
2116 0.77
2117 11.32
2118 28.27
2119 3.47
2120 1.38
2121 2.76
2122 2.10
2123 1.73
2124 1.93
2125 1.63
2126 2.21
2127 1.74
2128 2.23
2129 1.94
2130 2.29
2131 1.49
2132 1.63
2133 1.72
2134 4.10
2135 2.50
2136 9.17
2137 0.12
2138 9.20
2139 18.18
2140 2.39
2141 1.17
2142 30.25
2143 4.82
2144 1.14
2145 1.67
2146 2.08
2147 2.08
2148 1.92
2149 1.60
2150 1.72
2151 1.50
2152 1.71
2153 1.89
2154 2.07
2155 1.69
2156 2.28
2157 2.78
2158 2.33
2159 1.12
2160 1.85
2161 0.32
2162 0.00
2163 2.94
2164 44.44
2165 13.58
2166 22.78
2167 2.19
2168 0.87
2169 0.93
2170 0.87
2171 0.86
2172 0.80
2173 0.89
2174 1.12
2175 1.24
2176 1.11
2177 1.10
2178 1.57
2179 3.27
2180 0.73
2181 6.06
2182 4.45
2183 2.27
2184 59.02
2185 0.18
2186 2.47
2187 9.45
2188 3.83
2189 0.41
2190 2.04
2191 2.42
2192 1.21
2193 2.10
2194 2.23
2195 1.98
2196 1.84
2197 1.58
2198 1.86
2199 1.87
2200 1.94
2201 1.94
2202 1.60
2203 1.77
2204 2.30
2205 4.43
2206 8.13
2207 6.67
2208 9.25
2209 0.12
2210 14.88
2211 0.00
2212 19.25
2213 0.00
2214 14.49
2215 1.07
2216 1.62
2217 3.65
2218 1.99
2219 2.14
2220 2.18
2221 1.86
2222 1.61
2223 1.65
2224 1.89
2225 1.63
2226 1.58
2227 1.50
2228 1.50
2229 2.75
2230 2.30
2231 2.05
2232 9.18
2233 0.23
2234 0.00
2235 0.00
2236 0.00
2237 6.32
2238 11.15
2239 3.30
2240 1.56
2241 2.23
2242 1.81
2243 2.21
2244 1.95
2245 1.60
2246 1.57
2247 1.86
2248 1.71
2249 2.07
2250 1.80
2251 1.35
2252 2.02
2253 3.41
2254 7.99
2255 3.61
2256 5.30
2257 0.20
2258 38.30
2259 13.48
2260 59.02
2261 27.48
2262 6.94
2263 9.64
2264 1.22
2265 2.42
2266 1.93
2267 2.25
2268 1.92
2269 1.77
2270 1.69
2271 1.63
2272 2.17
2273 1.94
2274 1.96
2275 1.36
2276 2.03
2277 2.52
2278 2.88
2279 18.03
2280 8.42
2281 0.21
2282 8.29
2283 3.33
2284 5.90
2285 0.00
2286 14.78
2287 1.38
2288 0.27
2289 0.52
2290 0.70
2291 0.58
2292 0.72
2293 0.89
2294 0.74
2295 0.70
2296 0.75
2297 0.70
2298 0.79
2299 1.00
2300 1.37
2301 3.08
2302 0.80
2303 1.74
2304 2.30
2305 0.13
2306 0.00
2307 0.00
2308 0.00
2309 0.29
2310 12.08
2311 1.13
2312 0.36
2313 1.41
2314 0.88
2315 1.34
2316 1.38
2317 1.33
2318 1.26
2319 1.69
2320 1.50
2321 1.60
2322 1.41
2323 1.26
2324 1.49
2325 1.45
2326 9.09
2327 2.14
2328 10.02
2329 0.22
2330 0.32
2331 23.84
2332 15.45
2333 0.78
2334 19.67
2335 2.35
2336 0.58
2337 0.91
2338 0.76
2339 0.94
2340 0.89
2341 1.00
2342 1.00
2343 0.92
2344 0.91
2345 1.06
2346 1.26
2347 1.68
2348 0.84
2349 0.71
2350 7.01
2351 3.97
2352 4.30
2353 0.22
2354 0.00
2355 0.88
2356 25.99
2357 0.67
2358 0.00
2359 3.91
2360 0.23
2361 0.50
2362 0.53
2363 0.49
2364 0.83
2365 0.68
2366 0.73
2367 0.76
2368 0.81
2369 1.12
2370 0.99
2371 1.31
2372 1.69
2373 2.13
2374 3.83
2375 12.02
2376 25.71
2377 0.19
2378 0.00
2379 0.00
2380 0.00
2381 20.45
2382 1.49
2383 1.63
2384 1.13
2385 2.27
2386 2.18
2387 2.06
2388 2.24
2389 1.90
2390 1.77
2391 1.69
2392 1.91
2393 1.93
2394 2.22
2395 1.84
2396 2.00
2397 4.16
2398 2.86
2399 2.93
2400 20.81
2401 0.12
2402 0.00
2403 0.00
2404 0.00
2405 0.00
2406 0.79
2407 1.80
2408 1.15
2409 2.81
2410 2.51
2411 1.77
2412 1.89
2413 1.61
2414 1.83
2415 1.87
2416 2.20
2417 1.73
2418 1.89
2419 1.47
2420 1.61
2421 5.88
2422 7.14
2423 1.63
2424 16.82
2425 0.10
2426 0.92
2427 1.26
2428 0.00
2429 0.60
2430 16.78
2431 11.36
2432 1.49
2433 2.00
2434 1.85
2435 1.91
2436 1.92
2437 1.69
2438 1.79
2439 1.77
2440 1.47
2441 2.10
2442 1.59
2443 1.50
2444 1.91
2445 2.70
2446 1.83
2447 4.65
2448 7.74
2449 0.19
2450 0.00
2451 0.63
2452 33.64
2453 4.67
2454 27.69
2455 2.56
2456 1.27
2457 2.06
2458 2.24
2459 2.10
2460 2.07
2461 1.65
2462 1.59
2463 1.80
2464 2.24
2465 2.25
2466 1.89
2467 1.53
2468 1.85
2469 2.03
2470 1.41
2471 1.27
2472 1.78
2473 0.19
2474 0.00
2475 6.07
2476 1.77
2477 14.15
2478 27.17
2479 10.04
2480 1.30
2481 3.41
2482 2.17
2483 2.00
2484 1.60
2485 1.81
2486 1.58
2487 1.86
2488 1.61
2489 1.80
2490 1.88
2491 1.60
2492 1.77
2493 4.06
2494 0.90
2495 2.75
2496 3.01
2497 0.32
2498 3.04
2499 22.78
2500 0.00
2501 28.12
2502 38.71
2503 2.82
2504 0.67
2505 0.90
2506 0.84
2507 0.89
2508 1.03
2509 0.93
2510 0.94
2511 0.91
2512 1.11
2513 1.23
2514 1.71
2515 2.72
2516 3.01
2517 0.53
2518 0.80
2519 40.45
2520 0.00
2521 0.19
2522 2.93
2523 0.47
2524 0.00
2525 37.89
2526 3.14
2527 0.93
2528 1.63
2529 2.02
2530 2.04
2531 2.26
2532 2.05
2533 1.70
2534 1.68
2535 1.64
2536 1.94
2537 1.62
2538 1.88
2539 1.62
2540 1.93
2541 2.48
2542 2.28
2543 3.25
2544 5.49
2545 0.14
2546 0.00
2547 0.00
2548 2.45
2549 0.00
2550 0.00
2551 2.60
2552 0.98
2553 3.52
2554 1.68
2555 2.12
2556 1.93
2557 1.76
2558 1.74
2559 1.62
2560 1.83
2561 1.81
2562 1.70
2563 1.46
2564 1.79
2565 3.70
2566 1.32
2567 32.73
2568 23.68
2569 0.14
2570 9.10
2571 1.07
2572 3.07
2573 15.72
2574 15.13
2575 3.70
2576 1.11
2577 1.78
2578 1.82
2579 1.74
2580 1.77
2581 1.70
2582 1.96
2583 1.73
2584 1.84
2585 1.93
2586 1.58
2587 1.56
2588 2.08
2589 2.91
2590 5.35
2591 13.74
2592 7.47
2593 0.21
2594 0.00
2595 36.18
2596 37.89
2597 8.71
2598 11.91
2599 3.14
2600 1.30
2601 1.91
2602 1.93
2603 2.04
2604 2.20
2605 1.88
2606 1.76
2607 1.50
2608 2.11
2609 1.71
2610 1.60
2611 1.58
2612 2.02
2613 4.10
2614 0.85
2615 1.01
2616 14.63
2617 0.17
2618 0.00
2619 0.00
2620 0.00
2621 15.13
2622 29.75
2623 2.82
2624 1.30
2625 1.97
2626 2.22
2627 1.83
2628 1.78
2629 1.83
2630 1.66
2631 1.82
2632 2.14
2633 2.29
2634 1.62
2635 1.73
2636 1.91
2637 2.25
2638 1.59
2639 1.75
2640 4.50
2641 0.17
2642 0.00
2643 0.00
2644 0.00
2645 0.55
2646 9.60
2647 3.27
2648 0.48
2649 1.14
2650 1.41
2651 1.27
2652 1.71
2653 1.40
2654 1.02
2655 1.50
2656 1.19
2657 1.62
2658 1.51
2659 1.39
2660 1.36
2661 4.78
2662 12.29
2663 2.76
2664 7.75
2665 0.23
2666 0.52
2667 1.05
2668 10.94
2669 6.90
2670 0.00
2671 10.89
2672 0.27
2673 0.63
2674 0.96
2675 0.68
2676 0.88
2677 0.81
2678 0.75
2679 1.06
2680 0.97
2681 1.24
2682 1.85
2683 5.25
2684 1.08
2685 1.35
2686 2.09
2687 2.25
2688 51.43
2689 0.14
2690 44.44
2691 0.88
2692 0.00
2693 0.00
2694 2.80
2695 1.15
2696 0.50
2697 1.80
2698 1.62
2699 1.60
2700 2.11
2701 2.17
2702 1.42
2703 1.92
2704 1.78
2705 1.51
2706 1.52
2707 1.47
2708 1.72
2709 5.93
2710 0.69
2711 5.48
2712 1.89
2713 0.10
2714 0.82
2715 0.66
2716 32.14
2717 2.84
2718 27.69
2719 1.29
2720 0.67
2721 1.47
2722 0.97
2723 1.46
2724 1.37
2725 1.58
2726 1.61
2727 1.60
2728 1.52
2729 1.85
2730 1.42
2731 1.46
2732 1.94
2733 3.17
2734 1.89
2735 7.07
2736 11.46
2737 0.17
2738 0.00
2739 47.37
2740 26.77
2741 57.14
2742 35.29
2743 14.12
2744 0.19
2745 0.25
2746 0.50
2747 0.46
2748 0.52
2749 0.48
2750 0.54
2751 0.48
2752 0.53
2753 0.91
2754 0.76
2755 1.06
2756 1.40
2757 3.60
2758 1.55
2759 1.60
2760 21.43
2761 0.15
2762 0.00
2763 0.00
2764 22.78
2765 26.18
2766 8.25
2767 2.71
2768 1.48
2769 2.82
2770 2.59
2771 1.55
2772 2.09
2773 1.61
2774 1.92
2775 1.40
2776 1.78
2777 1.81
2778 1.53
2779 1.61
2780 1.77
2781 2.06
2782 1.26
2783 5.88
2784 5.36
2785 0.23
2786 2.87
2787 41.38
2788 0.00
2789 33.03
2790 0.94
2791 2.23
2792 1.40
2793 2.79
2794 1.73
2795 1.81
2796 1.90
2797 1.57
2798 1.65
2799 1.99
2800 1.69
2801 1.78
2802 1.65
2803 1.33
2804 1.88
2805 1.78
2806 2.06
2807 3.08
2808 3.72
2809 0.21
2810 10.39
2811 59.02
2812 0.00
2813 0.00
2814 0.00
2815 3.01
2816 1.00
2817 2.72
2818 1.93
2819 1.65
2820 1.51
2821 1.60
2822 1.31
2823 1.76
2824 1.62
2825 1.74
2826 1.63
2827 1.62
2828 1.57
2829 1.70
2830 4.97
2831 3.91
2832 1.72
2833 0.26
2834 1.72
2835 45.00
2836 53.73
2837 50.70
2838 8.88
2839 1.68
2840 0.50
2841 0.88
2842 0.85
2843 1.24
2844 0.94
2845 1.26
2846 0.95
2847 1.14
2848 1.17
2849 1.17
2850 1.58
2851 4.72
2852 4.08
2853 1.61
2854 1.13
2855 3.89
2856 8.05
2857 0.15
2858 48.00
2859 16.00
2860 0.00
2861 4.36
2862 31.41
2863 2.95
2864 1.54
2865 3.12
2866 2.54
2867 1.81
2868 2.46
2869 1.96
2870 1.78
2871 2.17
2872 1.71
2873 2.31
2874 1.51
2875 1.56
2876 2.05
2877 3.68
2878 2.01
2879 2.83
2880 18.60
2881 0.14
2882 46.15
2883 0.00
2884 55.38
2885 30.25
2886 2.19
2887 2.94
2888 1.61
2889 2.42
2890 1.87
2891 1.57
2892 1.73
2893 1.41
2894 1.77
2895 1.90
2896 1.92
2897 1.87
2898 1.80
2899 1.50
2900 1.93
2901 2.64
2902 0.70
2903 2.66
2904 51.43
2905 0.22
2906 2.49
2907 7.90
2908 50.70
2909 38.57
2910 8.55
2911 4.10
2912 1.42
2913 1.98
2914 1.72
2915 1.90
2916 1.77
2917 1.70
2918 1.33
2919 1.78
2920 1.83
2921 1.91
2922 1.48
2923 1.64
2924 1.87
2925 3.64
2926 50.70
2927 41.86
2928 5.86
2929 0.21
2930 0.00
2931 0.00
2932 0.00
2933 0.00
2934 1.22
2935 2.77
2936 1.26
2937 2.24
2938 2.03
2939 1.92
2940 1.92
2941 1.88
2942 1.84
2943 1.70
2944 1.60
2945 1.93
2946 1.52
2947 1.68
2948 1.79
2949 2.74
2950 1.61
2951 11.68
2952 19.10
2953 0.16
2954 1.98
2955 3.03
2956 12.24
2957 33.96
2958 14.85
2959 4.54
2960 1.23
2961 1.81
2962 1.84
2963 1.92
2964 1.74
2965 1.87
2966 1.83
2967 1.88
2968 2.02
2969 2.14
2970 1.75
2971 1.64
2972 1.77
2973 1.44
2974 0.90
2975 2.64
2976 5.74
2977 0.23
2978 8.93
2979 30.25
2980 20.34
2981 0.00
2982 0.00
2983 11.96
2984 0.74
2985 3.52
2986 2.16
2987 1.57
2988 1.62
2989 1.92
2990 1.72
2991 1.99
2992 1.49
2993 1.87
2994 1.83
2995 1.74
2996 1.75
2997 1.48
2998 3.63
2999 0.00
3000 12.10
3001 0.23
3002 0.44
3003 12.90
3004 10.59
3005 2.74
3006 16.36
3007 0.93
3008 0.57
3009 1.32
3010 1.13
3011 1.15
3012 0.85
3013 1.24
3014 0.98
3015 1.05
3016 1.03
3017 1.39
3018 1.27
3019 3.90
3020 0.78
3021 2.29
3022 9.39
3023 3.15
3024 2.08
3025 0.14
3026 0.21
3027 1.27
3028 9.07
3029 0.00
3030 40.45
3031 2.37
3032 1.09
3033 1.61
3034 2.44
3035 2.05
3036 1.99
3037 1.82
3038 1.81
3039 1.80
3040 1.82
3041 1.82
3042 1.49
3043 1.65
3044 1.73
3045 3.16
3046 1.58
3047 4.88
3048 3.73
3049 0.17
3050 0.00
3051 0.00
3052 4.80
3053 13.11
3054 20.40
3055 3.11
3056 1.50
3057 1.48
3058 1.65
3059 1.89
3060 1.56
3061 1.98
3062 1.76
3063 1.81
3064 2.03
3065 1.59
3066 1.80
3067 1.63
3068 2.23
3069 2.99
3070 1.54
3071 4.81
3072 3.20
3073 0.19
3074 3.91
3075 2.69
3076 0.00
3077 10.43
3078 11.44
3079 0.68
3080 1.11
3081 1.99
3082 2.07
3083 2.01
3084 2.02
3085 1.54
3086 1.61
3087 1.88
3088 1.75
3089 1.71
3090 1.76
3091 1.62
3092 2.21
3093 4.13
3094 2.32
3095 23.50
3096 7.66
3097 0.06
3098 0.00
3099 1.09
3100 17.65
3101 37.89
3102 36.36
3103 3.05
3104 1.28
3105 2.57
3106 1.75
3107 1.73
3108 1.93
3109 1.82
3110 1.65
3111 1.80
3112 2.00
3113 1.94
3114 1.58
3115 1.57
3116 1.88
3117 2.02
3118 1.35
3119 15.04
3120 6.43
3121 0.13
3122 21.56
3123 0.00
3124 4.56
3125 12.53
3126 8.59
3127 2.49
3128 1.44
3129 1.59
3130 1.69
3131 2.12
3132 1.60
3133 2.02
3134 1.67
3135 1.74
3136 2.00
3137 1.97
3138 1.94
3139 1.49
3140 1.63
3141 1.20
3142 7.79
3143 0.89
3144 2.98
3145 0.13
3146 0.00
3147 5.65
3148 0.00
3149 0.00
3150 24.24
3151 34.29
3152 1.05
3153 1.90
3154 2.02
3155 1.86
3156 1.85
3157 1.62
3158 1.74
3159 1.99
3160 1.79
3161 1.92
3162 2.06
3163 1.49
3164 1.66
3165 2.53
3166 1.63
3167 0.75
3168 2.35
3169 0.20
3170 5.97
3171 0.00
3172 32.34
3173 0.00
3174 0.00
3175 2.26
3176 0.81
3177 0.79
3178 0.92
3179 1.17
3180 0.80
3181 1.02
3182 1.07
3183 1.63
3184 1.10
3185 1.24
3186 1.73
3187 2.39
3188 2.76
3189 0.93
3190 4.90
3191 6.41
3192 1.05
3193 0.13
3194 0.00
3195 5.22
3196 0.00
3197 9.47
3198 3.81
3199 3.35
3200 1.36
3201 2.89
3202 2.33
3203 2.14
3204 1.52
3205 1.60
3206 1.63
3207 2.02
3208 2.12
3209 1.86
3210 1.75
3211 1.72
3212 2.48
3213 2.43
3214 1.95
3215 3.00
3216 1.67
3217 0.08
3218 0.00
3219 0.33
3220 15.00
3221 11.59
3222 9.96
3223 4.72
3224 0.70
3225 2.42
3226 2.27
3227 1.83
3228 1.90
3229 1.56
3230 1.92
3231 1.86
3232 2.10
3233 1.58
3234 1.74
3235 1.52
3236 1.75
3237 4.37
3238 7.84
3239 7.20
3240 1.85
3241 0.24
3242 34.29
3243 0.66
3244 0.00
3245 32.43
3246 21.56
3247 8.15
3248 0.84
3249 2.92
3250 1.87
3251 1.73
3252 1.68
3253 1.86
3254 2.13
3255 1.81
3256 2.31
3257 1.48
3258 1.96
3259 1.84
3260 1.92
3261 3.76
3262 3.00
3263 4.54
3264 4.48
3265 0.13
3266 27.69
3267 23.84
3268 0.00
3269 24.16
3270 15.61
3271 2.80
3272 1.19
3273 2.28
3274 2.36
3275 2.03
3276 1.66
3277 1.42
3278 1.55
3279 1.62
3280 1.82
3281 1.68
3282 1.60
3283 1.38
3284 1.77
3285 3.39
3286 12.12
3287 6.12
3288 14.04
3289 0.20
3290 48.00
3291 0.74
3292 25.09
3293 23.84
3294 20.42
3295 3.83
3296 0.93
3297 3.02
3298 1.86
3299 2.22
3300 1.93
3301 1.98
3302 1.94
3303 1.89
3304 1.61
3305 1.93
3306 1.68
3307 1.97
3308 1.62
3309 5.43
3310 3.10
3311 1.37
3312 4.19
3313 0.14
3314 0.00
3315 0.00
3316 0.82
3317 17.22
3318 0.00
3319 21.82
3320 0.77
3321 2.30
3322 1.59
3323 1.47
3324 1.68
3325 1.72
3326 1.82
3327 1.51
3328 1.65
3329 1.91
3330 1.43
3331 1.49
3332 2.04
3333 1.31
3334 0.62
3335 1.46
3336 1.03
3337 0.26
3338 4.61
3339 0.00
3340 2.80
3341 0.00
3342 4.80
3343 2.25
3344 0.57
3345 0.74
3346 0.96
3347 1.03
3348 1.03
3349 1.09
3350 0.83
3351 0.88
3352 1.00
3353 1.09
3354 1.61
3355 1.03
3356 1.59
3357 7.13
3358 15.43
3359 5.65
3360 11.59
3361 0.16
3362 33.49
3363 5.29
3364 0.62
3365 3.14
3366 10.50
3367 9.92
3368 0.94
3369 1.85
3370 1.72
3371 1.83
3372 1.93
3373 1.96
3374 1.84
3375 2.09
3376 2.09
3377 2.00
3378 1.52
3379 1.74
3380 2.14
3381 3.78
3382 1.27
3383 6.47
3384 0.00
3385 0.15
3386 2.25
3387 0.73
3388 0.00
3389 0.00
3390 34.45
3391 14.97
3392 1.18
3393 1.63
3394 2.06
3395 1.71
3396 1.83
3397 1.62
3398 1.82
3399 1.90
3400 1.90
3401 1.90
3402 1.34
3403 1.61
3404 1.65
3405 4.88
3406 2.97
3407 11.37
3408 45.57
3409 0.08
3410 16.90
3411 0.63
3412 1.82
3413 7.02
3414 4.87
3415 2.47
3416 0.86
3417 2.89
3418 1.83
3419 1.90
3420 1.96
3421 1.75
3422 1.50
3423 1.57
3424 1.81
3425 1.65
3426 1.73
3427 1.61
3428 2.12
3429 4.63
3430 1.85
3431 17.24
3432 26.15
3433 0.21
3434 9.57
3435 1.90
3436 8.59
3437 0.00
3438 25.00
3439 19.67
3440 1.03
3441 1.90
3442 2.29
3443 1.75
3444 2.03
3445 1.86
3446 1.55
3447 1.69
3448 1.89
3449 1.71
3450 1.40
3451 1.50
3452 1.93
3453 3.64
3454 3.64
3455 5.25
3456 4.03
3457 0.23
3458 7.24
3459 0.43
3460 0.00
3461 3.73
3462 28.92
3463 1.34
3464 1.30
3465 2.39
3466 1.52
3467 1.82
3468 1.92
3469 1.78
3470 1.83
3471 1.86
3472 1.60
3473 1.90
3474 1.59
3475 1.49
3476 1.60
3477 2.42
3478 2.58
3479 1.22
3480 10.40
3481 0.44
3482 0.61
3483 0.00
3484 0.00
3485 0.00
3486 0.00
3487 25.65
3488 1.29
3489 2.33
3490 1.23
3491 1.77
3492 1.91
3493 1.49
3494 1.51
3495 1.47
3496 1.56
3497 1.80
3498 1.60
3499 1.34
3500 1.76
3501 3.88
3502 1.16
3503 1.16
3504 9.28
3505 0.30
3506 7.81
3507 6.87
3508 4.54
3509 46.75
3510 37.89
3511 12.44
3512 0.62
3513 1.02
3514 0.85
3515 1.21
3516 0.89
3517 1.06
3518 1.00
3519 0.73
3520 1.05
3521 1.04
3522 1.82
3523 3.97
3524 1.41
3525 1.49
3526 2.09
3527 1.33
3528 41.86
3529 0.15
3530 0.00
3531 0.35
3532 2.06
3533 8.75
3534 7.89
3535 1.86
3536 1.30
3537 2.32
3538 2.18
3539 2.40
3540 1.69
3541 2.02
3542 1.93
3543 1.82
3544 1.89
3545 2.34
3546 1.69
3547 1.74
3548 2.00
3549 3.94
3550 2.46
3551 2.18
3552 16.29
3553 0.27
3554 0.66
3555 4.34
3556 48.65
3557 58.06
3558 16.27
3559 2.72
3560 1.79
3561 1.75
3562 1.56
3563 1.72
3564 1.52
3565 1.55
3566 1.81
3567 1.80
3568 1.79
3569 2.03
3570 1.71
3571 1.78
3572 2.15
3573 4.55
3574 3.20
3575 3.00
3576 25.06
3577 0.14
3578 13.85
3579 1.10
3580 2.43
3581 26.87
3582 11.09
3583 3.44
3584 1.29
3585 2.15
3586 1.63
3587 2.06
3588 2.01
3589 2.14
3590 2.07
3591 2.02
3592 1.97
3593 1.72
3594 1.49
3595 1.52
3596 2.07
3597 3.08
3598 6.45
3599 4.19
3600 11.32
3601 0.12
3602 0.00
3603 0.46
3604 56.25
3605 0.00
3606 1.43
3607 4.45
3608 1.15
3609 3.43
3610 1.89
3611 2.01
3612 1.70
3613 1.80
3614 1.63
3615 1.61
3616 1.78
3617 2.06
3618 1.69
3619 1.71
3620 2.02
3621 2.74
3622 2.59
3623 2.05
3624 12.03
3625 0.24
3626 16.69
3627 0.58
3628 0.00
3629 22.36
3630 18.80
3631 2.26
3632 1.00
3633 2.54
3634 2.06
3635 1.81
3636 1.83
3637 1.53
3638 1.67
3639 1.98
3640 2.04
3641 2.42
3642 1.60
3643 1.36
3644 1.83
3645 2.32
3646 1.45
3647 3.94
3648 4.18
3649 0.22
3650 0.00
3651 9.47
3652 14.30
3653 2.32
3654 16.74
3655 9.48
3656 0.92
3657 1.65
3658 1.80
3659 1.74
3660 1.79
3661 1.78
3662 1.40
3663 1.58
3664 1.63
3665 1.74
3666 1.57
3667 1.57
3668 1.84
3669 3.86
3670 1.87
3671 0.85
3672 3.25
3673 0.33
3674 6.27
3675 2.07
3676 4.33
3677 2.20
3678 6.25
3679 1.79
3680 0.44
3681 0.82
3682 1.04
3683 0.90
3684 0.90
3685 0.85
3686 0.93
3687 1.01
3688 0.93
3689 1.18
3690 1.32
3691 2.39
3692 1.44
3693 1.71
3694 1.50
3695 7.26
3696 0.00
3697 0.16
3698 9.24
3699 0.25
3700 20.57
3701 15.88
3702 7.94
3703 1.45
3704 1.35
3705 3.55
3706 1.87
3707 1.98
3708 2.15
3709 1.57
3710 1.62
3711 1.79
3712 1.31
3713 1.79
3714 1.86
3715 2.10
3716 2.27
3717 3.94
3718 6.33
3719 4.13
3720 5.14
3721 0.13
3722 48.65
3723 2.39
3724 4.62
3725 5.86
3726 5.48
3727 1.43
3728 1.52
3729 2.10
3730 1.80
3731 1.92
3732 1.92
3733 1.89
3734 1.79
3735 1.62
3736 1.73
3737 1.65
3738 1.52
3739 1.82
3740 1.90
3741 2.37
3742 3.02
3743 3.48
3744 24.32
3745 0.23
3746 5.76
3747 0.87
3748 4.71
3749 26.28
3750 0.00
3751 11.48
3752 1.33
3753 1.62
3754 1.62
3755 1.63
3756 2.27
3757 1.59
3758 1.96
3759 1.88
3760 2.12
3761 2.11
3762 1.66
3763 1.59
3764 2.26
3765 2.84
3766 4.13
3767 8.71
3768 13.92
3769 0.76
3770 2.65
3771 0.24
3772 24.49
3773 6.60
3774 2.00
3775 1.95
3776 1.67
3777 2.10
3778 1.82
3779 2.13
3780 1.73
3781 1.82
3782 1.79
3783 1.47
3784 1.63
3785 2.03
3786 1.71
3787 1.73
3788 1.92
3789 2.58
3790 4.08
3791 4.07
3792 4.12
3793 0.18
3794 0.94
3795 0.73
3796 31.17
3797 16.74
3798 19.46
3799 0.87
3800 1.74
3801 2.02
3802 2.33
3803 1.84
3804 1.73
3805 1.65
3806 1.88
3807 1.77
3808 1.99
3809 1.76
3810 1.61
3811 1.39
3812 1.74
3813 1.73
3814 8.02
3815 4.06
3816 3.47
3817 0.34
3818 12.74
3819 11.99
3820 1.25
3821 6.72
3822 13.85
3823 17.18
3824 1.15
3825 2.23
3826 1.83
3827 1.84
3828 1.80
3829 1.50
3830 1.44
3831 1.48
3832 1.63
3833 2.02
3834 1.38
3835 1.34
3836 1.67
3837 5.46
3838 0.90
3839 1.24
3840 0.00
3841 0.26
3842 2.61
3843 30.86
3844 1.49
3845 12.81
3846 1.05
3847 32.58
3848 1.01
3849 0.70
3850 1.20
3851 1.01
3852 0.85
3853 1.13
3854 0.80
3855 1.00
3856 1.03
3857 1.08
3858 2.05
3859 4.43
3860 1.86
3861 2.44
3862 1.77
3863 2.15
3864 5.98
3865 0.31
3866 20.20
3867 43.90
3868 0.13
3869 12.33
3870 17.02
3871 1.04
3872 0.27
3873 0.22
3874 0.44
3875 0.47
3876 0.62
3877 0.65
3878 0.66
3879 0.72
3880 1.02
3881 1.02
3882 1.08
3883 1.29
3884 1.69
3885 3.55
3886 2.88
3887 10.41
3888 16.19
3889 0.24
3890 2.54
3891 1.95
3892 0.25
3893 0.00
3894 8.93
3895 1.46
3896 1.87
3897 3.84
3898 2.16
3899 1.88
3900 1.50
3901 1.80
3902 1.97
3903 1.64
3904 1.98
3905 2.02
3906 1.58
3907 1.90
3908 2.25
3909 3.66
3910 4.17
3911 4.68
3912 2.67
3913 0.24
3914 26.37
3915 0.00
3916 1.23
3917 0.00
3918 16.55
3919 37.66
3920 1.38
3921 1.56
3922 2.14
3923 1.86
3924 1.63
3925 1.97
3926 1.59
3927 1.92
3928 2.01
3929 2.11
3930 1.64
3931 1.76
3932 2.02
3933 4.46
3934 3.50
3935 14.45
3936 9.66
3937 0.16
3938 1.93
3939 0.94
3940 14.78
3941 0.79
3942 1.96
3943 1.89
3944 1.00
3945 3.22
3946 1.95
3947 2.13
3948 1.63
3949 1.88
3950 1.72
3951 1.98
3952 1.76
3953 1.56
3954 1.48
3955 1.66
3956 1.91
3957 2.25
3958 0.56
3959 13.58
3960 4.67
3961 0.38
3962 8.57
3963 8.42
3964 2.37
3965 0.00
3966 24.49
3967 3.55
3968 1.81
3969 1.90
3970 2.20
3971 1.91
3972 1.59
3973 1.70
3974 1.65
3975 1.81
3976 1.92
3977 1.87
3978 1.65
3979 1.37
3980 1.46
3981 2.15
3982 3.07
3983 2.39
3984 7.10
3985 0.51
3986 28.80
3987 1.49
3988 1.91
3989 10.33
3990 32.00
3991 24.66
3992 0.95
3993 1.71
3994 2.17
3995 1.72
3996 1.88
3997 1.40
3998 1.45
3999 1.99
4000 1.70
4001 1.88
4002 1.64
4003 1.65
4004 1.82
4005 2.08
4006 0.95
4007 8.02
4008 1.78
4009 0.35
4010 2.36
4011 8.26
4012 19.15
4013 9.13
4014 26.87
4015 3.77
4016 0.46
4017 0.95
4018 0.90
4019 0.87
4020 0.96
4021 1.10
4022 0.84
4023 1.29
4024 1.07
4025 1.20
4026 1.46
4027 2.39
4028 1.70
4029 3.12
4030 1.87
4031 4.52
4032 4.74
4033 0.25
4034 0.78
4035 0.00
4036 10.83
4037 0.74
4038 39.56
4039 1.72
4040 1.18
4041 2.52
4042 2.48
4043 2.32
4044 1.82
4045 1.47
4046 1.91
4047 2.00
4048 1.99
4049 2.03
4050 1.81
4051 1.87
4052 2.60
4053 3.91
4054 18.41
4055 6.67
4056 14.40
4057 0.26
4058 28.46
4059 15.08
4060 0.00
4061 18.56
4062 40.91
4063 11.34
4064 1.48
4065 2.24
4066 2.17
4067 2.03
4068 2.00
4069 1.78
4070 2.06
4071 1.74
4072 1.79
4073 1.93
4074 1.66
4075 1.56
4076 1.82
4077 5.13
4078 2.52
4079 2.73
4080 11.48
4081 0.12
4082 22.86
4083 1.90
4084 0.00
4085 2.05
4086 46.15
4087 5.68
4088 1.17
4089 2.02
4090 1.57
4091 2.09
4092 1.78
4093 1.77
4094 2.05
4095 1.78
4096 2.21
4097 1.86
4098 1.64
4099 1.52
4100 1.88
4101 1.88
4102 9.98
4103 2.50
4104 12.33
4105 0.14
4106 22.22
4107 38.71
4108 0.00
4109 0.69
4110 19.20
4111 1.27
4112 1.58
4113 3.68
4114 1.95
4115 1.38
4116 2.15
4117 1.56
4118 1.77
4119 1.65
4120 1.94
4121 1.72
4122 1.83
4123 1.56
4124 1.70
4125 3.08
4126 0.91
4127 11.11
4128 4.86
4129 0.17
4130 16.59
4131 6.64
4132 11.78
4133 24.66
4134 10.55
4135 2.24
4136 1.28
4137 1.63
4138 1.57
4139 2.46
4140 2.27
4141 1.49
4142 1.79
4143 2.10
4144 2.42
4145 1.81
4146 2.01
4147 1.46
4148 1.91
4149 2.20
4150 1.55
4151 2.66
4152 9.82
4153 0.21
4154 8.92
4155 18.82
4156 7.73
4157 40.56
4158 15.06
4159 1.65
4160 1.33
4161 2.20
4162 2.16
4163 1.78
4164 1.68
4165 1.50
4166 1.70
4167 1.54
4168 1.86
4169 1.90
4170 1.91
4171 1.72
4172 1.97
4173 4.21
4174 1.97
4175 1.55
4176 2.97
4177 0.34
4178 1.89
4179 1.21
4180 0.00
4181 4.49
4182 11.34
4183 13.65
4184 0.65
4185 0.95
4186 1.04
4187 0.83
4188 0.73
4189 0.91
4190 0.88
4191 1.02
4192 0.91
4193 1.02
4194 1.46
4195 1.99
4196 4.87
4197 4.57
4198 2.00
4199 2.78
4200 30.77
4201 0.10
4202 18.46
4203 12.01
4204 46.75
4205 50.70
4206 12.20
4207 6.35
4208 1.54
4209 2.23
4210 2.01
4211 2.17
4212 1.55
4213 1.92
4214 1.86
4215 2.22
4216 1.73
4217 1.96
4218 2.22
4219 1.68
4220 2.41
4221 4.09
4222 12.05
4223 4.07
4224 9.48
4225 0.20
4226 16.64
4227 0.00
4228 3.81
4229 3.52
4230 14.09
4231 9.59
4232 0.98
4233 3.08
4234 2.23
4235 1.91
4236 1.66
4237 1.61
4238 2.02
4239 1.79
4240 1.94
4241 2.30
4242 1.95
4243 1.82
4244 2.05
4245 4.36
4246 9.07
4247 3.74
4248 6.14
4249 0.19
4250 2.34
4251 0.85
4252 8.53
4253 15.96
4254 16.82
4255 2.10
4256 1.11
4257 2.29
4258 2.02
4259 2.00
4260 2.36
4261 2.09
4262 1.89
4263 2.20
4264 2.24
4265 1.95
4266 1.66
4267 1.68
4268 2.33
4269 2.41
4270 11.34
4271 9.98
4272 6.06
4273 0.21
4274 22.57
4275 57.14
4276 10.91
4277 1.71
4278 0.00
4279 2.08
4280 1.56
4281 2.18
4282 2.19
4283 2.45
4284 2.03
4285 1.89
4286 1.72
4287 1.75
4288 1.92
4289 1.98
4290 1.48
4291 1.79
4292 1.90
4293 2.64
4294 3.95
4295 2.27
4296 6.94
4297 0.18
4298 11.29
4299 10.10
4300 2.11
4301 11.21
4302 2.14
4303 1.67
4304 1.13
4305 1.74
4306 2.20
4307 1.97
4308 2.18
4309 1.84
4310 1.88
4311 1.72
4312 1.89
4313 1.93
4314 1.81
4315 1.84
4316 2.10
4317 2.43
4318 1.54
4319 2.12
4320 3.71
4321 0.31
4322 0.69
4323 13.98
4324 6.95
4325 10.48
4326 0.00
4327 7.33
4328 1.15
4329 2.30
4330 2.10
4331 1.67
4332 1.66
4333 1.84
4334 1.38
4335 1.58
4336 2.12
4337 1.67
4338 1.91
4339 1.80
4340 1.72
4341 3.72
4342 4.22
4343 2.67
4344 2.15
4345 0.34
4346 0.52
4347 9.47
4348 39.13
4349 8.80
4350 0.00
4351 10.05
4352 0.62
4353 0.91
4354 0.63
4355 0.92
4356 1.42
4357 0.89
4358 0.89
4359 1.10
4360 1.02
4361 1.24
4362 1.79
4363 2.39
4364 1.79
4365 2.09
4366 2.20
4367 2.03
4368 2.76
4369 0.20
4370 0.00
4371 0.00
4372 22.22
4373 2.59
4374 11.80
4375 4.82
4376 1.87
4377 2.20
4378 1.57
4379 1.73
4380 1.65
4381 1.66
4382 2.12
4383 1.83
4384 2.17
4385 2.21
4386 1.96
4387 1.92
4388 1.98
4389 5.89
4390 2.56
4391 2.64
4392 3.85
4393 0.16
4394 20.99
4395 0.70
4396 6.37
4397 23.23
4398 4.05
4399 2.54
4400 2.22
4401 1.98
4402 2.09
4403 1.83
4404 1.85
4405 1.79
4406 1.54
4407 1.94
4408 2.14
4409 1.55
4410 1.96
4411 2.06
4412 2.23
4413 2.69
4414 3.68
4415 6.29
4416 12.93
4417 0.19
4418 3.80
4419 12.15
4420 5.39
4421 2.39
4422 4.86
4423 2.23
4424 1.66
4425 2.02
4426 1.54
4427 1.82
4428 2.03
4429 2.17
4430 1.80
4431 1.89
4432 1.88
4433 2.14
4434 1.83
4435 1.78
4436 1.86
4437 2.13
4438 4.90
4439 11.37
4440 22.64
4441 0.04
4442 40.00
4443 0.00
4444 0.00
4445 6.57
4446 1.54
4447 2.09
4448 1.49
4449 3.42
4450 1.51
4451 2.01
4452 1.71
4453 1.63
4454 1.86
4455 1.70
4456 1.95
4457 1.86
4458 1.70
4459 1.77
4460 2.26
4461 5.50
4462 3.17
4463 3.20
4464 6.37
4465 0.33
4466 13.53
4467 2.68
4468 52.17
4469 23.84
4470 1.68
4471 2.43
4472 1.03
4473 2.50
4474 1.95
4475 2.11
4476 2.17
4477 1.61
4478 2.06
4479 1.69
4480 2.10
4481 2.08
4482 1.75
4483 1.44
4484 1.87
4485 3.28
4486 1.61
4487 3.65
4488 3.26
4489 0.12
4490 1.15
4491 1.58
4492 4.82
4493 38.71
4494 24.49
4495 17.36
4496 0.77
4497 2.33
4498 1.55
4499 1.80
4500 2.01
4501 1.91
4502 1.42
4503 1.74
4504 1.67
4505 1.83
4506 1.98
4507 1.45
4508 2.01
4509 1.36
4510 0.68
4511 1.91
4512 3.22
4513 0.16
4514 1.13
4515 39.91
4516 10.58
4517 0.00
4518 7.80
4519 47.37
4520 0.67
4521 0.98
4522 0.83
4523 1.00
4524 0.83
4525 1.12
4526 1.00
4527 0.82
4528 0.92
4529 1.01
4530 1.80
4531 1.27
4532 0.52
4533 4.48
4534 14.43
4535 4.07
4536 6.87
4537 0.09
4538 17.02
4539 0.00
4540 6.87
4541 15.45
4542 23.45
4543 2.67
4544 2.61
4545 2.27
4546 2.26
4547 2.21
4548 2.55
4549 1.68
4550 1.67
4551 1.75
4552 1.77
4553 1.86
4554 2.21
4555 1.88
4556 1.61
4557 6.10
4558 2.94
4559 7.64
4560 3.38
4561 0.07
4562 2.85
4563 0.67
4564 7.91
4565 1.79
4566 1.43
4567 1.26
4568 1.54
4569 2.91
4570 1.42
4571 2.31
4572 2.24
4573 2.05
4574 1.75
4575 1.83
4576 2.14
4577 2.00
4578 1.83
4579 1.77
4580 2.16
4581 4.80
4582 3.48
4583 11.72
4584 10.20
4585 0.21
4586 0.31
4587 0.76
4588 0.00
4589 22.57
4590 33.33
4591 3.30
4592 1.13
4593 2.85
4594 1.85
4595 1.53
4596 1.76
4597 1.65
4598 1.63
4599 1.93
4600 1.88
4601 2.23
4602 1.88
4603 1.87
4604 2.36
4605 6.79
4606 1.10
4607 1.55
4608 17.06
4609 0.21
4610 0.00
4611 0.00
4612 0.52
4613 0.00
4614 8.29
4615 10.46
4616 0.95
4617 1.86
4618 1.96
4619 1.68
4620 1.66
4621 1.51
4622 1.67
4623 1.91
4624 1.66
4625 2.34
4626 1.92
4627 1.87
4628 2.01
4629 3.26
4630 10.86
4631 4.34
4632 18.87
4633 0.17
4634 19.18
4635 2.38
4636 28.96
4637 31.17
4638 33.64
4639 1.37
4640 1.19
4641 2.86
4642 1.98
4643 1.99
4644 1.91
4645 1.88
4646 1.76
4647 1.70
4648 1.76
4649 1.82
4650 1.72
4651 1.82
4652 1.66
4653 2.16
4654 2.22
4655 2.85
4656 5.88
4657 0.35
4658 3.98
4659 1.38
4660 0.00
4661 23.68
4662 17.69
4663 9.52
4664 0.73
4665 3.31
4666 2.21
4667 1.88
4668 1.59
4669 1.72
4670 1.74
4671 1.86
4672 1.61
4673 1.66
4674 1.74
4675 1.31
4676 2.25
4677 3.07
4678 5.17
4679 1.78
4680 9.15
4681 0.19
4682 8.09
4683 32.93
4684 5.98
4685 29.03
4686 1.44
4687 15.54
4688 0.78
4689 0.79
4690 0.96
4691 0.98
4692 1.02
4693 1.07
4694 1.02
4695 1.02
4696 0.94
4697 1.08
4698 1.40
4699 2.78
4700 0.87
4701 2.34
4702 1.76
4703 8.31
4704 5.21
4705 0.16
4706 0.00
4707 1.93
4708 0.00
4709 26.47
4710 39.13
4711 4.00
4712 1.74
4713 2.40
4714 2.21
4715 1.81
4716 1.62
4717 1.87
4718 1.62
4719 1.68
4720 2.08
4721 2.29
4722 1.78
4723 2.02
4724 2.65
4725 3.72
4726 0.84
4727 3.48
4728 7.82
4729 0.12
4730 10.98
4731 0.67
4732 0.00
4733 0.00
4734 0.00
4735 2.22
4736 1.21
4737 3.01
4738 1.92
4739 2.00
4740 1.90
4741 1.57
4742 1.68
4743 1.63
4744 1.81
4745 2.20
4746 1.66
4747 1.80
4748 2.11
4749 7.18
4750 1.98
4751 3.72
4752 2.09
4753 0.21
4754 0.00
4755 8.33
4756 0.34
4757 33.86
4758 15.64
4759 3.65
4760 1.34
4761 2.26
4762 1.97
4763 1.49
4764 1.81
4765 2.10
4766 1.85
4767 1.86
4768 2.02
4769 1.94
4770 1.49
4771 1.67
4772 1.99
4773 4.18
4774 2.55
4775 2.82
4776 4.63
4777 0.18
4778 0.00
4779 1.33
4780 1.90
4781 24.49
4782 33.03
4783 6.55
4784 0.88
4785 2.73
4786 1.81
4787 1.85
4788 1.81
4789 1.56
4790 1.94
4791 1.79
4792 2.39
4793 1.77
4794 1.94
4795 1.66
4796 1.92
4797 3.26
4798 2.10
4799 7.53
4800 2.95
4801 0.21
4802 29.03
4803 0.00
4804 0.50
4805 17.56
4806 27.07
4807 5.31
4808 1.98
4809 2.42
4810 2.00
4811 2.08
4812 2.18
4813 1.70
4814 1.83
4815 1.95
4816 1.94
4817 2.21
4818 1.72
4819 1.76
4820 2.03
4821 2.35
4822 1.48
4823 2.71
4824 11.49
4825 0.20
4826 1.21
4827 1.80
4828 15.79
4829 27.48
4830 1.48
4831 30.00
4832 1.15
4833 2.07
4834 2.46
4835 1.86
4836 2.33
4837 1.70
4838 1.73
4839 1.67
4840 1.76
4841 2.18
4842 1.79
4843 1.71
4844 2.22
4845 3.57
4846 0.94
4847 0.88
4848 1.15
4849 0.29
4850 10.03
4851 11.54
4852 6.17
4853 2.30
4854 40.00
4855 1.79
4856 0.57
4857 1.14
4858 1.08
4859 0.82
4860 1.04
4861 0.96
4862 1.05
4863 0.91
4864 1.05
4865 1.15
4866 1.35
4867 3.84
4868 0.86
4869 2.59
4870 4.60
4871 4.25
4872 8.22
4873 0.13
4874 11.11
4875 0.63
4876 0.00
4877 6.04
4878 2.15
4879 3.92
4880 1.65
4881 1.30
4882 2.10
4883 2.41
4884 1.76
4885 1.68
4886 1.58
4887 1.87
4888 1.96
4889 1.88
4890 1.77
4891 1.83
4892 2.12
4893 3.65
4894 2.33
4895 1.70
4896 2.56
4897 0.08
4898 38.71
4899 0.64
4900 0.00
4901 4.29
4902 31.72
4903 2.65
4904 1.09
4905 1.81
4906 1.70
4907 1.96
4908 2.10
4909 1.99
4910 1.67
4911 1.84
4912 1.74
4913 1.90
4914 1.57
4915 1.65
4916 2.00
4917 3.48
4918 1.41
4919 6.38
4920 1.03
4921 0.17
4922 5.85
4923 1.69
4924 36.00
4925 34.95
4926 3.53
4927 2.48
4928 1.15
4929 1.61
4930 2.43
4931 1.61
4932 2.26
4933 1.71
4934 2.18
4935 1.76
4936 1.93
4937 1.84
4938 1.49
4939 1.77
4940 2.12
4941 6.15
4942 2.99
4943 15.87
4944 3.04
4945 0.13
4946 0.00
4947 0.63
4948 2.51
4949 14.69
4950 14.23
4951 3.21
4952 1.19
4953 2.51
4954 1.89
4955 1.84
4956 2.02
4957 1.63
4958 2.23
4959 1.85
4960 1.83
4961 2.18
4962 1.68
4963 1.71
4964 2.18
4965 4.47
4966 1.38
4967 14.61
4968 3.85
4969 0.15
4970 21.09
4971 2.06
4972 6.56
4973 34.51
4974 22.29
4975 3.80
4976 1.15
4977 1.90
4978 1.75
4979 2.00
4980 1.66
4981 1.80
4982 1.95
4983 1.90
4984 2.28
4985 1.80
4986 2.00
4987 1.71
4988 1.85
4989 1.57
4990 0.77
4991 1.73
4992 7.81
4993 0.23
4994 1.79
4995 1.91
4996 11.43
4997 20.00
4998 30.00
4999 20.93
5000 1.09
5001 2.84
5002 2.14
5003 1.80
5004 1.87
5005 1.53
5006 1.63
5007 1.63
5008 1.61
5009 1.38
5010 2.03
5011 1.63
5012 2.16
5013 2.05
5014 1.56
5015 0.66
5016 17.91
5017 0.19
5018 7.61
5019 0.00
5020 7.16
5021 5.45
5022 0.00
5023 0.00
5024 0.92
5025 0.63
5026 0.75
5027 0.97
5028 0.85
5029 0.85
5030 0.86
5031 1.08
5032 1.09
5033 1.42
5034 1.41
5035 2.92
5036 2.35
5037 1.66
5038 2.01
5039 41.38
5040 10.73
5041 0.12
5042 0.60
5043 0.67
5044 0.00
5045 20.93
5046 31.44
5047 3.64
5048 1.34
5049 2.15
5050 1.90
5051 1.65
5052 1.48
5053 1.74
5054 1.83
5055 1.94
5056 2.07
5057 2.08
5058 1.76
5059 1.58
5060 2.04
5061 2.51
5062 2.96
5063 7.84
5064 4.51
5065 0.16
5066 30.13
5067 12.27
5068 9.21
5069 30.87
5070 29.98
5071 7.77
5072 1.09
5073 1.43
5074 2.01
5075 1.83
5076 2.07
5077 1.51
5078 1.65
5079 1.90
5080 1.72
5081 1.84
5082 1.62
5083 1.56
5084 2.15
5085 3.19
5086 2.62
5087 4.99
5088 27.34
5089 0.20
5090 0.00
5091 31.03
5092 11.58
5093 2.69
5094 18.63
5095 4.51
5096 0.85
5097 2.36
5098 1.40
5099 1.61
5100 1.85
5101 1.95
5102 1.83
5103 1.71
5104 1.63
5105 2.01
5106 1.59
5107 1.39
5108 2.19
5109 3.95
5110 2.78
5111 5.81
5112 7.41
5113 0.16
5114 30.77
5115 50.70
5116 0.00
5117 19.00
5118 41.38
5119 7.47
5120 0.90
5121 1.31
5122 1.21
5123 2.06
5124 1.67
5125 1.76
5126 1.53
5127 1.85
5128 1.93
5129 1.85
5130 1.59
5131 1.65
5132 2.20
5133 4.22
5134 1.93
5135 18.95
5136 5.21
5137 0.15
5138 0.00
5139 1.82
5140 0.82
5141 0.69
5142 20.02
5143 2.14
5144 0.94
5145 2.15
5146 1.73
5147 1.74
5148 1.66
5149 2.17
5150 1.75
5151 1.88
5152 1.83
5153 1.70
5154 1.97
5155 1.67
5156 1.59
5157 1.63
5158 5.38
5159 2.54
5160 2.09
5161 0.14
5162 29.51
5163 40.91
5164 10.71
5165 20.43
5166 2.89
5167 0.96
5168 0.64
5169 2.13
5170 1.67
5171 1.65
5172 2.00
5173 1.71
5174 1.47
5175 1.53
5176 1.45
5177 1.80
5178 1.59
5179 1.45
5180 1.82
5181 4.07
5182 1.62
5183 0.95
5184 1.31
5185 0.33
5186 4.78
5187 0.82
5188 2.22
5189 18.85
5190 5.34
5191 5.75
5192 0.66
5193 0.77
5194 0.80
5195 0.77
5196 0.89
5197 1.15
5198 0.93
5199 0.82
5200 1.03
5201 0.99
5202 1.69
5203 3.94
5204 5.87
5205 1.41
5206 4.73
5207 8.92
5208 34.12
5209 0.16
5210 21.95
5211 0.65
5212 46.75
5213 10.90
5214 37.11
5215 3.45
5216 0.88
5217 2.09
5218 1.77
5219 1.92
5220 1.94
5221 1.78
5222 1.61
5223 1.86
5224 2.24
5225 2.37
5226 1.97
5227 1.86
5228 1.97
5229 4.04
5230 1.62
5231 2.37
5232 13.53
5233 0.23
5234 33.96
5235 0.00
5236 0.00
5237 30.34
5238 42.86
5239 2.00
5240 0.78
5241 1.70
5242 1.95
5243 1.91
5244 1.76
5245 1.65
5246 1.49
5247 1.65
5248 1.68
5249 1.76
5250 1.50
5251 1.68
5252 2.31
5253 3.17
5254 1.40
5255 0.80
5256 0.00
5257 0.24
5258 0.00
5259 8.33
5260 0.86
5261 28.24
5262 5.12
5263 29.11
5264 0.85
5265 2.16
5266 1.74
5267 1.76
5268 1.92
5269 1.62
5270 1.97
5271 1.72
5272 2.10
5273 1.80
5274 1.63
5275 1.83
5276 2.40
5277 3.41
5278 2.30
5279 2.61
5280 5.83
5281 0.33
5282 18.41
5283 0.92
5284 11.84
5285 4.80
5286 13.16
5287 3.09
5288 1.18
5289 2.68
5290 1.77
5291 1.94
5292 2.02
5293 1.93
5294 1.63
5295 1.72
5296 1.60
5297 1.96
5298 1.79
5299 1.86
5300 2.36
5301 2.71
5302 0.72
5303 5.26
5304 10.20
5305 0.30
5306 5.38
5307 2.42
5308 36.12
5309 5.14
5310 25.09
5311 2.28
5312 1.22
5313 2.17
5314 1.82
5315 2.12
5316 1.73
5317 1.85
5318 1.80
5319 1.94
5320 1.93
5321 1.98
5322 1.64
5323 1.90
5324 1.62
5325 2.96
5326 1.53
5327 1.52
5328 2.45
5329 0.18
5330 15.23
5331 25.29
5332 14.06
5333 24.66
5334 2.30
5335 2.22
5336 0.64
5337 1.60
5338 2.17
5339 1.81
5340 1.80
5341 1.95
5342 1.53
5343 1.73
5344 1.86
5345 1.66
5346 1.92
5347 1.38
5348 1.68
5349 1.09
5350 3.74
5351 1.67
5352 8.31
5353 0.22
5354 0.49
5355 0.00
5356 4.05
5357 1.07
5358 0.00
5359 2.70
5360 0.67
5361 0.78
5362 0.81
5363 1.05
5364 0.93
5365 1.19
5366 0.99
5367 0.96
5368 1.27
5369 1.28
5370 1.75
5371 3.13
5372 1.29
5373 1.47
5374 0.68
5375 1.52
5376 16.59
5377 0.21
5378 0.00
5379 4.73
5380 10.65
5381 5.68
5382 13.92
5383 4.20
5384 0.93
5385 2.93
5386 1.81
5387 1.61
5388 2.06
5389 1.94
5390 2.04
5391 1.87
5392 1.96
5393 2.27
5394 1.77
5395 1.76
5396 2.25
5397 2.57
5398 7.27
5399 3.17
5400 1.90
5401 0.11
5402 27.80
5403 0.22
5404 0.00
5405 25.58
5406 21.18
5407 2.11
5408 0.78
5409 1.77
5410 2.10
5411 2.02
5412 1.75
5413 1.68
5414 1.65
5415 1.74
5416 2.01
5417 1.97
5418 1.60
5419 1.65
5420 1.88
5421 2.64
5422 1.81
5423 3.57
5424 3.73
5425 0.24
5426 48.98
5427 4.16
5428 3.00
5429 2.47
5430 15.98
5431 1.19
5432 0.76
5433 1.54
5434 1.99
5435 2.02
5436 1.88
5437 1.47
5438 1.49
5439 1.96
5440 1.83
5441 1.80
5442 1.62
5443 1.60
5444 1.88
5445 3.65
5446 2.79
5447 10.83
5448 11.21
5449 0.19
5450 0.00
5451 36.73
5452 24.66
5453 19.35
5454 25.90
5455 5.08
5456 0.93
5457 3.29
5458 1.60
5459 1.99
5460 1.48
5461 1.68
5462 1.75
5463 1.78
5464 2.24
5465 1.76
5466 1.60
5467 1.77
5468 1.84
5469 2.46
5470 2.08
5471 2.18
5472 16.56
5473 0.15
5474 23.68
5475 8.49
5476 0.00
5477 25.00
5478 14.88
5479 2.30
5480 0.86
5481 1.68
5482 1.43
5483 1.58
5484 1.68
5485 1.81
5486 1.78
5487 1.87
5488 2.04
5489 2.16
5490 1.47
5491 1.49
5492 1.80
5493 5.44
5494 1.07
5495 4.71
5496 2.76
5497 0.11
5498 0.71
5499 3.10
5500 6.45
5501 0.00
5502 2.92
5503 1.11
5504 0.65
5505 2.54
5506 1.58
5507 1.88
5508 2.00
5509 1.44
5510 1.62
5511 1.52
5512 1.70
5513 1.76
5514 1.77
5515 1.49
5516 1.77
5517 2.75
5518 6.97
5519 1.00
5520 1.61
5521 0.37
5522 2.10
5523 2.22
5524 4.54
5525 2.47
5526 15.93
5527 11.34
5528 0.94
5529 0.92
5530 0.97
5531 1.13
5532 1.09
5533 1.04
5534 0.96
5535 0.94
5536 1.22
5537 1.29
5538 1.78
5539 2.80
5540 0.72
5541 2.33
5542 1.80
5543 1.10
5544 16.20
5545 0.21
5546 41.86
5547 12.15
5548 0.46
5549 26.57
5550 24.66
5551 11.24
5552 0.97
5553 2.76
5554 1.93
5555 1.94
5556 1.96
5557 1.62
5558 1.63
5559 1.77
5560 1.95
5561 2.04
5562 1.61
5563 1.77
5564 1.94
5565 2.53
5566 2.24
5567 0.86
5568 2.86
5569 0.23
5570 26.28
5571 0.00
5572 54.55
5573 1.63
5574 10.78
5575 1.66
5576 0.85
5577 2.88
5578 1.52
5579 1.70
5580 1.74
5581 1.58
5582 1.66
5583 1.49
5584 1.88
5585 1.46
5586 1.44
5587 1.66
5588 1.93
5589 2.28
5590 7.07
5591 7.21
5592 4.64
5593 0.16
5594 2.24
5595 0.00
5596 1.10
5597 1.61
5598 7.69
5599 11.64
5600 0.93
5601 1.83
5602 2.10
5603 2.14
5604 2.15
5605 1.67
5606 1.58
5607 1.79
5608 2.02
5609 1.85
5610 1.75
5611 1.64
5612 1.91
5613 4.40
5614 8.72
5615 4.03
5616 5.62
5617 0.32
5618 6.35
5619 6.64
5620 19.05
5621 10.73
5622 26.15
5623 20.43
5624 1.04
5625 2.88
5626 1.66
5627 1.91
5628 1.79
5629 1.67
5630 1.80
5631 1.79
5632 2.10
5633 2.22
5634 1.80
5635 1.88
5636 2.24
5637 2.64
5638 6.39
5639 7.63
5640 9.01
5641 0.25
5642 1.06
5643 15.25
5644 0.00
5645 11.94
5646 20.73
5647 12.88
5648 1.47
5649 2.01
5650 1.87
5651 1.74
5652 1.85
5653 1.94
5654 1.91
5655 1.62
5656 2.06
5657 2.23
5658 1.59
5659 1.38
5660 1.69
5661 1.53
5662 4.05
5663 3.06
5664 5.38
5665 0.27
5666 10.96
5667 0.00
5668 21.95
5669 7.90
5670 2.91
5671 14.27
5672 0.76
5673 2.49
5674 1.76
5675 2.16
5676 1.74
5677 1.95
5678 1.57
5679 1.34
5680 1.88
5681 2.02
5682 1.79
5683 1.70
5684 1.67
5685 2.46
5686 1.47
5687 35.82
5688 1.69
5689 0.29
5690 0.74
5691 13.64
5692 11.92
5693 12.95
5694 31.30
5695 3.37
5696 1.28
5697 0.78
5698 0.94
5699 0.85
5700 0.97
5701 0.95
5702 1.05
5703 1.07
5704 1.07
5705 1.23
5706 1.61
5707 2.93
5708 0.95
5709 0.89
5710 2.15
5711 3.04
5712 6.14
5713 0.19
5714 34.18
5715 23.38
5716 25.35
5717 14.85
5718 5.06
5719 2.04
5720 1.42
5721 2.69
5722 1.80
5723 1.75
5724 1.64
5725 1.52
5726 1.80
5727 1.81
5728 2.12
5729 2.04
5730 1.91
5731 1.57
5732 2.18
5733 3.25
5734 14.71
5735 0.91
5736 21.18
5737 0.17
5738 1.75
5739 0.48
5740 4.47
5741 0.00
5742 29.75
5743 2.15
5744 0.90
5745 2.78
5746 1.67
5747 1.54
5748 1.64
5749 1.74
5750 1.81
5751 1.83
5752 1.86
5753 1.67
5754 1.88
5755 1.61
5756 2.21
5757 2.11
5758 1.69
5759 2.07
5760 4.53
5761 0.21
5762 17.82
5763 9.25
5764 0.25
5765 34.18
5766 3.86
5767 1.82
5768 1.10
5769 2.44
5770 2.41
5771 1.94
5772 1.78
5773 2.00
5774 2.16
5775 1.75
5776 1.85
5777 2.21
5778 1.72
5779 1.87
5780 1.76
5781 3.35
5782 3.87
5783 6.24
5784 8.86
5785 0.20
5786 2.01
5787 10.55
5788 2.87
5789 10.08
5790 1.59
5791 6.83
5792 0.86
5793 2.13
5794 2.03
5795 1.67
5796 1.92
5797 1.45
5798 1.83
5799 2.18
5800 1.85
5801 2.40
5802 1.72
5803 1.68
5804 1.82
5805 1.95
5806 1.09
5807 8.46
5808 18.29
5809 0.23
5810 6.97
5811 0.48
5812 10.98
5813 3.24
5814 1.49
5815 3.54
5816 0.97
5817 2.80
5818 1.83
5819 1.88
5820 1.90
5821 1.99
5822 1.60
5823 2.05
5824 2.40
5825 2.06
5826 1.71
5827 1.63
5828 1.84
5829 3.49
5830 2.90
5831 2.13
5832 5.99
5833 0.13
5834 12.44
5835 7.59
5836 23.61
5837 4.50
5838 1.70
5839 2.69
5840 0.72
5841 1.61
5842 1.69
5843 1.61
5844 1.59
5845 1.62
5846 1.75
5847 1.50
5848 1.79
5849 1.79
5850 1.61
5851 1.61
5852 1.88
5853 2.73
5854 1.28
5855 1.47
5856 4.74
5857 0.31
5858 1.89
5859 5.87
5860 6.03
5861 11.50
5862 24.66
5863 7.49
5864 0.76
5865 1.18
5866 0.69
5867 0.92
5868 1.10
5869 1.02
5870 1.25
5871 0.90
5872 0.97
5873 1.24
5874 1.54
5875 3.29
5876 0.57
5877 2.20
5878 6.74
5879 1.70
5880 3.29
5881 0.21
5882 14.19
5883 5.87
5884 0.24
5885 2.46
5886 10.37
5887 0.95
5888 1.05
5889 2.37
5890 1.80
5891 1.96
5892 1.97
5893 1.44
5894 1.64
5895 1.90
5896 2.57
5897 1.91
5898 1.78
5899 1.78
5900 2.11
5901 5.37
5902 1.87
5903 5.14
5904 0.00
5905 0.17
5906 12.04
5907 0.00
5908 0.47
5909 23.96
5910 1.03
5911 7.48
5912 0.99
5913 2.10
5914 1.95
5915 2.29
5916 1.73
5917 1.76
5918 1.84
5919 1.93
5920 1.93
5921 2.02
5922 1.71
5923 1.69
5924 1.85
5925 3.01
5926 3.72
5927 2.30
5928 1.66
5929 0.13
5930 42.35
5931 6.79
5932 30.64
5933 28.46
5934 2.32
5935 12.79
5936 0.88
5937 2.28
5938 1.70
5939 2.32
5940 1.83
5941 1.70
5942 1.59
5943 1.48
5944 1.99
5945 2.07
5946 1.70
5947 1.73
5948 1.71
5949 3.42
5950 3.45
5951 3.27
5952 2.49
5953 0.22
5954 12.27
5955 45.57
5956 17.68
5957 17.42
5958 4.14
5959 1.50
5960 1.01
5961 2.01
5962 2.07
5963 1.73
5964 1.73
5965 1.66
5966 1.44
5967 1.97
5968 1.76
5969 2.01
5970 1.80
5971 1.64
5972 2.43
5973 1.91
5974 2.63
5975 0.78
5976 15.81
5977 0.19
5978 1.63
5979 2.88
5980 15.88
5981 16.84
5982 3.07
5983 3.04
5984 1.04
5985 1.81
5986 2.21
5987 2.08
5988 1.89
5989 2.05
5990 1.60
5991 1.75
5992 2.02
5993 2.23
5994 1.82
5995 1.70
5996 1.85
5997 2.46
5998 3.37
5999 4.85
6000 3.15
6001 0.15
6002 9.30
6003 27.55
6004 18.58
6005 45.57
6006 6.95
6007 2.06
6008 0.53
6009 1.69
6010 2.19
6011 1.81
6012 1.87
6013 2.09
6014 1.50
6015 1.91
6016 1.72
6017 1.58
6018 1.61
6019 1.77
6020 1.69
6021 3.41
6022 3.17
6023 1.32
6024 0.00
6025 0.25
6026 0.00
6027 0.81
6028 4.83
6029 23.53
6030 17.78
6031 9.97
6032 0.55
6033 0.72
6034 1.02
6035 0.88
6036 0.98
6037 0.92
6038 0.92
6039 0.83
6040 0.96
6041 1.28
6042 1.60
6043 4.09
6044 3.54
6045 2.88
6046 1.78
6047 6.58
6048 22.38
6049 0.19
6050 0.00
6051 8.67
6052 29.51
6053 0.00
6054 22.93
6055 13.89
6056 0.99
6057 2.17
6058 1.58
6059 1.51
6060 1.56
6061 1.54
6062 1.64
6063 2.37
6064 2.26
6065 1.75
6066 1.92
6067 1.88
6068 2.21
6069 4.82
6070 2.96
6071 14.95
6072 2.52
6073 0.12
6074 15.16
6075 12.20
6076 2.11
6077 0.00
6078 41.86
6079 11.51
6080 0.91
6081 2.21
6082 1.51
6083 2.07
6084 2.09
6085 1.67
6086 1.69
6087 2.07
6088 2.08
6089 2.04
6090 1.80
6091 1.73
6092 1.97
6093 3.33
6094 26.93
6095 4.09
6096 14.90
6097 0.16
6098 0.36
6099 24.16
6100 3.67
6101 3.47
6102 28.80
6103 3.53
6104 0.87
6105 1.99
6106 1.90
6107 1.50
6108 1.70
6109 1.72
6110 1.71
6111 1.95
6112 1.66
6113 1.96
6114 1.68
6115 1.79
6116 2.10
6117 3.04
6118 4.58
6119 1.68
6120 9.87
6121 0.20
6122 8.14
6123 0.44
6124 0.00
6125 4.28
6126 24.32
6127 5.30
6128 0.92
6129 2.92
6130 1.74
6131 2.14
6132 1.86
6133 1.73
6134 1.61
6135 1.90
6136 1.93
6137 2.24
6138 1.58
6139 1.68
6140 2.04
6141 3.83
6142 2.14
6143 9.01
6144 4.41
6145 0.20
6146 0.00
6147 13.55
6148 0.00
6149 8.02
6150 0.00
6151 7.07
6152 1.05
6153 1.86
6154 1.47
6155 1.80
6156 2.18
6157 1.83
6158 1.85
6159 1.55
6160 2.15
6161 2.22
6162 1.82
6163 1.61
6164 1.58
6165 2.31
6166 1.59
6167 2.00
6168 7.34
6169 0.26
6170 3.88
6171 12.54
6172 4.26
6173 6.75
6174 18.56
6175 2.32
6176 0.68
6177 1.66
6178 1.54
6179 1.79
6180 1.58
6181 1.55
6182 1.38
6183 1.57
6184 1.77
6185 1.82
6186 1.60
6187 1.48
6188 1.50
6189 2.61
6190 0.82
6191 1.39
6192 16.76
6193 0.30
6194 4.82
6195 28.12
6196 21.62
6197 19.89
6198 0.00
6199 1.13
6200 0.52
6201 0.57
6202 0.81
6203 1.37
6204 0.86
6205 0.92
6206 0.90
6207 1.19
6208 1.11
6209 1.15
6210 1.75
6211 3.05
6212 1.00
6213 1.84
6214 1.73
6215 7.54
6216 1.66
6217 0.23
6218 0.00
6219 9.22
6220 3.98
6221 23.00
6222 30.59
6223 9.14
6224 0.86
6225 1.80
6226 1.71
6227 1.81
6228 1.81
6229 1.80
6230 1.68
6231 1.60
6232 1.96
6233 1.82
6234 1.76
6235 1.90
6236 2.93
6237 2.97
6238 4.11
6239 4.38
6240 10.66
6241 0.20
6242 0.28
6243 4.09
6244 0.20
6245 14.25
6246 14.85
6247 2.36
6248 0.83
6249 1.86
6250 1.75
6251 1.74
6252 1.83
6253 1.87
6254 2.13
6255 1.77
6256 2.16
6257 2.11
6258 1.91
6259 1.77
6260 2.16
6261 6.87
6262 1.50
6263 5.36
6264 3.65
6265 0.40
6266 16.00
6267 55.38
6268 1.65
6269 18.18
6270 9.62
6271 13.58
6272 0.86
6273 1.68
6274 2.05
6275 1.97
6276 2.04
6277 2.23
6278 1.91
6279 1.74
6280 1.90
6281 2.17
6282 2.23
6283 1.71
6284 2.23
6285 3.33
6286 2.51
6287 20.49
6288 41.54
6289 0.20
6290 1.02
6291 0.00
6292 0.45
6293 14.94
6294 15.42
6295 11.67
6296 0.91
6297 1.90
6298 1.58
6299 2.53
6300 1.65
6301 1.72
6302 2.13
6303 2.48
6304 2.16
6305 2.32
6306 1.80
6307 1.89
6308 1.96
6309 4.38
6310 1.93
6311 14.33
6312 4.89
6313 0.56
6314 20.93
6315 30.00
6316 4.93
6317 13.82
6318 31.44
6319 2.52
6320 0.82
6321 1.72
6322 2.29
6323 2.36
6324 1.80
6325 1.75
6326 1.93
6327 1.62
6328 2.04
6329 2.16
6330 1.90
6331 1.69
6332 2.21
6333 3.57
6334 2.98
6335 1.84
6336 6.00
6337 0.56
6338 9.29
6339 5.62
6340 10.03
6341 13.19
6342 0.00
6343 54.55
6344 0.78
6345 2.71
6346 2.15
6347 1.97
6348 2.04
6349 2.08
6350 1.74
6351 1.80
6352 1.67
6353 1.66
6354 2.10
6355 1.71
6356 1.71
6357 5.07
6358 0.38
6359 18.27
6360 5.24
6361 0.34
6362 4.32
6363 0.63
6364 13.65
6365 8.92
6366 1.98
6367 7.16
6368 0.41
6369 0.75
6370 0.97
6371 0.91
6372 1.08
6373 1.05
6374 1.17
6375 1.06
6376 1.05
6377 1.09
6378 1.73
6379 2.37
6380 1.02
6381 1.33
6382 2.85
6383 0.00
6384 25.78
6385 0.27
6386 0.00
6387 0.00
6388 0.00
6389 11.96
6390 6.91
6391 7.44
6392 0.85
6393 2.03
6394 2.10
6395 1.85
6396 1.84
6397 1.66
6398 1.76
6399 1.98
6400 1.97
6401 2.15
6402 1.62
6403 1.74
6404 2.51
6405 3.95
6406 0.86
6407 17.87
6408 6.43
6409 1.40
6410 37.11
6411 40.45
6412 1.92
6413 22.02
6414 0.00
6415 7.74
6416 1.28
6417 2.44
6418 2.03
6419 1.92
6420 1.90
6421 1.67
6422 1.77
6423 1.55
6424 2.00
6425 2.10
6426 1.73
6427 1.76
6428 2.10
6429 2.69
6430 2.57
6431 1.24
6432 5.97
6433 1.26
6434 42.35
6435 1.21
6436 1.50
6437 24.16
6438 18.67
6439 3.41
6440 1.32
6441 2.36
6442 1.85
6443 1.86
6444 1.81
6445 1.95
6446 1.81
6447 1.77
6448 2.32
6449 1.81
6450 1.70
6451 1.75
6452 2.39
6453 4.19
6454 1.19
6455 13.37
6456 48.32
6457 0.38
6458 0.00
6459 0.00
6460 5.51
6461 26.67
6462 12.51
6463 11.74
6464 1.00
6465 2.79
6466 1.58
6467 2.05
6468 1.77
6469 1.87
6470 2.05
6471 1.74
6472 2.02
6473 2.01
6474 1.78
6475 1.58
6476 1.92
6477 2.38
6478 2.66
6479 4.15
6480 6.24
6481 2.66
6482 13.52
6483 11.73
6484 2.30
6485 12.00
6486 6.41
6487 10.15
6488 1.14
6489 2.24
6490 2.73
6491 1.92
6492 1.96
6493 1.86
6494 1.82
6495 1.88
6496 1.63
6497 2.38
6498 1.81
6499 1.61
6500 1.93
6501 2.06
6502 2.04
6503 3.61
6504 10.29
6505 0.58
6506 57.14
6507 0.00
6508 6.24
6509 1.82
6510 17.73
6511 8.67
6512 0.54
6513 3.03
6514 2.19
6515 1.89
6516 2.38
6517 1.97
6518 1.95
6519 1.57
6520 1.55
6521 1.58
6522 1.63
6523 1.81
6524 2.10
6525 2.75
6526 1.37
6527 1.01
6528 2.39
6529 0.64
6530 42.35
6531 10.98
6532 13.06
6533 0.00
6534 21.43
6535 2.58
6536 0.64
6537 0.86
6538 0.87
6539 0.99
6540 0.90
6541 0.96
6542 1.00
6543 0.92
6544 1.09
6545 1.16
6546 1.55
6547 2.26
6548 2.03
6549 0.91
6550 3.95
6551 2.08
6552 6.33
6553 0.42
6554 4.94
6555 4.59
6556 25.00
6557 0.84
6558 21.69
6559 34.95
6560 1.53
6561 2.97
6562 2.20
6563 1.92
6564 1.92
6565 2.10
6566 2.31
6567 1.64
6568 1.92
6569 1.89
6570 2.20
6571 2.02
6572 2.57
6573 3.26
6574 1.94
6575 3.71
6576 4.40
6577 0.46
6578 5.24
6579 0.00
6580 0.00
6581 12.88
6582 1.85
6583 1.35
6584 0.95
6585 1.18
6586 0.84
6587 1.22
6588 0.76
6589 0.95
6590 0.83
6591 0.88
6592 1.21
6593 1.15
6594 1.52
6595 2.60
6596 0.96
6597 20.00
6598 1.36
6599 6.15
6600 4.99
6601 2.16
6602 0.00
6603 0.70
6604 45.00
6605 0.00
6606 0.00
6607 4.34
6608 1.75
6609 2.35
6610 3.15
6611 2.23
6612 1.79
6613 1.99
6614 2.30
6615 2.58
6616 2.56
6617 2.24
6618 2.57
6619 2.61
6620 2.80
6621 8.52
6622 8.76
6623 4.92
6624 6.29
6625 0.38
6626 40.00
6627 0.00
6628 0.00
6629 0.80
6630 3.93
6631 2.94
6632 2.02
6633 3.97
6634 2.52
6635 2.40
6636 2.11
6637 2.18
6638 2.56
6639 1.87
6640 2.51
6641 2.89
6642 1.89
6643 2.14
6644 3.17
6645 4.89
6646 4.63
6647 10.97
6648 7.71
6649 0.42
6650 0.00
6651 21.43
6652 18.03
6653 1.20
6654 16.00
6655 0.48
6656 1.47
6657 2.89
6658 2.20
6659 2.33
6660 2.06
6661 2.50
6662 2.33
6663 2.83
6664 2.52
6665 2.72
6666 1.78
6667 2.17
6668 2.64
6669 3.78
6670 2.57
6671 6.69
6672 8.30
6673 1.24
6674 33.64
6675 24.91
6676 11.13
6677 13.53
6678 4.12
6679 14.07
6680 1.96
6681 2.97
6682 2.20
6683 2.52
6684 2.11
6685 2.59
6686 1.92
6687 2.39
6688 2.43
6689 2.25
6690 1.85
6691 2.37
6692 3.11
6693 4.66
6694 4.47
6695 5.73
6696 3.09
6697 1.22
6698 2.20
6699 1.64
6700 54.55
6701 13.19
6702 26.09
6703 2.09
6704 1.93
6705 3.11
6706 3.07
6707 2.41
6708 2.49
6709 2.21
6710 2.15
6711 2.35
6712 2.39
6713 2.74
6714 2.38
6715 2.13
6716 2.66
6717 3.71
6718 1.47
6719 1.18
6720 2.41
6721 0.36
6722 6.21
6723 11.80
6724 46.75
6725 10.50
6726 49.32
6727 15.13
6728 1.36
6729 2.71
6730 2.78
6731 2.07
6732 2.64
6733 2.32
6734 2.34
6735 2.11
6736 1.96
6737 2.65
6738 2.79
6739 2.22
6740 2.64
6741 3.06
6742 1.46
6743 1.10
6744 5.95
6745 1.10
6746 1.34
6747 26.84
6748 10.66
6749 3.46
6750 19.35
6751 1.48
6752 0.67
6753 0.73
6754 0.77
6755 0.71
6756 1.20
6757 1.12
6758 0.89
6759 1.04
6760 0.97
6761 1.08
6762 1.61
6763 3.84
6764 2.81
6765 1.52
6766 0.67
6767 5.45
6768 9.01
6769 0.36
6770 49.32
6771 0.35
6772 0.00
6773 10.18
6774 24.88
6775 1.90
6776 2.00
6777 3.01
6778 2.28
6779 3.48
6780 2.61
6781 2.85
6782 2.77
6783 2.20
6784 2.77
6785 2.66
6786 2.17
6787 1.82
6788 3.37
6789 6.69
6790 1.22
6791 2.26
6792 17.80
6793 0.63
6794 10.48
6795 10.67
6796 16.59
6797 5.82
6798 13.35
6799 17.59
6800 1.63
6801 2.92
6802 2.93
6803 2.46
6804 2.29
6805 2.33
6806 2.64
6807 2.32
6808 2.29
6809 2.54
6810 2.12
6811 2.33
6812 2.79
6813 4.72
6814 7.65
6815 5.53
6816 4.68
6817 1.78
6818 2.94
6819 0.00
6820 14.34
6821 31.17
6822 8.24
6823 4.06
6824 2.06
6825 3.63
6826 2.72
6827 2.17
6828 2.32
6829 2.85
6830 2.12
6831 2.47
6832 2.81
6833 2.24
6834 1.99
6835 2.02
6836 2.87
6837 4.67
6838 2.60
6839 7.24
6840 24.66
6841 0.64
6842 0.00
6843 0.60
6844 49.66
6845 15.77
6846 1.88
6847 3.18
6848 1.90
6849 3.05
6850 2.61
6851 2.57
6852 2.76
6853 2.45
6854 2.31
6855 2.29
6856 2.40
6857 2.65
6858 2.03
6859 2.21
6860 2.77
6861 5.29
6862 4.95
6863 6.70
6864 18.05
6865 1.55
6866 1.13
6867 1.35
6868 0.00
6869 15.74
6870 36.00
6871 10.10
6872 2.43
6873 3.22
6874 2.42
6875 3.12
6876 3.10
6877 2.39
6878 2.45
6879 2.59
6880 2.56
6881 2.29
6882 1.92
6883 1.91
6884 2.76
6885 3.36
6886 1.06
6887 4.26
6888 6.21
6889 1.84
6890 9.37
6891 0.91
6892 54.96
6893 8.02
6894 7.72
6895 7.84
6896 1.79
6897 2.52
6898 2.86
6899 2.56
6900 1.81
6901 2.61
6902 2.32
6903 2.16
6904 2.47
6905 2.30
6906 2.45
6907 2.37
6908 3.47
6909 4.85
6910 1.38
6911 3.08
6912 5.33
6913 1.24
6914 3.91
6915 15.72
6916 21.82
6917 53.73
6918 3.97
6919 1.86
6920 0.73
6921 1.33
6922 1.24
6923 0.98
6924 1.17
6925 1.30
6926 0.92
6927 1.17
6928 1.30
6929 1.39
6930 2.48
6931 4.60
6932 3.64
6933 1.53
6934 4.05
6935 6.99
6936 3.85
6937 12.34
6938 0.99
6939 0.63
6940 18.75
6941 31.03
6942 38.50
6943 2.06
6944 2.22
6945 3.33
6946 2.80
6947 3.08
6948 2.16
6949 2.77
6950 3.02
6951 3.15
6952 3.27
6953 4.13
6954 3.08
6955 2.49
6956 3.74
6957 5.28
6958 10.50
6959 1.64
6960 0.00
6961 1.29
6962 0.00
6963 0.22
6964 1.19
6965 4.71
6966 28.40
6967 2.95
6968 2.25
6969 2.23
6970 2.23
6971 2.66
6972 2.88
6973 2.51
6974 2.29
6975 3.01
6976 2.80
6977 2.62
6978 3.32
6979 2.39
6980 3.52
6981 2.97
6982 2.21
6983 11.01
6984 3.90
6985 2.64
6986 2.42
6987 0.53
6988 9.81
6989 34.45
6990 0.00
6991 2.79
6992 1.54
6993 2.99
6994 2.83
6995 3.25
6996 3.36
6997 2.77
6998 2.54
6999 3.40
7000 2.93
7001 2.99
7002 2.70
7003 2.63
7004 3.60
7005 5.71
7006 2.42
7007 6.73
7008 7.62
7009 2.27
7010 14.43
7011 0.22
7012 37.31
7013 2.27
7014 0.00
7015 0.64
7016 1.49
7017 5.16
7018 2.86
7019 3.06
7020 3.08
7021 2.95
7022 2.94
7023 2.96
7024 3.52
7025 2.56
7026 2.08
7027 2.57
7028 3.33
7029 7.77
7030 4.66
7031 5.85
7032 11.13
7033 25.17
7034 12.18
7035 0.47
7036 2.14
7037 9.05
7038 3.67
7039 10.43
7040 1.83
7041 3.63
7042 2.65
7043 2.87
7044 2.19
7045 2.67
7046 2.02
7047 2.31
7048 2.35
7049 2.75
7050 3.28
7051 2.71
7052 2.96
7053 3.77
7054 1.46
7055 2.92
7056 6.02
7057 1.71
7058 7.29
7059 2.16
7060 19.78
7061 21.43
7062 5.81
7063 12.21
7064 1.00
7065 3.27
7066 3.23
7067 2.81
7068 2.51
7069 2.45
7070 2.51
7071 2.90
7072 1.76
7073 2.30
7074 2.13
7075 2.45
7076 3.16
7077 5.51
7078 1.91
7079 2.00
7080 7.26
7081 0.94
7082 4.06
7083 32.73
7084 2.69
7085 0.51
7086 14.32
7087 2.41
7088 0.83
7089 0.89
7090 0.84
7091 1.76
7092 1.05
7093 1.24
7094 1.19
7095 1.13
7096 1.27
7097 1.47
7098 1.86
7099 4.39
7100 5.20
7101 1.70
7102 2.47
7103 3.05
7104 15.32
7105 3.02
7106 1.99
7107 0.48
7108 11.32
7109 0.00
7110 27.27
7111 3.93
7112 2.49
7113 4.09
7114 3.10
7115 2.60
7116 2.97
7117 2.60
7118 2.43
7119 2.66
7120 2.30
7121 2.52
7122 2.42
7123 2.37
7124 2.45
7125 5.65
7126 0.98
7127 7.22
7128 7.17
7129 9.49
7130 0.00
7131 0.32
7132 0.00
7133 18.95
7134 0.00
7135 4.52
7136 2.06
7137 4.47
7138 2.55
7139 2.61
7140 2.93
7141 2.34
7142 2.25
7143 2.33
7144 2.59
7145 2.72
7146 1.75
7147 2.31
7148 3.37
7149 4.59
7150 4.11
7151 10.21
7152 5.28
7153 2.99
7154 0.64
7155 0.26
7156 0.00
7157 40.76
7158 0.94
7159 3.49
7160 2.17
7161 2.26
7162 2.27
7163 2.58
7164 2.25
7165 2.03
7166 2.31
7167 2.69
7168 2.40
7169 1.95
7170 1.83
7171 1.89
7172 2.44
7173 4.85
7174 2.10
7175 2.39
7176 0.00
7177 0.53
7178 18.14
7179 0.21
7180 0.00
7181 36.00
7182 19.67
7183 12.27
7184 1.63
7185 2.67
7186 2.58
7187 2.37
7188 2.53
7189 2.23
7190 2.55
7191 2.38
7192 3.01
7193 1.85
7194 1.76
7195 2.08
7196 2.77
7197 4.55
7198 1.50
7199 2.03
7200 25.00
7201 0.80
7202 25.90
7203 0.53
7204 0.00
7205 34.95
7206 7.97
7207 4.89
7208 1.91
7209 3.13
7210 2.26
7211 2.87
7212 2.66
7213 2.75
7214 2.86
7215 2.89
7216 3.13
7217 2.26
7218 2.21
7219 1.60
7220 2.57
7221 5.43
7222 2.43
7223 2.00
7224 2.46
7225 2.30
7226 1.60
7227 2.74
7228 6.97
7229 3.25
7230 7.98
7231 20.34
7232 1.18
7233 4.28
7234 2.95
7235 2.69
7236 2.17
7237 2.67
7238 1.93
7239 2.49
7240 2.45
7241 2.37
7242 2.93
7243 2.49
7244 3.24
7245 7.44
7246 1.34
7247 3.16
7248 1.94
7249 0.95
7250 6.65
7251 12.41
7252 6.63
7253 0.25
7254 3.46
7255 1.40
7256 0.77
7257 0.82
7258 0.74
7259 1.06
7260 1.19
7261 1.02
7262 0.99
7263 0.90
7264 1.20
7265 0.97
7266 2.02
7267 2.53
7268 3.85
7269 1.35
7270 1.88
7271 6.79
7272 24.00
7273 2.58
7274 4.15
7275 0.48
7276 9.41
7277 0.00
7278 20.45
7279 2.34
7280 1.42
7281 2.92
7282 3.07
7283 2.48
7284 1.71
7285 1.84
7286 2.00
7287 2.02
7288 2.50
7289 2.36
7290 2.13
7291 2.06
7292 2.47
7293 5.62
7294 2.63
7295 6.22
7296 5.19
7297 0.81
7298 21.77
7299 2.28
7300 14.26
7301 0.73
7302 9.56
7303 1.50
7304 0.24
7305 0.65
7306 0.71
7307 0.99
7308 0.77
7309 1.49
7310 1.32
7311 1.15
7312 1.33
7313 1.50
7314 1.60
7315 1.63
7316 1.87
7317 5.34
7318 1.53
7319 4.62
7320 0.00
7321 0.45
7322 12.04
7323 0.43
7324 0.66
7325 0.00
7326 2.15
7327 2.68
7328 1.53
7329 1.62
7330 2.87
7331 2.26
7332 2.41
7333 2.01
7334 2.14
7335 2.52
7336 2.12
7337 2.11
7338 1.78
7339 2.04
7340 2.50
7341 3.95
7342 4.67
7343 11.36
7344 17.57
7345 2.17
7346 0.00
7347 0.58
7348 19.89
7349 0.00
7350 12.35
7351 4.87
7352 1.10
7353 2.78
7354 1.91
7355 2.33
7356 2.30
7357 2.50
7358 2.22
7359 1.98
7360 2.36
7361 2.15
7362 2.04
7363 1.71
7364 1.94
7365 4.86
7366 1.64
7367 5.31
7368 0.00
7369 1.00
7370 3.22
7371 0.32
7372 0.44
7373 13.93
7374 35.29
7375 4.32
7376 2.07
7377 3.34
7378 2.26
7379 2.24
7380 2.41
7381 2.24
7382 2.02
7383 2.52
7384 2.17
7385 2.24
7386 1.80
7387 1.77
7388 1.97
7389 3.38
7390 3.59
7391 5.48
7392 10.65
7393 2.30
7394 45.00
7395 8.99
7396 15.13
7397 0.75
7398 0.00
7399 0.00
7400 1.57
7401 2.35
7402 2.26
7403 2.06
7404 2.20
7405 1.97
7406 2.36
7407 2.14
7408 2.08
7409 1.86
7410 2.54
7411 2.26
7412 3.09
7413 2.84
7414 1.77
7415 1.49
7416 4.20
7417 0.63
7418 10.31
7419 4.60
7420 30.00
7421 7.63
7422 47.37
7423 1.16
7424 0.59
7425 0.97
7426 0.81
7427 1.14
7428 0.91
7429 0.78
7430 1.00
7431 1.13
7432 1.07
7433 1.24
7434 1.55
7435 3.23
7436 0.84
7437 0.72
7438 3.52
7439 1.56
7440 9.97
7441 3.02
7442 18.51
7443 0.38
7444 10.47
7445 1.52
7446 10.06
7447 1.86
7448 1.35
7449 2.43
7450 2.10
7451 2.18
7452 3.09
7453 2.18
7454 2.80
7455 2.22
7456 2.79
7457 2.02
7458 1.56
7459 1.58
7460 2.60
7461 5.43
7462 1.71
7463 1.76
7464 2.00
7465 0.26
7466 45.00
7467 0.27
7468 0.00
7469 1.01
7470 3.72
7471 2.04
7472 1.27
7473 2.46
7474 1.93
7475 2.29
7476 2.10
7477 2.06
7478 1.96
7479 2.25
7480 2.26
7481 2.07
7482 1.72
7483 1.62
7484 2.52
7485 4.95
7486 1.78
7487 27.20
7488 25.62
7489 3.11
7490 3.15
7491 0.21
7492 26.09
7493 13.37
7494 8.09
7495 1.71
7496 1.31
7497 2.14
7498 2.01
7499 2.15
7500 2.58
7501 1.97
7502 2.25
7503 2.16
7504 2.35
7505 1.95
7506 1.76
7507 1.74
7508 2.22
7509 7.19
7510 2.43
7511 2.84
7512 5.12
7513 1.20
7514 4.03
7515 0.16
7516 0.00
7517 9.03
7518 7.01
7519 6.63
7520 1.33
7521 2.39
7522 1.87
7523 2.43
7524 1.96
7525 1.98
7526 1.90
7527 2.15
7528 2.30
7529 1.84
7530 1.68
7531 1.80
7532 2.52
7533 6.22
7534 1.20
7535 7.65
7536 5.22
7537 1.68
7538 0.00
7539 0.30
7540 0.00
7541 19.62
7542 14.19
7543 1.74
7544 1.02
7545 1.85
7546 1.98
7547 2.85
7548 2.73
7549 1.96
7550 2.48
7551 2.29
7552 2.82
7553 2.21
7554 1.74
7555 1.64
7556 2.28
7557 5.03
7558 3.48
7559 2.83
7560 6.08
7561 2.51
7562 3.29
7563 4.18
7564 13.64
7565 4.25
7566 14.53
7567 3.39
7568 1.31
7569 3.16
7570 2.41
7571 2.33
7572 2.68
7573 2.68
7574 2.25
7575 2.35
7576 2.54
7577 2.32
7578 2.63
7579 1.92
7580 2.62
7581 5.64
7582 0.96
7583 2.53
7584 4.60
7585 0.22
7586 2.24
7587 1.61
7588 14.20
7589 27.91
7590 3.74
7591 0.33
7592 0.62
7593 0.92
7594 0.75
7595 0.92
7596 0.97
7597 0.85
7598 1.03
7599 1.02
7600 1.05
7601 1.14
7602 1.86
7603 5.92
7604 1.11
7605 1.34
7606 2.94
7607 5.73
7608 28.80
7609 0.24
7610 4.06
7611 0.54
7612 29.27
7613 14.12
7614 24.38
7615 1.25
7616 1.50
7617 2.74
7618 2.76
7619 2.62
7620 2.51
7621 2.32
7622 2.06
7623 2.23
7624 2.45
7625 2.01
7626 2.06
7627 1.65
7628 2.80
7629 5.69
7630 1.76
7631 5.34
7632 14.30
7633 7.08
7634 1.44
7635 0.46
7636 40.91
7637 3.97
7638 17.97
7639 1.85
7640 1.29
7641 2.16
7642 2.38
7643 2.56
7644 2.42
7645 2.15
7646 2.53
7647 2.35
7648 2.63
7649 2.16
7650 2.25
7651 1.74
7652 2.58
7653 7.18
7654 1.20
7655 3.67
7656 7.62
7657 0.82
7658 0.81
7659 0.34
7660 48.32
7661 30.38
7662 6.57
7663 3.62
7664 1.46
7665 2.95
7666 2.64
7667 2.33
7668 2.11
7669 2.65
7670 2.76
7671 2.17
7672 2.30
7673 2.35
7674 1.74
7675 2.34
7676 2.49
7677 3.52
7678 1.41
7679 19.28
7680 7.70
7681 1.05
7682 0.00
7683 0.52
7684 17.17
7685 0.00
7686 6.94
7687 2.07
7688 1.18
7689 2.13
7690 2.56
7691 2.23
7692 2.76
7693 2.05
7694 2.42
7695 2.85
7696 2.38
7697 2.13
7698 1.67
7699 1.84
7700 2.59
7701 6.69
7702 1.24
7703 4.70
7704 7.91
7705 0.40
7706 22.50
7707 0.33
7708 7.86
7709 17.56
7710 14.78
7711 4.05
7712 1.30
7713 1.83
7714 2.44
7715 2.65
7716 2.30
7717 2.56
7718 2.21
7719 2.23
7720 2.15
7721 2.23
7722 2.16
7723 1.63
7724 2.21
7725 2.64
7726 9.72
7727 2.39
7728 6.29
7729 1.13
7730 16.47
7731 6.27
7732 15.56
7733 37.40
7734 12.46
7735 4.56
7736 0.96
7737 2.55
7738 2.68
7739 2.76
7740 2.80
7741 2.17
7742 1.87
7743 2.18
7744 2.31
7745 2.08
7746 2.07
7747 1.77
7748 2.23
7749 2.08
7750 0.75
7751 1.20
7752 10.88
7753 0.34
7754 54.55
7755 0.90
7756 29.51
7757 9.92
7758 35.29
7759 0.78
7760 0.67
7761 0.96
7762 0.80
7763 0.86
7764 1.00
7765 0.82
7766 0.89
7767 0.87
7768 0.93
7769 0.99
7770 1.59
7771 2.54
7772 0.93
7773 0.89
7774 2.82
7775 9.08
7776 2.07
7777 4.00
7778 31.03
7779 0.25
7780 7.88
7781 0.00
7782 22.78
7783 1.59
7784 1.87
7785 1.55
7786 1.97
7787 2.03
7788 2.41
7789 2.00
7790 2.08
7791 1.83
7792 2.50
7793 1.98
7794 1.76
7795 1.56
7796 2.36
7797 6.02
7798 7.36
7799 9.12
7800 8.51
7801 0.00
7802 0.00
7803 0.55
7804 21.69
7805 25.81
7806 0.83
7807 4.98
7808 1.72
7809 1.67
7810 1.93
7811 2.50
7812 2.64
7813 2.09
7814 2.09
7815 2.34
7816 2.36
7817 1.88
7818 2.11
7819 1.74
7820 2.19
7821 2.74
7822 2.32
7823 7.27
7824 14.74
7825 0.80
7826 5.15
7827 0.31
7828 4.97
7829 0.00
7830 19.46
7831 2.57
7832 1.63
7833 2.26
7834 1.97
7835 2.23
7836 1.87
7837 2.04
7838 2.14
7839 2.40
7840 2.19
7841 1.96
7842 1.55
7843 1.49
7844 1.99
7845 7.42
7846 10.06
7847 6.01
7848 4.35
7849 1.02
7850 20.17
7851 0.46
7852 0.00
7853 0.46
7854 0.94
7855 4.63
7856 2.03
7857 2.74
7858 1.89
7859 1.99
7860 2.02
7861 1.91
7862 2.13
7863 2.14
7864 1.90
7865 2.67
7866 2.02
7867 1.55
7868 2.14
7869 3.24
7870 5.31
7871 7.64
7872 12.85
7873 0.54
7874 0.59
7875 0.55
7876 11.89
7877 3.40
7878 7.33
7879 24.09
7880 1.83
7881 3.20
7882 2.17
7883 2.35
7884 2.94
7885 2.21
7886 1.99
7887 2.67
7888 2.38
7889 2.13
7890 1.61
7891 1.60
7892 1.98
7893 1.95
7894 3.42
7895 3.68
7896 2.17
7897 0.65
7898 16.18
7899 0.00
7900 52.94
7901 40.00
7902 0.37
7903 4.92
7904 1.24
7905 2.46
7906 1.94
7907 2.41
7908 1.69
7909 1.87
7910 1.57
7911 1.72
7912 1.69
7913 1.61
7914 2.10
7915 2.14
7916 2.44
7917 4.07
7918 2.29
7919 4.09
7920 4.05
7921 0.68
7922 9.94
7923 11.67
7924 0.00
7925 0.26
7926 33.96
7927 1.10
7928 0.61
7929 0.94
7930 1.01
7931 0.95
7932 0.87
7933 1.16
7934 1.03
7935 1.15
7936 1.02
7937 1.17
7938 1.67
7939 1.86
7940 5.37
7941 1.11
7942 2.16
7943 5.09
7944 22.22
7945 0.38
7946 17.12
7947 0.85
7948 0.00
7949 3.34
7950 39.56
7951 1.46
7952 1.61
7953 2.38
7954 1.86
7955 2.45
7956 1.73
7957 2.01
7958 1.81
7959 2.54
7960 2.18
7961 2.07
7962 1.93
7963 1.66
7964 2.46
7965 3.97
7966 7.49
7967 3.22
7968 16.69
7969 4.45
7970 24.00
7971 0.92
7972 2.09
7973 9.65
7974 17.78
7975 4.54
7976 1.34
7977 2.96
7978 1.76
7979 2.21
7980 2.27
7981 2.04
7982 2.19
7983 2.34
7984 2.29
7985 1.86
7986 1.64
7987 1.56
7988 1.94
7989 6.42
7990 5.54
7991 1.88
7992 9.24
7993 1.09
7994 9.84
7995 0.44
7996 21.49
7997 2.88
7998 0.00
7999 6.27
8000 1.42
8001 1.79
8002 1.59
8003 1.97
8004 1.92
8005 1.59
8006 1.77
8007 2.15
8008 1.73
8009 1.68
8010 1.90
8011 1.49
8012 1.96
8013 3.37
8014 2.81
8015 14.25
8016 8.87
8017 0.18
8018 8.72
8019 0.46
8020 48.00
8021 22.86
8022 17.91
8023 2.78
8024 1.20
8025 1.99
8026 2.45
8027 1.85
8028 2.14
8029 1.97
8030 2.01
8031 1.80
8032 2.24
8033 2.62
8034 1.72
8035 1.84
8036 2.07
8037 2.98
8038 1.75
8039 2.13
8040 3.31
8041 0.47
8042 10.07
8043 0.63
8044 4.62
8045 24.00
8046 16.92
8047 2.09
8048 1.30
8049 2.14
8050 2.10
8051 2.04
8052 2.17
8053 1.91
8054 1.85
8055 2.09
8056 3.03
8057 2.09
8058 1.61
8059 1.54
8060 2.18
8061 3.32
8062 2.32
8063 10.40
8064 4.57
8065 1.20
8066 0.00
8067 14.57
8068 1.91
8069 0.00
8070 22.43
8071 3.76
8072 0.80
8073 1.95
8074 1.88
8075 2.22
8076 2.35
8077 2.17
8078 2.05
8079 2.17
8080 1.84
8081 2.36
8082 1.98
8083 1.94
8084 2.47
8085 2.15
8086 1.62
8087 2.32
8088 3.74
8089 0.71
8090 4.35
8091 0.00
8092 11.75
8093 0.00
8094 0.00
8095 1.50
8096 0.54
8097 0.92
8098 0.85
8099 1.27
8100 0.86
8101 1.18
8102 1.13
8103 1.03
8104 1.14
8105 1.07
8106 1.68
8107 2.70
8108 1.57
8109 1.01
8110 1.07
8111 10.07
8112 7.33
8113 0.95
8114 4.97
8115 0.94
8116 7.73
8117 0.00
8118 9.65
8119 11.93
8120 1.30
8121 2.42
8122 1.84
8123 2.19
8124 2.39
8125 2.56
8126 1.99
8127 2.30
8128 2.08
8129 1.84
8130 1.56
8131 1.85
8132 2.11
8133 3.46
8134 2.39
8135 5.30
8136 16.22
8137 1.22
8138 12.86
8139 0.46
8140 3.21
8141 2.94
8142 1.33
8143 3.13
8144 1.24
8145 2.27
8146 1.66
8147 1.95
8148 2.30
8149 2.21
8150 2.63
8151 2.41
8152 2.58
8153 2.05
8154 1.40
8155 1.65
8156 2.51
8157 3.08
8158 4.34
8159 4.96
8160 3.99
8161 1.77
8162 13.58
8163 1.25
8164 0.83
8165 1.24
8166 19.42
8167 2.20
8168 1.23
8169 2.43
8170 2.24
8171 2.42
8172 2.09
8173 2.05
8174 1.90
8175 2.36
8176 2.44
8177 2.07
8178 1.81
8179 1.99
8180 2.22
8181 3.13
8182 2.11
8183 6.44
8184 7.70
8185 3.94
8186 39.13
8187 0.44
8188 15.53
8189 0.00
8190 11.44
8191 3.18
8192 1.41
8193 3.18
8194 2.11
8195 2.18
8196 2.23
8197 1.96
8198 2.43
8199 2.31
8200 1.84
8201 2.13
8202 1.64
8203 1.83
8204 1.93
8205 3.70
8206 3.41
8207 2.04
8208 10.82
8209 0.67
8210 33.33
8211 0.79
8212 0.00
8213 0.00
8214 5.68
8215 2.75
8216 1.57
8217 3.53
8218 2.06
8219 2.02
8220 1.99
8221 1.91
8222 2.20
8223 2.17
8224 2.10
8225 1.91
8226 1.66
8227 1.56
8228 2.09
8229 2.56
8230 2.19
8231 2.93
8232 2.77
8233 0.85
8234 6.67
8235 3.28
8236 12.45
8237 0.74
8238 10.79
8239 1.64
8240 0.80
8241 2.71
8242 2.11
8243 1.87
8244 2.10
8245 2.00
8246 1.98
8247 2.09
8248 1.77
8249 1.78
8250 2.02
8251 1.67
8252 2.15
8253 3.51
8254 1.07
8255 3.36
8256 9.34
8257 0.91
8258 27.48
8259 24.11
8260 0.00
8261 32.14
8262 38.50
8263 0.91
8264 0.46
8265 1.14
8266 0.77
8267 1.19
8268 1.04
8269 0.92
8270 0.80
8271 0.95
8272 0.95
8273 1.32
8274 1.51
8275 2.42
8276 1.54
8277 1.83
8278 5.15
8279 8.92
8280 9.02
8281 0.43
8282 18.40
8283 0.59
8284 3.89
8285 7.30
8286 13.70
8287 9.41
8288 1.37
8289 2.47
8290 1.86
8291 2.18
8292 1.89
8293 1.67
8294 2.07
8295 2.16
8296 1.85
8297 1.92
8298 1.95
8299 1.63
8300 2.09
8301 3.67
8302 1.44
8303 1.45
8304 3.81
8305 0.61
8306 2.26
8307 0.45
8308 0.00
8309 32.05
8310 1.68
8311 1.95
8312 0.88
8313 2.00
8314 1.97
8315 1.98
8316 1.70
8317 2.14
8318 1.93
8319 1.68
8320 1.93
8321 1.94
8322 1.67
8323 1.80
8324 1.70
8325 2.88
8326 1.57
8327 3.60
8328 10.40
8329 0.65
8330 0.00
8331 0.95
8332 0.32
8333 19.42
8334 45.00
8335 1.93
8336 0.86
8337 2.26
8338 1.70
8339 2.90
8340 1.77
8341 1.54
8342 1.98
8343 1.94
8344 2.12
8345 2.02
8346 1.86
8347 1.50
8348 1.98
8349 2.62
8350 3.67
8351 4.75
8352 4.58
8353 6.17
8354 4.25
8355 0.57
8356 0.18
8357 3.66
8358 23.38
8359 3.33
8360 1.03
8361 1.63
8362 1.87
8363 2.12
8364 2.45
8365 1.98
8366 1.79
8367 1.87
8368 2.12
8369 2.01
8370 1.72
8371 1.59
8372 1.70
8373 5.14
8374 1.75
8375 14.01
8376 11.11
8377 1.34
8378 2.28
8379 0.45
8380 7.35
8381 0.00
8382 12.29
8383 2.78
8384 0.91
8385 2.39
8386 2.16
8387 1.72
8388 2.25
8389 1.94
8390 1.98
8391 2.07
8392 2.33
8393 2.03
8394 1.97
8395 1.43
8396 1.76
8397 4.66
8398 1.27
8399 1.05
8400 12.18
8401 0.64
8402 5.25
8403 1.59
8404 10.68
8405 0.00
8406 11.75
8407 6.09
8408 0.96
8409 2.16
8410 2.33
8411 2.12
8412 1.89
8413 1.89
8414 1.92
8415 2.05
8416 2.10
8417 2.56
8418 1.57
8419 1.77
8420 2.17
8421 1.12
8422 0.69
8423 2.06
8424 3.46
8425 0.61
8426 1.28
8427 24.83
8428 0.00
8429 22.55
8430 0.00
8431 0.65
8432 0.49
8433 1.42
8434 0.73
8435 0.99
8436 1.14
8437 1.24
8438 0.96
8439 1.09
8440 1.15
8441 1.04
8442 1.59
8443 1.94
8444 1.63
8445 1.77
8446 6.48
8447 2.72
8448 3.16
8449 0.90
8450 15.06
8451 0.44
8452 0.00
8453 36.00
8454 43.90
8455 0.71
8456 1.28
8457 2.76
8458 2.10
8459 2.47
8460 2.52
8461 1.94
8462 2.04
8463 2.95
8464 2.54
8465 2.21
8466 2.17
8467 2.05
8468 2.98
8469 3.61
8470 12.26
8471 2.48
8472 5.00
8473 0.80
8474 0.00
8475 0.95
8476 4.41
8477 39.56
8478 47.37
8479 1.43
8480 1.20
8481 2.30
8482 2.20
8483 2.17
8484 2.17
8485 2.12
8486 2.23
8487 2.71
8488 1.98
8489 2.11
8490 2.04
8491 1.66
8492 2.54
8493 2.62
8494 4.40
8495 5.04
8496 4.49
8497 0.95
8498 8.08
8499 0.00
8500 0.00
8501 16.77
8502 0.00
8503 1.72
8504 1.33
8505 2.08
8506 2.32
8507 2.36
8508 2.31
8509 2.08
8510 2.14
8511 2.40
8512 2.25
8513 2.21
8514 1.52
8515 1.68
8516 1.85
8517 3.20
8518 1.49
8519 2.21
8520 7.96
8521 0.58
8522 13.11
8523 0.82
8524 0.00
8525 0.55
8526 14.15
8527 1.34
8528 1.20
8529 2.22
8530 2.04
8531 1.96
8532 2.20
8533 2.23
8534 2.01
8535 2.11
8536 2.49
8537 1.95
8538 1.68
8539 1.56
8540 2.50
8541 3.71
8542 1.37
8543 4.11
8544 3.71
8545 0.65
8546 0.00
8547 1.62
8548 0.49
8549 0.58
8550 21.62
8551 1.66
8552 1.35
8553 1.84
8554 2.08
8555 2.34
8556 2.54
8557 2.18
8558 1.87
8559 2.11
8560 2.42
8561 2.10
8562 1.84
8563 1.47
8564 2.04
8565 2.01
8566 1.78
8567 2.35
8568 8.12
8569 1.31
8570 0.89
8571 11.45
8572 27.80
8573 0.77
8574 5.76
8575 4.19
8576 0.92
8577 2.91
8578 2.58
8579 2.17
8580 2.32
8581 1.98
8582 1.91
8583 1.79
8584 2.10
8585 2.59
8586 2.15
8587 1.92
8588 2.55
8589 3.18
8590 3.02
8591 1.17
8592 7.58
8593 0.49
8594 0.00
8595 0.00
8596 55.38
8597 0.00
8598 0.00
8599 1.79
8600 0.55
8601 1.64
8602 1.03
8603 0.90
8604 0.97
8605 1.11
8606 0.98
8607 0.86
8608 1.60
8609 1.34
8610 2.14
8611 6.52
8612 15.64
8613 2.03
8614 3.02
8615 28.51
8616 7.89
8617 3.06
8618 13.77
8619 5.62
8620 12.31
8621 0.00
8622 2.25
8623 0.53
8624 0.21
8625 0.36
8626 0.45
8627 0.83
8628 1.01
8629 0.65
8630 0.82
8631 1.06
8632 0.96
8633 0.85
8634 0.77
8635 1.06
8636 1.77
8637 3.86
8638 1.42
8639 1.33
8640 3.21
8641 0.38
8642 0.00
8643 14.60
8644 55.38
8645 41.38
8646 31.17
8647 2.12
8648 0.27
8649 0.54
8650 0.55
8651 0.99
8652 0.83
8653 0.72
8654 1.13
8655 1.18
8656 1.15
8657 0.92
8658 1.26
8659 1.22
8660 1.66
8661 2.11
8662 1.15
8663 8.13
8664 0.00
8665 0.59
8666 13.87
8667 0.00
8668 0.00
8669 0.00
8670 8.94
8671 1.06
8672 1.27
8673 2.03
8674 2.27
8675 2.34
8676 2.12
8677 1.92
8678 2.04
8679 1.87
8680 2.24
8681 1.59
8682 1.73
8683 1.76
8684 2.17
8685 4.33
8686 2.34
8687 6.57
8688 8.50
8689 5.79
8690 17.31
8691 18.85
8692 0.00
8693 31.17
8694 7.13
8695 2.32
8696 0.89
8697 2.42
8698 1.66
8699 2.15
8700 1.74
8701 1.85
8702 1.86
8703 1.91
8704 1.74
8705 1.87
8706 1.77
8707 1.79
8708 2.22
8709 5.67
8710 7.91
8711 2.98
8712 8.20
8713 1.40
8714 9.85
8715 9.60
8716 10.51
8717 13.53
8718 31.17
8719 2.25
8720 1.33
8721 3.08
8722 2.44
8723 2.73
8724 1.75
8725 2.04
8726 1.59
8727 1.94
8728 1.71
8729 1.90
8730 1.68
8731 1.78
8732 2.54
8733 2.94
8734 0.88
8735 2.38
8736 3.23
8737 0.92
8738 16.00
8739 0.42
8740 0.00
8741 31.03
8742 0.00
8743 1.18
8744 0.73
8745 2.18
8746 2.87
8747 1.61
8748 2.14
8749 2.31
8750 1.94
8751 2.25
8752 2.21
8753 2.70
8754 2.53
8755 3.08
8756 3.12
8757 1.75
8758 1.28
8759 1.04
8760 0.00
