1 17
2 5
3 5
4 3
5 4
6 0
7 2
8 26
9 16
10 29
11 63
12 41
13 46
14 65
15 75
16 52
17 47
18 66
19 33
20 13
21 5
22 2
23 5
24 5
25 7
26 1
27 0
28 0
29 0
30 1
31 2
32 67
33 55
34 96
35 110
36 106
37 119
38 113
39 112
40 119
41 120
42 126
43 135
44 92
45 26
46 4
47 5
48 4
49 4
50 0
51 0
52 1
53 2
54 2
55 4
56 92
57 111
58 152
59 168
60 207
61 210
62 184
63 195
64 190
65 169
66 172
67 181
68 125
69 37
70 6
71 5
72 9
73 6
74 1
75 2
76 1
77 3
78 2
79 5
80 95
81 101
82 181
83 160
84 199
85 196
86 187
87 179
88 186
89 178
90 184
91 208
92 147
93 43
94 4
95 6
96 5
97 6
98 0
99 1
100 1
101 2
102 3
103 5
104 83
105 102
106 135
107 205
108 213
109 220
110 198
111 192
112 210
113 189
114 213
115 238
116 115
117 36
118 5
119 8
120 6
121 7
122 1
123 1
124 9
125 1
126 5
127 10
128 77
129 100
130 138
131 174
132 194
133 226
134 190
135 213
136 238
137 171
138 201
139 219
140 146
141 36
142 8
143 15
144 9
145 4
146 1
147 1
148 2
149 0
150 3
151 1
152 64
153 69
154 99
155 145
156 173
157 174
158 166
159 157
160 148
161 144
162 149
163 172
164 93
165 18
166 7
167 10
168 9
169 9
170 4
171 6
172 2
173 3
174 2
175 3
176 35
177 26
178 67
179 60
180 57
181 79
182 79
183 70
184 62
185 70
186 89
187 26
188 10
189 6
190 6
191 8
192 1
193 3
194 0
195 0
196 1
197 3
198 1
199 3
200 116
201 98
202 152
203 178
204 179
205 185
206 205
207 179
208 184
209 201
210 165
211 194
212 115
213 35
214 4
215 7
216 1
217 6
218 0
219 0
220 1
221 2
222 1
223 3
224 101
225 84
226 148
227 167
228 175
229 203
230 192
231 167
232 176
233 177
234 175
235 193
236 115
237 34
238 8
239 6
240 7
241 5
242 3
243 0
244 3
245 3
246 0
247 4
248 98
249 91
250 120
251 185
252 179
253 198
254 216
255 185
256 182
257 159
258 171
259 226
260 136
261 36
262 9
263 3
264 5
265 7
266 2
267 0
268 0
269 2
270 4
271 8
272 90
273 95
274 157
275 191
276 184
277 224
278 205
279 219
280 206
281 181
282 198
283 207
284 149
285 57
286 14
287 9
288 16
289 22
290 3
291 3
292 1
293 2
294 0
295 3
296 97
297 142
298 160
299 228
300 194
301 217
302 223
303 233
304 212
305 207
306 224
307 220
308 113
309 35
310 8
311 8
312 5
313 10
314 3
315 1
316 0
317 2
318 1
319 3
320 74
321 98
322 162
323 179
324 213
325 197
326 217
327 238
328 189
329 186
330 164
331 168
332 125
333 31
334 9
335 10
336 6
337 12
338 2
339 1
340 4
341 5
342 1
343 3
344 30
345 45
346 75
347 101
348 85
349 68
350 89
351 83
352 91
353 82
354 91
355 37
356 13
357 5
358 8
359 7
360 1
361 8
362 1
363 1
364 0
365 3
366 2
367 4
368 110
369 99
370 183
371 235
372 227
373 226
374 229
375 208
376 226
377 189
378 172
379 176
380 132
381 57
382 4
383 7
384 5
385 3
386 2
387 2
388 1
389 5
390 3
391 9
392 106
393 136
394 192
395 211
396 239
397 237
398 205
399 190
400 192
401 161
402 169
403 199
404 129
405 35
406 13
407 7
408 1
409 7
410 3
411 1
412 0
413 1
414 1
415 3
416 106
417 82
418 132
419 209
420 202
421 219
422 226
423 199
424 208
425 171
426 188
427 202
428 155
429 44
430 5
431 6
432 3
433 6
434 0
435 1
436 1
437 3
438 3
439 5
440 110
441 126
442 152
443 199
444 203
445 230
446 191
447 223
448 203
449 144
450 199
451 210
452 175
453 40
454 6
455 5
456 1
457 7
458 1
459 1
460 0
461 1
462 6
463 5
464 119
465 144
466 185
467 200
468 243
469 224
470 215
471 221
472 237
473 180
474 206
475 266
476 134
477 30
478 10
479 7
480 17
481 18
482 8
483 3
484 5
485 2
486 7
487 4
488 109
489 115
490 154
491 187
492 203
493 214
494 207
495 197
496 195
497 190
498 178
499 186
500 142
501 36
502 13
503 15
504 7
505 18
506 7
507 3
508 7
509 9
510 5
511 5
512 40
513 36
514 95
515 96
516 80
517 106
518 99
519 98
520 90
521 70
522 104
523 56
524 21
525 10
526 6
527 4
528 8
529 8
530 4
531 11
532 4
533 6
534 7
535 10
536 138
537 142
538 208
539 230
540 222
541 273
542 229
543 214
544 241
545 215
546 209
547 185
548 143
549 45
550 6
551 5
552 0
553 9
554 6
555 3
556 5
557 6
558 5
559 6
560 122
561 157
562 219
563 226
564 200
565 223
566 215
567 199
568 230
569 199
570 175
571 193
572 157
573 44
574 18
575 12
576 11
577 11
578 1
579 4
580 3
581 3
582 3
583 6
584 97
585 97
586 171
587 212
588 210
589 214
590 223
591 228
592 225
593 199
594 210
595 238
596 152
597 57
598 13
599 14
600 10
601 14
602 14
603 18
604 14
605 7
606 16
607 14
608 81
609 47
610 74
611 106
612 109
613 109
614 117
615 117
616 127
617 101
618 111
619 132
620 104
621 57
622 24
623 18
624 19
625 16
626 14
627 20
628 16
629 22
630 23
631 21
632 99
633 104
634 181
635 195
636 226
637 199
638 226
639 215
640 212
641 179
642 206
643 238
644 124
645 43
646 34
647 21
648 20
649 13
650 10
651 8
652 14
653 18
654 16
655 12
656 82
657 115
658 179
659 179
660 185
661 201
662 197
663 169
664 174
665 153
666 178
667 189
668 124
669 24
670 5
671 9
672 4
673 12
674 5
675 3
676 3
677 6
678 3
679 2
680 27
681 34
682 72
683 65
684 49
685 75
686 68
687 58
688 80
689 75
690 69
691 29
692 7
693 6
694 9
695 6
696 4
697 8
698 1
699 4
700 1
701 2
702 3
703 7
704 123
705 115
706 149
707 206
708 173
709 208
710 197
711 202
712 187
713 169
714 163
715 150
716 132
717 40
718 7
719 4
720 4
721 5
722 0
723 2
724 0
725 2
726 2
727 4
728 94
729 94
730 176
731 206
732 202
733 207
734 195
735 193
736 196
737 179
738 183
739 214
740 117
741 27
742 8
743 7
744 5
745 6
746 2
747 3
748 3
749 3
750 4
751 4
752 103
753 104
754 162
755 186
756 188
757 186
758 197
759 168
760 170
761 176
762 186
763 183
764 147
765 32
766 3
767 4
768 2
769 7
770 1
771 4
772 1
773 1
774 6
775 5
776 95
777 101
778 156
779 187
780 171
781 182
782 209
783 185
784 189
785 160
786 157
787 202
788 137
789 40
790 9
791 2
792 4
793 7
794 1
795 3
796 4
797 3
798 5
799 2
800 132
801 113
802 141
803 184
804 174
805 199
806 176
807 180
808 192
809 150
810 150
811 196
812 120
813 42
814 10
815 10
816 7
817 10
818 3
819 2
820 1
821 1
822 2
823 1
824 87
825 74
826 121
827 115
828 167
829 157
830 152
831 147
832 142
833 152
834 135
835 162
836 117
837 29
838 2
839 2
840 0
841 21
842 8
843 4
844 2
845 0
846 3
847 1
848 36
849 49
850 71
851 55
852 72
853 65
854 73
855 84
856 66
857 73
858 77
859 39
860 10
861 5
862 3
863 2
864 6
865 8
866 2
867 1
868 0
869 1
870 5
871 2
872 101
873 91
874 142
875 180
876 196
877 194
878 173
879 176
880 186
881 176
882 180
883 191
884 110
885 35
886 7
887 3
888 2
889 4
890 2
891 1
892 1
893 3
894 5
895 2
896 95
897 99
898 148
899 190
900 192
901 175
902 185
903 171
904 186
905 145
906 172
907 196
908 118
909 35
910 9
911 3
912 3
913 6
914 0
915 1
916 2
917 3
918 3
919 3
920 99
921 102
922 150
923 182
924 174
925 179
926 198
927 184
928 187
929 185
930 173
931 202
932 115
933 37
934 7
935 4
936 1
937 5
938 2
939 0
940 0
941 2
942 5
943 2
944 93
945 108
946 144
947 170
948 190
949 174
950 178
951 187
952 203
953 160
954 172
955 204
956 135
957 53
958 8
959 2
960 3
961 7
962 1
963 1
964 0
965 1
966 4
967 3
968 106
969 99
970 185
971 176
972 183
973 214
974 175
975 189
976 189
977 204
978 178
979 183
980 98
981 28
982 9
983 11
984 5
985 9
986 2
987 1
988 3
989 2
990 3
991 1
992 75
993 99
994 146
995 156
996 175
997 169
998 169
999 171
1000 154
1001 169
1002 139
1003 182
1004 127
1005 32
1006 5
1007 2
1008 2
1009 10
1010 4
1011 3
1012 3
1013 1
1014 2
1015 0
1016 43
1017 34
1018 68
1019 64
1020 78
1021 82
1022 96
1023 102
1024 93
1025 90
1026 78
1027 25
1028 10
1029 10
1030 6
1031 1
1032 0
1033 5
1034 0
1035 0
1036 2
1037 1
1038 2
1039 4
1040 82
1041 89
1042 151
1043 176
1044 180
1045 184
1046 189
1047 181
1048 185
1049 171
1050 164
1051 158
1052 93
1053 33
1054 7
1055 3
1056 1
1057 6
1058 2
1059 9
1060 10
1061 16
1062 12
1063 8
1064 102
1065 112
1066 161
1067 212
1068 209
1069 186
1070 183
1071 182
1072 193
1073 167
1074 157
1075 216
1076 131
1077 28
1078 10
1079 5
1080 3
1081 13
1082 3
1083 0
1084 3
1085 3
1086 6
1087 4
1088 92
1089 102
1090 158
1091 205
1092 209
1093 191
1094 198
1095 176
1096 180
1097 172
1098 185
1099 180
1100 131
1101 45
1102 7
1103 5
1104 5
1105 8
1106 1
1107 1
1108 2
1109 4
1110 4
1111 2
1112 98
1113 116
1114 166
1115 213
1116 176
1117 170
1118 171
1119 164
1120 167
1121 144
1122 183
1123 216
1124 113
1125 37
1126 15
1127 5
1128 5
1129 6
1130 1
1131 2
1132 2
1133 1
1134 2
1135 2
1136 95
1137 98
1138 170
1139 245
1140 219
1141 198
1142 202
1143 235
1144 179
1145 162
1146 184
1147 177
1148 119
1149 25
1150 4
1151 9
1152 4
1153 7
1154 1
1155 0
1156 0
1157 0
1158 2
1159 4
1160 84
1161 105
1162 156
1163 169
1164 175
1165 183
1166 201
1167 164
1168 156
1169 135
1170 168
1171 148
1172 119
1173 29
1174 7
1175 8
1176 1
1177 12
1178 1
1179 5
1180 2
1181 2
1182 3
1183 2
1184 37
1185 40
1186 89
1187 62
1188 72
1189 64
1190 95
1191 89
1192 81
1193 77
1194 75
1195 34
1196 7
1197 7
1198 8
1199 3
1200 1
1201 8
1202 2
1203 3
1204 0
1205 2
1206 6
1207 5
1208 85
1209 109
1210 188
1211 236
1212 199
1213 231
1214 185
1215 230
1216 204
1217 200
1218 157
1219 169
1220 132
1221 38
1222 5
1223 1
1224 0
1225 6
1226 0
1227 3
1228 1
1229 2
1230 3
1231 5
1232 102
1233 118
1234 155
1235 195
1236 221
1237 199
1238 206
1239 221
1240 165
1241 174
1242 180
1243 171
1244 115
1245 30
1246 8
1247 9
1248 0
1249 10
1250 1
1251 2
1252 0
1253 4
1254 1
1255 5
1256 117
1257 111
1258 183
1259 181
1260 199
1261 212
1262 214
1263 205
1264 187
1265 168
1266 176
1267 202
1268 118
1269 41
1270 4
1271 3
1272 2
1273 6
1274 0
1275 1
1276 7
1277 5
1278 12
1279 6
1280 111
1281 97
1282 195
1283 223
1284 198
1285 230
1286 196
1287 215
1288 208
1289 175
1290 174
1291 203
1292 146
1293 58
1294 8
1295 0
1296 4
1297 6
1298 2
1299 2
1300 0
1301 0
1302 2
1303 1
1304 103
1305 107
1306 167
1307 224
1308 240
1309 225
1310 218
1311 239
1312 236
1313 196
1314 175
1315 218
1316 116
1317 25
1318 6
1319 10
1320 10
1321 5
1322 1
1323 0
1324 1
1325 3
1326 4
1327 2
1328 91
1329 149
1330 184
1331 186
1332 190
1333 192
1334 201
1335 208
1336 168
1337 164
1338 182
1339 183
1340 119
1341 23
1342 1
1343 4
1344 5
1345 20
1346 5
1347 3
1348 5
1349 1
1350 3
1351 2
1352 33
1353 47
1354 91
1355 73
1356 82
1357 73
1358 84
1359 83
1360 92
1361 54
1362 57
1363 31
1364 4
1365 3
1366 10
1367 1
1368 1
1369 4
1370 0
1371 0
1372 1
1373 0
1374 4
1375 4
1376 116
1377 81
1378 143
1379 225
1380 199
1381 216
1382 216
1383 203
1384 201
1385 168
1386 199
1387 213
1388 118
1389 50
1390 5
1391 7
1392 1
1393 5
1394 0
1395 3
1396 2
1397 2
1398 3
1399 11
1400 97
1401 136
1402 174
1403 232
1404 228
1405 213
1406 217
1407 225
1408 225
1409 206
1410 186
1411 201
1412 113
1413 43
1414 13
1415 6
1416 6
1417 6
1418 0
1419 3
1420 1
1421 0
1422 3
1423 6
1424 105
1425 93
1426 158
1427 208
1428 231
1429 223
1430 208
1431 227
1432 194
1433 192
1434 195
1435 180
1436 121
1437 50
1438 7
1439 8
1440 4
1441 3
1442 0
1443 2
1444 1
1445 2
1446 3
1447 5
1448 113
1449 121
1450 228
1451 220
1452 191
1453 228
1454 185
1455 200
1456 216
1457 207
1458 194
1459 217
1460 113
1461 34
1462 13
1463 12
1464 10
1465 6
1466 1
1467 2
1468 0
1469 2
1470 1
1471 2
1472 97
1473 113
1474 156
1475 178
1476 204
1477 210
1478 194
1479 210
1480 190
1481 164
1482 169
1483 210
1484 115
1485 23
1486 5
1487 5
1488 3
1489 18
1490 4
1491 4
1492 4
1493 0
1494 3
1495 2
1496 36
1497 52
1498 83
1499 60
1500 66
1501 45
1502 89
1503 76
1504 86
1505 80
1506 79
1507 31
1508 6
1509 7
1510 8
1511 3
1512 5
1513 5
1514 1
1515 0
1516 1
1517 4
1518 1
1519 3
1520 102
1521 109
1522 158
1523 195
1524 224
1525 219
1526 172
1527 182
1528 191
1529 179
1530 194
1531 204
1532 146
1533 46
1534 7
1535 4
1536 5
1537 5
1538 0
1539 2
1540 0
1541 2
1542 2
1543 5
1544 103
1545 102
1546 153
1547 214
1548 174
1549 208
1550 174
1551 175
1552 197
1553 180
1554 179
1555 203
1556 103
1557 41
1558 8
1559 4
1560 2
1561 3
1562 2
1563 4
1564 0
1565 1
1566 2
1567 3
1568 105
1569 125
1570 159
1571 215
1572 220
1573 192
1574 197
1575 185
1576 179
1577 180
1578 223
1579 194
1580 115
1581 45
1582 9
1583 3
1584 5
1585 3
1586 2
1587 0
1588 1
1589 2
1590 3
1591 6
1592 110
1593 104
1594 160
1595 199
1596 195
1597 221
1598 186
1599 178
1600 197
1601 170
1602 196
1603 217
1604 124
1605 43
1606 9
1607 2
1608 3
1609 6
1610 0
1611 2
1612 1
1613 2
1614 5
1615 5
1616 104
1617 113
1618 205
1619 197
1620 189
1621 251
1622 241
1623 231
1624 203
1625 196
1626 166
1627 194
1628 148
1629 37
1630 7
1631 13
1632 10
1633 7
1634 5
1635 1
1636 1
1637 2
1638 1
1639 1
1640 78
1641 88
1642 156
1643 189
1644 190
1645 177
1646 198
1647 173
1648 167
1649 142
1650 148
1651 179
1652 88
1653 22
1654 2
1655 2
1656 7
1657 9
1658 4
1659 1
1660 1
1661 2
1662 1
1663 2
1664 36
1665 23
1666 83
1667 69
1668 66
1669 65
1670 79
1671 67
1672 65
1673 66
1674 76
1675 29
1676 14
1677 7
1678 5
1679 4
1680 7
1681 16
1682 1
1683 0
1684 4
1685 4
1686 3
1687 2
1688 68
1689 44
1690 73
1691 125
1692 83
1693 77
1694 68
1695 87
1696 84
1697 74
1698 109
1699 100
1700 82
1701 34
1702 8
1703 5
1704 2
1705 3
1706 4
1707 2
1708 0
1709 1
1710 3
1711 5
1712 97
1713 101
1714 193
1715 197
1716 202
1717 165
1718 183
1719 192
1720 200
1721 181
1722 158
1723 198
1724 123
1725 37
1726 9
1727 4
1728 2
1729 3
1730 1
1731 0
1732 0
1733 0
1734 3
1735 7
1736 90
1737 114
1738 156
1739 198
1740 221
1741 170
1742 188
1743 179
1744 192
1745 169
1746 193
1747 195
1748 134
1749 36
1750 3
1751 3
1752 2
1753 5
1754 1
1755 0
1756 0
1757 2
1758 2
1759 4
1760 94
1761 124
1762 139
1763 172
1764 195
1765 205
1766 205
1767 174
1768 195
1769 176
1770 174
1771 197
1772 128
1773 43
1774 5
1775 3
1776 2
1777 4
1778 3
1779 2
1780 3
1781 0
1782 3
1783 12
1784 106
1785 109
1786 191
1787 219
1788 205
1789 205
1790 222
1791 203
1792 171
1793 163
1794 173
1795 190
1796 99
1797 16
1798 13
1799 13
1800 4
1801 7
1802 2
1803 1
1804 0
1805 2
1806 3
1807 5
1808 71
1809 82
1810 127
1811 146
1812 145
1813 153
1814 160
1815 160
1816 158
1817 128
1818 105
1819 156
1820 98
1821 25
1822 5
1823 1
1824 8
1825 13
1826 3
1827 1
1828 3
1829 1
1830 0
1831 3
1832 28
1833 42
1834 62
1835 47
1836 64
1837 70
1838 76
1839 52
1840 51
1841 76
1842 52
1843 42
1844 5
1845 9
1846 19
1847 14
1848 13
1849 4
1850 0
1851 0
1852 1
1853 1
1854 3
1855 6
1856 124
1857 111
1858 167
1859 178
1860 185
1861 182
1862 183
1863 156
1864 191
1865 189
1866 171
1867 187
1868 121
1869 41
1870 8
1871 3
1872 0
1873 4
1874 0
1875 1
1876 1
1877 4
1878 1
1879 11
1880 105
1881 110
1882 177
1883 212
1884 197
1885 167
1886 164
1887 169
1888 172
1889 171
1890 183
1891 182
1892 101
1893 30
1894 9
1895 2
1896 2
1897 5
1898 2
1899 0
1900 0
1901 1
1902 3
1903 4
1904 121
1905 95
1906 157
1907 177
1908 158
1909 180
1910 147
1911 142
1912 160
1913 144
1914 188
1915 157
1916 143
1917 32
1918 7
1919 6
1920 2
1921 2
1922 0
1923 1
1924 0
1925 1
1926 3
1927 8
1928 117
1929 128
1930 161
1931 163
1932 181
1933 161
1934 203
1935 179
1936 161
1937 151
1938 182
1939 179
1940 106
1941 39
1942 10
1943 4
1944 5
1945 4
1946 0
1947 2
1948 1
1949 0
1950 0
1951 10
1952 107
1953 98
1954 168
1955 172
1956 146
1957 173
1958 166
1959 166
1960 186
1961 189
1962 180
1963 212
1964 76
1965 28
1966 21
1967 8
1968 6
1969 4
1970 0
1971 0
1972 0
1973 4
1974 3
1975 1
1976 61
1977 73
1978 155
1979 162
1980 170
1981 169
1982 177
1983 156
1984 165
1985 158
1986 157
1987 161
1988 88
1989 12
1990 2
1991 4
1992 3
1993 13
1994 5
1995 1
1996 0
1997 0
1998 1
1999 5
2000 35
2001 27
2002 62
2003 56
2004 41
2005 52
2006 54
2007 46
2008 43
2009 70
2010 73
2011 31
2012 5
2013 6
2014 6
2015 9
2016 1
2017 2
2018 0
2019 0
2020 3
2021 0
2022 0
2023 7
2024 105
2025 108
2026 171
2027 181
2028 195
2029 176
2030 193
2031 190
2032 158
2033 177
2034 208
2035 161
2036 127
2037 39
2038 3
2039 3
2040 3
2041 5
2042 0
2043 1
2044 2
2045 3
2046 3
2047 6
2048 114
2049 122
2050 119
2051 191
2052 152
2053 183
2054 181
2055 168
2056 170
2057 200
2058 180
2059 200
2060 87
2061 21
2062 8
2063 4
2064 0
2065 4
2066 2
2067 1
2068 1
2069 0
2070 4
2071 10
2072 123
2073 105
2074 158
2075 175
2076 178
2077 187
2078 192
2079 169
2080 175
2081 190
2082 170
2083 179
2084 110
2085 38
2086 5
2087 4
2088 5
2089 5
2090 0
2091 2
2092 3
2093 1
2094 3
2095 7
2096 103
2097 99
2098 162
2099 172
2100 176
2101 171
2102 177
2103 170
2104 169
2105 158
2106 176
2107 217
2108 108
2109 32
2110 8
2111 5
2112 5
2113 7
2114 1
2115 0
2116 3
2117 1
2118 3
2119 3
2120 117
2121 113
2122 178
2123 179
2124 210
2125 190
2126 187
2127 181
2128 182
2129 208
2130 168
2131 219
2132 87
2133 22
2134 5
2135 5
2136 2
2137 3
2138 3
2139 1
2140 1
2141 2
2142 3
2143 3
2144 79
2145 95
2146 146
2147 151
2148 194
2149 168
2150 162
2151 181
2152 156
2153 149
2154 160
2155 155
2156 118
2157 18
2158 10
2159 3
2160 2
2161 13
2162 0
2163 6
2164 1
2165 2
2166 1
2167 4
2168 42
2169 45
2170 83
2171 63
2172 46
2173 53
2174 69
2175 67
2176 69
2177 71
2178 68
2179 33
2180 4
2181 5
2182 5
2183 6
2184 1
2185 5
2186 2
2187 1
2188 1
2189 1
2190 2
2191 5
2192 103
2193 90
2194 166
2195 196
2196 170
2197 180
2198 173
2199 186
2200 164
2201 188
2202 178
2203 180
2204 132
2205 32
2206 6
2207 5
2208 1
2209 3
2210 2
2211 0
2212 1
2213 0
2214 2
2215 6
2216 98
2217 95
2218 155
2219 192
2220 211
2221 197
2222 190
2223 168
2224 192
2225 159
2226 159
2227 211
2228 89
2229 24
2230 9
2231 7
2232 3
2233 6
2234 0
2235 0
2236 0
2237 1
2238 1
2239 9
2240 95
2241 126
2242 134
2243 209
2244 190
2245 193
2246 188
2247 171
2248 179
2249 174
2250 203
2251 180
2252 100
2253 36
2254 9
2255 11
2256 6
2257 5
2258 1
2259 1
2260 1
2261 1
2262 5
2263 5
2264 113
2265 116
2266 159
2267 181
2268 193
2269 189
2270 186
2271 171
2272 181
2273 164
2274 193
2275 223
2276 87
2277 22
2278 8
2279 6
2280 3
2281 8
2282 8
2283 6
2284 4
2285 0
2286 2
2287 1
2288 67
2289 66
2290 85
2291 53
2292 73
2293 102
2294 91
2295 73
2296 71
2297 63
2298 68
2299 106
2300 56
2301 23
2302 5
2303 5
2304 2
2305 4
2306 0
2307 0
2308 0
2309 1
2310 1
2311 1
2312 59
2313 55
2314 94
2315 137
2316 151
2317 132
2318 120
2319 142
2320 149
2321 127
2322 144
2323 144
2324 65
2325 8
2326 1
2327 5
2328 10
2329 7
2330 1
2331 1
2332 1
2333 2
2334 1
2335 2
2336 28
2337 29
2338 62
2339 65
2340 56
2341 64
2342 62
2343 58
2344 61
2345 68
2346 54
2347 25
2348 6
2349 5
2350 7
2351 16
2352 5
2353 11
2354 0
2355 2
2356 2
2357 1
2358 0
2359 2
2360 73
2361 34
2362 110
2363 92
2364 58
2365 60
2366 59
2367 66
2368 64
2369 60
2370 111
2371 131
2372 83
2373 22
2374 6
2375 5
2376 2
2377 6
2378 0
2379 0
2380 0
2381 1
2382 2
2383 3
2384 88
2385 117
2386 136
2387 148
2388 202
2389 183
2390 188
2391 161
2392 167
2393 172
2394 177
2395 221
2396 116
2397 32
2398 13
2399 6
2400 3
2401 4
2402 0
2403 0
2404 0
2405 0
2406 1
2407 3
2408 101
2409 116
2410 157
2411 181
2412 174
2413 187
2414 181
2415 166
2416 198
2417 197
2418 164
2419 197
2420 93
2421 36
2422 7
2423 4
2424 1
2425 3
2426 4
2427 2
2428 0
2429 2
2430 5
2431 2
2432 96
2433 118
2434 179
2435 192
2436 195
2437 164
2438 198
2439 177
2440 183
2441 165
2442 189
2443 194
2444 98
2445 36
2446 10
2447 1
2448 3
2449 6
2450 0
2451 1
2452 1
2453 1
2454 2
2455 7
2456 84
2457 113
2458 167
2459 177
2460 197
2461 174
2462 177
2463 176
2464 196
2465 200
2466 169
2467 215
2468 86
2469 27
2470 8
2471 4
2472 3
2473 7
2474 0
2475 2
2476 1
2477 2
2478 2
2479 3
2480 68
2481 120
2482 167
2483 187
2484 167
2485 179
2486 174
2487 167
2488 164
2489 157
2490 160
2491 171
2492 96
2493 12
2494 6
2495 2
2496 5
2497 12
2498 3
2499 1
2500 0
2501 1
2502 1
2503 1
2504 34
2505 31
2506 74
2507 60
2508 62
2509 65
2510 59
2511 67
2512 59
2513 73
2514 72
2515 34
2516 15
2517 5
2518 6
2519 1
2520 0
2521 5
2522 1
2523 3
2524 0
2525 1
2526 3
2527 3
2528 121
2529 86
2530 143
2531 154
2532 179
2533 181
2534 162
2535 189
2536 167
2537 161
2538 175
2539 171
2540 101
2541 30
2542 7
2543 4
2544 2
2545 5
2546 0
2547 0
2548 1
2549 0
2550 0
2551 6
2552 97
2553 88
2554 149
2555 157
2556 188
2557 159
2558 171
2559 162
2560 163
2561 150
2562 172
2563 193
2564 100
2565 33
2566 6
2567 1
2568 1
2569 4
2570 2
2571 2
2572 1
2573 1
2574 2
2575 9
2576 111
2577 100
2578 135
2579 164
2580 174
2581 173
2582 145
2583 165
2584 169
2585 173
2586 176
2587 193
2588 108
2589 47
2590 13
2591 3
2592 4
2593 5
2594 0
2595 2
2596 1
2597 2
2598 4
2599 9
2600 89
2601 100
2602 141
2603 186
2604 172
2605 199
2606 162
2607 195
2608 153
2609 162
2610 187
2611 199
2612 113
2613 38
2614 2
2615 5
2616 1
2617 6
2618 0
2619 0
2620 0
2621 1
2622 5
2623 8
2624 97
2625 109
2626 179
2627 198
2628 199
2629 184
2630 174
2631 179
2632 200
2633 200
2634 193
2635 209
2636 104
2637 23
2638 5
2639 3
2640 4
2641 6
2642 0
2643 0
2644 0
2645 2
2646 1
2647 3
2648 98
2649 74
2650 98
2651 101
2652 97
2653 102
2654 78
2655 102
2656 117
2657 91
2658 77
2659 95
2660 62
2661 11
2662 1
2663 5
2664 3
2665 10
2666 1
2667 3
2668 1
2669 2
2670 0
2671 3
2672 36
2673 18
2674 32
2675 27
2676 27
2677 25
2678 28
2679 42
2680 34
2681 40
2682 53
2683 34
2684 8
2685 6
2686 10
2687 1
2688 1
2689 4
2690 1
2691 2
2692 0
2693 0
2694 4
2695 2
2696 71
2697 49
2698 97
2699 122
2700 113
2701 134
2702 104
2703 123
2704 109
2705 103
2706 112
2707 109
2708 76
2709 27
2710 3
2711 1
2712 1
2713 4
2714 1
2715 1
2716 1
2717 1
2718 1
2719 5
2720 75
2721 58
2722 90
2723 119
2724 107
2725 109
2726 120
2727 103
2728 127
2729 116
2730 112
2731 118
2732 82
2733 33
2734 11
2735 5
2736 4
2737 7
2738 0
2739 1
2740 2
2741 1
2742 1
2743 1
2744 55
2745 19
2746 39
2747 57
2748 52
2749 40
2750 51
2751 47
2752 29
2753 48
2754 56
2755 99
2756 65
2757 12
2758 9
2759 3
2760 1
2761 4
2762 0
2763 0
2764 1
2765 2
2766 4
2767 5
2768 115
2769 112
2770 150
2771 183
2772 161
2773 178
2774 183
2775 174
2776 142
2777 159
2778 158
2779 194
2780 104
2781 24
2782 8
2783 5
2784 4
2785 7
2786 1
2787 1
2788 0
2789 1
2790 2
2791 4
2792 109
2793 130
2794 152
2795 182
2796 189
2797 156
2798 168
2799 167
2800 168
2801 171
2802 155
2803 181
2804 108
2805 27
2806 9
2807 9
2808 9
2809 6
2810 2
2811 1
2812 0
2813 0
2814 0
2815 7
2816 79
2817 53
2818 151
2819 142
2820 181
2821 166
2822 172
2823 153
2824 162
2825 144
2826 118
2827 176
2828 67
2829 14
2830 3
2831 6
2832 4
2833 11
2834 3
2835 1
2836 1
2837 1
2838 2
2839 1
2840 35
2841 38
2842 66
2843 50
2844 73
2845 65
2846 70
2847 61
2848 83
2849 66
2850 57
2851 28
2852 13
2853 8
2854 10
2855 3
2856 5
2857 4
2858 1
2859 1
2860 0
2861 4
2862 5
2863 9
2864 101
2865 115
2866 166
2867 183
2868 210
2869 184
2870 188
2871 176
2872 155
2873 185
2874 183
2875 165
2876 99
2877 31
2878 4
2879 1
2880 2
2881 4
2882 1
2883 0
2884 1
2885 1
2886 1
2887 7
2888 111
2889 90
2890 146
2891 177
2892 154
2893 147
2894 156
2895 150
2896 166
2897 164
2898 196
2899 172
2900 103
2901 40
2902 4
2903 3
2904 1
2905 6
2906 1
2907 2
2908 1
2909 3
2910 2
2911 9
2912 97
2913 93
2914 150
2915 172
2916 163
2917 206
2918 150
2919 169
2920 172
2921 156
2922 172
2923 199
2924 112
2925 33
2926 1
2927 1
2928 5
2929 6
2930 0
2931 0
2932 0
2933 0
2934 2
2935 5
2936 98
2937 127
2938 132
2939 188
2940 189
2941 192
2942 173
2943 177
2944 152
2945 196
2946 169
2947 186
2948 104
2949 41
2950 3
2951 3
2952 2
2953 5
2954 2
2955 2
2956 1
2957 1
2958 4
2959 10
2960 117
2961 107
2962 146
2963 173
2964 189
2965 177
2966 168
2967 217
2968 177
2969 201
2970 201
2971 210
2972 99
2973 25
2974 8
2975 9
2976 5
2977 8
2978 1
2979 1
2980 1
2981 0
2982 0
2983 2
2984 80
2985 73
2986 131
2987 145
2988 126
2989 123
2990 152
2991 141
2992 165
2993 117
2994 143
2995 159
2996 69
2997 11
2998 1
2999 0
3000 4
3001 8
3002 3
3003 1
3004 1
3005 1
3006 1
3007 1
3008 33
3009 35
3010 88
3011 57
3012 69
3013 73
3014 65
3015 53
3016 73
3017 70
3018 65
3019 30
3020 9
3021 4
3022 4
3023 4
3024 3
3025 5
3026 1
3027 2
3028 1
3029 0
3030 1
3031 7
3032 106
3033 105
3034 167
3035 191
3036 215
3037 180
3038 175
3039 171
3040 182
3041 164
3042 173
3043 162
3044 106
3045 23
3046 8
3047 1
3048 1
3049 5
3050 0
3051 0
3052 2
3053 2
3054 2
3055 8
3056 87
3057 111
3058 153
3059 162
3060 159
3061 190
3062 175
3063 165
3064 183
3065 149
3066 162
3067 206
3068 117
3069 33
3070 9
3071 4
3072 6
3073 5
3074 1
3075 1
3076 0
3077 2
3078 6
3079 7
3080 93
3081 106
3082 167
3083 172
3084 173
3085 159
3086 154
3087 158
3088 158
3089 181
3090 191
3091 185
3092 105
3093 29
3094 11
3095 9
3096 4
3097 3
3098 0
3099 2
3100 1
3101 1
3102 1
3103 5
3104 116
3105 98
3106 149
3107 166
3108 165
3109 188
3110 156
3111 171
3112 166
3113 185
3114 180
3115 167
3116 110
3117 26
3118 6
3119 3
3120 2
3121 7
3122 1
3123 0
3124 3
3125 3
3126 2
3127 6
3128 92
3129 94
3130 157
3131 178
3132 170
3133 177
3134 176
3135 153
3136 171
3137 179
3138 181
3139 196
3140 96
3141 18
3142 1
3143 3
3144 4
3145 8
3146 0
3147 1
3148 0
3149 0
3150 2
3151 3
3152 73
3153 97
3154 184
3155 179
3156 159
3157 185
3158 154
3159 198
3160 179
3161 165
3162 153
3163 188
3164 72
3165 18
3166 2
3167 2
3168 2
3169 10
3170 3
3171 0
3172 3
3173 0
3174 0
3175 1
3176 29
3177 24
3178 76
3179 53
3180 69
3181 71
3182 57
3183 74
3184 87
3185 68
3186 77
3187 28
3188 9
3189 4
3190 5
3191 3
3192 1
3193 4
3194 0
3195 1
3196 0
3197 1
3198 2
3199 7
3200 82
3201 102
3202 145
3203 186
3204 176
3205 163
3206 173
3207 141
3208 163
3209 150
3210 159
3211 180
3212 118
3213 33
3214 7
3215 1
3216 2
3217 2
3218 0
3219 2
3220 1
3221 2
3222 2
3223 6
3224 78
3225 96
3226 154
3227 170
3228 168
3229 176
3230 147
3231 165
3232 156
3233 159
3234 176
3235 176
3236 96
3237 30
3238 7
3239 1
3240 2
3241 7
3242 1
3243 1
3244 0
3245 1
3246 1
3247 4
3248 92
3249 96
3250 159
3251 147
3252 153
3253 187
3254 184
3255 157
3256 174
3257 154
3258 183
3259 181
3260 86
3261 30
3262 12
3263 11
3264 4
3265 4
3266 2
3267 1
3268 0
3269 1
3270 3
3271 5
3272 106
3273 101
3274 144
3275 173
3276 190
3277 166
3278 159
3279 154
3280 152
3281 151
3282 176
3283 178
3284 96
3285 38
3286 5
3287 6
3288 4
3289 6
3290 1
3291 1
3292 2
3293 3
3294 3
3295 8
3296 92
3297 101
3298 152
3299 169
3300 196
3301 200
3302 186
3303 171
3304 203
3305 168
3306 181
3307 159
3308 107
3309 17
3310 12
3311 5
3312 10
3313 4
3314 0
3315 0
3316 2
3317 1
3318 0
3319 1
3320 66
3321 51
3322 119
3323 133
3324 136
3325 151
3326 163
3327 176
3328 128
3329 171
3330 149
3331 142
3332 78
3333 17
3334 2
3335 2
3336 1
3337 12
3338 1
3339 0
3340 1
3341 0
3342 1
3343 3
3344 38
3345 28
3346 60
3347 56
3348 65
3349 50
3350 61
3351 57
3352 70
3353 63
3354 76
3355 14
3356 3
3357 3
3358 3
3359 3
3360 2
3361 4
3362 2
3363 1
3364 3
3365 3
3366 3
3367 4
3368 89
3369 109
3370 139
3371 145
3372 150
3373 150
3374 173
3375 162
3376 147
3377 181
3378 178
3379 155
3380 101
3381 28
3382 3
3383 3
3384 0
3385 4
3386 1
3387 1
3388 0
3389 0
3390 2
3391 4
3392 83
3393 88
3394 153
3395 191
3396 166
3397 183
3398 156
3399 166
3400 155
3401 141
3402 161
3403 177
3404 74
3405 35
3406 4
3407 4
3408 1
3409 2
3410 1
3411 1
3412 2
3413 2
3414 3
3415 4
3416 111
3417 81
3418 129
3419 174
3420 175
3421 145
3422 146
3423 147
3424 141
3425 143
3426 162
3427 188
3428 99
3429 37
3430 9
3431 5
3432 3
3433 5
3434 1
3435 3
3436 2
3437 0
3438 1
3439 2
3440 93
3441 96
3442 157
3443 177
3444 193
3445 183
3446 162
3447 141
3448 169
3449 162
3450 175
3451 163
3452 92
3453 37
3454 11
3455 7
3456 4
3457 6
3458 3
3459 2
3460 0
3461 1
3462 2
3463 7
3464 92
3465 96
3466 165
3467 190
3468 187
3469 175
3470 145
3471 177
3472 171
3473 180
3474 176
3475 169
3476 80
3477 25
3478 7
3479 8
3480 2
3481 11
3482 1
3483 0
3484 0
3485 0
3486 0
3487 3
3488 73
3489 89
3490 122
3491 163
3492 178
3493 163
3494 172
3495 148
3496 172
3497 136
3498 135
3499 146
3500 83
3501 14
3502 5
3503 4
3504 7
3505 11
3506 7
3507 5
3508 5
3509 1
3510 1
3511 2
3512 33
3513 42
3514 70
3515 63
3516 68
3517 58
3518 55
3519 67
3520 65
3521 60
3522 79
3523 29
3524 7
3525 8
3526 10
3527 1
3528 1
3529 5
3530 0
3531 2
3532 1
3533 4
3534 2
3535 5
3536 97
3537 92
3538 134
3539 179
3540 163
3541 189
3542 170
3543 159
3544 162
3545 187
3546 177
3547 191
3548 107
3549 39
3550 6
3551 5
3552 1
3553 8
3554 1
3555 1
3556 1
3557 1
3558 3
3559 7
3560 114
3561 94
3562 160
3563 141
3564 152
3565 186
3566 156
3567 173
3568 155
3569 162
3570 179
3571 214
3572 113
3573 27
3574 15
3575 10
3576 3
3577 4
3578 1
3579 3
3580 4
3581 3
3582 3
3583 15
3584 77
3585 93
3586 156
3587 187
3588 181
3589 153
3590 212
3591 172
3592 167
3593 163
3594 150
3595 174
3596 114
3597 33
3598 11
3599 10
3600 3
3601 5
3602 0
3603 5
3604 1
3605 0
3606 5
3607 3
3608 94
3609 102
3610 141
3611 175
3612 196
3613 167
3614 169
3615 180
3616 178
3617 175
3618 215
3619 174
3620 120
3621 34
3622 7
3623 10
3624 8
3625 8
3626 3
3627 3
3628 0
3629 2
3630 2
3631 8
3632 90
3633 116
3634 163
3635 185
3636 212
3637 171
3638 157
3639 161
3640 188
3641 196
3642 216
3643 171
3644 114
3645 26
3646 12
3647 10
3648 16
3649 6
3650 0
3651 4
3652 7
3653 3
3654 2
3655 5
3656 70
3657 92
3658 122
3659 155
3660 183
3661 178
3662 163
3663 152
3664 167
3665 152
3666 157
3667 169
3668 79
3669 24
3670 8
3671 2
3672 3
3673 14
3674 3
3675 6
3676 3
3677 4
3678 3
3679 4
3680 35
3681 50
3682 77
3683 39
3684 89
3685 42
3686 62
3687 62
3688 72
3689 73
3690 69
3691 27
3692 11
3693 3
3694 7
3695 8
3696 0
3697 4
3698 2
3699 3
3700 2
3701 3
3702 3
3703 3
3704 92
3705 107
3706 158
3707 189
3708 206
3709 156
3710 175
3711 181
3712 161
3713 168
3714 161
3715 198
3716 111
3717 32
3718 11
3719 9
3720 3
3721 5
3722 1
3723 2
3724 1
3725 3
3726 7
3727 7
3728 93
3729 96
3730 162
3731 194
3732 208
3733 153
3734 188
3735 170
3736 157
3737 162
3738 183
3739 185
3740 111
3741 37
3742 10
3743 11
3744 3
3745 9
3746 2
3747 4
3748 1
3749 1
3750 0
3751 5
3752 103
3753 92
3754 153
3755 167
3756 187
3757 174
3758 156
3759 168
3760 166
3761 163
3762 172
3763 200
3764 100
3765 38
3766 14
3767 6
3768 8
3769 9
3770 1
3771 1
3772 1
3773 4
3774 2
3775 4
3776 107
3777 99
3778 185
3779 166
3780 191
3781 152
3782 197
3783 156
3784 166
3785 154
3786 182
3787 204
3788 108
3789 31
3790 11
3791 11
3792 7
3793 6
3794 4
3795 1
3796 2
3797 4
3798 1
3799 2
3800 87
3801 105
3802 175
3803 178
3804 194
3805 178
3806 159
3807 198
3808 180
3809 156
3810 179
3811 170
3812 104
3813 18
3814 5
3815 9
3816 9
3817 12
3818 3
3819 5
3820 1
3821 1
3822 3
3823 4
3824 65
3825 70
3826 102
3827 161
3828 170
3829 152
3830 150
3831 140
3832 152
3833 150
3834 141
3835 152
3836 89
3837 20
3838 5
3839 2
3840 0
3841 15
3842 1
3843 3
3844 2
3845 1
3846 3
3847 2
3848 30
3849 31
3850 79
3851 89
3852 60
3853 60
3854 73
3855 58
3856 79
3857 59
3858 85
3859 41
3860 12
3861 8
3862 5
3863 9
3864 4
3865 11
3866 4
3867 1
3868 1
3869 1
3870 2
3871 2
3872 72
3873 24
3874 80
3875 91
3876 56
3877 56
3878 53
3879 55
3880 56
3881 66
3882 106
3883 114
3884 70
3885 30
3886 8
3887 6
3888 3
3889 7
3890 2
3891 4
3892 1
3893 0
3894 3
3895 3
3896 90
3897 115
3898 164
3899 188
3900 169
3901 180
3902 181
3903 183
3904 181
3905 190
3906 152
3907 178
3908 116
3909 40
3910 9
3911 14
3912 3
3913 8
3914 2
3915 0
3916 2
3917 0
3918 4
3919 5
3920 108
3921 88
3922 136
3923 180
3924 180
3925 178
3926 173
3927 170
3928 167
3929 162
3930 201
3931 192
3932 119
3933 41
3934 16
3935 9
3936 4
3937 4
3938 1
3939 4
3940 2
3941 2
3942 2
3943 5
3944 74
3945 97
3946 179
3947 192
3948 190
3949 157
3950 205
3951 166
3952 206
3953 172
3954 176
3955 176
3956 112
3957 30
3958 1
3959 3
3960 8
3961 8
3962 3
3963 5
3964 2
3965 0
3966 3
3967 10
3968 105
3969 108
3970 174
3971 212
3972 175
3973 176
3974 160
3975 187
3976 187
3977 180
3978 169
3979 179
3980 86
3981 24
3982 15
3983 18
3984 7
3985 15
3986 3
3987 3
3988 2
3989 2
3990 2
3991 2
3992 57
3993 84
3994 98
3995 151
3996 153
3997 159
3998 138
3999 149
4000 180
4001 153
4002 161
4003 136
4004 90
4005 18
4006 4
4007 5
4008 3
4009 13
4010 4
4011 2
4012 2
4013 2
4014 2
4015 2
4016 32
4017 44
4018 63
4019 62
4020 62
4021 62
4022 77
4023 67
4024 73
4025 77
4026 69
4027 29
4028 10
4029 10
4030 7
4031 7
4032 4
4033 6
4034 2
4035 0
4036 2
4037 2
4038 1
4039 4
4040 88
4041 103
4042 164
4043 179
4044 212
4045 156
4046 165
4047 164
4048 189
4049 170
4050 164
4051 177
4052 135
4053 39
4054 6
4055 8
4056 3
4057 5
4058 2
4059 3
4060 0
4061 2
4062 1
4063 2
4064 95
4065 99
4066 129
4067 175
4068 193
4069 173
4070 197
4071 174
4072 151
4073 148
4074 150
4075 182
4076 98
4077 32
4078 8
4079 4
4080 8
4081 5
4082 2
4083 3
4084 0
4085 2
4086 2
4087 4
4088 96
4089 101
4090 125
4091 148
4092 172
4093 167
4094 174
4095 168
4096 177
4097 186
4098 161
4099 187
4100 100
4101 28
4102 5
4103 6
4104 2
4105 6
4106 1
4107 1
4108 0
4109 2
4110 2
4111 3
4112 90
4113 105
4114 117
4115 175
4116 159
4117 166
4118 172
4119 159
4120 166
4121 153
4122 157
4123 171
4124 116
4125 20
4126 5
4127 1
4128 3
4129 5
4130 1
4131 2
4132 2
4133 1
4134 4
4135 5
4136 86
4137 113
4138 148
4139 174
4140 182
4141 172
4142 176
4143 167
4144 208
4145 171
4146 180
4147 194
4148 104
4149 19
4150 9
4151 5
4152 2
4153 6
4154 3
4155 4
4156 5
4157 4
4158 1
4159 4
4160 70
4161 115
4162 134
4163 157
4164 171
4165 147
4166 177
4167 154
4168 165
4169 163
4170 157
4171 170
4172 113
4173 28
4174 4
4175 5
4176 2
4177 11
4178 4
4179 3
4180 0
4181 3
4182 2
4183 7
4184 36
4185 40
4186 70
4187 65
4188 59
4189 59
4190 65
4191 64
4192 66
4193 62
4194 77
4195 23
4196 10
4197 6
4198 6
4199 3
4200 2
4201 4
4202 1
4203 3
4204 1
4205 1
4206 2
4207 6
4208 75
4209 88
4210 139
4211 159
4212 169
4213 170
4214 173
4215 181
4216 158
4217 163
4218 172
4219 162
4220 130
4221 43
4222 4
4223 10
4224 5
4225 5
4226 3
4227 0
4228 5
4229 2
4230 2
4231 10
4232 85
4233 97
4234 142
4235 173
4236 145
4237 149
4238 122
4239 158
4240 154
4241 171
4242 196
4243 184
4244 128
4245 32
4246 7
4247 10
4248 5
4249 6
4250 1
4251 4
4252 2
4253 2
4254 4
4255 5
4256 87
4257 96
4258 145
4259 177
4260 194
4261 189
4262 149
4263 149
4264 194
4265 170
4266 163
4267 192
4268 115
4269 24
4270 9
4271 12
4272 10
4273 6
4274 2
4275 1
4276 1
4277 5
4278 0
4279 3
4280 92
4281 109
4282 156
4283 162
4284 199
4285 178
4286 129
4287 161
4288 159
4289 161
4290 183
4291 161
4292 112
4293 27
4294 2
4295 13
4296 6
4297 5
4298 3
4299 2
4300 2
4301 3
4302 3
4303 6
4304 86
4305 122
4306 167
4307 175
4308 197
4309 195
4310 157
4311 174
4312 181
4313 186
4314 188
4315 211
4316 131
4317 38
4318 5
4319 5
4320 9
4321 9
4322 2
4323 2
4324 5
4325 5
4326 0
4327 5
4328 71
4329 73
4330 157
4331 162
4332 165
4333 159
4334 173
4335 168
4336 143
4337 160
4338 135
4339 175
4340 88
4341 25
4342 3
4343 12
4344 3
4345 12
4346 1
4347 5
4348 1
4349 2
4350 0
4351 3
4352 35
4353 48
4354 61
4355 66
4356 57
4357 74
4358 53
4359 74
4360 67
4361 59
4362 79
4363 36
4364 11
4365 6
4366 3
4367 5
4368 2
4369 5
4370 0
4371 0
4372 1
4373 3
4374 2
4375 4
4376 111
4377 105
4378 161
4379 165
4380 169
4381 171
4382 189
4383 171
4384 170
4385 175
4386 192
4387 167
4388 107
4389 24
4390 7
4391 5
4392 1
4393 8
4394 2
4395 1
4396 1
4397 2
4398 1
4399 6
4400 98
4401 115
4402 168
4403 165
4404 148
4405 182
4406 142
4407 156
4408 172
4409 146
4410 117
4411 197
4412 105
4413 32
4414 9
4415 2
4416 5
4417 6
4418 1
4419 3
4420 4
4421 4
4422 2
4423 5
4424 96
4425 88
4426 121
4427 191
4428 147
4429 187
4430 169
4431 179
4432 125
4433 167
4434 159
4435 171
4436 116
4437 22
4438 9
4439 8
4440 1
4441 2
4442 1
4443 0
4444 0
4445 3
4446 1
4447 5
4448 67
4449 111
4450 127
4451 159
4452 147
4453 158
4454 156
4455 166
4456 174
4457 155
4458 138
4459 201
4460 120
4461 34
4462 12
4463 8
4464 6
4465 7
4466 1
4467 5
4468 1
4469 4
4470 1
4471 5
4472 100
4473 109
4474 152
4475 152
4476 181
4477 168
4478 168
4479 166
4480 178
4481 169
4482 158
4483 186
4484 87
4485 17
4486 13
4487 6
4488 8
4489 6
4490 2
4491 3
4492 2
4493 2
4494 2
4495 3
4496 63
4497 108
4498 127
4499 141
4500 146
4501 150
4502 128
4503 145
4504 157
4505 124
4506 115
4507 149
4508 84
4509 16
4510 1
4511 3
4512 3
4513 9
4514 1
4515 5
4516 5
4517 0
4518 2
4519 1
4520 39
4521 29
4522 76
4523 54
4524 50
4525 65
4526 52
4527 61
4528 61
4529 62
4530 73
4531 30
4532 2
4533 4
4534 2
4535 4
4536 5
4537 4
4538 2
4539 0
4540 1
4541 1
4542 2
4543 3
4544 75
4545 103
4546 118
4547 181
4548 207
4549 176
4550 155
4551 164
4552 158
4553 174
4554 181
4555 201
4556 86
4557 35
4558 14
4559 3
4560 4
4561 2
4562 2
4563 3
4564 1
4565 1
4566 2
4567 3
4568 71
4569 102
4570 149
4571 139
4572 205
4573 179
4574 180
4575 164
4576 187
4577 174
4578 199
4579 219
4580 100
4581 33
4582 9
4583 8
4584 8
4585 5
4586 2
4587 1
4588 0
4589 2
4590 1
4591 8
4592 81
4593 118
4594 165
4595 192
4596 153
4597 157
4598 169
4599 168
4600 155
4601 189
4602 191
4603 204
4604 114
4605 46
4606 11
4607 4
4608 1
4609 6
4610 0
4611 0
4612 2
4613 0
4614 2
4615 12
4616 94
4617 104
4618 132
4619 159
4620 164
4621 161
4622 161
4623 158
4624 166
4625 143
4626 167
4627 206
4628 116
4629 29
4630 7
4631 6
4632 4
4633 6
4634 3
4635 5
4636 3
4637 4
4638 3
4639 4
4640 97
4641 97
4642 147
4643 161
4644 171
4645 191
4646 192
4647 177
4648 154
4649 178
4650 147
4651 212
4652 104
4653 15
4654 8
4655 8
4656 6
4657 10
4658 6
4659 5
4660 0
4661 1
4662 2
4663 3
4664 49
4665 69
4666 137
4667 161
4668 145
4669 151
4670 196
4671 153
4672 176
4673 146
4674 147
4675 158
4676 88
4677 23
4678 10
4679 7
4680 4
4681 6
4682 6
4683 3
4684 3
4685 1
4686 1
4687 3
4688 36
4689 32
4690 67
4691 73
4692 65
4693 59
4694 67
4695 71
4696 67
4697 65
4698 70
4699 26
4700 7
4701 9
4702 7
4703 3
4704 6
4705 5
4706 0
4707 3
4708 0
4709 1
4710 2
4711 6
4712 93
4713 108
4714 133
4715 161
4716 171
4717 162
4718 169
4719 163
4720 182
4721 189
4722 177
4723 203
4724 106
4725 42
4726 4
4727 4
4728 3
4729 5
4730 1
4731 1
4732 0
4733 0
4734 0
4735 4
4736 80
4737 105
4738 153
4739 166
4740 181
4741 160
4742 166
4743 169
4744 137
4745 159
4746 174
4747 182
4748 136
4749 31
4750 11
4751 5
4752 2
4753 6
4754 0
4755 1
4756 2
4757 3
4758 4
4759 5
4760 97
4761 106
4762 164
4763 171
4764 186
4765 184
4766 162
4767 176
4768 175
4769 159
4770 186
4771 163
4772 112
4773 38
4774 9
4775 7
4776 7
4777 7
4778 0
4779 1
4780 2
4781 1
4782 3
4783 8
4784 69
4785 89
4786 144
4787 145
4788 183
4789 171
4790 164
4791 171
4792 158
4793 180
4794 206
4795 165
4796 106
4797 27
4798 16
4799 9
4800 3
4801 7
4802 1
4803 0
4804 2
4805 2
4806 1
4807 2
4808 84
4809 90
4810 154
4811 164
4812 200
4813 181
4814 158
4815 164
4816 162
4817 166
4818 168
4819 207
4820 108
4821 23
4822 14
4823 7
4824 9
4825 6
4826 2
4827 2
4828 1
4829 1
4830 1
4831 4
4832 58
4833 81
4834 114
4835 159
4836 166
4837 186
4838 151
4839 172
4840 165
4841 168
4842 137
4843 160
4844 87
4845 34
4846 8
4847 2
4848 1
4849 14
4850 1
4851 4
4852 1
4853 1
4854 1
4855 1
4856 21
4857 37
4858 80
4859 67
4860 60
4861 66
4862 62
4863 71
4864 59
4865 65
4866 67
4867 26
4868 14
4869 4
4870 4
4871 3
4872 3
4873 4
4874 1
4875 1
4876 0
4877 4
4878 5
4879 6
4880 79
4881 75
4882 138
4883 154
4884 161
4885 154
4886 149
4887 133
4888 171
4889 175
4890 163
4891 164
4892 106
4893 34
4894 5
4895 2
4896 3
4897 3
4898 1
4899 1
4900 0
4901 4
4902 2
4903 5
4904 68
4905 110
4906 148
4907 157
4908 174
4909 150
4910 163
4911 160
4912 157
4913 146
4914 163
4915 168
4916 107
4917 26
4918 8
4919 4
4920 1
4921 5
4922 2
4923 3
4924 2
4925 1
4926 2
4927 4
4928 79
4929 77
4930 145
4931 145
4932 170
4933 177
4934 170
4935 163
4936 166
4937 171
4938 166
4939 178
4940 90
4941 41
4942 15
4943 16
4944 4
4945 4
4946 0
4947 1
4948 1
4949 1
4950 2
4951 11
4952 80
4953 94
4954 129
4955 167
4956 155
4957 169
4958 159
4959 171
4960 167
4961 161
4962 175
4963 166
4964 118
4965 34
4966 7
4967 7
4968 8
4969 5
4970 3
4971 4
4972 1
4973 3
4974 2
4975 10
4976 85
4977 78
4978 141
4979 144
4980 184
4981 149
4982 191
4983 177
4984 180
4985 174
4986 194
4987 152
4988 105
4989 25
4990 4
4991 4
4992 6
4993 8
4994 4
4995 1
4996 1
4997 1
4998 3
4999 1
5000 57
5001 78
5002 136
5003 159
5004 153
5005 158
5006 155
5007 139
5008 165
5009 121
5010 137
5011 154
5012 90
5013 18
5014 12
5015 3
5016 1
5017 12
5018 4
5019 0
5020 2
5021 1
5022 0
5023 0
5024 33
5025 39
5026 63
5027 50
5028 56
5029 55
5030 56
5031 64
5032 62
5033 85
5034 69
5035 32
5036 11
5037 10
5038 7
5039 2
5040 4
5041 4
5042 2
5043 1
5044 0
5045 2
5046 2
5047 8
5048 83
5049 105
5050 146
5051 167
5052 150
5053 154
5054 169
5055 164
5056 174
5057 196
5058 171
5059 160
5060 108
5061 18
5062 8
5063 3
5064 1
5065 5
5066 6
5067 2
5068 8
5069 10
5070 11
5071 18
5072 66
5073 98
5074 143
5075 151
5076 169
5077 175
5078 166
5079 170
5080 163
5081 156
5082 167
5083 177
5084 129
5085 26
5086 10
5087 7
5088 3
5089 5
5090 0
5091 2
5092 2
5093 3
5094 4
5095 10
5096 99
5097 96
5098 148
5099 128
5100 172
5101 194
5102 167
5103 160
5104 145
5105 169
5106 180
5107 155
5108 119
5109 45
5110 17
5111 6
5112 7
5113 4
5114 2
5115 1
5116 0
5117 2
5118 1
5119 6
5120 85
5121 76
5122 135
5123 164
5124 170
5125 167
5126 163
5127 163
5128 157
5129 171
5130 178
5131 188
5132 106
5133 49
5134 14
5135 7
5136 5
5137 4
5138 0
5139 3
5140 4
5141 2
5142 5
5143 5
5144 90
5145 119
5146 168
5147 190
5148 154
5149 190
5150 195
5151 182
5152 178
5153 177
5154 157
5155 199
5156 123
5157 21
5158 4
5159 6
5160 6
5161 5
5162 2
5163 1
5164 1
5165 4
5166 1
5167 2
5168 52
5169 75
5170 134
5171 169
5172 151
5173 168
5174 146
5175 154
5176 139
5177 142
5178 137
5179 159
5180 81
5181 18
5182 4
5183 2
5184 2
5185 15
5186 7
5187 1
5188 2
5189 2
5190 3
5191 4
5192 27
5193 49
5194 65
5195 49
5196 61
5197 73
5198 77
5199 64
5200 56
5201 53
5202 78
5203 17
5204 14
5205 10
5206 6
5207 8
5208 2
5209 4
5210 1
5211 4
5212 1
5213 3
5214 1
5215 8
5216 76
5217 84
5218 139
5219 176
5220 170
5221 182
5222 163
5223 169
5224 180
5225 147
5226 177
5227 190
5228 120
5229 47
5230 6
5231 3
5232 2
5233 9
5234 1
5235 0
5236 0
5237 3
5238 1
5239 4
5240 84
5241 104
5242 126
5243 170
5244 175
5245 164
5246 174
5247 149
5248 157
5249 158
5250 187
5251 159
5252 131
5253 35
5254 8
5255 2
5256 0
5257 6
5258 0
5259 1
5260 4
5261 2
5262 4
5263 3
5264 78
5265 102
5266 139
5267 173
5268 162
5269 167
5270 167
5271 176
5272 148
5273 172
5274 180
5275 173
5276 132
5277 41
5278 7
5279 4
5280 5
5281 11
5282 2
5283 5
5284 3
5285 4
5286 4
5287 6
5288 89
5289 92
5290 171
5291 170
5292 183
5293 202
5294 173
5295 171
5296 156
5297 154
5298 200
5299 204
5300 133
5301 40
5302 4
5303 8
5304 4
5305 8
5306 1
5307 4
5308 3
5309 3
5310 4
5311 6
5312 80
5313 126
5314 162
5315 197
5316 192
5317 172
5318 197
5319 149
5320 179
5321 190
5322 196
5323 187
5324 93
5325 31
5326 6
5327 7
5328 3
5329 6
5330 3
5331 3
5332 1
5333 3
5334 2
5335 4
5336 54
5337 62
5338 100
5339 163
5340 175
5341 157
5342 171
5343 156
5344 187
5345 157
5346 157
5347 145
5348 86
5349 5
5350 11
5351 6
5352 1
5353 12
5354 5
5355 0
5356 2
5357 2
5358 0
5359 1
5360 40
5361 47
5362 63
5363 52
5364 58
5365 79
5366 59
5367 60
5368 72
5369 80
5370 81
5371 35
5372 12
5373 17
5374 2
5375 6
5376 2
5377 7
5378 0
5379 2
5380 1
5381 1
5382 3
5383 5
5384 77
5385 94
5386 151
5387 198
5388 162
5389 175
5390 189
5391 182
5392 172
5393 159
5394 190
5395 182
5396 110
5397 35
5398 6
5399 6
5400 2
5401 3
5402 2
5403 1
5404 0
5405 4
5406 3
5407 4
5408 68
5409 109
5410 160
5411 161
5412 173
5413 193
5414 165
5415 154
5416 153
5417 158
5418 169
5419 179
5420 96
5421 31
5422 9
5423 5
5424 3
5425 7
5426 2
5427 2
5428 4
5429 5
5430 3
5431 3
5432 96
5433 101
5434 171
5435 162
5436 185
5437 173
5438 171
5439 153
5440 157
5441 152
5442 183
5443 169
5444 113
5445 45
5446 9
5447 9
5448 4
5449 6
5450 0
5451 1
5452 2
5453 4
5454 2
5455 4
5456 89
5457 87
5458 166
5459 173
5460 163
5461 202
5462 177
5463 168
5464 191
5465 172
5466 180
5467 175
5468 117
5469 33
5470 7
5471 6
5472 3
5473 5
5474 1
5475 2
5476 0
5477 2
5478 6
5479 7
5480 105
5481 128
5482 149
5483 167
5484 175
5485 188
5486 187
5487 181
5488 181
5489 181
5490 185
5491 196
5492 104
5493 22
5494 7
5495 9
5496 9
5497 4
5498 2
5499 1
5500 1
5501 0
5502 2
5503 1
5504 71
5505 86
5506 176
5507 155
5508 185
5509 172
5510 170
5511 157
5512 175
5513 157
5514 168
5515 153
5516 102
5517 21
5518 3
5519 4
5520 1
5521 13
5522 5
5523 1
5524 5
5525 3
5526 1
5527 2
5528 37
5529 52
5530 87
5531 67
5532 86
5533 57
5534 74
5535 76
5536 89
5537 83
5538 97
5539 32
5540 10
5541 6
5542 8
5543 1
5544 4
5545 6
5546 1
5547 3
5548 2
5549 2
5550 2
5551 6
5552 95
5553 104
5554 170
5555 166
5556 193
5557 183
5558 190
5559 188
5560 173
5561 161
5562 168
5563 199
5564 104
5565 34
5566 6
5567 1
5568 4
5569 7
5570 2
5571 0
5572 1
5573 3
5574 2
5575 2
5576 97
5577 114
5578 168
5579 182
5580 163
5581 188
5582 173
5583 151
5584 156
5585 139
5586 162
5587 177
5588 93
5589 35
5590 10
5591 8
5592 5
5593 4
5594 1
5595 0
5596 3
5597 6
5598 6
5599 3
5600 96
5601 106
5602 149
5603 203
5604 200
5605 185
5606 158
5607 179
5608 188
5609 171
5610 178
5611 176
5612 109
5613 31
5614 13
5615 13
5616 5
5617 8
5618 5
5619 2
5620 1
5621 2
5622 3
5623 4
5624 100
5625 102
5626 149
5627 212
5628 185
5629 174
5630 169
5631 172
5632 167
5633 173
5634 179
5635 210
5636 121
5637 35
5638 17
5639 8
5640 7
5641 7
5642 1
5643 1
5644 0
5645 5
5646 3
5647 6
5648 89
5649 121
5650 171
5651 200
5652 205
5653 219
5654 206
5655 177
5656 190
5657 174
5658 190
5659 167
5660 90
5661 30
5662 17
5663 8
5664 11
5665 8
5666 4
5667 0
5668 3
5669 3
5670 4
5671 5
5672 75
5673 74
5674 141
5675 158
5676 178
5677 181
5678 178
5679 156
5680 153
5681 143
5682 168
5683 176
5684 81
5685 23
5686 10
5687 2
5688 2
5689 13
5690 2
5691 2
5692 1
5693 4
5694 3
5695 3
5696 40
5697 51
5698 67
5699 55
5700 82
5701 72
5702 72
5703 79
5704 83
5705 54
5706 90
5707 36
5708 11
5709 3
5710 5
5711 3
5712 6
5713 6
5714 3
5715 4
5716 1
5717 4
5718 6
5719 4
5720 115
5721 112
5722 124
5723 197
5724 166
5725 178
5726 158
5727 170
5728 166
5729 150
5730 172
5731 174
5732 123
5733 42
5734 7
5735 5
5736 2
5737 6
5738 2
5739 2
5740 2
5741 0
5742 4
5743 4
5744 107
5745 87
5746 159
5747 153
5748 154
5749 169
5750 169
5751 164
5752 134
5753 150
5754 156
5755 176
5756 109
5757 34
5758 12
5759 7
5760 3
5761 8
5762 2
5763 1
5764 1
5765 3
5766 2
5767 6
5768 77
5769 91
5770 135
5771 180
5772 189
5773 164
5774 174
5775 180
5776 173
5777 152
5778 166
5779 210
5780 99
5781 32
5782 14
5783 6
5784 2
5785 5
5786 1
5787 3
5788 1
5789 1
5790 6
5791 11
5792 79
5793 87
5794 133
5795 165
5796 180
5797 169
5798 177
5799 164
5800 157
5801 178
5802 183
5803 182
5804 106
5805 32
5806 7
5807 3
5808 5
5809 8
5810 2
5811 1
5812 1
5813 4
5814 8
5815 11
5816 124
5817 89
5818 181
5819 193
5820 185
5821 186
5822 205
5823 182
5824 218
5825 184
5826 178
5827 196
5828 101
5829 32
5830 10
5831 9
5832 9
5833 4
5834 3
5835 2
5836 2
5837 2
5838 1
5839 3
5840 60
5841 84
5842 115
5843 158
5844 148
5845 168
5846 147
5847 168
5848 162
5849 139
5850 129
5851 178
5852 113
5853 15
5854 7
5855 4
5856 4
5857 14
5858 1
5859 4
5860 2
5861 5
5862 1
5863 3
5864 34
5865 48
5866 79
5867 56
5868 77
5869 86
5870 79
5871 68
5872 73
5873 79
5874 78
5875 40
5876 7
5877 2
5878 4
5879 2
5880 2
5881 6
5882 3
5883 2
5884 1
5885 4
5886 4
5887 2
5888 97
5889 111
5890 167
5891 185
5892 171
5893 160
5894 166
5895 138
5896 191
5897 165
5898 163
5899 189
5900 121
5901 25
5902 9
5903 8
5904 0
5905 6
5906 2
5907 0
5908 2
5909 4
5910 8
5911 8
5912 104
5913 118
5914 158
5915 188
5916 174
5917 166
5918 205
5919 196
5920 198
5921 165
5922 169
5923 198
5924 111
5925 26
5926 6
5927 8
5928 1
5929 4
5930 1
5931 1
5932 2
5933 2
5934 7
5935 4
5936 92
5937 114
5938 180
5939 179
5940 177
5941 198
5942 192
5943 173
5944 188
5945 162
5946 214
5947 194
5948 112
5949 39
5950 6
5951 4
5952 2
5953 6
5954 3
5955 1
5956 3
5957 3
5958 9
5959 6
5960 103
5961 91
5962 154
5963 179
5964 196
5965 182
5966 187
5967 182
5968 205
5969 193
5970 202
5971 194
5972 145
5973 40
5974 13
5975 1
5976 4
5977 6
5978 3
5979 3
5980 3
5981 4
5982 7
5983 11
5984 120
5985 112
5986 166
5987 174
5988 209
5989 215
5990 186
5991 178
5992 201
5993 205
5994 173
5995 206
5996 109
5997 33
5998 16
5999 14
6000 5
6001 5
6002 1
6003 3
6004 5
6005 1
6006 1
6007 6
6008 43
6009 108
6010 148
6011 165
6012 164
6013 156
6014 185
6015 172
6016 196
6017 153
6018 138
6019 174
6020 115
6021 23
6022 12
6023 5
6024 0
6025 12
6026 0
6027 3
6028 2
6029 1
6030 2
6031 2
6032 38
6033 50
6034 66
6035 65
6036 77
6037 61
6038 80
6039 64
6040 86
6041 68
6042 91
6043 39
6044 14
6045 20
6046 5
6047 4
6048 7
6049 6
6050 0
6051 1
6052 1
6053 0
6054 1
6055 5
6056 97
6057 110
6058 150
6059 167
6060 183
6061 176
6062 195
6063 157
6064 193
6065 169
6066 202
6067 182
6068 120
6069 33
6070 11
6071 5
6072 2
6073 3
6074 2
6075 1
6076 1
6077 0
6078 1
6079 6
6080 100
6081 107
6082 120
6083 194
6084 193
6085 171
6086 178
6087 196
6088 183
6089 191
6090 201
6091 169
6092 142
6093 37
6094 3
6095 7
6096 5
6097 4
6098 1
6099 1
6100 2
6101 4
6102 4
6103 6
6104 92
6105 126
6106 129
6107 170
6108 169
6109 192
6110 156
6111 193
6112 189
6113 166
6114 193
6115 183
6116 104
6117 38
6118 4
6119 8
6120 4
6121 5
6122 1
6123 2
6124 0
6125 2
6126 5
6127 5
6128 96
6129 96
6130 172
6131 190
6132 224
6133 192
6134 185
6135 155
6136 185
6137 172
6138 194
6139 199
6140 119
6141 43
6142 9
6143 9
6144 3
6145 5
6146 0
6147 4
6148 0
6149 2
6150 0
6151 6
6152 105
6153 113
6154 129
6155 214
6156 187
6157 214
6158 184
6159 182
6160 227
6161 188
6162 179
6163 193
6164 120
6165 21
6166 8
6167 9
6168 10
6169 10
6170 1
6171 1
6172 2
6173 1
6174 1
6175 1
6176 56
6177 94
6178 114
6179 164
6180 187
6181 170
6182 153
6183 165
6184 178
6185 172
6186 163
6187 172
6188 90
6189 13
6190 5
6191 2
6192 4
6193 12
6194 1
6195 1
6196 6
6197 3
6198 0
6199 3
6200 43
6201 39
6202 69
6203 67
6204 74
6205 68
6206 68
6207 73
6208 86
6209 84
6210 82
6211 25
6212 8
6213 8
6214 6
6215 4
6216 2
6217 6
6218 0
6219 2
6220 3
6221 2
6222 3
6223 6
6224 107
6225 100
6226 133
6227 185
6228 163
6229 187
6230 174
6231 158
6232 176
6233 171
6234 192
6235 183
6236 146
6237 30
6238 7
6239 9
6240 7
6241 5
6242 2
6243 1
6244 1
6245 3
6246 4
6247 5
6248 83
6249 108
6250 144
6251 205
6252 169
6253 201
6254 201
6255 186
6256 183
6257 185
6258 179
6259 189
6260 142
6261 43
6262 9
6263 6
6264 2
6265 5
6266 2
6267 1
6268 1
6269 2
6270 5
6271 2
6272 97
6273 145
6274 170
6275 190
6276 215
6277 202
6278 204
6279 204
6280 165
6281 187
6282 194
6283 218
6284 138
6285 35
6286 7
6287 3
6288 3
6289 5
6290 1
6291 0
6292 2
6293 1
6294 2
6295 7
6296 105
6297 120
6298 171
6299 178
6300 222
6301 180
6302 209
6303 210
6304 204
6305 204
6306 204
6307 225
6308 128
6309 42
6310 11
6311 5
6312 7
6313 5
6314 1
6315 2
6316 3
6317 2
6318 2
6319 7
6320 105
6321 143
6322 184
6323 207
6324 252
6325 187
6326 218
6327 171
6328 207
6329 179
6330 179
6331 212
6332 140
6333 32
6334 10
6335 11
6336 10
6337 10
6338 3
6339 1
6340 3
6341 5
6342 0
6343 1
6344 76
6345 100
6346 153
6347 207
6348 212
6349 202
6350 200
6351 174
6352 162
6353 155
6354 138
6355 174
6356 128
6357 16
6358 2
6359 5
6360 8
6361 10
6362 5
6363 3
6364 3
6365 3
6366 1
6367 2
6368 39
6369 46
6370 52
6371 65
6372 58
6373 77
6374 70
6375 69
6376 67
6377 76
6378 103
6379 35
6380 7
6381 4
6382 6
6383 0
6384 3
6385 3
6386 0
6387 0
6388 0
6389 2
6390 1
6391 3
6392 90
6393 129
6394 164
6395 188
6396 178
6397 180
6398 169
6399 203
6400 198
6401 174
6402 206
6403 170
6404 131
6405 47
6406 7
6407 2
6408 5
6409 5
6410 3
6411 1
6412 1
6413 2
6414 0
6415 5
6416 102
6417 112
6418 177
6419 182
6420 209
6421 176
6422 210
6423 168
6424 188
6425 171
6426 177
6427 205
6428 140
6429 29
6430 10
6431 5
6432 5
6433 6
6434 1
6435 2
6436 1
6437 4
6438 6
6439 2
6440 102
6441 116
6442 154
6443 193
6444 187
6445 207
6446 194
6447 175
6448 185
6449 168
6450 184
6451 208
6452 142
6453 42
6454 10
6455 3
6456 2
6457 6
6458 0
6459 0
6460 3
6461 1
6462 4
6463 7
6464 91
6465 100
6466 167
6467 186
6468 191
6469 201
6470 185
6471 208
6472 201
6473 170
6474 191
6475 198
6476 126
6477 31
6478 8
6479 9
6480 8
6481 10
6482 3
6483 1
6484 1
6485 2
6486 4
6487 6
6488 96
6489 119
6490 190
6491 205
6492 166
6493 169
6494 169
6495 202
6496 171
6497 197
6498 164
6499 229
6500 94
6501 22
6502 16
6503 8
6504 10
6505 9
6506 1
6507 0
6508 2
6509 1
6510 3
6511 3
6512 58
6513 87
6514 137
6515 154
6516 184
6517 168
6518 162
6519 150
6520 131
6521 133
6522 119
6523 148
6524 105
6525 44
6526 8
6527 1
6528 2
6529 11
6530 3
6531 4
6532 3
6533 0
6534 1
6535 5
6536 38
6537 45
6538 78
6539 61
6540 77
6541 82
6542 70
6543 75
6544 76
6545 71
6546 102
6547 28
6548 12
6549 9
6550 7
6551 6
6552 2
6553 7
6554 4
6555 7
6556 1
6557 3
6558 1
6559 2
6560 35
6561 73
6562 132
6563 142
6564 177
6565 174
6566 117
6567 147
6568 149
6569 126
6570 123
6571 158
6572 123
6573 34
6574 5
6575 11
6576 12
6577 13
6578 8
6579 0
6580 0
6581 2
6582 1
6583 2
6584 27
6585 32
6586 54
6587 71
6588 58
6589 59
6590 79
6591 62
6592 66
6593 73
6594 71
6595 39
6596 14
6597 4
6598 6
6599 6
6600 4
6601 7
6602 0
6603 3
6604 1
6605 0
6606 0
6607 8
6608 114
6609 112
6610 152
6611 191
6612 179
6613 200
6614 231
6615 232
6616 240
6617 243
6618 236
6619 269
6620 186
6621 68
6622 3
6623 6
6624 4
6625 5
6626 1
6627 0
6628 0
6629 1
6630 5
6631 8
6632 132
6633 141
6634 230
6635 223
6636 263
6637 257
6638 240
6639 265
6640 244
6641 249
6642 236
6643 250
6644 186
6645 88
6646 9
6647 7
6648 6
6649 6
6650 0
6651 1
6652 3
6653 5
6654 1
6655 1
6656 119
6657 183
6658 226
6659 214
6660 216
6661 231
6662 248
6663 269
6664 239
6665 273
6666 241
6667 253
6668 178
6669 49
6670 13
6671 4
6672 4
6673 5
6674 2
6675 2
6676 2
6677 1
6678 2
6679 5
6680 144
6681 170
6682 205
6683 250
6684 273
6685 266
6686 239
6687 264
6688 270
6689 251
6690 223
6691 271
6692 195
6693 61
6694 17
6695 8
6696 4
6697 3
6698 3
6699 3
6700 1
6701 2
6702 3
6703 10
6704 127
6705 182
6706 268
6707 265
6708 277
6709 270
6710 302
6711 279
6712 254
6713 272
6714 271
6715 339
6716 171
6717 40
6718 9
6719 3
6720 6
6721 7
6722 1
6723 2
6724 1
6725 1
6726 1
6727 1
6728 87
6729 151
6730 203
6731 240
6732 240
6733 248
6734 224
6735 251
6736 209
6737 196
6738 202
6739 263
6740 159
6741 45
6742 10
6743 7
6744 5
6745 17
6746 3
6747 7
6748 5
6749 2
6750 4
6751 3
6752 30
6753 39
6754 59
6755 54
6756 65
6757 79
6758 76
6759 66
6760 69
6761 61
6762 71
6763 39
6764 12
6765 9
6766 6
6767 5
6768 2
6769 6
6770 1
6771 2
6772 0
6773 2
6774 3
6775 10
6776 144
6777 183
6778 226
6779 260
6780 259
6781 295
6782 281
6783 297
6784 278
6785 295
6786 268
6787 240
6788 166
6789 65
6790 6
6791 6
6792 4
6793 3
6794 3
6795 3
6796 1
6797 2
6798 4
6799 6
6800 146
6801 168
6802 261
6803 247
6804 264
6805 255
6806 263
6807 245
6808 258
6809 253
6810 259
6811 250
6812 185
6813 61
6814 8
6815 9
6816 4
6817 7
6818 4
6819 0
6820 2
6821 2
6822 2
6823 5
6824 153
6825 185
6826 249
6827 283
6828 266
6829 282
6830 272
6831 260
6832 266
6833 242
6834 263
6835 268
6836 175
6837 76
6838 5
6839 4
6840 1
6841 5
6842 0
6843 3
6844 2
6845 3
6846 3
6847 12
6848 157
6849 176
6850 238
6851 271
6852 280
6853 310
6854 264
6855 275
6856 259
6857 266
6858 270
6859 276
6860 192
6861 50
6862 17
6863 18
6864 10
6865 7
6866 4
6867 3
6868 0
6869 4
6870 1
6871 14
6872 162
6873 235
6874 249
6875 267
6876 301
6877 307
6878 295
6879 292
6880 283
6881 292
6882 286
6883 280
6884 155
6885 45
6886 18
6887 14
6888 18
6889 16
6890 9
6891 3
6892 2
6893 4
6894 2
6895 9
6896 77
6897 143
6898 186
6899 225
6900 223
6901 237
6902 218
6903 213
6904 236
6905 188
6906 194
6907 219
6908 139
6909 45
6910 11
6911 13
6912 20
6913 27
6914 6
6915 2
6916 5
6917 1
6918 3
6919 6
6920 27
6921 40
6922 75
6923 67
6924 66
6925 81
6926 75
6927 57
6928 88
6929 80
6930 83
6931 49
6932 19
6933 16
6934 12
6935 8
6936 2
6937 3
6938 2
6939 3
6940 1
6941 2
6942 2
6943 12
6944 139
6945 192
6946 220
6947 278
6948 210
6949 244
6950 243
6951 249
6952 281
6953 250
6954 284
6955 251
6956 192
6957 59
6958 15
6959 6
6960 0
6961 7
6962 0
6963 1
6964 2
6965 3
6966 4
6967 12
6968 148
6969 146
6970 247
6971 258
6972 239
6973 259
6974 243
6975 248
6976 233
6977 225
6978 249
6979 261
6980 214
6981 68
6982 17
6983 3
6984 7
6985 11
6986 3
6987 6
6988 1
6989 2
6990 0
6991 8
6992 155
6993 160
6994 234
6995 263
6996 248
6997 284
6998 221
6999 243
7000 294
7001 278
7002 267
7003 263
7004 184
7005 50
7006 21
7007 23
7008 19
7009 9
7010 2
7011 3
7012 2
7013 3
7014 0
7015 12
7016 131
7017 180
7018 219
7019 263
7020 278
7021 283
7022 269
7023 292
7024 251
7025 252
7026 240
7027 287
7028 172
7029 74
7030 20
7031 16
7032 6
7033 6
7034 5
7035 7
7036 3
7037 1
7038 2
7039 16
7040 140
7041 171
7042 255
7043 280
7044 243
7045 261
7046 220
7047 231
7048 223
7049 228
7050 291
7051 371
7052 192
7053 58
7054 16
7055 14
7056 14
7057 17
7058 1
7059 2
7060 1
7061 1
7062 6
7063 10
7064 108
7065 159
7066 207
7067 267
7068 243
7069 228
7070 282
7071 237
7072 212
7073 247
7074 231
7075 254
7076 175
7077 42
7078 12
7079 9
7080 12
7081 21
7082 13
7083 1
7084 2
7085 2
7086 3
7087 4
7088 33
7089 46
7090 99
7091 48
7092 86
7093 82
7094 78
7095 89
7096 79
7097 96
7098 90
7099 52
7100 23
7101 10
7102 13
7103 7
7104 6
7105 11
7106 2
7107 3
7108 1
7109 0
7110 1
7111 9
7112 142
7113 170
7114 249
7115 303
7116 275
7117 297
7118 295
7119 277
7120 280
7121 246
7122 230
7123 272
7124 149
7125 49
7126 6
7127 5
7128 3
7129 7
7130 0
7131 3
7132 0
7133 3
7134 0
7135 10
7136 150
7137 174
7138 239
7139 273
7140 286
7141 331
7142 270
7143 260
7144 247
7145 226
7146 262
7147 260
7148 217
7149 62
7150 25
7151 7
7152 6
7153 4
7154 2
7155 3
7156 0
7157 3
7158 2
7159 6
7160 144
7161 138
7162 198
7163 258
7164 201
7165 215
7166 215
7167 253
7168 272
7169 212
7170 231
7171 217
7172 180
7173 51
7174 7
7175 8
7176 0
7177 4
7178 2
7179 2
7180 0
7181 1
7182 2
7183 7
7184 117
7185 122
7186 237
7187 278
7188 315
7189 250
7190 300
7191 269
7192 274
7193 245
7194 247
7195 231
7196 199
7197 50
7198 11
7199 9
7200 4
7201 6
7202 1
7203 6
7204 0
7205 1
7206 3
7207 8
7208 166
7209 163
7210 257
7211 316
7212 303
7213 316
7214 315
7215 310
7216 332
7217 269
7218 243
7219 260
7220 151
7221 52
7222 16
7223 12
7224 6
7225 9
7226 3
7227 1
7228 2
7229 3
7230 1
7231 1
7232 96
7233 164
7234 235
7235 246
7236 264
7237 269
7238 256
7239 258
7240 266
7241 266
7242 239
7243 220
7244 173
7245 42
7246 6
7247 4
7248 4
7249 13
7250 8
7251 5
7252 2
7253 1
7254 2
7255 2
7256 31
7257 42
7258 69
7259 73
7260 86
7261 84
7262 69
7263 72
7264 79
7265 60
7266 89
7267 35
7268 9
7269 13
7270 6
7271 6
7272 1
7273 3
7274 4
7275 4
7276 2
7277 0
7278 3
7279 4
7280 105
7281 155
7282 226
7283 256
7284 218
7285 242
7286 241
7287 269
7288 272
7289 270
7290 254
7291 272
7292 194
7293 56
7294 8
7295 6
7296 5
7297 11
7298 5
7299 3
7300 2
7301 3
7302 3
7303 3
7304 93
7305 64
7306 108
7307 150
7308 128
7309 125
7310 126
7311 117
7312 116
7313 128
7314 132
7315 165
7316 127
7317 41
7318 4
7319 10
7320 0
7321 2
7322 1
7323 2
7324 3
7325 0
7326 2
7327 6
7328 142
7329 147
7330 224
7331 232
7332 285
7333 247
7334 222
7335 225
7336 226
7337 233
7338 230
7339 209
7340 171
7341 53
7342 11
7343 5
7344 11
7345 7
7346 0
7347 5
7348 1
7349 0
7350 5
7351 21
7352 117
7353 132
7354 191
7355 234
7356 250
7357 253
7358 241
7359 255
7360 239
7361 250
7362 243
7363 212
7364 137
7365 34
7366 3
7367 4
7368 0
7369 7
7370 3
7371 2
7372 2
7373 2
7374 1
7375 3
7376 129
7377 155
7378 235
7379 226
7380 250
7381 276
7382 245
7383 258
7384 255
7385 235
7386 245
7387 269
7388 135
7389 38
7390 11
7391 12
7392 8
7393 10
7394 2
7395 4
7396 1
7397 3
7398 0
7399 0
7400 83
7401 130
7402 167
7403 203
7404 226
7405 229
7406 225
7407 230
7408 206
7409 205
7410 196
7411 232
7412 185
7413 44
7414 6
7415 7
7416 5
7417 14
7418 3
7419 5
7420 2
7421 1
7422 2
7423 2
7424 43
7425 34
7426 67
7427 63
7428 77
7429 70
7430 70
7431 68
7432 77
7433 94
7434 79
7435 38
7436 14
7437 5
7438 1
7439 3
7440 1
7441 5
7442 2
7443 2
7444 2
7445 1
7446 3
7447 5
7448 112
7449 132
7450 202
7451 281
7452 264
7453 248
7454 256
7455 236
7456 241
7457 234
7458 197
7459 178
7460 130
7461 59
7462 10
7463 4
7464 2
7465 4
7466 1
7467 3
7468 0
7469 4
7470 1
7471 6
7472 93
7473 100
7474 177
7475 240
7476 285
7477 221
7478 232
7479 226
7480 237
7481 188
7482 194
7483 220
7484 161
7485 44
7486 10
7487 6
7488 2
7489 3
7490 1
7491 3
7492 1
7493 3
7494 1
7495 4
7496 112
7497 91
7498 185
7499 217
7500 241
7501 225
7502 241
7503 219
7504 222
7505 195
7506 197
7507 227
7508 147
7509 50
7510 12
7511 3
7512 2
7513 3
7514 3
7515 1
7516 0
7517 2
7518 3
7519 7
7520 118
7521 98
7522 209
7523 229
7524 252
7525 235
7526 217
7527 248
7528 276
7529 217
7530 191
7531 231
7532 180
7533 68
7534 14
7535 3
7536 4
7537 6
7538 0
7539 2
7540 0
7541 2
7542 4
7543 5
7544 133
7545 129
7546 228
7547 272
7548 300
7549 287
7550 233
7551 283
7552 243
7553 234
7554 227
7555 237
7556 158
7557 61
7558 17
7559 22
7560 15
7561 17
7562 10
7563 5
7564 3
7565 4
7566 5
7567 7
7568 106
7569 182
7570 237
7571 278
7572 250
7573 265
7574 261
7575 232
7576 245
7577 219
7578 204
7579 215
7580 177
7581 41
7582 5
7583 4
7584 3
7585 7
7586 7
7587 3
7588 2
7589 2
7590 3
7591 3
7592 32
7593 46
7594 70
7595 52
7596 75
7597 67
7598 76
7599 84
7600 79
7601 66
7602 103
7603 37
7604 10
7605 6
7606 5
7607 2
7608 1
7609 3
7610 2
7611 4
7612 1
7613 1
7614 3
7615 6
7616 121
7617 153
7618 179
7619 243
7620 269
7621 302
7622 251
7623 219
7624 250
7625 233
7626 169
7627 200
7628 164
7629 58
7630 6
7631 7
7632 6
7633 5
7634 2
7635 3
7636 1
7637 2
7638 3
7639 9
7640 102
7641 108
7642 209
7643 227
7644 244
7645 281
7646 277
7647 237
7648 238
7649 217
7650 205
7651 235
7652 182
7653 61
7654 7
7655 5
7656 9
7657 7
7658 2
7659 4
7660 2
7661 2
7662 4
7663 13
7664 119
7665 128
7666 186
7667 266
7668 228
7669 211
7670 270
7671 237
7672 245
7673 185
7674 176
7675 256
7676 176
7677 57
7678 7
7679 7
7680 2
7681 8
7682 0
7683 5
7684 3
7685 0
7686 4
7687 6
7688 89
7689 104
7690 183
7691 262
7692 244
7693 238
7694 220
7695 254
7696 231
7697 210
7698 197
7699 239
7700 170
7701 81
7702 8
7703 6
7704 3
7705 5
7706 1
7707 2
7708 2
7709 4
7710 2
7711 7
7712 117
7713 114
7714 208
7715 306
7716 271
7717 266
7718 241
7719 226
7720 224
7721 226
7722 247
7723 279
7724 141
7725 46
7726 13
7727 12
7728 9
7729 15
7730 5
7731 5
7732 3
7733 4
7734 3
7735 2
7736 98
7737 139
7738 189
7739 207
7740 235
7741 254
7742 240
7743 228
7744 222
7745 191
7746 193
7747 201
7748 113
7749 24
7750 7
7751 6
7752 4
7753 12
7754 1
7755 1
7756 1
7757 1
7758 1
7759 2
7760 38
7761 35
7762 73
7763 67
7764 70
7765 62
7766 71
7767 66
7768 55
7769 73
7770 64
7771 31
7772 6
7773 2
7774 12
7775 10
7776 5
7777 4
7778 1
7779 3
7780 2
7781 0
7782 4
7783 3
7784 107
7785 116
7786 183
7787 227
7788 226
7789 219
7790 231
7791 210
7792 218
7793 190
7794 193
7795 166
7796 131
7797 40
7798 6
7799 7
7800 5
7801 0
7802 0
7803 4
7804 1
7805 2
7806 1
7807 7
7808 108
7809 112
7810 191
7811 237
7812 238
7813 281
7814 243
7815 223
7816 228
7817 173
7818 194
7819 251
7820 154
7821 40
7822 7
7823 6
7824 4
7825 4
7826 1
7827 2
7828 3
7829 0
7830 4
7831 6
7832 107
7833 122
7834 197
7835 218
7836 229
7837 225
7838 217
7839 231
7840 222
7841 191
7842 194
7843 196
7844 150
7845 66
7846 13
7847 9
7848 3
7849 6
7850 2
7851 3
7852 0
7853 2
7854 6
7855 18
7856 102
7857 126
7858 161
7859 229
7860 219
7861 210
7862 233
7863 207
7864 217
7865 203
7866 193
7867 227
7868 158
7869 63
7870 25
7871 18
7872 12
7873 11
7874 3
7875 4
7876 5
7877 2
7878 5
7879 14
7880 112
7881 137
7882 214
7883 251
7884 288
7885 289
7886 233
7887 229
7888 254
7889 188
7890 199
7891 213
7892 124
7893 53
7894 6
7895 10
7896 2
7897 7
7898 2
7899 0
7900 1
7901 1
7902 1
7903 2
7904 98
7905 116
7906 156
7907 205
7908 204
7909 201
7910 201
7911 200
7912 204
7913 159
7914 154
7915 222
7916 128
7917 33
7918 15
7919 11
7920 8
7921 10
7922 5
7923 4
7924 0
7925 1
7926 1
7927 3
7928 42
7929 36
7930 80
7931 61
7932 61
7933 61
7934 65
7935 76
7936 82
7937 70
7938 75
7939 39
7940 11
7941 6
7942 11
7943 5
7944 2
7945 4
7946 3
7947 4
7948 0
7949 3
7950 1
7951 4
7952 99
7953 154
7954 192
7955 203
7956 225
7957 222
7958 220
7959 225
7960 229
7961 197
7962 202
7963 196
7964 137
7965 54
7966 7
7967 6
7968 3
7969 6
7970 1
7971 6
7972 1
7973 2
7974 4
7975 4
7976 116
7977 113
7978 192
7979 237
7980 258
7981 234
7982 204
7983 191
7984 218
7985 190
7986 197
7987 204
7988 102
7989 53
7990 13
7991 9
7992 4
7993 6
7994 4
7995 3
7996 2
7997 4
7998 0
7999 8
8000 104
8001 113
8002 180
8003 229
8004 211
8005 186
8006 198
8007 180
8008 228
8009 187
8010 216
8011 200
8012 138
8013 36
8014 9
8015 7
8016 6
8017 2
8018 3
8019 3
8020 1
8021 2
8022 4
8023 4
8024 102
8025 104
8026 175
8027 217
8028 247
8029 236
8030 202
8031 217
8032 195
8033 206
8034 166
8035 234
8036 154
8037 35
8038 7
8039 4
8040 8
8041 10
8042 3
8043 3
8044 2
8045 2
8046 4
8047 5
8048 120
8049 118
8050 211
8051 232
8052 259
8053 236
8054 202
8055 231
8056 260
8057 215
8058 196
8059 220
8060 148
8061 46
8062 12
8063 13
8064 11
8065 11
8066 0
8067 1
8068 2
8069 0
8070 4
8071 2
8072 98
8073 108
8074 145
8075 206
8076 235
8077 252
8078 227
8079 187
8080 195
8081 189
8082 181
8083 191
8084 134
8085 28
8086 6
8087 9
8088 3
8089 15
8090 1
8091 0
8092 3
8093 0
8094 0
8095 4
8096 34
8097 40
8098 70
8099 68
8100 64
8101 70
8102 79
8103 82
8104 75
8105 58
8106 65
8107 31
8108 8
8109 10
8110 4
8111 7
8112 7
8113 10
8114 3
8115 7
8116 4
8117 0
8118 5
8119 7
8120 96
8121 110
8122 157
8123 223
8124 232
8125 266
8126 240
8127 191
8128 216
8129 180
8130 167
8131 191
8132 113
8133 42
8134 7
8135 9
8136 1
8137 2
8138 3
8139 2
8140 2
8141 9
8142 2
8143 8
8144 92
8145 117
8146 194
8147 251
8148 229
8149 258
8150 262
8151 234
8152 236
8153 182
8154 155
8155 194
8156 140
8157 54
8158 6
8159 9
8160 5
8161 9
8162 1
8163 6
8164 4
8165 5
8166 5
8167 5
8168 105
8169 128
8170 196
8171 279
8172 242
8173 266
8174 280
8175 233
8176 253
8177 223
8178 214
8179 262
8180 175
8181 42
8182 6
8183 7
8184 4
8185 7
8186 1
8187 2
8188 4
8189 0
8190 5
8191 9
8192 118
8193 175
8194 238
8195 242
8196 249
8197 243
8198 247
8199 228
8200 200
8201 200
8202 192
8203 237
8204 143
8205 39
8206 7
8207 9
8208 4
8209 8
8210 2
8211 5
8212 0
8213 0
8214 5
8215 4
8216 117
8217 132
8218 213
8219 224
8220 215
8221 220
8222 225
8223 227
8224 196
8225 184
8226 200
8227 187
8228 110
8229 33
8230 16
8231 8
8232 4
8233 4
8234 1
8235 5
8236 10
8237 1
8238 6
8239 3
8240 108
8241 125
8242 156
8243 174
8244 193
8245 185
8246 215
8247 198
8248 184
8249 183
8250 174
8251 174
8252 96
8253 28
8254 4
8255 3
8256 7
8257 14
8258 2
8259 3
8260 0
8261 1
8262 2
8263 2
8264 28
8265 43
8266 70
8267 41
8268 73
8269 62
8270 61
8271 64
8272 63
8273 71
8274 63
8275 40
8276 8
8277 5
8278 7
8279 6
8280 9
8281 5
8282 3
8283 4
8284 1
8285 1
8286 4
8287 6
8288 107
8289 153
8290 215
8291 255
8292 207
8293 228
8294 201
8295 197
8296 218
8297 191
8298 177
8299 190
8300 143
8301 28
8302 9
8303 3
8304 4
8305 3
8306 2
8307 3
8308 0
8309 3
8310 3
8311 2
8312 105
8313 109
8314 161
8315 211
8316 210
8317 239
8318 196
8319 206
8320 207
8321 186
8322 179
8323 247
8324 118
8325 35
8326 4
8327 4
8328 2
8329 9
8330 0
8331 2
8332 2
8333 3
8334 1
8335 8
8336 108
8337 111
8338 198
8339 238
8340 229
8341 184
8342 195
8343 190
8344 212
8345 182
8346 172
8347 192
8348 157
8349 34
8350 9
8351 14
8352 8
8353 9
8354 3
8355 4
8356 1
8357 3
8358 4
8359 11
8360 120
8361 104
8362 166
8363 229
8364 231
8365 223
8366 203
8367 214
8368 176
8369 199
8370 170
8371 212
8372 125
8373 39
8374 11
8375 8
8376 7
8377 7
8378 1
8379 3
8380 2
8381 0
8382 3
8383 5
8384 118
8385 119
8386 187
8387 230
8388 217
8389 227
8390 223
8391 199
8392 228
8393 214
8394 199
8395 226
8396 104
8397 26
8398 14
8399 3
8400 6
8401 13
8402 4
8403 1
8404 1
8405 0
8406 4
8407 4
8408 85
8409 128
8410 199
8411 212
8412 193
8413 203
8414 188
8415 203
8416 188
8417 203
8418 218
8419 224
8420 96
8421 20
8422 3
8423 3
8424 7
8425 19
8426 3
8427 2
8428 0
8429 3
8430 0
8431 2
8432 36
8433 50
8434 86
8435 51
8436 62
8437 79
8438 77
8439 85
8440 81
8441 72
8442 83
8443 30
8444 11
8445 9
8446 12
8447 9
8448 1
8449 5
8450 1
8451 3
8452 0
8453 1
8454 1
8455 3
8456 128
8457 108
8458 186
8459 256
8460 271
8461 247
8462 231
8463 215
8464 243
8465 195
8466 182
8467 205
8468 156
8469 44
8470 8
8471 10
8472 3
8473 4
8474 0
8475 2
8476 1
8477 2
8478 1
8479 10
8480 110
8481 131
8482 173
8483 266
8484 240
8485 251
8486 245
8487 274
8488 277
8489 190
8490 201
8491 221
8492 157
8493 39
8494 21
8495 8
8496 1
8497 4
8498 2
8499 0
8500 0
8501 3
8502 0
8503 4
8504 120
8505 122
8506 220
8507 251
8508 231
8509 247
8510 239
8511 239
8512 245
8513 228
8514 173
8515 220
8516 138
8517 52
8518 6
8519 5
8520 6
8521 6
8522 2
8523 2
8524 0
8525 2
8526 5
8527 4
8528 92
8529 123
8530 187
8531 225
8532 254
8533 267
8534 194
8535 224
8536 232
8537 185
8538 187
8539 192
8540 157
8541 52
8542 13
8543 10
8544 3
8545 8
8546 0
8547 3
8548 2
8549 2
8550 2
8551 4
8552 108
8553 133
8554 183
8555 232
8556 281
8557 260
8558 221
8559 222
8560 222
8561 204
8562 176
8563 231
8564 120
8565 34
8566 10
8567 11
8568 9
8569 6
8570 3
8571 3
8572 2
8573 3
8574 2
8575 3
8576 105
8577 119
8578 183
8579 195
8580 199
8581 207
8582 169
8583 175
8584 176
8585 185
8586 185
8587 154
8588 137
8589 31
8590 11
8591 8
8592 4
8593 10
8594 0
8595 0
8596 1
8597 0
8598 0
8599 5
8600 29
8601 28
8602 60
8603 53
8604 33
8605 61
8606 56
8607 47
8608 31
8609 47
8610 37
8611 23
8612 4
8613 3
8614 10
8615 4
8616 7
8617 2
8618 2
8619 2
8620 2
8621 0
8622 8
8623 5
8624 126
8625 54
8626 85
8627 77
8628 73
8629 77
8630 68
8631 74
8632 78
8633 68
8634 91
8635 102
8636 89
8637 32
8638 7
8639 10
8640 5
8641 5
8642 0
8643 2
8644 1
8645 1
8646 2
8647 5
8648 58
8649 54
8650 110
8651 132
8652 117
8653 91
8654 96
8655 80
8656 105
8657 89
8658 93
8659 149
8660 104
8661 37
8662 4
8663 3
8664 0
8665 6
8666 2
8667 0
8668 0
8669 0
8670 6
8671 2
8672 71
8673 63
8674 142
8675 205
8676 208
8677 211
8678 207
8679 194
8680 203
8681 153
8682 159
8683 203
8684 136
8685 43
8686 18
8687 5
8688 5
8689 5
8690 1
8691 2
8692 0
8693 2
8694 2
8695 5
8696 86
8697 73
8698 140
8699 201
8700 197
8701 189
8702 189
8703 189
8704 178
8705 157
8706 164
8707 205
8708 147
8709 37
8710 7
8711 12
8712 5
8713 8
8714 2
8715 1
8716 2
8717 2
8718 2
8719 3
8720 81
8721 85
8722 148
8723 195
8724 210
8725 202
8726 173
8727 211
8728 202
8729 202
8730 171
8731 209
8732 152
8733 39
8734 4
8735 5
8736 4
8737 6
8738 1
8739 1
8740 0
8741 1
8742 0
8743 2
8744 82
8745 100
8746 145
8747 166
8748 196
8749 189
8750 187
8751 193
8752 143
8753 139
8754 153
8755 136
8756 121
8757 39
8758 11
8759 3
8760 0
