1 5
2 0
3 0
4 0
5 0
6 0
7 0
8 51
9 11
10 32
11 51
12 52
13 60
14 67
15 61
16 54
17 49
18 39
19 37
20 1
21 0
22 1
23 2
24 0
25 0
26 0
27 0
28 0
29 1
30 0
31 0
32 66
33 11
34 60
35 60
36 67
37 94
38 96
39 69
40 72
41 54
42 72
43 83
44 81
45 14
46 0
47 0
48 1
49 2
50 0
51 0
52 1
53 2
54 0
55 0
56 78
57 77
58 92
59 135
60 153
61 131
62 147
63 145
64 115
65 116
66 89
67 77
68 81
69 22
70 0
71 0
72 0
73 0
74 0
75 0
76 1
77 1
78 1
79 1
80 60
81 73
82 106
83 122
84 158
85 161
86 141
87 162
88 165
89 135
90 115
91 209
92 138
93 40
94 1
95 0
96 0
97 0
98 0
99 0
100 2
101 1
102 1
103 2
104 76
105 103
106 92
107 144
108 162
109 157
110 152
111 145
112 134
113 133
114 128
115 114
116 79
117 33
118 3
119 2
120 0
121 0
122 0
123 1
124 0
125 2
126 1
127 1
128 70
129 80
130 111
131 119
132 201
133 171
134 165
135 136
136 174
137 120
138 122
139 141
140 143
141 31
142 1
143 0
144 2
145 5
146 0
147 0
148 0
149 0
150 0
151 0
152 61
153 44
154 70
155 96
156 119
157 119
158 123
159 130
160 97
161 85
162 71
163 80
164 89
165 31
166 3
167 2
168 1
169 2
170 1
171 1
172 1
173 0
174 0
175 2
176 54
177 30
178 45
179 90
180 102
181 137
182 143
183 114
184 118
185 99
186 76
187 35
188 1
189 1
190 1
191 0
192 0
193 0
194 0
195 0
196 1
197 1
198 1
199 0
200 79
201 123
202 150
203 165
204 160
205 171
206 157
207 165
208 188
209 164
210 144
211 123
212 92
213 31
214 1
215 0
216 0
217 0
218 0
219 0
220 1
221 2
222 2
223 0
224 85
225 107
226 152
227 167
228 185
229 197
230 157
231 175
232 163
233 143
234 144
235 138
236 109
237 30
238 0
239 1
240 1
241 1
242 1
243 0
244 2
245 0
246 1
247 0
248 85
249 120
250 140
251 163
252 174
253 186
254 175
255 171
256 202
257 143
258 167
259 211
260 166
261 46
262 2
263 1
264 1
265 1
266 0
267 0
268 1
269 3
270 1
271 2
272 88
273 149
274 171
275 187
276 188
277 202
278 210
279 204
280 187
281 161
282 165
283 146
284 108
285 36
286 0
287 0
288 1
289 1
290 0
291 1
292 1
293 2
294 3
295 1
296 83
297 141
298 146
299 176
300 172
301 203
302 159
303 166
304 211
305 158
306 169
307 172
308 149
309 47
310 1
311 1
312 6
313 3
314 0
315 0
316 0
317 0
318 0
319 0
320 82
321 101
322 112
323 135
324 165
325 162
326 140
327 130
328 134
329 125
330 110
331 110
332 124
333 44
334 4
335 2
336 1
337 2
338 3
339 0
340 0
341 0
342 0
343 0
344 55
345 31
346 71
347 80
348 109
349 139
350 139
351 131
352 103
353 87
354 90
355 43
356 2
357 0
358 1
359 1
360 0
361 0
362 0
363 0
364 0
365 2
366 2
367 1
368 118
369 120
370 154
371 194
372 170
373 195
374 185
375 190
376 181
377 160
378 159
379 126
380 130
381 38
382 0
383 1
384 0
385 0
386 0
387 0
388 1
389 2
390 2
391 3
392 112
393 143
394 228
395 218
396 221
397 211
398 210
399 211
400 193
401 181
402 178
403 136
404 121
405 34
406 0
407 1
408 0
409 0
410 0
411 0
412 1
413 1
414 1
415 1
416 103
417 131
418 185
419 173
420 215
421 191
422 214
423 185
424 174
425 158
426 173
427 221
428 180
429 46
430 1
431 0
432 0
433 0
434 0
435 1
436 0
437 1
438 0
439 2
440 116
441 117
442 157
443 176
444 202
445 210
446 197
447 182
448 175
449 149
450 151
451 199
452 100
453 33
454 1
455 3
456 0
457 1
458 0
459 1
460 1
461 2
462 1
463 4
464 101
465 133
466 184
467 170
468 201
469 217
470 223
471 205
472 154
473 182
474 195
475 198
476 149
477 30
478 1
479 1
480 2
481 1
482 0
483 1
484 0
485 0
486 0
487 2
488 86
489 90
490 105
491 138
492 139
493 149
494 137
495 122
496 113
497 110
498 114
499 131
500 125
501 30
502 2
503 2
504 5
505 3
506 0
507 0
508 0
509 0
510 1
511 0
512 72
513 47
514 103
515 118
516 156
517 140
518 144
519 120
520 115
521 85
522 107
523 37
524 2
525 1
526 1
527 0
528 0
529 0
530 1
531 1
532 1
533 2
534 1
535 0
536 98
537 126
538 197
539 189
540 170
541 174
542 188
543 127
544 162
545 144
546 132
547 127
548 129
549 29
550 0
551 1
552 1
553 1
554 1
555 1
556 0
557 2
558 1
559 2
560 108
561 128
562 196
563 181
564 197
565 196
566 165
567 183
568 196
569 158
570 170
571 176
572 120
573 46
574 0
575 0
576 1
577 1
578 0
579 1
580 0
581 1
582 2
583 3
584 115
585 132
586 191
587 181
588 187
589 194
590 167
591 171
592 184
593 153
594 168
595 264
596 157
597 35
598 1
599 0
600 4
601 4
602 0
603 0
604 0
605 1
606 0
607 1
608 65
609 21
610 60
611 67
612 110
613 104
614 109
615 86
616 83
617 80
618 72
619 94
620 79
621 19
622 0
623 1
624 1
625 1
626 2
627 0
628 0
629 1
630 1
631 1
632 93
633 119
634 175
635 173
636 166
637 198
638 169
639 187
640 162
641 129
642 141
643 138
644 144
645 44
646 2
647 2
648 0
649 3
650 1
651 0
652 0
653 0
654 0
655 0
656 69
657 74
658 106
659 111
660 113
661 133
662 118
663 105
664 126
665 98
666 78
667 90
668 92
669 27
670 0
671 3
672 2
673 6
674 1
675 0
676 0
677 1
678 0
679 0
680 71
681 46
682 121
683 119
684 139
685 131
686 151
687 99
688 109
689 107
690 117
691 69
692 0
693 2
694 2
695 1
696 1
697 2
698 0
699 0
700 2
701 2
702 1
703 1
704 108
705 120
706 217
707 200
708 203
709 192
710 214
711 187
712 203
713 185
714 155
715 148
716 130
717 30
718 5
719 9
720 12
721 8
722 9
723 8
724 13
725 15
726 16
727 12
728 130
729 149
730 226
731 265
732 235
733 247
734 264
735 181
736 185
737 145
738 129
739 149
740 134
741 51
742 13
743 1
744 2
745 1
746 1
747 1
748 0
749 2
750 2
751 3
752 107
753 150
754 179
755 204
756 217
757 206
758 173
759 162
760 180
761 161
762 164
763 220
764 131
765 38
766 12
767 9
768 8
769 10
770 5
771 7
772 5
773 11
774 5
775 8
776 117
777 152
778 192
779 202
780 227
781 229
782 217
783 233
784 187
785 188
786 159
787 185
788 142
789 47
790 11
791 6
792 7
793 6
794 7
795 7
796 6
797 4
798 7
799 7
800 123
801 149
802 222
803 213
804 201
805 193
806 218
807 183
808 219
809 203
810 170
811 179
812 186
813 67
814 12
815 10
816 4
817 4
818 4
819 8
820 9
821 4
822 5
823 3
824 117
825 143
826 165
827 184
828 188
829 159
830 151
831 169
832 136
833 125
834 149
835 165
836 141
837 52
838 14
839 15
840 15
841 14
842 14
843 8
844 12
845 13
846 15
847 22
848 105
849 92
850 149
851 118
852 140
853 146
854 109
855 167
856 115
857 104
858 85
859 57
860 18
861 20
862 20
863 18
864 17
865 19
866 17
867 19
868 19
869 22
870 17
871 17
872 146
873 150
874 218
875 204
876 179
877 213
878 177
879 169
880 162
881 156
882 167
883 139
884 103
885 39
886 10
887 9
888 6
889 11
890 10
891 8
892 12
893 11
894 9
895 11
896 148
897 141
898 240
899 212
900 230
901 206
902 211
903 175
904 192
905 176
906 142
907 155
908 114
909 44
910 12
911 11
912 11
913 10
914 5
915 7
916 9
917 9
918 7
919 13
920 136
921 140
922 171
923 202
924 202
925 195
926 186
927 201
928 206
929 156
930 150
931 229
932 147
933 38
934 14
935 16
936 10
937 15
938 17
939 12
940 8
941 11
942 8
943 11
944 126
945 155
946 177
947 189
948 193
949 184
950 168
951 186
952 186
953 191
954 174
955 166
956 136
957 42
958 16
959 18
960 17
961 14
962 21
963 12
964 16
965 18
966 19
967 17
968 140
969 146
970 161
971 220
972 194
973 204
974 186
975 218
976 229
977 179
978 176
979 221
980 168
981 41
982 3
983 5
984 3
985 2
986 6
987 0
988 2
989 0
990 0
991 1
992 95
993 106
994 127
995 154
996 184
997 187
998 168
999 163
1000 148
1001 127
1002 124
1003 138
1004 159
1005 33
1006 9
1007 4
1008 1
1009 6
1010 1
1011 0
1012 1
1013 1
1014 0
1015 0
1016 78
1017 60
1018 111
1019 120
1020 128
1021 151
1022 156
1023 119
1024 120
1025 105
1026 90
1027 54
1028 2
1029 1
1030 2
1031 4
1032 1
1033 4
1034 0
1035 0
1036 1
1037 1
1038 1
1039 1
1040 124
1041 156
1042 211
1043 234
1044 212
1045 201
1046 208
1047 177
1048 167
1049 145
1050 126
1051 136
1052 105
1053 22
1054 2
1055 1
1056 0
1057 2
1058 0
1059 0
1060 0
1061 2
1062 1
1063 1
1064 127
1065 127
1066 185
1067 214
1068 177
1069 216
1070 199
1071 197
1072 190
1073 162
1074 184
1075 219
1076 170
1077 33
1078 4
1079 2
1080 3
1081 2
1082 0
1083 0
1084 0
1085 2
1086 2
1087 4
1088 123
1089 144
1090 217
1091 219
1092 231
1093 223
1094 238
1095 184
1096 176
1097 160
1098 156
1099 191
1100 137
1101 23
1102 0
1103 1
1104 0
1105 3
1106 0
1107 0
1108 1
1109 1
1110 1
1111 1
1112 119
1113 144
1114 192
1115 213
1116 197
1117 182
1118 202
1119 189
1120 188
1121 165
1122 175
1123 225
1124 129
1125 26
1126 1
1127 2
1128 1
1129 4
1130 0
1131 0
1132 1
1133 1
1134 1
1135 2
1136 94
1137 159
1138 205
1139 223
1140 210
1141 237
1142 212
1143 213
1144 221
1145 188
1146 155
1147 191
1148 151
1149 34
1150 3
1151 1
1152 2
1153 4
1154 0
1155 1
1156 0
1157 0
1158 0
1159 1
1160 109
1161 109
1162 121
1163 144
1164 153
1165 135
1166 145
1167 139
1168 134
1169 134
1170 117
1171 121
1172 122
1173 50
1174 5
1175 4
1176 0
1177 4
1178 1
1179 2
1180 0
1181 0
1182 0
1183 0
1184 68
1185 57
1186 84
1187 110
1188 132
1189 142
1190 137
1191 137
1192 125
1193 97
1194 112
1195 55
1196 6
1197 2
1198 0
1199 0
1200 3
1201 3
1202 0
1203 0
1204 1
1205 2
1206 0
1207 2
1208 111
1209 139
1210 184
1211 217
1212 182
1213 192
1214 179
1215 171
1216 179
1217 177
1218 142
1219 115
1220 114
1221 28
1222 1
1223 0
1224 1
1225 3
1226 0
1227 1
1228 0
1229 2
1230 1
1231 2
1232 97
1233 134
1234 208
1235 203
1236 211
1237 190
1238 182
1239 186
1240 203
1241 172
1242 153
1243 169
1244 125
1245 27
1246 1
1247 1
1248 0
1249 1
1250 0
1251 1
1252 1
1253 0
1254 2
1255 0
1256 114
1257 120
1258 159
1259 210
1260 215
1261 197
1262 177
1263 202
1264 192
1265 148
1266 131
1267 196
1268 150
1269 28
1270 3
1271 0
1272 1
1273 2
1274 0
1275 1
1276 0
1277 2
1278 0
1279 1
1280 122
1281 132
1282 187
1283 177
1284 222
1285 187
1286 205
1287 207
1288 179
1289 147
1290 163
1291 139
1292 92
1293 22
1294 1
1295 2
1296 1
1297 2
1298 0
1299 0
1300 1
1301 1
1302 2
1303 0
1304 91
1305 98
1306 180
1307 196
1308 214
1309 225
1310 195
1311 203
1312 155
1313 164
1314 146
1315 170
1316 115
1317 43
1318 0
1319 0
1320 2
1321 5
1322 3
1323 2
1324 2
1325 0
1326 0
1327 2
1328 82
1329 87
1330 76
1331 110
1332 109
1333 141
1334 145
1335 161
1336 118
1337 91
1338 111
1339 114
1340 147
1341 34
1342 1
1343 1
1344 0
1345 2
1346 2
1347 2
1348 0
1349 1
1350 0
1351 0
1352 66
1353 47
1354 109
1355 95
1356 111
1357 132
1358 120
1359 148
1360 92
1361 92
1362 79
1363 40
1364 2
1365 2
1366 0
1367 0
1368 0
1369 1
1370 0
1371 1
1372 2
1373 0
1374 1
1375 0
1376 99
1377 107
1378 171
1379 207
1380 205
1381 170
1382 156
1383 188
1384 176
1385 119
1386 146
1387 159
1388 73
1389 19
1390 1
1391 0
1392 0
1393 2
1394 0
1395 0
1396 0
1397 2
1398 0
1399 1
1400 99
1401 99
1402 168
1403 224
1404 199
1405 211
1406 193
1407 178
1408 180
1409 146
1410 127
1411 147
1412 116
1413 38
1414 1
1415 1
1416 0
1417 1
1418 0
1419 0
1420 0
1421 2
1422 0
1423 1
1424 95
1425 118
1426 192
1427 188
1428 196
1429 186
1430 170
1431 202
1432 197
1433 155
1434 126
1435 172
1436 121
1437 28
1438 1
1439 2
1440 0
1441 2
1442 0
1443 0
1444 1
1445 2
1446 0
1447 5
1448 117
1449 148
1450 215
1451 210
1452 202
1453 214
1454 219
1455 162
1456 184
1457 157
1458 167
1459 148
1460 141
1461 22
1462 2
1463 5
1464 0
1465 2
1466 1
1467 0
1468 0
1469 2
1470 0
1471 1
1472 84
1473 67
1474 114
1475 141
1476 147
1477 154
1478 135
1479 146
1480 126
1481 124
1482 97
1483 124
1484 112
1485 36
1486 0
1487 4
1488 2
1489 1
1490 0
1491 1
1492 0
1493 0
1494 0
1495 0
1496 67
1497 45
1498 88
1499 102
1500 153
1501 148
1502 144
1503 129
1504 106
1505 88
1506 106
1507 45
1508 2
1509 1
1510 0
1511 0
1512 0
1513 1
1514 1
1515 0
1516 0
1517 1
1518 1
1519 1
1520 93
1521 111
1522 218
1523 178
1524 194
1525 193
1526 208
1527 179
1528 157
1529 151
1530 131
1531 159
1532 119
1533 37
1534 1
1535 2
1536 0
1537 1
1538 0
1539 0
1540 3
1541 2
1542 1
1543 4
1544 116
1545 106
1546 162
1547 185
1548 193
1549 184
1550 185
1551 192
1552 160
1553 160
1554 171
1555 157
1556 152
1557 20
1558 1
1559 4
1560 1
1561 2
1562 0
1563 0
1564 1
1565 2
1566 0
1567 0
1568 102
1569 142
1570 177
1571 184
1572 209
1573 209
1574 189
1575 180
1576 174
1577 180
1578 146
1579 160
1580 133
1581 36
1582 4
1583 0
1584 1
1585 2
1586 0
1587 1
1588 1
1589 1
1590 2
1591 0
1592 115
1593 128
1594 158
1595 186
1596 179
1597 194
1598 203
1599 178
1600 175
1601 153
1602 175
1603 143
1604 109
1605 27
1606 7
1607 0
1608 0
1609 1
1610 0
1611 2
1612 0
1613 3
1614 2
1615 3
1616 116
1617 125
1618 187
1619 167
1620 204
1621 185
1622 210
1623 176
1624 216
1625 168
1626 163
1627 182
1628 154
1629 42
1630 3
1631 4
1632 6
1633 3
1634 2
1635 0
1636 1
1637 0
1638 0
1639 0
1640 66
1641 80
1642 90
1643 119
1644 152
1645 133
1646 133
1647 133
1648 118
1649 96
1650 102
1651 107
1652 113
1653 34
1654 3
1655 1
1656 3
1657 3
1658 0
1659 0
1660 0
1661 0
1662 0
1663 0
1664 60
1665 62
1666 79
1667 134
1668 144
1669 134
1670 126
1671 118
1672 114
1673 96
1674 94
1675 38
1676 2
1677 2
1678 5
1679 0
1680 1
1681 1
1682 2
1683 2
1684 0
1685 0
1686 0
1687 1
1688 84
1689 50
1690 64
1691 62
1692 121
1693 93
1694 81
1695 85
1696 100
1697 80
1698 82
1699 89
1700 98
1701 25
1702 1
1703 1
1704 0
1705 3
1706 0
1707 0
1708 0
1709 1
1710 2
1711 2
1712 102
1713 117
1714 174
1715 188
1716 164
1717 178
1718 149
1719 197
1720 159
1721 149
1722 127
1723 164
1724 124
1725 33
1726 0
1727 0
1728 1
1729 1
1730 0
1731 0
1732 1
1733 1
1734 0
1735 2
1736 108
1737 121
1738 192
1739 229
1740 210
1741 223
1742 215
1743 199
1744 190
1745 165
1746 130
1747 181
1748 139
1749 34
1750 0
1751 1
1752 0
1753 2
1754 0
1755 0
1756 1
1757 1
1758 2
1759 0
1760 112
1761 154
1762 226
1763 211
1764 209
1765 216
1766 184
1767 184
1768 198
1769 144
1770 182
1771 170
1772 129
1773 27
1774 2
1775 2
1776 0
1777 3
1778 0
1779 0
1780 0
1781 1
1782 1
1783 1
1784 102
1785 145
1786 189
1787 198
1788 225
1789 210
1790 202
1791 199
1792 183
1793 183
1794 163
1795 184
1796 164
1797 44
1798 1
1799 3
1800 2
1801 5
1802 2
1803 0
1804 0
1805 0
1806 0
1807 0
1808 103
1809 77
1810 113
1811 141
1812 144
1813 176
1814 165
1815 188
1816 149
1817 148
1818 111
1819 155
1820 127
1821 43
1822 3
1823 4
1824 3
1825 3
1826 1
1827 0
1828 0
1829 0
1830 0
1831 0
1832 70
1833 48
1834 107
1835 100
1836 112
1837 138
1838 152
1839 102
1840 89
1841 116
1842 85
1843 38
1844 7
1845 2
1846 4
1847 0
1848 1
1849 3
1850 0
1851 0
1852 0
1853 1
1854 2
1855 3
1856 122
1857 126
1858 195
1859 201
1860 218
1861 174
1862 209
1863 182
1864 200
1865 161
1866 152
1867 136
1868 128
1869 25
1870 0
1871 0
1872 2
1873 1
1874 0
1875 1
1876 1
1877 1
1878 1
1879 0
1880 135
1881 151
1882 202
1883 225
1884 223
1885 211
1886 211
1887 193
1888 218
1889 166
1890 143
1891 163
1892 155
1893 29
1894 1
1895 0
1896 0
1897 1
1898 0
1899 0
1900 1
1901 2
1902 3
1903 3
1904 137
1905 161
1906 182
1907 186
1908 200
1909 187
1910 183
1911 180
1912 184
1913 159
1914 143
1915 162
1916 103
1917 26
1918 3
1919 4
1920 0
1921 1
1922 0
1923 1
1924 0
1925 1
1926 3
1927 3
1928 121
1929 143
1930 196
1931 224
1932 224
1933 201
1934 179
1935 157
1936 190
1937 161
1938 193
1939 169
1940 117
1941 33
1942 2
1943 0
1944 1
1945 2
1946 0
1947 0
1948 0
1949 2
1950 1
1951 2
1952 132
1953 171
1954 211
1955 192
1956 200
1957 186
1958 192
1959 213
1960 216
1961 193
1962 181
1963 236
1964 129
1965 29
1966 2
1967 2
1968 1
1969 2
1970 0
1971 0
1972 1
1973 0
1974 0
1975 1
1976 84
1977 102
1978 114
1979 151
1980 163
1981 161
1982 148
1983 145
1984 123
1985 110
1986 129
1987 137
1988 147
1989 47
1990 2
1991 3
1992 1
1993 3
1994 0
1995 3
1996 0
1997 1
1998 1
1999 0
2000 65
2001 46
2002 87
2003 99
2004 147
2005 150
2006 147
2007 127
2008 117
2009 83
2010 87
2011 43
2012 0
2013 1
2014 0
2015 1
2016 0
2017 2
2018 0
2019 0
2020 2
2021 1
2022 2
2023 0
2024 103
2025 123
2026 175
2027 173
2028 179
2029 176
2030 164
2031 158
2032 156
2033 153
2034 117
2035 136
2036 95
2037 26
2038 0
2039 2
2040 0
2041 1
2042 0
2043 0
2044 1
2045 2
2046 0
2047 1
2048 111
2049 89
2050 185
2051 187
2052 210
2053 177
2054 180
2055 174
2056 174
2057 136
2058 151
2059 149
2060 135
2061 34
2062 2
2063 0
2064 1
2065 2
2066 0
2067 1
2068 1
2069 1
2070 4
2071 1
2072 106
2073 96
2074 185
2075 191
2076 167
2077 213
2078 201
2079 187
2080 181
2081 134
2082 137
2083 179
2084 150
2085 38
2086 1
2087 0
2088 0
2089 2
2090 0
2091 0
2092 9
2093 2
2094 1
2095 2
2096 115
2097 124
2098 181
2099 196
2100 197
2101 217
2102 176
2103 188
2104 189
2105 169
2106 128
2107 251
2108 163
2109 34
2110 0
2111 1
2112 1
2113 1
2114 1
2115 0
2116 0
2117 2
2118 0
2119 2
2120 120
2121 127
2122 193
2123 209
2124 186
2125 198
2126 189
2127 193
2128 210
2129 188
2130 165
2131 219
2132 164
2133 33
2134 1
2135 0
2136 0
2137 4
2138 0
2139 0
2140 0
2141 0
2142 1
2143 1
2144 102
2145 98
2146 107
2147 120
2148 136
2149 131
2150 112
2151 136
2152 129
2153 106
2154 122
2155 144
2156 148
2157 41
2158 3
2159 1
2160 1
2161 2
2162 0
2163 1
2164 0
2165 1
2166 0
2167 0
2168 58
2169 64
2170 105
2171 105
2172 107
2173 110
2174 149
2175 131
2176 87
2177 102
2178 97
2179 51
2180 2
2181 4
2182 2
2183 0
2184 0
2185 0
2186 0
2187 0
2188 0
2189 2
2190 1
2191 3
2192 104
2193 104
2194 151
2195 190
2196 158
2197 175
2198 162
2199 159
2200 154
2201 150
2202 144
2203 130
2204 87
2205 18
2206 1
2207 1
2208 1
2209 1
2210 1
2211 0
2212 0
2213 2
2214 0
2215 1
2216 93
2217 122
2218 168
2219 190
2220 184
2221 171
2222 175
2223 175
2224 170
2225 133
2226 110
2227 102
2228 113
2229 14
2230 1
2231 1
2232 0
2233 0
2234 0
2235 0
2236 1
2237 2
2238 1
2239 3
2240 85
2241 92
2242 158
2243 180
2244 199
2245 167
2246 185
2247 180
2248 159
2249 145
2250 126
2251 147
2252 120
2253 17
2254 0
2255 0
2256 0
2257 1
2258 1
2259 0
2260 0
2261 1
2262 0
2263 4
2264 106
2265 113
2266 157
2267 184
2268 199
2269 193
2270 182
2271 164
2272 184
2273 161
2274 161
2275 138
2276 129
2277 38
2278 2
2279 1
2280 1
2281 3
2282 2
2283 0
2284 1
2285 0
2286 0
2287 0
2288 58
2289 34
2290 64
2291 50
2292 59
2293 66
2294 70
2295 66
2296 42
2297 68
2298 65
2299 92
2300 99
2301 17
2302 0
2303 0
2304 1
2305 0
2306 1
2307 0
2308 0
2309 0
2310 0
2311 0
2312 67
2313 35
2314 75
2315 128
2316 123
2317 144
2318 99
2319 112
2320 78
2321 67
2322 83
2323 103
2324 99
2325 21
2326 1
2327 3
2328 1
2329 1
2330 0
2331 1
2332 1
2333 0
2334 0
2335 0
2336 73
2337 36
2338 64
2339 89
2340 96
2341 97
2342 100
2343 78
2344 93
2345 69
2346 97
2347 46
2348 1
2349 0
2350 7
2351 6
2352 2
2353 1
2354 2
2355 0
2356 0
2357 1
2358 0
2359 0
2360 85
2361 25
2362 42
2363 72
2364 85
2365 94
2366 91
2367 87
2368 88
2369 54
2370 56
2371 106
2372 89
2373 19
2374 1
2375 1
2376 0
2377 2
2378 0
2379 0
2380 0
2381 1
2382 0
2383 1
2384 99
2385 130
2386 164
2387 179
2388 182
2389 179
2390 159
2391 181
2392 154
2393 149
2394 131
2395 168
2396 114
2397 35
2398 0
2399 2
2400 1
2401 2
2402 0
2403 0
2404 1
2405 1
2406 0
2407 0
2408 98
2409 141
2410 181
2411 175
2412 187
2413 173
2414 161
2415 173
2416 166
2417 153
2418 108
2419 163
2420 104
2421 37
2422 1
2423 1
2424 1
2425 1
2426 0
2427 0
2428 1
2429 2
2430 2
2431 3
2432 87
2433 152
2434 172
2435 178
2436 159
2437 184
2438 156
2439 164
2440 168
2441 126
2442 113
2443 157
2444 103
2445 25
2446 1
2447 2
2448 3
2449 1
2450 1
2451 0
2452 0
2453 2
2454 1
2455 4
2456 93
2457 137
2458 181
2459 184
2460 204
2461 176
2462 187
2463 173
2464 198
2465 129
2466 137
2467 153
2468 144
2469 36
2470 6
2471 2
2472 1
2473 2
2474 0
2475 1
2476 1
2477 1
2478 0
2479 0
2480 68
2481 83
2482 97
2483 109
2484 115
2485 138
2486 121
2487 104
2488 96
2489 107
2490 101
2491 111
2492 153
2493 32
2494 3
2495 1
2496 1
2497 4
2498 0
2499 0
2500 0
2501 0
2502 0
2503 0
2504 54
2505 44
2506 85
2507 120
2508 120
2509 127
2510 108
2511 98
2512 96
2513 104
2514 70
2515 34
2516 4
2517 3
2518 0
2519 0
2520 1
2521 2
2522 0
2523 1
2524 0
2525 2
2526 0
2527 1
2528 110
2529 123
2530 185
2531 196
2532 163
2533 166
2534 165
2535 165
2536 154
2537 133
2538 127
2539 86
2540 97
2541 26
2542 2
2543 0
2544 1
2545 1
2546 0
2547 0
2548 0
2549 2
2550 2
2551 3
2552 102
2553 121
2554 196
2555 175
2556 154
2557 165
2558 140
2559 144
2560 173
2561 123
2562 100
2563 125
2564 94
2565 15
2566 1
2567 1
2568 2
2569 3
2570 1
2571 2
2572 0
2573 3
2574 2
2575 1
2576 141
2577 112
2578 177
2579 179
2580 203
2581 181
2582 151
2583 164
2584 176
2585 151
2586 136
2587 172
2588 125
2589 27
2590 3
2591 0
2592 0
2593 0
2594 0
2595 0
2596 0
2597 2
2598 0
2599 2
2600 107
2601 103
2602 140
2603 195
2604 161
2605 179
2606 171
2607 183
2608 166
2609 152
2610 138
2611 160
2612 131
2613 24
2614 2
2615 2
2616 4
2617 2
2618 0
2619 0
2620 1
2621 2
2622 1
2623 3
2624 120
2625 119
2626 164
2627 197
2628 204
2629 187
2630 178
2631 187
2632 196
2633 163
2634 132
2635 211
2636 148
2637 24
2638 0
2639 5
2640 4
2641 4
2642 0
2643 0
2644 1
2645 0
2646 1
2647 0
2648 90
2649 66
2650 107
2651 88
2652 109
2653 103
2654 146
2655 120
2656 107
2657 92
2658 129
2659 168
2660 87
2661 18
2662 1
2663 3
2664 0
2665 5
2666 0
2667 0
2668 0
2669 1
2670 0
2671 0
2672 56
2673 47
2674 78
2675 124
2676 126
2677 130
2678 118
2679 105
2680 107
2681 99
2682 69
2683 48
2684 2
2685 2
2686 0
2687 0
2688 0
2689 0
2690 0
2691 0
2692 3
2693 3
2694 1
2695 1
2696 115
2697 106
2698 164
2699 201
2700 178
2701 161
2702 172
2703 130
2704 182
2705 139
2706 169
2707 190
2708 98
2709 19
2710 0
2711 0
2712 0
2713 1
2714 0
2715 0
2716 1
2717 2
2718 0
2719 5
2720 92
2721 101
2722 138
2723 160
2724 154
2725 155
2726 173
2727 164
2728 146
2729 161
2730 142
2731 162
2732 170
2733 32
2734 1
2735 1
2736 1
2737 2
2738 1
2739 0
2740 0
2741 2
2742 0
2743 0
2744 52
2745 41
2746 58
2747 57
2748 84
2749 78
2750 72
2751 69
2752 69
2753 43
2754 65
2755 77
2756 55
2757 6
2758 1
2759 0
2760 0
2761 0
2762 0
2763 0
2764 1
2765 1
2766 1
2767 1
2768 94
2769 106
2770 150
2771 191
2772 194
2773 201
2774 181
2775 182
2776 159
2777 141
2778 118
2779 164
2780 119
2781 38
2782 2
2783 0
2784 1
2785 2
2786 1
2787 1
2788 2
2789 2
2790 3
2791 5
2792 102
2793 109
2794 177
2795 163
2796 203
2797 192
2798 158
2799 156
2800 171
2801 149
2802 141
2803 173
2804 151
2805 31
2806 2
2807 4
2808 3
2809 2
2810 0
2811 1
2812 0
2813 0
2814 0
2815 1
2816 64
2817 75
2818 99
2819 115
2820 133
2821 135
2822 160
2823 138
2824 155
2825 121
2826 81
2827 159
2828 142
2829 31
2830 0
2831 4
2832 2
2833 2
2834 1
2835 2
2836 1
2837 0
2838 0
2839 0
2840 61
2841 48
2842 101
2843 126
2844 132
2845 124
2846 143
2847 125
2848 113
2849 88
2850 88
2851 37
2852 0
2853 3
2854 0
2855 0
2856 0
2857 2
2858 0
2859 0
2860 1
2861 1
2862 1
2863 3
2864 86
2865 116
2866 203
2867 173
2868 198
2869 176
2870 179
2871 177
2872 153
2873 131
2874 121
2875 117
2876 65
2877 34
2878 0
2879 1
2880 0
2881 1
2882 1
2883 1
2884 1
2885 1
2886 1
2887 2
2888 87
2889 108
2890 187
2891 168
2892 171
2893 179
2894 188
2895 153
2896 180
2897 165
2898 122
2899 144
2900 124
2901 18
2902 1
2903 0
2904 0
2905 1
2906 0
2907 0
2908 2
2909 1
2910 2
2911 2
2912 110
2913 117
2914 178
2915 210
2916 192
2917 184
2918 195
2919 165
2920 153
2921 150
2922 138
2923 174
2924 121
2925 25
2926 0
2927 1
2928 1
2929 0
2930 0
2931 0
2932 1
2933 2
2934 1
2935 4
2936 115
2937 118
2938 197
2939 166
2940 161
2941 183
2942 187
2943 160
2944 176
2945 167
2946 138
2947 152
2948 129
2949 27
2950 2
2951 4
2952 1
2953 1
2954 0
2955 0
2956 1
2957 3
2958 0
2959 5
2960 105
2961 115
2962 181
2963 197
2964 212
2965 179
2966 169
2967 186
2968 177
2969 154
2970 170
2971 182
2972 151
2973 31
2974 0
2975 2
2976 3
2977 3
2978 1
2979 1
2980 0
2981 0
2982 0
2983 0
2984 89
2985 82
2986 125
2987 159
2988 105
2989 129
2990 135
2991 179
2992 140
2993 123
2994 105
2995 113
2996 130
2997 37
2998 5
2999 3
3000 1
3001 1
3002 0
3003 2
3004 0
3005 2
3006 0
3007 0
3008 63
3009 35
3010 87
3011 118
3012 132
3013 156
3014 150
3015 141
3016 112
3017 126
3018 79
3019 42
3020 2
3021 3
3022 0
3023 0
3024 0
3025 0
3026 1
3027 0
3028 1
3029 1
3030 0
3031 1
3032 90
3033 124
3034 192
3035 189
3036 212
3037 192
3038 198
3039 169
3040 139
3041 114
3042 129
3043 158
3044 101
3045 14
3046 1
3047 0
3048 0
3049 0
3050 0
3051 0
3052 1
3053 0
3054 0
3055 2
3056 97
3057 136
3058 179
3059 194
3060 168
3061 160
3062 170
3063 167
3064 169
3065 133
3066 146
3067 139
3068 121
3069 27
3070 3
3071 1
3072 0
3073 0
3074 0
3075 0
3076 1
3077 0
3078 0
3079 3
3080 115
3081 129
3082 174
3083 184
3084 195
3085 182
3086 184
3087 188
3088 171
3089 147
3090 144
3091 140
3092 104
3093 27
3094 0
3095 0
3096 0
3097 1
3098 0
3099 0
3100 0
3101 0
3102 1
3103 7
3104 106
3105 112
3106 219
3107 179
3108 181
3109 210
3110 181
3111 198
3112 161
3113 141
3114 131
3115 161
3116 122
3117 31
3118 3
3119 0
3120 1
3121 0
3122 0
3123 0
3124 0
3125 1
3126 0
3127 2
3128 106
3129 118
3130 161
3131 194
3132 195
3133 202
3134 166
3135 173
3136 195
3137 142
3138 144
3139 175
3140 156
3141 36
3142 1
3143 0
3144 2
3145 2
3146 0
3147 1
3148 1
3149 0
3150 0
3151 0
3152 68
3153 79
3154 100
3155 135
3156 144
3157 141
3158 150
3159 159
3160 141
3161 132
3162 147
3163 141
3164 134
3165 19
3166 0
3167 1
3168 1
3169 1
3170 0
3171 0
3172 1
3173 1
3174 0
3175 1
3176 69
3177 72
3178 93
3179 110
3180 120
3181 142
3182 116
3183 103
3184 92
3185 100
3186 101
3187 46
3188 1
3189 0
3190 0
3191 0
3192 0
3193 2
3194 0
3195 0
3196 1
3197 0
3198 1
3199 2
3200 96
3201 117
3202 161
3203 182
3204 169
3205 164
3206 152
3207 174
3208 151
3209 128
3210 130
3211 153
3212 98
3213 26
3214 0
3215 1
3216 0
3217 0
3218 0
3219 0
3220 0
3221 1
3222 0
3223 3
3224 115
3225 133
3226 172
3227 177
3228 176
3229 187
3230 193
3231 149
3232 165
3233 161
3234 129
3235 128
3236 108
3237 26
3238 0
3239 2
3240 0
3241 0
3242 0
3243 1
3244 1
3245 0
3246 1
3247 7
3248 110
3249 126
3250 164
3251 158
3252 183
3253 173
3254 179
3255 144
3256 181
3257 151
3258 142
3259 170
3260 109
3261 17
3262 2
3263 3
3264 0
3265 2
3266 0
3267 0
3268 1
3269 0
3270 1
3271 3
3272 119
3273 129
3274 160
3275 188
3276 169
3277 184
3278 166
3279 149
3280 160
3281 146
3282 140
3283 165
3284 126
3285 25
3286 0
3287 2
3288 1
3289 0
3290 0
3291 1
3292 1
3293 1
3294 1
3295 2
3296 111
3297 129
3298 176
3299 180
3300 197
3301 181
3302 174
3303 176
3304 175
3305 147
3306 144
3307 168
3308 137
3309 27
3310 6
3311 4
3312 1
3313 0
3314 0
3315 0
3316 0
3317 0
3318 0
3319 2
3320 86
3321 79
3322 80
3323 138
3324 148
3325 160
3326 146
3327 150
3328 142
3329 98
3330 102
3331 138
3332 159
3333 28
3334 4
3335 5
3336 2
3337 4
3338 2
3339 1
3340 1
3341 0
3342 0
3343 0
3344 59
3345 48
3346 63
3347 109
3348 106
3349 167
3350 131
3351 122
3352 111
3353 82
3354 84
3355 59
3356 2
3357 0
3358 0
3359 0
3360 0
3361 1
3362 1
3363 0
3364 0
3365 1
3366 0
3367 2
3368 95
3369 114
3370 173
3371 156
3372 174
3373 170
3374 163
3375 179
3376 146
3377 143
3378 119
3379 98
3380 76
3381 30
3382 1
3383 0
3384 0
3385 0
3386 0
3387 1
3388 0
3389 1
3390 2
3391 3
3392 93
3393 96
3394 204
3395 181
3396 186
3397 168
3398 157
3399 154
3400 161
3401 163
3402 120
3403 157
3404 133
3405 18
3406 2
3407 1
3408 1
3409 1
3410 0
3411 0
3412 1
3413 2
3414 0
3415 6
3416 95
3417 128
3418 179
3419 177
3420 178
3421 199
3422 175
3423 189
3424 170
3425 151
3426 149
3427 165
3428 106
3429 22
3430 0
3431 1
3432 1
3433 0
3434 0
3435 2
3436 1
3437 2
3438 2
3439 4
3440 102
3441 120
3442 189
3443 165
3444 170
3445 158
3446 182
3447 171
3448 151
3449 149
3450 143
3451 142
3452 108
3453 16
3454 6
3455 1
3456 0
3457 0
3458 0
3459 1
3460 0
3461 1
3462 0
3463 1
3464 100
3465 102
3466 161
3467 202
3468 207
3469 190
3470 167
3471 175
3472 162
3473 150
3474 179
3475 253
3476 147
3477 20
3478 0
3479 0
3480 2
3481 6
3482 0
3483 0
3484 0
3485 0
3486 0
3487 1
3488 71
3489 78
3490 95
3491 122
3492 142
3493 119
3494 145
3495 133
3496 150
3497 112
3498 91
3499 107
3500 129
3501 33
3502 1
3503 3
3504 0
3505 1
3506 1
3507 1
3508 0
3509 0
3510 0
3511 1
3512 55
3513 36
3514 79
3515 114
3516 114
3517 132
3518 115
3519 118
3520 118
3521 87
3522 73
3523 45
3524 0
3525 0
3526 0
3527 0
3528 0
3529 1
3530 0
3531 2
3532 0
3533 2
3534 1
3535 0
3536 112
3537 108
3538 167
3539 146
3540 177
3541 171
3542 153
3543 139
3544 151
3545 132
3546 116
3547 105
3548 81
3549 26
3550 0
3551 0
3552 0
3553 1
3554 0
3555 2
3556 0
3557 1
3558 0
3559 1
3560 108
3561 117
3562 190
3563 195
3564 182
3565 186
3566 169
3567 162
3568 148
3569 129
3570 107
3571 164
3572 125
3573 21
3574 2
3575 0
3576 1
3577 0
3578 0
3579 1
3580 1
3581 1
3582 0
3583 2
3584 97
3585 113
3586 199
3587 190
3588 145
3589 171
3590 163
3591 180
3592 162
3593 146
3594 109
3595 141
3596 96
3597 24
3598 1
3599 2
3600 2
3601 0
3602 0
3603 1
3604 1
3605 1
3606 0
3607 4
3608 97
3609 116
3610 187
3611 183
3612 169
3613 184
3614 160
3615 190
3616 193
3617 151
3618 113
3619 166
3620 103
3621 31
3622 0
3623 1
3624 0
3625 0
3626 0
3627 0
3628 0
3629 1
3630 0
3631 2
3632 103
3633 114
3634 193
3635 200
3636 177
3637 187
3638 150
3639 187
3640 178
3641 151
3642 160
3643 169
3644 156
3645 34
3646 0
3647 0
3648 2
3649 2
3650 0
3651 0
3652 0
3653 0
3654 1
3655 1
3656 73
3657 71
3658 82
3659 128
3660 106
3661 136
3662 148
3663 123
3664 131
3665 108
3666 92
3667 118
3668 116
3669 19
3670 0
3671 2
3672 0
3673 2
3674 6
3675 0
3676 0
3677 0
3678 0
3679 0
3680 44
3681 46
3682 88
3683 90
3684 141
3685 126
3686 125
3687 140
3688 96
3689 88
3690 98
3691 56
3692 4
3693 1
3694 1
3695 0
3696 0
3697 0
3698 0
3699 1
3700 1
3701 0
3702 1
3703 2
3704 104
3705 121
3706 176
3707 168
3708 195
3709 153
3710 157
3711 161
3712 125
3713 123
3714 107
3715 126
3716 85
3717 20
3718 1
3719 0
3720 0
3721 0
3722 0
3723 0
3724 0
3725 3
3726 1
3727 2
3728 105
3729 125
3730 166
3731 188
3732 215
3733 182
3734 196
3735 174
3736 169
3737 145
3738 116
3739 147
3740 119
3741 20
3742 0
3743 2
3744 0
3745 0
3746 0
3747 0
3748 1
3749 0
3750 0
3751 2
3752 101
3753 126
3754 165
3755 166
3756 181
3757 161
3758 175
3759 149
3760 162
3761 115
3762 111
3763 132
3764 110
3765 24
3766 2
3767 3
3768 0
3769 0
3770 0
3771 1
3772 0
3773 1
3774 2
3775 0
3776 127
3777 114
3778 169
3779 209
3780 180
3781 173
3782 200
3783 145
3784 175
3785 139
3786 135
3787 135
3788 126
3789 31
3790 0
3791 0
3792 1
3793 1
3794 0
3795 1
3796 1
3797 1
3798 0
3799 3
3800 104
3801 131
3802 170
3803 176
3804 199
3805 200
3806 166
3807 159
3808 161
3809 126
3810 135
3811 193
3812 151
3813 21
3814 3
3815 0
3816 1
3817 2
3818 1
3819 0
3820 0
3821 0
3822 0
3823 0
3824 64
3825 59
3826 83
3827 111
3828 139
3829 135
3830 126
3831 117
3832 106
3833 91
3834 86
3835 128
3836 133
3837 32
3838 1
3839 0
3840 1
3841 2
3842 1
3843 0
3844 0
3845 0
3846 0
3847 0
3848 52
3849 42
3850 74
3851 112
3852 133
3853 127
3854 113
3855 115
3856 106
3857 87
3858 77
3859 45
3860 2
3861 2
3862 2
3863 2
3864 2
3865 0
3866 0
3867 1
3868 3
3869 4
3870 2
3871 1
3872 67
3873 22
3874 55
3875 60
3876 88
3877 88
3878 87
3879 85
3880 70
3881 55
3882 57
3883 86
3884 76
3885 12
3886 0
3887 0
3888 0
3889 0
3890 0
3891 0
3892 0
3893 0
3894 1
3895 1
3896 84
3897 105
3898 176
3899 193
3900 167
3901 159
3902 194
3903 161
3904 152
3905 114
3906 98
3907 129
3908 129
3909 26
3910 1
3911 2
3912 2
3913 0
3914 0
3915 0
3916 0
3917 1
3918 1
3919 1
3920 95
3921 119
3922 197
3923 189
3924 201
3925 206
3926 186
3927 183
3928 154
3929 149
3930 105
3931 125
3932 103
3933 23
3934 1
3935 2
3936 0
3937 0
3938 0
3939 0
3940 0
3941 1
3942 0
3943 1
3944 113
3945 110
3946 174
3947 192
3948 184
3949 181
3950 191
3951 188
3952 171
3953 149
3954 147
3955 159
3956 127
3957 19
3958 1
3959 0
3960 0
3961 0
3962 0
3963 1
3964 2
3965 0
3966 1
3967 5
3968 130
3969 141
3970 201
3971 212
3972 219
3973 202
3974 191
3975 196
3976 176
3977 160
3978 147
3979 178
3980 126
3981 36
3982 1
3983 2
3984 2
3985 3
3986 0
3987 0
3988 0
3989 0
3990 0
3991 0
3992 75
3993 64
3994 91
3995 154
3996 173
3997 168
3998 160
3999 175
4000 137
4001 136
4002 115
4003 160
4004 143
4005 32
4006 5
4007 4
4008 3
4009 1
4010 0
4011 1
4012 0
4013 0
4014 0
4015 0
4016 73
4017 52
4018 91
4019 109
4020 157
4021 142
4022 142
4023 116
4024 105
4025 122
4026 88
4027 36
4028 0
4029 3
4030 1
4031 1
4032 0
4033 0
4034 0
4035 1
4036 0
4037 2
4038 0
4039 5
4040 113
4041 120
4042 187
4043 170
4044 175
4045 194
4046 187
4047 145
4048 180
4049 125
4050 100
4051 109
4052 86
4053 15
4054 1
4055 0
4056 0
4057 0
4058 0
4059 0
4060 0
4061 1
4062 1
4063 2
4064 113
4065 141
4066 169
4067 182
4068 193
4069 185
4070 179
4071 133
4072 164
4073 117
4074 131
4075 130
4076 136
4077 19
4078 0
4079 1
4080 0
4081 0
4082 0
4083 1
4084 0
4085 1
4086 1
4087 0
4088 106
4089 130
4090 170
4091 181
4092 179
4093 195
4094 162
4095 159
4096 162
4097 132
4098 125
4099 122
4100 142
4101 23
4102 2
4103 1
4104 1
4105 0
4106 0
4107 0
4108 0
4109 1
4110 1
4111 1
4112 104
4113 113
4114 169
4115 196
4116 195
4117 179
4118 176
4119 154
4120 165
4121 136
4122 141
4123 225
4124 151
4125 31
4126 4
4127 0
4128 2
4129 2
4130 0
4131 0
4132 0
4133 2
4134 2
4135 2
4136 109
4137 141
4138 207
4139 161
4140 191
4141 214
4142 188
4143 154
4144 195
4145 133
4146 161
4147 185
4148 130
4149 29
4150 6
4151 1
4152 2
4153 5
4154 0
4155 0
4156 0
4157 0
4158 1
4159 0
4160 66
4161 78
4162 91
4163 125
4164 133
4165 149
4166 138
4167 144
4168 133
4169 133
4170 126
4171 126
4172 125
4173 32
4174 2
4175 1
4176 0
4177 2
4178 0
4179 0
4180 0
4181 0
4182 1
4183 0
4184 56
4185 34
4186 77
4187 98
4188 121
4189 143
4190 146
4191 129
4192 130
4193 105
4194 77
4195 47
4196 0
4197 2
4198 0
4199 2
4200 0
4201 0
4202 0
4203 1
4204 1
4205 1
4206 0
4207 2
4208 118
4209 127
4210 187
4211 172
4212 177
4213 179
4214 168
4215 169
4216 173
4217 148
4218 136
4219 113
4220 87
4221 31
4222 0
4223 0
4224 0
4225 0
4226 0
4227 0
4228 1
4229 0
4230 2
4231 0
4232 109
4233 146
4234 179
4235 185
4236 188
4237 187
4238 203
4239 161
4240 161
4241 127
4242 110
4243 125
4244 136
4245 33
4246 2
4247 1
4248 0
4249 0
4250 0
4251 0
4252 1
4253 1
4254 2
4255 4
4256 102
4257 116
4258 188
4259 183
4260 202
4261 198
4262 167
4263 187
4264 163
4265 145
4266 116
4267 134
4268 109
4269 27
4270 3
4271 0
4272 0
4273 1
4274 0
4275 1
4276 1
4277 2
4278 2
4279 0
4280 114
4281 113
4282 178
4283 165
4284 210
4285 196
4286 197
4287 188
4288 193
4289 159
4290 132
4291 166
4292 124
4293 29
4294 3
4295 1
4296 0
4297 1
4298 0
4299 0
4300 1
4301 1
4302 2
4303 3
4304 125
4305 104
4306 191
4307 191
4308 210
4309 211
4310 195
4311 186
4312 214
4313 140
4314 153
4315 191
4316 167
4317 37
4318 1
4319 5
4320 2
4321 3
4322 2
4323 0
4324 0
4325 0
4326 0
4327 0
4328 98
4329 99
4330 138
4331 155
4332 147
4333 159
4334 153
4335 155
4336 154
4337 168
4338 133
4339 151
4340 126
4341 46
4342 1
4343 2
4344 2
4345 4
4346 0
4347 0
4348 0
4349 0
4350 0
4351 0
4352 58
4353 48
4354 76
4355 105
4356 137
4357 153
4358 110
4359 97
4360 108
4361 129
4362 71
4363 46
4364 3
4365 0
4366 0
4367 2
4368 0
4369 1
4370 0
4371 0
4372 0
4373 1
4374 1
4375 0
4376 108
4377 130
4378 173
4379 169
4380 161
4381 179
4382 186
4383 181
4384 190
4385 155
4386 139
4387 129
4388 89
4389 20
4390 1
4391 0
4392 0
4393 1
4394 0
4395 0
4396 0
4397 2
4398 0
4399 2
4400 84
4401 102
4402 183
4403 183
4404 163
4405 200
4406 204
4407 177
4408 183
4409 116
4410 134
4411 205
4412 119
4413 26
4414 0
4415 0
4416 1
4417 0
4418 0
4419 0
4420 0
4421 1
4422 1
4423 2
4424 134
4425 115
4426 160
4427 240
4428 152
4429 174
4430 175
4431 174
4432 143
4433 135
4434 152
4435 170
4436 120
4437 32
4438 1
4439 0
4440 2
4441 0
4442 0
4443 0
4444 1
4445 1
4446 2
4447 3
4448 121
4449 132
4450 176
4451 181
4452 196
4453 205
4454 192
4455 183
4456 189
4457 147
4458 137
4459 156
4460 120
4461 32
4462 0
4463 0
4464 0
4465 1
4466 0
4467 0
4468 0
4469 1
4470 0
4471 4
4472 108
4473 146
4474 166
4475 187
4476 222
4477 189
4478 195
4479 167
4480 197
4481 158
4482 148
4483 185
4484 153
4485 25
4486 3
4487 2
4488 5
4489 2
4490 0
4491 0
4492 0
4493 0
4494 0
4495 0
4496 68
4497 85
4498 86
4499 104
4500 138
4501 154
4502 132
4503 133
4504 136
4505 112
4506 91
4507 192
4508 146
4509 25
4510 0
4511 0
4512 2
4513 1
4514 1
4515 0
4516 0
4517 0
4518 0
4519 0
4520 62
4521 46
4522 90
4523 99
4524 118
4525 120
4526 129
4527 132
4528 118
4529 104
4530 82
4531 35
4532 0
4533 1
4534 2
4535 0
4536 0
4537 0
4538 0
4539 0
4540 0
4541 1
4542 1
4543 0
4544 88
4545 117
4546 134
4547 160
4548 145
4549 184
4550 152
4551 160
4552 153
4553 133
4554 119
4555 103
4556 78
4557 21
4558 3
4559 0
4560 0
4561 0
4562 1
4563 0
4564 0
4565 1
4566 1
4567 0
4568 89
4569 121
4570 165
4571 195
4572 217
4573 168
4574 173
4575 183
4576 162
4577 138
4578 137
4579 162
4580 103
4581 15
4582 2
4583 0
4584 0
4585 1
4586 0
4587 0
4588 0
4589 0
4590 0
4591 1
4592 122
4593 130
4594 155
4595 169
4596 193
4597 173
4598 189
4599 182
4600 179
4601 151
4602 161
4603 156
4604 143
4605 17
4606 1
4607 0
4608 0
4609 0
4610 0
4611 0
4612 0
4613 0
4614 0
4615 0
4616 87
4617 125
4618 178
4619 205
4620 173
4621 216
4622 190
4623 179
4624 135
4625 145
4626 169
4627 185
4628 122
4629 19
4630 1
4631 1
4632 0
4633 0
4634 1
4635 0
4636 0
4637 0
4638 0
4639 0
4640 86
4641 126
4642 147
4643 178
4644 220
4645 194
4646 181
4647 179
4648 167
4649 132
4650 143
4651 186
4652 198
4653 30
4654 0
4655 1
4656 3
4657 3
4658 0
4659 0
4660 0
4661 1
4662 0
4663 2
4664 90
4665 76
4666 104
4667 125
4668 164
4669 162
4670 130
4671 156
4672 148
4673 118
4674 94
4675 133
4676 133
4677 21
4678 1
4679 2
4680 0
4681 2
4682 1
4683 0
4684 0
4685 0
4686 0
4687 1
4688 71
4689 51
4690 86
4691 109
4692 127
4693 143
4694 145
4695 119
4696 97
4697 94
4698 82
4699 43
4700 0
4701 1
4702 0
4703 0
4704 0
4705 0
4706 0
4707 0
4708 0
4709 1
4710 0
4711 1
4712 81
4713 115
4714 202
4715 167
4716 176
4717 174
4718 163
4719 156
4720 161
4721 138
4722 150
4723 118
4724 74
4725 19
4726 1
4727 2
4728 1
4729 0
4730 0
4731 0
4732 0
4733 0
4734 0
4735 0
4736 100
4737 111
4738 164
4739 172
4740 182
4741 161
4742 175
4743 174
4744 191
4745 124
4746 120
4747 150
4748 120
4749 33
4750 0
4751 0
4752 0
4753 0
4754 0
4755 0
4756 0
4757 0
4758 0
4759 4
4760 111
4761 130
4762 200
4763 210
4764 196
4765 171
4766 150
4767 151
4768 170
4769 132
4770 144
4771 118
4772 82
4773 17
4774 1
4775 0
4776 0
4777 0
4778 1
4779 0
4780 0
4781 2
4782 0
4783 0
4784 105
4785 104
4786 188
4787 194
4788 208
4789 198
4790 172
4791 197
4792 166
4793 136
4794 144
4795 154
4796 121
4797 20
4798 0
4799 2
4800 0
4801 0
4802 0
4803 0
4804 0
4805 0
4806 0
4807 0
4808 102
4809 134
4810 186
4811 187
4812 170
4813 180
4814 182
4815 168
4816 182
4817 136
4818 144
4819 158
4820 147
4821 32
4822 3
4823 1
4824 1
4825 2
4826 0
4827 1
4828 0
4829 0
4830 0
4831 0
4832 73
4833 103
4834 131
4835 122
4836 125
4837 122
4838 122
4839 164
4840 140
4841 102
4842 117
4843 168
4844 125
4845 29
4846 1
4847 3
4848 3
4849 3
4850 0
4851 0
4852 0
4853 0
4854 0
4855 0
4856 43
4857 42
4858 61
4859 97
4860 137
4861 136
4862 135
4863 128
4864 98
4865 102
4866 80
4867 39
4868 0
4869 3
4870 0
4871 1
4872 0
4873 1
4874 2
4875 1
4876 0
4877 0
4878 2
4879 2
4880 77
4881 113
4882 133
4883 138
4884 175
4885 156
4886 162
4887 148
4888 165
4889 146
4890 126
4891 105
4892 73
4893 29
4894 0
4895 1
4896 0
4897 0
4898 0
4899 0
4900 2
4901 0
4902 2
4903 0
4904 76
4905 126
4906 169
4907 173
4908 172
4909 167
4910 166
4911 183
4912 157
4913 118
4914 124
4915 134
4916 85
4917 21
4918 2
4919 0
4920 0
4921 0
4922 0
4923 0
4924 0
4925 0
4926 0
4927 2
4928 86
4929 100
4930 142
4931 171
4932 192
4933 192
4934 166
4935 183
4936 175
4937 154
4938 122
4939 129
4940 128
4941 30
4942 3
4943 1
4944 1
4945 0
4946 0
4947 0
4948 1
4949 0
4950 0
4951 4
4952 100
4953 112
4954 184
4955 196
4956 168
4957 172
4958 184
4959 186
4960 193
4961 147
4962 131
4963 167
4964 93
4965 21
4966 2
4967 1
4968 1
4969 0
4970 0
4971 0
4972 1
4973 2
4974 2
4975 1
4976 96
4977 101
4978 156
4979 183
4980 227
4981 210
4982 181
4983 153
4984 174
4985 158
4986 168
4987 165
4988 132
4989 31
4990 4
4991 3
4992 3
4993 1
4994 0
4995 0
4996 1
4997 0
4998 1
4999 0
5000 72
5001 83
5002 138
5003 130
5004 148
5005 148
5006 155
5007 150
5008 150
5009 104
5010 113
5011 110
5012 134
5013 40
5014 3
5015 2
5016 1
5017 3
5018 0
5019 0
5020 1
5021 0
5022 0
5023 0
5024 63
5025 41
5026 92
5027 121
5028 129
5029 134
5030 135
5031 114
5032 107
5033 101
5034 71
5035 36
5036 1
5037 4
5038 0
5039 0
5040 1
5041 1
5042 0
5043 0
5044 1
5045 1
5046 0
5047 2
5048 89
5049 100
5050 166
5051 182
5052 184
5053 173
5054 179
5055 159
5056 161
5057 158
5058 120
5059 103
5060 54
5061 36
5062 2
5063 0
5064 2
5065 1
5066 0
5067 0
5068 0
5069 1
5070 1
5071 1
5072 97
5073 89
5074 160
5075 161
5076 169
5077 199
5078 191
5079 168
5080 165
5081 151
5082 137
5083 155
5084 115
5085 20
5086 2
5087 0
5088 0
5089 1
5090 0
5091 0
5092 1
5093 0
5094 1
5095 2
5096 106
5097 122
5098 170
5099 190
5100 173
5101 193
5102 153
5103 180
5104 195
5105 167
5106 131
5107 145
5108 106
5109 26
5110 1
5111 1
5112 0
5113 0
5114 0
5115 0
5116 0
5117 2
5118 0
5119 1
5120 112
5121 112
5122 183
5123 167
5124 170
5125 210
5126 179
5127 159
5128 150
5129 152
5130 139
5131 158
5132 91
5133 30
5134 0
5135 1
5136 0
5137 0
5138 0
5139 0
5140 1
5141 1
5142 0
5143 1
5144 104
5145 129
5146 159
5147 175
5148 160
5149 175
5150 176
5151 149
5152 173
5153 162
5154 152
5155 163
5156 153
5157 39
5158 4
5159 2
5160 2
5161 2
5162 0
5163 1
5164 1
5165 0
5166 0
5167 0
5168 78
5169 86
5170 102
5171 119
5172 136
5173 172
5174 154
5175 149
5176 145
5177 108
5178 120
5179 150
5180 118
5181 32
5182 3
5183 2
5184 6
5185 2
5186 1
5187 0
5188 0
5189 0
5190 1
5191 0
5192 53
5193 34
5194 96
5195 121
5196 124
5197 152
5198 144
5199 145
5200 116
5201 84
5202 80
5203 37
5204 0
5205 0
5206 1
5207 1
5208 1
5209 0
5210 0
5211 0
5212 2
5213 0
5214 0
5215 2
5216 76
5217 92
5218 171
5219 154
5220 148
5221 175
5222 161
5223 155
5224 148
5225 142
5226 135
5227 120
5228 91
5229 26
5230 0
5231 1
5232 0
5233 0
5234 0
5235 0
5236 0
5237 2
5238 0
5239 1
5240 96
5241 111
5242 174
5243 171
5244 177
5245 188
5246 176
5247 179
5248 168
5249 158
5250 124
5251 143
5252 121
5253 28
5254 2
5255 1
5256 0
5257 1
5258 0
5259 0
5260 1
5261 0
5262 1
5263 1
5264 91
5265 103
5266 163
5267 211
5268 206
5269 161
5270 178
5271 147
5272 166
5273 144
5274 146
5275 128
5276 112
5277 28
5278 1
5279 0
5280 2
5281 1
5282 0
5283 0
5284 0
5285 1
5286 0
5287 1
5288 86
5289 132
5290 165
5291 167
5292 160
5293 195
5294 153
5295 180
5296 153
5297 136
5298 124
5299 122
5300 93
5301 27
5302 1
5303 1
5304 2
5305 0
5306 0
5307 0
5308 0
5309 1
5310 0
5311 1
5312 94
5313 95
5314 152
5315 199
5316 176
5317 213
5318 201
5319 171
5320 203
5321 164
5322 129
5323 128
5324 120
5325 28
5326 4
5327 3
5328 2
5329 0
5330 0
5331 0
5332 0
5333 1
5334 0
5335 0
5336 76
5337 71
5338 100
5339 103
5340 132
5341 132
5342 142
5343 133
5344 133
5345 109
5346 95
5347 123
5348 109
5349 40
5350 3
5351 3
5352 2
5353 2
5354 1
5355 0
5356 1
5357 0
5358 0
5359 0
5360 61
5361 43
5362 106
5363 99
5364 132
5365 114
5366 112
5367 104
5368 115
5369 129
5370 75
5371 44
5372 2
5373 2
5374 1
5375 0
5376 0
5377 0
5378 0
5379 0
5380 1
5381 0
5382 0
5383 1
5384 117
5385 178
5386 232
5387 168
5388 152
5389 149
5390 161
5391 140
5392 120
5393 119
5394 105
5395 125
5396 77
5397 16
5398 1
5399 0
5400 0
5401 0
5402 0
5403 0
5404 1
5405 3
5406 0
5407 1
5408 95
5409 102
5410 184
5411 186
5412 192
5413 168
5414 153
5415 180
5416 149
5417 125
5418 120
5419 159
5420 119
5421 36
5422 1
5423 2
5424 0
5425 1
5426 0
5427 0
5428 0
5429 1
5430 0
5431 1
5432 104
5433 114
5434 139
5435 154
5436 188
5437 179
5438 173
5439 160
5440 171
5441 131
5442 128
5443 125
5444 106
5445 25
5446 2
5447 0
5448 0
5449 3
5450 0
5451 0
5452 0
5453 1
5454 1
5455 0
5456 101
5457 93
5458 143
5459 191
5460 161
5461 179
5462 151
5463 145
5464 155
5465 151
5466 131
5467 114
5468 96
5469 24
5470 4
5471 0
5472 1
5473 0
5474 0
5475 0
5476 1
5477 0
5478 0
5479 0
5480 124
5481 119
5482 174
5483 193
5484 162
5485 191
5486 183
5487 164
5488 186
5489 125
5490 138
5491 169
5492 154
5493 25
5494 3
5495 0
5496 0
5497 1
5498 0
5499 0
5500 0
5501 0
5502 0
5503 0
5504 80
5505 75
5506 101
5507 112
5508 116
5509 132
5510 131
5511 132
5512 116
5513 101
5514 117
5515 172
5516 147
5517 31
5518 1
5519 6
5520 2
5521 4
5522 0
5523 0
5524 0
5525 0
5526 1
5527 0
5528 111
5529 69
5530 82
5531 94
5532 134
5533 128
5534 129
5535 132
5536 101
5537 86
5538 75
5539 44
5540 2
5541 4
5542 0
5543 1
5544 0
5545 0
5546 1
5547 1
5548 2
5549 0
5550 0
5551 2
5552 94
5553 88
5554 128
5555 167
5556 154
5557 157
5558 165
5559 151
5560 143
5561 120
5562 117
5563 110
5564 78
5565 22
5566 2
5567 0
5568 1
5569 0
5570 0
5571 0
5572 0
5573 1
5574 1
5575 3
5576 97
5577 117
5578 166
5579 153
5580 173
5581 147
5582 163
5583 162
5584 149
5585 149
5586 114
5587 124
5588 108
5589 23
5590 0
5591 1
5592 0
5593 0
5594 0
5595 1
5596 1
5597 0
5598 1
5599 3
5600 93
5601 110
5602 174
5603 177
5604 179
5605 160
5606 135
5607 158
5608 160
5609 122
5610 135
5611 129
5612 111
5613 32
5614 2
5615 0
5616 2
5617 1
5618 0
5619 0
5620 0
5621 1
5622 1
5623 3
5624 85
5625 100
5626 142
5627 175
5628 201
5629 188
5630 170
5631 157
5632 141
5633 142
5634 139
5635 162
5636 117
5637 32
5638 4
5639 1
5640 0
5641 1
5642 0
5643 0
5644 0
5645 1
5646 1
5647 2
5648 104
5649 105
5650 171
5651 189
5652 191
5653 169
5654 173
5655 155
5656 166
5657 164
5658 136
5659 175
5660 132
5661 31
5662 2
5663 2
5664 0
5665 5
5666 0
5667 1
5668 0
5669 0
5670 0
5671 1
5672 86
5673 58
5674 87
5675 138
5676 141
5677 124
5678 125
5679 119
5680 116
5681 122
5682 101
5683 118
5684 126
5685 21
5686 3
5687 4
5688 0
5689 4
5690 0
5691 0
5692 1
5693 0
5694 0
5695 0
5696 49
5697 30
5698 78
5699 110
5700 110
5701 141
5702 136
5703 137
5704 108
5705 104
5706 107
5707 29
5708 0
5709 1
5710 2
5711 0
5712 0
5713 0
5714 1
5715 0
5716 2
5717 0
5718 0
5719 1
5720 95
5721 114
5722 132
5723 165
5724 162
5725 193
5726 133
5727 151
5728 123
5729 111
5730 119
5731 87
5732 94
5733 23
5734 0
5735 3
5736 0
5737 3
5738 0
5739 1
5740 1
5741 0
5742 3
5743 1
5744 91
5745 83
5746 162
5747 158
5748 159
5749 150
5750 132
5751 126
5752 132
5753 121
5754 148
5755 109
5756 109
5757 21
5758 1
5759 2
5760 0
5761 0
5762 0
5763 1
5764 1
5765 0
5766 1
5767 2
5768 97
5769 98
5770 155
5771 172
5772 174
5773 163
5774 147
5775 182
5776 162
5777 126
5778 146
5779 115
5780 93
5781 25
5782 0
5783 0
5784 1
5785 0
5786 1
5787 0
5788 1
5789 0
5790 1
5791 5
5792 114
5793 92
5794 166
5795 186
5796 168
5797 182
5798 160
5799 139
5800 159
5801 132
5802 112
5803 126
5804 120
5805 30
5806 0
5807 3
5808 2
5809 0
5810 0
5811 0
5812 0
5813 1
5814 0
5815 6
5816 120
5817 88
5818 154
5819 186
5820 164
5821 158
5822 153
5823 157
5824 167
5825 137
5826 119
5827 155
5828 119
5829 26
5830 0
5831 2
5832 3
5833 4
5834 4
5835 0
5836 1
5837 0
5838 1
5839 1
5840 80
5841 83
5842 92
5843 144
5844 126
5845 139
5846 121
5847 125
5848 110
5849 105
5850 80
5851 138
5852 125
5853 32
5854 0
5855 1
5856 4
5857 2
5858 1
5859 1
5860 0
5861 0
5862 2
5863 0
5864 72
5865 42
5866 93
5867 86
5868 106
5869 117
5870 123
5871 112
5872 103
5873 97
5874 105
5875 39
5876 2
5877 1
5878 2
5879 1
5880 1
5881 2
5882 0
5883 1
5884 1
5885 2
5886 1
5887 2
5888 93
5889 101
5890 136
5891 166
5892 161
5893 143
5894 135
5895 156
5896 128
5897 106
5898 129
5899 98
5900 67
5901 39
5902 1
5903 1
5904 0
5905 0
5906 1
5907 1
5908 1
5909 1
5910 0
5911 2
5912 119
5913 106
5914 149
5915 191
5916 154
5917 175
5918 164
5919 156
5920 178
5921 122
5922 108
5923 126
5924 110
5925 17
5926 3
5927 1
5928 0
5929 1
5930 0
5931 0
5932 1
5933 0
5934 2
5935 1
5936 103
5937 89
5938 133
5939 142
5940 159
5941 170
5942 166
5943 143
5944 177
5945 128
5946 120
5947 113
5948 114
5949 36
5950 2
5951 0
5952 0
5953 0
5954 0
5955 0
5956 0
5957 1
5958 1
5959 2
5960 134
5961 123
5962 160
5963 167
5964 159
5965 156
5966 192
5967 158
5968 166
5969 159
5970 124
5971 151
5972 118
5973 33
5974 0
5975 0
5976 0
5977 2
5978 1
5979 0
5980 0
5981 1
5982 1
5983 3
5984 115
5985 99
5986 155
5987 173
5988 168
5989 167
5990 180
5991 135
5992 172
5993 147
5994 159
5995 193
5996 129
5997 34
5998 4
5999 5
6000 0
6001 1
6002 0
6003 0
6004 1
6005 0
6006 0
6007 0
6008 76
6009 79
6010 95
6011 121
6012 121
6013 140
6014 113
6015 112
6016 117
6017 73
6018 77
6019 127
6020 124
6021 30
6022 0
6023 0
6024 1
6025 3
6026 0
6027 0
6028 0
6029 0
6030 0
6031 0
6032 74
6033 53
6034 106
6035 100
6036 129
6037 129
6038 129
6039 91
6040 102
6041 80
6042 77
6043 42
6044 1
6045 0
6046 0
6047 2
6048 3
6049 2
6050 3
6051 0
6052 2
6053 0
6054 0
6055 0
6056 102
6057 96
6058 160
6059 166
6060 167
6061 166
6062 157
6063 172
6064 163
6065 123
6066 105
6067 106
6068 75
6069 17
6070 3
6071 0
6072 0
6073 0
6074 0
6075 0
6076 0
6077 1
6078 1
6079 1
6080 89
6081 103
6082 175
6083 174
6084 159
6085 192
6086 174
6087 167
6088 156
6089 130
6090 110
6091 123
6092 89
6093 27
6094 1
6095 0
6096 0
6097 0
6098 0
6099 0
6100 0
6101 1
6102 0
6103 1
6104 90
6105 117
6106 146
6107 171
6108 163
6109 183
6110 163
6111 168
6112 156
6113 130
6114 123
6115 128
6116 88
6117 20
6118 3
6119 1
6120 0
6121 0
6122 0
6123 0
6124 1
6125 2
6126 1
6127 3
6128 117
6129 121
6130 195
6131 178
6132 187
6133 160
6134 158
6135 163
6136 158
6137 123
6138 141
6139 159
6140 113
6141 23
6142 0
6143 0
6144 0
6145 0
6146 1
6147 2
6148 0
6149 2
6150 1
6151 2
6152 110
6153 126
6154 185
6155 194
6156 205
6157 183
6158 174
6159 181
6160 181
6161 140
6162 134
6163 149
6164 130
6165 26
6166 1
6167 2
6168 1
6169 1
6170 2
6171 0
6172 0
6173 0
6174 0
6175 0
6176 93
6177 94
6178 109
6179 126
6180 125
6181 136
6182 148
6183 148
6184 126
6185 114
6186 88
6187 113
6188 123
6189 37
6190 0
6191 1
6192 2
6193 2
6194 0
6195 0
6196 0
6197 0
6198 1
6199 1
6200 66
6201 56
6202 66
6203 91
6204 123
6205 109
6206 127
6207 86
6208 130
6209 103
6210 94
6211 29
6212 2
6213 1
6214 0
6215 0
6216 0
6217 0
6218 0
6219 0
6220 0
6221 1
6222 0
6223 1
6224 96
6225 96
6226 149
6227 161
6228 133
6229 151
6230 182
6231 139
6232 148
6233 134
6234 120
6235 92
6236 83
6237 19
6238 0
6239 1
6240 0
6241 1
6242 0
6243 0
6244 0
6245 2
6246 0
6247 1
6248 105
6249 103
6250 181
6251 169
6252 170
6253 181
6254 161
6255 160
6256 145
6257 145
6258 126
6259 128
6260 86
6261 31
6262 0
6263 0
6264 3
6265 2
6266 0
6267 2
6268 10
6269 8
6270 10
6271 9
6272 148
6273 140
6274 137
6275 162
6276 179
6277 153
6278 165
6279 172
6280 154
6281 134
6282 117
6283 141
6284 79
6285 19
6286 0
6287 0
6288 0
6289 1
6290 0
6291 0
6292 0
6293 0
6294 0
6295 3
6296 111
6297 91
6298 171
6299 170
6300 156
6301 165
6302 152
6303 137
6304 150
6305 136
6306 138
6307 149
6308 91
6309 30
6310 1
6311 1
6312 0
6313 1
6314 1
6315 0
6316 0
6317 0
6318 0
6319 0
6320 118
6321 101
6322 146
6323 158
6324 147
6325 146
6326 139
6327 151
6328 161
6329 136
6330 158
6331 128
6332 119
6333 34
6334 0
6335 1
6336 1
6337 2
6338 0
6339 0
6340 0
6341 0
6342 0
6343 0
6344 95
6345 62
6346 91
6347 90
6348 88
6349 111
6350 144
6351 142
6352 110
6353 92
6354 83
6355 100
6356 125
6357 40
6358 2
6359 1
6360 1
6361 4
6362 1
6363 0
6364 0
6365 0
6366 0
6367 0
6368 86
6369 45
6370 77
6371 79
6372 104
6373 117
6374 123
6375 95
6376 92
6377 81
6378 65
6379 32
6380 1
6381 1
6382 0
6383 3
6384 0
6385 2
6386 0
6387 1
6388 0
6389 0
6390 0
6391 0
6392 119
6393 94
6394 117
6395 150
6396 148
6397 146
6398 162
6399 151
6400 163
6401 122
6402 113
6403 150
6404 73
6405 18
6406 1
6407 0
6408 0
6409 1
6410 0
6411 0
6412 0
6413 2
6414 0
6415 0
6416 126
6417 80
6418 150
6419 157
6420 132
6421 153
6422 138
6423 117
6424 149
6425 131
6426 106
6427 162
6428 92
6429 23
6430 1
6431 1
6432 0
6433 1
6434 0
6435 0
6436 0
6437 0
6438 0
6439 0
6440 124
6441 92
6442 147
6443 174
6444 155
6445 176
6446 170
6447 157
6448 142
6449 136
6450 139
6451 184
6452 99
6453 19
6454 0
6455 1
6456 1
6457 1
6458 0
6459 0
6460 0
6461 0
6462 2
6463 4
6464 117
6465 97
6466 142
6467 185
6468 170
6469 152
6470 158
6471 148
6472 140
6473 120
6474 137
6475 198
6476 106
6477 20
6478 3
6479 0
6480 0
6481 1
6482 0
6483 0
6484 0
6485 1
6486 0
6487 1
6488 116
6489 101
6490 157
6491 138
6492 138
6493 154
6494 146
6495 147
6496 155
6497 135
6498 146
6499 163
6500 116
6501 29
6502 1
6503 1
6504 0
6505 3
6506 0
6507 0
6508 0
6509 0
6510 0
6511 0
6512 86
6513 48
6514 95
6515 72
6516 110
6517 105
6518 82
6519 70
6520 50
6521 50
6522 54
6523 83
6524 61
6525 25
6526 0
6527 4
6528 0
6529 2
6530 2
6531 0
6532 0
6533 0
6534 0
6535 0
6536 66
6537 33
6538 70
6539 103
6540 107
6541 139
6542 121
6543 109
6544 104
6545 107
6546 97
6547 42
6548 0
6549 0
6550 0
6551 2
6552 1
6553 2
6554 0
6555 0
6556 0
6557 0
6558 0
6559 0
6560 40
6561 42
6562 61
6563 82
6564 106
6565 81
6566 82
6567 70
6568 58
6569 53
6570 47
6571 68
6572 65
6573 38
6574 0
6575 0
6576 0
6577 0
6578 1
6579 0
6580 0
6581 0
6582 1
6583 0
6584 47
6585 39
6586 60
6587 69
6588 76
6589 116
6590 98
6591 101
6592 85
6593 80
6594 70
6595 39
6596 2
6597 2
6598 0
6599 0
6600 0
6601 0
6602 0
6603 0
6604 0
6605 1
6606 0
6607 0
6608 127
6609 151
6610 119
6611 142
6612 144
6613 148
6614 159
6615 146
6616 141
6617 145
6618 118
6619 111
6620 76
6621 26
6622 0
6623 0
6624 0
6625 0
6626 0
6627 0
6628 0
6629 0
6630 1
6631 2
6632 140
6633 130
6634 176
6635 160
6636 141
6637 153
6638 139
6639 172
6640 134
6641 124
6642 130
6643 146
6644 113
6645 21
6646 0
6647 0
6648 0
6649 0
6650 0
6651 0
6652 0
6653 1
6654 0
6655 0
6656 133
6657 172
6658 189
6659 181
6660 164
6661 177
6662 171
6663 216
6664 177
6665 139
6666 145
6667 147
6668 125
6669 30
6670 0
6671 2
6672 0
6673 0
6674 0
6675 0
6676 0
6677 0
6678 1
6679 1
6680 107
6681 153
6682 174
6683 187
6684 179
6685 200
6686 203
6687 194
6688 189
6689 157
6690 150
6691 169
6692 140
6693 23
6694 2
6695 0
6696 0
6697 0
6698 0
6699 0
6700 0
6701 1
6702 1
6703 0
6704 111
6705 194
6706 226
6707 201
6708 184
6709 207
6710 202
6711 203
6712 189
6713 168
6714 192
6715 194
6716 169
6717 27
6718 1
6719 3
6720 0
6721 0
6722 0
6723 0
6724 0
6725 0
6726 0
6727 0
6728 69
6729 61
6730 91
6731 146
6732 157
6733 164
6734 153
6735 162
6736 113
6737 125
6738 173
6739 174
6740 132
6741 32
6742 0
6743 4
6744 1
6745 1
6746 0
6747 2
6748 1
6749 0
6750 0
6751 0
6752 66
6753 40
6754 80
6755 92
6756 97
6757 157
6758 143
6759 123
6760 94
6761 101
6762 81
6763 48
6764 2
6765 1
6766 1
6767 1
6768 0
6769 0
6770 0
6771 0
6772 0
6773 0
6774 0
6775 0
6776 118
6777 168
6778 200
6779 204
6780 189
6781 181
6782 184
6783 180
6784 181
6785 140
6786 158
6787 121
6788 74
6789 36
6790 0
6791 0
6792 0
6793 0
6794 0
6795 0
6796 0
6797 2
6798 0
6799 0
6800 109
6801 168
6802 230
6803 197
6804 200
6805 208
6806 193
6807 169
6808 177
6809 167
6810 163
6811 180
6812 102
6813 22
6814 0
6815 0
6816 0
6817 0
6818 0
6819 0
6820 0
6821 0
6822 0
6823 0
6824 120
6825 207
6826 229
6827 204
6828 186
6829 194
6830 181
6831 194
6832 189
6833 165
6834 165
6835 156
6836 115
6837 31
6838 0
6839 0
6840 1
6841 0
6842 0
6843 0
6844 0
6845 2
6846 0
6847 1
6848 161
6849 174
6850 199
6851 208
6852 191
6853 187
6854 191
6855 196
6856 183
6857 149
6858 172
6859 179
6860 146
6861 38
6862 0
6863 0
6864 0
6865 1
6866 2
6867 0
6868 0
6869 1
6870 0
6871 0
6872 129
6873 175
6874 200
6875 186
6876 221
6877 193
6878 174
6879 184
6880 215
6881 211
6882 165
6883 176
6884 129
6885 44
6886 2
6887 1
6888 1
6889 1
6890 0
6891 1
6892 0
6893 1
6894 0
6895 0
6896 85
6897 87
6898 111
6899 120
6900 145
6901 133
6902 168
6903 157
6904 137
6905 89
6906 85
6907 126
6908 134
6909 36
6910 0
6911 2
6912 3
6913 0
6914 0
6915 0
6916 0
6917 0
6918 0
6919 0
6920 54
6921 64
6922 100
6923 90
6924 145
6925 160
6926 142
6927 129
6928 109
6929 121
6930 84
6931 44
6932 0
6933 1
6934 0
6935 0
6936 0
6937 2
6938 0
6939 0
6940 0
6941 1
6942 0
6943 4
6944 149
6945 176
6946 182
6947 204
6948 169
6949 178
6950 190
6951 170
6952 189
6953 143
6954 133
6955 123
6956 104
6957 35
6958 0
6959 0
6960 0
6961 0
6962 1
6963 0
6964 0
6965 0
6966 1
6967 0
6968 147
6969 181
6970 238
6971 201
6972 194
6973 175
6974 209
6975 186
6976 184
6977 139
6978 144
6979 187
6980 127
6981 25
6982 0
6983 0
6984 0
6985 0
6986 0
6987 0
6988 0
6989 0
6990 1
6991 1
6992 137
6993 146
6994 229
6995 172
6996 227
6997 177
6998 163
6999 180
7000 161
7001 160
7002 152
7003 148
7004 115
7005 31
7006 0
7007 0
7008 0
7009 1
7010 0
7011 0
7012 0
7013 0
7014 1
7015 0
7016 122
7017 173
7018 218
7019 190
7020 187
7021 201
7022 162
7023 177
7024 191
7025 171
7026 132
7027 200
7028 115
7029 28
7030 0
7031 0
7032 0
7033 0
7034 0
7035 0
7036 0
7037 1
7038 0
7039 0
7040 110
7041 221
7042 228
7043 194
7044 203
7045 190
7046 207
7047 216
7048 180
7049 179
7050 231
7051 220
7052 154
7053 36
7054 1
7055 2
7056 0
7057 1
7058 1
7059 0
7060 2
7061 0
7062 1
7063 0
7064 80
7065 77
7066 97
7067 121
7068 136
7069 144
7070 150
7071 177
7072 138
7073 97
7074 83
7075 125
7076 183
7077 31
7078 0
7079 0
7080 2
7081 2
7082 0
7083 0
7084 0
7085 0
7086 0
7087 0
7088 59
7089 39
7090 83
7091 104
7092 127
7093 153
7094 153
7095 142
7096 106
7097 96
7098 99
7099 47
7100 1
7101 0
7102 0
7103 1
7104 0
7105 0
7106 0
7107 0
7108 0
7109 1
7110 1
7111 2
7112 145
7113 166
7114 198
7115 185
7116 150
7117 186
7118 191
7119 160
7120 164
7121 153
7122 174
7123 130
7124 97
7125 17
7126 1
7127 0
7128 0
7129 1
7130 1
7131 0
7132 0
7133 1
7134 0
7135 0
7136 155
7137 187
7138 185
7139 238
7140 197
7141 193
7142 191
7143 196
7144 185
7145 156
7146 156
7147 148
7148 127
7149 30
7150 0
7151 0
7152 0
7153 1
7154 0
7155 0
7156 0
7157 0
7158 0
7159 0
7160 152
7161 187
7162 235
7163 172
7164 203
7165 202
7166 168
7167 174
7168 160
7169 166
7170 155
7171 141
7172 126
7173 32
7174 0
7175 0
7176 0
7177 0
7178 0
7179 0
7180 0
7181 1
7182 0
7183 1
7184 149
7185 137
7186 209
7187 179
7188 208
7189 202
7190 193
7191 196
7192 158
7193 172
7194 192
7195 175
7196 104
7197 28
7198 0
7199 2
7200 0
7201 0
7202 1
7203 1
7204 0
7205 0
7206 0
7207 0
7208 130
7209 191
7210 214
7211 217
7212 206
7213 222
7214 209
7215 197
7216 225
7217 208
7218 191
7219 176
7220 184
7221 31
7222 4
7223 2
7224 0
7225 1
7226 1
7227 0
7228 0
7229 0
7230 0
7231 0
7232 53
7233 96
7234 101
7235 120
7236 140
7237 134
7238 147
7239 130
7240 118
7241 117
7242 93
7243 104
7244 121
7245 19
7246 0
7247 3
7248 0
7249 1
7250 0
7251 0
7252 0
7253 0
7254 0
7255 0
7256 46
7257 41
7258 80
7259 92
7260 134
7261 146
7262 143
7263 123
7264 116
7265 94
7266 85
7267 38
7268 0
7269 1
7270 0
7271 0
7272 0
7273 0
7274 0
7275 1
7276 0
7277 1
7278 0
7279 0
7280 108
7281 148
7282 130
7283 153
7284 173
7285 183
7286 169
7287 154
7288 146
7289 142
7290 142
7291 126
7292 113
7293 12
7294 1
7295 0
7296 0
7297 0
7298 0
7299 1
7300 0
7301 1
7302 0
7303 0
7304 55
7305 74
7306 65
7307 67
7308 85
7309 103
7310 114
7311 72
7312 67
7313 73
7314 96
7315 88
7316 101
7317 12
7318 0
7319 1
7320 0
7321 1
7322 0
7323 0
7324 0
7325 0
7326 0
7327 1
7328 125
7329 240
7330 252
7331 170
7332 179
7333 182
7334 178
7335 167
7336 187
7337 180
7338 170
7339 157
7340 112
7341 32
7342 0
7343 0
7344 0
7345 1
7346 0
7347 0
7348 0
7349 1
7350 2
7351 0
7352 135
7353 153
7354 191
7355 183
7356 213
7357 202
7358 175
7359 144
7360 190
7361 179
7362 151
7363 131
7364 111
7365 25
7366 0
7367 0
7368 0
7369 0
7370 0
7371 0
7372 0
7373 2
7374 0
7375 1
7376 135
7377 148
7378 198
7379 190
7380 198
7381 198
7382 198
7383 176
7384 196
7385 186
7386 189
7387 204
7388 146
7389 28
7390 1
7391 2
7392 0
7393 2
7394 0
7395 0
7396 0
7397 0
7398 1
7399 0
7400 68
7401 93
7402 94
7403 111
7404 111
7405 110
7406 135
7407 123
7408 107
7409 106
7410 94
7411 115
7412 125
7413 37
7414 4
7415 1
7416 2
7417 3
7418 1
7419 1
7420 0
7421 1
7422 0
7423 0
7424 92
7425 53
7426 73
7427 96
7428 91
7429 136
7430 124
7431 124
7432 97
7433 89
7434 77
7435 41
7436 1
7437 1
7438 1
7439 0
7440 1
7441 0
7442 0
7443 0
7444 0
7445 1
7446 0
7447 0
7448 124
7449 148
7450 210
7451 171
7452 195
7453 184
7454 183
7455 176
7456 167
7457 150
7458 138
7459 144
7460 100
7461 27
7462 0
7463 0
7464 0
7465 0
7466 0
7467 1
7468 0
7469 1
7470 0
7471 0
7472 125
7473 147
7474 259
7475 213
7476 202
7477 216
7478 215
7479 214
7480 164
7481 179
7482 136
7483 160
7484 130
7485 19
7486 0
7487 1
7488 0
7489 0
7490 0
7491 0
7492 0
7493 1
7494 1
7495 1
7496 144
7497 186
7498 263
7499 195
7500 193
7501 206
7502 175
7503 180
7504 198
7505 143
7506 209
7507 177
7508 98
7509 24
7510 1
7511 1
7512 0
7513 0
7514 0
7515 0
7516 0
7517 1
7518 2
7519 0
7520 144
7521 145
7522 212
7523 197
7524 192
7525 199
7526 208
7527 197
7528 192
7529 158
7530 178
7531 228
7532 113
7533 25
7534 1
7535 0
7536 0
7537 0
7538 0
7539 0
7540 0
7541 1
7542 0
7543 0
7544 127
7545 165
7546 239
7547 206
7548 196
7549 244
7550 202
7551 190
7552 205
7553 178
7554 162
7555 224
7556 161
7557 34
7558 1
7559 1
7560 1
7561 2
7562 0
7563 0
7564 0
7565 0
7566 0
7567 0
7568 83
7569 81
7570 119
7571 134
7572 107
7573 125
7574 155
7575 144
7576 147
7577 134
7578 101
7579 113
7580 130
7581 32
7582 3
7583 1
7584 5
7585 3
7586 0
7587 0
7588 1
7589 0
7590 0
7591 0
7592 74
7593 45
7594 123
7595 92
7596 125
7597 149
7598 123
7599 125
7600 93
7601 97
7602 96
7603 42
7604 0
7605 2
7606 0
7607 0
7608 0
7609 0
7610 0
7611 0
7612 0
7613 1
7614 0
7615 1
7616 133
7617 115
7618 201
7619 210
7620 204
7621 219
7622 184
7623 183
7624 174
7625 142
7626 126
7627 131
7628 82
7629 19
7630 2
7631 0
7632 0
7633 0
7634 0
7635 0
7636 0
7637 1
7638 0
7639 2
7640 129
7641 128
7642 181
7643 202
7644 196
7645 188
7646 204
7647 193
7648 209
7649 181
7650 141
7651 193
7652 150
7653 22
7654 1
7655 0
7656 0
7657 0
7658 0
7659 0
7660 0
7661 0
7662 0
7663 0
7664 121
7665 130
7666 182
7667 202
7668 187
7669 213
7670 182
7671 201
7672 238
7673 171
7674 148
7675 179
7676 136
7677 32
7678 2
7679 0
7680 0
7681 0
7682 0
7683 0
7684 0
7685 1
7686 1
7687 1
7688 110
7689 131
7690 183
7691 194
7692 189
7693 206
7694 222
7695 176
7696 179
7697 135
7698 153
7699 229
7700 119
7701 37
7702 0
7703 4
7704 0
7705 0
7706 0
7707 0
7708 0
7709 0
7710 0
7711 2
7712 113
7713 122
7714 179
7715 194
7716 205
7717 205
7718 208
7719 198
7720 239
7721 171
7722 182
7723 213
7724 148
7725 29
7726 3
7727 0
7728 2
7729 2
7730 2
7731 0
7732 1
7733 0
7734 0
7735 2
7736 100
7737 111
7738 126
7739 159
7740 152
7741 177
7742 166
7743 179
7744 136
7745 106
7746 115
7747 121
7748 122
7749 32
7750 0
7751 3
7752 4
7753 1
7754 0
7755 0
7756 0
7757 0
7758 0
7759 0
7760 50
7761 39
7762 91
7763 117
7764 138
7765 123
7766 124
7767 132
7768 131
7769 131
7770 79
7771 49
7772 0
7773 0
7774 0
7775 1
7776 1
7777 0
7778 0
7779 0
7780 0
7781 0
7782 1
7783 1
7784 111
7785 109
7786 204
7787 215
7788 182
7789 217
7790 192
7791 203
7792 195
7793 151
7794 129
7795 124
7796 124
7797 28
7798 0
7799 0
7800 1
7801 0
7802 0
7803 0
7804 0
7805 0
7806 0
7807 0
7808 111
7809 153
7810 223
7811 185
7812 207
7813 247
7814 204
7815 176
7816 191
7817 162
7818 213
7819 200
7820 154
7821 24
7822 1
7823 0
7824 1
7825 0
7826 1
7827 0
7828 0
7829 0
7830 0
7831 0
7832 117
7833 141
7834 231
7835 216
7836 249
7837 216
7838 204
7839 202
7840 200
7841 197
7842 171
7843 189
7844 179
7845 46
7846 0
7847 0
7848 2
7849 0
7850 0
7851 0
7852 0
7853 0
7854 1
7855 2
7856 129
7857 129
7858 184
7859 216
7860 231
7861 228
7862 196
7863 210
7864 207
7865 140
7866 149
7867 238
7868 135
7869 28
7870 2
7871 1
7872 1
7873 2
7874 0
7875 0
7876 0
7877 1
7878 0
7879 1
7880 116
7881 130
7882 205
7883 203
7884 233
7885 245
7886 254
7887 185
7888 197
7889 158
7890 131
7891 218
7892 159
7893 40
7894 2
7895 0
7896 1
7897 2
7898 1
7899 0
7900 0
7901 0
7902 0
7903 1
7904 73
7905 87
7906 124
7907 123
7908 156
7909 170
7910 180
7911 180
7912 176
7913 153
7914 122
7915 145
7916 118
7917 29
7918 2
7919 1
7920 1
7921 1
7922 0
7923 0
7924 0
7925 1
7926 0
7927 0
7928 66
7929 52
7930 90
7931 118
7932 144
7933 146
7934 131
7935 122
7936 108
7937 100
7938 94
7939 38
7940 1
7941 0
7942 0
7943 1
7944 0
7945 0
7946 0
7947 0
7948 0
7949 0
7950 0
7951 0
7952 114
7953 124
7954 184
7955 172
7956 226
7957 197
7958 195
7959 192
7960 199
7961 168
7962 127
7963 103
7964 83
7965 27
7966 0
7967 1
7968 0
7969 0
7970 0
7971 0
7972 0
7973 1
7974 0
7975 0
7976 102
7977 131
7978 222
7979 198
7980 241
7981 220
7982 232
7983 205
7984 185
7985 161
7986 164
7987 146
7988 148
7989 26
7990 0
7991 2
7992 0
7993 1
7994 0
7995 1
7996 0
7997 1
7998 1
7999 0
8000 110
8001 145
8002 181
8003 208
8004 205
8005 221
8006 226
8007 228
8008 179
8009 175
8010 148
8011 190
8012 166
8013 44
8014 0
8015 0
8016 0
8017 0
8018 0
8019 0
8020 0
8021 0
8022 0
8023 0
8024 130
8025 158
8026 228
8027 228
8028 207
8029 205
8030 201
8031 227
8032 214
8033 172
8034 127
8035 242
8036 136
8037 33
8038 1
8039 1
8040 1
8041 2
8042 0
8043 0
8044 0
8045 0
8046 0
8047 0
8048 119
8049 142
8050 179
8051 199
8052 230
8053 236
8054 182
8055 196
8056 181
8057 180
8058 173
8059 225
8060 135
8061 26
8062 1
8063 2
8064 1
8065 1
8066 0
8067 0
8068 0
8069 0
8070 0
8071 0
8072 94
8073 114
8074 118
8075 172
8076 152
8077 173
8078 209
8079 183
8080 123
8081 136
8082 130
8083 146
8084 134
8085 22
8086 0
8087 0
8088 1
8089 3
8090 0
8091 1
8092 0
8093 0
8094 0
8095 0
8096 78
8097 48
8098 89
8099 114
8100 151
8101 145
8102 128
8103 136
8104 130
8105 109
8106 105
8107 43
8108 0
8109 0
8110 1
8111 1
8112 0
8113 1
8114 1
8115 0
8116 0
8117 0
8118 0
8119 0
8120 118
8121 107
8122 190
8123 207
8124 196
8125 183
8126 206
8127 200
8128 168
8129 140
8130 127
8131 145
8132 146
8133 28
8134 0
8135 0
8136 0
8137 1
8138 0
8139 0
8140 0
8141 0
8142 1
8143 0
8144 130
8145 141
8146 193
8147 222
8148 206
8149 214
8150 192
8151 203
8152 190
8153 156
8154 138
8155 207
8156 124
8157 14
8158 0
8159 0
8160 0
8161 2
8162 0
8163 0
8164 0
8165 1
8166 0
8167 1
8168 118
8169 128
8170 249
8171 207
8172 223
8173 204
8174 219
8175 231
8176 184
8177 180
8178 164
8179 216
8180 135
8181 58
8182 0
8183 0
8184 1
8185 2
8186 0
8187 0
8188 0
8189 1
8190 0
8191 0
8192 115
8193 99
8194 168
8195 199
8196 206
8197 214
8198 190
8199 211
8200 176
8201 164
8202 171
8203 281
8204 110
8205 23
8206 0
8207 1
8208 0
8209 1
8210 0
8211 0
8212 1
8213 2
8214 0
8215 0
8216 126
8217 132
8218 201
8219 228
8220 216
8221 203
8222 238
8223 192
8224 204
8225 168
8226 173
8227 205
8228 125
8229 29
8230 5
8231 2
8232 0
8233 1
8234 1
8235 0
8236 0
8237 0
8238 0
8239 0
8240 83
8241 109
8242 128
8243 157
8244 169
8245 199
8246 192
8247 170
8248 138
8249 124
8250 118
8251 152
8252 144
8253 36
8254 1
8255 1
8256 1
8257 3
8258 0
8259 0
8260 0
8261 0
8262 0
8263 0
8264 69
8265 53
8266 76
8267 121
8268 138
8269 134
8270 110
8271 127
8272 141
8273 100
8274 103
8275 40
8276 1
8277 1
8278 0
8279 1
8280 0
8281 0
8282 1
8283 0
8284 0
8285 1
8286 0
8287 1
8288 119
8289 141
8290 194
8291 177
8292 187
8293 181
8294 221
8295 181
8296 187
8297 144
8298 125
8299 108
8300 75
8301 23
8302 1
8303 1
8304 0
8305 0
8306 0
8307 0
8308 0
8309 0
8310 0
8311 0
8312 100
8313 124
8314 183
8315 196
8316 203
8317 227
8318 233
8319 181
8320 174
8321 140
8322 165
8323 166
8324 122
8325 15
8326 1
8327 0
8328 0
8329 1
8330 0
8331 0
8332 0
8333 0
8334 0
8335 1
8336 108
8337 122
8338 180
8339 188
8340 165
8341 188
8342 165
8343 177
8344 162
8345 151
8346 166
8347 205
8348 133
8349 18
8350 0
8351 1
8352 1
8353 0
8354 0
8355 0
8356 1
8357 0
8358 0
8359 0
8360 89
8361 154
8362 180
8363 190
8364 220
8365 207
8366 198
8367 211
8368 195
8369 165
8370 124
8371 233
8372 139
8373 19
8374 2
8375 0
8376 0
8377 1
8378 0
8379 1
8380 0
8381 0
8382 0
8383 0
8384 119
8385 123
8386 177
8387 193
8388 193
8389 211
8390 172
8391 195
8392 171
8393 152
8394 182
8395 191
8396 145
8397 26
8398 0
8399 1
8400 1
8401 1
8402 0
8403 0
8404 1
8405 0
8406 0
8407 2
8408 97
8409 89
8410 117
8411 176
8412 162
8413 147
8414 143
8415 145
8416 144
8417 97
8418 130
8419 139
8420 154
8421 27
8422 1
8423 5
8424 2
8425 1
8426 1
8427 2
8428 0
8429 0
8430 0
8431 0
8432 60
8433 69
8434 113
8435 99
8436 146
8437 136
8438 131
8439 124
8440 123
8441 111
8442 91
8443 35
8444 2
8445 0
8446 0
8447 0
8448 0
8449 0
8450 0
8451 0
8452 0
8453 1
8454 0
8455 0
8456 101
8457 114
8458 179
8459 199
8460 181
8461 206
8462 208
8463 197
8464 234
8465 165
8466 133
8467 119
8468 96
8469 28
8470 1
8471 0
8472 0
8473 0
8474 0
8475 1
8476 1
8477 1
8478 2
8479 1
8480 85
8481 136
8482 195
8483 213
8484 197
8485 229
8486 205
8487 202
8488 184
8489 157
8490 142
8491 130
8492 147
8493 26
8494 1
8495 2
8496 1
8497 0
8498 0
8499 0
8500 0
8501 0
8502 1
8503 0
8504 94
8505 119
8506 182
8507 183
8508 255
8509 211
8510 176
8511 184
8512 202
8513 169
8514 154
8515 223
8516 146
8517 31
8518 0
8519 2
8520 1
8521 0
8522 0
8523 0
8524 0
8525 1
8526 1
8527 0
8528 117
8529 108
8530 182
8531 201
8532 223
8533 222
8534 170
8535 195
8536 203
8537 152
8538 161
8539 157
8540 134
8541 31
8542 1
8543 0
8544 2
8545 1
8546 0
8547 0
8548 1
8549 1
8550 1
8551 1
8552 147
8553 135
8554 175
8555 214
8556 250
8557 222
8558 212
8559 187
8560 161
8561 123
8562 107
8563 149
8564 130
8565 41
8566 3
8567 4
8568 0
8569 3
8570 1
8571 0
8572 0
8573 0
8574 0
8575 0
8576 157
8577 83
8578 71
8579 107
8580 137
8581 122
8582 133
8583 104
8584 101
8585 74
8586 89
8587 64
8588 92
8589 33
8590 3
8591 0
8592 2
8593 4
8594 0
8595 0
8596 1
8597 0
8598 1
8599 1
8600 54
8601 21
8602 42
8603 46
8604 46
8605 48
8606 40
8607 40
8608 26
8609 37
8610 58
8611 29
8612 1
8613 0
8614 1
8615 1
8616 2
8617 1
8618 0
8619 0
8620 0
8621 0
8622 1
8623 0
8624 93
8625 65
8626 99
8627 90
8628 89
8629 82
8630 87
8631 76
8632 94
8633 59
8634 66
8635 91
8636 102
8637 21
8638 0
8639 8
8640 1
8641 1
8642 1
8643 0
8644 0
8645 0
8646 0
8647 0
8648 62
8649 27
8650 58
8651 89
8652 135
8653 120
8654 95
8655 116
8656 90
8657 78
8658 58
8659 102
8660 94
8661 17
8662 2
8663 0
8664 1
8665 3
8666 0
8667 0
8668 0
8669 0
8670 0
8671 0
8672 80
8673 45
8674 94
8675 134
8676 172
8677 160
8678 158
8679 157
8680 128
8681 91
8682 87
8683 122
8684 106
8685 25
8686 0
8687 1
8688 0
8689 1
8690 0
8691 0
8692 0
8693 0
8694 0
8695 1
8696 74
8697 59
8698 70
8699 108
8700 172
8701 191
8702 169
8703 125
8704 143
8705 105
8706 105
8707 118
8708 88
8709 35
8710 2
8711 2
8712 1
8713 2
8714 0
8715 0
8716 1
8717 1
8718 0
8719 0
8720 57
8721 69
8722 86
8723 123
8724 178
8725 194
8726 144
8727 163
8728 130
8729 120
8730 95
8731 106
8732 103
8733 21
8734 1
8735 3
8736 0
8737 1
8738 1
8739 0
8740 0
8741 0
8742 0
8743 0
8744 52
8745 43
8746 67
8747 73
8748 102
8749 100
8750 91
8751 94
8752 98
8753 89
8754 71
8755 73
8756 89
8757 46
8758 1
8759 7
8760 7
