1 0.50
2 0.00
3 0.00
4 0.00
5 0.00
6 0.00
7 0.00
8 0.27
9 0.93
10 0.87
11 0.92
12 0.79
13 0.92
14 1.40
15 1.00
16 1.32
17 1.24
18 1.80
19 4.70
20 0.73
21 0.00
22 27.27
23 11.80
24 0.00
25 0.00
26 0.00
27 0.00
28 0.00
29 48.00
30 0.00
31 0.00
32 0.27
33 0.57
34 1.09
35 0.80
36 1.45
37 0.79
38 1.21
39 1.06
40 1.60
41 1.12
42 1.06
43 1.85
44 2.02
45 7.95
46 0.00
47 0.00
48 45.57
49 3.88
50 0.00
51 0.00
52 27.07
53 24.83
54 0.00
55 0.00
56 0.74
57 2.85
58 1.47
59 2.35
60 1.76
61 2.09
62 2.30
63 3.10
64 2.07
65 2.37
66 2.70
67 2.03
68 2.90
69 12.98
70 0.00
71 0.00
72 0.00
73 0.00
74 0.00
75 0.00
76 47.37
77 46.75
78 45.00
79 11.11
80 0.52
81 3.41
82 2.02
83 2.25
84 1.93
85 1.52
86 1.57
87 2.29
88 2.53
89 2.32
90 1.95
91 1.13
92 1.54
93 5.05
94 5.17
95 0.00
96 0.00
97 0.00
98 0.00
99 0.00
100 47.37
101 46.75
102 15.13
103 1.40
104 0.65
105 2.67
106 1.62
107 2.17
108 2.14
109 2.39
110 2.10
111 2.00
112 2.38
113 2.79
114 2.71
115 2.06
116 2.87
117 8.77
118 32.34
119 24.83
120 0.00
121 0.00
122 0.00
123 0.46
124 0.00
125 43.64
126 21.95
127 0.33
128 0.75
129 2.24
130 2.04
131 1.67
132 1.70
133 1.82
134 1.70
135 1.80
136 2.00
137 1.72
138 2.42
139 1.76
140 2.24
141 3.30
142 14.52
143 0.00
144 19.94
145 4.68
146 0.00
147 0.00
148 0.00
149 0.00
150 0.00
151 0.00
152 0.50
153 2.99
154 1.69
155 1.97
156 2.01
157 1.69
158 1.77
159 1.72
160 1.62
161 1.95
162 1.99
163 1.96
164 2.58
165 4.75
166 17.76
167 9.78
168 1.82
169 0.53
170 29.27
171 2.40
172 13.69
173 0.00
174 0.00
175 0.72
176 0.37
177 0.80
178 0.90
179 0.86
180 0.94
181 0.93
182 0.85
183 1.07
184 1.17
185 1.26
186 1.88
187 6.40
188 0.28
189 9.60
190 3.77
191 0.00
192 0.00
193 0.00
194 0.00
195 0.00
196 25.17
197 51.43
198 0.26
199 0.00
200 0.66
201 1.70
202 1.83
203 2.07
204 2.04
205 1.59
206 1.52
207 1.98
208 2.67
209 3.29
210 3.77
211 2.11
212 2.72
213 6.88
214 20.69
215 0.00
216 0.00
217 0.00
218 0.00
219 0.00
220 24.49
221 22.78
222 0.54
223 0.00
224 0.74
225 1.35
226 1.41
227 1.72
228 2.16
229 2.03
230 1.94
231 2.01
232 3.42
233 2.22
234 2.76
235 2.32
236 2.90
237 4.80
238 0.00
239 2.66
240 1.24
241 34.95
242 24.83
243 0.00
244 2.11
245 0.00
246 0.13
247 0.00
248 0.88
249 1.40
250 1.71
251 1.61
252 2.27
253 1.96
254 1.97
255 2.20
256 2.42
257 2.60
258 2.10
259 1.56
260 2.05
261 5.22
262 2.92
263 44.44
264 57.14
265 1.56
266 0.00
267 0.00
268 50.70
269 27.41
270 41.38
271 0.57
272 0.70
273 1.77
274 2.20
275 2.42
276 2.02
277 1.75
278 1.98
279 2.19
280 2.93
281 2.73
282 2.93
283 2.45
284 2.39
285 4.71
286 0.00
287 0.00
288 13.33
289 0.89
290 0.00
291 43.90
292 20.57
293 35.47
294 18.98
295 0.59
296 0.72
297 2.08
298 1.88
299 1.74
300 1.65
301 1.66
302 1.90
303 2.61
304 2.59
305 2.80
306 2.72
307 2.01
308 2.23
309 6.81
310 0.60
311 47.37
312 6.02
313 1.17
314 0.00
315 0.00
316 0.00
317 0.00
318 0.00
319 0.00
320 0.43
321 2.64
322 2.79
323 2.19
324 2.09
325 2.07
326 1.70
327 1.95
328 1.90
329 2.98
330 2.31
331 1.90
332 2.45
333 4.03
334 4.64
335 19.41
336 1.44
337 2.21
338 2.66
339 0.00
340 0.00
341 0.00
342 0.00
343 0.00
344 0.35
345 0.95
346 0.90
347 0.96
348 1.08
349 1.00
350 1.22
351 1.02
352 1.04
353 1.28
354 2.32
355 5.41
356 1.35
357 0.00
358 16.00
359 2.42
360 0.00
361 0.00
362 0.00
363 0.00
364 0.00
365 26.18
366 10.06
367 0.52
368 0.80
369 1.90
370 1.99
371 2.65
372 2.50
373 2.17
374 2.08
375 2.90
376 3.07
377 3.25
378 2.49
379 3.61
380 4.64
381 9.97
382 0.00
383 2.81
384 0.00
385 0.00
386 0.00
387 0.00
388 39.13
389 22.71
390 21.05
391 1.20
392 1.08
393 2.09
394 1.65
395 2.32
396 2.24
397 2.52
398 2.33
399 2.69
400 2.75
401 3.38
402 2.82
403 2.39
404 3.03
405 5.39
406 0.00
407 11.08
408 0.00
409 0.00
410 0.00
411 0.00
412 49.32
413 31.03
414 19.89
415 0.56
416 0.83
417 1.93
418 1.61
419 1.57
420 2.17
421 2.15
422 2.30
423 2.55
424 2.30
425 2.36
426 1.95
427 1.46
428 1.93
429 5.83
430 1.71
431 0.00
432 0.00
433 0.00
434 0.00
435 40.91
436 0.00
437 16.98
438 0.00
439 0.59
440 0.85
441 2.10
442 1.52
443 2.03
444 1.97
445 1.89
446 1.77
447 2.55
448 2.05
449 2.84
450 2.22
451 2.66
452 2.26
453 6.45
454 52.94
455 12.29
456 0.00
457 4.12
458 0.00
459 14.52
460 30.25
461 31.58
462 12.63
463 2.04
464 0.81
465 1.63
466 1.67
467 1.64
468 1.82
469 1.75
470 2.36
471 2.30
472 2.98
473 2.61
474 2.57
475 2.22
476 2.12
477 4.63
478 25.35
479 20.69
480 8.72
481 55.38
482 0.00
483 4.49
484 0.00
485 0.00
486 0.00
487 24.00
488 0.45
489 2.58
490 2.31
491 2.41
492 1.59
493 1.91
494 2.06
495 2.31
496 2.50
497 2.80
498 2.05
499 1.93
500 2.57
501 7.12
502 14.60
503 40.91
504 20.71
505 5.45
506 0.00
507 0.00
508 0.00
509 0.00
510 2.67
511 0.00
512 0.35
513 1.79
514 1.01
515 1.55
516 1.61
517 1.28
518 1.05
519 1.30
520 1.34
521 1.38
522 1.92
523 5.46
524 9.41
525 18.56
526 1.07
527 0.00
528 0.00
529 0.00
530 2.28
531 55.38
532 28.35
533 1.71
534 10.06
535 0.00
536 0.60
537 2.19
538 1.31
539 1.78
540 2.05
541 1.96
542 2.28
543 2.37
544 2.54
545 2.78
546 2.29
547 2.30
548 2.99
549 7.13
550 0.00
551 1.68
552 15.45
553 0.74
554 8.09
555 47.37
556 0.00
557 20.00
558 20.69
559 10.40
560 0.68
561 1.78
562 1.27
563 2.29
564 1.80
565 1.81
566 2.21
567 2.24
568 2.96
569 2.94
570 3.94
571 2.61
572 2.56
573 7.25
574 0.00
575 0.00
576 6.50
577 3.15
578 0.00
579 33.96
580 0.00
581 21.95
582 17.35
583 3.02
584 0.71
585 1.83
586 1.22
587 1.84
588 1.61
589 1.68
590 1.51
591 2.06
592 2.17
593 2.62
594 2.17
595 1.48
596 1.68
597 3.07
598 21.05
599 0.00
600 11.20
601 2.60
602 0.00
603 0.00
604 0.00
605 29.51
606 0.00
607 0.50
608 0.23
609 0.56
610 0.91
611 1.59
612 0.87
613 1.32
614 0.95
615 1.02
616 1.18
617 1.35
618 1.85
619 1.22
620 1.53
621 3.51
622 0.00
623 1.55
624 1.17
625 1.58
626 2.08
627 0.00
628 0.00
629 15.79
630 1.10
631 0.57
632 0.49
633 1.76
634 1.59
635 1.89
636 2.52
637 2.06
638 1.69
639 1.96
640 2.95
641 2.97
642 2.80
643 2.43
644 2.39
645 7.11
646 19.78
647 0.65
648 0.00
649 0.54
650 45.57
651 0.00
652 0.00
653 0.00
654 0.00
655 0.00
656 0.38
657 3.32
658 2.69
659 2.07
660 2.05
661 2.55
662 2.33
663 2.07
664 2.23
665 2.10
666 2.62
667 2.69
668 2.24
669 5.98
670 0.00
671 3.63
672 7.56
673 4.51
674 4.61
675 0.00
676 0.00
677 42.35
678 0.00
679 0.00
680 0.30
681 3.55
682 1.40
683 1.25
684 1.22
685 0.84
686 1.05
687 1.16
688 1.14
689 1.54
690 2.88
691 3.85
692 0.00
693 4.53
694 1.80
695 46.75
696 9.47
697 0.91
698 0.00
699 0.00
700 4.29
701 25.26
702 11.58
703 0.71
704 0.48
705 2.07
706 1.55
707 2.13
708 2.25
709 2.20
710 1.85
711 2.30
712 3.33
713 3.69
714 3.02
715 2.65
716 2.90
717 12.30
718 21.08
719 13.21
720 40.87
721 26.11
722 40.00
723 28.35
724 38.05
725 35.86
726 7.07
727 34.84
728 0.67
729 3.57
730 2.13
731 2.13
732 1.80
733 2.27
734 1.75
735 1.93
736 1.94
737 3.02
738 3.10
739 2.29
740 2.59
741 7.88
742 14.65
743 50.70
744 3.31
745 0.40
746 48.65
747 29.03
748 0.00
749 32.73
750 0.99
751 39.85
752 0.53
753 1.80
754 1.53
755 1.98
756 2.00
757 1.95
758 1.99
759 1.62
760 2.64
761 2.54
762 2.72
763 1.57
764 1.73
765 5.74
766 8.74
767 13.63
768 34.12
769 16.90
770 40.45
771 40.97
772 36.66
773 41.42
774 3.66
775 51.99
776 0.64
777 1.76
778 1.51
779 1.97
780 1.96
781 2.07
782 1.89
783 2.12
784 2.85
785 3.23
786 2.82
787 2.43
788 2.95
789 7.53
790 41.08
791 7.27
792 48.65
793 6.19
794 47.91
795 33.07
796 47.16
797 19.43
798 3.94
799 50.10
800 0.68
801 1.83
802 1.45
803 1.87
804 2.19
805 2.05
806 2.09
807 2.18
808 3.22
809 2.70
810 2.48
811 2.30
812 2.65
813 7.42
814 29.45
815 12.14
816 49.83
817 7.16
818 9.21
819 9.73
820 1.75
821 42.23
822 46.75
823 44.26
824 0.58
825 2.87
826 2.67
827 1.99
828 2.20
829 1.82
830 1.90
831 2.72
832 2.80
833 2.88
834 3.01
835 1.92
836 2.70
837 7.58
838 31.21
839 7.22
840 42.02
841 4.18
842 42.35
843 43.57
844 39.38
845 45.44
846 5.82
847 42.22
848 0.46
849 3.22
850 1.27
851 1.07
852 1.09
853 0.97
854 1.02
855 1.48
856 1.68
857 2.00
858 2.78
859 4.80
860 35.96
861 41.76
862 22.67
863 42.08
864 33.44
865 31.06
866 15.78
867 34.35
868 34.72
869 34.66
870 8.52
871 6.51
872 0.70
873 1.87
874 1.45
875 2.07
876 2.27
877 1.70
878 1.49
879 2.05
880 2.67
881 2.20
882 3.06
883 2.13
884 2.24
885 7.43
886 11.87
887 14.32
888 24.05
889 9.90
890 11.99
891 12.29
892 14.08
893 13.86
894 3.37
895 7.12
896 0.64
897 2.25
898 1.56
899 2.10
900 2.28
901 1.97
902 1.92
903 1.95
904 2.59
905 2.47
906 1.92
907 1.98
908 2.34
909 7.85
910 11.29
911 10.39
912 6.21
913 6.36
914 2.88
915 8.57
916 16.59
917 16.14
918 2.62
919 15.75
920 0.50
921 1.68
922 1.31
923 1.52
924 1.69
925 1.79
926 1.93
927 1.93
928 2.62
929 2.69
930 2.10
931 1.57
932 1.86
933 5.08
934 14.57
935 8.21
936 14.98
937 0.95
938 22.33
939 15.50
940 13.93
941 16.08
942 11.01
943 16.92
944 0.61
945 1.88
946 1.59
947 1.71
948 1.65
949 1.65
950 1.64
951 2.35
952 2.06
953 2.91
954 2.09
955 2.04
956 2.34
957 9.38
958 34.99
959 31.20
960 25.50
961 25.93
962 30.91
963 19.84
964 24.34
965 26.45
966 7.89
967 25.95
968 0.59
969 1.73
970 1.78
971 1.83
972 1.98
973 1.89
974 1.92
975 2.84
976 2.55
977 3.09
978 2.48
979 2.14
980 2.33
981 6.07
982 1.03
983 29.46
984 18.88
985 1.32
986 2.51
987 0.00
988 1.23
989 0.00
990 0.00
991 27.07
992 0.50
993 2.81
994 2.08
995 1.88
996 2.25
997 1.94
998 2.02
999 2.53
1000 2.08
1001 2.29
1002 2.44
1003 2.67
1004 2.58
1005 6.65
1006 6.13
1007 2.73
1008 9.38
1009 1.13
1010 46.75
1011 0.00
1012 9.14
1013 9.07
1014 0.00
1015 0.00
1016 0.35
1017 1.24
1018 0.99
1019 1.28
1020 1.28
1021 1.12
1022 1.26
1023 1.18
1024 1.46
1025 1.71
1026 2.68
1027 7.94
1028 2.22
1029 2.69
1030 3.98
1031 2.16
1032 52.94
1033 0.55
1034 0.00
1035 0.00
1036 13.79
1037 29.75
1038 0.49
1039 55.38
1040 0.50
1041 1.65
1042 1.73
1043 2.10
1044 2.03
1045 2.01
1046 2.00
1047 2.08
1048 2.40
1049 2.43
1050 2.24
1051 2.42
1052 2.59
1053 6.42
1054 36.18
1055 5.37
1056 0.00
1057 1.26
1058 0.00
1059 0.00
1060 0.00
1061 28.12
1062 0.52
1063 28.57
1064 0.47
1065 1.52
1066 1.83
1067 2.15
1068 2.03
1069 2.12
1070 2.24
1071 2.38
1072 2.94
1073 2.82
1074 2.99
1075 2.41
1076 2.08
1077 6.69
1078 3.57
1079 8.66
1080 4.00
1081 4.12
1082 0.00
1083 0.00
1084 0.00
1085 43.11
1086 6.23
1087 19.33
1088 0.64
1089 1.62
1090 1.91
1091 2.12
1092 2.26
1093 2.09
1094 2.06
1095 2.09
1096 2.54
1097 2.37
1098 2.46
1099 1.67
1100 1.71
1101 4.25
1102 0.00
1103 0.66
1104 0.00
1105 1.11
1106 0.00
1107 0.00
1108 28.57
1109 21.30
1110 16.98
1111 10.40
1112 0.52
1113 1.43
1114 1.76
1115 2.08
1116 2.04
1117 2.04
1118 1.99
1119 2.39
1120 3.57
1121 3.88
1122 2.99
1123 2.86
1124 2.47
1125 6.07
1126 13.64
1127 1.92
1128 59.02
1129 4.20
1130 0.00
1131 0.00
1132 47.37
1133 28.12
1134 0.55
1135 0.48
1136 0.50
1137 2.40
1138 1.79
1139 2.05
1140 1.98
1141 2.07
1142 1.92
1143 2.73
1144 2.59
1145 2.47
1146 2.32
1147 1.70
1148 2.06
1149 6.37
1150 0.90
1151 25.35
1152 3.48
1153 1.21
1154 0.00
1155 14.81
1156 0.00
1157 0.00
1158 0.00
1159 0.61
1160 0.52
1161 3.11
1162 2.06
1163 1.83
1164 1.81
1165 2.50
1166 2.22
1167 2.08
1168 2.50
1169 2.19
1170 2.24
1171 2.52
1172 2.61
1173 4.91
1174 20.07
1175 2.17
1176 0.00
1177 0.83
1178 8.98
1179 26.37
1180 0.00
1181 0.00
1182 0.00
1183 0.00
1184 0.32
1185 1.12
1186 0.92
1187 1.04
1188 1.04
1189 0.83
1190 1.14
1191 1.18
1192 1.27
1193 1.53
1194 2.40
1195 5.30
1196 22.43
1197 0.96
1198 0.00
1199 0.00
1200 4.91
1201 1.80
1202 0.00
1203 0.00
1204 48.00
1205 25.71
1206 0.00
1207 1.07
1208 0.54
1209 2.18
1210 1.77
1211 2.00
1212 2.13
1213 1.97
1214 1.73
1215 2.50
1216 2.38
1217 3.02
1218 2.19
1219 1.88
1220 2.40
1221 4.54
1222 15.06
1223 0.00
1224 27.91
1225 0.91
1226 0.00
1227 29.03
1228 0.00
1229 0.94
1230 18.46
1231 0.63
1232 0.51
1233 2.75
1234 1.53
1235 1.78
1236 2.18
1237 1.66
1238 1.75
1239 2.17
1240 2.60
1241 2.98
1242 2.23
1243 2.15
1244 1.80
1245 6.61
1246 7.76
1247 0.58
1248 0.00
1249 20.00
1250 0.00
1251 48.65
1252 15.86
1253 0.00
1254 1.13
1255 0.00
1256 0.50
1257 1.40
1258 1.60
1259 1.92
1260 1.62
1261 2.07
1262 1.83
1263 1.93
1264 2.64
1265 1.90
1266 1.68
1267 1.48
1268 1.74
1269 4.67
1270 1.26
1271 0.00
1272 1.50
1273 0.69
1274 0.00
1275 32.43
1276 0.00
1277 24.08
1278 0.00
1279 0.48
1280 0.49
1281 1.68
1282 1.46
1283 1.75
1284 1.87
1285 1.95
1286 1.78
1287 1.74
1288 2.26
1289 3.49
1290 2.31
1291 1.40
1292 2.39
1293 5.47
1294 57.14
1295 9.15
1296 2.01
1297 0.43
1298 0.00
1299 0.00
1300 51.43
1301 24.66
1302 0.98
1303 0.00
1304 0.43
1305 1.54
1306 1.47
1307 1.98
1308 1.69
1309 1.81
1310 1.73
1311 2.15
1312 2.47
1313 2.72
1314 2.09
1315 1.75
1316 2.06
1317 4.36
1318 0.00
1319 0.00
1320 3.00
1321 4.60
1322 4.82
1323 7.94
1324 32.73
1325 0.00
1326 0.00
1327 13.87
1328 0.35
1329 1.80
1330 1.80
1331 1.93
1332 1.74
1333 2.01
1334 2.09
1335 2.18
1336 2.55
1337 1.94
1338 2.26
1339 1.92
1340 1.84
1341 4.48
1342 0.45
1343 1.51
1344 0.00
1345 14.06
1346 2.62
1347 3.22
1348 0.00
1349 9.76
1350 0.00
1351 0.00
1352 0.29
1353 1.21
1354 1.14
1355 0.80
1356 0.89
1357 1.05
1358 1.18
1359 0.98
1360 1.19
1361 1.23
1362 2.46
1363 4.03
1364 0.63
1365 11.86
1366 0.00
1367 0.00
1368 0.00
1369 30.77
1370 0.00
1371 37.11
1372 19.20
1373 0.00
1374 47.37
1375 0.00
1376 0.49
1377 1.43
1378 1.32
1379 1.71
1380 1.77
1381 1.78
1382 1.72
1383 2.11
1384 1.92
1385 1.94
1386 2.19
1387 1.91
1388 2.60
1389 4.35
1390 27.91
1391 0.00
1392 0.00
1393 0.45
1394 0.00
1395 0.00
1396 0.00
1397 20.00
1398 0.00
1399 9.57
1400 0.46
1401 1.89
1402 1.09
1403 1.51
1404 1.40
1405 1.86
1406 1.35
1407 1.56
1408 2.05
1409 1.74
1410 1.75
1411 1.47
1412 2.00
1413 5.17
1414 2.06
1415 2.29
1416 0.00
1417 0.42
1418 0.00
1419 0.00
1420 0.00
1421 33.96
1422 0.00
1423 0.60
1424 0.55
1425 1.60
1426 1.38
1427 1.63
1428 1.58
1429 1.45
1430 1.54
1431 1.94
1432 2.12
1433 1.96
1434 1.68
1435 1.53
1436 2.40
1437 4.81
1438 5.19
1439 1.66
1440 0.00
1441 1.96
1442 0.00
1443 0.00
1444 51.43
1445 13.90
1446 0.00
1447 10.39
1448 0.64
1449 2.03
1450 1.34
1451 1.84
1452 1.70
1453 1.91
1454 1.75
1455 1.91
1456 2.34
1457 2.24
1458 2.08
1459 1.55
1460 1.80
1461 3.47
1462 16.82
1463 2.76
1464 0.00
1465 0.67
1466 28.12
1467 0.00
1468 0.00
1469 6.27
1470 0.00
1471 3.28
1472 0.42
1473 2.74
1474 1.84
1475 1.80
1476 1.75
1477 2.35
1478 2.04
1479 1.94
1480 2.19
1481 1.54
1482 2.58
1483 2.31
1484 2.25
1485 5.71
1486 0.00
1487 4.72
1488 21.05
1489 10.23
1490 0.00
1491 25.53
1492 0.00
1493 0.00
1494 0.00
1495 0.00
1496 0.33
1497 1.00
1498 0.87
1499 0.82
1500 0.95
1501 0.99
1502 0.92
1503 0.96
1504 1.21
1505 1.26
1506 1.82
1507 5.61
1508 1.01
1509 0.40
1510 0.00
1511 0.00
1512 0.00
1513 0.81
1514 0.26
1515 0.00
1516 0.00
1517 21.43
1518 40.45
1519 0.53
1520 0.47
1521 1.62
1522 1.39
1523 1.43
1524 1.58
1525 1.66
1526 1.59
1527 1.87
1528 1.88
1529 2.12
1530 1.98
1531 1.64
1532 2.46
1533 8.94
1534 15.25
1535 48.98
1536 0.00
1537 0.04
1538 0.00
1539 0.00
1540 6.00
1541 25.17
1542 52.94
1543 10.64
1544 0.73
1545 1.04
1546 0.92
1547 1.31
1548 1.94
1549 1.56
1550 1.47
1551 1.69
1552 1.89
1553 2.13
1554 2.05
1555 1.52
1556 2.10
1557 4.68
1558 1.34
1559 1.92
1560 14.46
1561 0.08
1562 0.00
1563 0.00
1564 39.13
1565 11.29
1566 0.00
1567 0.00
1568 0.52
1569 1.80
1570 1.23
1571 1.65
1572 1.69
1573 1.43
1574 1.81
1575 1.94
1576 2.33
1577 2.11
1578 1.78
1579 1.68
1580 2.17
1581 4.55
1582 1.42
1583 0.00
1584 45.00
1585 0.07
1586 0.00
1587 9.60
1588 56.25
1589 21.69
1590 21.49
1591 0.00
1592 0.59
1593 1.17
1594 1.33
1595 1.46
1596 1.52
1597 1.89
1598 1.61
1599 1.88
1600 1.73
1601 1.81
1602 1.40
1603 1.75
1604 2.17
1605 4.29
1606 5.44
1607 0.00
1608 0.00
1609 0.04
1610 0.00
1611 28.02
1612 0.00
1613 28.12
1614 3.72
1615 10.98
1616 0.59
1617 1.26
1618 1.31
1619 1.45
1620 1.58
1621 1.59
1622 1.51
1623 2.14
1624 2.38
1625 2.26
1626 2.19
1627 2.01
1628 2.23
1629 4.29
1630 19.96
1631 6.74
1632 13.90
1633 0.12
1634 3.12
1635 0.00
1636 0.40
1637 0.00
1638 0.00
1639 0.00
1640 0.30
1641 2.12
1642 1.47
1643 1.91
1644 1.50
1645 1.39
1646 1.51
1647 1.63
1648 1.42
1649 1.77
1650 2.35
1651 1.95
1652 2.30
1653 5.27
1654 3.26
1655 42.86
1656 8.42
1657 0.12
1658 0.00
1659 0.00
1660 0.00
1661 0.00
1662 0.00
1663 0.00
1664 0.33
1665 2.22
1666 0.92
1667 1.24
1668 1.14
1669 0.93
1670 0.86
1671 1.05
1672 1.03
1673 1.24
1674 1.78
1675 4.30
1676 17.35
1677 3.97
1678 3.29
1679 0.00
1680 13.43
1681 0.04
1682 1.25
1683 4.45
1684 0.00
1685 0.00
1686 0.00
1687 39.13
1688 0.24
1689 0.33
1690 0.36
1691 0.74
1692 0.80
1693 0.68
1694 0.68
1695 0.98
1696 1.37
1697 1.04
1698 1.18
1699 1.32
1700 2.10
1701 4.07
1702 53.73
1703 0.70
1704 0.00
1705 0.12
1706 0.00
1707 0.00
1708 0.00
1709 21.30
1710 8.07
1711 14.85
1712 0.56
1713 1.14
1714 1.09
1715 1.73
1716 1.74
1717 1.61
1718 2.03
1719 1.96
1720 2.01
1721 1.85
1722 2.15
1723 1.96
1724 1.88
1725 6.25
1726 0.00
1727 0.00
1728 20.81
1729 0.04
1730 0.00
1731 0.00
1732 45.00
1733 18.27
1734 0.00
1735 4.85
1736 0.54
1737 1.59
1738 1.17
1739 1.31
1740 2.00
1741 1.66
1742 1.61
1743 1.66
1744 2.01
1745 2.20
1746 1.80
1747 1.95
1748 2.36
1749 6.68
1750 0.00
1751 11.54
1752 0.00
1753 0.08
1754 0.00
1755 0.00
1756 51.43
1757 24.00
1758 19.57
1759 0.00
1760 0.59
1761 1.32
1762 1.36
1763 1.32
1764 1.60
1765 1.35
1766 1.32
1767 1.78
1768 1.86
1769 1.82
1770 1.91
1771 1.87
1772 2.01
1773 8.02
1774 11.30
1775 10.56
1776 0.00
1777 0.11
1778 0.00
1779 0.00
1780 0.00
1781 18.18
1782 38.30
1783 0.38
1784 0.46
1785 1.71
1786 1.42
1787 1.73
1788 1.84
1789 1.57
1790 1.79
1791 1.89
1792 2.27
1793 2.18
1794 1.82
1795 2.07
1796 2.18
1797 5.37
1798 0.40
1799 7.76
1800 2.32
1801 0.20
1802 11.86
1803 0.00
1804 0.00
1805 0.00
1806 0.00
1807 0.00
1808 0.36
1809 2.67
1810 1.92
1811 1.44
1812 1.90
1813 1.70
1814 1.74
1815 1.54
1816 1.56
1817 1.94
1818 1.82
1819 1.82
1820 1.92
1821 5.26
1822 30.25
1823 1.81
1824 4.05
1825 0.10
1826 5.91
1827 0.00
1828 0.00
1829 0.00
1830 0.00
1831 0.00
1832 0.25
1833 1.00
1834 0.91
1835 0.93
1836 0.89
1837 0.96
1838 1.02
1839 0.93
1840 0.99
1841 1.26
1842 1.76
1843 5.09
1844 1.57
1845 3.76
1846 1.71
1847 0.00
1848 49.32
1849 0.11
1850 0.00
1851 0.00
1852 0.00
1853 22.22
1854 13.85
1855 13.09
1856 0.51
1857 1.24
1858 1.49
1859 1.88
1860 2.11
1861 1.65
1862 1.96
1863 1.96
1864 2.22
1865 2.56
1866 2.52
1867 1.99
1868 2.60
1869 3.84
1870 0.00
1871 0.00
1872 8.49
1873 0.04
1874 0.00
1875 53.73
1876 31.86
1877 22.09
1878 22.22
1879 0.00
1880 0.56
1881 2.01
1882 1.35
1883 1.78
1884 1.71
1885 1.57
1886 1.80
1887 2.06
1888 2.01
1889 1.91
1890 1.40
1891 1.51
1892 1.75
1893 4.23
1894 9.30
1895 0.00
1896 0.00
1897 0.04
1898 0.00
1899 0.00
1900 38.30
1901 33.64
1902 20.34
1903 13.35
1904 0.60
1905 2.23
1906 1.27
1907 1.58
1908 1.49
1909 1.57
1910 1.58
1911 1.82
1912 1.80
1913 2.00
1914 2.26
1915 1.60
1916 2.17
1917 4.27
1918 7.94
1919 9.11
1920 0.00
1921 0.04
1922 0.00
1923 37.11
1924 0.00
1925 22.22
1926 5.35
1927 1.24
1928 0.43
1929 1.49
1930 1.44
1931 1.56
1932 1.96
1933 1.67
1934 1.57
1935 2.06
1936 2.48
1937 2.44
1938 2.22
1939 1.90
1940 2.34
1941 4.70
1942 0.72
1943 0.00
1944 33.64
1945 0.08
1946 0.00
1947 0.00
1948 0.00
1949 27.59
1950 7.69
1951 26.87
1952 0.55
1953 1.57
1954 1.85
1955 1.40
1956 1.74
1957 1.37
1958 1.80
1959 2.34
1960 2.82
1961 3.54
1962 2.04
1963 2.26
1964 1.83
1965 5.89
1966 1.06
1967 3.30
1968 9.33
1969 0.08
1970 0.00
1971 0.00
1972 43.37
1973 0.00
1974 0.00
1975 0.96
1976 0.42
1977 2.11
1978 2.06
1979 1.62
1980 1.77
1981 2.05
1982 1.71
1983 2.30
1984 1.87
1985 2.32
1986 2.71
1987 1.91
1988 1.83
1989 4.10
1990 1.51
1991 1.66
1992 12.24
1993 0.12
1994 0.00
1995 1.02
1996 0.00
1997 30.00
1998 1.00
1999 0.00
2000 0.30
2001 0.99
2002 0.98
2003 0.95
2004 0.99
2005 0.86
2006 0.91
2007 0.87
2008 0.93
2009 1.14
2010 1.70
2011 4.45
2012 0.00
2013 26.67
2014 0.00
2015 31.86
2016 0.00
2017 0.08
2018 0.00
2019 0.00
2020 13.04
2021 11.21
2022 27.27
2023 0.00
2024 0.47
2025 2.46
2026 1.34
2027 1.23
2028 1.70
2029 1.65
2030 1.40
2031 1.79
2032 1.96
2033 1.97
2034 2.82
2035 1.89
2036 2.30
2037 8.53
2038 0.00
2039 3.35
2040 0.00
2041 0.04
2042 0.00
2043 0.00
2044 7.76
2045 1.67
2046 0.00
2047 11.32
2048 0.53
2049 2.03
2050 1.44
2051 2.26
2052 1.59
2053 1.66
2054 1.47
2055 2.06
2056 1.73
2057 1.76
2058 1.83
2059 1.93
2060 2.20
2061 8.03
2062 11.27
2063 0.00
2064 2.74
2065 0.08
2066 0.00
2067 24.00
2068 7.03
2069 1.79
2070 5.31
2071 19.89
2072 0.41
2073 1.80
2074 1.30
2075 1.83
2076 1.63
2077 1.73
2078 2.03
2079 1.92
2080 2.88
2081 1.73
2082 1.84
2083 1.75
2084 2.21
2085 7.39
2086 2.27
2087 0.00
2088 0.00
2089 6.96
2090 0.00
2091 0.00
2092 17.76
2093 1.59
2094 34.95
2095 10.60
2096 0.53
2097 2.17
2098 1.41
2099 1.76
2100 1.99
2101 1.69
2102 1.71
2103 2.29
2104 2.53
2105 2.20
2106 1.96
2107 2.13
2108 2.17
2109 4.12
2110 0.00
2111 0.58
2112 15.58
2113 1.76
2114 54.55
2115 0.00
2116 0.00
2117 1.33
2118 0.00
2119 17.27
2120 0.45
2121 2.53
2122 2.21
2123 1.55
2124 1.58
2125 1.95
2126 2.24
2127 1.95
2128 2.28
2129 2.74
2130 1.83
2131 1.99
2132 1.79
2133 2.86
2134 1.01
2135 0.00
2136 0.00
2137 5.53
2138 0.00
2139 0.00
2140 0.00
2141 0.00
2142 2.02
2143 2.89
2144 0.49
2145 2.54
2146 1.89
2147 1.96
2148 2.11
2149 1.55
2150 1.96
2151 2.50
2152 1.56
2153 2.31
2154 2.21
2155 1.68
2156 1.69
2157 3.31
2158 5.94
2159 1.22
2160 17.56
2161 0.94
2162 0.00
2163 33.03
2164 0.00
2165 12.16
2166 0.00
2167 0.00
2168 0.34
2169 0.96
2170 0.94
2171 0.97
2172 0.96
2173 1.00
2174 1.02
2175 1.05
2176 1.08
2177 1.14
2178 2.04
2179 5.43
2180 2.48
2181 2.72
2182 4.01
2183 0.00
2184 0.00
2185 0.00
2186 0.00
2187 0.00
2188 0.00
2189 33.64
2190 4.03
2191 3.99
2192 0.70
2193 1.62
2194 1.35
2195 1.86
2196 1.68
2197 1.80
2198 1.60
2199 2.01
2200 2.41
2201 2.10
2202 1.87
2203 1.86
2204 1.76
2205 5.55
2206 56.25
2207 47.37
2208 15.25
2209 6.42
2210 11.32
2211 0.00
2212 0.00
2213 23.53
2214 0.00
2215 20.34
2216 0.64
2217 1.90
2218 1.60
2219 1.88
2220 1.97
2221 1.49
2222 1.63
2223 2.14
2224 2.35
2225 2.03
2226 1.28
2227 1.61
2228 2.03
2229 7.57
2230 4.39
2231 34.95
2232 0.00
2233 0.00
2234 0.00
2235 0.00
2236 24.16
2237 3.06
2238 9.35
2239 9.36
2240 0.57
2241 1.24
2242 1.08
2243 1.32
2244 1.45
2245 1.46
2246 1.51
2247 1.71
2248 2.08
2249 2.50
2250 1.88
2251 1.61
2252 1.93
2253 2.40
2254 0.00
2255 0.00
2256 0.00
2257 1.13
2258 0.22
2259 0.00
2260 0.00
2261 52.94
2262 0.00
2263 11.60
2264 0.32
2265 2.13
2266 1.33
2267 1.63
2268 1.69
2269 1.54
2270 2.11
2271 2.16
2272 2.31
2273 2.40
2274 2.31
2275 1.67
2276 2.17
2277 3.34
2278 15.06
2279 8.00
2280 5.09
2281 0.81
2282 12.50
2283 0.00
2284 14.40
2285 0.00
2286 0.00
2287 0.00
2288 0.21
2289 1.47
2290 0.53
2291 0.95
2292 0.92
2293 0.89
2294 0.63
2295 0.78
2296 0.64
2297 1.13
2298 1.10
2299 1.23
2300 1.40
2301 3.92
2302 0.00
2303 0.00
2304 1.98
2305 0.00
2306 32.43
2307 0.00
2308 0.00
2309 0.00
2310 0.00
2311 0.00
2312 0.25
2313 1.30
2314 1.64
2315 1.34
2316 1.64
2317 1.01
2318 1.49
2319 1.16
2320 1.24
2321 1.39
2322 1.90
2323 1.37
2324 1.71
2325 3.78
2326 6.25
2327 6.56
2328 32.43
2329 1.40
2330 0.00
2331 45.57
2332 54.55
2333 0.00
2334 0.00
2335 0.00
2336 0.29
2337 0.94
2338 0.78
2339 0.88
2340 1.04
2341 0.72
2342 0.90
2343 0.95
2344 1.21
2345 1.00
2346 1.47
2347 3.79
2348 12.81
2349 0.00
2350 10.22
2351 4.24
2352 24.66
2353 4.61
2354 45.57
2355 0.00
2356 0.00
2357 48.00
2358 0.00
2359 0.00
2360 0.29
2361 0.70
2362 0.81
2363 0.59
2364 0.81
2365 0.71
2366 0.78
2367 0.90
2368 0.80
2369 0.93
2370 1.56
2371 1.37
2372 1.67
2373 5.30
2374 2.96
2375 0.59
2376 0.00
2377 1.47
2378 0.00
2379 0.00
2380 0.00
2381 23.38
2382 0.00
2383 52.17
2384 0.79
2385 1.99
2386 1.26
2387 2.32
2388 1.83
2389 1.98
2390 1.52
2391 1.80
2392 2.21
2393 2.46
2394 1.80
2395 1.78
2396 2.17
2397 4.88
2398 0.00
2399 1.61
2400 11.39
2401 8.32
2402 0.00
2403 0.00
2404 11.39
2405 46.75
2406 0.00
2407 0.00
2408 0.83
2409 1.56
2410 1.64
2411 2.02
2412 1.92
2413 1.49
2414 1.42
2415 1.72
2416 2.51
2417 2.24
2418 2.44
2419 1.99
2420 1.83
2421 5.19
2422 9.21
2423 30.77
2424 5.46
2425 31.03
2426 0.00
2427 0.00
2428 55.38
2429 33.80
2430 20.99
2431 6.10
2432 0.67
2433 0.81
2434 1.19
2435 1.44
2436 1.27
2437 1.78
2438 1.80
2439 1.95
2440 1.81
2441 1.69
2442 1.74
2443 1.47
2444 1.73
2445 5.15
2446 2.16
2447 1.26
2448 17.68
2449 3.90
2450 0.49
2451 0.00
2452 0.00
2453 2.71
2454 4.65
2455 27.02
2456 0.73
2457 1.82
2458 2.10
2459 1.72
2460 1.41
2461 1.47
2462 1.63
2463 2.27
2464 2.22
2465 1.89
2466 1.76
2467 1.53
2468 1.81
2469 4.25
2470 2.13
2471 1.39
2472 9.55
2473 2.23
2474 0.00
2475 5.92
2476 48.00
2477 0.59
2478 0.00
2479 0.00
2480 0.54
2481 3.21
2482 1.37
2483 1.26
2484 1.89
2485 1.73
2486 1.33
2487 1.56
2488 1.75
2489 1.76
2490 1.81
2491 1.38
2492 1.75
2493 2.48
2494 4.10
2495 38.71
2496 33.03
2497 0.96
2498 0.00
2499 0.00
2500 0.00
2501 0.00
2502 0.00
2503 0.00
2504 0.61
2505 1.67
2506 0.96
2507 1.03
2508 0.92
2509 0.77
2510 0.82
2511 0.90
2512 0.97
2513 1.03
2514 1.64
2515 4.10
2516 5.88
2517 4.53
2518 0.00
2519 0.00
2520 73.47
2521 18.65
2522 0.00
2523 1.49
2524 0.00
2525 23.00
2526 0.00
2527 7.55
2528 0.87
2529 1.32
2530 1.55
2531 1.46
2532 1.91
2533 1.56
2534 1.85
2535 2.00
2536 2.09
2537 2.88
2538 2.22
2539 2.12
2540 1.96
2541 4.61
2542 20.75
2543 0.00
2544 58.06
2545 10.29
2546 0.00
2547 0.00
2548 0.00
2549 32.29
2550 36.18
2551 13.86
2552 0.64
2553 0.82
2554 1.70
2555 1.32
2556 1.39
2557 1.73
2558 1.65
2559 1.59
2560 2.22
2561 1.70
2562 1.27
2563 1.31
2564 1.60
2565 8.71
2566 11.96
2567 6.16
2568 5.20
2569 3.38
2570 53.73
2571 16.86
2572 0.00
2573 13.86
2574 5.08
2575 7.64
2576 0.49
2577 1.56
2578 1.83
2579 1.69
2580 1.59
2581 1.50
2582 1.38
2583 1.95
2584 2.26
2585 2.05
2586 1.75
2587 1.84
2588 1.93
2589 4.96
2590 1.00
2591 0.00
2592 0.00
2593 0.00
2594 0.00
2595 0.00
2596 0.00
2597 29.63
2598 0.00
2599 1.23
2600 0.50
2601 1.38
2602 1.45
2603 1.47
2604 1.90
2605 1.65
2606 1.62
2607 2.07
2608 2.79
2609 2.49
2610 2.04
2611 2.16
2612 1.91
2613 5.22
2614 18.85
2615 3.59
2616 19.41
2617 4.71
2618 0.00
2619 0.00
2620 22.64
2621 31.03
2622 58.06
2623 7.20
2624 0.65
2625 1.53
2626 1.78
2627 1.75
2628 1.95
2629 1.39
2630 1.44
2631 2.25
2632 2.01
2633 2.32
2634 1.66
2635 1.58
2636 1.81
2637 3.95
2638 0.00
2639 3.47
2640 5.07
2641 1.62
2642 0.00
2643 0.00
2644 52.17
2645 0.00
2646 40.91
2647 0.00
2648 0.58
2649 1.56
2650 1.47
2651 1.39
2652 1.38
2653 1.75
2654 1.90
2655 1.57
2656 1.76
2657 2.50
2658 2.60
2659 1.37
2660 1.48
2661 4.79
2662 2.43
2663 2.77
2664 0.00
2665 0.92
2666 0.00
2667 0.00
2668 0.00
2669 0.29
2670 0.00
2671 0.00
2672 0.43
2673 1.65
2674 0.84
2675 0.85
2676 0.83
2677 0.82
2678 0.86
2679 1.01
2680 1.41
2681 1.29
2682 1.95
2683 4.84
2684 1.08
2685 12.31
2686 0.00
2687 0.00
2688 0.00
2689 0.00
2690 0.00
2691 0.00
2692 6.60
2693 25.17
2694 0.52
2695 0.16
2696 0.95
2697 2.18
2698 1.48
2699 1.62
2700 1.45
2701 1.82
2702 1.50
2703 2.13
2704 2.27
2705 2.20
2706 2.29
2707 1.71
2708 1.71
2709 4.38
2710 0.00
2711 0.00
2712 0.00
2713 6.88
2714 0.00
2715 0.00
2716 35.64
2717 1.41
2718 0.00
2719 2.43
2720 0.57
2721 2.06
2722 0.95
2723 1.13
2724 1.56
2725 1.33
2726 1.54
2727 1.52
2728 1.80
2729 2.58
2730 1.62
2731 1.69
2732 2.09
2733 4.90
2734 42.35
2735 7.61
2736 6.49
2737 0.66
2738 3.99
2739 0.00
2740 0.00
2741 50.00
2742 0.00
2743 0.00
2744 0.20
2745 0.44
2746 0.42
2747 0.92
2748 0.71
2749 0.64
2750 0.52
2751 0.64
2752 0.96
2753 0.72
2754 1.02
2755 1.10
2756 1.35
2757 4.73
2758 49.32
2759 0.00
2760 0.00
2761 0.00
2762 0.00
2763 0.00
2764 25.71
2765 23.08
2766 2.56
2767 5.49
2768 0.50
2769 1.57
2770 1.22
2771 1.92
2772 1.88
2773 1.63
2774 1.54
2775 2.09
2776 2.00
2777 2.07
2778 1.53
2779 1.68
2780 2.49
2781 3.71
2782 0.73
2783 0.00
2784 5.10
2785 1.08
2786 2.81
2787 5.66
2788 27.69
2789 3.75
2790 50.94
2791 20.48
2792 1.06
2793 1.59
2794 1.56
2795 1.48
2796 1.42
2797 1.57
2798 1.53
2799 2.35
2800 2.05
2801 1.95
2802 1.49
2803 1.57
2804 1.60
2805 3.55
2806 0.99
2807 11.59
2808 21.86
2809 0.90
2810 0.00
2811 42.86
2812 0.00
2813 0.00
2814 0.00
2815 40.00
2816 0.74
2817 1.62
2818 1.47
2819 1.64
2820 1.66
2821 1.63
2822 1.77
2823 1.63
2824 1.42
2825 2.02
2826 2.36
2827 1.69
2828 1.85
2829 3.26
2830 0.00
2831 2.58
2832 12.68
2833 5.91
2834 27.07
2835 25.53
2836 0.43
2837 0.00
2838 0.00
2839 0.00
2840 0.44
2841 0.98
2842 0.79
2843 0.93
2844 0.87
2845 0.80
2846 0.88
2847 0.87
2848 0.97
2849 1.06
2850 1.89
2851 3.02
2852 0.00
2853 21.69
2854 0.00
2855 0.00
2856 0.00
2857 13.26
2858 0.00
2859 0.00
2860 22.50
2861 1.16
2862 1.97
2863 6.06
2864 1.16
2865 1.73
2866 1.54
2867 2.13
2868 1.98
2869 1.75
2870 1.80
2871 2.40
2872 1.92
2873 2.17
2874 2.20
2875 1.97
2876 2.26
2877 3.21
2878 0.00
2879 48.00
2880 0.00
2881 4.66
2882 7.86
2883 24.16
2884 30.00
2885 10.75
2886 20.00
2887 11.84
2888 0.82
2889 2.41
2890 1.21
2891 1.54
2892 1.71
2893 1.74
2894 1.62
2895 1.51
2896 2.78
2897 2.15
2898 1.86
2899 1.69
2900 1.74
2901 4.27
2902 40.00
2903 0.00
2904 0.00
2905 15.32
2906 0.00
2907 0.00
2908 26.47
2909 1.54
2910 6.84
2911 1.79
2912 0.94
2913 1.99
2914 1.51
2915 1.78
2916 1.49
2917 1.35
2918 1.47
2919 1.74
2920 2.91
2921 2.15
2922 1.85
2923 1.96
2924 2.20
2925 4.77
2926 0.00
2927 6.42
2928 30.77
2929 0.00
2930 0.00
2931 0.00
2932 42.35
2933 20.93
2934 3.39
2935 13.27
2936 0.96
2937 1.66
2938 1.01
2939 1.58
2940 1.74
2941 1.48
2942 1.85
2943 1.85
2944 2.61
2945 2.30
2946 1.64
2947 1.40
2948 2.16
2949 4.75
2950 7.16
2951 7.47
2952 31.30
2953 4.22
2954 0.00
2955 0.00
2956 54.55
2957 2.97
2958 0.00
2959 10.15
2960 0.67
2961 1.35
2962 1.76
2963 1.64
2964 1.69
2965 1.48
2966 1.58
2967 2.10
2968 2.03
2969 2.16
2970 1.63
2971 1.56
2972 1.74
2973 2.96
2974 0.00
2975 2.66
2976 5.01
2977 1.37
2978 13.48
2979 0.28
2980 0.00
2981 0.00
2982 0.00
2983 0.00
2984 0.55
2985 1.82
2986 1.62
2987 1.58
2988 1.60
2989 1.86
2990 1.67
2991 1.77
2992 1.73
2993 2.17
2994 2.19
2995 1.96
2996 2.17
2997 4.91
2998 1.47
2999 5.08
3000 3.47
3001 0.50
3002 0.00
3003 1.02
3004 0.00
3005 6.27
3006 0.00
3007 0.00
3008 0.47
3009 0.88
3010 0.79
3011 0.93
3012 0.91
3013 0.99
3014 0.99
3015 0.92
3016 1.00
3017 1.19
3018 1.47
3019 2.62
3020 0.89
3021 7.78
3022 0.00
3023 0.00
3024 0.00
3025 0.00
3026 21.95
3027 0.00
3028 11.15
3029 25.00
3030 0.00
3031 11.61
3032 0.71
3033 1.77
3034 1.69
3035 1.93
3036 1.89
3037 1.67
3038 1.84
3039 1.89
3040 2.01
3041 2.13
3042 2.13
3043 1.84
3044 2.14
3045 8.29
3046 0.65
3047 0.00
3048 0.00
3049 0.00
3050 0.00
3051 0.00
3052 9.86
3053 0.00
3054 0.00
3055 7.78
3056 0.70
3057 1.97
3058 1.38
3059 1.75
3060 1.76
3061 1.34
3062 1.63
3063 1.90
3064 2.18
3065 2.67
3066 1.67
3067 1.36
3068 1.84
3069 5.02
3070 1.38
3071 41.86
3072 0.00
3073 0.00
3074 0.00
3075 0.00
3076 25.71
3077 0.00
3078 0.00
3079 10.93
3080 0.85
3081 1.98
3082 1.20
3083 1.55
3084 1.84
3085 1.56
3086 1.62
3087 1.78
3088 2.51
3089 2.09
3090 2.25
3091 1.67
3092 1.86
3093 5.30
3094 0.00
3095 0.00
3096 0.00
3097 1.59
3098 0.00
3099 0.00
3100 0.00
3101 0.00
3102 11.61
3103 5.43
3104 0.79
3105 2.01
3106 1.40
3107 1.50
3108 1.72
3109 1.68
3110 1.70
3111 2.04
3112 2.22
3113 1.83
3114 1.62
3115 1.63
3116 2.04
3117 5.53
3118 1.29
3119 0.00
3120 48.65
3121 0.00
3122 0.00
3123 0.00
3124 0.00
3125 24.66
3126 0.00
3127 16.94
3128 0.92
3129 1.67
3130 1.70
3131 1.63
3132 1.71
3133 1.52
3134 1.53
3135 1.81
3136 2.16
3137 2.21
3138 1.85
3139 1.70
3140 1.83
3141 3.14
3142 14.34
3143 0.00
3144 11.37
3145 8.72
3146 0.00
3147 0.32
3148 23.38
3149 0.00
3150 0.00
3151 0.00
3152 0.77
3153 1.85
3154 1.57
3155 1.89
3156 1.72
3157 1.39
3158 1.80
3159 1.65
3160 1.91
3161 2.42
3162 1.77
3163 1.39
3164 1.84
3165 4.32
3166 0.00
3167 29.51
3168 3.29
3169 0.26
3170 0.00
3171 0.00
3172 10.08
3173 13.24
3174 0.00
3175 14.94
3176 0.43
3177 1.44
3178 1.08
3179 1.33
3180 1.20
3181 0.95
3182 0.89
3183 0.96
3184 1.01
3185 1.25
3186 1.70
3187 4.41
3188 4.24
3189 0.00
3190 0.00
3191 0.00
3192 0.00
3193 0.96
3194 0.00
3195 0.00
3196 24.83
3197 0.00
3198 2.23
3199 24.16
3200 0.81
3201 2.00
3202 1.09
3203 1.41
3204 2.04
3205 1.72
3206 2.30
3207 2.35
3208 2.22
3209 2.41
3210 2.69
3211 1.59
3212 1.68
3213 6.30
3214 0.00
3215 9.94
3216 0.00
3217 0.00
3218 0.00
3219 0.00
3220 0.00
3221 21.43
3222 0.00
3223 1.23
3224 0.78
3225 1.97
3226 1.42
3227 1.48
3228 1.52
3229 1.53
3230 1.39
3231 1.97
3232 2.32
3233 1.75
3234 1.25
3235 1.63
3236 2.03
3237 4.57
3238 0.00
3239 1.76
3240 0.00
3241 0.00
3242 0.00
3243 5.45
3244 9.89
3245 0.00
3246 43.37
3247 14.88
3248 0.85
3249 1.14
3250 1.19
3251 1.69
3252 1.84
3253 1.46
3254 1.72
3255 2.06
3256 2.07
3257 2.36
3258 1.58
3259 1.57
3260 1.98
3261 6.90
3262 31.44
3263 1.53
3264 0.00
3265 0.27
3266 0.00
3267 0.00
3268 7.69
3269 0.00
3270 49.32
3271 16.46
3272 0.86
3273 1.49
3274 1.15
3275 1.59
3276 1.66
3277 1.64
3278 1.76
3279 1.89
3280 2.10
3281 1.86
3282 1.36
3283 1.82
3284 1.73
3285 6.87
3286 0.00
3287 12.72
3288 46.75
3289 0.00
3290 0.00
3291 9.30
3292 48.65
3293 16.67
3294 2.28
3295 8.27
3296 0.68
3297 1.62
3298 1.33
3299 1.98
3300 1.87
3301 1.25
3302 1.48
3303 1.79
3304 2.40
3305 2.02
3306 1.66
3307 1.62
3308 1.82
3309 4.74
3310 3.18
3311 3.46
3312 4.59
3313 0.00
3314 0.00
3315 0.00
3316 0.00
3317 0.00
3318 0.00
3319 4.16
3320 0.61
3321 1.10
3322 1.94
3323 1.42
3324 1.71
3325 1.65
3326 1.46
3327 1.96
3328 1.50
3329 1.92
3330 1.81
3331 1.61
3332 1.99
3333 4.30
3334 3.91
3335 3.06
3336 17.02
3337 9.37
3338 51.80
3339 54.55
3340 46.75
3341 0.00
3342 0.00
3343 0.00
3344 0.46
3345 0.82
3346 0.98
3347 0.96
3348 1.07
3349 0.89
3350 0.87
3351 0.95
3352 1.04
3353 1.18
3354 2.07
3355 4.39
3356 0.46
3357 0.00
3358 0.00
3359 0.00
3360 0.00
3361 0.26
3362 7.14
3363 0.00
3364 0.00
3365 24.83
3366 0.00
3367 16.78
3368 0.80
3369 1.49
3370 1.59
3371 2.23
3372 1.35
3373 2.14
3374 1.66
3375 2.01
3376 2.32
3377 1.80
3378 2.15
3379 2.12
3380 2.36
3381 5.54
3382 0.89
3383 0.00
3384 0.00
3385 0.00
3386 0.00
3387 48.65
3388 0.00
3389 25.00
3390 6.96
3391 9.57
3392 0.87
3393 2.10
3394 1.40
3395 1.60
3396 1.57
3397 1.52
3398 1.95
3399 2.09
3400 2.57
3401 2.17
3402 2.22
3403 1.42
3404 2.05
3405 4.66
3406 9.28
3407 0.53
3408 4.16
3409 5.45
3410 0.00
3411 0.00
3412 23.84
3413 11.41
3414 0.00
3415 10.72
3416 0.80
3417 1.48
3418 1.33
3419 1.77
3420 1.66
3421 2.02
3422 1.82
3423 1.90
3424 2.22
3425 1.94
3426 2.30
3427 1.59
3428 1.88
3429 4.41
3430 0.00
3431 54.55
3432 32.14
3433 0.00
3434 0.00
3435 3.68
3436 31.58
3437 45.28
3438 10.59
3439 6.75
3440 0.78
3441 2.18
3442 1.31
3443 1.51
3444 1.78
3445 1.34
3446 1.58
3447 1.82
3448 2.27
3449 1.87
3450 1.71
3451 1.46
3452 1.47
3453 4.43
3454 6.65
3455 29.27
3456 0.00
3457 0.00
3458 0.00
3459 41.86
3460 0.00
3461 21.43
3462 0.00
3463 58.06
3464 0.84
3465 2.48
3466 1.53
3467 1.89
3468 1.87
3469 1.95
3470 1.65
3471 2.00
3472 2.19
3473 2.39
3474 2.71
3475 1.74
3476 1.68
3477 4.60
3478 0.00
3479 0.00
3480 1.72
3481 1.45
3482 0.00
3483 0.00
3484 0.00
3485 0.00
3486 0.00
3487 0.78
3488 0.52
3489 1.12
3490 1.70
3491 1.54
3492 1.45
3493 1.36
3494 1.81
3495 1.88
3496 1.84
3497 1.62
3498 1.67
3499 1.93
3500 2.32
3501 4.38
3502 46.15
3503 2.47
3504 0.00
3505 0.65
3506 36.00
3507 45.00
3508 0.00
3509 0.00
3510 0.00
3511 0.89
3512 0.43
3513 0.74
3514 0.95
3515 0.89
3516 0.82
3517 0.75
3518 0.83
3519 0.81
3520 1.06
3521 1.04
3522 1.78
3523 2.68
3524 0.00
3525 0.00
3526 0.00
3527 0.00
3528 0.00
3529 0.92
3530 0.00
3531 5.12
3532 0.00
3533 18.65
3534 9.00
3535 0.00
3536 0.94
3537 2.45
3538 1.49
3539 1.53
3540 1.84
3541 1.83
3542 1.59
3543 1.78
3544 2.15
3545 1.96
3546 2.03
3547 1.92
3548 2.28
3549 3.56
3550 0.00
3551 0.00
3552 0.00
3553 11.04
3554 0.00
3555 15.52
3556 0.00
3557 18.18
3558 0.00
3559 20.81
3560 0.88
3561 1.79
3562 1.25
3563 1.62
3564 1.73
3565 1.59
3566 1.63
3567 1.76
3568 2.08
3569 1.88
3570 2.37
3571 1.90
3572 1.87
3573 4.47
3574 5.38
3575 0.00
3576 12.63
3577 0.00
3578 0.00
3579 34.95
3580 22.22
3581 50.00
3582 0.00
3583 3.01
3584 0.80
3585 2.34
3586 1.32
3587 1.54
3588 1.75
3589 1.35
3590 1.73
3591 2.12
3592 2.09
3593 1.91
3594 1.95
3595 1.63
3596 2.15
3597 8.35
3598 43.37
3599 11.75
3600 15.25
3601 0.00
3602 0.00
3603 24.16
3604 8.09
3605 21.05
3606 0.00
3607 13.28
3608 0.85
3609 2.05
3610 1.26
3611 1.56
3612 1.53
3613 1.43
3614 1.38
3615 1.81
3616 2.58
3617 2.28
3618 1.91
3619 1.60
3620 1.68
3621 4.28
3622 0.00
3623 7.55
3624 0.00
3625 0.00
3626 0.00
3627 0.00
3628 0.00
3629 15.93
3630 0.00
3631 9.96
3632 0.81
3633 1.15
3634 1.46
3635 1.68
3636 1.47
3637 1.54
3638 1.73
3639 1.84
3640 2.53
3641 2.52
3642 1.75
3643 1.58
3644 1.73
3645 5.24
3646 0.00
3647 0.00
3648 6.94
3649 0.54
3650 0.00
3651 0.00
3652 0.00
3653 0.00
3654 4.34
3655 11.50
3656 0.54
3657 2.12
3658 2.07
3659 1.68
3660 1.76
3661 1.57
3662 1.92
3663 1.71
3664 1.55
3665 1.95
3666 1.85
3667 1.78
3668 1.72
3669 5.22
3670 0.00
3671 5.95
3672 0.00
3673 6.94
3674 9.76
3675 0.00
3676 0.00
3677 0.00
3678 0.00
3679 0.00
3680 0.35
3681 0.80
3682 0.76
3683 0.87
3684 0.88
3685 0.81
3686 0.83
3687 0.84
3688 1.10
3689 1.37
3690 1.90
3691 5.49
3692 6.51
3693 27.91
3694 11.01
3695 0.00
3696 0.00
3697 0.00
3698 0.00
3699 36.00
3700 18.18
3701 0.00
3702 12.00
3703 10.26
3704 0.95
3705 1.68
3706 1.50
3707 1.67
3708 1.77
3709 1.65
3710 1.62
3711 1.76
3712 1.71
3713 2.65
3714 2.77
3715 1.55
3716 2.20
3717 5.12
3718 12.37
3719 0.00
3720 0.00
3721 0.00
3722 0.00
3723 0.00
3724 0.00
3725 15.65
3726 4.69
3727 11.37
3728 1.00
3729 2.01
3730 1.46
3731 1.49
3732 1.94
3733 1.74
3734 1.86
3735 2.05
3736 2.02
3737 2.29
3738 1.52
3739 1.46
3740 1.77
3741 5.02
3742 0.00
3743 1.59
3744 0.00
3745 0.00
3746 0.00
3747 0.00
3748 28.35
3749 0.00
3750 0.00
3751 16.55
3752 1.14
3753 1.20
3754 1.18
3755 1.33
3756 1.46
3757 1.40
3758 1.65
3759 1.96
3760 2.01
3761 1.68
3762 1.60
3763 2.08
3764 2.41
3765 5.10
3766 4.04
3767 30.51
3768 0.00
3769 0.00
3770 0.00
3771 46.15
3772 0.00
3773 19.89
3774 8.50
3775 0.00
3776 1.09
3777 1.74
3778 1.46
3779 1.58
3780 1.57
3781 1.63
3782 1.50
3783 1.50
3784 2.47
3785 1.79
3786 1.62
3787 1.51
3788 2.08
3789 4.37
3790 0.00
3791 0.00
3792 8.96
3793 22.36
3794 0.00
3795 46.75
3796 44.44
3797 17.22
3798 0.00
3799 5.48
3800 0.83
3801 1.75
3802 1.39
3803 1.84
3804 1.79
3805 1.50
3806 1.91
3807 1.62
3808 1.80
3809 2.28
3810 1.89
3811 1.85
3812 1.83
3813 4.85
3814 6.98
3815 0.00
3816 21.43
3817 9.01
3818 24.66
3819 0.00
3820 0.00
3821 0.00
3822 0.00
3823 0.00
3824 0.59
3825 2.45
3826 1.64
3827 2.34
3828 1.32
3829 1.57
3830 1.69
3831 1.58
3832 1.43
3833 1.98
3834 1.89
3835 1.72
3836 2.06
3837 6.01
3838 3.70
3839 0.00
3840 10.34
3841 4.50
3842 22.22
3843 0.00
3844 0.00
3845 0.00
3846 0.00
3847 0.00
3848 0.59
3849 1.05
3850 0.91
3851 0.80
3852 0.92
3853 0.82
3854 0.75
3855 0.90
3856 0.94
3857 1.13
3858 1.77
3859 5.68
3860 16.82
3861 5.27
3862 11.82
3863 2.76
3864 36.73
3865 0.00
3866 0.00
3867 27.07
3868 35.06
3869 48.00
3870 24.08
3871 25.17
3872 0.21
3873 0.58
3874 0.62
3875 0.72
3876 0.70
3877 0.64
3878 0.97
3879 0.81
3880 0.89
3881 1.21
3882 1.34
3883 1.35
3884 2.16
3885 6.45
3886 0.00
3887 0.00
3888 0.00
3889 0.00
3890 0.00
3891 0.00
3892 0.00
3893 0.00
3894 33.64
3895 9.60
3896 0.82
3897 1.27
3898 1.38
3899 1.44
3900 1.99
3901 1.60
3902 1.51
3903 1.56
3904 2.07
3905 2.00
3906 2.25
3907 1.66
3908 1.81
3909 5.34
3910 8.20
3911 10.96
3912 48.00
3913 0.00
3914 0.00
3915 0.00
3916 0.00
3917 31.58
3918 7.58
3919 3.55
3920 0.99
3921 1.52
3922 1.36
3923 2.01
3924 1.93
3925 1.79
3926 1.70
3927 1.58
3928 1.94
3929 2.13
3930 1.77
3931 1.98
3932 1.90
3933 5.49
3934 4.21
3935 14.75
3936 0.00
3937 0.00
3938 0.00
3939 0.00
3940 0.00
3941 23.68
3942 0.00
3943 10.23
3944 0.76
3945 1.57
3946 1.21
3947 1.57
3948 1.36
3949 1.35
3950 1.56
3951 1.85
3952 2.26
3953 2.75
3954 1.78
3955 1.48
3956 1.82
3957 4.83
3958 9.40
3959 0.00
3960 0.00
3961 0.00
3962 0.00
3963 7.44
3964 29.27
3965 0.00
3966 10.34
3967 12.20
3968 0.98
3969 1.64
3970 1.65
3971 1.49
3972 1.75
3973 1.48
3974 1.73
3975 1.86
3976 1.87
3977 2.08
3978 2.11
3979 1.57
3980 1.56
3981 4.14
3982 39.13
3983 1.34
3984 10.13
3985 0.20
3986 0.00
3987 0.00
3988 0.00
3989 0.00
3990 0.00
3991 0.00
3992 0.61
3993 1.40
3994 2.39
3995 1.90
3996 1.65
3997 1.67
3998 1.56
3999 2.12
4000 1.93
4001 1.72
4002 1.75
4003 1.77
4004 1.79
4005 3.57
4006 20.57
4007 24.91
4008 8.72
4009 1.10
4010 0.00
4011 21.82
4012 0.00
4013 0.00
4014 0.00
4015 0.00
4016 0.41
4017 0.76
4018 0.87
4019 1.08
4020 0.94
4021 0.89
4022 0.97
4023 1.08
4024 1.09
4025 1.28
4026 1.98
4027 3.88
4028 0.00
4029 1.73
4030 25.00
4031 15.86
4032 0.00
4033 0.00
4034 0.00
4035 25.90
4036 0.00
4037 6.50
4038 0.00
4039 18.22
4040 0.87
4041 1.64
4042 1.25
4043 1.53
4044 2.16
4045 1.68
4046 1.40
4047 1.86
4048 1.40
4049 1.60
4050 1.41
4051 1.92
4052 2.14
4053 8.12
4054 16.00
4055 0.00
4056 0.00
4057 0.00
4058 0.00
4059 0.00
4060 0.00
4061 23.38
4062 21.82
4063 33.33
4064 0.86
4065 1.58
4066 1.14
4067 1.57
4068 1.73
4069 1.44
4070 1.45
4071 2.06
4072 2.28
4073 1.99
4074 1.43
4075 1.58
4076 1.79
4077 5.32
4078 0.00
4079 10.08
4080 0.00
4081 0.00
4082 0.00
4083 50.00
4084 0.00
4085 18.75
4086 0.99
4087 0.00
4088 0.84
4089 1.19
4090 1.12
4091 1.49
4092 1.99
4093 1.50
4094 1.60
4095 1.83
4096 2.04
4097 1.80
4098 1.85
4099 1.84
4100 1.78
4101 4.90
4102 5.93
4103 52.17
4104 1.03
4105 0.00
4106 0.00
4107 0.00
4108 0.00
4109 19.67
4110 14.40
4111 16.07
4112 0.91
4113 1.23
4114 1.43
4115 1.34
4116 1.70
4117 1.84
4118 1.39
4119 1.79
4120 2.14
4121 2.66
4122 2.16
4123 2.09
4124 1.84
4125 3.28
4126 6.10
4127 0.00
4128 2.20
4129 3.24
4130 0.00
4131 0.00
4132 0.00
4133 2.71
4134 12.39
4135 7.58
4136 0.84
4137 1.89
4138 1.42
4139 1.60
4140 1.80
4141 1.77
4142 1.27
4143 1.88
4144 2.52
4145 2.07
4146 1.93
4147 1.77
4148 1.76
4149 4.37
4150 12.09
4151 25.00
4152 8.04
4153 20.43
4154 0.00
4155 0.00
4156 0.00
4157 0.00
4158 7.88
4159 0.00
4160 0.71
4161 0.84
4162 1.58
4163 1.46
4164 1.40
4165 1.59
4166 1.95
4167 1.79
4168 1.83
4169 2.77
4170 1.78
4171 1.53
4172 1.71
4173 4.25
4174 2.14
4175 0.70
4176 0.00
4177 0.22
4178 0.00
4179 0.00
4180 0.00
4181 0.00
4182 1.30
4183 0.00
4184 0.48
4185 0.87
4186 0.77
4187 0.83
4188 0.87
4189 0.95
4190 0.96
4191 0.92
4192 0.93
4193 1.04
4194 1.74
4195 4.38
4196 0.00
4197 5.00
4198 0.00
4199 1.20
4200 0.00
4201 0.00
4202 0.00
4203 37.50
4204 21.30
4205 8.02
4206 0.00
4207 15.52
4208 0.97
4209 1.76
4210 1.40
4211 1.78
4212 1.77
4213 1.55
4214 1.72
4215 1.94
4216 2.11
4217 2.40
4218 2.22
4219 1.75
4220 2.88
4221 5.57
4222 0.00
4223 0.00
4224 0.00
4225 0.00
4226 0.00
4227 0.00
4228 20.45
4229 0.00
4230 3.24
4231 0.00
4232 0.94
4233 1.54
4234 1.34
4235 1.55
4236 1.83
4237 1.83
4238 1.74
4239 1.77
4240 1.99
4241 2.01
4242 1.68
4243 1.47
4244 2.04
4245 5.26
4246 4.95
4247 1.16
4248 0.00
4249 0.00
4250 0.00
4251 0.00
4252 5.85
4253 24.83
4254 6.29
4255 17.25
4256 0.85
4257 1.28
4258 1.49
4259 1.27
4260 1.76
4261 1.43
4262 1.32
4263 1.90
4264 1.88
4265 1.90
4266 1.47
4267 1.63
4268 2.22
4269 7.29
4270 1.27
4271 0.00
4272 0.00
4273 3.79
4274 0.00
4275 43.37
4276 7.19
4277 2.19
4278 13.56
4279 0.00
4280 0.98
4281 1.20
4282 1.61
4283 1.52
4284 1.66
4285 1.48
4286 1.59
4287 2.08
4288 2.41
4289 2.01
4290 1.86
4291 1.78
4292 1.95
4293 4.76
4294 0.64
4295 9.68
4296 0.00
4297 0.60
4298 0.00
4299 0.00
4300 33.33
4301 21.18
4302 10.04
4303 12.74
4304 1.21
4305 1.41
4306 1.57
4307 1.64
4308 1.67
4309 1.83
4310 1.80
4311 1.88
4312 1.77
4313 2.44
4314 1.79
4315 1.73
4316 1.95
4317 3.70
4318 30.51
4319 2.56
4320 10.45
4321 1.04
4322 26.37
4323 0.00
4324 0.00
4325 0.00
4326 0.00
4327 0.00
4328 0.63
4329 2.52
4330 1.60
4331 1.65
4332 1.52
4333 1.76
4334 1.77
4335 1.93
4336 1.87
4337 1.95
4338 2.23
4339 1.46
4340 1.99
4341 3.86
4342 0.38
4343 1.24
4344 3.62
4345 0.94
4346 0.00
4347 0.00
4348 0.00
4349 0.00
4350 0.00
4351 0.00
4352 0.30
4353 0.88
4354 1.01
4355 0.88
4356 1.05
4357 1.03
4358 0.99
4359 1.21
4360 1.03
4361 1.15
4362 2.00
4363 5.48
4364 0.93
4365 0.00
4366 0.00
4367 1.65
4368 0.00
4369 0.04
4370 0.00
4371 0.00
4372 0.00
4373 24.00
4374 3.08
4375 0.00
4376 1.00
4377 1.57
4378 1.59
4379 1.52
4380 1.90
4381 1.62
4382 1.69
4383 1.59
4384 3.10
4385 2.55
4386 1.84
4387 1.51
4388 2.16
4389 10.86
4390 2.28
4391 0.00
4392 0.00
4393 0.05
4394 0.00
4395 0.00
4396 0.00
4397 6.61
4398 0.00
4399 5.01
4400 0.93
4401 1.38
4402 1.17
4403 1.55
4404 1.47
4405 1.80
4406 1.78
4407 1.73
4408 2.02
4409 2.00
4410 3.40
4411 2.25
4412 2.09
4413 5.13
4414 0.00
4415 0.00
4416 22.09
4417 0.00
4418 0.00
4419 0.00
4420 0.00
4421 25.35
4422 46.15
4423 6.52
4424 0.96
4425 1.98
4426 1.34
4427 1.52
4428 1.56
4429 1.45
4430 1.38
4431 1.61
4432 2.21
4433 2.33
4434 2.31
4435 1.83
4436 2.54
4437 6.85
4438 10.03
4439 0.00
4440 4.46
4441 0.00
4442 0.00
4443 0.00
4444 7.56
4445 23.84
4446 10.67
4447 6.80
4448 0.82
4449 1.73
4450 1.57
4451 1.69
4452 1.50
4453 1.59
4454 2.00
4455 1.75
4456 2.22
4457 2.28
4458 1.80
4459 1.61
4460 2.43
4461 4.66
4462 0.00
4463 0.00
4464 0.00
4465 0.38
4466 0.00
4467 0.00
4468 0.00
4469 15.25
4470 0.00
4471 7.84
4472 0.89
4473 1.55
4474 1.54
4475 2.01
4476 1.40
4477 1.34
4478 1.65
4479 2.04
4480 2.41
4481 1.79
4482 2.16
4483 1.63
4484 1.65
4485 4.93
4486 6.11
4487 37.89
4488 9.46
4489 0.50
4490 0.00
4491 0.00
4492 0.00
4493 0.00
4494 0.00
4495 0.00
4496 0.50
4497 1.13
4498 1.78
4499 1.27
4500 1.38
4501 1.37
4502 1.41
4503 1.67
4504 2.34
4505 1.86
4506 1.78
4507 1.62
4508 1.58
4509 3.23
4510 0.00
4511 0.00
4512 15.72
4513 3.47
4514 46.15
4515 0.00
4516 0.00
4517 0.00
4518 0.00
4519 0.00
4520 0.38
4521 0.67
4522 0.84
4523 0.98
4524 0.93
4525 0.95
4526 0.94
4527 1.12
4528 1.03
4529 0.96
4530 1.56
4531 3.39
4532 0.00
4533 9.00
4534 10.59
4535 0.00
4536 0.00
4537 0.00
4538 0.00
4539 0.00
4540 0.00
4541 47.37
4542 9.70
4543 0.00
4544 0.81
4545 1.45
4546 1.35
4547 1.55
4548 1.80
4549 1.75
4550 1.75
4551 1.86
4552 2.12
4553 2.39
4554 2.62
4555 1.97
4556 2.51
4557 5.30
4558 12.78
4559 0.00
4560 0.00
4561 0.00
4562 0.07
4563 0.00
4564 0.00
4565 57.14
4566 11.25
4567 0.00
4568 0.88
4569 1.47
4570 1.32
4571 1.65
4572 1.77
4573 1.67
4574 1.66
4575 1.69
4576 1.99
4577 2.34
4578 1.81
4579 1.68
4580 1.84
4581 6.15
4582 30.77
4583 0.00
4584 0.00
4585 0.14
4586 0.00
4587 0.00
4588 0.00
4589 0.00
4590 0.00
4591 0.45
4592 0.95
4593 1.48
4594 1.31
4595 1.57
4596 1.49
4597 1.69
4598 1.65
4599 2.01
4600 2.19
4601 1.89
4602 1.87
4603 1.82
4604 2.42
4605 6.26
4606 5.87
4607 0.00
4608 0.00
4609 0.00
4610 0.00
4611 0.00
4612 0.00
4613 0.00
4614 0.00
4615 0.00
4616 1.01
4617 1.61
4618 1.26
4619 1.74
4620 1.49
4621 1.45
4622 1.79
4623 1.90
4624 2.32
4625 2.64
4626 2.80
4627 2.16
4628 2.18
4629 8.03
4630 23.84
4631 23.84
4632 0.00
4633 0.00
4634 41.38
4635 0.00
4636 0.00
4637 0.00
4638 0.00
4639 0.00
4640 1.04
4641 1.42
4642 1.52
4643 1.95
4644 1.77
4645 1.32
4646 1.43
4647 2.03
4648 2.10
4649 2.43
4650 2.06
4651 1.99
4652 1.69
4653 3.90
4654 0.00
4655 0.98
4656 3.40
4657 0.84
4658 0.00
4659 0.00
4660 0.00
4661 1.25
4662 0.00
4663 2.04
4664 0.63
4665 1.95
4666 1.62
4667 1.55
4668 1.75
4669 1.89
4670 1.61
4671 2.18
4672 2.32
4673 2.56
4674 2.33
4675 1.83
4676 1.98
4677 3.32
4678 52.94
4679 0.79
4680 0.00
4681 0.68
4682 0.58
4683 0.00
4684 0.00
4685 0.00
4686 0.00
4687 30.25
4688 0.44
4689 0.72
4690 0.98
4691 1.00
4692 0.98
4693 0.96
4694 0.89
4695 1.02
4696 0.95
4697 1.02
4698 1.78
4699 5.07
4700 0.00
4701 7.55
4702 0.00
4703 0.00
4704 0.00
4705 0.00
4706 0.00
4707 0.00
4708 0.00
4709 48.00
4710 0.00
4711 0.75
4712 0.85
4713 1.64
4714 1.86
4715 1.56
4716 1.91
4717 1.72
4718 1.51
4719 1.94
4720 2.22
4721 2.21
4722 1.89
4723 1.82
4724 2.67
4725 7.39
4726 0.77
4727 9.42
4728 50.70
4729 0.00
4730 0.00
4731 0.00
4732 0.00
4733 0.00
4734 0.00
4735 0.00
4736 0.83
4737 1.44
4738 1.35
4739 1.43
4740 1.82
4741 1.57
4742 1.58
4743 1.82
4744 1.83
4745 2.05
4746 1.85
4747 1.76
4748 2.20
4749 4.87
4750 0.00
4751 0.00
4752 0.00
4753 0.00
4754 0.00
4755 0.00
4756 0.00
4757 0.00
4758 0.00
4759 13.77
4760 0.90
4761 1.62
4762 1.30
4763 1.54
4764 1.79
4765 1.39
4766 1.34
4767 2.14
4768 1.91
4769 2.43
4770 2.21
4771 1.52
4772 2.60
4773 7.11
4774 26.87
4775 0.00
4776 0.00
4777 0.00
4778 1.97
4779 0.00
4780 0.00
4781 15.32
4782 0.00
4783 0.00
4784 0.65
4785 1.70
4786 1.53
4787 1.70
4788 1.83
4789 1.42
4790 1.37
4791 2.05
4792 2.70
4793 2.31
4794 2.16
4795 1.79
4796 1.92
4797 4.31
4798 0.00
4799 18.51
4800 0.00
4801 0.00
4802 0.00
4803 0.00
4804 0.00
4805 0.00
4806 0.00
4807 0.00
4808 0.89
4809 1.40
4810 1.11
4811 1.58
4812 1.75
4813 1.59
4814 1.68
4815 1.65
4816 2.07
4817 2.79
4818 1.97
4819 1.61
4820 1.90
4821 5.02
4822 4.77
4823 55.38
4824 11.39
4825 26.57
4826 0.00
4827 6.72
4828 0.00
4829 0.00
4830 0.00
4831 0.00
4832 0.58
4833 1.15
4834 1.82
4835 1.63
4836 1.53
4837 1.63
4838 1.94
4839 1.92
4840 1.96
4841 1.85
4842 1.85
4843 1.77
4844 1.51
4845 5.30
4846 48.00
4847 2.07
4848 8.40
4849 3.06
4850 0.00
4851 0.00
4852 0.00
4853 0.00
4854 0.00
4855 0.00
4856 0.42
4857 0.78
4858 0.74
4859 0.92
4860 0.92
4861 0.90
4862 0.98
4863 1.05
4864 1.04
4865 1.19
4866 1.72
4867 5.87
4868 0.00
4869 13.15
4870 0.00
4871 8.76
4872 0.00
4873 34.95
4874 13.51
4875 28.57
4876 0.00
4877 0.00
4878 6.23
4879 19.20
4880 1.07
4881 1.21
4882 1.12
4883 1.94
4884 1.74
4885 1.78
4886 1.51
4887 1.87
4888 2.39
4889 2.03
4890 2.07
4891 2.01
4892 1.98
4893 6.17
4894 0.00
4895 48.00
4896 0.00
4897 0.00
4898 0.00
4899 0.00
4900 14.63
4901 0.00
4902 4.87
4903 0.00
4904 0.96
4905 1.97
4906 1.23
4907 1.50
4908 1.62
4909 1.58
4910 1.60
4911 1.89
4912 2.39
4913 1.92
4914 1.74
4915 1.72
4916 2.21
4917 3.41
4918 19.46
4919 0.00
4920 0.00
4921 0.00
4922 0.00
4923 0.00
4924 0.00
4925 0.00
4926 0.00
4927 17.56
4928 0.99
4929 1.34
4930 1.28
4931 1.82
4932 1.65
4933 1.68
4934 1.43
4935 1.83
4936 2.05
4937 2.53
4938 1.58
4939 1.76
4940 2.38
4941 3.84
4942 1.74
4943 21.56
4944 23.53
4945 0.00
4946 0.00
4947 0.00
4948 23.38
4949 0.00
4950 0.00
4951 20.81
4952 1.15
4953 1.27
4954 1.31
4955 1.66
4956 1.54
4957 1.81
4958 1.64
4959 2.39
4960 2.41
4961 2.15
4962 1.85
4963 1.87
4964 2.07
4965 6.68
4966 20.57
4967 36.00
4968 27.91
4969 0.00
4970 0.00
4971 0.00
4972 59.02
4973 22.15
4974 45.00
4975 14.88
4976 0.83
4977 1.15
4978 1.67
4979 1.99
4980 1.78
4981 1.89
4982 1.62
4983 1.94
4984 2.28
4985 2.39
4986 2.02
4987 1.75
4988 1.85
4989 4.42
4990 9.52
4991 21.60
4992 6.43
4993 10.29
4994 0.00
4995 0.00
4996 3.23
4997 0.00
4998 58.06
4999 0.00
5000 0.79
5001 2.12
5002 2.05
5003 1.34
5004 1.83
5005 1.69
5006 1.74
5007 2.01
5008 2.37
5009 1.78
5010 1.92
5011 1.88
5012 2.40
5013 3.45
5014 5.69
5015 1.63
5016 1.95
5017 0.37
5018 0.00
5019 0.00
5020 23.23
5021 0.00
5022 0.00
5023 0.00
5024 0.40
5025 0.88
5026 0.95
5027 0.93
5028 0.99
5029 0.82
5030 0.84
5031 0.97
5032 1.06
5033 1.24
5034 1.66
5035 4.57
5036 9.23
5037 0.96
5038 0.00
5039 0.00
5040 4.64
5041 0.27
5042 0.00
5043 0.00
5044 15.52
5045 19.78
5046 0.00
5047 12.46
5048 0.79
5049 1.32
5050 1.30
5051 1.52
5052 1.63
5053 1.62
5054 1.58
5055 1.89
5056 2.48
5057 1.97
5058 2.77
5059 2.43
5060 2.19
5061 5.62
5062 0.61
5063 0.00
5064 18.60
5065 0.10
5066 0.00
5067 0.00
5068 0.00
5069 21.82
5070 0.75
5071 13.09
5072 0.92
5073 1.41
5074 1.35
5075 1.48
5076 1.48
5077 1.77
5078 1.46
5079 1.77
5080 2.18
5081 2.43
5082 1.92
5083 1.54
5084 2.26
5085 8.56
5086 9.72
5087 0.00
5088 0.00
5089 0.35
5090 0.00
5091 0.00
5092 22.50
5093 0.00
5094 10.81
5095 19.57
5096 0.79
5097 1.47
5098 1.33
5099 1.50
5100 1.57
5101 1.42
5102 1.42
5103 1.58
5104 1.74
5105 2.37
5106 1.74
5107 1.72
5108 1.99
5109 6.73
5110 21.69
5111 32.14
5112 0.00
5113 0.00
5114 0.00
5115 0.00
5116 0.00
5117 2.08
5118 0.00
5119 10.65
5120 0.60
5121 1.31
5122 1.37
5123 1.45
5124 1.76
5125 1.89
5126 1.77
5127 1.85
5128 1.64
5129 1.88
5130 1.66
5131 1.36
5132 1.69
5133 4.12
5134 0.00
5135 20.45
5136 0.00
5137 0.00
5138 0.00
5139 0.00
5140 1.59
5141 20.45
5142 0.00
5143 6.62
5144 0.71
5145 1.28
5146 1.43
5147 1.62
5148 1.44
5149 1.64
5150 1.67
5151 1.50
5152 2.45
5153 2.78
5154 1.94
5155 1.78
5156 2.15
5157 5.07
5158 0.99
5159 1.67
5160 35.82
5161 44.44
5162 0.00
5163 28.57
5164 3.45
5165 0.00
5166 0.00
5167 0.00
5168 0.55
5169 1.54
5170 1.88
5171 1.48
5172 1.70
5173 1.56
5174 1.75
5175 1.59
5176 2.17
5177 1.77
5178 2.29
5179 1.97
5180 1.91
5181 5.22
5182 0.92
5183 1.57
5184 9.55
5185 1.60
5186 57.14
5187 0.00
5188 0.00
5189 0.00
5190 45.00
5191 0.00
5192 0.40
5193 1.08
5194 0.91
5195 0.99
5196 0.86
5197 0.85
5198 0.92
5199 1.08
5200 1.03
5201 1.12
5202 1.57
5203 4.72
5204 0.00
5205 0.00
5206 8.33
5207 59.02
5208 42.86
5209 0.00
5210 0.00
5211 0.00
5212 28.12
5213 0.00
5214 0.00
5215 0.29
5216 0.74
5217 1.43
5218 1.25
5219 1.46
5220 1.55
5221 1.60
5222 1.54
5223 1.97
5224 2.38
5225 3.00
5226 1.71
5227 1.70
5228 1.95
5229 5.06
5230 0.00
5231 8.82
5232 0.00
5233 0.00
5234 0.00
5235 0.00
5236 0.00
5237 22.93
5238 0.00
5239 11.54
5240 0.79
5241 1.17
5242 1.49
5243 1.35
5244 1.70
5245 1.54
5246 1.62
5247 1.99
5248 2.11
5249 2.07
5250 2.03
5251 1.62
5252 2.26
5253 5.11
5254 41.38
5255 8.72
5256 0.00
5257 0.29
5258 0.00
5259 0.00
5260 22.64
5261 0.00
5262 1.28
5263 22.93
5264 0.69
5265 1.73
5266 1.21
5267 1.48
5268 1.89
5269 1.70
5270 1.59
5271 1.89
5272 1.86
5273 1.79
5274 2.14
5275 1.53
5276 2.32
5277 4.68
5278 7.76
5279 0.00
5280 24.24
5281 0.25
5282 0.00
5283 0.00
5284 0.00
5285 23.53
5286 0.00
5287 3.44
5288 0.90
5289 1.37
5290 1.33
5291 1.30
5292 1.65
5293 1.53
5294 1.33
5295 2.05
5296 2.14
5297 2.34
5298 1.60
5299 1.29
5300 1.96
5301 5.49
5302 36.73
5303 10.14
5304 16.25
5305 0.00
5306 0.00
5307 0.00
5308 0.00
5309 22.93
5310 0.00
5311 26.28
5312 0.56
5313 1.42
5314 1.10
5315 1.66
5316 1.68
5317 1.86
5318 1.84
5319 1.66
5320 2.41
5321 2.44
5322 1.69
5323 1.73
5324 1.94
5325 4.62
5326 1.72
5327 10.96
5328 24.00
5329 0.00
5330 0.00
5331 0.00
5332 0.00
5333 20.34
5334 0.00
5335 0.00
5336 0.39
5337 2.51
5338 1.53
5339 1.53
5340 1.49
5341 1.53
5342 1.70
5343 1.75
5344 1.91
5345 2.17
5346 1.72
5347 1.77
5348 1.74
5349 3.93
5350 3.95
5351 1.98
5352 2.43
5353 0.57
5354 8.55
5355 0.00
5356 38.30
5357 0.00
5358 0.00
5359 0.00
5360 0.34
5361 0.81
5362 0.81
5363 0.89
5364 0.85
5365 0.90
5366 0.88
5367 0.91
5368 1.18
5369 0.88
5370 1.68
5371 4.44
5372 5.89
5373 7.35
5374 41.38
5375 0.00
5376 0.00
5377 0.00
5378 0.00
5379 0.00
5380 20.00
5381 0.00
5382 0.00
5383 12.12
5384 0.80
5385 1.73
5386 0.94
5387 1.43
5388 1.50
5389 1.47
5390 1.51
5391 1.56
5392 1.74
5393 1.78
5394 1.31
5395 1.76
5396 1.99
5397 4.11
5398 38.71
5399 0.00
5400 0.00
5401 0.00
5402 0.00
5403 0.00
5404 8.45
5405 23.23
5406 0.00
5407 8.70
5408 0.34
5409 1.50
5410 1.46
5411 1.46
5412 1.39
5413 1.60
5414 1.46
5415 1.64
5416 1.85
5417 2.22
5418 1.79
5419 1.64
5420 1.98
5421 4.53
5422 38.30
5423 16.98
5424 0.00
5425 0.26
5426 0.00
5427 0.00
5428 0.00
5429 21.05
5430 0.00
5431 12.95
5432 0.35
5433 1.14
5434 1.32
5435 1.76
5436 1.46
5437 1.60
5438 1.46
5439 1.56
5440 1.79
5441 1.92
5442 1.62
5443 1.70
5444 2.41
5445 6.65
5446 5.38
5447 0.00
5448 0.00
5449 6.07
5450 0.00
5451 0.00
5452 0.00
5453 25.00
5454 1.97
5455 0.00
5456 0.38
5457 1.19
5458 1.42
5459 1.50
5460 1.51
5461 1.32
5462 1.41
5463 1.91
5464 1.72
5465 2.25
5466 1.54
5467 1.43
5468 1.81
5469 5.85
5470 24.57
5471 0.00
5472 37.89
5473 0.00
5474 0.00
5475 0.00
5476 0.35
5477 0.00
5478 0.00
5479 0.00
5480 0.44
5481 1.64
5482 1.79
5483 1.43
5484 1.63
5485 1.78
5486 1.70
5487 1.75
5488 2.17
5489 2.41
5490 1.71
5491 1.69
5492 1.79
5493 4.19
5494 1.09
5495 0.00
5496 0.00
5497 14.40
5498 0.00
5499 0.00
5500 0.00
5501 0.00
5502 0.00
5503 0.00
5504 0.25
5505 2.33
5506 2.04
5507 1.87
5508 1.94
5509 1.51
5510 1.49
5511 1.86
5512 2.24
5513 2.37
5514 1.79
5515 1.80
5516 1.69
5517 2.80
5518 1.96
5519 4.52
5520 29.15
5521 0.30
5522 0.00
5523 0.00
5524 0.00
5525 0.00
5526 43.90
5527 0.00
5528 0.34
5529 0.92
5530 0.91
5531 0.91
5532 0.87
5533 0.91
5534 1.13
5535 1.16
5536 1.04
5537 1.07
5538 1.84
5539 3.48
5540 4.56
5541 18.30
5542 0.00
5543 11.54
5544 0.00
5545 0.00
5546 2.07
5547 23.68
5548 27.91
5549 0.00
5550 0.00
5551 17.02
5552 0.49
5553 1.63
5554 1.45
5555 1.51
5556 1.37
5557 1.65
5558 1.50
5559 1.43
5560 1.81
5561 1.75
5562 2.06
5563 1.71
5564 2.44
5565 5.21
5566 34.45
5567 0.00
5568 2.54
5569 0.00
5570 0.00
5571 0.00
5572 0.00
5573 13.04
5574 40.91
5575 0.41
5576 0.35
5577 1.68
5578 1.54
5579 1.19
5580 1.76
5581 1.44
5582 1.41
5583 1.82
5584 1.74
5585 1.83
5586 1.82
5587 1.76
5588 1.98
5589 6.81
5590 0.00
5591 45.00
5592 0.00
5593 0.00
5594 0.00
5595 10.53
5596 14.63
5597 0.00
5598 43.37
5599 9.98
5600 0.33
5601 1.27
5602 1.41
5603 1.71
5604 1.39
5605 1.45
5606 1.78
5607 1.88
5608 1.75
5609 2.39
5610 1.89
5611 1.70
5612 2.36
5613 5.74
5614 2.05
5615 0.00
5616 2.04
5617 20.22
5618 0.00
5619 0.00
5620 0.00
5621 23.68
5622 46.15
5623 16.51
5624 0.31
5625 1.41
5626 1.19
5627 1.79
5628 1.73
5629 1.46
5630 1.85
5631 1.58
5632 2.15
5633 1.86
5634 2.19
5635 1.85
5636 2.01
5637 5.26
5638 1.73
5639 1.12
5640 0.00
5641 0.29
5642 0.00
5643 0.00
5644 0.00
5645 13.43
5646 5.83
5647 17.52
5648 0.37
5649 1.90
5650 1.45
5651 1.46
5652 1.37
5653 1.46
5654 1.37
5655 2.03
5656 2.44
5657 2.28
5658 1.85
5659 1.65
5660 1.56
5661 4.11
5662 0.76
5663 1.68
5664 0.00
5665 4.34
5666 0.00
5667 24.16
5668 0.00
5669 0.00
5670 0.00
5671 59.02
5672 0.28
5673 2.29
5674 1.66
5675 1.70
5676 2.01
5677 1.70
5678 1.44
5679 1.98
5680 2.29
5681 1.96
5682 1.86
5683 1.74
5684 2.05
5685 4.08
5686 14.40
5687 1.02
5688 0.00
5689 3.78
5690 0.00
5691 0.00
5692 10.08
5693 0.00
5694 0.00
5695 0.00
5696 0.19
5697 1.06
5698 1.08
5699 0.98
5700 1.06
5701 1.06
5702 0.94
5703 1.00
5704 1.35
5705 1.44
5706 1.65
5707 6.57
5708 0.00
5709 18.37
5710 4.13
5711 0.00
5712 0.00
5713 0.00
5714 23.38
5715 0.00
5716 26.57
5717 0.00
5718 0.00
5719 12.33
5720 0.34
5721 1.05
5722 1.35
5723 1.65
5724 1.66
5725 1.41
5726 1.65
5727 1.72
5728 2.27
5729 2.16
5730 2.45
5731 1.99
5732 2.49
5733 6.53
5734 0.00
5735 1.13
5736 0.00
5737 15.88
5738 0.00
5739 41.38
5740 21.18
5741 0.00
5742 21.39
5743 9.21
5744 0.34
5745 1.52
5746 1.13
5747 1.94
5748 1.61
5749 1.44
5750 1.46
5751 1.50
5752 1.65
5753 1.86
5754 2.36
5755 1.94
5756 2.25
5757 5.82
5758 21.56
5759 1.72
5760 0.00
5761 0.00
5762 0.00
5763 41.86
5764 20.93
5765 0.00
5766 49.32
5767 20.45
5768 0.31
5769 1.39
5770 1.38
5771 1.36
5772 1.40
5773 1.38
5774 1.66
5775 1.76
5776 1.74
5777 2.42
5778 1.70
5779 1.64
5780 2.45
5781 6.77
5782 0.00
5783 0.00
5784 15.13
5785 0.00
5786 41.86
5787 0.00
5788 19.35
5789 0.00
5790 2.20
5791 6.65
5792 0.39
5793 1.44
5794 1.48
5795 1.56
5796 1.71
5797 1.51
5798 1.76
5799 1.75
5800 2.13
5801 2.62
5802 1.90
5803 1.59
5804 1.99
5805 3.70
5806 0.00
5807 7.61
5808 51.06
5809 0.00
5810 0.00
5811 0.00
5812 0.00
5813 16.14
5814 0.00
5815 1.94
5816 0.32
5817 1.50
5818 1.68
5819 1.49
5820 1.39
5821 1.48
5822 1.74
5823 2.04
5824 2.01
5825 2.21
5826 2.79
5827 1.60
5828 1.68
5829 2.16
5830 0.00
5831 1.00
5832 5.50
5833 1.19
5834 21.21
5835 0.00
5836 54.55
5837 0.00
5838 37.11
5839 0.97
5840 0.28
5841 1.26
5842 1.57
5843 1.60
5844 1.89
5845 1.49
5846 1.73
5847 1.68
5848 1.32
5849 2.39
5850 1.66
5851 1.60
5852 1.83
5853 2.52
5854 0.00
5855 47.37
5856 30.97
5857 0.24
5858 2.67
5859 3.88
5860 0.00
5861 0.00
5862 1.42
5863 0.00
5864 0.23
5865 0.95
5866 0.82
5867 0.86
5868 0.87
5869 0.90
5870 0.94
5871 0.89
5872 1.41
5873 1.46
5874 1.68
5875 3.84
5876 7.06
5877 0.94
5878 24.57
5879 8.04
5880 22.09
5881 37.31
5882 0.00
5883 31.58
5884 52.17
5885 13.79
5886 44.44
5887 10.79
5888 0.33
5889 1.10
5890 1.28
5891 1.27
5892 1.55
5893 1.40
5894 1.63
5895 1.66
5896 1.97
5897 1.86
5898 2.19
5899 1.66
5900 2.07
5901 6.00
5902 28.12
5903 33.64
5904 0.00
5905 0.00
5906 52.17
5907 40.00
5908 46.75
5909 21.82
5910 0.00
5911 4.75
5912 0.43
5913 1.26
5914 1.19
5915 1.61
5916 1.78
5917 1.55
5918 1.79
5919 1.55
5920 2.20
5921 2.77
5922 2.37
5923 1.52
5924 2.36
5925 7.36
5926 2.11
5927 23.53
5928 0.00
5929 26.87
5930 0.00
5931 0.00
5932 24.66
5933 0.00
5934 7.14
5935 0.28
5936 0.36
5937 1.60
5938 1.13
5939 1.57
5940 1.78
5941 1.41
5942 1.18
5943 1.51
5944 2.53
5945 2.28
5946 1.66
5947 1.51
5948 2.35
5949 7.15
5950 16.55
5951 0.00
5952 0.00
5953 0.00
5954 0.00
5955 0.00
5956 0.00
5957 19.05
5958 4.19
5959 1.15
5960 0.45
5961 1.26
5962 1.51
5963 1.20
5964 1.59
5965 1.45
5966 1.69
5967 1.78
5968 1.92
5969 2.15
5970 1.55
5971 1.54
5972 1.84
5973 4.74
5974 0.00
5975 0.00
5976 0.00
5977 3.23
5978 51.43
5979 0.00
5980 0.00
5981 19.15
5982 18.00
5983 11.78
5984 0.28
5985 1.58
5986 1.39
5987 1.65
5988 1.79
5989 1.91
5990 1.45
5991 1.71
5992 2.06
5993 2.26
5994 2.94
5995 1.80
5996 2.23
5997 5.85
5998 5.60
5999 10.76
6000 0.00
6001 50.00
6002 0.00
6003 0.00
6004 43.37
6005 0.00
6006 0.00
6007 0.00
6008 0.26
6009 1.25
6010 2.11
6011 1.43
6012 2.00
6013 1.45
6014 1.71
6015 1.70
6016 1.91
6017 1.96
6018 2.47
6019 1.86
6020 1.82
6021 3.20
6022 0.00
6023 0.00
6024 37.50
6025 0.26
6026 0.00
6027 0.00
6028 0.00
6029 0.00
6030 0.00
6031 0.00
6032 0.28
6033 0.95
6034 0.74
6035 0.82
6036 0.81
6037 0.84
6038 0.93
6039 0.96
6040 1.23
6041 1.18
6042 1.47
6043 3.97
6044 0.24
6045 0.00
6046 0.00
6047 46.45
6048 14.17
6049 0.59
6050 38.16
6051 0.00
6052 9.59
6053 0.00
6054 0.00
6055 0.00
6056 0.37
6057 1.73
6058 1.40
6059 1.78
6060 1.58
6061 1.51
6062 1.83
6063 1.71
6064 1.80
6065 2.44
6066 1.81
6067 1.85
6068 2.33
6069 5.40
6070 15.43
6071 0.00
6072 0.00
6073 0.00
6074 0.00
6075 0.00
6076 0.00
6077 23.84
6078 5.24
6079 10.78
6080 0.35
6081 1.71
6082 1.39
6083 1.60
6084 1.62
6085 1.53
6086 1.44
6087 1.42
6088 2.47
6089 2.35
6090 1.98
6091 1.59
6092 2.24
6093 7.59
6094 10.11
6095 0.00
6096 0.00
6097 0.00
6098 0.00
6099 0.00
6100 0.00
6101 19.35
6102 0.00
6103 51.43
6104 0.36
6105 1.24
6106 1.11
6107 1.28
6108 1.70
6109 1.75
6110 1.97
6111 1.69
6112 1.54
6113 1.77
6114 1.45
6115 1.59
6116 1.99
6117 4.53
6118 2.13
6119 6.09
6120 0.00
6121 0.00
6122 0.00
6123 0.00
6124 6.98
6125 9.14
6126 11.76
6127 13.67
6128 0.44
6129 2.02
6130 1.40
6131 1.54
6132 1.37
6133 1.84
6134 1.60
6135 1.85
6136 2.09
6137 1.96
6138 1.79
6139 1.86
6140 1.72
6141 6.02
6142 0.00
6143 0.00
6144 0.00
6145 0.00
6146 10.91
6147 13.04
6148 0.00
6149 27.27
6150 55.38
6151 10.30
6152 0.38
6153 1.78
6154 1.39
6155 1.67
6156 1.77
6157 1.56
6158 1.80
6159 2.09
6160 2.27
6161 2.07
6162 1.83
6163 1.49
6164 2.10
6165 4.68
6166 49.32
6167 1.72
6168 1.73
6169 0.23
6170 0.29
6171 0.00
6172 0.00
6173 0.00
6174 0.00
6175 0.00
6176 0.29
6177 1.57
6178 1.48
6179 1.45
6180 1.60
6181 1.52
6182 1.63
6183 1.64
6184 1.91
6185 2.02
6186 2.34
6187 1.75
6188 2.26
6189 2.16
6190 0.00
6191 0.64
6192 3.52
6193 0.33
6194 0.00
6195 0.00
6196 0.00
6197 0.00
6198 22.64
6199 31.30
6200 0.24
6201 1.07
6202 0.76
6203 0.86
6204 0.85
6205 0.92
6206 0.85
6207 1.12
6208 1.26
6209 1.20
6210 1.56
6211 4.56
6212 2.51
6213 1.78
6214 0.00
6215 0.00
6216 0.00
6217 0.00
6218 0.00
6219 0.00
6220 0.00
6221 22.22
6222 0.00
6223 31.58
6224 0.34
6225 1.32
6226 1.58
6227 1.57
6228 1.67
6229 1.82
6230 1.71
6231 2.09
6232 1.88
6233 2.55
6234 1.95
6235 1.52
6236 2.65
6237 5.92
6238 0.00
6239 9.00
6240 0.00
6241 1.19
6242 0.00
6243 0.00
6244 0.00
6245 26.37
6246 0.00
6247 18.00
6248 0.36
6249 1.53
6250 1.34
6251 1.61
6252 1.48
6253 1.74
6254 1.67
6255 1.89
6256 1.86
6257 3.26
6258 1.78
6259 1.66
6260 2.44
6261 5.76
6262 0.00
6263 0.00
6264 12.86
6265 5.38
6266 0.00
6267 2.53
6268 21.51
6269 17.37
6270 30.30
6271 16.04
6272 0.51
6273 0.78
6274 1.22
6275 1.46
6276 1.57
6277 1.33
6278 1.92
6279 1.70
6280 2.01
6281 2.07
6282 1.62
6283 1.23
6284 1.75
6285 5.16
6286 0.00
6287 0.00
6288 0.00
6289 0.06
6290 0.00
6291 0.00
6292 0.00
6293 0.00
6294 0.00
6295 28.80
6296 0.28
6297 1.34
6298 1.26
6299 1.61
6300 1.65
6301 1.38
6302 1.47
6303 1.86
6304 2.31
6305 2.23
6306 1.75
6307 1.27
6308 1.74
6309 5.21
6310 15.93
6311 8.13
6312 0.00
6313 0.06
6314 22.78
6315 0.00
6316 0.00
6317 0.00
6318 0.00
6319 0.00
6320 0.29
6321 1.47
6322 1.70
6323 1.52
6324 1.63
6325 1.61
6326 1.74
6327 1.93
6328 2.07
6329 2.30
6330 2.09
6331 1.35
6332 1.85
6333 3.52
6334 0.00
6335 9.86
6336 15.93
6337 0.08
6338 0.00
6339 0.00
6340 0.00
6341 0.00
6342 0.00
6343 0.00
6344 0.22
6345 2.59
6346 1.50
6347 1.83
6348 1.67
6349 1.96
6350 1.85
6351 1.49
6352 1.72
6353 2.40
6354 1.46
6355 1.72
6356 2.32
6357 3.41
6358 0.91
6359 0.52
6360 3.26
6361 0.12
6362 48.65
6363 0.00
6364 0.00
6365 0.00
6366 0.00
6367 0.00
6368 0.20
6369 1.34
6370 0.75
6371 1.13
6372 0.93
6373 0.89
6374 1.27
6375 0.96
6376 1.17
6377 1.15
6378 1.69
6379 3.45
6380 51.43
6381 43.90
6382 0.00
6383 1.86
6384 0.00
6385 0.10
6386 0.00
6387 5.11
6388 0.00
6389 0.00
6390 0.00
6391 0.00
6392 0.30
6393 1.08
6394 1.17
6395 1.83
6396 1.59
6397 1.64
6398 1.73
6399 1.91
6400 2.12
6401 1.85
6402 2.62
6403 1.62
6404 2.66
6405 5.39
6406 5.22
6407 0.00
6408 0.00
6409 0.06
6410 0.00
6411 0.00
6412 0.00
6413 23.92
6414 0.00
6415 0.00
6416 0.31
6417 1.00
6418 1.63
6419 1.38
6420 1.63
6421 1.33
6422 1.31
6423 1.76
6424 2.45
6425 2.58
6426 1.95
6427 1.38
6428 1.84
6429 4.64
6430 0.72
6431 9.73
6432 0.00
6433 0.06
6434 0.00
6435 0.00
6436 0.00
6437 0.00
6438 0.00
6439 0.00
6440 0.32
6441 1.75
6442 1.53
6443 1.58
6444 1.48
6445 1.32
6446 1.64
6447 1.90
6448 1.97
6449 2.29
6450 2.14
6451 1.56
6452 1.72
6453 3.83
6454 0.00
6455 19.35
6456 13.64
6457 0.06
6458 0.00
6459 0.00
6460 0.00
6461 0.00
6462 43.11
6463 26.28
6464 0.38
6465 1.66
6466 1.34
6467 1.07
6468 1.36
6469 1.45
6470 1.48
6471 1.81
6472 1.84
6473 1.88
6474 2.40
6475 1.59
6476 1.75
6477 5.79
6478 21.14
6479 0.00
6480 0.00
6481 0.06
6482 0.00
6483 0.00
6484 0.00
6485 46.15
6486 0.00
6487 42.35
6488 0.29
6489 1.27
6490 1.25
6491 1.41
6492 1.78
6493 1.48
6494 1.53
6495 2.01
6496 2.41
6497 2.27
6498 2.04
6499 1.48
6500 1.83
6501 4.43
6502 17.56
6503 9.33
6504 0.00
6505 0.12
6506 0.00
6507 0.00
6508 0.00
6509 0.00
6510 0.00
6511 0.00
6512 0.23
6513 2.59
6514 2.15
6515 1.99
6516 2.17
6517 1.93
6518 1.41
6519 1.35
6520 1.92
6521 2.18
6522 1.58
6523 1.95
6524 2.21
6525 5.58
6526 0.00
6527 10.92
6528 0.00
6529 0.08
6530 29.63
6531 0.00
6532 0.00
6533 0.00
6534 0.00
6535 0.00
6536 0.18
6537 1.01
6538 0.83
6539 1.12
6540 0.94
6541 0.91
6542 0.94
6543 0.97
6544 1.14
6545 1.46
6546 2.13
6547 4.05
6548 0.00
6549 0.00
6550 0.00
6551 5.65
6552 42.86
6553 6.27
6554 0.00
6555 0.00
6556 0.00
6557 0.00
6558 0.00
6559 0.00
6560 0.52
6561 1.25
6562 2.20
6563 2.28
6564 1.95
6565 1.90
6566 2.18
6567 1.67
6568 2.13
6569 1.51
6570 1.53
6571 1.94
6572 1.93
6573 4.86
6574 0.00
6575 0.00
6576 0.00
6577 0.00
6578 0.31
6579 0.00
6580 0.00
6581 0.00
6582 48.00
6583 0.00
6584 0.41
6585 2.09
6586 0.79
6587 1.02
6588 0.92
6589 0.88
6590 0.86
6591 1.07
6592 1.00
6593 1.27
6594 1.81
6595 3.26
6596 10.91
6597 12.90
6598 0.00
6599 0.00
6600 0.00
6601 0.00
6602 0.00
6603 0.00
6604 0.00
6605 59.02
6606 0.00
6607 0.00
6608 1.52
6609 3.27
6610 1.59
6611 1.79
6612 1.69
6613 2.06
6614 1.70
6615 2.11
6616 2.11
6617 2.45
6618 2.52
6619 2.01
6620 2.58
6621 9.40
6622 0.00
6623 0.00
6624 0.00
6625 0.00
6626 0.00
6627 0.00
6628 0.00
6629 0.00
6630 12.12
6631 3.14
6632 2.14
6633 2.97
6634 1.43
6635 1.58
6636 1.48
6637 1.31
6638 1.52
6639 1.93
6640 1.67
6641 1.92
6642 2.20
6643 1.69
6644 2.12
6645 4.78
6646 0.00
6647 0.00
6648 0.00
6649 0.00
6650 0.00
6651 0.00
6652 0.00
6653 50.70
6654 0.00
6655 0.00
6656 1.77
6657 2.15
6658 1.71
6659 1.61
6660 1.65
6661 1.71
6662 1.61
6663 1.70
6664 1.88
6665 2.60
6666 2.09
6667 2.09
6668 2.84
6669 7.76
6670 0.00
6671 18.09
6672 0.00
6673 0.00
6674 0.00
6675 0.00
6676 0.00
6677 0.00
6678 53.73
6679 1.28
6680 1.60
6681 1.88
6682 1.54
6683 1.57
6684 1.87
6685 1.71
6686 1.81
6687 1.65
6688 2.19
6689 2.32
6690 1.86
6691 1.99
6692 1.86
6693 5.03
6694 3.65
6695 0.00
6696 0.00
6697 0.00
6698 0.00
6699 0.00
6700 0.00
6701 33.33
6702 57.14
6703 0.00
6704 1.23
6705 2.12
6706 1.55
6707 1.34
6708 1.66
6709 1.51
6710 1.56
6711 2.27
6712 2.77
6713 2.40
6714 2.23
6715 1.84
6716 1.92
6717 4.16
6718 27.69
6719 25.84
6720 0.00
6721 0.00
6722 0.00
6723 0.00
6724 0.00
6725 0.00
6726 0.00
6727 0.00
6728 0.71
6729 2.11
6730 2.88
6731 2.20
6732 1.53
6733 1.88
6734 1.72
6735 1.91
6736 2.20
6737 2.03
6738 1.48
6739 1.41
6740 1.87
6741 4.19
6742 0.00
6743 27.53
6744 42.35
6745 0.53
6746 0.00
6747 5.66
6748 37.50
6749 0.00
6750 0.00
6751 0.00
6752 0.48
6753 0.94
6754 0.84
6755 0.95
6756 0.92
6757 0.92
6758 0.93
6759 0.95
6760 0.94
6761 1.07
6762 1.65
6763 5.27
6764 1.17
6765 15.13
6766 24.32
6767 33.96
6768 0.00
6769 0.00
6770 0.00
6771 0.00
6772 0.00
6773 0.00
6774 0.00
6775 0.00
6776 1.59
6777 2.61
6778 1.47
6779 1.56
6780 1.73
6781 1.68
6782 1.56
6783 1.95
6784 2.57
6785 2.13
6786 2.34
6787 2.37
6788 2.34
6789 5.05
6790 0.00
6791 0.00
6792 0.00
6793 0.00
6794 0.00
6795 0.00
6796 0.00
6797 19.41
6798 0.00
6799 0.00
6800 1.39
6801 2.09
6802 1.35
6803 1.27
6804 1.65
6805 1.70
6806 1.74
6807 1.62
6808 2.09
6809 2.48
6810 1.95
6811 1.90
6812 1.82
6813 5.98
6814 0.00
6815 0.00
6816 0.00
6817 0.00
6818 0.00
6819 0.00
6820 0.00
6821 0.00
6822 0.00
6823 0.00
6824 1.37
6825 1.81
6826 1.57
6827 1.53
6828 1.42
6829 1.60
6830 1.50
6831 1.81
6832 2.35
6833 2.26
6834 1.98
6835 1.75
6836 2.28
6837 6.03
6838 0.00
6839 0.00
6840 16.98
6841 0.00
6842 0.00
6843 0.00
6844 0.00
6845 22.22
6846 0.00
6847 1.24
6848 1.08
6849 2.42
6850 1.67
6851 1.31
6852 1.70
6853 1.29
6854 1.48
6855 1.69
6856 2.01
6857 2.34
6858 1.90
6859 1.73
6860 1.98
6861 5.29
6862 0.00
6863 0.00
6864 0.00
6865 2.15
6866 25.99
6867 0.00
6868 0.00
6869 47.37
6870 0.00
6871 0.00
6872 1.01
6873 2.54
6874 1.74
6875 2.10
6876 1.59
6877 1.42
6878 1.87
6879 1.97
6880 2.30
6881 2.22
6882 2.04
6883 2.06
6884 1.97
6885 5.53
6886 15.45
6887 37.89
6888 4.20
6889 15.58
6890 0.00
6891 7.96
6892 0.00
6893 16.44
6894 0.00
6895 0.00
6896 0.89
6897 1.56
6898 1.09
6899 1.56
6900 1.72
6901 2.06
6902 1.89
6903 1.97
6904 1.77
6905 1.78
6906 1.74
6907 1.65
6908 2.02
6909 4.53
6910 0.00
6911 2.70
6912 15.08
6913 0.00
6914 0.00
6915 0.00
6916 0.00
6917 0.00
6918 0.00
6919 0.00
6920 0.45
6921 0.85
6922 0.80
6923 0.84
6924 0.87
6925 0.87
6926 0.86
6927 0.87
6928 0.99
6929 1.21
6930 1.87
6931 4.11
6932 0.00
6933 55.38
6934 0.00
6935 0.00
6936 0.00
6937 2.47
6938 0.00
6939 0.00
6940 0.00
6941 40.45
6942 0.00
6943 3.94
6944 1.34
6945 2.60
6946 2.38
6947 1.71
6948 1.76
6949 1.69
6950 1.73
6951 1.74
6952 1.93
6953 2.01
6954 2.01
6955 1.86
6956 2.57
6957 5.72
6958 0.00
6959 0.00
6960 0.00
6961 0.00
6962 50.70
6963 0.00
6964 0.00
6965 0.00
6966 20.57
6967 0.00
6968 1.32
6969 2.29
6970 1.70
6971 1.39
6972 1.83
6973 1.63
6974 1.95
6975 1.81
6976 2.74
6977 2.22
6978 1.82
6979 1.72
6980 2.05
6981 5.34
6982 0.00
6983 0.00
6984 0.00
6985 0.00
6986 0.00
6987 0.00
6988 0.00
6989 0.00
6990 24.00
6991 3.32
6992 1.20
6993 1.58
6994 1.58
6995 1.59
6996 1.37
6997 1.40
6998 1.60
6999 2.09
7000 2.34
7001 2.01
7002 2.08
7003 1.70
7004 2.04
7005 3.66
7006 0.00
7007 0.00
7008 0.00
7009 1.10
7010 0.00
7011 0.00
7012 0.00
7013 0.00
7014 19.78
7015 0.00
7016 0.94
7017 2.40
7018 1.81
7019 1.93
7020 1.60
7021 1.71
7022 1.74
7023 1.86
7024 2.05
7025 1.95
7026 1.73
7027 2.13
7028 1.84
7029 5.61
7030 0.00
7031 0.00
7032 0.00
7033 0.00
7034 0.00
7035 0.00
7036 0.00
7037 59.02
7038 0.00
7039 0.00
7040 0.97
7041 2.12
7042 1.61
7043 1.90
7044 1.89
7045 1.52
7046 1.83
7047 1.77
7048 2.37
7049 2.12
7050 2.42
7051 2.29
7052 2.10
7053 5.38
7054 35.64
7055 1.39
7056 0.00
7057 0.71
7058 52.94
7059 0.00
7060 0.57
7061 0.00
7062 11.92
7063 0.00
7064 0.56
7065 1.56
7066 1.62
7067 1.45
7068 1.41
7069 1.74
7070 1.75
7071 1.51
7072 1.46
7073 2.33
7074 1.54
7075 1.84
7076 1.91
7077 2.80
7078 0.00
7079 0.00
7080 14.55
7081 0.24
7082 0.00
7083 0.00
7084 0.00
7085 0.00
7086 0.00
7087 0.00
7088 0.40
7089 1.25
7090 1.06
7091 1.08
7092 1.20
7093 0.97
7094 0.89
7095 0.90
7096 0.92
7097 1.13
7098 1.73
7099 4.28
7100 7.33
7101 0.00
7102 0.00
7103 44.44
7104 0.00
7105 0.00
7106 0.00
7107 0.00
7108 0.00
7109 54.55
7110 20.81
7111 2.62
7112 1.12
7113 2.54
7114 1.55
7115 1.76
7116 1.71
7117 1.66
7118 1.96
7119 2.07
7120 2.35
7121 2.43
7122 3.03
7123 2.37
7124 2.11
7125 4.84
7126 5.74
7127 0.00
7128 0.00
7129 3.57
7130 18.56
7131 0.00
7132 0.00
7133 14.81
7134 0.00
7135 0.00
7136 1.24
7137 3.58
7138 1.65
7139 1.65
7140 1.55
7141 1.54
7142 1.65
7143 1.57
7144 2.09
7145 2.85
7146 1.73
7147 1.52
7148 1.77
7149 6.30
7150 0.00
7151 0.00
7152 0.00
7153 1.44
7154 0.00
7155 0.00
7156 0.00
7157 0.00
7158 0.00
7159 0.00
7160 1.12
7161 2.33
7162 1.64
7163 1.67
7164 1.87
7165 1.57
7166 1.76
7167 2.09
7168 1.68
7169 1.77
7170 1.81
7171 1.54
7172 1.97
7173 4.43
7174 0.00
7175 0.00
7176 0.00
7177 0.00
7178 0.00
7179 0.00
7180 0.00
7181 48.00
7182 0.00
7183 0.90
7184 1.03
7185 2.27
7186 1.38
7187 1.57
7188 1.92
7189 1.56
7190 1.79
7191 1.78
7192 2.07
7193 2.50
7194 1.80
7195 1.63
7196 2.18
7197 4.61
7198 0.00
7199 4.16
7200 0.00
7201 0.00
7202 41.38
7203 5.37
7204 0.00
7205 0.00
7206 0.00
7207 0.00
7208 1.01
7209 2.82
7210 1.46
7211 1.48
7212 1.74
7213 1.74
7214 1.68
7215 2.47
7216 2.40
7217 2.57
7218 2.64
7219 1.95
7220 2.28
7221 4.18
7222 16.05
7223 15.09
7224 0.00
7225 4.24
7226 7.74
7227 0.00
7228 0.00
7229 0.00
7230 0.00
7231 0.00
7232 0.91
7233 2.00
7234 1.75
7235 1.76
7236 1.64
7237 1.80
7238 1.55
7239 1.67
7240 1.95
7241 1.61
7242 1.87
7243 2.10
7244 2.27
7245 5.92
7246 0.00
7247 7.79
7248 0.00
7249 36.73
7250 0.00
7251 0.00
7252 0.00
7253 0.00
7254 0.00
7255 0.00
7256 0.37
7257 1.05
7258 0.81
7259 0.92
7260 1.05
7261 0.82
7262 0.96
7263 0.84
7264 1.04
7265 1.01
7266 2.02
7267 2.89
7268 0.00
7269 17.48
7270 0.00
7271 0.00
7272 0.00
7273 0.00
7274 0.00
7275 6.25
7276 0.00
7277 28.57
7278 0.00
7279 0.00
7280 1.09
7281 2.91
7282 1.86
7283 2.18
7284 1.78
7285 1.62
7286 1.67
7287 2.07
7288 2.04
7289 2.38
7290 2.92
7291 1.94
7292 2.40
7293 6.59
7294 12.86
7295 0.00
7296 0.00
7297 0.00
7298 0.00
7299 12.72
7300 0.00
7301 15.19
7302 0.00
7303 0.00
7304 0.25
7305 0.34
7306 0.34
7307 1.19
7308 0.87
7309 0.84
7310 0.81
7311 0.77
7312 1.04
7313 1.05
7314 1.25
7315 1.40
7316 1.73
7317 4.32
7318 0.00
7319 41.86
7320 0.00
7321 1.06
7322 0.00
7323 0.00
7324 0.00
7325 0.00
7326 0.00
7327 19.78
7328 1.31
7329 3.34
7330 1.62
7331 1.52
7332 1.66
7333 1.65
7334 1.66
7335 1.70
7336 1.90
7337 2.68
7338 1.75
7339 1.66
7340 2.68
7341 6.87
7342 0.00
7343 0.00
7344 0.00
7345 1.59
7346 0.00
7347 0.00
7348 0.00
7349 52.17
7350 24.00
7351 0.00
7352 0.77
7353 2.89
7354 1.67
7355 1.86
7356 1.82
7357 1.52
7358 1.74
7359 1.73
7360 2.35
7361 2.44
7362 1.77
7363 1.67
7364 2.26
7365 5.73
7366 0.00
7367 0.00
7368 0.00
7369 0.00
7370 0.00
7371 0.00
7372 0.00
7373 47.68
7374 0.00
7375 3.09
7376 0.71
7377 2.29
7378 1.40
7379 1.72
7380 1.39
7381 1.57
7382 1.75
7383 1.87
7384 2.41
7385 2.57
7386 2.40
7387 1.97
7388 1.85
7389 5.04
7390 0.74
7391 39.78
7392 0.00
7393 0.67
7394 0.00
7395 0.00
7396 0.00
7397 0.00
7398 51.43
7399 0.00
7400 0.44
7401 1.81
7402 1.65
7403 1.49
7404 1.77
7405 1.79
7406 1.77
7407 1.52
7408 2.26
7409 2.32
7410 1.90
7411 1.62
7412 1.83
7413 4.65
7414 1.42
7415 0.56
7416 5.71
7417 0.30
7418 15.00
7419 58.06
7420 0.00
7421 9.86
7422 0.00
7423 0.00
7424 0.37
7425 1.13
7426 0.81
7427 0.79
7428 0.87
7429 1.01
7430 0.95
7431 0.96
7432 0.97
7433 1.21
7434 1.55
7435 4.98
7436 0.26
7437 37.89
7438 50.00
7439 0.00
7440 18.09
7441 0.00
7442 0.00
7443 0.00
7444 0.00
7445 55.38
7446 0.00
7447 0.00
7448 0.74
7449 2.99
7450 1.47
7451 1.42
7452 1.79
7453 1.87
7454 1.97
7455 1.83
7456 2.11
7457 2.44
7458 2.64
7459 1.71
7460 2.30
7461 6.55
7462 0.00
7463 0.00
7464 0.00
7465 0.00
7466 0.00
7467 40.91
7468 0.00
7469 14.34
7470 0.00
7471 0.00
7472 0.69
7473 2.97
7474 2.25
7475 1.33
7476 1.71
7477 1.47
7478 1.43
7479 1.71
7480 2.16
7481 2.42
7482 1.69
7483 1.62
7484 2.15
7485 6.13
7486 0.00
7487 10.53
7488 0.00
7489 0.00
7490 0.00
7491 0.00
7492 0.00
7493 50.00
7494 56.25
7495 14.69
7496 0.56
7497 3.35
7498 2.08
7499 1.59
7500 2.13
7501 1.69
7502 1.55
7503 1.46
7504 2.55
7505 2.62
7506 2.71
7507 1.77
7508 2.38
7509 7.23
7510 34.29
7511 32.73
7512 0.00
7513 0.00
7514 0.00
7515 0.00
7516 0.00
7517 44.44
7518 17.52
7519 0.00
7520 0.62
7521 2.88
7522 1.74
7523 1.53
7524 2.08
7525 1.66
7526 1.69
7527 1.94
7528 2.08
7529 2.40
7530 2.10
7531 2.02
7532 1.83
7533 4.94
7534 40.91
7535 0.00
7536 0.00
7537 0.00
7538 0.00
7539 0.00
7540 0.00
7541 49.32
7542 0.00
7543 0.00
7544 0.61
7545 2.21
7546 1.80
7547 1.59
7548 1.29
7549 1.92
7550 1.79
7551 2.03
7552 2.49
7553 2.36
7554 2.22
7555 1.82
7556 1.80
7557 5.68
7558 9.42
7559 56.25
7560 35.64
7561 2.90
7562 0.00
7563 0.00
7564 0.00
7565 0.00
7566 0.00
7567 0.00
7568 0.40
7569 2.32
7570 2.57
7571 1.39
7572 1.32
7573 2.11
7574 1.85
7575 1.33
7576 2.14
7577 1.87
7578 1.81
7579 1.80
7580 2.25
7581 5.35
7582 11.07
7583 32.73
7584 3.29
7585 0.89
7586 0.00
7587 0.00
7588 3.41
7589 0.00
7590 0.00
7591 0.00
7592 0.30
7593 1.00
7594 0.78
7595 0.95
7596 0.83
7597 0.83
7598 0.91
7599 0.85
7600 1.12
7601 1.21
7602 1.86
7603 4.19
7604 0.00
7605 13.33
7606 0.00
7607 0.00
7608 0.00
7609 0.00
7610 0.00
7611 0.00
7612 0.00
7613 42.35
7614 0.00
7615 9.97
7616 0.86
7617 2.55
7618 1.69
7619 1.44
7620 2.34
7621 1.87
7622 1.80
7623 1.96
7624 2.43
7625 1.76
7626 2.65
7627 2.05
7628 2.06
7629 7.86
7630 5.06
7631 0.00
7632 0.00
7633 0.00
7634 0.00
7635 0.00
7636 0.00
7637 14.52
7638 0.00
7639 1.50
7640 1.15
7641 2.29
7642 1.71
7643 1.58
7644 1.43
7645 1.57
7646 2.06
7647 2.14
7648 1.99
7649 2.36
7650 2.34
7651 1.82
7652 2.22
7653 4.84
7654 49.32
7655 0.00
7656 0.00
7657 0.00
7658 0.00
7659 0.00
7660 0.00
7661 0.00
7662 0.00
7663 0.00
7664 1.07
7665 1.49
7666 1.25
7667 1.41
7668 1.55
7669 1.71
7670 1.81
7671 2.27
7672 2.67
7673 2.24
7674 1.88
7675 1.63
7676 1.92
7677 4.99
7678 25.17
7679 0.00
7680 0.00
7681 0.00
7682 0.00
7683 0.00
7684 0.00
7685 55.38
7686 41.86
7687 6.14
7688 0.89
7689 2.95
7690 1.48
7691 1.67
7692 1.63
7693 1.64
7694 1.66
7695 1.95
7696 2.01
7697 2.06
7698 1.62
7699 1.81
7700 2.05
7701 4.45
7702 0.00
7703 5.19
7704 0.00
7705 0.00
7706 0.00
7707 0.00
7708 0.00
7709 0.00
7710 0.00
7711 11.13
7712 1.00
7713 2.04
7714 1.55
7715 1.53
7716 2.02
7717 2.25
7718 2.07
7719 2.40
7720 2.79
7721 2.44
7722 2.21
7723 1.81
7724 2.15
7725 4.20
7726 1.00
7727 0.00
7728 2.42
7729 4.77
7730 5.86
7731 0.00
7732 5.84
7733 0.00
7734 0.00
7735 1.76
7736 0.69
7737 2.17
7738 1.95
7739 1.37
7740 1.86
7741 1.65
7742 1.56
7743 1.56
7744 1.66
7745 2.61
7746 1.34
7747 1.79
7748 1.91
7749 3.27
7750 0.00
7751 2.13
7752 12.57
7753 54.55
7754 0.00
7755 0.00
7756 0.00
7757 0.00
7758 0.00
7759 0.00
7760 0.31
7761 1.69
7762 0.89
7763 0.95
7764 0.93
7765 0.83
7766 0.91
7767 1.02
7768 0.97
7769 0.88
7770 1.41
7771 4.02
7772 0.00
7773 0.00
7774 0.00
7775 8.47
7776 5.99
7777 0.00
7778 0.00
7779 0.00
7780 0.00
7781 0.00
7782 29.75
7783 2.55
7784 1.11
7785 1.45
7786 2.00
7787 1.66
7788 1.58
7789 1.76
7790 1.88
7791 2.11
7792 2.58
7793 2.34
7794 1.75
7795 1.71
7796 2.57
7797 6.74
7798 0.00
7799 0.00
7800 37.50
7801 0.00
7802 0.00
7803 0.00
7804 0.00
7805 0.00
7806 0.00
7807 0.00
7808 0.97
7809 1.87
7810 1.55
7811 1.72
7812 1.79
7813 1.81
7814 1.86
7815 2.07
7816 2.37
7817 2.86
7818 2.42
7819 1.70
7820 2.00
7821 4.89
7822 5.32
7823 0.00
7824 56.25
7825 0.00
7826 27.48
7827 0.00
7828 0.00
7829 0.00
7830 0.00
7831 0.00
7832 1.30
7833 1.68
7834 1.90
7835 1.81
7836 1.94
7837 1.73
7838 1.97
7839 1.90
7840 2.19
7841 2.08
7842 1.94
7843 1.93
7844 2.02
7845 5.72
7846 0.00
7847 0.00
7848 53.33
7849 0.00
7850 0.00
7851 0.00
7852 0.00
7853 0.00
7854 9.84
7855 3.66
7856 1.52
7857 1.75
7858 1.69
7859 1.97
7860 1.86
7861 1.52
7862 1.88
7863 1.91
7864 2.17
7865 1.84
7866 2.06
7867 1.92
7868 1.99
7869 5.60
7870 0.81
7871 0.85
7872 13.00
7873 2.76
7874 0.00
7875 0.00
7876 0.00
7877 50.70
7878 0.00
7879 1.13
7880 1.08
7881 2.02
7882 2.10
7883 1.85
7884 2.33
7885 2.09
7886 1.89
7887 2.17
7888 2.32
7889 1.83
7890 1.67
7891 1.90
7892 1.86
7893 3.14
7894 1.64
7895 0.00
7896 52.94
7897 0.44
7898 48.65
7899 0.00
7900 0.00
7901 0.00
7902 0.00
7903 59.02
7904 0.67
7905 2.18
7906 1.67
7907 1.67
7908 1.88
7909 1.52
7910 1.47
7911 1.48
7912 1.62
7913 1.80
7914 1.94
7915 1.88
7916 2.11
7917 2.88
7918 0.71
7919 11.46
7920 7.21
7921 1.03
7922 0.00
7923 0.00
7924 0.00
7925 25.53
7926 0.00
7927 0.00
7928 0.41
7929 0.94
7930 0.78
7931 0.82
7932 0.86
7933 0.90
7934 0.95
7935 0.77
7936 0.84
7937 1.06
7938 1.92
7939 4.46
7940 40.91
7941 0.00
7942 0.00
7943 9.42
7944 0.00
7945 0.00
7946 0.00
7947 0.00
7948 0.00
7949 0.00
7950 0.00
7951 0.00
7952 1.14
7953 1.67
7954 1.23
7955 1.89
7956 2.22
7957 1.87
7958 1.54
7959 2.26
7960 2.32
7961 2.25
7962 2.15
7963 1.78
7964 2.64
7965 5.41
7966 0.00
7967 1.57
7968 0.00
7969 0.00
7970 0.00
7971 0.00
7972 0.00
7973 13.48
7974 0.00
7975 0.00
7976 1.43
7977 1.59
7978 1.62
7979 1.54
7980 1.96
7981 1.88
7982 2.18
7983 2.07
7984 2.59
7985 2.31
7986 2.27
7987 1.67
7988 2.12
7989 5.38
7990 0.00
7991 30.38
7992 0.00
7993 2.72
7994 0.00
7995 38.30
7996 0.00
7997 50.70
7998 46.15
7999 0.00
8000 1.06
8001 2.07
8002 1.47
8003 1.56
8004 1.91
8005 1.79
8006 1.90
8007 2.18
8008 1.91
8009 2.02
8010 1.72
8011 1.72
8012 1.83
8013 3.90
8014 0.00
8015 0.00
8016 0.00
8017 0.00
8018 0.00
8019 0.00
8020 0.00
8021 0.00
8022 0.00
8023 0.00
8024 1.36
8025 2.79
8026 1.55
8027 1.95
8028 1.88
8029 1.43
8030 1.68
8031 2.14
8032 2.51
8033 2.26
8034 1.92
8035 1.64
8036 1.93
8037 5.05
8038 1.15
8039 0.70
8040 1.60
8041 0.16
8042 0.00
8043 0.00
8044 0.00
8045 0.00
8046 0.00
8047 0.00
8048 0.94
8049 2.00
8050 1.32
8051 1.73
8052 1.84
8053 1.61
8054 1.69
8055 1.93
8056 2.31
8057 1.99
8058 2.04
8059 1.68
8060 2.07
8061 5.62
8062 1.07
8063 6.67
8064 16.74
8065 1.05
8066 0.00
8067 0.00
8068 0.00
8069 0.00
8070 0.00
8071 0.00
8072 0.78
8073 1.54
8074 1.06
8075 1.75
8076 1.72
8077 1.69
8078 1.89
8079 2.21
8080 1.93
8081 2.32
8082 2.20
8083 1.54
8084 1.98
8085 3.03
8086 0.00
8087 0.00
8088 3.42
8089 0.12
8090 0.00
8091 34.62
8092 0.00
8093 0.00
8094 0.00
8095 0.00
8096 0.33
8097 1.21
8098 1.10
8099 1.01
8100 1.05
8101 1.00
8102 0.94
8103 1.04
8104 1.12
8105 1.21
8106 2.19
8107 4.68
8108 0.00
8109 0.00
8110 47.37
8111 9.73
8112 0.00
8113 0.04
8114 10.34
8115 0.00
8116 0.00
8117 0.00
8118 0.00
8119 0.00
8120 0.78
8121 1.80
8122 1.53
8123 1.73
8124 2.55
8125 1.56
8126 1.81
8127 1.96
8128 2.37
8129 1.67
8130 1.92
8131 2.21
8132 2.38
8133 4.82
8134 0.00
8135 0.00
8136 0.00
8137 0.04
8138 0.00
8139 0.00
8140 0.00
8141 0.00
8142 15.38
8143 0.00
8144 0.86
8145 1.60
8146 1.46
8147 1.81
8148 1.74
8149 2.22
8150 1.87
8151 2.01
8152 2.14
8153 1.87
8154 1.87
8155 1.69
8156 1.79
8157 3.61
8158 0.00
8159 0.00
8160 0.00
8161 4.72
8162 0.00
8163 0.00
8164 0.00
8165 48.65
8166 0.00
8167 5.54
8168 0.87
8169 2.24
8170 1.64
8171 1.96
8172 2.33
8173 1.93
8174 1.72
8175 2.29
8176 2.43
8177 2.30
8178 2.11
8179 1.61
8180 1.58
8181 3.80
8182 0.00
8183 0.00
8184 4.91
8185 0.85
8186 0.00
8187 0.00
8188 0.00
8189 48.65
8190 0.00
8191 0.00
8192 0.77
8193 1.76
8194 1.89
8195 1.52
8196 1.84
8197 1.78
8198 1.68
8199 2.15
8200 1.97
8201 2.49
8202 2.13
8203 2.34
8204 2.07
8205 3.97
8206 0.00
8207 15.45
8208 0.00
8209 0.31
8210 0.00
8211 0.00
8212 31.86
8213 42.60
8214 0.00
8215 0.00
8216 0.88
8217 1.66
8218 1.76
8219 2.17
8220 1.65
8221 1.72
8222 1.88
8223 2.05
8224 2.63
8225 1.95
8226 1.66
8227 1.41
8228 1.97
8229 5.45
8230 27.52
8231 35.82
8232 0.00
8233 52.94
8234 7.03
8235 0.00
8236 0.00
8237 0.00
8238 0.00
8239 0.00
8240 0.60
8241 2.24
8242 1.78
8243 1.44
8244 1.84
8245 2.28
8246 1.84
8247 2.10
8248 1.91
8249 2.48
8250 1.71
8251 1.77
8252 2.13
8253 2.66
8254 0.50
8255 2.04
8256 3.65
8257 0.43
8258 0.00
8259 0.00
8260 0.00
8261 0.00
8262 0.00
8263 0.00
8264 0.28
8265 1.47
8266 0.93
8267 0.96
8268 1.04
8269 0.91
8270 1.04
8271 1.03
8272 1.06
8273 1.19
8274 1.72
8275 4.46
8276 30.00
8277 1.11
8278 0.00
8279 5.02
8280 0.00
8281 0.00
8282 17.14
8283 0.00
8284 0.00
8285 45.00
8286 0.00
8287 50.00
8288 0.69
8289 1.42
8290 1.43
8291 1.51
8292 1.76
8293 1.88
8294 1.56
8295 1.81
8296 1.78
8297 1.90
8298 1.64
8299 1.66
8300 2.01
8301 6.28
8302 5.76
8303 13.04
8304 0.00
8305 0.00
8306 0.00
8307 0.00
8308 0.00
8309 0.00
8310 0.00
8311 0.00
8312 0.67
8313 1.86
8314 1.51
8315 1.64
8316 1.82
8317 1.73
8318 1.59
8319 1.66
8320 1.74
8321 1.63
8322 1.30
8323 1.44
8324 1.73
8325 4.11
8326 3.51
8327 0.00
8328 0.00
8329 44.44
8330 0.00
8331 0.00
8332 0.00
8333 0.00
8334 0.00
8335 36.73
8336 0.46
8337 1.31
8338 1.29
8339 1.67
8340 1.41
8341 1.48
8342 1.37
8343 1.74
8344 1.72
8345 2.17
8346 2.11
8347 1.45
8348 1.75
8349 4.78
8350 0.00
8351 18.00
8352 24.32
8353 0.00
8354 0.00
8355 0.00
8356 0.53
8357 0.00
8358 0.00
8359 0.00
8360 0.71
8361 2.13
8362 1.14
8363 1.55
8364 1.90
8365 1.50
8366 1.67
8367 1.88
8368 1.77
8369 1.90
8370 1.73
8371 2.12
8372 1.84
8373 4.39
8374 8.70
8375 0.00
8376 0.00
8377 7.10
8378 0.00
8379 0.30
8380 0.00
8381 0.00
8382 0.00
8383 0.00
8384 0.78
8385 1.88
8386 1.48
8387 1.60
8388 2.01
8389 1.75
8390 1.91
8391 2.20
8392 2.57
8393 2.94
8394 2.14
8395 1.68
8396 1.76
8397 2.66
8398 0.00
8399 25.71
8400 12.86
8401 34.62
8402 0.00
8403 0.00
8404 40.45
8405 0.00
8406 0.00
8407 4.61
8408 0.83
8409 1.49
8410 1.90
8411 2.16
8412 2.05
8413 2.09
8414 1.97
8415 2.94
8416 1.98
8417 2.79
8418 1.50
8419 1.74
8420 1.77
8421 3.47
8422 4.55
8423 7.48
8424 13.24
8425 24.00
8426 3.59
8427 15.55
8428 0.00
8429 0.00
8430 0.00
8431 0.00
8432 0.43
8433 1.23
8434 0.86
8435 1.04
8436 0.99
8437 0.77
8438 0.92
8439 0.96
8440 1.06
8441 1.09
8442 1.58
8443 5.53
8444 0.40
8445 0.00
8446 0.00
8447 0.00
8448 0.00
8449 0.00
8450 0.00
8451 0.00
8452 0.00
8453 49.32
8454 0.00
8455 0.00
8456 0.79
8457 1.56
8458 1.32
8459 1.52
8460 1.73
8461 1.51
8462 1.84
8463 1.90
8464 2.30
8465 2.16
8466 2.21
8467 1.87
8468 2.59
8469 7.02
8470 1.33
8471 0.00
8472 0.00
8473 0.00
8474 0.00
8475 0.11
8476 22.50
8477 14.57
8478 32.73
8479 49.32
8480 0.66
8481 1.39
8482 1.46
8483 1.61
8484 1.34
8485 1.53
8486 1.79
8487 1.74
8488 1.79
8489 2.10
8490 2.56
8491 1.72
8492 1.91
8493 6.48
8494 48.65
8495 3.06
8496 9.07
8497 0.00
8498 0.00
8499 0.00
8500 0.00
8501 0.00
8502 30.00
8503 0.00
8504 0.83
8505 1.04
8506 1.68
8507 1.90
8508 1.66
8509 1.39
8510 1.73
8511 2.01
8512 2.49
8513 2.11
8514 1.63
8515 1.15
8516 1.62
8517 3.35
8518 0.00
8519 22.86
8520 11.96
8521 0.00
8522 0.00
8523 0.00
8524 0.00
8525 17.22
8526 17.14
8527 0.00
8528 0.96
8529 1.67
8530 1.60
8531 1.68
8532 1.69
8533 1.60
8534 1.67
8535 1.88
8536 1.91
8537 2.07
8538 1.53
8539 1.43
8540 2.01
8541 5.20
8542 0.36
8543 0.00
8544 3.05
8545 0.35
8546 0.00
8547 0.00
8548 0.64
8549 22.36
8550 8.80
8551 35.29
8552 0.86
8553 1.47
8554 1.27
8555 1.47
8556 1.53
8557 1.68
8558 1.48
8559 1.53
8560 1.82
8561 1.61
8562 1.88
8563 1.88
8564 2.24
8565 5.12
8566 1.97
8567 21.21
8568 0.00
8569 7.55
8570 1.38
8571 0.00
8572 0.00
8573 0.00
8574 0.00
8575 0.00
8576 1.10
8577 1.92
8578 1.71
8579 1.91
8580 1.60
8581 1.86
8582 1.65
8583 1.69
8584 1.94
8585 1.81
8586 1.61
8587 1.59
8588 2.79
8589 5.14
8590 0.91
8591 0.00
8592 3.21
8593 0.24
8594 0.00
8595 0.00
8596 9.23
8597 0.00
8598 0.43
8599 8.04
8600 0.33
8601 0.58
8602 0.82
8603 0.84
8604 1.18
8605 1.02
8606 0.72
8607 0.72
8608 0.83
8609 1.32
8610 2.36
8611 6.08
8612 7.71
8613 0.00
8614 23.38
8615 33.64
8616 22.50
8617 0.16
8618 0.00
8619 0.00
8620 0.00
8621 0.00
8622 0.43
8623 0.00
8624 0.24
8625 0.49
8626 0.51
8627 0.53
8628 0.59
8629 0.64
8630 0.57
8631 0.61
8632 0.73
8633 0.71
8634 0.88
8635 1.20
8636 1.63
8637 5.97
8638 0.00
8639 12.73
8640 5.98
8641 0.72
8642 3.58
8643 0.00
8644 0.00
8645 0.00
8646 0.00
8647 0.00
8648 0.30
8649 0.87
8650 0.70
8651 0.89
8652 0.79
8653 0.70
8654 0.76
8655 0.85
8656 0.97
8657 1.10
8658 1.19
8659 1.30
8660 1.90
8661 5.51
8662 36.36
8663 0.00
8664 1.55
8665 2.51
8666 0.00
8667 0.00
8668 0.00
8669 0.00
8670 0.00
8671 0.00
8672 0.88
8673 1.91
8674 2.32
8675 1.87
8676 1.27
8677 1.79
8678 1.62
8679 1.44
8680 1.93
8681 1.67
8682 2.59
8683 2.21
8684 2.77
8685 5.96
8686 0.00
8687 4.92
8688 0.00
8689 9.33
8690 0.00
8691 0.00
8692 0.00
8693 0.00
8694 0.00
8695 0.44
8696 0.74
8697 1.84
8698 1.78
8699 2.05
8700 1.50
8701 1.50
8702 1.77
8703 1.58
8704 1.89
8705 1.69
8706 2.29
8707 1.74
8708 2.26
8709 7.46
8710 1.79
8711 2.01
8712 1.73
8713 0.42
8714 0.00
8715 0.00
8716 38.30
8717 8.57
8718 0.00
8719 0.00
8720 0.66
8721 2.02
8722 1.91
8723 1.42
8724 1.44
8725 1.48
8726 1.55
8727 1.64
8728 1.74
8729 1.97
8730 1.57
8731 1.85
8732 2.11
8733 5.25
8734 0.43
8735 8.71
8736 0.00
8737 2.29
8738 36.00
8739 0.00
8740 0.00
8741 0.00
8742 0.00
8743 0.00
8744 0.51
8745 2.18
8746 2.04
8747 1.36
8748 2.06
8749 2.37
8750 2.09
8751 2.28
8752 1.79
8753 2.20
8754 1.67
8755 1.94
8756 2.57
8757 8.02
8758 7.74
8759 3.61
8760 2.19
