1 3
2 0
3 0
4 0
5 0
6 0
7 7
8 63
9 23
10 21
11 37
12 40
13 48
14 37
15 59
16 40
17 46
18 48
19 32
20 0
21 1
22 1
23 0
24 0
25 1
26 0
27 0
28 0
29 0
30 0
31 5
32 54
33 45
34 45
35 50
36 59
37 66
38 81
39 52
40 36
41 41
42 36
43 60
44 48
45 17
46 0
47 0
48 0
49 1
50 0
51 0
52 0
53 0
54 2
55 40
56 135
57 204
58 225
59 274
60 318
61 332
62 296
63 245
64 171
65 159
66 112
67 106
68 73
69 18
70 0
71 0
72 0
73 1
74 0
75 0
76 0
77 0
78 1
79 13
80 87
81 103
82 136
83 121
84 149
85 178
86 159
87 136
88 118
89 170
90 300
91 173
92 159
93 45
94 0
95 0
96 0
97 1
98 0
99 0
100 0
101 1
102 3
103 71
104 157
105 214
106 261
107 304
108 364
109 331
110 321
111 243
112 168
113 110
114 109
115 91
116 75
117 28
118 0
119 0
120 0
121 2
122 0
123 0
124 0
125 0
126 4
127 76
128 177
129 177
130 243
131 277
132 305
133 309
134 276
135 276
136 228
137 177
138 103
139 82
140 70
141 20
142 2
143 0
144 0
145 1
146 0
147 0
148 0
149 2
150 2
151 107
152 243
153 245
154 282
155 344
156 327
157 329
158 343
159 291
160 196
161 120
162 80
163 75
164 62
165 23
166 0
167 0
168 1
169 1
170 1
171 2
172 0
173 0
174 2
175 29
176 137
177 134
178 190
179 234
180 241
181 213
182 212
183 206
184 224
185 144
186 76
187 37
188 1
189 0
190 0
191 0
192 0
193 1
194 0
195 0
196 0
197 0
198 0
199 17
200 78
201 64
202 110
203 104
204 125
205 144
206 129
207 117
208 106
209 99
210 119
211 83
212 41
213 23
214 0
215 0
216 0
217 0
218 0
219 0
220 0
221 0
222 2
223 56
224 149
225 158
226 245
227 312
228 305
229 343
230 357
231 204
232 156
233 113
234 114
235 80
236 50
237 25
238 1
239 0
240 0
241 0
242 0
243 0
244 0
245 0
246 0
247 23
248 100
249 108
250 129
251 144
252 153
253 176
254 139
255 139
256 140
257 158
258 270
259 237
260 170
261 51
262 0
263 2
264 1
265 0
266 0
267 0
268 0
269 0
270 3
271 57
272 162
273 176
274 240
275 313
276 327
277 323
278 333
279 239
280 165
281 132
282 140
283 107
284 85
285 32
286 0
287 1
288 2
289 2
290 0
291 0
292 0
293 0
294 5
295 61
296 173
297 208
298 256
299 302
300 312
301 316
302 295
303 300
304 260
305 208
306 149
307 95
308 73
309 33
310 1
311 1
312 0
313 1
314 0
315 0
316 0
317 1
318 4
319 105
320 232
321 211
322 264
323 347
324 304
325 279
326 321
327 274
328 220
329 129
330 84
331 83
332 83
333 28
334 0
335 1
336 0
337 0
338 0
339 0
340 0
341 0
342 1
343 31
344 132
345 157
346 224
347 259
348 211
349 229
350 209
351 211
352 202
353 125
354 86
355 43
356 0
357 1
358 0
359 0
360 0
361 0
362 0
363 0
364 0
365 0
366 0
367 15
368 107
369 114
370 84
371 124
372 151
373 182
374 177
375 149
376 149
377 158
378 149
379 76
380 60
381 17
382 0
383 0
384 0
385 1
386 0
387 0
388 0
389 0
390 1
391 41
392 173
393 195
394 254
395 291
396 332
397 317
398 295
399 179
400 149
401 145
402 136
403 81
404 78
405 14
406 0
407 0
408 1
409 0
410 1
411 0
412 0
413 0
414 0
415 10
416 74
417 88
418 124
419 147
420 166
421 184
422 162
423 140
424 120
425 154
426 316
427 173
428 159
429 32
430 0
431 1
432 0
433 1
434 0
435 0
436 0
437 0
438 2
439 54
440 157
441 203
442 276
443 296
444 335
445 310
446 289
447 226
448 159
449 129
450 145
451 94
452 94
453 29
454 1
455 0
456 0
457 0
458 0
459 0
460 0
461 1
462 3
463 76
464 181
465 198
466 249
467 298
468 322
469 325
470 319
471 275
472 238
473 172
474 158
475 129
476 89
477 24
478 2
479 0
480 1
481 2
482 0
483 1
484 0
485 4
486 4
487 125
488 239
489 235
490 299
491 317
492 363
493 307
494 337
495 294
496 258
497 115
498 72
499 100
500 80
501 27
502 0
503 0
504 0
505 1
506 0
507 0
508 0
509 0
510 1
511 54
512 165
513 170
514 250
515 284
516 251
517 267
518 284
519 241
520 225
521 116
522 131
523 45
524 0
525 1
526 0
527 1
528 0
529 0
530 0
531 0
532 0
533 1
534 0
535 14
536 78
537 98
538 135
539 159
540 147
541 162
542 194
543 180
544 138
545 157
546 148
547 103
548 91
549 30
550 1
551 0
552 0
553 1
554 0
555 0
556 0
557 0
558 1
559 54
560 189
561 182
562 284
563 326
564 368
565 338
566 304
567 222
568 166
569 153
570 102
571 101
572 74
573 24
574 1
575 1
576 0
577 0
578 0
579 0
580 0
581 0
582 1
583 12
584 104
585 107
586 129
587 156
588 150
589 171
590 162
591 178
592 153
593 153
594 305
595 246
596 160
597 33
598 3
599 1
600 0
601 1
602 0
603 0
604 0
605 0
606 0
607 16
608 78
609 63
610 93
611 134
612 143
613 160
614 152
615 101
616 82
617 60
618 53
619 46
620 43
621 18
622 0
623 0
624 0
625 0
626 0
627 0
628 0
629 1
630 4
631 63
632 163
633 197
634 242
635 286
636 277
637 332
638 296
639 225
640 254
641 187
642 156
643 69
644 77
645 35
646 2
647 1
648 0
649 0
650 2
651 0
652 0
653 1
654 1
655 131
656 255
657 241
658 279
659 301
660 315
661 274
662 303
663 267
664 191
665 115
666 75
667 65
668 69
669 21
670 0
671 0
672 0
673 1
674 0
675 0
676 1
677 0
678 0
679 36
680 137
681 152
682 201
683 276
684 253
685 209
686 241
687 207
688 162
689 124
690 69
691 43
692 0
693 0
694 0
695 0
696 0
697 0
698 0
699 0
700 0
701 0
702 0
703 19
704 98
705 104
706 129
707 161
708 159
709 173
710 165
711 139
712 156
713 150
714 154
715 93
716 48
717 16
718 0
719 0
720 0
721 1
722 0
723 0
724 0
725 0
726 0
727 41
728 165
729 166
730 246
731 276
732 303
733 333
734 280
735 194
736 147
737 120
738 109
739 92
740 65
741 32
742 0
743 0
744 1
745 0
746 0
747 0
748 0
749 0
750 0
751 15
752 91
753 95
754 124
755 156
756 179
757 158
758 191
759 128
760 137
761 144
762 241
763 279
764 172
765 57
766 2
767 1
768 0
769 0
770 0
771 0
772 0
773 0
774 0
775 64
776 142
777 192
778 268
779 272
780 314
781 262
782 298
783 180
784 138
785 119
786 117
787 95
788 90
789 22
790 0
791 0
792 1
793 0
794 0
795 0
796 0
797 0
798 1
799 77
800 173
801 177
802 207
803 279
804 302
805 311
806 280
807 263
808 231
809 157
810 117
811 84
812 54
813 18
814 2
815 0
816 0
817 0
818 0
819 0
820 0
821 1
822 2
823 136
824 249
825 251
826 268
827 305
828 288
829 286
830 283
831 280
832 171
833 93
834 64
835 84
836 52
837 16
838 1
839 0
840 0
841 0
842 0
843 2
844 0
845 0
846 2
847 29
848 140
849 145
850 229
851 230
852 219
853 203
854 236
855 218
856 155
857 100
858 48
859 27
860 2
861 0
862 0
863 0
864 0
865 0
866 0
867 0
868 0
869 0
870 0
871 14
872 86
873 48
874 97
875 109
876 128
877 116
878 115
879 87
880 92
881 70
882 95
883 62
884 63
885 13
886 0
887 0
888 0
889 0
890 0
891 0
892 0
893 0
894 0
895 38
896 154
897 156
898 219
899 262
900 295
901 307
902 243
903 183
904 132
905 120
906 97
907 79
908 62
909 23
910 0
911 0
912 0
913 0
914 0
915 0
916 0
917 0
918 0
919 9
920 70
921 59
922 95
923 135
924 132
925 139
926 141
927 114
928 119
929 124
930 217
931 244
932 139
933 40
934 3
935 1
936 0
937 0
938 0
939 0
940 0
941 0
942 1
943 66
944 139
945 170
946 233
947 257
948 291
949 282
950 273
951 196
952 115
953 109
954 108
955 77
956 65
957 24
958 0
959 0
960 0
961 1
962 0
963 0
964 0
965 0
966 2
967 61
968 169
969 125
970 232
971 276
972 299
973 289
974 253
975 245
976 232
977 163
978 121
979 94
980 73
981 24
982 0
983 0
984 1
985 2
986 0
987 0
988 0
989 1
990 1
991 128
992 242
993 222
994 289
995 329
996 279
997 290
998 298
999 319
1000 187
1001 101
1002 61
1003 60
1004 55
1005 29
1006 1
1007 0
1008 1
1009 0
1010 0
1011 0
1012 2
1013 0
1014 0
1015 30
1016 148
1017 150
1018 209
1019 212
1020 163
1021 171
1022 195
1023 181
1024 181
1025 129
1026 73
1027 25
1028 0
1029 0
1030 1
1031 0
1032 0
1033 0
1034 0
1035 0
1036 0
1037 0
1038 0
1039 12
1040 80
1041 88
1042 101
1043 118
1044 114
1045 132
1046 133
1047 153
1048 135
1049 105
1050 91
1051 63
1052 51
1053 9
1054 0
1055 0
1056 0
1057 0
1058 0
1059 0
1060 1
1061 0
1062 0
1063 57
1064 152
1065 136
1066 251
1067 272
1068 279
1069 315
1070 290
1071 229
1072 131
1073 108
1074 151
1075 120
1076 80
1077 15
1078 2
1079 0
1080 0
1081 0
1082 0
1083 0
1084 0
1085 0
1086 0
1087 11
1088 76
1089 83
1090 123
1091 174
1092 163
1093 183
1094 153
1095 138
1096 147
1097 149
1098 219
1099 274
1100 150
1101 54
1102 1
1103 1
1104 0
1105 0
1106 0
1107 0
1108 0
1109 1
1110 1
1111 67
1112 126
1113 178
1114 260
1115 287
1116 297
1117 318
1118 291
1119 188
1120 136
1121 123
1122 114
1123 150
1124 73
1125 20
1126 0
1127 0
1128 0
1129 0
1130 0
1131 0
1132 0
1133 0
1134 3
1135 65
1136 163
1137 154
1138 235
1139 284
1140 317
1141 284
1142 295
1143 286
1144 226
1145 195
1146 205
1147 118
1148 81
1149 33
1150 0
1151 1
1152 1
1153 1
1154 0
1155 0
1156 0
1157 1
1158 2
1159 115
1160 257
1161 231
1162 270
1163 293
1164 339
1165 298
1166 304
1167 298
1168 200
1169 138
1170 68
1171 75
1172 81
1173 23
1174 1
1175 0
1176 0
1177 0
1178 0
1179 0
1180 0
1181 2
1182 0
1183 32
1184 151
1185 165
1186 223
1187 213
1188 191
1189 190
1190 207
1191 191
1192 202
1193 152
1194 92
1195 25
1196 0
1197 1
1198 0
1199 0
1200 0
1201 0
1202 0
1203 1
1204 0
1205 0
1206 0
1207 18
1208 74
1209 79
1210 137
1211 134
1212 131
1213 177
1214 145
1215 152
1216 122
1217 121
1218 88
1219 87
1220 59
1221 17
1222 0
1223 0
1224 0
1225 0
1226 0
1227 0
1228 0
1229 0
1230 1
1231 44
1232 150
1233 140
1234 262
1235 275
1236 264
1237 310
1238 290
1239 199
1240 125
1241 101
1242 133
1243 120
1244 75
1245 30
1246 0
1247 0
1248 0
1249 0
1250 0
1251 0
1252 0
1253 0
1254 0
1255 15
1256 70
1257 99
1258 102
1259 144
1260 161
1261 160
1262 158
1263 144
1264 144
1265 153
1266 205
1267 239
1268 143
1269 45
1270 1
1271 0
1272 0
1273 0
1274 1
1275 0
1276 0
1277 0
1278 0
1279 70
1280 163
1281 157
1282 229
1283 279
1284 287
1285 298
1286 287
1287 181
1288 134
1289 130
1290 112
1291 110
1292 84
1293 26
1294 0
1295 0
1296 0
1297 0
1298 0
1299 0
1300 0
1301 0
1302 1
1303 70
1304 188
1305 155
1306 252
1307 297
1308 357
1309 366
1310 326
1311 316
1312 261
1313 183
1314 142
1315 151
1316 113
1317 42
1318 0
1319 0
1320 0
1321 1
1322 0
1323 0
1324 0
1325 1
1326 1
1327 126
1328 259
1329 263
1330 291
1331 328
1332 300
1333 316
1334 293
1335 251
1336 193
1337 118
1338 83
1339 81
1340 90
1341 26
1342 0
1343 0
1344 1
1345 2
1346 0
1347 0
1348 0
1349 0
1350 0
1351 39
1352 120
1353 156
1354 253
1355 260
1356 247
1357 263
1358 287
1359 243
1360 190
1361 132
1362 88
1363 46
1364 0
1365 0
1366 0
1367 0
1368 0
1369 0
1370 0
1371 0
1372 0
1373 0
1374 0
1375 13
1376 75
1377 74
1378 101
1379 148
1380 194
1381 163
1382 161
1383 165
1384 167
1385 149
1386 142
1387 130
1388 92
1389 19
1390 1
1391 0
1392 0
1393 1
1394 0
1395 0
1396 0
1397 0
1398 1
1399 49
1400 135
1401 179
1402 234
1403 293
1404 380
1405 378
1406 348
1407 240
1408 158
1409 133
1410 124
1411 111
1412 88
1413 37
1414 0
1415 0
1416 0
1417 2
1418 0
1419 0
1420 0
1421 0
1422 1
1423 59
1424 147
1425 172
1426 262
1427 316
1428 324
1429 339
1430 276
1431 205
1432 164
1433 188
1434 151
1435 128
1436 85
1437 24
1438 2
1439 0
1440 0
1441 0
1442 0
1443 0
1444 0
1445 0
1446 3
1447 65
1448 156
1449 205
1450 284
1451 312
1452 352
1453 364
1454 353
1455 305
1456 267
1457 181
1458 170
1459 139
1460 95
1461 44
1462 0
1463 0
1464 0
1465 0
1466 0
1467 0
1468 0
1469 1
1470 1
1471 132
1472 231
1473 236
1474 314
1475 334
1476 348
1477 311
1478 300
1479 266
1480 199
1481 146
1482 102
1483 132
1484 102
1485 38
1486 0
1487 0
1488 0
1489 0
1490 0
1491 0
1492 0
1493 0
1494 0
1495 31
1496 122
1497 204
1498 233
1499 275
1500 244
1501 216
1502 217
1503 242
1504 218
1505 149
1506 99
1507 40
1508 0
1509 0
1510 0
1511 0
1512 0
1513 1
1514 0
1515 0
1516 0
1517 0
1518 0
1519 23
1520 71
1521 82
1522 105
1523 135
1524 141
1525 166
1526 145
1527 134
1528 99
1529 89
1530 114
1531 130
1532 68
1533 21
1534 1
1535 1
1536 0
1537 0
1538 0
1539 1
1540 0
1541 0
1542 0
1543 49
1544 155
1545 194
1546 266
1547 311
1548 309
1549 378
1550 300
1551 185
1552 158
1553 142
1554 110
1555 135
1556 106
1557 37
1558 2
1559 0
1560 0
1561 0
1562 0
1563 0
1564 0
1565 0
1566 0
1567 18
1568 61
1569 65
1570 119
1571 158
1572 153
1573 190
1574 156
1575 118
1576 109
1577 114
1578 116
1579 126
1580 78
1581 29
1582 2
1583 0
1584 0
1585 0
1586 0
1587 0
1588 0
1589 0
1590 1
1591 76
1592 157
1593 176
1594 268
1595 348
1596 338
1597 317
1598 341
1599 243
1600 160
1601 122
1602 129
1603 99
1604 82
1605 40
1606 0
1607 0
1608 0
1609 0
1610 0
1611 0
1612 0
1613 1
1614 3
1615 76
1616 184
1617 173
1618 253
1619 307
1620 323
1621 298
1622 336
1623 294
1624 272
1625 216
1626 168
1627 126
1628 94
1629 20
1630 1
1631 0
1632 0
1633 0
1634 0
1635 0
1636 1
1637 0
1638 2
1639 130
1640 249
1641 235
1642 298
1643 339
1644 317
1645 316
1646 371
1647 297
1648 219
1649 123
1650 80
1651 86
1652 81
1653 20
1654 1
1655 0
1656 2
1657 0
1658 0
1659 0
1660 0
1661 0
1662 0
1663 28
1664 133
1665 155
1666 206
1667 235
1668 214
1669 195
1670 207
1671 219
1672 209
1673 123
1674 91
1675 49
1676 0
1677 1
1678 0
1679 0
1680 0
1681 0
1682 0
1683 0
1684 0
1685 0
1686 0
1687 7
1688 69
1689 57
1690 49
1691 96
1692 113
1693 108
1694 88
1695 95
1696 63
1697 62
1698 67
1699 61
1700 53
1701 18
1702 0
1703 1
1704 0
1705 1
1706 0
1707 0
1708 0
1709 0
1710 0
1711 40
1712 131
1713 162
1714 201
1715 292
1716 290
1717 299
1718 315
1719 222
1720 141
1721 133
1722 112
1723 117
1724 90
1725 27
1726 2
1727 1
1728 0
1729 0
1730 0
1731 0
1732 0
1733 0
1734 0
1735 21
1736 78
1737 90
1738 112
1739 187
1740 161
1741 156
1742 162
1743 153
1744 148
1745 119
1746 128
1747 120
1748 78
1749 18
1750 1
1751 0
1752 0
1753 0
1754 0
1755 0
1756 0
1757 0
1758 1
1759 77
1760 149
1761 170
1762 233
1763 316
1764 334
1765 373
1766 364
1767 257
1768 158
1769 136
1770 99
1771 109
1772 93
1773 27
1774 0
1775 1
1776 0
1777 0
1778 0
1779 0
1780 0
1781 0
1782 3
1783 63
1784 177
1785 187
1786 278
1787 344
1788 349
1789 331
1790 281
1791 272
1792 235
1793 182
1794 149
1795 159
1796 96
1797 25
1798 0
1799 0
1800 0
1801 1
1802 0
1803 0
1804 0
1805 1
1806 1
1807 118
1808 270
1809 275
1810 284
1811 333
1812 359
1813 334
1814 292
1815 318
1816 241
1817 139
1818 58
1819 85
1820 64
1821 21
1822 1
1823 0
1824 1
1825 1
1826 1
1827 0
1828 0
1829 0
1830 0
1831 38
1832 160
1833 157
1834 253
1835 259
1836 214
1837 174
1838 178
1839 199
1840 214
1841 170
1842 101
1843 31
1844 2
1845 2
1846 0
1847 1
1848 0
1849 0
1850 0
1851 0
1852 0
1853 0
1854 0
1855 16
1856 81
1857 89
1858 112
1859 128
1860 143
1861 154
1862 152
1863 125
1864 153
1865 98
1866 147
1867 123
1868 107
1869 31
1870 0
1871 1
1872 1
1873 0
1874 0
1875 0
1876 0
1877 1
1878 0
1879 60
1880 162
1881 195
1882 221
1883 261
1884 319
1885 303
1886 259
1887 213
1888 143
1889 96
1890 98
1891 108
1892 102
1893 31
1894 0
1895 0
1896 0
1897 0
1898 0
1899 0
1900 0
1901 0
1902 0
1903 21
1904 80
1905 87
1906 116
1907 128
1908 132
1909 126
1910 136
1911 121
1912 148
1913 119
1914 124
1915 135
1916 107
1917 18
1918 0
1919 0
1920 0
1921 1
1922 0
1923 0
1924 0
1925 0
1926 1
1927 79
1928 151
1929 176
1930 247
1931 266
1932 335
1933 336
1934 259
1935 208
1936 151
1937 108
1938 125
1939 69
1940 57
1941 22
1942 0
1943 0
1944 1
1945 2
1946 0
1947 0
1948 0
1949 1
1950 1
1951 68
1952 181
1953 183
1954 242
1955 317
1956 322
1957 318
1958 299
1959 244
1960 218
1961 183
1962 133
1963 125
1964 49
1965 17
1966 0
1967 0
1968 0
1969 0
1970 0
1971 0
1972 0
1973 1
1974 2
1975 110
1976 222
1977 246
1978 304
1979 301
1980 322
1981 315
1982 297
1983 299
1984 228
1985 119
1986 78
1987 107
1988 107
1989 30
1990 1
1991 0
1992 0
1993 1
1994 0
1995 1
1996 0
1997 1
1998 0
1999 31
2000 105
2001 163
2002 243
2003 230
2004 180
2005 187
2006 174
2007 198
2008 228
2009 186
2010 106
2011 30
2012 0
2013 0
2014 1
2015 2
2016 1
2017 0
2018 0
2019 0
2020 0
2021 0
2022 0
2023 23
2024 89
2025 68
2026 101
2027 117
2028 137
2029 132
2030 122
2031 129
2032 123
2033 137
2034 106
2035 103
2036 71
2037 28
2038 0
2039 0
2040 0
2041 1
2042 0
2043 0
2044 0
2045 0
2046 0
2047 61
2048 189
2049 194
2050 261
2051 334
2052 311
2053 323
2054 242
2055 212
2056 158
2057 140
2058 140
2059 122
2060 101
2061 37
2062 0
2063 0
2064 0
2065 0
2066 0
2067 0
2068 0
2069 0
2070 0
2071 29
2072 116
2073 104
2074 130
2075 161
2076 174
2077 210
2078 143
2079 144
2080 145
2081 153
2082 159
2083 128
2084 75
2085 26
2086 1
2087 0
2088 0
2089 0
2090 0
2091 0
2092 0
2093 0
2094 0
2095 62
2096 163
2097 187
2098 233
2099 291
2100 324
2101 309
2102 252
2103 183
2104 156
2105 140
2106 92
2107 109
2108 96
2109 16
2110 1
2111 0
2112 0
2113 1
2114 0
2115 1
2116 0
2117 1
2118 3
2119 70
2120 203
2121 162
2122 244
2123 249
2124 304
2125 288
2126 269
2127 245
2128 237
2129 240
2130 181
2131 172
2132 110
2133 17
2134 0
2135 0
2136 0
2137 2
2138 1
2139 0
2140 1
2141 1
2142 3
2143 119
2144 242
2145 242
2146 291
2147 321
2148 304
2149 309
2150 318
2151 281
2152 195
2153 100
2154 65
2155 108
2156 80
2157 28
2158 1
2159 1
2160 0
2161 1
2162 0
2163 2
2164 0
2165 0
2166 0
2167 38
2168 151
2169 180
2170 233
2171 215
2172 197
2173 180
2174 196
2175 179
2176 171
2177 153
2178 72
2179 32
2180 1
2181 0
2182 0
2183 0
2184 0
2185 1
2186 0
2187 0
2188 0
2189 0
2190 0
2191 12
2192 61
2193 71
2194 102
2195 118
2196 147
2197 143
2198 147
2199 129
2200 108
2201 94
2202 86
2203 78
2204 61
2205 14
2206 0
2207 0
2208 0
2209 0
2210 0
2211 0
2212 0
2213 0
2214 0
2215 56
2216 144
2217 200
2218 252
2219 343
2220 359
2221 332
2222 312
2223 212
2224 149
2225 113
2226 108
2227 109
2228 68
2229 28
2230 0
2231 0
2232 1
2233 0
2234 0
2235 0
2236 0
2237 0
2238 0
2239 15
2240 81
2241 105
2242 154
2243 131
2244 176
2245 183
2246 146
2247 114
2248 136
2249 102
2250 106
2251 119
2252 62
2253 26
2254 2
2255 0
2256 0
2257 2
2258 1
2259 0
2260 0
2261 1
2262 4
2263 136
2264 284
2265 232
2266 320
2267 304
2268 306
2269 319
2270 278
2271 277
2272 231
2273 166
2274 128
2275 119
2276 94
2277 46
2278 2
2279 0
2280 1
2281 1
2282 0
2283 0
2284 0
2285 0
2286 1
2287 23
2288 60
2289 39
2290 44
2291 47
2292 73
2293 70
2294 69
2295 60
2296 64
2297 58
2298 58
2299 65
2300 59
2301 10
2302 1
2303 1
2304 0
2305 0
2306 0
2307 0
2308 1
2309 0
2310 2
2311 122
2312 224
2313 272
2314 327
2315 280
2316 278
2317 278
2318 257
2319 241
2320 173
2321 102
2322 68
2323 85
2324 59
2325 25
2326 0
2327 0
2328 0
2329 0
2330 0
2331 0
2332 0
2333 0
2334 0
2335 18
2336 88
2337 120
2338 210
2339 207
2340 200
2341 216
2342 224
2343 213
2344 170
2345 104
2346 61
2347 35
2348 2
2349 0
2350 1
2351 0
2352 0
2353 0
2354 0
2355 0
2356 0
2357 0
2358 0
2359 8
2360 41
2361 40
2362 50
2363 69
2364 85
2365 94
2366 89
2367 84
2368 73
2369 53
2370 32
2371 64
2372 39
2373 9
2374 1
2375 1
2376 0
2377 0
2378 0
2379 0
2380 0
2381 0
2382 1
2383 42
2384 134
2385 134
2386 238
2387 282
2388 294
2389 312
2390 227
2391 186
2392 160
2393 91
2394 66
2395 98
2396 73
2397 15
2398 0
2399 0
2400 0
2401 0
2402 0
2403 0
2404 0
2405 0
2406 0
2407 15
2408 69
2409 56
2410 115
2411 109
2412 124
2413 122
2414 153
2415 88
2416 120
2417 107
2418 83
2419 83
2420 69
2421 11
2422 0
2423 1
2424 0
2425 1
2426 0
2427 0
2428 0
2429 0
2430 2
2431 68
2432 169
2433 158
2434 240
2435 318
2436 313
2437 244
2438 283
2439 210
2440 138
2441 114
2442 91
2443 98
2444 98
2445 32
2446 1
2447 0
2448 0
2449 1
2450 0
2451 0
2452 0
2453 0
2454 3
2455 58
2456 164
2457 186
2458 234
2459 305
2460 277
2461 321
2462 287
2463 247
2464 209
2465 152
2466 94
2467 110
2468 95
2469 24
2470 1
2471 0
2472 0
2473 0
2474 0
2475 0
2476 1
2477 0
2478 2
2479 115
2480 246
2481 233
2482 288
2483 314
2484 296
2485 288
2486 295
2487 277
2488 190
2489 120
2490 86
2491 65
2492 92
2493 22
2494 1
2495 0
2496 0
2497 1
2498 0
2499 0
2500 0
2501 0
2502 0
2503 32
2504 156
2505 174
2506 221
2507 255
2508 217
2509 183
2510 193
2511 201
2512 209
2513 155
2514 65
2515 37
2516 1
2517 1
2518 1
2519 0
2520 0
2521 1
2522 0
2523 0
2524 0
2525 0
2526 0
2527 16
2528 79
2529 77
2530 96
2531 96
2532 112
2533 127
2534 175
2535 112
2536 111
2537 95
2538 116
2539 122
2540 71
2541 27
2542 0
2543 0
2544 0
2545 1
2546 0
2547 0
2548 0
2549 0
2550 2
2551 45
2552 123
2553 187
2554 210
2555 237
2556 285
2557 278
2558 275
2559 189
2560 116
2561 88
2562 102
2563 129
2564 94
2565 23
2566 1
2567 0
2568 0
2569 3
2570 0
2571 0
2572 0
2573 0
2574 0
2575 18
2576 93
2577 75
2578 99
2579 110
2580 131
2581 123
2582 135
2583 132
2584 104
2585 102
2586 92
2587 105
2588 74
2589 13
2590 0
2591 1
2592 0
2593 0
2594 0
2595 0
2596 2
2597 0
2598 0
2599 58
2600 149
2601 163
2602 211
2603 286
2604 304
2605 261
2606 260
2607 218
2608 148
2609 91
2610 105
2611 91
2612 83
2613 26
2614 0
2615 0
2616 0
2617 0
2618 0
2619 0
2620 0
2621 0
2622 1
2623 66
2624 160
2625 142
2626 242
2627 284
2628 320
2629 276
2630 282
2631 256
2632 194
2633 147
2634 131
2635 108
2636 100
2637 28
2638 0
2639 0
2640 0
2641 1
2642 0
2643 0
2644 0
2645 1
2646 1
2647 114
2648 182
2649 198
2650 224
2651 223
2652 225
2653 255
2654 230
2655 185
2656 169
2657 97
2658 83
2659 93
2660 108
2661 27
2662 0
2663 0
2664 0
2665 1
2666 0
2667 1
2668 0
2669 0
2670 0
2671 22
2672 113
2673 118
2674 212
2675 211
2676 158
2677 191
2678 165
2679 187
2680 114
2681 121
2682 83
2683 34
2684 0
2685 0
2686 0
2687 0
2688 1
2689 0
2690 0
2691 0
2692 0
2693 0
2694 0
2695 20
2696 68
2697 56
2698 77
2699 118
2700 111
2701 97
2702 105
2703 72
2704 94
2705 74
2706 81
2707 74
2708 65
2709 13
2710 0
2711 0
2712 0
2713 1
2714 0
2715 0
2716 0
2717 1
2718 0
2719 55
2720 110
2721 85
2722 139
2723 209
2724 224
2725 234
2726 240
2727 155
2728 88
2729 92
2730 77
2731 81
2732 77
2733 19
2734 1
2735 0
2736 0
2737 0
2738 0
2739 0
2740 0
2741 0
2742 0
2743 15
2744 44
2745 22
2746 39
2747 47
2748 45
2749 73
2750 73
2751 67
2752 54
2753 47
2754 39
2755 63
2756 57
2757 10
2758 0
2759 1
2760 1
2761 0
2762 0
2763 0
2764 0
2765 0
2766 0
2767 62
2768 106
2769 124
2770 224
2771 233
2772 265
2773 247
2774 257
2775 179
2776 133
2777 126
2778 89
2779 103
2780 82
2781 26
2782 0
2783 0
2784 0
2785 0
2786 0
2787 0
2788 0
2789 0
2790 1
2791 67
2792 141
2793 138
2794 215
2795 270
2796 285
2797 299
2798 257
2799 232
2800 190
2801 158
2802 98
2803 89
2804 73
2805 31
2806 1
2807 0
2808 0
2809 1
2810 0
2811 1
2812 0
2813 1
2814 3
2815 105
2816 200
2817 224
2818 267
2819 322
2820 310
2821 326
2822 332
2823 282
2824 184
2825 120
2826 64
2827 86
2828 96
2829 27
2830 1
2831 3
2832 1
2833 0
2834 0
2835 0
2836 0
2837 0
2838 0
2839 17
2840 119
2841 159
2842 253
2843 210
2844 173
2845 165
2846 167
2847 187
2848 185
2849 142
2850 62
2851 35
2852 0
2853 1
2854 1
2855 0
2856 0
2857 1
2858 0
2859 0
2860 0
2861 0
2862 0
2863 9
2864 62
2865 61
2866 106
2867 129
2868 110
2869 107
2870 110
2871 83
2872 97
2873 91
2874 91
2875 80
2876 82
2877 20
2878 0
2879 2
2880 0
2881 0
2882 0
2883 0
2884 0
2885 0
2886 0
2887 46
2888 133
2889 155
2890 246
2891 264
2892 281
2893 244
2894 243
2895 164
2896 120
2897 98
2898 76
2899 82
2900 76
2901 17
2902 0
2903 2
2904 2
2905 0
2906 0
2907 0
2908 0
2909 0
2910 0
2911 29
2912 80
2913 63
2914 98
2915 140
2916 144
2917 146
2918 142
2919 111
2920 110
2921 93
2922 104
2923 102
2924 66
2925 21
2926 0
2927 1
2928 0
2929 0
2930 0
2931 0
2932 0
2933 0
2934 0
2935 67
2936 125
2937 159
2938 246
2939 274
2940 256
2941 285
2942 255
2943 154
2944 146
2945 115
2946 85
2947 126
2948 75
2949 34
2950 0
2951 1
2952 0
2953 1
2954 0
2955 0
2956 0
2957 0
2958 1
2959 64
2960 150
2961 148
2962 233
2963 248
2964 310
2965 294
2966 273
2967 247
2968 237
2969 140
2970 147
2971 133
2972 113
2973 18
2974 0
2975 0
2976 1
2977 0
2978 1
2979 0
2980 0
2981 0
2982 4
2983 106
2984 236
2985 236
2986 281
2987 301
2988 277
2989 327
2990 276
2991 261
2992 192
2993 116
2994 92
2995 100
2996 72
2997 29
2998 2
2999 1
3000 0
3001 0
3002 0
3003 0
3004 0
3005 0
3006 0
3007 18
3008 127
3009 162
3010 230
3011 234
3012 190
3013 181
3014 205
3015 195
3016 178
3017 127
3018 73
3019 24
3020 0
3021 1
3022 1
3023 1
3024 0
3025 0
3026 0
3027 0
3028 1
3029 0
3030 0
3031 6
3032 61
3033 73
3034 84
3035 90
3036 126
3037 126
3038 109
3039 117
3040 94
3041 111
3042 84
3043 83
3044 64
3045 24
3046 0
3047 0
3048 0
3049 0
3050 0
3051 0
3052 0
3053 0
3054 0
3055 37
3056 113
3057 150
3058 202
3059 247
3060 288
3061 279
3062 280
3063 225
3064 141
3065 105
3066 96
3067 101
3068 103
3069 21
3070 0
3071 0
3072 0
3073 1
3074 0
3075 0
3076 0
3077 0
3078 0
3079 13
3080 83
3081 83
3082 113
3083 143
3084 152
3085 128
3086 125
3087 112
3088 106
3089 99
3090 116
3091 127
3092 68
3093 27
3094 0
3095 1
3096 0
3097 0
3098 0
3099 0
3100 0
3101 1
3102 1
3103 57
3104 128
3105 135
3106 227
3107 289
3108 274
3109 314
3110 243
3111 198
3112 140
3113 87
3114 105
3115 119
3116 93
3117 36
3118 0
3119 0
3120 0
3121 0
3122 0
3123 0
3124 0
3125 0
3126 2
3127 56
3128 124
3129 157
3130 222
3131 270
3132 307
3133 275
3134 279
3135 254
3136 211
3137 133
3138 110
3139 123
3140 79
3141 19
3142 1
3143 1
3144 0
3145 0
3146 1
3147 0
3148 0
3149 0
3150 3
3151 117
3152 230
3153 210
3154 265
3155 331
3156 288
3157 277
3158 300
3159 273
3160 196
3161 130
3162 79
3163 105
3164 73
3165 24
3166 0
3167 1
3168 1
3169 1
3170 0
3171 1
3172 0
3173 1
3174 1
3175 25
3176 108
3177 156
3178 201
3179 264
3180 210
3181 216
3182 220
3183 210
3184 165
3185 108
3186 79
3187 53
3188 0
3189 0
3190 0
3191 0
3192 1
3193 0
3194 0
3195 0
3196 0
3197 0
3198 0
3199 14
3200 67
3201 59
3202 78
3203 86
3204 114
3205 132
3206 118
3207 120
3208 80
3209 83
3210 105
3211 91
3212 46
3213 22
3214 0
3215 1
3216 0
3217 0
3218 0
3219 0
3220 0
3221 1
3222 0
3223 44
3224 113
3225 135
3226 199
3227 284
3228 278
3229 256
3230 224
3231 169
3232 102
3233 89
3234 118
3235 98
3236 67
3237 19
3238 0
3239 0
3240 0
3241 0
3242 0
3243 0
3244 0
3245 0
3246 0
3247 17
3248 63
3249 67
3250 96
3251 109
3252 156
3253 136
3254 121
3255 132
3256 117
3257 81
3258 112
3259 117
3260 62
3261 21
3262 0
3263 0
3264 0
3265 0
3266 0
3267 0
3268 0
3269 0
3270 2
3271 44
3272 104
3273 134
3274 224
3275 243
3276 283
3277 275
3278 223
3279 171
3280 128
3281 104
3282 94
3283 87
3284 79
3285 40
3286 1
3287 1
3288 0
3289 1
3290 0
3291 0
3292 0
3293 0
3294 1
3295 72
3296 132
3297 126
3298 206
3299 250
3300 289
3301 259
3302 236
3303 240
3304 220
3305 138
3306 82
3307 117
3308 84
3309 30
3310 0
3311 0
3312 0
3313 0
3314 0
3315 0
3316 0
3317 0
3318 2
3319 110
3320 198
3321 218
3322 255
3323 313
3324 304
3325 258
3326 289
3327 268
3328 202
3329 124
3330 84
3331 99
3332 84
3333 19
3334 0
3335 0
3336 0
3337 1
3338 1
3339 1
3340 0
3341 0
3342 0
3343 26
3344 116
3345 134
3346 221
3347 231
3348 203
3349 197
3350 197
3351 199
3352 212
3353 112
3354 91
3355 34
3356 1
3357 1
3358 0
3359 1
3360 0
3361 1
3362 0
3363 0
3364 0
3365 0
3366 0
3367 12
3368 67
3369 71
3370 88
3371 95
3372 103
3373 136
3374 104
3375 112
3376 66
3377 88
3378 73
3379 81
3380 44
3381 17
3382 1
3383 0
3384 0
3385 0
3386 0
3387 0
3388 0
3389 0
3390 1
3391 40
3392 105
3393 142
3394 208
3395 251
3396 244
3397 301
3398 235
3399 182
3400 125
3401 80
3402 105
3403 109
3404 70
3405 17
3406 0
3407 0
3408 0
3409 0
3410 1
3411 0
3412 0
3413 0
3414 1
3415 14
3416 59
3417 79
3418 101
3419 130
3420 117
3421 133
3422 117
3423 118
3424 80
3425 88
3426 154
3427 115
3428 53
3429 14
3430 0
3431 1
3432 0
3433 1
3434 0
3435 0
3436 0
3437 0
3438 2
3439 48
3440 118
3441 121
3442 171
3443 242
3444 243
3445 259
3446 227
3447 184
3448 133
3449 96
3450 105
3451 101
3452 92
3453 33
3454 0
3455 0
3456 0
3457 1
3458 0
3459 0
3460 0
3461 0
3462 1
3463 52
3464 123
3465 131
3466 176
3467 209
3468 205
3469 211
3470 200
3471 188
3472 185
3473 118
3474 113
3475 162
3476 98
3477 24
3478 1
3479 1
3480 0
3481 0
3482 0
3483 0
3484 0
3485 0
3486 3
3487 107
3488 197
3489 206
3490 235
3491 308
3492 286
3493 301
3494 287
3495 253
3496 189
3497 120
3498 65
3499 55
3500 65
3501 19
3502 0
3503 0
3504 1
3505 0
3506 0
3507 0
3508 0
3509 0
3510 0
3511 20
3512 110
3513 176
3514 238
3515 209
3516 179
3517 185
3518 181
3519 203
3520 182
3521 117
3522 90
3523 36
3524 3
3525 0
3526 1
3527 0
3528 0
3529 1
3530 0
3531 0
3532 0
3533 0
3534 0
3535 12
3536 55
3537 45
3538 71
3539 88
3540 94
3541 123
3542 91
3543 97
3544 91
3545 74
3546 84
3547 96
3548 47
3549 15
3550 0
3551 0
3552 0
3553 0
3554 0
3555 0
3556 0
3557 0
3558 0
3559 44
3560 115
3561 140
3562 189
3563 264
3564 286
3565 259
3566 242
3567 162
3568 113
3569 86
3570 82
3571 101
3572 83
3573 15
3574 0
3575 0
3576 0
3577 0
3578 1
3579 0
3580 0
3581 0
3582 0
3583 16
3584 80
3585 90
3586 89
3587 131
3588 100
3589 125
3590 102
3591 119
3592 109
3593 90
3594 93
3595 98
3596 77
3597 23
3598 0
3599 0
3600 0
3601 0
3602 0
3603 0
3604 0
3605 0
3606 1
3607 55
3608 146
3609 144
3610 181
3611 267
3612 314
3613 275
3614 309
3615 195
3616 131
3617 109
3618 92
3619 107
3620 73
3621 17
3622 1
3623 0
3624 0
3625 0
3626 0
3627 0
3628 0
3629 0
3630 1
3631 60
3632 140
3633 146
3634 241
3635 277
3636 320
3637 290
3638 285
3639 226
3640 197
3641 179
3642 105
3643 124
3644 109
3645 25
3646 0
3647 0
3648 0
3649 1
3650 0
3651 0
3652 3
3653 1
3654 3
3655 113
3656 218
3657 223
3658 263
3659 319
3660 336
3661 291
3662 289
3663 270
3664 204
3665 102
3666 73
3667 85
3668 77
3669 18
3670 0
3671 0
3672 0
3673 0
3674 0
3675 0
3676 0
3677 0
3678 0
3679 24
3680 104
3681 171
3682 234
3683 211
3684 204
3685 163
3686 183
3687 207
3688 195
3689 139
3690 75
3691 38
3692 0
3693 0
3694 0
3695 1
3696 1
3697 0
3698 0
3699 0
3700 0
3701 0
3702 0
3703 12
3704 57
3705 57
3706 74
3707 115
3708 100
3709 134
3710 110
3711 86
3712 81
3713 99
3714 120
3715 89
3716 50
3717 15
3718 0
3719 0
3720 1
3721 0
3722 0
3723 0
3724 0
3725 0
3726 0
3727 45
3728 82
3729 144
3730 200
3731 264
3732 255
3733 292
3734 231
3735 157
3736 106
3737 80
3738 70
3739 99
3740 88
3741 24
3742 1
3743 0
3744 0
3745 0
3746 0
3747 0
3748 0
3749 0
3750 0
3751 18
3752 58
3753 93
3754 72
3755 100
3756 123
3757 131
3758 151
3759 124
3760 89
3761 99
3762 94
3763 83
3764 37
3765 16
3766 0
3767 0
3768 0
3769 0
3770 0
3771 0
3772 0
3773 0
3774 0
3775 52
3776 138
3777 127
3778 195
3779 274
3780 274
3781 275
3782 260
3783 197
3784 101
3785 93
3786 127
3787 103
3788 78
3789 20
3790 0
3791 0
3792 0
3793 0
3794 0
3795 0
3796 0
3797 1
3798 2
3799 52
3800 122
3801 146
3802 188
3803 232
3804 280
3805 266
3806 241
3807 211
3808 171
3809 158
3810 157
3811 153
3812 82
3813 25
3814 1
3815 0
3816 0
3817 0
3818 0
3819 0
3820 0
3821 1
3822 1
3823 90
3824 170
3825 176
3826 249
3827 302
3828 259
3829 246
3830 249
3831 222
3832 165
3833 89
3834 65
3835 74
3836 62
3837 20
3838 0
3839 0
3840 0
3841 1
3842 0
3843 0
3844 0
3845 0
3846 0
3847 20
3848 88
3849 120
3850 219
3851 187
3852 190
3853 132
3854 158
3855 162
3856 192
3857 159
3858 73
3859 33
3860 0
3861 0
3862 0
3863 0
3864 0
3865 0
3866 0
3867 0
3868 0
3869 0
3870 0
3871 4
3872 46
3873 24
3874 37
3875 46
3876 95
3877 75
3878 95
3879 88
3880 61
3881 50
3882 57
3883 54
3884 47
3885 10
3886 0
3887 0
3888 0
3889 0
3890 0
3891 0
3892 0
3893 0
3894 0
3895 41
3896 89
3897 114
3898 174
3899 210
3900 218
3901 274
3902 235
3903 167
3904 122
3905 112
3906 95
3907 96
3908 78
3909 15
3910 0
3911 0
3912 0
3913 0
3914 0
3915 0
3916 0
3917 0
3918 0
3919 15
3920 62
3921 69
3922 114
3923 101
3924 120
3925 140
3926 122
3927 107
3928 109
3929 100
3930 111
3931 84
3932 50
3933 22
3934 1
3935 1
3936 0
3937 0
3938 0
3939 0
3940 0
3941 0
3942 0
3943 54
3944 128
3945 135
3946 221
3947 269
3948 259
3949 291
3950 261
3951 167
3952 132
3953 98
3954 86
3955 106
3956 67
3957 21
3958 0
3959 0
3960 0
3961 0
3962 0
3963 0
3964 0
3965 0
3966 0
3967 58
3968 129
3969 142
3970 203
3971 276
3972 335
3973 280
3974 243
3975 219
3976 193
3977 154
3978 121
3979 117
3980 115
3981 28
3982 1
3983 1
3984 0
3985 0
3986 0
3987 0
3988 0
3989 1
3990 1
3991 117
3992 206
3993 216
3994 238
3995 295
3996 348
3997 309
3998 307
3999 256
4000 229
4001 121
4002 84
4003 80
4004 78
4005 26
4006 0
4007 0
4008 0
4009 0
4010 0
4011 0
4012 0
4013 0
4014 0
4015 14
4016 118
4017 135
4018 254
4019 255
4020 203
4021 187
4022 196
4023 227
4024 180
4025 154
4026 85
4027 38
4028 2
4029 2
4030 1
4031 0
4032 0
4033 0
4034 0
4035 0
4036 0
4037 1
4038 0
4039 12
4040 55
4041 77
4042 96
4043 146
4044 96
4045 146
4046 129
4047 124
4048 105
4049 121
4050 108
4051 107
4052 57
4053 13
4054 0
4055 0
4056 0
4057 2
4058 0
4059 0
4060 0
4061 0
4062 0
4063 41
4064 106
4065 136
4066 193
4067 235
4068 283
4069 315
4070 272
4071 165
4072 128
4073 102
4074 94
4075 95
4076 87
4077 15
4078 0
4079 0
4080 1
4081 1
4082 0
4083 0
4084 0
4085 0
4086 0
4087 12
4088 61
4089 72
4090 96
4091 113
4092 109
4093 151
4094 125
4095 106
4096 89
4097 101
4098 97
4099 93
4100 73
4101 21
4102 0
4103 0
4104 0
4105 1
4106 0
4107 0
4108 0
4109 0
4110 0
4111 64
4112 122
4113 113
4114 162
4115 233
4116 270
4117 248
4118 240
4119 173
4120 133
4121 100
4122 99
4123 163
4124 72
4125 19
4126 0
4127 0
4128 0
4129 1
4130 0
4131 0
4132 0
4133 0
4134 2
4135 56
4136 118
4137 152
4138 232
4139 220
4140 274
4141 277
4142 251
4143 241
4144 160
4145 134
4146 87
4147 102
4148 67
4149 18
4150 2
4151 0
4152 0
4153 1
4154 0
4155 0
4156 0
4157 1
4158 3
4159 104
4160 208
4161 233
4162 285
4163 271
4164 300
4165 286
4166 256
4167 236
4168 191
4169 90
4170 70
4171 88
4172 92
4173 14
4174 0
4175 0
4176 0
4177 1
4178 0
4179 0
4180 0
4181 0
4182 0
4183 38
4184 111
4185 143
4186 192
4187 219
4188 182
4189 197
4190 189
4191 196
4192 160
4193 119
4194 78
4195 30
4196 0
4197 1
4198 0
4199 0
4200 0
4201 1
4202 0
4203 0
4204 0
4205 0
4206 0
4207 14
4208 58
4209 71
4210 82
4211 103
4212 103
4213 118
4214 127
4215 111
4216 112
4217 92
4218 76
4219 62
4220 57
4221 8
4222 0
4223 0
4224 0
4225 1
4226 0
4227 0
4228 0
4229 0
4230 0
4231 48
4232 116
4233 155
4234 214
4235 250
4236 267
4237 307
4238 251
4239 182
4240 118
4241 78
4242 76
4243 82
4244 70
4245 17
4246 0
4247 0
4248 0
4249 1
4250 0
4251 0
4252 0
4253 0
4254 0
4255 22
4256 72
4257 60
4258 94
4259 96
4260 135
4261 151
4262 96
4263 131
4264 118
4265 90
4266 90
4267 99
4268 66
4269 24
4270 0
4271 0
4272 0
4273 1
4274 0
4275 0
4276 0
4277 0
4278 0
4279 57
4280 110
4281 109
4282 192
4283 268
4284 251
4285 260
4286 250
4287 198
4288 125
4289 131
4290 96
4291 105
4292 80
4293 25
4294 0
4295 0
4296 0
4297 1
4298 0
4299 0
4300 0
4301 2
4302 2
4303 73
4304 148
4305 141
4306 234
4307 281
4308 287
4309 279
4310 254
4311 226
4312 210
4313 139
4314 95
4315 131
4316 80
4317 18
4318 6
4319 10
4320 6
4321 4
4322 2
4323 3
4324 4
4325 2
4326 2
4327 126
4328 199
4329 209
4330 277
4331 330
4332 290
4333 287
4334 323
4335 277
4336 231
4337 114
4338 90
4339 116
4340 91
4341 17
4342 0
4343 0
4344 0
4345 0
4346 0
4347 0
4348 0
4349 0
4350 0
4351 17
4352 125
4353 155
4354 235
4355 268
4356 232
4357 226
4358 213
4359 230
4360 214
4361 158
4362 71
4363 37
4364 0
4365 0
4366 0
4367 0
4368 0
4369 1
4370 0
4371 0
4372 0
4373 1
4374 1
4375 14
4376 79
4377 76
4378 90
4379 119
4380 105
4381 114
4382 130
4383 103
4384 91
4385 107
4386 79
4387 87
4388 71
4389 20
4390 0
4391 0
4392 0
4393 0
4394 0
4395 0
4396 0
4397 0
4398 0
4399 51
4400 116
4401 131
4402 258
4403 252
4404 313
4405 326
4406 265
4407 194
4408 132
4409 114
4410 103
4411 154
4412 86
4413 28
4414 0
4415 0
4416 0
4417 0
4418 0
4419 0
4420 0
4421 0
4422 0
4423 21
4424 71
4425 96
4426 102
4427 123
4428 151
4429 142
4430 154
4431 130
4432 115
4433 91
4434 109
4435 148
4436 64
4437 11
4438 0
4439 0
4440 1
4441 0
4442 0
4443 0
4444 0
4445 0
4446 0
4447 57
4448 108
4449 144
4450 220
4451 250
4452 382
4453 280
4454 287
4455 187
4456 127
4457 89
4458 96
4459 81
4460 69
4461 20
4462 1
4463 1
4464 0
4465 0
4466 0
4467 0
4468 0
4469 0
4470 2
4471 61
4472 125
4473 164
4474 220
4475 287
4476 350
4477 275
4478 258
4479 268
4480 210
4481 157
4482 114
4483 98
4484 60
4485 23
4486 0
4487 0
4488 0
4489 0
4490 0
4491 0
4492 0
4493 1
4494 0
4495 116
4496 203
4497 200
4498 289
4499 349
4500 275
4501 272
4502 279
4503 288
4504 214
4505 146
4506 116
4507 125
4508 113
4509 24
4510 0
4511 3
4512 0
4513 0
4514 0
4515 0
4516 0
4517 0
4518 0
4519 15
4520 103
4521 156
4522 222
4523 266
4524 213
4525 192
4526 187
4527 209
4528 204
4529 153
4530 90
4531 52
4532 0
4533 0
4534 0
4535 1
4536 0
4537 0
4538 0
4539 0
4540 0
4541 0
4542 0
4543 17
4544 64
4545 82
4546 73
4547 116
4548 128
4549 146
4550 131
4551 94
4552 99
4553 113
4554 79
4555 88
4556 40
4557 13
4558 1
4559 0
4560 0
4561 0
4562 0
4563 0
4564 0
4565 0
4566 0
4567 48
4568 122
4569 159
4570 199
4571 279
4572 272
4573 319
4574 263
4575 174
4576 135
4577 118
4578 80
4579 93
4580 75
4581 10
4582 0
4583 0
4584 0
4585 0
4586 0
4587 0
4588 0
4589 0
4590 0
4591 14
4592 47
4593 92
4594 87
4595 120
4596 124
4597 147
4598 133
4599 117
4600 114
4601 95
4602 94
4603 97
4604 63
4605 9
4606 1
4607 0
4608 0
4609 0
4610 0
4611 0
4612 0
4613 0
4614 0
4615 57
4616 131
4617 136
4618 224
4619 297
4620 343
4621 301
4622 264
4623 212
4624 145
4625 107
4626 123
4627 114
4628 87
4629 20
4630 0
4631 1
4632 0
4633 1
4634 0
4635 0
4636 0
4637 0
4638 1
4639 58
4640 127
4641 145
4642 220
4643 278
4644 302
4645 292
4646 260
4647 251
4648 200
4649 168
4650 119
4651 182
4652 134
4653 24
4654 0
4655 0
4656 0
4657 0
4658 0
4659 0
4660 0
4661 1
4662 0
4663 119
4664 200
4665 202
4666 256
4667 332
4668 287
4669 264
4670 313
4671 251
4672 195
4673 111
4674 76
4675 64
4676 65
4677 25
4678 0
4679 1
4680 0
4681 1
4682 0
4683 0
4684 1
4685 0
4686 0
4687 20
4688 99
4689 144
4690 237
4691 217
4692 215
4693 173
4694 171
4695 190
4696 196
4697 137
4698 86
4699 44
4700 0
4701 0
4702 0
4703 1
4704 0
4705 0
4706 0
4707 0
4708 0
4709 0
4710 0
4711 12
4712 55
4713 71
4714 90
4715 96
4716 104
4717 115
4718 122
4719 106
4720 88
4721 81
4722 73
4723 89
4724 46
4725 8
4726 0
4727 0
4728 0
4729 0
4730 3
4731 3
4732 2
4733 2
4734 5
4735 50
4736 106
4737 133
4738 203
4739 260
4740 273
4741 292
4742 258
4743 160
4744 101
4745 78
4746 94
4747 86
4748 65
4749 17
4750 0
4751 0
4752 0
4753 0
4754 0
4755 0
4756 0
4757 0
4758 0
4759 11
4760 53
4761 66
4762 71
4763 110
4764 160
4765 142
4766 147
4767 108
4768 98
4769 106
4770 76
4771 68
4772 66
4773 7
4774 0
4775 0
4776 0
4777 0
4778 0
4779 0
4780 0
4781 0
4782 2
4783 59
4784 125
4785 123
4786 226
4787 261
4788 316
4789 267
4790 260
4791 189
4792 136
4793 105
4794 77
4795 110
4796 74
4797 22
4798 0
4799 1
4800 0
4801 0
4802 0
4803 0
4804 0
4805 0
4806 0
4807 56
4808 130
4809 150
4810 209
4811 249
4812 297
4813 277
4814 270
4815 251
4816 193
4817 154
4818 106
4819 94
4820 64
4821 23
4822 1
4823 0
4824 0
4825 0
4826 0
4827 0
4828 0
4829 1
4830 0
4831 115
4832 219
4833 211
4834 238
4835 339
4836 278
4837 293
4838 328
4839 279
4840 218
4841 122
4842 111
4843 83
4844 77
4845 13
4846 0
4847 1
4848 0
4849 0
4850 0
4851 0
4852 0
4853 0
4854 0
4855 26
4856 114
4857 118
4858 237
4859 238
4860 190
4861 173
4862 175
4863 208
4864 179
4865 132
4866 86
4867 36
4868 0
4869 0
4870 0
4871 0
4872 0
4873 0
4874 0
4875 1
4876 0
4877 0
4878 0
4879 9
4880 50
4881 50
4882 82
4883 90
4884 131
4885 135
4886 111
4887 95
4888 78
4889 66
4890 77
4891 78
4892 54
4893 8
4894 0
4895 0
4896 0
4897 0
4898 0
4899 0
4900 0
4901 0
4902 0
4903 52
4904 94
4905 133
4906 195
4907 247
4908 245
4909 272
4910 242
4911 171
4912 107
4913 71
4914 100
4915 89
4916 68
4917 15
4918 1
4919 0
4920 0
4921 0
4922 0
4923 0
4924 1
4925 0
4926 0
4927 17
4928 41
4929 63
4930 103
4931 106
4932 113
4933 128
4934 152
4935 112
4936 103
4937 91
4938 97
4939 99
4940 58
4941 13
4942 0
4943 0
4944 0
4945 0
4946 0
4947 0
4948 0
4949 0
4950 1
4951 60
4952 123
4953 141
4954 228
4955 266
4956 268
4957 272
4958 244
4959 162
4960 140
4961 117
4962 106
4963 113
4964 60
4965 24
4966 1
4967 0
4968 0
4969 0
4970 0
4971 0
4972 0
4973 0
4974 3
4975 68
4976 151
4977 121
4978 219
4979 243
4980 303
4981 296
4982 272
4983 266
4984 207
4985 157
4986 131
4987 114
4988 78
4989 21
4990 1
4991 0
4992 0
4993 0
4994 0
4995 0
4996 0
4997 2
4998 2
4999 118
5000 190
5001 227
5002 253
5003 326
5004 290
5005 298
5006 278
5007 277
5008 205
5009 123
5010 99
5011 95
5012 66
5013 33
5014 0
5015 0
5016 0
5017 0
5018 0
5019 0
5020 0
5021 0
5022 0
5023 18
5024 108
5025 159
5026 229
5027 234
5028 244
5029 192
5030 206
5031 224
5032 221
5033 158
5034 66
5035 23
5036 0
5037 0
5038 0
5039 0
5040 0
5041 0
5042 0
5043 0
5044 0
5045 0
5046 0
5047 10
5048 47
5049 63
5050 71
5051 133
5052 135
5053 131
5054 105
5055 87
5056 96
5057 98
5058 79
5059 80
5060 48
5061 19
5062 0
5063 1
5064 0
5065 0
5066 0
5067 0
5068 0
5069 0
5070 1
5071 68
5072 114
5073 143
5074 230
5075 266
5076 267
5077 275
5078 266
5079 199
5080 121
5081 72
5082 88
5083 101
5084 80
5085 13
5086 0
5087 0
5088 0
5089 0
5090 0
5091 0
5092 0
5093 0
5094 0
5095 32
5096 71
5097 82
5098 92
5099 118
5100 108
5101 138
5102 136
5103 117
5104 123
5105 87
5106 103
5107 113
5108 78
5109 25
5110 0
5111 1
5112 0
5113 0
5114 0
5115 0
5116 0
5117 0
5118 1
5119 61
5120 108
5121 147
5122 250
5123 272
5124 269
5125 276
5126 243
5127 217
5128 149
5129 107
5130 122
5131 122
5132 94
5133 26
5134 0
5135 0
5136 0
5137 0
5138 0
5139 0
5140 0
5141 0
5142 1
5143 56
5144 140
5145 158
5146 268
5147 317
5148 270
5149 292
5150 280
5151 245
5152 199
5153 175
5154 105
5155 109
5156 88
5157 23
5158 1
5159 2
5160 0
5161 0
5162 0
5163 0
5164 0
5165 1
5166 2
5167 114
5168 206
5169 238
5170 290
5171 315
5172 289
5173 266
5174 265
5175 259
5176 210
5177 107
5178 71
5179 97
5180 64
5181 24
5182 0
5183 1
5184 0
5185 0
5186 0
5187 0
5188 0
5189 0
5190 0
5191 18
5192 93
5193 135
5194 254
5195 210
5196 209
5197 212
5198 196
5199 244
5200 210
5201 155
5202 90
5203 31
5204 0
5205 1
5206 0
5207 0
5208 0
5209 0
5210 0
5211 0
5212 0
5213 0
5214 0
5215 9
5216 36
5217 58
5218 87
5219 102
5220 126
5221 146
5222 122
5223 86
5224 106
5225 83
5226 81
5227 71
5228 54
5229 20
5230 0
5231 0
5232 0
5233 0
5234 0
5235 0
5236 0
5237 0
5238 0
5239 44
5240 89
5241 143
5242 210
5243 289
5244 293
5245 275
5246 241
5247 182
5248 99
5249 92
5250 96
5251 103
5252 77
5253 15
5254 0
5255 0
5256 0
5257 1
5258 0
5259 0
5260 0
5261 0
5262 0
5263 14
5264 54
5265 72
5266 74
5267 126
5268 128
5269 135
5270 117
5271 102
5272 112
5273 105
5274 127
5275 185
5276 154
5277 37
5278 0
5279 1
5280 0
5281 0
5282 0
5283 0
5284 0
5285 0
5286 1
5287 54
5288 119
5289 154
5290 238
5291 238
5292 287
5293 301
5294 252
5295 171
5296 133
5297 85
5298 75
5299 77
5300 55
5301 23
5302 0
5303 0
5304 0
5305 0
5306 0
5307 0
5308 0
5309 0
5310 0
5311 96
5312 129
5313 138
5314 202
5315 272
5316 299
5317 277
5318 257
5319 258
5320 185
5321 141
5322 88
5323 112
5324 74
5325 24
5326 3
5327 1
5328 1
5329 0
5330 0
5331 0
5332 0
5333 1
5334 1
5335 114
5336 198
5337 190
5338 255
5339 310
5340 270
5341 271
5342 263
5343 291
5344 234
5345 128
5346 77
5347 62
5348 91
5349 24
5350 2
5351 0
5352 0
5353 1
5354 2
5355 0
5356 0
5357 0
5358 0
5359 23
5360 105
5361 168
5362 254
5363 222
5364 177
5365 183
5366 187
5367 209
5368 215
5369 164
5370 76
5371 32
5372 0
5373 0
5374 0
5375 0
5376 0
5377 0
5378 0
5379 0
5380 0
5381 0
5382 0
5383 11
5384 41
5385 75
5386 108
5387 108
5388 123
5389 122
5390 134
5391 117
5392 123
5393 82
5394 80
5395 85
5396 56
5397 16
5398 0
5399 0
5400 0
5401 0
5402 0
5403 0
5404 0
5405 0
5406 0
5407 45
5408 107
5409 133
5410 206
5411 246
5412 273
5413 310
5414 268
5415 215
5416 139
5417 110
5418 114
5419 135
5420 99
5421 25
5422 0
5423 1
5424 0
5425 0
5426 0
5427 0
5428 0
5429 0
5430 0
5431 40
5432 74
5433 109
5434 107
5435 130
5436 156
5437 175
5438 129
5439 109
5440 116
5441 112
5442 130
5443 177
5444 198
5445 35
5446 1
5447 1
5448 0
5449 0
5450 0
5451 0
5452 0
5453 0
5454 0
5455 65
5456 139
5457 150
5458 236
5459 269
5460 292
5461 280
5462 254
5463 209
5464 146
5465 112
5466 111
5467 111
5468 79
5469 29
5470 0
5471 0
5472 0
5473 0
5474 0
5475 0
5476 0
5477 0
5478 0
5479 58
5480 133
5481 134
5482 221
5483 318
5484 275
5485 321
5486 294
5487 215
5488 203
5489 143
5490 158
5491 116
5492 82
5493 18
5494 0
5495 0
5496 0
5497 0
5498 0
5499 0
5500 0
5501 0
5502 1
5503 127
5504 216
5505 216
5506 305
5507 329
5508 326
5509 284
5510 277
5511 308
5512 207
5513 124
5514 69
5515 98
5516 91
5517 20
5518 0
5519 1
5520 0
5521 1
5522 0
5523 0
5524 0
5525 0
5526 0
5527 47
5528 159
5529 191
5530 266
5531 229
5532 224
5533 233
5534 202
5535 250
5536 226
5537 165
5538 88
5539 46
5540 1
5541 0
5542 1
5543 0
5544 0
5545 0
5546 0
5547 0
5548 0
5549 0
5550 0
5551 9
5552 48
5553 83
5554 102
5555 92
5556 121
5557 122
5558 130
5559 100
5560 85
5561 90
5562 80
5563 97
5564 70
5565 26
5566 0
5567 0
5568 0
5569 1
5570 0
5571 0
5572 0
5573 0
5574 0
5575 45
5576 117
5577 156
5578 239
5579 274
5580 273
5581 308
5582 288
5583 203
5584 125
5585 118
5586 114
5587 92
5588 79
5589 15
5590 0
5591 0
5592 0
5593 0
5594 0
5595 0
5596 0
5597 0
5598 0
5599 16
5600 58
5601 94
5602 100
5603 129
5604 135
5605 156
5606 130
5607 115
5608 110
5609 112
5610 113
5611 256
5612 211
5613 48
5614 3
5615 0
5616 0
5617 0
5618 0
5619 0
5620 0
5621 0
5622 0
5623 51
5624 111
5625 179
5626 213
5627 266
5628 323
5629 294
5630 285
5631 204
5632 133
5633 107
5634 91
5635 140
5636 87
5637 21
5638 2
5639 0
5640 0
5641 0
5642 0
5643 0
5644 0
5645 0
5646 0
5647 53
5648 145
5649 173
5650 250
5651 265
5652 299
5653 286
5654 258
5655 240
5656 199
5657 150
5658 111
5659 101
5660 83
5661 15
5662 0
5663 1
5664 0
5665 0
5666 0
5667 0
5668 0
5669 0
5670 1
5671 114
5672 205
5673 229
5674 292
5675 330
5676 299
5677 311
5678 291
5679 275
5680 216
5681 125
5682 101
5683 77
5684 66
5685 17
5686 0
5687 0
5688 0
5689 0
5690 0
5691 0
5692 0
5693 0
5694 0
5695 18
5696 126
5697 183
5698 238
5699 262
5700 212
5701 237
5702 203
5703 221
5704 219
5705 149
5706 79
5707 47
5708 1
5709 1
5710 0
5711 0
5712 0
5713 0
5714 0
5715 0
5716 0
5717 0
5718 0
5719 12
5720 44
5721 70
5722 83
5723 103
5724 115
5725 128
5726 135
5727 121
5728 96
5729 97
5730 69
5731 93
5732 55
5733 16
5734 0
5735 0
5736 0
5737 0
5738 0
5739 0
5740 0
5741 0
5742 0
5743 43
5744 114
5745 177
5746 246
5747 284
5748 306
5749 283
5750 260
5751 185
5752 103
5753 89
5754 83
5755 83
5756 77
5757 27
5758 0
5759 0
5760 0
5761 0
5762 0
5763 0
5764 0
5765 0
5766 1
5767 23
5768 58
5769 60
5770 73
5771 107
5772 124
5773 155
5774 138
5775 128
5776 122
5777 120
5778 136
5779 222
5780 187
5781 50
5782 0
5783 0
5784 0
5785 0
5786 0
5787 0
5788 0
5789 0
5790 0
5791 58
5792 127
5793 145
5794 220
5795 273
5796 255
5797 279
5798 253
5799 156
5800 120
5801 98
5802 85
5803 79
5804 75
5805 27
5806 0
5807 1
5808 0
5809 0
5810 0
5811 0
5812 0
5813 1
5814 2
5815 65
5816 127
5817 131
5818 228
5819 296
5820 336
5821 331
5822 306
5823 254
5824 201
5825 160
5826 108
5827 111
5828 88
5829 24
5830 0
5831 0
5832 0
5833 1
5834 0
5835 1
5836 1
5837 1
5838 2
5839 132
5840 231
5841 242
5842 266
5843 324
5844 308
5845 293
5846 277
5847 254
5848 229
5849 118
5850 105
5851 104
5852 101
5853 25
5854 0
5855 0
5856 0
5857 1
5858 0
5859 0
5860 0
5861 0
5862 0
5863 32
5864 116
5865 173
5866 242
5867 232
5868 234
5869 229
5870 206
5871 201
5872 226
5873 161
5874 96
5875 34
5876 0
5877 1
5878 0
5879 1
5880 0
5881 0
5882 0
5883 0
5884 0
5885 0
5886 0
5887 15
5888 61
5889 94
5890 97
5891 131
5892 127
5893 133
5894 115
5895 117
5896 109
5897 113
5898 82
5899 102
5900 70
5901 28
5902 0
5903 0
5904 0
5905 0
5906 0
5907 0
5908 0
5909 0
5910 0
5911 64
5912 100
5913 170
5914 213
5915 294
5916 296
5917 279
5918 246
5919 157
5920 118
5921 97
5922 110
5923 105
5924 104
5925 21
5926 0
5927 0
5928 0
5929 0
5930 0
5931 0
5932 0
5933 0
5934 0
5935 14
5936 60
5937 100
5938 136
5939 129
5940 147
5941 127
5942 137
5943 140
5944 118
5945 90
5946 96
5947 119
5948 70
5949 29
5950 0
5951 0
5952 0
5953 0
5954 0
5955 0
5956 0
5957 0
5958 0
5959 63
5960 129
5961 170
5962 233
5963 315
5964 300
5965 290
5966 251
5967 213
5968 136
5969 115
5970 104
5971 123
5972 105
5973 34
5974 0
5975 2
5976 0
5977 1
5978 0
5979 0
5980 0
5981 0
5982 2
5983 68
5984 150
5985 146
5986 227
5987 268
5988 325
5989 301
5990 274
5991 251
5992 226
5993 138
5994 111
5995 132
5996 75
5997 30
5998 0
5999 0
6000 0
6001 1
6002 0
6003 0
6004 0
6005 0
6006 2
6007 116
6008 219
6009 236
6010 316
6011 364
6012 327
6013 314
6014 320
6015 260
6016 212
6017 116
6018 96
6019 70
6020 73
6021 16
6022 0
6023 0
6024 0
6025 1
6026 0
6027 0
6028 0
6029 0
6030 0
6031 22
6032 163
6033 185
6034 251
6035 222
6036 225
6037 173
6038 169
6039 203
6040 195
6041 154
6042 87
6043 33
6044 2
6045 1
6046 0
6047 0
6048 1
6049 0
6050 0
6051 1
6052 0
6053 0
6054 0
6055 11
6056 49
6057 81
6058 97
6059 114
6060 129
6061 126
6062 130
6063 105
6064 105
6065 66
6066 89
6067 79
6068 52
6069 18
6070 1
6071 0
6072 0
6073 0
6074 0
6075 0
6076 0
6077 0
6078 0
6079 52
6080 110
6081 152
6082 248
6083 279
6084 262
6085 301
6086 242
6087 183
6088 138
6089 105
6090 96
6091 119
6092 82
6093 20
6094 0
6095 0
6096 0
6097 0
6098 0
6099 0
6100 0
6101 0
6102 0
6103 13
6104 55
6105 76
6106 103
6107 114
6108 140
6109 150
6110 154
6111 154
6112 89
6113 99
6114 157
6115 94
6116 60
6117 21
6118 1
6119 0
6120 0
6121 0
6122 0
6123 0
6124 0
6125 0
6126 0
6127 71
6128 123
6129 143
6130 251
6131 293
6132 336
6133 307
6134 298
6135 185
6136 149
6137 110
6138 101
6139 176
6140 103
6141 32
6142 0
6143 0
6144 0
6145 0
6146 0
6147 0
6148 0
6149 0
6150 1
6151 73
6152 143
6153 156
6154 271
6155 258
6156 298
6157 308
6158 279
6159 210
6160 187
6161 152
6162 100
6163 105
6164 75
6165 21
6166 0
6167 1
6168 0
6169 0
6170 0
6171 0
6172 0
6173 0
6174 3
6175 150
6176 244
6177 255
6178 309
6179 347
6180 349
6181 318
6182 314
6183 288
6184 235
6185 122
6186 74
6187 96
6188 60
6189 16
6190 0
6191 0
6192 0
6193 0
6194 0
6195 0
6196 0
6197 0
6198 0
6199 31
6200 122
6201 186
6202 234
6203 246
6204 220
6205 215
6206 201
6207 207
6208 204
6209 135
6210 97
6211 46
6212 1
6213 1
6214 0
6215 0
6216 0
6217 0
6218 0
6219 0
6220 0
6221 0
6222 0
6223 15
6224 61
6225 69
6226 87
6227 117
6228 112
6229 121
6230 135
6231 110
6232 83
6233 74
6234 99
6235 78
6236 56
6237 28
6238 0
6239 0
6240 0
6241 0
6242 0
6243 0
6244 0
6245 0
6246 1
6247 61
6248 117
6249 172
6250 251
6251 278
6252 288
6253 285
6254 251
6255 182
6256 137
6257 112
6258 109
6259 97
6260 83
6261 11
6262 0
6263 0
6264 0
6265 0
6266 0
6267 0
6268 0
6269 0
6270 0
6271 15
6272 60
6273 71
6274 101
6275 121
6276 116
6277 119
6278 164
6279 123
6280 104
6281 99
6282 88
6283 120
6284 63
6285 16
6286 0
6287 1
6288 1
6289 0
6290 0
6291 0
6292 0
6293 0
6294 0
6295 68
6296 135
6297 137
6298 233
6299 284
6300 305
6301 292
6302 271
6303 201
6304 116
6305 93
6306 100
6307 98
6308 78
6309 32
6310 1
6311 0
6312 0
6313 0
6314 0
6315 0
6316 0
6317 0
6318 2
6319 78
6320 132
6321 178
6322 227
6323 289
6324 301
6325 312
6326 286
6327 253
6328 222
6329 148
6330 120
6331 97
6332 99
6333 38
6334 1
6335 0
6336 0
6337 2
6338 0
6339 1
6340 1
6341 0
6342 2
6343 121
6344 226
6345 265
6346 318
6347 322
6348 349
6349 304
6350 320
6351 279
6352 224
6353 130
6354 86
6355 78
6356 83
6357 22
6358 1
6359 0
6360 0
6361 1
6362 0
6363 0
6364 0
6365 0
6366 0
6367 31
6368 115
6369 177
6370 244
6371 242
6372 210
6373 236
6374 220
6375 237
6376 222
6377 132
6378 90
6379 32
6380 2
6381 0
6382 0
6383 0
6384 0
6385 0
6386 0
6387 0
6388 0
6389 0
6390 0
6391 13
6392 51
6393 75
6394 101
6395 99
6396 112
6397 100
6398 127
6399 140
6400 111
6401 80
6402 109
6403 88
6404 61
6405 11
6406 0
6407 0
6408 0
6409 0
6410 0
6411 0
6412 0
6413 0
6414 0
6415 60
6416 114
6417 165
6418 251
6419 271
6420 305
6421 286
6422 290
6423 197
6424 127
6425 83
6426 107
6427 117
6428 83
6429 11
6430 0
6431 0
6432 0
6433 0
6434 0
6435 0
6436 0
6437 0
6438 0
6439 14
6440 69
6441 94
6442 101
6443 136
6444 114
6445 162
6446 157
6447 113
6448 106
6449 100
6450 101
6451 99
6452 67
6453 11
6454 1
6455 0
6456 0
6457 0
6458 0
6459 0
6460 0
6461 0
6462 0
6463 65
6464 124
6465 164
6466 281
6467 326
6468 347
6469 302
6470 290
6471 197
6472 164
6473 106
6474 125
6475 147
6476 89
6477 31
6478 0
6479 0
6480 0
6481 0
6482 0
6483 0
6484 0
6485 0
6486 2
6487 81
6488 145
6489 206
6490 227
6491 292
6492 261
6493 249
6494 255
6495 265
6496 260
6497 148
6498 121
6499 115
6500 60
6501 23
6502 0
6503 0
6504 0
6505 1
6506 0
6507 0
6508 0
6509 0
6510 3
6511 123
6512 231
6513 246
6514 290
6515 303
6516 323
6517 297
6518 263
6519 203
6520 121
6521 84
6522 50
6523 86
6524 67
6525 15
6526 1
6527 0
6528 0
6529 0
6530 0
6531 0
6532 0
6533 1
6534 0
6535 25
6536 143
6537 179
6538 240
6539 238
6540 212
6541 195
6542 198
6543 194
6544 201
6545 142
6546 91
6547 50
6548 1
6549 1
6550 0
6551 0
6552 0
6553 1
6554 1
6555 0
6556 0
6557 1
6558 6
6559 150
6560 248
6561 299
6562 309
6563 347
6564 321
6565 303
6566 236
6567 222
6568 133
6569 89
6570 54
6571 67
6572 69
6573 13
6574 0
6575 0
6576 3
6577 0
6578 0
6579 0
6580 0
6581 0
6582 2
6583 37
6584 98
6585 114
6586 177
6587 236
6588 225
6589 199
6590 203
6591 225
6592 209
6593 167
6594 89
6595 23
6596 1
6597 1
6598 0
6599 1
6600 0
6601 1
6602 0
6603 1
6604 0
6605 2
6606 0
6607 20
6608 51
6609 86
6610 128
6611 135
6612 127
6613 140
6614 119
6615 112
6616 85
6617 100
6618 90
6619 69
6620 43
6621 14
6622 0
6623 2
6624 0
6625 0
6626 0
6627 2
6628 1
6629 1
6630 5
6631 53
6632 148
6633 123
6634 228
6635 267
6636 329
6637 297
6638 271
6639 225
6640 142
6641 104
6642 119
6643 96
6644 71
6645 14
6646 0
6647 0
6648 1
6649 0
6650 0
6651 0
6652 0
6653 1
6654 2
6655 20
6656 79
6657 94
6658 127
6659 134
6660 139
6661 170
6662 148
6663 131
6664 143
6665 118
6666 141
6667 120
6668 59
6669 15
6670 0
6671 2
6672 1
6673 2
6674 0
6675 0
6676 4
6677 0
6678 7
6679 77
6680 142
6681 191
6682 276
6683 318
6684 368
6685 323
6686 291
6687 226
6688 160
6689 145
6690 108
6691 118
6692 67
6693 24
6694 1
6695 0
6696 0
6697 1
6698 0
6699 0
6700 1
6701 1
6702 13
6703 85
6704 170
6705 161
6706 258
6707 410
6708 310
6709 326
6710 351
6711 316
6712 268
6713 187
6714 172
6715 142
6716 83
6717 22
6718 7
6719 0
6720 0
6721 0
6722 0
6723 1
6724 0
6725 7
6726 9
6727 121
6728 221
6729 272
6730 341
6731 396
6732 331
6733 354
6734 380
6735 323
6736 253
6737 136
6738 93
6739 79
6740 78
6741 28
6742 0
6743 1
6744 1
6745 1
6746 0
6747 1
6748 1
6749 0
6750 1
6751 33
6752 132
6753 170
6754 228
6755 291
6756 240
6757 237
6758 240
6759 233
6760 217
6761 150
6762 86
6763 41
6764 1
6765 2
6766 1
6767 4
6768 0
6769 1
6770 0
6771 2
6772 2
6773 3
6774 3
6775 12
6776 61
6777 83
6778 120
6779 129
6780 151
6781 169
6782 160
6783 161
6784 113
6785 96
6786 109
6787 100
6788 52
6789 13
6790 2
6791 0
6792 0
6793 0
6794 0
6795 1
6796 0
6797 3
6798 8
6799 59
6800 142
6801 165
6802 277
6803 304
6804 324
6805 321
6806 315
6807 235
6808 185
6809 115
6810 106
6811 107
6812 68
6813 23
6814 0
6815 1
6816 0
6817 0
6818 2
6819 0
6820 2
6821 1
6822 4
6823 12
6824 68
6825 85
6826 120
6827 130
6828 111
6829 177
6830 148
6831 133
6832 134
6833 125
6834 134
6835 111
6836 59
6837 13
6838 1
6839 3
6840 1
6841 1
6842 3
6843 0
6844 0
6845 2
6846 10
6847 78
6848 137
6849 189
6850 286
6851 344
6852 363
6853 329
6854 328
6855 236
6856 170
6857 121
6858 132
6859 120
6860 86
6861 35
6862 1
6863 4
6864 0
6865 0
6866 0
6867 0
6868 3
6869 3
6870 8
6871 79
6872 183
6873 172
6874 302
6875 354
6876 395
6877 356
6878 331
6879 288
6880 258
6881 193
6882 145
6883 112
6884 101
6885 25
6886 2
6887 3
6888 1
6889 1
6890 0
6891 3
6892 4
6893 6
6894 12
6895 143
6896 235
6897 274
6898 342
6899 374
6900 381
6901 357
6902 343
6903 301
6904 230
6905 137
6906 92
6907 90
6908 87
6909 32
6910 5
6911 0
6912 0
6913 1
6914 0
6915 1
6916 0
6917 0
6918 4
6919 33
6920 115
6921 187
6922 265
6923 253
6924 197
6925 171
6926 184
6927 219
6928 215
6929 165
6930 100
6931 50
6932 0
6933 1
6934 0
6935 7
6936 1
6937 3
6938 4
6939 5
6940 1
6941 1
6942 2
6943 8
6944 51
6945 88
6946 122
6947 153
6948 131
6949 130
6950 141
6951 116
6952 133
6953 122
6954 114
6955 77
6956 64
6957 19
6958 1
6959 1
6960 0
6961 0
6962 0
6963 1
6964 1
6965 6
6966 9
6967 57
6968 133
6969 209
6970 305
6971 321
6972 314
6973 313
6974 311
6975 207
6976 155
6977 104
6978 117
6979 112
6980 67
6981 21
6982 0
6983 2
6984 0
6985 0
6986 0
6987 0
6988 5
6989 1
6990 3
6991 17
6992 59
6993 89
6994 117
6995 146
6996 146
6997 190
6998 128
6999 128
7000 121
7001 115
7002 100
7003 87
7004 73
7005 26
7006 0
7007 0
7008 0
7009 1
7010 0
7011 0
7012 5
7013 6
7014 17
7015 81
7016 161
7017 179
7018 288
7019 348
7020 324
7021 299
7022 290
7023 216
7024 173
7025 124
7026 93
7027 120
7028 75
7029 21
7030 2
7031 3
7032 0
7033 0
7034 0
7035 1
7036 1
7037 2
7038 12
7039 86
7040 166
7041 184
7042 263
7043 350
7044 396
7045 358
7046 322
7047 321
7048 280
7049 197
7050 156
7051 154
7052 90
7053 26
7054 1
7055 3
7056 1
7057 2
7058 0
7059 0
7060 2
7061 8
7062 16
7063 135
7064 244
7065 317
7066 296
7067 374
7068 365
7069 359
7070 405
7071 355
7072 270
7073 134
7074 82
7075 107
7076 107
7077 36
7078 2
7079 3
7080 2
7081 3
7082 1
7083 1
7084 0
7085 0
7086 2
7087 33
7088 114
7089 167
7090 300
7091 295
7092 279
7093 230
7094 269
7095 222
7096 270
7097 177
7098 113
7099 43
7100 0
7101 2
7102 0
7103 1
7104 1
7105 5
7106 0
7107 3
7108 0
7109 1
7110 1
7111 13
7112 60
7113 57
7114 115
7115 122
7116 136
7117 140
7118 177
7119 128
7120 95
7121 83
7122 124
7123 142
7124 42
7125 15
7126 0
7127 0
7128 0
7129 0
7130 0
7131 0
7132 0
7133 5
7134 11
7135 53
7136 140
7137 173
7138 290
7139 292
7140 304
7141 317
7142 296
7143 216
7144 141
7145 141
7146 136
7147 132
7148 113
7149 27
7150 0
7151 0
7152 2
7153 2
7154 0
7155 0
7156 1
7157 2
7158 5
7159 13
7160 73
7161 111
7162 118
7163 147
7164 154
7165 178
7166 180
7167 149
7168 129
7169 121
7170 163
7171 136
7172 71
7173 28
7174 2
7175 0
7176 0
7177 1
7178 1
7179 0
7180 1
7181 0
7182 7
7183 79
7184 157
7185 193
7186 292
7187 313
7188 369
7189 363
7190 345
7191 231
7192 151
7193 140
7194 143
7195 124
7196 86
7197 39
7198 1
7199 2
7200 0
7201 0
7202 1
7203 0
7204 0
7205 1
7206 20
7207 98
7208 176
7209 199
7210 278
7211 386
7212 369
7213 336
7214 317
7215 297
7216 281
7217 227
7218 165
7219 169
7220 94
7221 34
7222 1
7223 4
7224 0
7225 0
7226 0
7227 0
7228 1
7229 5
7230 14
7231 143
7232 242
7233 299
7234 357
7235 408
7236 380
7237 338
7238 380
7239 340
7240 248
7241 156
7242 115
7243 110
7244 96
7245 25
7246 1
7247 3
7248 1
7249 2
7250 0
7251 0
7252 1
7253 0
7254 2
7255 30
7256 129
7257 172
7258 269
7259 286
7260 244
7261 258
7262 223
7263 278
7264 251
7265 173
7266 101
7267 35
7268 0
7269 1
7270 0
7271 1
7272 0
7273 2
7274 0
7275 0
7276 1
7277 2
7278 0
7279 11
7280 43
7281 75
7282 102
7283 121
7284 169
7285 166
7286 180
7287 137
7288 133
7289 111
7290 114
7291 94
7292 60
7293 15
7294 1
7295 0
7296 1
7297 0
7298 0
7299 0
7300 0
7301 0
7302 2
7303 12
7304 33
7305 58
7306 53
7307 61
7308 86
7309 96
7310 112
7311 68
7312 48
7313 52
7314 50
7315 48
7316 42
7317 23
7318 0
7319 0
7320 0
7321 3
7322 0
7323 3
7324 1
7325 5
7326 7
7327 16
7328 57
7329 63
7330 96
7331 139
7332 125
7333 130
7334 174
7335 157
7336 109
7337 121
7338 95
7339 87
7340 51
7341 21
7342 2
7343 1
7344 0
7345 0
7346 0
7347 1
7348 0
7349 1
7350 12
7351 79
7352 161
7353 220
7354 318
7355 285
7356 325
7357 341
7358 320
7359 226
7360 169
7361 138
7362 101
7363 106
7364 104
7365 18
7366 4
7367 0
7368 0
7369 0
7370 0
7371 1
7372 1
7373 0
7374 10
7375 81
7376 161
7377 160
7378 304
7379 333
7380 362
7381 321
7382 322
7383 306
7384 249
7385 196
7386 135
7387 121
7388 77
7389 27
7390 1
7391 0
7392 1
7393 0
7394 0
7395 0
7396 0
7397 5
7398 11
7399 143
7400 239
7401 256
7402 319
7403 348
7404 361
7405 330
7406 348
7407 295
7408 208
7409 148
7410 60
7411 77
7412 90
7413 25
7414 0
7415 0
7416 0
7417 1
7418 3
7419 0
7420 1
7421 0
7422 3
7423 19
7424 179
7425 168
7426 270
7427 266
7428 221
7429 223
7430 262
7431 238
7432 219
7433 145
7434 83
7435 34
7436 3
7437 1
7438 0
7439 1
7440 0
7441 1
7442 0
7443 1
7444 1
7445 0
7446 2
7447 5
7448 47
7449 66
7450 156
7451 165
7452 149
7453 160
7454 160
7455 130
7456 116
7457 109
7458 129
7459 112
7460 72
7461 30
7462 2
7463 0
7464 0
7465 1
7466 0
7467 0
7468 0
7469 0
7470 3
7471 59
7472 148
7473 155
7474 231
7475 339
7476 374
7477 369
7478 358
7479 288
7480 186
7481 138
7482 120
7483 101
7484 54
7485 22
7486 0
7487 1
7488 0
7489 0
7490 0
7491 0
7492 0
7493 0
7494 0
7495 16
7496 61
7497 113
7498 136
7499 116
7500 161
7501 197
7502 165
7503 167
7504 135
7505 154
7506 148
7507 130
7508 82
7509 19
7510 1
7511 0
7512 0
7513 0
7514 0
7515 0
7516 0
7517 1
7518 4
7519 68
7520 158
7521 157
7522 300
7523 289
7524 370
7525 326
7526 365
7527 228
7528 185
7529 104
7530 108
7531 139
7532 105
7533 34
7534 0
7535 0
7536 1
7537 0
7538 0
7539 0
7540 0
7541 0
7542 5
7543 87
7544 168
7545 194
7546 297
7547 330
7548 343
7549 342
7550 351
7551 304
7552 271
7553 185
7554 120
7555 122
7556 93
7557 24
7558 2
7559 2
7560 0
7561 2
7562 1
7563 0
7564 0
7565 1
7566 7
7567 148
7568 253
7569 250
7570 304
7571 351
7572 377
7573 320
7574 339
7575 316
7576 209
7577 147
7578 68
7579 68
7580 69
7581 27
7582 3
7583 1
7584 0
7585 0
7586 1
7587 0
7588 0
7589 0
7590 2
7591 19
7592 119
7593 172
7594 244
7595 261
7596 234
7597 221
7598 225
7599 203
7600 214
7601 198
7602 91
7603 48
7604 0
7605 0
7606 0
7607 1
7608 0
7609 0
7610 0
7611 0
7612 0
7613 0
7614 0
7615 12
7616 61
7617 61
7618 129
7619 125
7620 141
7621 136
7622 186
7623 156
7624 116
7625 131
7626 109
7627 101
7628 65
7629 17
7630 0
7631 0
7632 0
7633 0
7634 0
7635 0
7636 0
7637 0
7638 1
7639 66
7640 151
7641 162
7642 278
7643 319
7644 343
7645 349
7646 322
7647 224
7648 141
7649 106
7650 121
7651 136
7652 90
7653 9
7654 1
7655 1
7656 0
7657 0
7658 0
7659 0
7660 0
7661 0
7662 0
7663 18
7664 66
7665 85
7666 99
7667 168
7668 180
7669 204
7670 175
7671 189
7672 166
7673 175
7674 188
7675 290
7676 234
7677 62
7678 3
7679 1
7680 1
7681 2
7682 0
7683 0
7684 0
7685 0
7686 3
7687 72
7688 150
7689 182
7690 299
7691 325
7692 368
7693 339
7694 349
7695 240
7696 153
7697 129
7698 123
7699 123
7700 100
7701 47
7702 0
7703 1
7704 0
7705 2
7706 0
7707 0
7708 0
7709 1
7710 3
7711 94
7712 197
7713 202
7714 302
7715 364
7716 375
7717 365
7718 352
7719 315
7720 244
7721 179
7722 132
7723 124
7724 84
7725 35
7726 2
7727 1
7728 0
7729 0
7730 0
7731 0
7732 0
7733 1
7734 4
7735 146
7736 276
7737 259
7738 309
7739 367
7740 351
7741 327
7742 345
7743 341
7744 271
7745 126
7746 67
7747 74
7748 42
7749 31
7750 2
7751 0
7752 0
7753 0
7754 0
7755 0
7756 1
7757 0
7758 2
7759 27
7760 117
7761 163
7762 251
7763 260
7764 242
7765 234
7766 228
7767 227
7768 223
7769 163
7770 82
7771 22
7772 3
7773 0
7774 0
7775 1
7776 0
7777 0
7778 1
7779 1
7780 0
7781 0
7782 0
7783 9
7784 56
7785 67
7786 124
7787 162
7788 158
7789 174
7790 187
7791 125
7792 128
7793 124
7794 90
7795 101
7796 62
7797 19
7798 0
7799 0
7800 0
7801 0
7802 0
7803 0
7804 0
7805 0
7806 1
7807 72
7808 138
7809 186
7810 273
7811 291
7812 347
7813 389
7814 339
7815 214
7816 155
7817 136
7818 106
7819 120
7820 96
7821 24
7822 0
7823 1
7824 0
7825 1
7826 0
7827 0
7828 0
7829 0
7830 1
7831 13
7832 72
7833 94
7834 118
7835 151
7836 162
7837 177
7838 174
7839 182
7840 134
7841 148
7842 180
7843 329
7844 182
7845 52
7846 3
7847 1
7848 1
7849 1
7850 0
7851 0
7852 1
7853 0
7854 3
7855 88
7856 139
7857 186
7858 291
7859 327
7860 320
7861 367
7862 339
7863 239
7864 206
7865 154
7866 122
7867 121
7868 117
7869 44
7870 0
7871 0
7872 0
7873 2
7874 0
7875 0
7876 0
7877 1
7878 3
7879 109
7880 185
7881 191
7882 285
7883 393
7884 371
7885 372
7886 400
7887 336
7888 267
7889 172
7890 114
7891 97
7892 100
7893 27
7894 1
7895 0
7896 1
7897 2
7898 1
7899 1
7900 0
7901 1
7902 5
7903 145
7904 264
7905 268
7906 299
7907 317
7908 331
7909 354
7910 330
7911 345
7912 281
7913 130
7914 74
7915 57
7916 41
7917 16
7918 3
7919 2
7920 1
7921 1
7922 1
7923 0
7924 0
7925 0
7926 3
7927 15
7928 133
7929 168
7930 228
7931 271
7932 241
7933 211
7934 211
7935 241
7936 238
7937 210
7938 85
7939 44
7940 2
7941 1
7942 1
7943 2
7944 0
7945 1
7946 0
7947 1
7948 1
7949 0
7950 0
7951 10
7952 60
7953 91
7954 105
7955 129
7956 148
7957 145
7958 157
7959 147
7960 141
7961 121
7962 86
7963 76
7964 64
7965 21
7966 0
7967 0
7968 0
7969 1
7970 0
7971 0
7972 0
7973 0
7974 2
7975 66
7976 146
7977 214
7978 335
7979 354
7980 382
7981 348
7982 331
7983 226
7984 180
7985 148
7986 127
7987 148
7988 102
7989 23
7990 1
7991 2
7992 0
7993 1
7994 0
7995 0
7996 0
7997 0
7998 0
7999 16
8000 61
8001 85
8002 132
8003 147
8004 160
8005 194
8006 171
8007 112
8008 131
8009 128
8010 220
8011 310
8012 160
8013 42
8014 3
8015 1
8016 0
8017 2
8018 1
8019 0
8020 0
8021 0
8022 3
8023 83
8024 160
8025 185
8026 308
8027 332
8028 366
8029 350
8030 342
8031 220
8032 185
8033 128
8034 101
8035 141
8036 126
8037 45
8038 1
8039 1
8040 1
8041 2
8042 1
8043 0
8044 0
8045 0
8046 5
8047 93
8048 177
8049 188
8050 300
8051 419
8052 337
8053 352
8054 315
8055 306
8056 245
8057 182
8058 140
8059 136
8060 101
8061 28
8062 1
8063 2
8064 1
8065 1
8066 0
8067 0
8068 0
8069 1
8070 3
8071 139
8072 265
8073 257
8074 330
8075 383
8076 363
8077 353
8078 330
8079 323
8080 280
8081 156
8082 88
8083 67
8084 90
8085 20
8086 1
8087 1
8088 1
8089 2
8090 0
8091 4
8092 0
8093 0
8094 1
8095 24
8096 141
8097 186
8098 284
8099 250
8100 230
8101 226
8102 191
8103 231
8104 262
8105 225
8106 98
8107 41
8108 1
8109 0
8110 0
8111 0
8112 0
8113 1
8114 0
8115 0
8116 0
8117 0
8118 0
8119 9
8120 63
8121 73
8122 109
8123 156
8124 168
8125 181
8126 189
8127 151
8128 137
8129 127
8130 146
8131 111
8132 68
8133 21
8134 0
8135 1
8136 0
8137 1
8138 0
8139 0
8140 0
8141 0
8142 2
8143 63
8144 186
8145 182
8146 307
8147 329
8148 365
8149 405
8150 374
8151 253
8152 173
8153 147
8154 115
8155 145
8156 108
8157 38
8158 0
8159 0
8160 0
8161 1
8162 0
8163 0
8164 0
8165 0
8166 0
8167 10
8168 84
8169 105
8170 156
8171 196
8172 182
8173 199
8174 172
8175 175
8176 160
8177 163
8178 292
8179 269
8180 175
8181 70
8182 4
8183 1
8184 1
8185 0
8186 0
8187 0
8188 0
8189 0
8190 3
8191 75
8192 155
8193 218
8194 305
8195 359
8196 384
8197 341
8198 336
8199 236
8200 176
8201 131
8202 106
8203 147
8204 72
8205 35
8206 1
8207 2
8208 0
8209 1
8210 0
8211 0
8212 0
8213 1
8214 4
8215 99
8216 189
8217 195
8218 298
8219 407
8220 347
8221 334
8222 332
8223 290
8224 255
8225 172
8226 157
8227 159
8228 98
8229 30
8230 1
8231 2
8232 0
8233 0
8234 0
8235 0
8236 0
8237 2
8238 4
8239 147
8240 267
8241 297
8242 358
8243 360
8244 357
8245 398
8246 340
8247 324
8248 253
8249 175
8250 89
8251 79
8252 93
8253 32
8254 1
8255 0
8256 0
8257 3
8258 0
8259 0
8260 1
8261 0
8262 3
8263 29
8264 126
8265 180
8266 270
8267 252
8268 247
8269 229
8270 224
8271 253
8272 230
8273 218
8274 101
8275 38
8276 2
8277 3
8278 0
8279 1
8280 0
8281 1
8282 0
8283 0
8284 0
8285 0
8286 0
8287 15
8288 65
8289 108
8290 138
8291 148
8292 183
8293 168
8294 173
8295 142
8296 128
8297 132
8298 133
8299 93
8300 69
8301 22
8302 0
8303 0
8304 0
8305 1
8306 0
8307 0
8308 0
8309 0
8310 2
8311 72
8312 169
8313 191
8314 327
8315 348
8316 402
8317 373
8318 337
8319 267
8320 159
8321 145
8322 135
8323 157
8324 90
8325 33
8326 1
8327 1
8328 0
8329 0
8330 0
8331 0
8332 0
8333 0
8334 0
8335 7
8336 81
8337 146
8338 140
8339 153
8340 200
8341 204
8342 190
8343 169
8344 160
8345 183
8346 272
8347 278
8348 158
8349 46
8350 2
8351 4
8352 0
8353 0
8354 0
8355 0
8356 1
8357 0
8358 3
8359 94
8360 180
8361 221
8362 326
8363 431
8364 357
8365 354
8366 366
8367 291
8368 191
8369 156
8370 157
8371 143
8372 91
8373 45
8374 1
8375 0
8376 0
8377 1
8378 0
8379 0
8380 0
8381 0
8382 5
8383 106
8384 219
8385 213
8386 347
8387 381
8388 331
8389 328
8390 329
8391 282
8392 268
8393 243
8394 185
8395 191
8396 99
8397 33
8398 8
8399 0
8400 0
8401 2
8402 0
8403 0
8404 0
8405 1
8406 5
8407 158
8408 324
8409 382
8410 329
8411 366
8412 363
8413 374
8414 380
8415 347
8416 243
8417 139
8418 86
8419 94
8420 100
8421 30
8422 1
8423 0
8424 1
8425 0
8426 0
8427 1
8428 1
8429 0
8430 4
8431 39
8432 196
8433 205
8434 277
8435 270
8436 254
8437 232
8438 227
8439 265
8440 254
8441 188
8442 108
8443 42
8444 2
8445 2
8446 0
8447 0
8448 0
8449 0
8450 0
8451 0
8452 0
8453 0
8454 0
8455 12
8456 91
8457 112
8458 150
8459 167
8460 170
8461 197
8462 224
8463 185
8464 152
8465 116
8466 108
8467 106
8468 67
8469 26
8470 2
8471 0
8472 0
8473 0
8474 0
8475 0
8476 0
8477 0
8478 2
8479 84
8480 173
8481 214
8482 294
8483 391
8484 357
8485 353
8486 370
8487 290
8488 224
8489 172
8490 150
8491 128
8492 78
8493 16
8494 1
8495 0
8496 0
8497 0
8498 0
8499 0
8500 0
8501 0
8502 1
8503 8
8504 81
8505 133
8506 158
8507 186
8508 191
8509 228
8510 200
8511 221
8512 207
8513 193
8514 351
8515 263
8516 184
8517 59
8518 2
8519 0
8520 2
8521 2
8522 0
8523 0
8524 0
8525 1
8526 7
8527 126
8528 227
8529 268
8530 329
8531 415
8532 346
8533 347
8534 371
8535 326
8536 243
8537 194
8538 129
8539 102
8540 76
8541 30
8542 1
8543 0
8544 1
8545 0
8546 0
8547 0
8548 0
8549 4
8550 6
8551 127
8552 368
8553 280
8554 352
8555 370
8556 333
8557 372
8558 358
8559 338
8560 349
8561 255
8562 164
8563 113
8564 68
8565 22
8566 0
8567 2
8568 0
8569 2
8570 0
8571 1
8572 3
8573 3
8574 4
8575 153
8576 370
8577 323
8578 280
8579 348
8580 334
8581 300
8582 302
8583 291
8584 223
8585 150
8586 77
8587 83
8588 61
8589 22
8590 0
8591 1
8592 0
8593 2
8594 0
8595 0
8596 0
8597 0
8598 0
8599 3
8600 44
8601 25
8602 32
8603 33
8604 55
8605 56
8606 44
8607 52
8608 31
8609 43
8610 61
8611 20
8612 0
8613 1
8614 0
8615 0
8616 0
8617 0
8618 0
8619 0
8620 0
8621 0
8622 0
8623 2
8624 45
8625 50
8626 77
8627 78
8628 114
8629 107
8630 116
8631 87
8632 81
8633 60
8634 46
8635 73
8636 62
8637 20
8638 2
8639 0
8640 0
8641 0
8642 1
8643 0
8644 0
8645 0
8646 2
8647 19
8648 63
8649 48
8650 120
8651 191
8652 223
8653 253
8654 214
8655 185
8656 131
8657 97
8658 64
8659 106
8660 73
8661 31
8662 0
8663 0
8664 0
8665 1
8666 0
8667 0
8668 0
8669 0
8670 0
8671 15
8672 101
8673 110
8674 103
8675 142
8676 139
8677 161
8678 147
8679 132
8680 122
8681 152
8682 157
8683 210
8684 182
8685 39
8686 0
8687 0
8688 0
8689 1
8690 0
8691 0
8692 0
8693 0
8694 2
8695 55
8696 172
8697 219
8698 308
8699 362
8700 342
8701 342
8702 329
8703 300
8704 217
8705 162
8706 104
8707 103
8708 74
8709 32
8710 2
8711 2
8712 0
8713 2
8714 0
8715 0
8716 0
8717 0
8718 3
8719 68
8720 219
8721 221
8722 305
8723 374
8724 323
8725 322
8726 329
8727 345
8728 272
8729 187
8730 122
8731 106
8732 73
8733 33
8734 2
8735 1
8736 0
8737 1
8738 0
8739 0
8740 1
8741 1
8742 3
8743 132
8744 266
8745 297
8746 350
8747 391
8748 369
8749 323
8750 294
8751 280
8752 196
8753 65
8754 57
8755 45
8756 49
8757 13
8758 0
8759 1
8760 1
