1 0.12
2 0.00
3 0.00
4 0.00
5 0.00
6 0.00
7 0.13
8 0.22
9 1.65
10 0.88
11 1.49
12 1.66
13 1.53
14 1.32
15 1.56
16 1.83
17 1.91
18 2.52
19 8.42
20 0.00
21 14.12
22 3.06
23 0.00
24 0.00
25 0.04
26 0.00
27 0.00
28 0.00
29 0.00
30 0.00
31 0.81
32 0.17
33 0.78
34 0.91
35 3.10
36 2.43
37 1.50
38 1.70
39 1.70
40 1.23
41 1.62
42 1.53
43 3.08
44 3.23
45 6.51
46 0.00
47 0.00
48 0.00
49 0.04
50 0.00
51 0.00
52 0.00
53 0.00
54 0.16
55 0.74
56 0.44
57 2.21
58 2.21
59 2.21
60 2.12
61 2.28
62 2.59
63 3.35
64 4.48
65 5.33
66 3.43
67 2.83
68 3.15
69 13.10
70 0.00
71 0.00
72 0.00
73 0.04
74 0.00
75 0.00
76 0.00
77 0.00
78 42.35
79 0.36
80 0.28
81 1.12
82 2.63
83 2.51
84 2.37
85 2.28
86 2.62
87 2.42
88 2.32
89 2.12
90 1.11
91 1.34
92 1.46
93 3.30
94 0.00
95 0.00
96 0.00
97 0.04
98 0.00
99 0.00
100 0.00
101 39.13
102 0.11
103 0.85
104 0.49
105 1.50
106 1.64
107 1.66
108 1.52
109 1.73
110 1.92
111 2.12
112 3.55
113 2.60
114 2.55
115 3.00
116 3.22
117 3.72
118 0.00
119 0.00
120 0.00
121 0.08
122 0.00
123 0.00
124 0.00
125 0.00
126 0.12
127 1.00
128 0.51
129 1.89
130 1.68
131 1.41
132 1.47
133 1.43
134 1.67
135 1.94
136 2.60
137 2.40
138 2.24
139 2.52
140 2.99
141 10.73
142 7.30
143 0.00
144 0.00
145 0.07
146 0.00
147 0.00
148 0.00
149 0.15
150 0.10
151 0.75
152 0.60
153 1.58
154 1.54
155 1.59
156 1.51
157 1.51
158 1.72
159 1.91
160 3.07
161 3.15
162 2.76
163 3.15
164 3.70
165 8.15
166 0.00
167 0.00
168 17.56
169 0.07
170 20.81
171 15.62
172 0.00
173 0.00
174 0.15
175 0.35
176 0.40
177 1.12
178 1.20
179 1.10
180 1.01
181 1.07
182 1.09
183 1.35
184 1.54
185 1.93
186 2.57
187 6.52
188 0.21
189 0.00
190 0.00
191 0.00
192 0.00
193 0.13
194 0.00
195 0.00
196 0.00
197 0.00
198 0.00
199 0.41
200 0.25
201 0.86
202 3.19
203 2.88
204 2.94
205 2.78
206 2.60
207 2.71
208 2.68
209 3.20
210 2.85
211 2.78
212 2.75
213 4.77
214 0.00
215 0.00
216 0.00
217 0.00
218 0.00
219 0.00
220 0.00
221 0.00
222 0.19
223 0.73
224 0.43
225 1.38
226 2.18
227 1.72
228 2.11
229 1.85
230 2.13
231 2.87
232 2.63
233 2.77
234 2.17
235 2.60
236 3.28
237 9.29
238 15.45
239 0.00
240 0.00
241 0.00
242 0.00
243 0.00
244 0.00
245 0.00
246 0.00
247 0.79
248 0.30
249 0.82
250 2.98
251 3.10
252 3.04
253 2.26
254 2.73
255 3.26
256 2.83
257 3.09
258 1.47
259 1.26
260 1.53
261 3.58
262 0.00
263 20.17
264 20.11
265 0.00
266 0.00
267 0.00
268 0.00
269 0.00
270 0.13
271 0.76
272 0.48
273 1.62
274 1.76
275 1.68
276 1.77
277 1.62
278 2.18
279 2.51
280 3.74
281 3.54
282 3.49
283 1.66
284 3.89
285 6.34
286 0.00
287 0.52
288 33.03
289 3.71
290 0.00
291 0.00
292 0.00
293 0.00
294 0.21
295 0.77
296 0.48
297 2.20
298 1.69
299 1.68
300 1.57
301 1.59
302 1.71
303 2.53
304 2.58
305 3.07
306 2.68
307 2.72
308 2.49
309 6.55
310 1.80
311 22.09
312 0.00
313 0.09
314 0.00
315 0.00
316 0.00
317 0.59
318 0.14
319 0.53
320 0.52
321 1.55
322 1.37
323 1.45
324 1.31
325 1.26
326 1.45
327 1.81
328 2.51
329 3.47
330 2.50
331 3.75
332 3.35
333 11.49
334 0.00
335 0.75
336 0.00
337 0.00
338 0.00
339 0.00
340 0.00
341 0.00
342 0.28
343 0.23
344 0.37
345 1.32
346 1.22
347 1.05
348 1.21
349 1.01
350 1.15
351 1.14
352 1.76
353 2.17
354 2.98
355 7.87
356 0.00
357 2.57
358 0.00
359 0.00
360 0.00
361 0.00
362 0.00
363 0.00
364 0.00
365 0.00
366 0.00
367 0.21
368 0.29
369 1.12
370 4.47
371 2.38
372 3.98
373 2.89
374 2.65
375 4.55
376 6.25
377 4.90
378 3.18
379 2.37
380 3.24
381 3.61
382 0.00
383 0.00
384 0.00
385 0.14
386 0.00
387 0.00
388 0.00
389 0.00
390 0.11
391 0.44
392 0.46
393 1.71
394 2.47
395 2.21
396 2.39
397 2.38
398 2.61
399 3.48
400 3.31
401 4.35
402 2.90
403 1.91
404 2.07
405 6.02
406 0.00
407 0.00
408 8.20
409 0.00
410 4.73
411 0.00
412 0.00
413 0.00
414 0.00
415 0.16
416 0.22
417 0.73
418 3.00
419 2.11
420 2.92
421 1.86
422 3.89
423 2.94
424 3.27
425 2.74
426 1.30
427 1.37
428 1.50
429 2.91
430 0.00
431 45.00
432 0.00
433 0.12
434 0.00
435 0.00
436 0.00
437 0.00
438 0.11
439 0.53
440 0.41
441 1.54
442 2.16
443 1.77
444 1.91
445 1.78
446 2.14
447 2.51
448 3.19
449 3.41
450 2.54
451 2.68
452 2.65
453 5.41
454 41.38
455 0.00
456 0.00
457 0.00
458 0.00
459 0.00
460 0.00
461 0.78
462 0.13
463 0.61
464 0.46
465 2.28
466 1.98
467 1.84
468 1.72
469 1.92
470 1.64
471 2.20
472 2.88
473 3.32
474 3.41
475 1.91
476 2.21
477 6.70
478 10.32
479 0.00
480 1.02
481 0.74
482 0.00
483 1.07
484 0.00
485 0.61
486 0.19
487 0.51
488 0.54
489 1.51
490 1.46
491 1.37
492 1.45
493 1.55
494 1.84
495 2.09
496 3.07
497 2.67
498 3.15
499 2.47
500 2.06
501 3.54
502 0.00
503 0.00
504 0.00
505 9.40
506 0.00
507 0.00
508 0.00
509 0.00
510 0.22
511 0.37
512 0.45
513 1.62
514 1.48
515 1.24
516 1.35
517 1.41
518 1.52
519 1.89
520 2.75
521 3.40
522 3.24
523 8.46
524 0.00
525 22.22
526 0.00
527 2.27
528 0.00
529 0.00
530 0.00
531 0.00
532 0.00
533 1.64
534 0.00
535 0.23
536 0.23
537 1.26
538 3.98
539 2.87
540 3.23
541 3.44
542 3.85
543 3.46
544 4.53
545 5.38
546 5.23
547 2.97
548 3.13
549 8.68
550 0.45
551 0.00
552 0.00
553 3.51
554 0.00
555 0.00
556 0.00
557 0.00
558 0.10
559 0.47
560 0.49
561 1.62
562 2.30
563 1.90
564 2.21
565 2.27
566 3.10
567 3.32
568 3.69
569 4.36
570 3.20
571 2.21
572 3.05
573 5.39
574 41.38
575 48.00
576 0.00
577 0.00
578 0.00
579 0.00
580 0.00
581 0.00
582 0.10
583 0.21
584 0.31
585 0.94
586 2.40
587 2.68
588 2.83
589 2.58
590 3.94
591 3.33
592 3.64
593 2.42
594 1.45
595 1.37
596 1.49
597 5.09
598 1.76
599 2.83
600 0.00
601 0.10
602 0.00
603 0.00
604 0.00
605 0.00
606 0.00
607 0.30
608 0.22
609 0.82
610 1.86
611 1.63
612 0.98
613 1.54
614 1.59
615 1.74
616 1.96
617 1.65
618 1.68
619 1.83
620 2.75
621 2.62
622 0.00
623 0.00
624 0.00
625 0.00
626 0.00
627 0.00
628 0.00
629 10.08
630 1.85
631 0.44
632 0.39
633 1.96
634 1.75
635 1.68
636 1.57
637 1.65
638 1.89
639 2.16
640 2.57
641 3.90
642 2.45
643 2.40
644 3.25
645 8.35
646 18.80
647 9.76
648 0.00
649 0.00
650 4.68
651 0.00
652 0.00
653 0.47
654 1.51
655 0.50
656 0.51
657 1.84
658 1.55
659 1.48
660 1.55
661 1.70
662 1.95
663 2.26
664 2.62
665 4.47
666 2.39
667 2.37
668 4.02
669 7.88
670 0.00
671 0.00
672 0.00
673 0.71
674 0.00
675 0.00
676 6.36
677 0.00
678 0.00
679 0.25
680 0.35
681 1.21
682 1.35
683 1.28
684 1.27
685 1.28
686 1.38
687 1.60
688 2.50
689 3.72
690 3.93
691 8.01
692 0.00
693 0.00
694 0.00
695 0.00
696 0.00
697 0.00
698 0.00
699 0.00
700 0.00
701 0.00
702 0.00
703 0.34
704 0.28
705 1.15
706 2.41
707 3.27
708 3.34
709 2.86
710 3.41
711 3.52
712 3.82
713 4.43
714 3.12
715 2.61
716 2.41
717 2.94
718 0.00
719 0.00
720 0.00
721 0.11
722 0.00
723 0.00
724 0.00
725 0.00
726 0.00
727 0.41
728 0.45
729 1.51
730 2.20
731 1.76
732 1.89
733 1.94
734 2.24
735 2.51
736 2.67
737 3.42
738 2.91
739 2.47
740 1.96
741 7.86
742 0.00
743 0.00
744 7.84
745 0.00
746 0.00
747 0.00
748 0.00
749 0.00
750 0.00
751 0.25
752 0.25
753 0.81
754 2.80
755 2.48
756 3.13
757 2.40
758 2.42
759 2.40
760 4.58
761 2.88
762 1.87
763 1.23
764 1.85
765 5.38
766 1.01
767 4.44
768 0.00
769 0.00
770 0.00
771 0.00
772 0.00
773 0.00
774 0.00
775 0.52
776 0.35
777 1.61
778 1.91
779 1.61
780 1.98
781 1.60
782 2.30
783 2.63
784 2.48
785 3.28
786 2.49
787 2.11
788 2.38
789 5.61
790 0.00
791 0.00
792 1.26
793 0.00
794 0.00
795 0.00
796 0.00
797 0.00
798 0.74
799 0.52
800 0.43
801 2.03
802 1.67
803 1.81
804 1.93
805 1.95
806 1.88
807 2.60
808 2.48
809 3.29
810 2.21
811 1.81
812 2.20
813 4.39
814 2.62
815 0.00
816 0.00
817 0.00
818 0.00
819 0.00
820 0.00
821 0.62
822 1.73
823 0.53
824 0.52
825 1.63
826 1.51
827 1.55
828 1.63
829 1.44
830 1.53
831 1.90
832 2.91
833 2.15
834 2.15
835 1.77
836 2.18
837 6.44
838 0.55
839 0.00
840 0.00
841 0.00
842 0.00
843 19.25
844 0.00
845 0.00
846 4.33
847 0.21
848 0.33
849 1.15
850 1.30
851 1.12
852 1.17
853 1.08
854 1.31
855 1.43
856 1.99
857 2.10
858 2.06
859 4.76
860 14.52
861 0.00
862 0.00
863 0.00
864 0.00
865 0.00
866 0.00
867 0.00
868 0.00
869 0.00
870 0.00
871 0.26
872 0.22
873 0.53
874 3.00
875 3.02
876 2.64
877 2.44
878 1.91
879 3.13
880 1.87
881 3.88
882 2.90
883 1.64
884 2.80
885 6.17
886 0.00
887 0.00
888 0.00
889 0.00
890 0.00
891 0.00
892 0.00
893 0.00
894 0.00
895 0.39
896 0.39
897 1.21
898 1.57
899 1.75
900 1.82
901 1.76
902 2.07
903 2.84
904 2.95
905 3.09
906 1.68
907 1.67
908 1.84
909 5.07
910 0.00
911 0.00
912 0.00
913 0.00
914 0.00
915 0.00
916 0.00
917 0.00
918 0.00
919 0.18
920 0.21
921 0.56
922 1.57
923 1.76
924 2.24
925 1.71
926 1.95
927 1.61
928 2.27
929 2.38
930 1.81
931 1.09
932 1.41
933 3.85
934 2.08
935 38.71
936 0.00
937 0.00
938 0.00
939 0.00
940 0.00
941 0.00
942 2.57
943 0.43
944 0.38
945 1.55
946 1.59
947 1.73
948 1.78
949 2.15
950 2.14
951 2.34
952 2.05
953 2.33
954 2.84
955 2.06
956 2.34
957 3.67
958 0.00
959 0.00
960 0.00
961 14.12
962 0.00
963 0.00
964 0.00
965 0.00
966 1.04
967 0.46
968 0.45
969 2.03
970 1.83
971 1.59
972 1.92
973 1.69
974 1.93
975 2.14
976 2.53
977 2.70
978 2.44
979 2.15
980 2.10
981 2.69
982 0.00
983 0.00
984 9.18
985 3.04
986 0.00
987 0.00
988 0.00
989 0.54
990 0.67
991 0.46
992 0.49
993 1.69
994 1.62
995 1.40
996 1.32
997 1.36
998 1.70
999 1.96
1000 2.84
1001 3.41
1002 2.01
1003 2.07
1004 2.22
1005 5.31
1006 3.03
1007 0.00
1008 11.92
1009 0.00
1010 0.00
1011 0.00
1012 27.69
1013 0.00
1014 0.00
1015 0.22
1016 0.34
1017 1.24
1018 1.04
1019 1.00
1020 0.98
1021 0.97
1022 1.04
1023 1.25
1024 1.55
1025 2.06
1026 2.39
1027 4.59
1028 0.00
1029 0.00
1030 19.25
1031 0.00
1032 0.00
1033 0.00
1034 0.00
1035 0.00
1036 0.00
1037 0.00
1038 0.00
1039 0.23
1040 0.26
1041 0.87
1042 2.47
1043 2.08
1044 2.40
1045 2.20
1046 3.21
1047 2.86
1048 3.07
1049 3.54
1050 2.90
1051 1.83
1052 2.18
1053 4.56
1054 0.00
1055 0.00
1056 0.00
1057 0.00
1058 0.00
1059 0.00
1060 7.71
1061 0.00
1062 0.00
1063 0.53
1064 0.42
1065 1.26
1066 1.68
1067 1.86
1068 1.87
1069 2.02
1070 2.17
1071 3.22
1072 3.14
1073 2.19
1074 2.81
1075 2.24
1076 2.20
1077 4.36
1078 4.40
1079 0.00
1080 0.00
1081 0.00
1082 0.00
1083 0.00
1084 0.00
1085 0.00
1086 0.00
1087 0.23
1088 0.25
1089 0.69
1090 2.25
1091 2.29
1092 2.72
1093 2.04
1094 2.13
1095 2.71
1096 2.55
1097 2.82
1098 2.16
1099 1.20
1100 1.84
1101 4.08
1102 13.64
1103 50.70
1104 0.00
1105 0.00
1106 0.00
1107 0.00
1108 0.00
1109 11.21
1110 1.45
1111 0.45
1112 0.38
1113 1.66
1114 1.97
1115 1.77
1116 1.93
1117 2.08
1118 2.21
1119 2.99
1120 3.07
1121 4.38
1122 3.13
1123 2.67
1124 2.15
1125 5.25
1126 0.00
1127 0.00
1128 0.00
1129 0.00
1130 0.00
1131 0.00
1132 0.00
1133 0.00
1134 1.26
1135 0.48
1136 0.45
1137 2.35
1138 1.81
1139 1.75
1140 1.82
1141 1.99
1142 1.93
1143 2.50
1144 2.59
1145 2.66
1146 4.05
1147 2.01
1148 2.09
1149 5.56
1150 0.00
1151 1.35
1152 52.94
1153 45.57
1154 0.00
1155 0.00
1156 0.00
1157 0.43
1158 0.98
1159 0.37
1160 0.59
1161 1.49
1162 1.64
1163 1.37
1164 1.66
1165 1.62
1166 1.70
1167 1.90
1168 2.53
1169 4.19
1170 2.71
1171 2.12
1172 2.36
1173 5.27
1174 0.57
1175 0.00
1176 0.00
1177 0.00
1178 0.00
1179 0.00
1180 0.00
1181 50.00
1182 0.00
1183 0.21
1184 0.44
1185 1.16
1186 1.10
1187 0.94
1188 1.04
1189 1.13
1190 1.16
1191 1.31
1192 1.59
1193 2.37
1194 2.56
1195 5.14
1196 0.00
1197 8.22
1198 0.00
1199 0.00
1200 0.00
1201 0.00
1202 0.00
1203 4.54
1204 0.00
1205 0.00
1206 0.00
1207 0.22
1208 0.23
1209 1.22
1210 2.96
1211 2.65
1212 2.90
1213 2.92
1214 2.66
1215 3.42
1216 2.99
1217 3.46
1218 3.22
1219 2.13
1220 2.72
1221 4.43
1222 0.00
1223 0.00
1224 0.00
1225 0.00
1226 0.00
1227 0.00
1228 0.00
1229 0.00
1230 1.13
1231 0.37
1232 0.50
1233 1.29
1234 2.07
1235 2.19
1236 2.04
1237 2.03
1238 2.24
1239 2.62
1240 2.79
1241 2.98
1242 2.58
1243 1.70
1244 2.62
1245 5.65
1246 0.00
1247 0.00
1248 0.00
1249 0.00
1250 0.00
1251 0.00
1252 0.00
1253 0.00
1254 0.00
1255 0.21
1256 0.27
1257 0.85
1258 3.04
1259 2.45
1260 2.61
1261 2.84
1262 2.32
1263 2.72
1264 2.86
1265 3.39
1266 1.58
1267 1.17
1268 1.49
1269 4.48
1270 1.13
1271 0.00
1272 0.00
1273 0.00
1274 24.49
1275 0.00
1276 0.00
1277 0.00
1278 0.00
1279 0.47
1280 0.51
1281 1.57
1282 1.65
1283 1.57
1284 1.85
1285 2.03
1286 2.18
1287 2.65
1288 2.84
1289 2.91
1290 1.91
1291 1.90
1292 2.30
1293 6.30
1294 0.00
1295 0.00
1296 0.00
1297 0.00
1298 0.00
1299 0.00
1300 0.00
1301 0.00
1302 2.03
1303 0.55
1304 0.53
1305 2.08
1306 1.63
1307 1.64
1308 1.83
1309 2.01
1310 2.22
1311 3.06
1312 2.66
1313 3.16
1314 3.00
1315 2.52
1316 2.73
1317 10.13
1318 0.00
1319 0.00
1320 0.00
1321 0.20
1322 0.00
1323 0.00
1324 0.00
1325 0.50
1326 0.54
1327 0.43
1328 0.62
1329 1.81
1330 1.43
1331 1.79
1332 2.01
1333 1.94
1334 2.14
1335 2.56
1336 2.54
1337 2.91
1338 1.70
1339 2.47
1340 1.98
1341 6.46
1342 0.00
1343 0.00
1344 2.08
1345 0.12
1346 0.00
1347 0.00
1348 0.00
1349 0.00
1350 0.00
1351 0.29
1352 0.31
1353 1.52
1354 1.18
1355 1.07
1356 1.23
1357 1.33
1358 1.32
1359 1.47
1360 1.73
1361 1.85
1362 3.12
1363 6.61
1364 0.00
1365 0.00
1366 0.00
1367 0.00
1368 0.00
1369 0.00
1370 0.00
1371 0.00
1372 0.00
1373 0.00
1374 0.00
1375 0.38
1376 0.27
1377 1.18
1378 2.00
1379 2.33
1380 2.65
1381 3.39
1382 4.92
1383 4.80
1384 4.00
1385 3.73
1386 2.79
1387 2.25
1388 3.75
1389 6.31
1390 1.21
1391 0.00
1392 0.00
1393 0.11
1394 0.00
1395 0.00
1396 0.00
1397 0.00
1398 14.23
1399 0.53
1400 0.51
1401 1.51
1402 1.92
1403 1.94
1404 2.16
1405 2.21
1406 2.27
1407 2.98
1408 2.53
1409 3.88
1410 1.60
1411 1.47
1412 2.14
1413 8.14
1414 0.00
1415 0.00
1416 0.00
1417 0.18
1418 0.00
1419 0.00
1420 0.00
1421 0.00
1422 2.82
1423 0.49
1424 0.53
1425 1.48
1426 1.72
1427 2.22
1428 1.79
1429 1.90
1430 2.21
1431 2.88
1432 2.96
1433 3.96
1434 2.53
1435 2.00
1436 2.41
1437 5.36
1438 41.86
1439 0.00
1440 0.00
1441 0.00
1442 0.00
1443 0.00
1444 0.00
1445 0.00
1446 1.27
1447 0.47
1448 0.63
1449 2.55
1450 1.89
1451 1.74
1452 1.53
1453 1.77
1454 2.09
1455 2.24
1456 2.25
1457 3.00
1458 3.69
1459 1.76
1460 2.01
1461 7.65
1462 0.00
1463 0.00
1464 0.00
1465 0.00
1466 0.00
1467 0.00
1468 0.00
1469 0.47
1470 0.45
1471 0.43
1472 0.63
1473 1.48
1474 1.54
1475 1.47
1476 1.36
1477 1.41
1478 1.40
1479 1.60
1480 2.97
1481 2.85
1482 4.39
1483 2.77
1484 2.77
1485 8.05
1486 0.00
1487 0.00
1488 0.00
1489 0.00
1490 0.00
1491 0.00
1492 0.00
1493 0.00
1494 0.00
1495 0.28
1496 0.46
1497 1.62
1498 1.23
1499 1.03
1500 1.06
1501 1.00
1502 1.05
1503 1.27
1504 1.85
1505 2.04
1506 2.31
1507 4.85
1508 0.00
1509 0.00
1510 0.00
1511 0.00
1512 0.00
1513 0.13
1514 0.00
1515 0.00
1516 0.00
1517 0.00
1518 0.00
1519 0.54
1520 0.32
1521 0.99
1522 2.25
1523 2.33
1524 1.87
1525 2.29
1526 2.29
1527 2.70
1528 2.30
1529 2.72
1530 2.04
1531 2.28
1532 2.30
1533 5.49
1534 1.37
1535 5.20
1536 0.00
1537 0.00
1538 0.00
1539 1.52
1540 0.00
1541 0.00
1542 0.00
1543 0.41
1544 0.59
1545 1.82
1546 1.70
1547 1.80
1548 1.94
1549 2.06
1550 2.22
1551 2.13
1552 2.55
1553 2.30
1554 1.85
1555 1.90
1556 2.02
1557 5.49
1558 0.93
1559 0.00
1560 0.00
1561 0.00
1562 0.00
1563 0.00
1564 0.00
1565 0.00
1566 0.00
1567 0.29
1568 0.27
1569 0.95
1570 2.06
1571 2.23
1572 2.35
1573 2.62
1574 2.01
1575 2.35
1576 2.15
1577 2.92
1578 2.43
1579 1.63
1580 2.27
1581 5.26
1582 17.31
1583 0.00
1584 0.00
1585 0.00
1586 0.00
1587 0.00
1588 0.00
1589 0.00
1590 0.15
1591 0.56
1592 0.58
1593 1.64
1594 1.94
1595 1.87
1596 1.67
1597 1.80
1598 2.30
1599 2.26
1600 2.98
1601 2.48
1602 2.72
1603 1.70
1604 2.75
1605 7.09
1606 0.00
1607 0.00
1608 0.00
1609 0.00
1610 0.00
1611 0.00
1612 0.00
1613 43.37
1614 0.66
1615 0.60
1616 0.59
1617 1.74
1618 1.95
1619 1.55
1620 1.46
1621 1.96
1622 1.90
1623 2.13
1624 2.48
1625 2.81
1626 2.97
1627 1.97
1628 2.10
1629 5.33
1630 0.63
1631 0.00
1632 0.00
1633 0.00
1634 0.00
1635 0.00
1636 0.48
1637 0.00
1638 0.66
1639 0.49
1640 0.63
1641 1.63
1642 1.52
1643 1.19
1644 1.28
1645 1.43
1646 1.59
1647 1.63
1648 2.74
1649 2.70
1650 2.36
1651 2.03
1652 2.25
1653 4.07
1654 0.43
1655 0.00
1656 9.63
1657 0.00
1658 0.00
1659 0.00
1660 0.00
1661 0.00
1662 0.00
1663 0.31
1664 0.40
1665 1.08
1666 1.01
1667 1.00
1668 0.94
1669 1.03
1670 0.99
1671 1.18
1672 1.59
1673 1.71
1674 2.24
1675 6.11
1676 0.00
1677 5.11
1678 0.00
1679 0.00
1680 0.00
1681 0.00
1682 0.00
1683 0.00
1684 0.00
1685 0.00
1686 0.00
1687 0.15
1688 0.22
1689 0.57
1690 0.49
1691 0.71
1692 0.82
1693 0.93
1694 1.24
1695 1.20
1696 1.78
1697 1.28
1698 1.05
1699 1.93
1700 1.76
1701 4.35
1702 0.00
1703 1.36
1704 0.00
1705 0.19
1706 0.00
1707 0.00
1708 0.00
1709 0.00
1710 0.00
1711 0.47
1712 0.43
1713 1.51
1714 1.92
1715 1.73
1716 1.94
1717 2.01
1718 2.34
1719 2.53
1720 3.18
1721 2.95
1722 2.35
1723 1.80
1724 1.92
1725 5.17
1726 4.11
1727 1.25
1728 0.00
1729 0.00
1730 0.00
1731 0.00
1732 0.00
1733 0.00
1734 0.00
1735 0.49
1736 0.31
1737 1.72
1738 2.21
1739 3.00
1740 2.28
1741 2.61
1742 2.37
1743 2.54
1744 2.88
1745 2.97
1746 3.40
1747 2.04
1748 2.53
1749 3.55
1750 45.57
1751 0.00
1752 0.00
1753 0.00
1754 0.00
1755 0.00
1756 0.00
1757 0.00
1758 0.14
1759 0.64
1760 0.51
1761 1.62
1762 1.40
1763 1.74
1764 1.76
1765 2.12
1766 2.45
1767 2.80
1768 2.41
1769 2.97
1770 1.75
1771 1.62
1772 2.15
1773 4.84
1774 0.00
1775 9.86
1776 0.00
1777 0.00
1778 0.00
1779 0.00
1780 0.00
1781 0.00
1782 0.98
1783 0.55
1784 0.53
1785 1.94
1786 1.70
1787 1.66
1788 1.63
1789 1.74
1790 1.66
1791 1.87
1792 2.33
1793 2.40
1794 3.17
1795 1.80
1796 2.39
1797 4.69
1798 0.00
1799 0.00
1800 0.00
1801 0.11
1802 0.00
1803 0.00
1804 0.00
1805 0.59
1806 0.97
1807 0.47
1808 0.64
1809 1.53
1810 1.56
1811 1.28
1812 1.42
1813 1.45
1814 1.61
1815 1.93
1816 2.54
1817 2.66
1818 2.29
1819 1.62
1820 2.36
1821 4.26
1822 3.16
1823 0.00
1824 3.32
1825 3.15
1826 55.38
1827 0.00
1828 0.00
1829 0.00
1830 0.00
1831 0.42
1832 0.41
1833 0.98
1834 1.14
1835 1.07
1836 0.92
1837 0.89
1838 1.03
1839 1.18
1840 1.55
1841 2.10
1842 2.52
1843 5.39
1844 23.53
1845 1.04
1846 0.00
1847 9.02
1848 0.00
1849 0.00
1850 0.00
1851 0.00
1852 0.00
1853 0.00
1854 0.00
1855 0.43
1856 0.30
1857 1.13
1858 1.45
1859 1.91
1860 2.38
1861 2.34
1862 2.36
1863 2.78
1864 2.75
1865 2.36
1866 1.99
1867 1.79
1868 2.26
1869 7.78
1870 0.00
1871 2.19
1872 7.63
1873 0.00
1874 0.00
1875 0.00
1876 0.00
1877 0.09
1878 0.00
1879 0.51
1880 0.57
1881 1.70
1882 1.55
1883 2.04
1884 1.84
1885 1.82
1886 2.43
1887 3.06
1888 2.34
1889 2.21
1890 2.39
1891 1.66
1892 2.37
1893 7.14
1894 0.00
1895 0.00
1896 0.00
1897 0.00
1898 0.00
1899 0.00
1900 0.00
1901 0.00
1902 0.00
1903 0.35
1904 0.30
1905 1.19
1906 2.29
1907 2.20
1908 2.58
1909 2.06
1910 2.15
1911 2.63
1912 2.29
1913 2.67
1914 2.07
1915 1.47
1916 1.95
1917 6.61
1918 0.00
1919 0.00
1920 0.00
1921 23.84
1922 0.00
1923 0.00
1924 0.00
1925 0.00
1926 7.95
1927 0.57
1928 0.52
1929 1.48
1930 1.58
1931 1.61
1932 1.57
1933 1.68
1934 2.04
1935 2.23
1936 2.56
1937 2.29
1938 2.03
1939 1.67
1940 2.31
1941 5.39
1942 0.00
1943 0.00
1944 1.12
1945 5.85
1946 0.00
1947 0.00
1948 0.00
1949 47.37
1950 1.74
1951 0.49
1952 0.49
1953 2.12
1954 1.77
1955 1.63
1956 1.81
1957 1.92
1958 1.91
1959 2.16
1960 2.25
1961 3.16
1962 4.14
1963 2.16
1964 2.14
1965 3.77
1966 0.00
1967 0.00
1968 0.00
1969 0.00
1970 0.00
1971 0.00
1972 0.00
1973 0.55
1974 0.86
1975 0.38
1976 0.65
1977 1.49
1978 1.36
1979 1.24
1980 1.48
1981 1.34
1982 1.47
1983 1.81
1984 2.59
1985 2.73
1986 2.85
1987 2.32
1988 2.70
1989 4.14
1990 0.44
1991 0.00
1992 0.00
1993 0.05
1994 0.00
1995 0.11
1996 0.00
1997 1.00
1998 0.00
1999 0.27
2000 0.36
2001 0.94
2002 0.96
2003 0.96
2004 1.00
2005 0.86
2006 1.00
2007 1.10
2008 1.63
2009 2.36
2010 2.45
2011 5.28
2012 0.00
2013 0.00
2014 7.26
2015 10.67
2016 1.54
2017 0.00
2018 0.00
2019 0.00
2020 0.00
2021 0.00
2022 0.00
2023 0.43
2024 0.33
2025 0.92
2026 1.04
2027 2.05
2028 2.83
2029 2.35
2030 1.93
2031 1.74
2032 1.70
2033 2.41
2034 2.10
2035 1.84
2036 2.15
2037 7.27
2038 0.00
2039 0.00
2040 0.00
2041 0.18
2042 0.00
2043 0.00
2044 0.00
2045 0.00
2046 0.00
2047 0.52
2048 0.36
2049 1.63
2050 2.03
2051 1.89
2052 1.83
2053 2.15
2054 2.10
2055 2.90
2056 2.84
2057 3.41
2058 2.34
2059 2.15
2060 3.01
2061 5.54
2062 0.00
2063 0.00
2064 0.00
2065 0.00
2066 0.00
2067 0.00
2068 0.00
2069 0.00
2070 0.00
2071 0.51
2072 0.20
2073 1.41
2074 2.86
2075 2.18
2076 2.94
2077 2.76
2078 2.21
2079 3.07
2080 2.77
2081 3.05
2082 3.01
2083 1.85
2084 2.13
2085 6.13
2086 0.47
2087 0.00
2088 0.00
2089 0.00
2090 0.00
2091 0.00
2092 0.00
2093 0.00
2094 0.00
2095 0.67
2096 0.32
2097 1.75
2098 1.54
2099 1.71
2100 1.90
2101 1.88
2102 1.85
2103 2.47
2104 3.00
2105 3.20
2106 2.26
2107 1.89
2108 1.94
2109 4.63
2110 23.08
2111 0.00
2112 0.00
2113 0.49
2114 0.00
2115 17.06
2116 0.00
2117 0.94
2118 0.90
2119 0.58
2120 0.41
2121 2.10
2122 1.92
2123 1.66
2124 1.62
2125 1.92
2126 1.77
2127 2.07
2128 2.31
2129 3.19
2130 2.74
2131 2.13
2132 1.72
2133 4.38
2134 0.00
2135 0.00
2136 0.00
2137 0.13
2138 1.57
2139 0.00
2140 0.55
2141 1.88
2142 0.57
2143 0.53
2144 0.82
2145 1.51
2146 1.39
2147 1.47
2148 1.31
2149 1.48
2150 1.59
2151 2.04
2152 2.16
2153 2.58
2154 2.88
2155 1.61
2156 1.81
2157 4.55
2158 1.76
2159 0.60
2160 0.00
2161 0.13
2162 0.00
2163 37.50
2164 0.00
2165 0.00
2166 0.00
2167 0.49
2168 0.62
2169 1.05
2170 1.04
2171 0.90
2172 0.90
2173 0.92
2174 0.95
2175 1.12
2176 1.67
2177 1.66
2178 2.19
2179 5.18
2180 0.77
2181 0.00
2182 0.00
2183 0.00
2184 0.00
2185 1.95
2186 0.00
2187 0.00
2188 0.00
2189 0.00
2190 0.00
2191 0.37
2192 0.45
2193 1.11
2194 1.83
2195 2.02
2196 2.72
2197 2.45
2198 2.03
2199 1.85
2200 2.64
2201 2.44
2202 2.33
2203 2.10
2204 2.64
2205 3.40
2206 0.00
2207 0.00
2208 0.00
2209 0.00
2210 0.00
2211 0.00
2212 0.00
2213 0.00
2214 0.00
2215 0.64
2216 0.86
2217 1.90
2218 1.52
2219 1.80
2220 1.54
2221 1.64
2222 1.96
2223 2.40
2224 2.71
2225 2.17
2226 1.54
2227 1.96
2228 1.82
2229 5.04
2230 0.00
2231 0.00
2232 3.92
2233 0.00
2234 0.00
2235 0.00
2236 0.00
2237 0.00
2238 0.00
2239 0.81
2240 0.42
2241 1.38
2242 1.00
2243 1.71
2244 2.81
2245 2.18
2246 2.29
2247 1.99
2248 2.60
2249 1.58
2250 2.60
2251 1.69
2252 2.21
2253 3.14
2254 0.82
2255 0.00
2256 0.00
2257 0.22
2258 0.56
2259 0.00
2260 0.00
2261 4.55
2262 0.87
2263 0.84
2264 0.64
2265 1.75
2266 1.36
2267 1.40
2268 1.55
2269 1.71
2270 1.90
2271 2.13
2272 2.45
2273 1.91
2274 2.54
2275 1.73
2276 2.30
2277 4.97
2278 13.11
2279 0.00
2280 1.75
2281 0.45
2282 0.00
2283 0.00
2284 0.00
2285 0.00
2286 12.12
2287 0.40
2288 0.33
2289 1.33
2290 1.50
2291 2.21
2292 1.42
2293 1.31
2294 0.96
2295 0.84
2296 1.66
2297 2.19
2298 1.29
2299 1.22
2300 1.97
2301 6.70
2302 55.38
2303 9.30
2304 0.00
2305 0.00
2306 0.00
2307 0.00
2308 0.42
2309 0.00
2310 0.65
2311 0.50
2312 0.73
2313 1.41
2314 1.29
2315 1.20
2316 1.17
2317 1.23
2318 1.48
2319 1.70
2320 2.38
2321 3.42
2322 2.51
2323 1.81
2324 2.11
2325 2.92
2326 0.00
2327 0.00
2328 0.00
2329 0.00
2330 0.00
2331 0.00
2332 0.00
2333 0.00
2334 0.00
2335 0.71
2336 0.45
2337 1.29
2338 1.11
2339 0.96
2340 1.13
2341 1.10
2342 1.10
2343 1.19
2344 1.71
2345 1.93
2346 1.88
2347 4.72
2348 12.93
2349 0.00
2350 3.16
2351 0.00
2352 0.00
2353 0.00
2354 0.00
2355 0.00
2356 0.00
2357 0.00
2358 0.00
2359 0.80
2360 0.21
2361 0.94
2362 1.02
2363 1.06
2364 1.92
2365 1.37
2366 0.97
2367 1.07
2368 1.27
2369 1.08
2370 1.01
2371 1.50
2372 1.69
2373 5.53
2374 3.70
2375 20.69
2376 0.00
2377 0.00
2378 0.00
2379 0.00
2380 0.00
2381 0.00
2382 9.09
2383 0.57
2384 0.67
2385 1.30
2386 2.07
2387 1.89
2388 1.86
2389 1.68
2390 1.84
2391 2.51
2392 2.29
2393 2.58
2394 2.42
2395 2.12
2396 2.64
2397 4.46
2398 0.00
2399 0.00
2400 0.00
2401 0.00
2402 0.00
2403 0.00
2404 0.00
2405 0.00
2406 0.00
2407 0.32
2408 0.47
2409 0.84
2410 1.85
2411 1.86
2412 2.72
2413 2.09
2414 2.05
2415 1.97
2416 1.84
2417 2.06
2418 2.00
2419 1.75
2420 1.74
2421 4.92
2422 0.00
2423 0.80
2424 0.00
2425 0.10
2426 0.00
2427 0.00
2428 0.00
2429 0.00
2430 1.42
2431 0.72
2432 0.56
2433 1.25
2434 1.68
2435 1.58
2436 1.41
2437 1.45
2438 1.89
2439 2.13
2440 2.65
2441 1.59
2442 1.92
2443 1.72
2444 2.07
2445 6.21
2446 20.57
2447 0.00
2448 0.00
2449 0.28
2450 0.00
2451 0.00
2452 0.00
2453 0.00
2454 0.78
2455 0.51
2456 0.81
2457 1.84
2458 1.68
2459 1.17
2460 1.41
2461 1.48
2462 1.58
2463 1.90
2464 1.90
2465 2.38
2466 1.95
2467 1.53
2468 2.06
2469 4.76
2470 0.43
2471 0.00
2472 0.00
2473 0.00
2474 0.00
2475 0.00
2476 0.49
2477 0.00
2478 2.03
2479 0.61
2480 0.85
2481 1.41
2482 1.34
2483 1.24
2484 1.32
2485 1.49
2486 1.51
2487 1.93
2488 2.62
2489 2.15
2490 1.91
2491 1.68
2492 2.20
2493 4.21
2494 0.34
2495 0.00
2496 0.00
2497 0.08
2498 0.00
2499 0.00
2500 0.00
2501 0.00
2502 0.00
2503 0.91
2504 0.61
2505 1.15
2506 1.15
2507 0.96
2508 0.96
2509 0.94
2510 1.08
2511 1.15
2512 1.63
2513 1.76
2514 2.59
2515 4.70
2516 6.99
2517 16.74
2518 6.24
2519 0.00
2520 0.00
2521 0.13
2522 0.00
2523 0.00
2524 0.00
2525 0.00
2526 0.00
2527 0.78
2528 0.46
2529 1.41
2530 2.86
2531 1.75
2532 2.51
2533 2.39
2534 2.80
2535 2.88
2536 3.02
2537 2.50
2538 2.48
2539 2.00
2540 2.67
2541 5.08
2542 0.00
2543 0.00
2544 0.00
2545 0.11
2546 0.00
2547 0.00
2548 0.00
2549 0.00
2550 1.89
2551 0.38
2552 0.60
2553 0.94
2554 1.08
2555 1.43
2556 1.68
2557 1.64
2558 2.03
2559 3.01
2560 2.15
2561 2.04
2562 1.80
2563 1.94
2564 2.12
2565 9.91
2566 49.32
2567 0.00
2568 0.00
2569 0.13
2570 0.00
2571 0.00
2572 0.00
2573 0.00
2574 0.00
2575 0.48
2576 0.45
2577 1.54
2578 2.24
2579 2.20
2580 1.92
2581 1.90
2582 2.62
2583 1.96
2584 2.17
2585 2.82
2586 2.91
2587 1.83
2588 2.58
2589 6.32
2590 0.00
2591 0.54
2592 0.00
2593 0.00
2594 0.00
2595 0.00
2596 18.90
2597 0.00
2598 0.00
2599 0.57
2600 0.71
2601 1.81
2602 1.68
2603 1.44
2604 1.51
2605 1.60
2606 2.16
2607 2.20
2608 2.25
2609 2.00
2610 1.66
2611 1.62
2612 2.09
2613 5.59
2614 0.00
2615 0.00
2616 0.00
2617 0.00
2618 0.00
2619 0.00
2620 0.00
2621 0.00
2622 0.70
2623 0.63
2624 0.75
2625 2.40
2626 1.75
2627 1.50
2628 1.32
2629 1.83
2630 1.69
2631 1.97
2632 2.17
2633 2.38
2634 2.60
2635 1.68
2636 1.89
2637 5.22
2638 0.00
2639 0.00
2640 0.00
2641 0.21
2642 0.00
2643 0.00
2644 0.00
2645 0.53
2646 1.43
2647 0.49
2648 0.63
2649 1.76
2650 1.24
2651 1.42
2652 1.31
2653 1.36
2654 1.45
2655 1.85
2656 1.81
2657 2.33
2658 1.94
2659 1.39
2660 2.37
2661 4.49
2662 0.00
2663 0.00
2664 0.00
2665 0.05
2666 0.00
2667 46.15
2668 0.00
2669 0.00
2670 0.00
2671 0.63
2672 0.33
2673 0.98
2674 1.14
2675 1.22
2676 1.02
2677 1.20
2678 1.19
2679 1.44
2680 1.42
2681 1.64
2682 2.53
2683 9.43
2684 0.00
2685 0.00
2686 0.00
2687 0.00
2688 2.99
2689 0.00
2690 0.00
2691 0.00
2692 0.00
2693 0.00
2694 0.00
2695 0.50
2696 0.36
2697 2.09
2698 1.49
2699 1.62
2700 1.80
2701 2.47
2702 2.26
2703 2.04
2704 3.02
2705 3.56
2706 2.03
2707 1.76
2708 2.03
2709 7.39
2710 0.00
2711 0.00
2712 0.00
2713 1.86
2714 0.00
2715 0.00
2716 0.00
2717 20.81
2718 0.00
2719 0.48
2720 0.54
2721 1.48
2722 1.92
2723 1.89
2724 1.52
2725 1.95
2726 2.19
2727 2.79
2728 3.03
2729 2.39
2730 1.40
2731 1.80
2732 2.11
2733 4.09
2734 1.66
2735 0.00
2736 0.00
2737 0.00
2738 0.00
2739 0.00
2740 0.00
2741 0.00
2742 0.00
2743 0.55
2744 0.20
2745 1.18
2746 1.22
2747 1.32
2748 1.93
2749 1.04
2750 0.81
2751 1.32
2752 1.32
2753 1.31
2754 1.63
2755 1.50
2756 2.12
2757 5.47
2758 0.00
2759 9.63
2760 1.25
2761 0.00
2762 0.00
2763 0.00
2764 0.00
2765 0.00
2766 0.00
2767 0.49
2768 0.63
2769 1.69
2770 1.36
2771 1.70
2772 1.54
2773 1.79
2774 1.90
2775 2.37
2776 3.01
2777 1.87
2778 2.33
2779 2.00
2780 2.21
2781 7.62
2782 0.00
2783 0.00
2784 0.00
2785 0.00
2786 0.00
2787 0.00
2788 0.00
2789 0.00
2790 0.71
2791 0.65
2792 0.80
2793 1.86
2794 1.73
2795 1.37
2796 1.69
2797 1.82
2798 1.71
2799 1.80
2800 2.24
2801 2.26
2802 1.94
2803 2.04
2804 1.78
2805 3.44
2806 3.26
2807 0.00
2808 0.00
2809 7.27
2810 0.00
2811 57.14
2812 0.00
2813 0.66
2814 1.80
2815 0.52
2816 0.87
2817 1.50
2818 1.52
2819 1.44
2820 1.37
2821 1.51
2822 1.57
2823 1.83
2824 2.19
2825 2.37
2826 1.89
2827 1.96
2828 2.06
2829 3.57
2830 18.46
2831 21.09
2832 35.29
2833 0.00
2834 0.00
2835 0.00
2836 0.00
2837 0.00
2838 0.00
2839 0.57
2840 0.52
2841 0.96
2842 1.03
2843 0.95
2844 0.75
2845 0.89
2846 0.88
2847 1.09
2848 1.38
2849 1.85
2850 1.59
2851 5.58
2852 0.00
2853 2.99
2854 16.44
2855 0.00
2856 0.00
2857 0.11
2858 0.00
2859 0.00
2860 0.00
2861 0.00
2862 0.00
2863 0.21
2864 0.39
2865 1.22
2866 1.50
2867 2.19
2868 2.48
2869 2.17
2870 1.96
2871 2.20
2872 2.11
2873 1.78
2874 1.76
2875 2.22
2876 2.14
2877 11.27
2878 0.00
2879 24.32
2880 0.00
2881 0.00
2882 0.00
2883 0.00
2884 0.00
2885 0.00
2886 0.00
2887 0.49
2888 0.71
2889 1.81
2890 2.08
2891 1.98
2892 1.87
2893 1.65
2894 1.88
2895 2.39
2896 2.56
2897 2.19
2898 1.48
2899 1.28
2900 1.82
2901 8.22
2902 0.00
2903 11.01
2904 4.59
2905 0.00
2906 0.00
2907 0.00
2908 0.00
2909 0.00
2910 0.00
2911 0.38
2912 0.45
2913 1.29
2914 1.71
2915 2.75
2916 2.60
2917 2.23
2918 2.33
2919 2.25
2920 2.41
2921 2.44
2922 2.80
2923 1.85
2924 2.14
2925 8.67
2926 0.00
2927 57.14
2928 0.00
2929 0.00
2930 0.00
2931 0.00
2932 0.00
2933 0.00
2934 0.00
2935 0.49
2936 0.69
2937 1.90
2938 1.94
2939 1.68
2940 2.02
2941 1.97
2942 2.21
2943 2.28
2944 2.43
2945 2.45
2946 2.83
2947 1.77
2948 2.25
2949 6.38
2950 0.00
2951 8.07
2952 0.00
2953 15.79
2954 0.00
2955 0.00
2956 0.00
2957 0.00
2958 0.67
2959 0.59
2960 0.80
2961 1.99
2962 1.49
2963 1.67
2964 1.41
2965 1.48
2966 1.81
2967 1.85
2968 2.33
2969 2.86
2970 2.61
2971 2.01
2972 1.75
2973 6.39
2974 0.00
2975 0.00
2976 28.80
2977 0.00
2978 0.27
2979 0.00
2980 0.00
2981 0.00
2982 1.22
2983 0.49
2984 0.85
2985 1.63
2986 1.51
2987 1.49
2988 1.37
2989 1.45
2990 1.50
2991 1.69
2992 2.60
2993 2.91
2994 2.14
2995 2.00
2996 2.62
2997 6.02
2998 9.51
2999 14.23
3000 0.00
3001 0.00
3002 0.00
3003 0.00
3004 0.00
3005 0.00
3006 0.00
3007 0.91
3008 0.51
3009 0.89
3010 1.16
3011 1.02
3012 0.91
3013 0.86
3014 0.97
3015 1.24
3016 1.51
3017 1.97
3018 2.30
3019 5.51
3020 0.00
3021 11.50
3022 2.26
3023 31.86
3024 0.00
3025 0.00
3026 0.00
3027 0.00
3028 46.15
3029 0.00
3030 0.00
3031 1.23
3032 0.47
3033 1.17
3034 1.59
3035 1.78
3036 2.21
3037 1.75
3038 1.51
3039 2.39
3040 3.19
3041 2.70
3042 2.21
3043 2.24
3044 2.94
3045 4.73
3046 0.00
3047 0.00
3048 0.00
3049 0.00
3050 0.00
3051 0.00
3052 0.00
3053 0.00
3054 0.00
3055 0.43
3056 0.79
3057 1.42
3058 1.54
3059 1.54
3060 1.95
3061 1.95
3062 2.19
3063 3.03
3064 2.39
3065 2.00
3066 1.96
3067 1.90
3068 2.16
3069 3.03
3070 0.00
3071 0.00
3072 0.00
3073 0.11
3074 0.00
3075 0.00
3076 0.00
3077 0.00
3078 0.00
3079 0.93
3080 0.49
3081 2.26
3082 2.18
3083 2.72
3084 2.12
3085 1.81
3086 1.90
3087 1.83
3088 2.40
3089 2.83
3090 2.12
3091 2.06
3092 2.71
3093 8.07
3094 0.00
3095 31.03
3096 0.00
3097 0.00
3098 0.00
3099 0.00
3100 0.00
3101 6.70
3102 1.59
3103 0.44
3104 0.81
3105 2.14
3106 1.65
3107 1.87
3108 1.88
3109 1.85
3110 1.81
3111 2.23
3112 2.28
3113 2.59
3114 1.86
3115 1.98
3116 2.24
3117 6.71
3118 0.00
3119 0.00
3120 0.00
3121 0.00
3122 0.00
3123 0.00
3124 0.00
3125 0.00
3126 1.02
3127 0.44
3128 0.79
3129 2.57
3130 1.85
3131 1.45
3132 1.42
3133 1.71
3134 1.80
3135 2.08
3136 2.25
3137 2.24
3138 2.50
3139 1.92
3140 1.86
3141 4.87
3142 5.27
3143 18.56
3144 0.00
3145 0.00
3146 51.43
3147 0.00
3148 0.00
3149 0.00
3150 1.46
3151 0.51
3152 0.91
3153 1.42
3154 1.38
3155 1.31
3156 1.27
3157 1.37
3158 1.45
3159 1.88
3160 2.70
3161 2.64
3162 1.74
3163 1.50
3164 2.08
3165 5.01
3166 0.00
3167 0.58
3168 23.08
3169 0.18
3170 0.00
3171 1.25
3172 0.00
3173 19.46
3174 32.73
3175 0.50
3176 0.46
3177 1.40
3178 1.19
3179 1.16
3180 1.02
3181 1.15
3182 1.19
3183 1.42
3184 1.82
3185 2.06
3186 2.50
3187 6.32
3188 0.00
3189 0.00
3190 0.00
3191 0.00
3192 1.52
3193 0.00
3194 0.00
3195 0.00
3196 0.00
3197 0.00
3198 0.00
3199 0.49
3200 0.48
3201 2.02
3202 2.02
3203 2.54
3204 2.28
3205 2.10
3206 2.11
3207 2.27
3208 2.46
3209 2.21
3210 2.96
3211 2.17
3212 2.76
3213 5.91
3214 0.00
3215 7.48
3216 0.00
3217 0.00
3218 0.00
3219 0.00
3220 0.00
3221 13.53
3222 0.00
3223 0.48
3224 0.88
3225 1.81
3226 2.23
3227 1.76
3228 1.69
3229 1.81
3230 2.30
3231 2.45
3232 2.20
3233 2.12
3234 1.48
3235 1.50
3236 1.97
3237 5.90
3238 0.00
3239 0.00
3240 0.00
3241 0.00
3242 0.00
3243 0.00
3244 0.00
3245 0.00
3246 0.00
3247 0.78
3248 0.48
3249 2.29
3250 2.50
3251 2.18
3252 2.14
3253 2.09
3254 2.86
3255 3.04
3256 2.49
3257 2.37
3258 2.16
3259 1.80
3260 2.03
3261 6.80
3262 0.00
3263 0.00
3264 0.00
3265 0.00
3266 0.00
3267 0.00
3268 0.00
3269 0.00
3270 0.28
3271 0.38
3272 0.86
3273 1.83
3274 1.84
3275 1.73
3276 1.96
3277 1.61
3278 2.13
3279 2.34
3280 2.06
3281 2.97
3282 2.78
3283 1.89
3284 2.82
3285 5.68
3286 46.75
3287 7.93
3288 0.00
3289 0.18
3290 0.00
3291 0.00
3292 0.00
3293 0.00
3294 0.88
3295 0.61
3296 1.03
3297 2.29
3298 1.79
3299 1.73
3300 1.35
3301 1.50
3302 1.72
3303 1.92
3304 2.37
3305 3.14
3306 1.91
3307 1.80
3308 2.18
3309 7.01
3310 0.00
3311 0.00
3312 0.00
3313 0.00
3314 0.00
3315 0.00
3316 0.00
3317 0.00
3318 1.10
3319 0.51
3320 0.98
3321 1.60
3322 1.42
3323 1.31
3324 1.37
3325 1.38
3326 1.55
3327 1.70
3328 2.48
3329 2.34
3330 2.72
3331 1.50
3332 1.61
3333 4.37
3334 0.00
3335 0.00
3336 0.00
3337 2.30
3338 17.06
3339 9.25
3340 0.00
3341 0.00
3342 0.00
3343 0.46
3344 0.58
3345 1.07
3346 1.07
3347 1.07
3348 0.92
3349 0.94
3350 1.00
3351 1.08
3352 1.57
3353 1.92
3354 2.17
3355 6.80
3356 35.29
3357 5.75
3358 0.00
3359 39.13
3360 0.00
3361 0.14
3362 0.00
3363 0.00
3364 0.00
3365 0.00
3366 0.00
3367 0.67
3368 0.45
3369 2.07
3370 1.84
3371 1.46
3372 2.06
3373 1.69
3374 2.04
3375 2.53
3376 3.20
3377 2.56
3378 2.04
3379 1.82
3380 2.37
3381 5.58
3382 2.66
3383 0.00
3384 0.00
3385 0.00
3386 0.00
3387 0.00
3388 0.00
3389 0.00
3390 0.48
3391 0.47
3392 0.72
3393 1.82
3394 2.00
3395 2.07
3396 1.70
3397 2.02
3398 2.16
3399 2.89
3400 2.42
3401 2.49
3402 2.03
3403 1.47
3404 1.89
3405 4.67
3406 0.00
3407 0.00
3408 0.00
3409 0.00
3410 0.56
3411 0.00
3412 0.00
3413 0.00
3414 3.90
3415 0.35
3416 0.60
3417 1.13
3418 1.90
3419 2.02
3420 1.96
3421 1.82
3422 1.83
3423 2.75
3424 2.92
3425 2.13
3426 5.09
3427 1.63
3428 1.75
3429 8.25
3430 0.00
3431 22.50
3432 0.00
3433 0.21
3434 0.00
3435 0.00
3436 0.00
3437 0.00
3438 3.15
3439 0.37
3440 0.81
3441 1.09
3442 1.49
3443 1.64
3444 1.71
3445 1.59
3446 2.09
3447 2.65
3448 2.05
3449 2.96
3450 1.92
3451 2.00
3452 2.08
3453 5.92
3454 0.00
3455 0.00
3456 0.00
3457 18.18
3458 0.00
3459 0.00
3460 0.00
3461 0.00
3462 0.71
3463 0.39
3464 0.78
3465 1.98
3466 1.58
3467 1.70
3468 1.88
3469 1.71
3470 2.03
3471 2.34
3472 2.89
3473 2.37
3474 5.07
3475 2.12
3476 2.16
3477 4.59
3478 6.52
3479 36.36
3480 0.00
3481 0.00
3482 0.00
3483 0.00
3484 0.00
3485 0.00
3486 0.83
3487 0.54
3488 0.88
3489 1.58
3490 1.47
3491 1.38
3492 1.35
3493 1.44
3494 1.36
3495 1.91
3496 2.26
3497 1.87
3498 2.21
3499 2.40
3500 2.29
3501 4.52
3502 0.00
3503 0.00
3504 26.67
3505 0.00
3506 0.00
3507 0.00
3508 0.00
3509 0.00
3510 0.00
3511 0.59
3512 0.51
3513 1.27
3514 1.10
3515 0.98
3516 0.89
3517 0.97
3518 0.92
3519 1.29
3520 1.53
3521 1.87
3522 2.08
3523 5.07
3524 3.92
3525 0.00
3526 2.23
3527 0.00
3528 0.00
3529 0.11
3530 0.00
3531 0.00
3532 0.00
3533 0.00
3534 0.00
3535 0.39
3536 0.45
3537 1.29
3538 2.13
3539 1.85
3540 1.66
3541 1.95
3542 2.11
3543 2.54
3544 2.13
3545 3.82
3546 1.76
3547 1.54
3548 2.28
3549 3.68
3550 0.00
3551 0.00
3552 0.00
3553 0.00
3554 0.00
3555 0.00
3556 0.00
3557 0.00
3558 0.00
3559 0.39
3560 0.71
3561 1.91
3562 1.62
3563 1.99
3564 1.64
3565 1.70
3566 1.83
3567 2.32
3568 2.61
3569 1.77
3570 1.82
3571 1.94
3572 1.85
3573 4.58
3574 0.00
3575 0.00
3576 0.00
3577 0.00
3578 0.15
3579 0.00
3580 0.00
3581 0.00
3582 0.00
3583 0.40
3584 0.57
3585 1.16
3586 1.79
3587 1.70
3588 2.34
3589 1.74
3590 1.96
3591 1.78
3592 2.19
3593 2.08
3594 2.08
3595 2.19
3596 2.69
3597 8.04
3598 0.00
3599 0.00
3600 0.00
3601 0.00
3602 0.00
3603 0.00
3604 0.00
3605 0.00
3606 1.26
3607 0.50
3608 0.90
3609 1.98
3610 1.49
3611 1.72
3612 1.71
3613 1.76
3614 1.99
3615 2.65
3616 2.06
3617 2.26
3618 1.93
3619 1.12
3620 1.92
3621 5.51
3622 0.63
3623 0.00
3624 0.00
3625 0.00
3626 0.00
3627 0.00
3628 0.00
3629 0.00
3630 0.82
3631 0.38
3632 0.93
3633 2.49
3634 1.93
3635 1.91
3636 1.56
3637 1.61
3638 1.72
3639 1.90
3640 2.78
3641 2.62
3642 2.51
3643 1.78
3644 1.74
3645 5.31
3646 0.00
3647 0.00
3648 0.00
3649 39.56
3650 0.00
3651 0.00
3652 26.02
3653 0.99
3654 1.25
3655 0.53
3656 0.93
3657 1.44
3658 1.58
3659 1.43
3660 1.31
3661 1.33
3662 1.56
3663 1.71
3664 2.53
3665 2.38
3666 1.92
3667 1.71
3668 2.43
3669 6.74
3670 0.00
3671 0.00
3672 0.00
3673 0.00
3674 0.00
3675 0.00
3676 0.00
3677 0.00
3678 0.00
3679 0.65
3680 0.51
3681 1.09
3682 1.00
3683 0.99
3684 0.85
3685 0.86
3686 0.97
3687 1.08
3688 1.48
3689 1.92
3690 2.06
3691 5.26
3692 0.00
3693 0.00
3694 0.00
3695 1.54
3696 1.36
3697 0.00
3698 0.00
3699 0.00
3700 0.00
3701 0.00
3702 0.00
3703 0.24
3704 0.48
3705 1.30
3706 2.22
3707 1.74
3708 2.33
3709 2.44
3710 2.11
3711 2.17
3712 2.35
3713 1.43
3714 2.86
3715 1.91
3716 2.20
3717 4.31
3718 0.00
3719 0.00
3720 1.17
3721 0.00
3722 0.00
3723 0.00
3724 0.00
3725 0.00
3726 0.00
3727 0.40
3728 0.65
3729 2.01
3730 1.87
3731 1.83
3732 2.07
3733 1.97
3734 2.05
3735 2.78
3736 1.96
3737 2.44
3738 2.07
3739 2.27
3740 2.05
3741 4.44
3742 21.43
3743 0.00
3744 0.00
3745 0.00
3746 0.00
3747 0.00
3748 0.00
3749 0.00
3750 0.00
3751 0.44
3752 0.50
3753 1.72
3754 1.58
3755 2.15
3756 2.15
3757 1.93
3758 2.10
3759 2.13
3760 2.32
3761 2.28
3762 2.07
3763 1.70
3764 1.91
3765 6.10
3766 0.00
3767 0.00
3768 0.00
3769 0.00
3770 0.00
3771 0.00
3772 0.00
3773 0.00
3774 0.00
3775 0.43
3776 0.81
3777 1.61
3778 1.59
3779 1.88
3780 1.75
3781 1.92
3782 1.78
3783 2.08
3784 1.96
3785 2.21
3786 1.48
3787 1.67
3788 2.00
3789 5.07
3790 0.00
3791 0.00
3792 0.00
3793 0.00
3794 0.00
3795 0.00
3796 0.00
3797 43.37
3798 0.49
3799 0.41
3800 0.81
3801 2.45
3802 1.78
3803 1.63
3804 1.49
3805 1.56
3806 1.70
3807 1.86
3808 2.19
3809 2.77
3810 3.51
3811 2.32
3812 2.30
3813 4.84
3814 1.72
3815 0.00
3816 0.00
3817 0.00
3818 0.00
3819 0.00
3820 0.00
3821 0.87
3822 1.42
3823 0.42
3824 0.80
3825 1.46
3826 1.58
3827 1.22
3828 1.31
3829 1.31
3830 1.38
3831 1.64
3832 3.05
3833 2.58
3834 2.14
3835 1.53
3836 2.15
3837 2.93
3838 0.00
3839 0.00
3840 0.00
3841 0.10
3842 0.00
3843 0.00
3844 0.00
3845 0.00
3846 0.00
3847 0.99
3848 0.51
3849 1.18
3850 0.90
3851 0.92
3852 0.86
3853 0.79
3854 0.93
3855 0.96
3856 1.54
3857 1.86
3858 2.27
3859 6.04
3860 0.00
3861 0.00
3862 0.00
3863 0.00
3864 0.00
3865 0.00
3866 0.00
3867 0.00
3868 0.00
3869 0.00
3870 0.00
3871 0.29
3872 0.25
3873 0.45
3874 0.60
3875 1.06
3876 1.11
3877 1.01
3878 1.03
3879 1.29
3880 1.26
3881 1.32
3882 1.29
3883 1.58
3884 1.89
3885 4.04
3886 0.00
3887 0.00
3888 0.00
3889 0.00
3890 0.00
3891 0.00
3892 0.00
3893 0.00
3894 0.00
3895 0.40
3896 0.68
3897 2.08
3898 1.44
3899 1.49
3900 1.88
3901 1.87
3902 2.25
3903 2.45
3904 2.46
3905 1.95
3906 1.94
3907 1.93
3908 2.21
3909 4.65
3910 0.00
3911 0.00
3912 0.00
3913 0.00
3914 0.00
3915 0.00
3916 0.00
3917 0.00
3918 0.00
3919 0.50
3920 0.52
3921 1.09
3922 1.91
3923 1.44
3924 2.29
3925 2.25
3926 2.10
3927 1.50
3928 2.11
3929 2.32
3930 2.48
3931 2.03
3932 2.99
3933 6.19
3934 36.36
3935 10.62
3936 0.00
3937 0.00
3938 0.00
3939 0.00
3940 0.00
3941 0.00
3942 0.00
3943 0.45
3944 0.71
3945 1.80
3946 1.74
3947 1.79
3948 1.74
3949 1.74
3950 1.98
3951 2.58
3952 2.51
3953 2.15
3954 2.11
3955 1.72
3956 2.42
3957 6.58
3958 0.00
3959 0.00
3960 0.00
3961 0.00
3962 0.00
3963 0.00
3964 0.00
3965 0.00
3966 0.00
3967 0.40
3968 0.84
3969 1.89
3970 1.82
3971 1.42
3972 1.43
3973 1.71
3974 1.60
3975 2.06
3976 2.63
3977 3.17
3978 2.90
3979 2.99
3980 2.56
3981 6.66
3982 38.30
3983 24.49
3984 0.00
3985 0.00
3986 0.00
3987 0.00
3988 0.00
3989 0.66
3990 0.49
3991 0.51
3992 0.90
3993 1.39
3994 1.60
3995 1.50
3996 1.38
3997 1.37
3998 1.56
3999 1.66
4000 2.50
4001 2.59
4002 2.01
4003 1.73
4004 2.02
4005 4.44
4006 0.00
4007 0.00
4008 0.00
4009 0.00
4010 0.00
4011 0.00
4012 0.00
4013 0.00
4014 0.00
4015 0.52
4016 0.51
4017 1.12
4018 1.07
4019 1.05
4020 0.93
4021 0.97
4022 1.01
4023 1.28
4024 1.51
4025 1.89
4026 2.70
4027 4.77
4028 3.83
4029 14.52
4030 0.40
4031 0.00
4032 0.00
4033 0.00
4034 0.00
4035 0.00
4036 0.00
4037 0.05
4038 0.00
4039 0.31
4040 0.37
4041 1.72
4042 2.94
4043 1.89
4044 2.08
4045 1.72
4046 2.28
4047 3.22
4048 2.90
4049 3.03
4050 2.52
4051 2.00
4052 2.17
4053 4.40
4054 0.00
4055 0.00
4056 0.00
4057 0.07
4058 0.00
4059 0.00
4060 0.00
4061 0.00
4062 0.00
4063 0.40
4064 0.71
4065 1.58
4066 1.56
4067 1.69
4068 2.19
4069 1.82
4070 1.96
4071 2.93
4072 2.84
4073 2.25
4074 1.77
4075 2.07
4076 1.85
4077 4.71
4078 0.00
4079 0.00
4080 1.99
4081 0.04
4082 0.00
4083 0.00
4084 0.00
4085 0.00
4086 0.00
4087 0.17
4088 0.46
4089 1.53
4090 1.70
4091 2.09
4092 1.43
4093 2.10
4094 1.72
4095 2.65
4096 2.31
4097 3.07
4098 3.26
4099 1.81
4100 2.51
4101 4.65
4102 0.00
4103 0.00
4104 0.00
4105 0.08
4106 0.00
4107 0.00
4108 0.00
4109 0.00
4110 0.00
4111 0.38
4112 0.72
4113 1.55
4114 1.45
4115 1.87
4116 1.68
4117 1.82
4118 1.73
4119 2.28
4120 2.67
4121 2.61
4122 1.74
4123 1.73
4124 1.74
4125 6.00
4126 0.00
4127 0.00
4128 0.00
4129 0.04
4130 0.00
4131 0.00
4132 0.00
4133 0.00
4134 0.80
4135 0.34
4136 0.68
4137 1.86
4138 1.70
4139 1.70
4140 1.91
4141 1.62
4142 1.87
4143 2.03
4144 1.82
4145 3.00
4146 2.43
4147 1.63
4148 1.84
4149 4.78
4150 19.94
4151 0.00
4152 0.00
4153 0.04
4154 0.00
4155 0.00
4156 0.00
4157 11.76
4158 1.23
4159 0.43
4160 0.95
4161 1.67
4162 1.70
4163 1.46
4164 1.44
4165 1.42
4166 1.32
4167 1.81
4168 2.39
4169 2.72
4170 2.61
4171 1.91
4172 2.09
4173 5.08
4174 0.00
4175 0.00
4176 0.00
4177 0.04
4178 0.00
4179 0.00
4180 0.00
4181 0.00
4182 0.00
4183 0.52
4184 0.49
4185 1.08
4186 1.05
4187 1.03
4188 0.87
4189 1.00
4190 0.98
4191 1.25
4192 1.39
4193 1.96
4194 2.45
4195 5.51
4196 0.00
4197 40.45
4198 0.00
4199 0.00
4200 0.00
4201 0.04
4202 0.00
4203 0.00
4204 0.00
4205 0.00
4206 0.00
4207 0.28
4208 0.39
4209 1.28
4210 1.68
4211 2.23
4212 2.79
4213 2.18
4214 2.12
4215 2.52
4216 2.02
4217 2.13
4218 2.16
4219 1.89
4220 1.88
4221 1.95
4222 0.00
4223 0.00
4224 0.00
4225 0.04
4226 0.00
4227 0.00
4228 0.00
4229 0.00
4230 0.00
4231 0.42
4232 0.61
4233 1.63
4234 1.96
4235 1.87
4236 1.84
4237 1.91
4238 2.10
4239 2.69
4240 1.86
4241 2.00
4242 2.94
4243 2.01
4244 2.11
4245 3.78
4246 0.00
4247 0.00
4248 0.00
4249 0.04
4250 0.00
4251 0.00
4252 0.00
4253 0.00
4254 0.00
4255 0.33
4256 0.36
4257 1.18
4258 1.76
4259 2.21
4260 1.94
4261 1.96
4262 2.24
4263 2.71
4264 2.35
4265 2.75
4266 2.05
4267 1.61
4268 2.55
4269 5.35
4270 0.00
4271 0.00
4272 0.00
4273 0.04
4274 0.00
4275 0.00
4276 0.00
4277 0.00
4278 0.00
4279 0.33
4280 0.59
4281 2.39
4282 1.42
4283 1.85
4284 1.52
4285 2.06
4286 1.92
4287 2.98
4288 3.37
4289 2.43
4290 2.47
4291 1.99
4292 2.13
4293 6.25
4294 0.00
4295 0.00
4296 0.00
4297 0.12
4298 0.00
4299 0.00
4300 0.00
4301 2.36
4302 1.06
4303 0.42
4304 0.71
4305 1.66
4306 1.80
4307 1.82
4308 1.79
4309 1.67
4310 1.78
4311 2.07
4312 2.36
4313 2.99
4314 2.97
4315 1.82
4316 2.24
4317 4.18
4318 12.59
4319 14.37
4320 20.49
4321 4.42
4322 1.67
4323 4.97
4324 7.37
4325 1.26
4326 2.16
4327 0.44
4328 0.74
4329 1.42
4330 1.58
4331 1.35
4332 1.26
4333 1.38
4334 1.45
4335 1.71
4336 2.51
4337 2.82
4338 2.22
4339 1.63
4340 1.85
4341 3.39
4342 0.00
4343 0.00
4344 0.00
4345 0.00
4346 0.00
4347 0.00
4348 0.00
4349 0.00
4350 0.00
4351 0.43
4352 0.46
4353 1.08
4354 1.06
4355 1.10
4356 1.02
4357 0.98
4358 1.27
4359 1.32
4360 1.81
4361 1.53
4362 3.15
4363 5.17
4364 0.00
4365 0.00
4366 0.00
4367 0.00
4368 0.00
4369 22.93
4370 0.00
4371 0.00
4372 0.00
4373 1.15
4374 2.14
4375 0.36
4376 0.38
4377 0.84
4378 2.82
4379 2.47
4380 2.24
4381 2.08
4382 2.28
4383 1.78
4384 2.39
4385 3.53
4386 2.25
4387 1.83
4388 2.64
4389 5.31
4390 0.00
4391 0.00
4392 0.00
4393 0.00
4394 0.00
4395 0.00
4396 0.00
4397 0.00
4398 0.00
4399 0.44
4400 0.52
4401 1.96
4402 1.95
4403 1.65
4404 1.57
4405 1.61
4406 1.98
4407 2.51
4408 2.32
4409 2.30
4410 2.98
4411 2.41
4412 2.20
4413 4.25
4414 0.00
4415 0.00
4416 0.00
4417 0.00
4418 0.00
4419 0.00
4420 0.00
4421 0.00
4422 0.00
4423 0.45
4424 0.34
4425 1.76
4426 3.70
4427 1.96
4428 3.04
4429 1.98
4430 2.31
4431 2.25
4432 2.27
4433 2.75
4434 3.08
4435 3.48
4436 2.04
4437 5.62
4438 0.00
4439 0.00
4440 9.28
4441 0.00
4442 0.00
4443 0.00
4444 0.00
4445 0.00
4446 0.00
4447 0.37
4448 0.48
4449 1.66
4450 1.60
4451 1.89
4452 1.45
4453 1.60
4454 1.98
4455 1.97
4456 3.13
4457 2.73
4458 2.10
4459 1.66
4460 1.86
4461 4.22
4462 15.00
4463 20.34
4464 0.00
4465 0.00
4466 0.00
4467 0.00
4468 0.00
4469 0.00
4470 1.43
4471 0.36
4472 0.60
4473 2.13
4474 1.75
4475 1.70
4476 1.43
4477 1.37
4478 1.74
4479 1.68
4480 2.30
4481 3.12
4482 1.94
4483 1.60
4484 1.91
4485 3.98
4486 0.00
4487 0.00
4488 0.00
4489 0.00
4490 0.00
4491 0.00
4492 0.00
4493 0.69
4494 0.00
4495 0.42
4496 0.82
4497 1.63
4498 1.43
4499 1.25
4500 1.17
4501 1.20
4502 1.36
4503 1.64
4504 2.12
4505 3.39
4506 3.10
4507 2.09
4508 2.58
4509 4.31
4510 0.00
4511 7.62
4512 0.00
4513 0.00
4514 0.00
4515 0.00
4516 0.00
4517 0.00
4518 0.00
4519 0.39
4520 0.48
4521 1.38
4522 1.15
4523 1.12
4524 0.96
4525 0.83
4526 0.92
4527 1.25
4528 1.45
4529 1.97
4530 2.28
4531 6.14
4532 0.00
4533 0.00
4534 0.00
4535 55.38
4536 0.00
4537 0.00
4538 0.00
4539 0.00
4540 0.00
4541 0.00
4542 0.00
4543 0.43
4544 0.42
4545 1.26
4546 1.32
4547 2.81
4548 2.21
4549 2.03
4550 2.11
4551 2.17
4552 3.04
4553 2.53
4554 2.66
4555 2.17
4556 2.52
4557 5.75
4558 34.29
4559 0.00
4560 0.00
4561 0.00
4562 0.00
4563 0.00
4564 0.00
4565 0.00
4566 0.00
4567 0.39
4568 0.62
4569 1.66
4570 2.05
4571 1.89
4572 1.64
4573 1.72
4574 2.03
4575 2.68
4576 1.85
4577 2.14
4578 2.54
4579 1.85
4580 2.38
4581 6.48
4582 0.00
4583 0.00
4584 0.00
4585 0.00
4586 0.00
4587 0.00
4588 0.00
4589 0.00
4590 0.00
4591 0.29
4592 0.31
4593 1.41
4594 1.77
4595 2.48
4596 2.08
4597 1.84
4598 1.91
4599 2.46
4600 2.68
4601 2.23
4602 1.98
4603 1.58
4604 2.05
4605 6.11
4606 32.14
4607 0.00
4608 0.00
4609 0.00
4610 0.00
4611 0.00
4612 0.00
4613 0.00
4614 0.00
4615 0.35
4616 0.64
4617 2.23
4618 1.44
4619 1.51
4620 1.39
4621 1.42
4622 2.10
4623 2.57
4624 3.09
4625 1.63
4626 3.16
4627 2.63
4628 2.32
4629 4.26
4630 0.00
4631 16.14
4632 0.00
4633 0.08
4634 0.00
4635 0.00
4636 0.00
4637 0.00
4638 0.14
4639 0.34
4640 0.70
4641 1.63
4642 1.82
4643 1.52
4644 1.32
4645 1.38
4646 1.44
4647 1.76
4648 2.40
4649 2.24
4650 2.76
4651 2.66
4652 1.95
4653 4.47
4654 0.00
4655 0.00
4656 0.00
4657 0.00
4658 0.00
4659 0.00
4660 0.00
4661 0.66
4662 0.00
4663 0.40
4664 0.91
4665 1.47
4666 1.58
4667 1.24
4668 1.24
4669 1.37
4670 1.41
4671 1.72
4672 2.39
4673 2.50
4674 2.13
4675 2.24
4676 1.66
4677 5.50
4678 0.00
4679 5.70
4680 0.00
4681 15.19
4682 0.00
4683 0.00
4684 1.04
4685 0.00
4686 0.00
4687 0.42
4688 0.49
4689 1.04
4690 1.00
4691 1.10
4692 0.91
4693 0.89
4694 0.98
4695 1.26
4696 1.55
4697 1.67
4698 2.53
4699 6.29
4700 0.00
4701 0.00
4702 0.00
4703 27.69
4704 0.00
4705 0.00
4706 0.00
4707 0.00
4708 0.00
4709 0.00
4710 0.00
4711 0.27
4712 0.43
4713 1.08
4714 1.22
4715 2.23
4716 2.33
4717 2.18
4718 2.11
4719 1.72
4720 2.52
4721 3.91
4722 2.65
4723 1.68
4724 1.82
4725 9.11
4726 0.00
4727 0.00
4728 0.00
4729 0.00
4730 6.50
4731 12.41
4732 14.69
4733 7.91
4734 20.34
4735 0.50
4736 0.62
4737 1.28
4738 1.44
4739 1.50
4740 1.68
4741 1.82
4742 1.97
4743 2.03
4744 2.83
4745 2.56
4746 2.01
4747 1.52
4748 1.87
4749 4.28
4750 0.00
4751 0.00
4752 0.00
4753 0.00
4754 0.00
4755 0.00
4756 0.00
4757 0.00
4758 0.00
4759 0.36
4760 0.43
4761 1.08
4762 1.52
4763 2.23
4764 2.34
4765 1.76
4766 2.23
4767 1.88
4768 2.50
4769 2.22
4770 1.84
4771 1.77
4772 2.20
4773 6.22
4774 0.00
4775 0.00
4776 0.00
4777 0.00
4778 0.00
4779 0.00
4780 0.00
4781 0.00
4782 0.27
4783 0.37
4784 0.77
4785 1.59
4786 1.61
4787 1.67
4788 1.81
4789 1.72
4790 1.91
4791 2.36
4792 2.97
4793 2.46
4794 1.80
4795 1.34
4796 1.90
4797 5.61
4798 0.00
4799 11.92
4800 0.00
4801 0.00
4802 0.00
4803 0.00
4804 0.00
4805 0.00
4806 0.00
4807 0.33
4808 0.78
4809 1.93
4810 1.65
4811 1.40
4812 1.48
4813 1.76
4814 1.82
4815 2.16
4816 2.50
4817 2.59
4818 1.72
4819 1.57
4820 1.98
4821 4.45
4822 3.47
4823 0.00
4824 0.00
4825 0.00
4826 0.00
4827 0.00
4828 0.00
4829 0.77
4830 0.00
4831 0.40
4832 0.90
4833 1.34
4834 1.50
4835 1.29
4836 1.21
4837 1.48
4838 1.77
4839 1.84
4840 2.42
4841 2.59
4842 2.57
4843 1.65
4844 1.85
4845 5.42
4846 0.00
4847 9.21
4848 0.00
4849 0.00
4850 0.00
4851 0.00
4852 0.00
4853 0.00
4854 0.00
4855 0.45
4856 0.53
4857 1.33
4858 1.05
4859 0.98
4860 0.90
4861 0.95
4862 0.95
4863 1.25
4864 1.30
4865 1.64
4866 2.27
4867 5.58
4868 0.00
4869 0.00
4870 0.00
4871 0.00
4872 0.00
4873 0.00
4874 0.00
4875 28.12
4876 0.00
4877 0.00
4878 0.00
4879 0.40
4880 0.36
4881 0.75
4882 3.34
4883 1.95
4884 2.45
4885 2.36
4886 1.62
4887 2.12
4888 2.23
4889 3.01
4890 1.99
4891 1.61
4892 2.16
4893 4.43
4894 0.00
4895 0.00
4896 0.00
4897 0.00
4898 0.00
4899 0.00
4900 0.00
4901 0.00
4902 0.00
4903 0.38
4904 0.64
4905 1.16
4906 1.96
4907 1.52
4908 1.72
4909 1.69
4910 2.08
4911 2.42
4912 2.30
4913 1.92
4914 1.40
4915 1.51
4916 1.98
4917 5.25
4918 12.68
4919 0.00
4920 0.00
4921 0.00
4922 0.00
4923 0.00
4924 24.16
4925 0.00
4926 0.00
4927 0.47
4928 0.34
4929 1.34
4930 1.86
4931 1.54
4932 2.27
4933 1.63
4934 1.72
4935 2.17
4936 3.10
4937 1.87
4938 1.50
4939 1.20
4940 2.30
4941 8.93
4942 0.00
4943 0.00
4944 0.00
4945 0.00
4946 0.00
4947 0.00
4948 0.00
4949 0.00
4950 0.99
4951 0.43
4952 0.77
4953 1.74
4954 1.62
4955 1.66
4956 1.73
4957 1.71
4958 2.05
4959 2.43
4960 1.99
4961 1.81
4962 1.55
4963 1.33
4964 2.18
4965 6.17
4966 7.07
4967 0.00
4968 0.00
4969 0.00
4970 0.00
4971 0.00
4972 0.00
4973 0.00
4974 1.35
4975 0.39
4976 1.00
4977 2.36
4978 1.91
4979 1.57
4980 1.46
4981 1.62
4982 1.87
4983 1.85
4984 2.11
4985 2.63
4986 3.15
4987 1.86
4988 2.75
4989 6.76
4990 2.80
4991 0.00
4992 0.00
4993 0.00
4994 0.00
4995 0.00
4996 0.00
4997 1.13
4998 2.40
4999 0.39
5000 0.98
5001 1.54
5002 1.46
5003 1.34
5004 1.27
5005 1.24
5006 1.58
5007 1.88
5008 2.71
5009 2.25
5010 2.08
5011 2.12
5012 2.68
5013 4.23
5014 0.00
5015 0.00
5016 0.00
5017 0.00
5018 0.00
5019 0.00
5020 0.00
5021 0.00
5022 0.00
5023 0.50
5024 0.55
5025 1.20
5026 1.18
5027 1.03
5028 0.88
5029 1.00
5030 1.04
5031 1.18
5032 1.41
5033 1.87
5034 1.66
5035 5.67
5036 0.00
5037 0.00
5038 0.00
5039 0.00
5040 0.00
5041 0.00
5042 0.00
5043 0.00
5044 0.00
5045 0.00
5046 0.00
5047 0.23
5048 0.44
5049 0.87
5050 2.02
5051 2.27
5052 2.78
5053 2.19
5054 2.11
5055 2.02
5056 2.82
5057 1.95
5058 1.52
5059 1.50
5060 3.02
5061 6.62
5062 0.00
5063 9.00
5064 0.00
5065 0.00
5066 0.00
5067 0.00
5068 0.00
5069 0.00
5070 0.62
5071 0.46
5072 0.70
5073 1.74
5074 1.88
5075 1.56
5076 1.86
5077 1.61
5078 1.97
5079 2.73
5080 2.70
5081 1.95
5082 1.80
5083 1.77
5084 2.89
5085 12.51
5086 0.00
5087 0.00
5088 0.00
5089 0.00
5090 0.00
5091 0.00
5092 0.00
5093 0.00
5094 0.00
5095 0.72
5096 0.39
5097 0.93
5098 2.19
5099 1.98
5100 1.62
5101 1.95
5102 1.99
5103 1.75
5104 2.83
5105 2.10
5106 2.02
5107 2.16
5108 2.92
5109 9.26
5110 0.00
5111 45.57
5112 0.00
5113 0.00
5114 0.00
5115 0.00
5116 0.00
5117 0.00
5118 1.21
5119 0.36
5120 0.64
5121 1.73
5122 1.54
5123 1.66
5124 1.66
5125 1.88
5126 2.00
5127 2.59
5128 2.13
5129 2.74
5130 2.20
5131 1.86
5132 2.12
5133 6.44
5134 0.00
5135 0.00
5136 0.00
5137 0.00
5138 0.00
5139 0.00
5140 0.00
5141 0.00
5142 0.95
5143 0.37
5144 0.69
5145 1.63
5146 2.01
5147 1.59
5148 1.50
5149 1.58
5150 1.76
5151 1.68
5152 2.16
5153 2.64
5154 2.53
5155 1.78
5156 2.10
5157 4.83
5158 4.60
5159 38.92
5160 0.00
5161 0.00
5162 0.00
5163 0.00
5164 0.00
5165 0.63
5166 1.03
5167 0.34
5168 1.10
5169 1.70
5170 1.36
5171 1.15
5172 1.33
5173 1.30
5174 1.37
5175 1.78
5176 2.20
5177 2.37
5178 1.93
5179 1.79
5180 2.36
5181 5.56
5182 0.00
5183 24.32
5184 0.00
5185 0.00
5186 0.00
5187 0.00
5188 0.00
5189 0.00
5190 0.00
5191 0.45
5192 0.54
5193 1.21
5194 0.99
5195 0.97
5196 0.94
5197 1.04
5198 0.99
5199 1.21
5200 1.75
5201 1.66
5202 2.25
5203 5.34
5204 0.00
5205 9.55
5206 0.00
5207 0.00
5208 0.00
5209 0.00
5210 0.00
5211 0.00
5212 0.00
5213 0.00
5214 0.00
5215 0.21
5216 0.35
5217 0.97
5218 1.14
5219 2.64
5220 2.23
5221 2.13
5222 1.46
5223 2.06
5224 2.03
5225 2.81
5226 1.85
5227 1.91
5228 2.61
5229 2.87
5230 0.00
5231 0.00
5232 0.00
5233 0.00
5234 0.00
5235 0.00
5236 0.00
5237 0.00
5238 0.00
5239 0.36
5240 0.77
5241 1.77
5242 1.91
5243 1.86
5244 1.80
5245 1.52
5246 1.90
5247 2.72
5248 1.78
5249 2.35
5250 1.36
5251 1.71
5252 1.95
5253 4.38
5254 0.00
5255 0.00
5256 0.00
5257 0.15
5258 0.00
5259 0.00
5260 0.00
5261 0.00
5262 0.00
5263 0.36
5264 0.44
5265 0.90
5266 1.85
5267 1.73
5268 2.67
5269 2.00
5270 2.27
5271 1.97
5272 2.59
5273 1.71
5274 1.83
5275 1.52
5276 1.76
5277 5.07
5278 0.00
5279 10.17
5280 0.00
5281 0.00
5282 0.00
5283 0.00
5284 0.00
5285 0.00
5286 7.78
5287 0.38
5288 0.98
5289 1.86
5290 1.47
5291 1.73
5292 1.56
5293 2.18
5294 2.46
5295 2.46
5296 2.16
5297 2.78
5298 2.48
5299 1.52
5300 2.05
5301 4.57
5302 0.00
5303 0.00
5304 0.00
5305 0.00
5306 0.00
5307 0.00
5308 0.00
5309 0.00
5310 0.00
5311 0.46
5312 0.92
5313 1.94
5314 1.85
5315 1.64
5316 1.56
5317 1.71
5318 1.65
5319 1.86
5320 2.13
5321 2.66
5322 1.85
5323 1.45
5324 1.96
5325 4.31
5326 6.43
5327 12.41
5328 23.23
5329 0.00
5330 0.00
5331 0.00
5332 0.00
5333 0.78
5334 1.04
5335 0.30
5336 0.90
5337 1.71
5338 1.42
5339 1.25
5340 1.12
5341 1.33
5342 1.41
5343 1.63
5344 2.57
5345 2.32
5346 2.25
5347 1.78
5348 2.10
5349 5.41
5350 0.81
5351 0.00
5352 0.00
5353 0.11
5354 2.39
5355 0.00
5356 0.00
5357 0.00
5358 0.00
5359 0.25
5360 0.72
5361 1.13
5362 1.01
5363 0.95
5364 0.88
5365 0.94
5366 0.95
5367 1.18
5368 1.46
5369 1.64
5370 1.99
5371 5.82
5372 0.00
5373 0.00
5374 0.00
5375 0.00
5376 0.00
5377 0.00
5378 0.00
5379 0.00
5380 0.00
5381 0.00
5382 0.00
5383 0.44
5384 0.70
5385 1.36
5386 2.45
5387 1.38
5388 2.42
5389 2.26
5390 1.72
5391 1.87
5392 1.81
5393 2.38
5394 3.15
5395 1.73
5396 2.39
5397 6.73
5398 0.00
5399 0.00
5400 0.00
5401 0.00
5402 0.00
5403 0.00
5404 0.00
5405 0.00
5406 0.00
5407 0.33
5408 0.90
5409 1.62
5410 1.56
5411 1.69
5412 1.87
5413 1.74
5414 1.90
5415 2.64
5416 2.81
5417 2.69
5418 2.39
5419 1.94
5420 2.01
5421 5.83
5422 0.00
5423 17.39
5424 0.00
5425 0.00
5426 0.00
5427 0.00
5428 0.00
5429 0.00
5430 0.00
5431 0.49
5432 0.88
5433 1.08
5434 1.98
5435 1.85
5436 1.71
5437 1.94
5438 2.19
5439 2.10
5440 1.88
5441 1.80
5442 1.59
5443 1.63
5444 1.74
5445 3.83
5446 15.72
5447 46.15
5448 0.00
5449 0.00
5450 0.00
5451 0.00
5452 0.00
5453 0.00
5454 0.00
5455 0.38
5456 0.79
5457 1.62
5458 1.74
5459 1.57
5460 1.92
5461 1.76
5462 1.87
5463 2.69
5464 2.56
5465 2.50
5466 1.71
5467 1.89
5468 2.11
5469 8.25
5470 0.00
5471 0.00
5472 0.00
5473 0.00
5474 0.00
5475 0.00
5476 0.00
5477 0.00
5478 0.00
5479 0.32
5480 0.79
5481 1.70
5482 2.04
5483 1.56
5484 1.61
5485 2.07
5486 1.63
5487 2.06
5488 2.50
5489 2.74
5490 3.34
5491 1.60
5492 1.76
5493 4.49
5494 0.00
5495 0.00
5496 0.00
5497 0.00
5498 0.00
5499 0.00
5500 0.00
5501 0.00
5502 0.73
5503 0.36
5504 0.90
5505 1.61
5506 1.47
5507 1.40
5508 1.35
5509 1.32
5510 1.35
5511 1.65
5512 2.55
5513 1.87
5514 1.84
5515 1.26
5516 1.66
5517 3.91
5518 0.00
5519 2.82
5520 0.00
5521 0.07
5522 0.00
5523 0.00
5524 0.00
5525 0.00
5526 0.00
5527 0.44
5528 0.68
5529 1.34
5530 1.06
5531 1.06
5532 1.03
5533 1.01
5534 0.94
5535 1.34
5536 1.61
5537 2.14
5538 2.11
5539 6.00
5540 7.36
5541 0.00
5542 21.82
5543 0.00
5544 0.00
5545 0.00
5546 0.00
5547 0.00
5548 0.00
5549 0.00
5550 0.00
5551 0.24
5552 0.33
5553 1.17
5554 2.11
5555 1.81
5556 1.78
5557 2.15
5558 2.00
5559 2.40
5560 2.35
5561 2.70
5562 2.22
5563 2.13
5564 2.67
5565 2.90
5566 0.00
5567 0.00
5568 0.00
5569 0.13
5570 0.00
5571 0.00
5572 0.00
5573 0.00
5574 0.00
5575 0.31
5576 0.91
5577 2.12
5578 1.74
5579 1.56
5580 1.71
5581 1.84
5582 1.98
5583 1.97
5584 2.11
5585 2.09
5586 1.52
5587 1.63
5588 1.83
5589 5.95
5590 0.00
5591 0.00
5592 0.00
5593 0.00
5594 0.00
5595 0.00
5596 0.00
5597 0.00
5598 0.00
5599 0.24
5600 0.43
5601 1.10
5602 1.99
5603 2.24
5604 1.72
5605 2.02
5606 2.23
5607 2.13
5608 2.53
5609 2.45
5610 2.04
5611 1.78
5612 1.66
5613 4.50
5614 40.45
5615 0.00
5616 0.00
5617 0.00
5618 0.00
5619 0.00
5620 0.00
5621 0.00
5622 0.00
5623 0.32
5624 0.74
5625 1.89
5626 1.51
5627 1.84
5628 1.73
5629 1.98
5630 2.02
5631 2.45
5632 2.66
5633 2.07
5634 3.13
5635 3.41
5636 1.99
5637 5.02
5638 1.37
5639 0.00
5640 0.00
5641 0.00
5642 0.00
5643 0.00
5644 0.00
5645 0.00
5646 0.00
5647 0.32
5648 1.06
5649 2.84
5650 1.81
5651 1.46
5652 1.56
5653 1.59
5654 1.80
5655 2.18
5656 2.46
5657 2.74
5658 2.11
5659 1.46
5660 2.11
5661 3.72
5662 0.00
5663 30.00
5664 0.00
5665 0.00
5666 0.00
5667 0.00
5668 0.00
5669 0.00
5670 1.07
5671 0.33
5672 0.89
5673 1.57
5674 1.47
5675 1.27
5676 1.42
5677 1.39
5678 1.43
5679 1.71
5680 2.48
5681 3.33
5682 2.77
5683 1.83
5684 2.38
5685 6.70
5686 0.00
5687 0.00
5688 0.00
5689 0.00
5690 0.00
5691 0.00
5692 0.00
5693 0.00
5694 0.00
5695 0.25
5696 0.79
5697 0.98
5698 1.10
5699 1.09
5700 1.04
5701 1.11
5702 1.04
5703 1.36
5704 1.78
5705 1.89
5706 2.41
5707 5.89
5708 29.03
5709 15.13
5710 0.00
5711 0.00
5712 0.00
5713 0.00
5714 0.00
5715 0.00
5716 0.00
5717 0.00
5718 0.00
5719 0.27
5720 0.43
5721 1.38
5722 1.84
5723 1.57
5724 2.29
5725 2.08
5726 1.87
5727 1.95
5728 2.30
5729 2.01
5730 2.01
5731 1.90
5732 2.53
5733 7.17
5734 0.00
5735 0.00
5736 0.00
5737 0.00
5738 0.00
5739 0.00
5740 0.00
5741 0.00
5742 0.00
5743 0.29
5744 0.87
5745 2.28
5746 1.79
5747 1.90
5748 1.87
5749 1.66
5750 2.64
5751 2.54
5752 2.21
5753 2.02
5754 1.93
5755 1.75
5756 2.37
5757 8.41
5758 0.00
5759 0.00
5760 0.00
5761 0.00
5762 0.00
5763 0.00
5764 0.00
5765 0.00
5766 46.15
5767 0.34
5768 0.54
5769 0.93
5770 1.30
5771 1.54
5772 1.79
5773 2.33
5774 1.83
5775 2.05
5776 2.75
5777 2.55
5778 2.11
5779 1.38
5780 1.68
5781 4.28
5782 0.00
5783 0.00
5784 0.00
5785 0.00
5786 0.00
5787 0.00
5788 0.00
5789 0.00
5790 0.00
5791 0.35
5792 0.80
5793 1.85
5794 1.54
5795 1.85
5796 1.64
5797 1.80
5798 2.13
5799 2.26
5800 2.37
5801 2.06
5802 1.99
5803 1.97
5804 2.26
5805 5.18
5806 0.00
5807 16.14
5808 0.00
5809 0.00
5810 0.00
5811 0.00
5812 0.00
5813 31.30
5814 1.39
5815 0.35
5816 0.72
5817 1.84
5818 1.86
5819 1.65
5820 1.69
5821 1.70
5822 1.70
5823 1.96
5824 2.45
5825 2.75
5826 2.96
5827 1.67
5828 2.07
5829 2.74
5830 0.00
5831 0.00
5832 0.00
5833 0.04
5834 0.00
5835 0.89
5836 19.35
5837 1.26
5838 0.84
5839 0.37
5840 1.02
5841 1.67
5842 1.38
5843 1.24
5844 1.29
5845 1.33
5846 1.49
5847 1.60
5848 2.87
5849 3.86
5850 3.35
5851 2.17
5852 2.84
5853 4.52
5854 0.00
5855 0.00
5856 0.00
5857 0.10
5858 0.00
5859 0.00
5860 0.00
5861 0.00
5862 0.00
5863 0.37
5864 0.58
5865 1.29
5866 1.09
5867 0.91
5868 0.96
5869 0.94
5870 1.14
5871 1.28
5872 1.38
5873 1.63
5874 2.14
5875 4.80
5876 0.00
5877 46.15
5878 0.00
5879 30.51
5880 0.00
5881 0.00
5882 0.00
5883 0.00
5884 0.00
5885 0.00
5886 0.00
5887 0.46
5888 0.50
5889 1.13
5890 1.80
5891 1.75
5892 2.50
5893 2.24
5894 2.11
5895 2.23
5896 2.52
5897 2.91
5898 1.85
5899 2.73
5900 2.61
5901 7.02
5902 0.00
5903 0.00
5904 0.00
5905 0.00
5906 0.00
5907 0.00
5908 0.00
5909 0.00
5910 0.00
5911 0.41
5912 0.91
5913 1.87
5914 1.72
5915 1.63
5916 1.87
5917 2.00
5918 1.82
5919 2.06
5920 2.95
5921 1.71
5922 1.81
5923 1.71
5924 2.28
5925 4.67
5926 0.00
5927 0.00
5928 0.00
5929 0.00
5930 0.00
5931 0.00
5932 0.00
5933 0.00
5934 0.00
5935 0.39
5936 0.61
5937 1.57
5938 1.87
5939 1.88
5940 2.64
5941 2.07
5942 1.53
5943 2.37
5944 2.51
5945 2.25
5946 1.82
5947 3.11
5948 2.48
5949 10.33
5950 0.00
5951 0.00
5952 0.00
5953 0.00
5954 0.00
5955 0.00
5956 0.00
5957 0.00
5958 0.00
5959 0.40
5960 1.18
5961 1.85
5962 1.85
5963 1.72
5964 1.97
5965 1.83
5966 2.07
5967 2.31
5968 2.35
5969 3.46
5970 2.14
5971 2.27
5972 2.24
5973 7.45
5974 0.00
5975 19.05
5976 0.00
5977 52.17
5978 0.00
5979 0.00
5980 0.00
5981 0.00
5982 1.76
5983 0.39
5984 1.29
5985 2.06
5986 1.73
5987 1.83
5988 1.66
5989 1.67
5990 1.57
5991 2.27
5992 2.40
5993 2.66
5994 2.21
5995 2.13
5996 2.61
5997 5.10
5998 0.00
5999 0.00
6000 0.00
6001 52.94
6002 0.00
6003 0.00
6004 0.00
6005 0.00
6006 1.64
6007 0.42
6008 1.08
6009 1.73
6010 1.54
6011 1.38
6012 1.25
6013 1.41
6014 1.50
6015 1.90
6016 2.45
6017 3.46
6018 1.93
6019 2.40
6020 2.19
6021 5.97
6022 0.00
6023 0.00
6024 0.00
6025 0.28
6026 0.00
6027 0.00
6028 0.00
6029 0.00
6030 0.00
6031 0.49
6032 0.74
6033 1.14
6034 1.04
6035 1.01
6036 0.91
6037 0.81
6038 0.89
6039 1.04
6040 1.70
6041 2.17
6042 2.75
6043 5.03
6044 8.46
6045 33.64
6046 0.00
6047 0.00
6048 21.56
6049 0.00
6050 0.00
6051 3.23
6052 0.00
6053 0.00
6054 0.00
6055 0.27
6056 0.64
6057 1.09
6058 2.48
6059 1.89
6060 2.46
6061 1.94
6062 1.95
6063 2.43
6064 2.92
6065 2.56
6066 1.94
6067 1.48
6068 2.56
6069 6.98
6070 14.52
6071 0.00
6072 0.00
6073 0.00
6074 0.00
6075 0.00
6076 0.00
6077 0.00
6078 0.00
6079 0.54
6080 0.80
6081 1.76
6082 1.55
6083 1.73
6084 1.87
6085 1.96
6086 2.04
6087 2.88
6088 2.22
6089 2.40
6090 1.80
6091 1.66
6092 2.26
6093 5.16
6094 0.00
6095 0.00
6096 0.00
6097 0.00
6098 0.00
6099 0.00
6100 0.00
6101 0.00
6102 0.00
6103 0.30
6104 0.44
6105 1.11
6106 1.97
6107 1.88
6108 1.74
6109 2.60
6110 2.17
6111 1.98
6112 2.11
6113 2.71
6114 2.27
6115 1.67
6116 2.45
6117 7.02
6118 32.43
6119 0.00
6120 0.00
6121 0.00
6122 0.00
6123 0.00
6124 0.00
6125 0.00
6126 0.00
6127 0.49
6128 0.76
6129 1.41
6130 1.60
6131 1.95
6132 1.94
6133 1.97
6134 2.28
6135 2.25
6136 2.42
6137 2.81
6138 2.09
6139 2.95
6140 2.11
6141 5.01
6142 0.00
6143 0.00
6144 0.00
6145 0.00
6146 0.00
6147 0.00
6148 0.00
6149 0.00
6150 1.61
6151 0.41
6152 0.84
6153 2.23
6154 1.82
6155 1.70
6156 1.82
6157 1.82
6158 1.78
6159 1.89
6160 2.21
6161 2.86
6162 2.46
6163 1.97
6164 1.98
6165 5.63
6166 0.00
6167 35.29
6168 0.00
6169 0.00
6170 0.00
6171 0.00
6172 0.00
6173 0.00
6174 1.43
6175 0.56
6176 1.16
6177 1.88
6178 1.64
6179 1.39
6180 1.61
6181 1.42
6182 1.43
6183 1.76
6184 2.34
6185 2.69
6186 2.48
6187 2.43
6188 3.17
6189 5.33
6190 0.00
6191 0.00
6192 0.00
6193 0.00
6194 0.00
6195 0.00
6196 0.00
6197 0.00
6198 0.00
6199 0.60
6200 0.59
6201 1.14
6202 1.15
6203 0.99
6204 1.01
6205 0.98
6206 0.95
6207 1.13
6208 1.70
6209 1.58
6210 2.42
6211 7.08
6212 11.29
6213 10.81
6214 0.00
6215 0.00
6216 0.00
6217 0.00
6218 0.00
6219 0.00
6220 0.00
6221 0.00
6222 0.00
6223 0.33
6224 0.49
6225 1.69
6226 2.52
6227 1.94
6228 1.65
6229 1.84
6230 2.01
6231 2.18
6232 2.61
6233 1.99
6234 1.70
6235 1.76
6236 3.38
6237 7.93
6238 0.00
6239 0.00
6240 0.00
6241 0.00
6242 0.00
6243 0.00
6244 0.00
6245 0.00
6246 2.03
6247 0.55
6248 0.87
6249 1.82
6250 1.92
6251 1.74
6252 1.87
6253 1.72
6254 1.83
6255 2.00
6256 2.55
6257 2.66
6258 2.26
6259 1.47
6260 1.96
6261 5.07
6262 0.00
6263 0.00
6264 0.00
6265 0.00
6266 0.00
6267 0.00
6268 0.00
6269 0.00
6270 0.00
6271 0.35
6272 0.52
6273 1.32
6274 2.17
6275 2.12
6276 2.43
6277 2.30
6278 2.70
6279 2.31
6280 2.69
6281 2.33
6282 1.73
6283 1.69
6284 2.11
6285 6.64
6286 0.00
6287 25.35
6288 46.75
6289 0.00
6290 0.00
6291 0.00
6292 0.00
6293 0.00
6294 0.00
6295 0.40
6296 0.93
6297 1.36
6298 1.63
6299 1.73
6300 1.78
6301 2.04
6302 1.90
6303 2.63
6304 2.18
6305 2.95
6306 1.87
6307 2.05
6308 2.16
6309 5.60
6310 0.82
6311 0.00
6312 0.00
6313 0.00
6314 0.00
6315 0.00
6316 0.00
6317 0.00
6318 1.37
6319 0.44
6320 0.87
6321 1.99
6322 1.58
6323 1.42
6324 1.60
6325 1.73
6326 2.06
6327 1.96
6328 2.00
6329 3.70
6330 2.46
6331 1.89
6332 2.55
6333 5.00
6334 4.76
6335 0.00
6336 0.00
6337 15.29
6338 0.00
6339 33.33
6340 1.32
6341 0.00
6342 1.51
6343 0.43
6344 1.08
6345 1.68
6346 1.63
6347 1.40
6348 1.38
6349 1.39
6350 1.51
6351 1.86
6352 2.50
6353 3.19
6354 3.12
6355 2.20
6356 3.01
6357 5.03
6358 5.70
6359 0.00
6360 0.00
6361 30.51
6362 0.00
6363 0.00
6364 0.00
6365 0.00
6366 0.00
6367 0.49
6368 0.59
6369 1.08
6370 0.97
6371 1.07
6372 1.02
6373 1.14
6374 1.13
6375 1.20
6376 1.55
6377 2.03
6378 1.98
6379 6.44
6380 1.21
6381 0.00
6382 0.00
6383 0.00
6384 0.00
6385 0.00
6386 0.00
6387 0.00
6388 0.00
6389 0.00
6390 0.00
6391 0.23
6392 0.41
6393 1.44
6394 1.08
6395 1.76
6396 1.89
6397 2.01
6398 2.18
6399 2.14
6400 2.21
6401 3.56
6402 2.45
6403 1.77
6404 1.92
6405 4.58
6406 0.00
6407 0.00
6408 0.00
6409 0.00
6410 0.00
6411 0.00
6412 0.00
6413 0.00
6414 0.00
6415 0.45
6416 1.29
6417 1.22
6418 1.67
6419 1.65
6420 1.67
6421 1.55
6422 1.85
6423 2.30
6424 2.04
6425 2.48
6426 1.91
6427 1.61
6428 1.97
6429 5.90
6430 0.00
6431 0.00
6432 0.00
6433 0.00
6434 0.00
6435 0.00
6436 0.00
6437 0.00
6438 0.00
6439 0.20
6440 0.65
6441 1.73
6442 2.81
6443 1.84
6444 2.11
6445 2.05
6446 1.96
6447 2.43
6448 2.41
6449 3.05
6450 1.71
6451 2.19
6452 2.53
6453 5.32
6454 40.00
6455 0.00
6456 0.00
6457 0.00
6458 0.00
6459 0.00
6460 0.00
6461 0.00
6462 0.00
6463 0.46
6464 1.03
6465 1.55
6466 1.79
6467 1.55
6468 1.39
6469 1.68
6470 1.83
6471 2.54
6472 2.79
6473 3.33
6474 2.34
6475 2.24
6476 2.18
6477 5.55
6478 0.00
6479 0.00
6480 0.00
6481 0.00
6482 0.00
6483 0.00
6484 0.00
6485 0.00
6486 1.25
6487 0.47
6488 1.02
6489 2.03
6490 1.77
6491 1.73
6492 1.60
6493 1.82
6494 1.96
6495 1.90
6496 2.46
6497 4.04
6498 2.83
6499 1.91
6500 1.83
6501 2.69
6502 0.00
6503 0.00
6504 0.00
6505 0.13
6506 0.00
6507 0.00
6508 0.00
6509 0.00
6510 1.58
6511 0.49
6512 1.01
6513 1.41
6514 1.68
6515 1.59
6516 1.68
6517 1.72
6518 2.07
6519 2.05
6520 3.14
6521 3.37
6522 3.03
6523 3.04
6524 2.78
6525 6.57
6526 2.74
6527 0.00
6528 0.00
6529 0.00
6530 0.00
6531 0.00
6532 0.00
6533 38.71
6534 0.00
6535 0.50
6536 0.71
6537 1.25
6538 0.98
6539 1.09
6540 0.91
6541 0.97
6542 0.98
6543 1.08
6544 1.50
6545 2.18
6546 2.54
6547 5.20
6548 15.00
6549 0.25
6550 0.00
6551 0.00
6552 0.00
6553 0.11
6554 43.37
6555 0.00
6556 0.00
6557 1.54
6558 0.21
6559 0.63
6560 1.31
6561 1.48
6562 1.59
6563 1.49
6564 1.52
6565 1.72
6566 1.71
6567 2.13
6568 3.71
6569 4.38
6570 6.00
6571 2.51
6572 2.79
6573 3.31
6574 0.00
6575 0.00
6576 44.44
6577 0.00
6578 0.00
6579 0.00
6580 0.00
6581 0.00
6582 0.15
6583 0.40
6584 0.57
6585 1.06
6586 1.10
6587 1.01
6588 0.95
6589 0.97
6590 1.00
6591 1.06
6592 1.56
6593 2.13
6594 2.35
6595 6.16
6596 24.16
6597 13.43
6598 0.00
6599 0.69
6600 0.00
6601 2.07
6602 0.00
6603 0.24
6604 0.00
6605 0.28
6606 0.00
6607 1.10
6608 1.47
6609 1.97
6610 2.04
6611 2.17
6612 2.61
6613 2.60
6614 2.44
6615 2.71
6616 3.27
6617 2.62
6618 2.05
6619 1.95
6620 2.02
6621 3.54
6622 0.00
6623 57.60
6624 0.00
6625 0.00
6626 0.00
6627 11.16
6628 0.08
6629 19.89
6630 0.21
6631 0.65
6632 1.91
6633 1.35
6634 1.39
6635 1.51
6636 1.49
6637 1.62
6638 2.07
6639 2.69
6640 2.59
6641 2.15
6642 2.15
6643 1.81
6644 1.95
6645 4.60
6646 0.00
6647 0.00
6648 15.13
6649 0.00
6650 0.00
6651 0.00
6652 0.00
6653 0.28
6654 0.21
6655 1.98
6656 1.10
6657 1.49
6658 2.54
6659 2.05
6660 2.01
6661 2.51
6662 2.73
6663 2.12
6664 2.76
6665 2.61
6666 2.11
6667 1.79
6668 1.80
6669 6.44
6670 0.00
6671 1.15
6672 1.73
6673 0.17
6674 0.00
6675 0.00
6676 31.93
6677 0.00
6678 0.22
6679 0.63
6680 1.16
6681 1.63
6682 1.56
6683 1.40
6684 1.29
6685 1.53
6686 1.82
6687 2.90
6688 2.22
6689 2.79
6690 2.17
6691 1.64
6692 2.06
6693 3.92
6694 0.40
6695 0.00
6696 0.00
6697 0.09
6698 0.00
6699 0.00
6700 0.08
6701 12.00
6702 0.39
6703 0.64
6704 1.27
6705 1.73
6706 1.69
6707 1.32
6708 1.48
6709 1.44
6710 1.79
6711 2.19
6712 2.28
6713 2.53
6714 3.01
6715 1.99
6716 2.12
6717 7.05
6718 2.88
6719 0.00
6720 0.00
6721 0.00
6722 0.00
6723 53.73
6724 0.00
6725 0.39
6726 0.58
6727 0.51
6728 1.35
6729 1.72
6730 1.48
6731 1.46
6732 1.33
6733 1.44
6734 1.62
6735 1.84
6736 2.46
6737 3.18
6738 1.84
6739 1.62
6740 1.98
6741 3.56
6742 0.00
6743 35.64
6744 1.56
6745 0.17
6746 0.00
6747 0.97
6748 33.64
6749 0.00
6750 0.10
6751 0.64
6752 0.78
6753 1.01
6754 1.14
6755 1.01
6756 1.14
6757 1.05
6758 1.16
6759 1.31
6760 1.74
6761 2.06
6762 2.30
6763 3.85
6764 0.87
6765 0.53
6766 5.80
6767 7.15
6768 0.00
6769 56.25
6770 0.00
6771 6.67
6772 19.35
6773 0.67
6774 3.58
6775 0.38
6776 0.92
6777 1.55
6778 3.20
6779 1.67
6780 2.76
6781 2.43
6782 2.38
6783 3.03
6784 2.65
6785 2.21
6786 2.33
6787 2.14
6788 2.09
6789 5.11
6790 39.13
6791 0.00
6792 0.00
6793 0.00
6794 0.00
6795 0.19
6796 0.00
6797 0.35
6798 0.60
6799 0.51
6800 1.83
6801 2.06
6802 2.03
6803 2.05
6804 1.84
6805 1.86
6806 2.31
6807 2.95
6808 2.67
6809 1.80
6810 2.45
6811 1.85
6812 2.32
6813 4.80
6814 0.00
6815 1.09
6816 0.00
6817 0.00
6818 23.38
6819 0.00
6820 5.56
6821 0.21
6822 0.40
6823 0.85
6824 1.22
6825 1.13
6826 2.03
6827 1.97
6828 2.17
6829 2.40
6830 1.63
6831 2.29
6832 2.88
6833 2.94
6834 2.01
6835 2.15
6836 2.20
6837 7.07
6838 54.55
6839 1.29
6840 8.78
6841 6.62
6842 2.64
6843 0.00
6844 0.00
6845 4.09
6846 0.35
6847 0.76
6848 1.47
6849 2.07
6850 1.50
6851 1.83
6852 1.59
6853 1.66
6854 2.03
6855 1.95
6856 2.44
6857 2.69
6858 2.59
6859 2.20
6860 2.47
6861 3.33
6862 21.43
6863 5.36
6864 0.00
6865 0.00
6866 0.00
6867 0.00
6868 0.63
6869 4.31
6870 0.25
6871 0.59
6872 1.66
6873 1.99
6874 1.86
6875 1.76
6876 1.67
6877 1.90
6878 1.92
6879 2.21
6880 2.49
6881 3.10
6882 2.19
6883 1.70
6884 2.74
6885 4.13
6886 8.21
6887 1.64
6888 49.32
6889 3.56
6890 0.00
6891 25.71
6892 0.62
6893 0.93
6894 0.36
6895 0.78
6896 1.68
6897 1.43
6898 1.42
6899 1.41
6900 1.46
6901 1.36
6902 1.52
6903 1.92
6904 2.33
6905 3.28
6906 2.11
6907 2.15
6908 2.19
6909 4.71
6910 2.46
6911 0.00
6912 0.00
6913 0.17
6914 0.00
6915 22.22
6916 0.00
6917 0.00
6918 0.28
6919 0.71
6920 0.60
6921 0.94
6922 1.06
6923 0.92
6924 0.81
6925 0.80
6926 0.99
6927 1.06
6928 1.56
6929 2.17
6930 1.90
6931 2.85
6932 0.00
6933 44.44
6934 0.00
6935 2.21
6936 13.24
6937 7.02
6938 4.14
6939 2.44
6940 2.97
6941 0.23
6942 0.21
6943 0.92
6944 0.87
6945 1.44
6946 2.38
6947 2.42
6948 2.16
6949 2.32
6950 2.29
6951 2.52
6952 2.43
6953 4.32
6954 2.25
6955 2.13
6956 2.51
6957 4.28
6958 49.32
6959 28.80
6960 0.00
6961 0.00
6962 0.00
6963 59.02
6964 55.38
6965 6.59
6966 0.36
6967 0.46
6968 1.98
6969 1.66
6970 1.73
6971 1.62
6972 1.70
6973 1.71
6974 2.32
6975 2.74
6976 3.07
6977 2.03
6978 2.42
6979 2.04
6980 1.95
6981 6.54
6982 0.00
6983 39.56
6984 0.00
6985 0.00
6986 0.00
6987 0.00
6988 7.24
6989 0.25
6990 0.43
6991 1.05
6992 0.84
6993 1.50
6994 2.91
6995 2.62
6996 1.82
6997 2.04
6998 2.56
6999 3.68
7000 2.42
7001 3.77
7002 2.08
7003 1.71
7004 2.92
7005 5.02
7006 0.00
7007 0.00
7008 0.00
7009 18.95
7010 0.00
7011 0.00
7012 1.89
7013 5.52
7014 0.43
7015 0.82
7016 2.91
7017 2.30
7018 1.79
7019 1.94
7020 1.61
7021 1.99
7022 2.11
7023 3.07
7024 2.69
7025 4.14
7026 2.09
7027 1.99
7028 2.87
7029 4.82
7030 23.92
7031 10.37
7032 0.00
7033 0.00
7034 0.00
7035 2.38
7036 10.65
7037 0.52
7038 0.30
7039 0.65
7040 1.59
7041 2.23
7042 1.62
7043 1.67
7044 1.58
7045 1.74
7046 1.78
7047 2.12
7048 2.62
7049 3.18
7050 2.41
7051 2.08
7052 2.07
7053 5.12
7054 23.68
7055 13.76
7056 11.46
7057 5.24
7058 0.00
7059 0.00
7060 0.61
7061 1.21
7062 0.35
7063 0.49
7064 1.54
7065 1.47
7066 1.46
7067 1.39
7068 1.45
7069 1.48
7070 1.64
7071 2.08
7072 2.56
7073 2.51
7074 2.55
7075 2.98
7076 2.59
7077 3.67
7078 36.36
7079 11.65
7080 2.32
7081 0.46
7082 52.17
7083 16.51
7084 0.00
7085 0.00
7086 0.14
7087 0.83
7088 0.81
7089 1.14
7090 1.09
7091 1.26
7092 1.19
7093 1.07
7094 1.16
7095 1.25
7096 1.83
7097 2.25
7098 2.58
7099 3.30
7100 0.00
7101 1.05
7102 0.00
7103 0.62
7104 10.56
7105 3.64
7106 0.00
7107 0.67
7108 0.00
7109 1.11
7110 12.59
7111 0.52
7112 1.26
7113 1.49
7114 1.77
7115 2.33
7116 2.45
7117 2.65
7118 2.42
7119 3.12
7120 3.47
7121 5.55
7122 2.88
7123 2.52
7124 2.12
7125 5.28
7126 0.00
7127 0.00
7128 0.00
7129 0.00
7130 0.00
7131 0.00
7132 0.00
7133 3.50
7134 0.51
7135 0.53
7136 1.27
7137 1.53
7138 1.37
7139 1.66
7140 1.64
7141 1.86
7142 2.00
7143 2.12
7144 2.87
7145 3.17
7146 1.71
7147 1.59
7148 3.50
7149 6.47
7150 0.00
7151 0.00
7152 7.69
7153 1.80
7154 0.00
7155 0.00
7156 8.61
7157 0.23
7158 2.02
7159 1.22
7160 1.08
7161 1.20
7162 2.01
7163 1.77
7164 1.85
7165 2.08
7166 2.14
7167 2.50
7168 3.51
7169 3.62
7170 4.01
7171 2.27
7172 3.29
7173 7.20
7174 7.25
7175 0.00
7176 0.00
7177 31.58
7178 11.15
7179 0.00
7180 48.65
7181 0.00
7182 0.28
7183 0.63
7184 1.53
7185 1.91
7186 1.53
7187 1.50
7188 1.71
7189 1.91
7190 2.02
7191 2.45
7192 2.71
7193 1.91
7194 1.52
7195 1.69
7196 2.13
7197 7.37
7198 52.17
7199 3.92
7200 0.00
7201 0.00
7202 34.62
7203 0.00
7204 0.00
7205 50.70
7206 0.44
7207 0.91
7208 1.19
7209 1.90
7210 1.84
7211 1.60
7212 1.51
7213 1.64
7214 1.88
7215 2.15
7216 2.87
7217 3.51
7218 3.03
7219 2.00
7220 2.66
7221 5.15
7222 10.06
7223 2.33
7224 0.00
7225 0.00
7226 0.00
7227 0.00
7228 0.37
7229 0.64
7230 0.27
7231 0.66
7232 1.33
7233 1.62
7234 1.50
7235 1.40
7236 1.40
7237 1.43
7238 1.57
7239 1.86
7240 2.72
7241 2.34
7242 2.46
7243 2.40
7244 2.52
7245 4.52
7246 4.22
7247 3.88
7248 12.72
7249 0.09
7250 0.00
7251 0.00
7252 1.17
7253 0.00
7254 0.09
7255 0.88
7256 0.75
7257 1.13
7258 1.34
7259 1.06
7260 1.06
7261 1.16
7262 1.13
7263 1.36
7264 1.72
7265 1.96
7266 2.34
7267 4.61
7268 0.00
7269 16.44
7270 0.00
7271 2.02
7272 0.00
7273 8.94
7274 0.00
7275 0.00
7276 9.57
7277 0.45
7278 0.00
7279 1.19
7280 1.13
7281 1.83
7282 2.88
7283 1.85
7284 2.30
7285 2.81
7286 2.50
7287 2.47
7288 3.02
7289 2.49
7290 2.22
7291 2.59
7292 3.39
7293 10.58
7294 0.73
7295 0.00
7296 54.55
7297 0.00
7298 0.00
7299 0.00
7300 0.00
7301 0.00
7302 15.32
7303 0.40
7304 0.52
7305 0.63
7306 1.05
7307 1.29
7308 1.16
7309 2.03
7310 1.35
7311 1.48
7312 1.70
7313 1.17
7314 1.55
7315 2.09
7316 2.01
7317 5.31
7318 0.00
7319 0.00
7320 0.00
7321 0.10
7322 0.00
7323 1.90
7324 0.34
7325 6.37
7326 2.45
7327 0.94
7328 0.94
7329 1.52
7330 1.65
7331 2.19
7332 1.80
7333 2.33
7334 2.81
7335 2.17
7336 2.13
7337 3.81
7338 2.23
7339 2.07
7340 2.43
7341 10.69
7342 27.17
7343 33.33
7344 0.00
7345 0.00
7346 0.00
7347 42.86
7348 0.00
7349 6.90
7350 0.38
7351 0.78
7352 1.40
7353 2.27
7354 1.66
7355 1.68
7356 1.59
7357 1.89
7358 2.01
7359 2.43
7360 3.14
7361 3.11
7362 1.86
7363 1.60
7364 2.16
7365 4.22
7366 27.27
7367 0.00
7368 0.00
7369 0.00
7370 0.00
7371 40.91
7372 15.93
7373 0.00
7374 0.30
7375 0.58
7376 1.50
7377 2.10
7378 1.83
7379 1.34
7380 1.44
7381 1.59
7382 1.79
7383 1.85
7384 2.37
7385 2.43
7386 2.62
7387 1.89
7388 2.85
7389 4.31
7390 3.79
7391 0.00
7392 20.11
7393 0.00
7394 0.00
7395 0.00
7396 0.00
7397 0.47
7398 0.30
7399 0.57
7400 1.30
7401 1.55
7402 1.49
7403 1.33
7404 1.53
7405 1.56
7406 1.66
7407 1.88
7408 2.58
7409 3.09
7410 2.57
7411 1.81
7412 2.04
7413 2.61
7414 0.00
7415 0.00
7416 0.00
7417 0.57
7418 10.65
7419 0.00
7420 4.47
7421 0.00
7422 0.14
7423 0.79
7424 0.89
7425 1.25
7426 1.08
7427 1.04
7428 0.94
7429 1.09
7430 1.15
7431 1.27
7432 1.82
7433 1.94
7434 2.31
7435 5.09
7436 7.44
7437 27.07
7438 0.00
7439 0.73
7440 0.00
7441 4.55
7442 0.00
7443 0.24
7444 24.00
7445 0.00
7446 0.24
7447 0.55
7448 0.70
7449 1.88
7450 1.75
7451 1.82
7452 2.35
7453 2.00
7454 2.25
7455 2.71
7456 3.49
7457 3.48
7458 2.19
7459 2.11
7460 2.34
7461 4.02
7462 3.92
7463 0.00
7464 0.00
7465 18.18
7466 0.00
7467 0.00
7468 0.00
7469 0.00
7470 0.50
7471 0.59
7472 1.47
7473 1.66
7474 1.59
7475 1.98
7476 1.60
7477 1.85
7478 2.16
7479 2.80
7480 2.96
7481 2.69
7482 2.69
7483 1.70
7484 1.98
7485 7.79
7486 0.00
7487 48.65
7488 0.00
7489 0.00
7490 0.00
7491 0.00
7492 0.00
7493 0.00
7494 0.00
7495 0.93
7496 1.28
7497 1.61
7498 2.04
7499 2.44
7500 2.80
7501 2.77
7502 2.68
7503 3.86
7504 3.35
7505 3.15
7506 3.04
7507 1.66
7508 2.78
7509 5.72
7510 6.34
7511 0.00
7512 0.00
7513 0.00
7514 0.00
7515 0.00
7516 0.00
7517 0.20
7518 0.15
7519 0.68
7520 1.22
7521 1.87
7522 1.54
7523 1.54
7524 1.52
7525 1.70
7526 1.99
7527 2.58
7528 2.91
7529 3.72
7530 1.73
7531 1.57
7532 2.09
7533 6.72
7534 0.00
7535 0.00
7536 57.14
7537 0.00
7538 0.00
7539 0.00
7540 0.00
7541 0.00
7542 0.21
7543 0.73
7544 1.54
7545 1.62
7546 1.67
7547 1.62
7548 1.50
7549 1.68
7550 1.78
7551 2.45
7552 2.35
7553 2.95
7554 2.55
7555 1.62
7556 2.16
7557 5.30
7558 3.82
7559 1.17
7560 0.00
7561 0.25
7562 7.84
7563 0.00
7564 0.00
7565 0.81
7566 0.17
7567 0.57
7568 1.20
7569 1.39
7570 1.38
7571 1.32
7572 1.50
7573 1.46
7574 1.57
7575 1.75
7576 2.72
7577 2.98
7578 2.24
7579 1.59
7580 2.43
7581 3.98
7582 0.96
7583 37.89
7584 0.00
7585 0.00
7586 20.57
7587 0.00
7588 0.00
7589 0.00
7590 0.15
7591 0.70
7592 0.68
7593 1.02
7594 1.09
7595 0.91
7596 1.05
7597 0.96
7598 1.06
7599 1.18
7600 1.61
7601 2.18
7602 3.14
7603 7.83
7604 0.00
7605 0.00
7606 0.00
7607 46.75
7608 0.00
7609 0.00
7610 0.00
7611 0.00
7612 0.00
7613 0.00
7614 0.00
7615 0.46
7616 0.97
7617 1.25
7618 1.72
7619 2.25
7620 2.24
7621 1.88
7622 3.06
7623 2.22
7624 3.06
7625 3.53
7626 3.14
7627 2.01
7628 1.98
7629 5.08
7630 0.00
7631 0.00
7632 0.00
7633 0.00
7634 0.00
7635 0.00
7636 0.00
7637 0.00
7638 17.73
7639 0.71
7640 1.40
7641 1.94
7642 1.85
7643 1.85
7644 2.06
7645 1.84
7646 2.32
7647 2.69
7648 3.04
7649 2.71
7650 2.20
7651 2.32
7652 2.22
7653 6.71
7654 6.78
7655 0.61
7656 0.00
7657 0.00
7658 0.00
7659 0.00
7660 0.00
7661 0.00
7662 0.00
7663 0.46
7664 0.88
7665 1.06
7666 2.64
7667 1.59
7668 2.53
7669 2.48
7670 3.19
7671 2.65
7672 2.35
7673 2.60
7674 1.88
7675 1.46
7676 1.62
7677 3.82
7678 14.65
7679 59.02
7680 1.21
7681 0.65
7682 0.00
7683 0.00
7684 0.00
7685 0.00
7686 0.15
7687 0.58
7688 1.38
7689 1.86
7690 1.70
7691 1.72
7692 1.59
7693 1.84
7694 2.21
7695 2.67
7696 3.59
7697 3.29
7698 2.86
7699 1.70
7700 2.13
7701 2.80
7702 0.00
7703 41.38
7704 0.00
7705 0.12
7706 0.00
7707 0.00
7708 0.00
7709 0.08
7710 0.22
7711 0.73
7712 1.38
7713 2.06
7714 1.94
7715 1.63
7716 1.86
7717 2.20
7718 2.55
7719 3.14
7720 2.60
7721 2.67
7722 2.68
7723 1.85
7724 2.16
7725 4.38
7726 5.85
7727 46.75
7728 0.00
7729 0.00
7730 0.00
7731 0.00
7732 0.00
7733 0.97
7734 0.30
7735 0.51
7736 1.31
7737 1.40
7738 1.41
7739 1.43
7740 1.33
7741 1.37
7742 1.52
7743 1.96
7744 2.53
7745 3.30
7746 2.43
7747 2.45
7748 2.36
7749 6.54
7750 1.60
7751 0.00
7752 0.00
7753 0.00
7754 0.00
7755 0.00
7756 4.62
7757 0.00
7758 0.14
7759 0.65
7760 0.68
7761 1.10
7762 1.02
7763 0.99
7764 1.01
7765 1.11
7766 1.09
7767 1.26
7768 1.67
7769 1.64
7770 2.28
7771 6.07
7772 36.99
7773 0.00
7774 0.00
7775 7.17
7776 0.00
7777 0.00
7778 13.38
7779 16.14
7780 0.00
7781 0.00
7782 0.00
7783 0.43
7784 0.96
7785 1.85
7786 2.10
7787 1.63
7788 2.32
7789 2.62
7790 2.78
7791 2.48
7792 2.96
7793 2.36
7794 2.45
7795 2.08
7796 2.40
7797 4.63
7798 0.00
7799 0.00
7800 0.00
7801 0.00
7802 0.00
7803 0.00
7804 0.00
7805 0.00
7806 0.10
7807 0.73
7808 1.16
7809 1.48
7810 1.43
7811 1.65
7812 1.63
7813 1.74
7814 2.05
7815 2.85
7816 2.46
7817 2.26
7818 1.94
7819 1.70
7820 2.34
7821 6.16
7822 0.00
7823 26.47
7824 0.00
7825 0.04
7826 0.00
7827 0.00
7828 0.00
7829 0.00
7830 10.11
7831 0.51
7832 0.83
7833 0.94
7834 1.49
7835 2.31
7836 2.23
7837 1.93
7838 2.00
7839 2.61
7840 2.53
7841 2.19
7842 1.52
7843 1.18
7844 1.63
7845 4.80
7846 1.16
7847 23.53
7848 53.73
7849 0.04
7850 0.00
7851 0.00
7852 6.68
7853 0.00
7854 0.15
7855 0.89
7856 1.43
7857 1.82
7858 1.75
7859 1.64
7860 1.52
7861 1.85
7862 1.95
7863 2.25
7864 2.68
7865 2.57
7866 3.01
7867 1.68
7868 2.53
7869 7.73
7870 0.00
7871 0.00
7872 0.00
7873 0.08
7874 0.00
7875 0.00
7876 0.00
7877 4.63
7878 0.14
7879 0.89
7880 1.56
7881 2.36
7882 1.78
7883 1.68
7884 1.61
7885 1.91
7886 2.28
7887 2.32
7888 2.43
7889 2.75
7890 2.01
7891 1.63
7892 1.98
7893 4.54
7894 25.17
7895 0.00
7896 40.45
7897 0.08
7898 1.41
7899 27.91
7900 0.00
7901 0.93
7902 0.21
7903 0.54
7904 1.07
7905 1.37
7906 1.45
7907 1.38
7908 1.46
7909 1.46
7910 1.50
7911 2.01
7912 2.26
7913 2.91
7914 2.55
7915 1.70
7916 2.33
7917 6.56
7918 2.02
7919 3.31
7920 8.74
7921 0.04
7922 13.74
7923 0.00
7924 0.00
7925 0.00
7926 0.13
7927 0.76
7928 0.69
7929 1.22
7930 1.00
7931 1.09
7932 0.95
7933 0.94
7934 1.10
7935 1.13
7936 1.47
7937 1.93
7938 2.41
7939 7.15
7940 26.77
7941 35.29
7942 50.00
7943 2.66
7944 0.00
7945 0.04
7946 0.00
7947 7.71
7948 7.81
7949 0.00
7950 0.00
7951 0.25
7952 0.77
7953 1.24
7954 1.97
7955 2.52
7956 1.83
7957 2.16
7958 2.25
7959 2.93
7960 2.91
7961 4.50
7962 2.73
7963 2.15
7964 2.47
7965 5.44
7966 0.00
7967 0.00
7968 0.00
7969 0.04
7970 0.00
7971 0.00
7972 0.00
7973 0.00
7974 0.21
7975 0.66
7976 1.50
7977 1.81
7978 1.93
7979 2.14
7980 2.11
7981 2.04
7982 2.31
7983 2.94
7984 3.28
7985 3.25
7986 2.76
7987 1.56
7988 1.72
7989 4.60
7990 25.00
7991 47.68
7992 0.00
7993 0.04
7994 0.00
7995 0.00
7996 0.00
7997 0.00
7998 0.00
7999 0.64
8000 0.75
8001 1.21
8002 1.33
8003 2.32
8004 2.23
8005 1.88
8006 1.99
8007 2.45
8008 2.65
8009 2.72
8010 1.59
8011 1.20
8012 1.38
8013 2.86
8014 6.42
8015 0.53
8016 0.00
8017 0.08
8018 3.37
8019 0.00
8020 0.00
8021 0.00
8022 0.16
8023 0.73
8024 1.51
8025 1.77
8026 1.71
8027 1.55
8028 1.60
8029 1.71
8030 1.92
8031 2.37
8032 2.25
8033 2.67
8034 2.74
8035 1.72
8036 2.32
8037 4.52
8038 5.03
8039 3.13
8040 50.00
8041 0.07
8042 6.58
8043 0.00
8044 0.00
8045 0.00
8046 0.36
8047 0.79
8048 1.28
8049 1.75
8050 1.80
8051 1.44
8052 1.59
8053 1.49
8054 1.77
8055 2.11
8056 2.54
8057 2.72
8058 2.16
8059 1.78
8060 1.87
8061 4.74
8062 4.07
8063 23.23
8064 2.62
8065 0.04
8066 0.00
8067 0.00
8068 0.00
8069 1.04
8070 0.15
8071 0.56
8072 1.13
8073 1.36
8074 1.41
8075 1.47
8076 1.41
8077 1.27
8078 1.45
8079 1.76
8080 2.15
8081 2.80
8082 2.44
8083 1.99
8084 2.87
8085 4.54
8086 0.74
8087 59.02
8088 9.60
8089 0.08
8090 0.00
8091 8.70
8092 0.00
8093 0.00
8094 0.34
8095 0.61
8096 0.78
8097 1.30
8098 1.14
8099 1.00
8100 0.99
8101 0.93
8102 0.99
8103 1.29
8104 1.46
8105 2.42
8106 2.59
8107 4.56
8108 41.38
8109 0.00
8110 0.00
8111 0.00
8112 0.00
8113 0.04
8114 0.00
8115 0.00
8116 0.00
8117 0.00
8118 0.00
8119 0.51
8120 0.66
8121 1.27
8122 1.92
8123 3.03
8124 2.49
8125 2.28
8126 2.84
8127 3.14
8128 2.55
8129 3.37
8130 2.50
8131 2.28
8132 2.19
8133 4.40
8134 0.00
8135 17.91
8136 0.00
8137 0.04
8138 0.00
8139 0.00
8140 0.00
8141 0.00
8142 0.14
8143 0.69
8144 1.45
8145 1.48
8146 1.59
8147 1.60
8148 1.62
8149 1.79
8150 2.06
8151 2.82
8152 2.32
8153 3.05
8154 2.64
8155 1.80
8156 2.04
8157 5.60
8158 0.00
8159 0.00
8160 0.00
8161 0.05
8162 0.00
8163 0.00
8164 0.00
8165 0.00
8166 0.00
8167 0.84
8168 0.71
8169 1.07
8170 1.93
8171 2.60
8172 1.64
8173 1.99
8174 1.81
8175 2.90
8176 2.72
8177 2.39
8178 1.45
8179 1.08
8180 1.53
8181 4.76
8182 2.07
8183 9.28
8184 50.70
8185 0.00
8186 0.00
8187 0.00
8188 0.00
8189 0.00
8190 0.15
8191 0.76
8192 1.11
8193 1.95
8194 1.74
8195 1.68
8196 1.89
8197 1.82
8198 2.24
8199 2.62
8200 2.84
8201 3.36
8202 3.63
8203 1.83
8204 1.97
8205 5.02
8206 5.21
8207 1.06
8208 0.00
8209 0.07
8210 0.00
8211 0.00
8212 0.00
8213 4.57
8214 0.25
8215 0.67
8216 1.20
8217 2.13
8218 1.84
8219 1.46
8220 1.67
8221 1.74
8222 1.95
8223 2.14
8224 2.33
8225 3.57
8226 2.75
8227 1.94
8228 2.02
8229 5.03
8230 36.36
8231 18.05
8232 0.00
8233 0.00
8234 0.00
8235 0.00
8236 0.00
8237 1.00
8238 0.17
8239 0.60
8240 1.15
8241 1.28
8242 1.41
8243 1.32
8244 1.46
8245 1.51
8246 1.61
8247 1.95
8248 2.52
8249 2.62
8250 2.65
8251 2.22
8252 1.86
8253 5.06
8254 3.28
8255 0.00
8256 0.00
8257 2.43
8258 0.00
8259 0.00
8260 1.20
8261 0.00
8262 0.86
8263 0.66
8264 0.67
8265 1.21
8266 1.07
8267 1.04
8268 1.04
8269 0.95
8270 1.19
8271 1.15
8272 1.46
8273 1.77
8274 1.93
8275 4.57
8276 22.93
8277 25.96
8278 0.00
8279 7.50
8280 0.00
8281 0.04
8282 0.00
8283 0.00
8284 0.00
8285 0.00
8286 0.00
8287 1.10
8288 0.53
8289 1.76
8290 2.22
8291 1.74
8292 2.27
8293 1.86
8294 2.50
8295 2.63
8296 3.12
8297 3.07
8298 3.72
8299 2.54
8300 2.52
8301 9.22
8302 0.00
8303 0.00
8304 0.00
8305 0.11
8306 0.00
8307 0.00
8308 0.00
8309 0.00
8310 0.11
8311 0.94
8312 1.26
8313 2.01
8314 1.81
8315 1.64
8316 1.69
8317 1.81
8318 2.16
8319 2.33
8320 2.95
8321 2.97
8322 2.57
8323 2.10
8324 1.87
8325 8.05
8326 3.99
8327 4.49
8328 0.00
8329 0.00
8330 0.00
8331 0.00
8332 0.00
8333 0.00
8334 0.00
8335 0.55
8336 1.01
8337 1.20
8338 2.27
8339 2.21
8340 2.28
8341 2.09
8342 2.54
8343 2.50
8344 1.81
8345 1.74
8346 1.69
8347 1.15
8348 1.36
8349 3.63
8350 1.12
8351 8.58
8352 0.00
8353 0.00
8354 0.00
8355 0.00
8356 50.00
8357 0.00
8358 0.16
8359 1.04
8360 1.20
8361 2.07
8362 1.63
8363 1.48
8364 1.42
8365 1.97
8366 2.12
8367 2.29
8368 2.80
8369 3.39
8370 2.11
8371 2.17
8372 2.24
8373 5.31
8374 8.04
8375 0.00
8376 0.00
8377 0.11
8378 0.00
8379 0.00
8380 0.00
8381 0.00
8382 0.20
8383 0.83
8384 1.04
8385 1.99
8386 1.74
8387 1.43
8388 1.50
8389 1.69
8390 1.85
8391 2.10
8392 2.76
8393 2.90
8394 3.26
8395 2.09
8396 2.15
8397 4.60
8398 1.46
8399 0.00
8400 0.00
8401 0.20
8402 0.00
8403 0.00
8404 0.00
8405 0.75
8406 0.22
8407 0.81
8408 1.15
8409 1.27
8410 1.32
8411 1.51
8412 1.78
8413 1.58
8414 1.77
8415 2.11
8416 2.86
8417 2.84
8418 2.55
8419 2.29
8420 2.12
8421 4.04
8422 37.50
8423 0.00
8424 31.03
8425 0.00
8426 0.00
8427 45.57
8428 3.36
8429 0.00
8430 0.18
8431 1.04
8432 0.79
8433 1.23
8434 1.14
8435 1.16
8436 1.11
8437 1.11
8438 1.16
8439 1.47
8440 1.85
8441 1.86
8442 2.72
8443 6.07
8444 0.42
8445 13.69
8446 0.00
8447 0.00
8448 0.00
8449 0.00
8450 0.00
8451 0.00
8452 0.00
8453 0.00
8454 0.00
8455 0.54
8456 0.52
8457 1.73
8458 2.77
8459 2.06
8460 2.28
8461 2.56
8462 2.38
8463 2.81
8464 2.49
8465 2.70
8466 2.73
8467 2.38
8468 3.27
8469 5.81
8470 6.81
8471 0.00
8472 0.00
8473 0.00
8474 0.00
8475 0.00
8476 0.00
8477 0.00
8478 0.16
8479 0.73
8480 0.89
8481 1.45
8482 1.47
8483 1.49
8484 1.42
8485 1.67
8486 2.02
8487 2.56
8488 2.98
8489 3.35
8490 2.75
8491 1.97
8492 2.75
8493 4.79
8494 21.82
8495 0.00
8496 0.00
8497 0.00
8498 0.00
8499 0.00
8500 0.00
8501 0.00
8502 46.15
8503 0.70
8504 0.52
8505 0.96
8506 3.28
8507 2.73
8508 2.54
8509 2.85
8510 2.54
8511 3.27
8512 3.92
8513 3.90
8514 1.45
8515 1.25
8516 1.75
8517 4.27
8518 1.18
8519 0.00
8520 1.83
8521 0.10
8522 0.00
8523 0.00
8524 0.00
8525 8.49
8526 0.35
8527 0.93
8528 1.04
8529 1.57
8530 1.63
8531 1.46
8532 1.56
8533 1.63
8534 2.08
8535 3.06
8536 3.18
8537 3.31
8538 2.35
8539 2.33
8540 3.83
8541 6.16
8542 45.00
8543 0.00
8544 8.74
8545 0.00
8546 0.00
8547 0.00
8548 0.00
8549 1.97
8550 0.17
8551 0.65
8552 0.88
8553 1.46
8554 1.49
8555 1.52
8556 1.68
8557 1.63
8558 1.79
8559 1.92
8560 2.12
8561 2.56
8562 2.59
8563 1.83
8564 1.94
8565 4.75
8566 0.00
8567 1.39
8568 0.00
8569 0.24
8570 0.00
8571 6.47
8572 0.46
8573 0.21
8574 0.30
8575 0.45
8576 0.82
8577 1.34
8578 1.45
8579 1.45
8580 1.53
8581 1.63
8582 1.84
8583 2.15
8584 2.86
8585 3.44
8586 2.23
8587 1.95
8588 4.07
8589 8.91
8590 0.00
8591 11.92
8592 0.00
8593 0.09
8594 0.00
8595 0.00
8596 0.00
8597 0.00
8598 0.00
8599 0.09
8600 0.24
8601 2.06
8602 1.14
8603 3.16
8604 1.78
8605 1.66
8606 0.93
8607 1.61
8608 1.95
8609 4.26
8610 4.13
8611 5.22
8612 0.00
8613 29.03
8614 0.00
8615 0.00
8616 0.00
8617 0.00
8618 0.00
8619 0.00
8620 0.00
8621 0.00
8622 0.00
8623 0.39
8624 0.22
8625 0.55
8626 0.99
8627 0.68
8628 1.19
8629 0.93
8630 0.67
8631 0.80
8632 0.76
8633 1.28
8634 1.77
8635 1.76
8636 2.92
8637 6.55
8638 18.95
8639 0.00
8640 0.00
8641 0.00
8642 3.72
8643 0.00
8644 0.00
8645 0.00
8646 0.20
8647 0.56
8648 0.35
8649 0.78
8650 1.86
8651 1.50
8652 1.60
8653 1.56
8654 1.54
8655 2.11
8656 2.08
8657 2.21
8658 2.33
8659 2.68
8660 3.79
8661 8.10
8662 0.00
8663 0.00
8664 0.00
8665 0.11
8666 0.00
8667 0.00
8668 0.00
8669 0.00
8670 0.00
8671 0.95
8672 0.54
8673 1.58
8674 3.29
8675 2.16
8676 2.15
8677 1.81
8678 2.25
8679 2.49
8680 2.24
8681 2.89
8682 3.39
8683 2.67
8684 3.27
8685 10.75
8686 0.00
8687 0.00
8688 0.00
8689 0.07
8690 0.00
8691 0.00
8692 0.00
8693 0.00
8694 0.22
8695 0.75
8696 0.77
8697 1.33
8698 1.53
8699 1.60
8700 1.34
8701 1.39
8702 1.97
8703 2.23
8704 2.61
8705 3.66
8706 3.17
8707 3.76
8708 2.92
8709 9.59
8710 14.37
8711 9.35
8712 0.00
8713 0.25
8714 0.00
8715 0.00
8716 0.00
8717 0.00
8718 0.19
8719 0.72
8720 0.80
8721 1.82
8722 1.79
8723 1.35
8724 1.43
8725 1.62
8726 1.54
8727 2.03
8728 2.68
8729 2.64
8730 2.49
8731 2.17
8732 3.29
8733 11.59
8734 25.26
8735 17.48
8736 0.00
8737 0.18
8738 0.00
8739 0.00
8740 0.53
8741 0.09
8742 0.29
8743 0.82
8744 0.69
8745 1.72
8746 1.70
8747 1.57
8748 1.72
8749 1.85
8750 2.19
8751 2.51
8752 2.24
8753 2.97
8754 2.11
8755 1.66
8756 2.62
8757 2.12
8758 0.00
8759 32.73
8760 1.29
